129.4861,238.651,4:24:16:890426,0
129.4861,238.651,4:24:16:894404,0
129.4861,238.651,4:24:16:898407,0
129.4861,238.651,4:24:16:902850,0
129.4861,239.4381,4:24:16:905868,0
129.4861,240.0794,4:24:16:910866,0
128.7483,240.8956,4:24:16:914867,0
127.7645,241.8575,4:24:16:918094,0
126.4611,243.0235,4:24:16:922512,0
124.6165,244.5977,4:24:16:926087,0
122.5015,246.4632,4:24:16:930930,0
120.0667,248.2122,4:24:16:934101,0
117.2876,250.0195,4:24:16:937966,0
114.3118,252.1475,4:24:16:941972,0
111.2375,254.392,4:24:16:945951,0
108.0403,256.8406,4:24:16:950357,0
104.7448,259.2601,4:24:16:954507,0
101.2771,261.5921,4:24:16:958118,0
97.80934,263.7784,4:24:16:962213,0
94.21866,266.0812,4:24:16:966351,0
90.94769,268.3841,4:24:16:970382,0
87.62753,270.3371,4:24:16:974242,0
84.209,272.2027,4:24:16:978228,0
80.93803,273.9225,4:24:16:982501,0
77.79003,275.4966,4:24:16:986588,0
74.88797,276.8084,4:24:16:990609,0
72.08428,277.9161,4:24:16:994610,0
69.77247,278.7906,4:24:16:998610,0
67.60822,279.3445,4:24:17:002610,0
65.88666,279.636,4:24:17:006598,0
64.63238,279.636,4:24:17:010633,0
63.7716,279.636,4:24:17:014960,0
63.30431,278.6448,4:24:17:018089,0
63.18134,277.887,4:24:17:021992,0
63.18134,277.0125,4:24:17:026064,0
64.09132,275.8464,4:24:17:030071,0
65.07507,274.593,4:24:17:035260,0
66.30475,273.1938,4:24:17:038350,0
67.73119,271.678,4:24:17:042144,0
69.30519,270.0747,4:24:17:046179,0
71.10053,268.2675,4:24:17:051162,0
73.06803,266.1978,4:24:17:054164,0
75.1339,263.895,4:24:17:058898,0
77.32275,261.5338,4:24:17:062293,0
79.58537,258.9686,4:24:17:066299,0
81.92178,256.2577,4:24:17:070293,0
84.33197,253.4884,4:24:17:074299,0
86.81594,250.5734,4:24:17:079157,0
89.22613,247.6875,4:24:17:082180,0
91.63631,244.9183,4:24:17:086176,0
94.0465,242.2074,4:24:17:090193,0
96.35831,239.5838,4:24:17:094220,0
98.69472,237.0478,4:24:17:098229,0
100.8836,234.6866,4:24:17:102620,0
103.097,232.5004,4:24:17:106566,0
105.1629,230.4308,4:24:17:110504,0
106.9582,228.5069,4:24:17:113527,0
108.6798,226.7287,4:24:17:117527,0
110.2538,225.0963,4:24:17:122671,0
111.5818,223.6971,4:24:17:126673,0
112.6886,222.5311,4:24:17:130672,0
113.7215,221.6274,4:24:17:134673,0
114.4347,220.957,4:24:17:138876,0
115.025,220.6072,4:24:17:141995,0
115.5168,220.578,4:24:17:145896,0
115.8612,220.578,4:24:17:149895,0
116.0333,221.6274,4:24:17:153895,0
116.0825,222.6477,4:24:17:157900,0
116.0825,224.0177,4:24:17:161895,0
116.0825,225.7376,4:24:17:165836,0
115.4922,227.7198,4:24:17:169625,0
115.4922,230.0518,4:24:17:173648,0
114.4593,232.617,4:24:17:177644,0
113.8937,235.3571,4:24:17:181643,0
113.205,238.3304,4:24:17:186644,0
112.4918,241.4203,4:24:17:189649,0
111.754,244.5977,4:24:17:193648,0
110.9916,247.8042,4:24:17:197644,0
110.303,251.0107,4:24:17:201648,0
109.6143,254.1006,4:24:17:206643,0
108.9257,257.0739,4:24:17:210644,0
108.3109,259.8139,4:24:17:214658,0
107.819,262.2625,4:24:17:218408,0
107.4009,264.3905,4:24:17:222411,0
107.155,266.1978,4:24:17:226413,0
107.0074,267.6844,4:24:17:230431,0
107.0074,268.8213,4:24:17:234431,0
107.0074,269.55,4:24:17:238430,0
107.0074,270.0164,4:24:17:242431,0
107.8682,270.1622,4:24:17:246410,0
108.4584,270.1622,4:24:17:250410,0
109.1963,270.1622,4:24:17:254410,0
109.9587,268.7339,4:24:17:258427,0
110.8932,267.7136,4:24:17:262427,0
111.9753,266.4019,4:24:17:266427,0
113.0821,264.9443,4:24:17:270427,0
114.3118,263.1079,4:24:17:274667,0
115.566,261.184,4:24:17:278215,0
116.7957,258.9977,4:24:17:282288,0
118.0992,256.6366,4:24:17:286197,0
119.4027,254.1297,4:24:17:290201,0
120.6569,251.5354,4:24:17:294506,0
121.8374,248.8244,4:24:17:298362,0
122.895,246.0551,4:24:17:302696,0
123.8049,243.2859,4:24:17:306225,0
124.6165,240.4001,4:24:17:310224,0
125.2806,237.5725,4:24:17:314230,0
125.7478,234.8324,4:24:17:318242,0
126.0922,232.0923,4:24:17:322346,0
126.2397,229.4688,4:24:17:326311,0
126.2397,226.9036,4:24:17:330832,0
126.2397,224.5424,4:24:17:334567,0
125.5757,222.327,4:24:17:338576,0
125.01,220.374,4:24:17:342573,0
124.2722,218.5376,4:24:17:346567,0
123.3868,216.9052,4:24:17:350924,0
122.4031,215.506,4:24:17:354455,0
121.2472,214.2816,4:24:17:358457,0
119.9191,213.2905,4:24:17:362451,0
118.5173,212.3577,4:24:17:366454,0
117.0908,211.629,4:24:17:370504,0
115.4922,210.9585,4:24:17:374231,0
113.8199,210.4047,4:24:17:378134,0
112.0983,209.88,4:24:17:382130,0
110.303,209.4719,4:24:17:386198,0
108.5568,209.0638,4:24:17:390871,0
106.8353,208.7431,4:24:17:394887,0
105.1875,208.3351,4:24:17:398889,0
103.5643,207.9561,4:24:17:402892,0
102.1624,207.548,4:24:17:406887,0
100.9082,207.1399,4:24:17:410654,0
99.85062,206.7027,4:24:17:414671,0
99.01443,206.1488,4:24:17:418675,0
98.32581,205.595,4:24:17:421708,0
97.90772,204.9536,4:24:17:426674,0
97.71097,204.3415,4:24:17:430703,0
97.71097,203.6711,4:24:17:434327,0
97.71097,202.9131,4:24:17:438262,0
98.59634,202.1844,4:24:17:442357,0
99.30956,201.4556,4:24:17:446382,0
100.2195,200.7269,4:24:17:450255,0
101.3508,200.0856,4:24:17:454520,0
102.5559,199.4443,4:24:17:458594,0
103.9086,198.9487,4:24:17:462420,0
105.2858,198.5698,4:24:17:466510,0
106.6631,198.3366,4:24:17:470588,0
107.9912,198.3074,4:24:17:474248,0
109.1471,198.3074,4:24:17:478172,0
110.1554,198.3074,4:24:17:482173,0
110.967,198.3074,4:24:17:486245,1825
111.5573,198.3074,4:24:17:490504,1814
111.9999,199.0362,4:24:17:494644,1804
112.2459,199.0362,4:24:17:498664,1789
112.3688,199.7066,4:24:17:502667,1772
112.3688,200.2314,4:24:17:506660,1771
112.5656,200.9892,4:24:17:509666,1778
112.8115,202.0678,4:24:17:514287,1829
113.1312,203.4087,4:24:17:518571,1899
113.5247,205.0703,4:24:17:522560,1976
114.0658,207.0816,4:24:17:526556,2079
114.6315,209.4427,4:24:17:530563,2155
115.2709,212.2411,4:24:17:534562,2221
115.9841,215.506,4:24:17:538569,2277
116.6728,219.1497,4:24:17:542429,2308
117.3614,223.1432,4:24:17:546431,2330
118.05,227.37,4:24:17:550431,2341
118.8124,231.8882,4:24:17:554426,2354
119.5256,236.7271,4:24:17:558494,2378
120.2634,241.8575,4:24:17:561860,2402
121.0258,247.2794,4:24:17:565871,2430
121.7637,252.7888,4:24:17:569862,2459
122.5752,258.2982,4:24:17:573891,2468
123.3377,263.895,4:24:17:578452,2474
124.0509,269.5209,4:24:17:582795,2493
124.7641,275.176,4:24:17:586795,2505
125.4527,280.9185,4:24:17:589795,2517
126.1168,286.6028,4:24:17:594795,2530
126.7316,291.9955,4:24:17:598271,2532
127.371,297.2134,4:24:17:602218,2534
127.9613,302.2855,4:24:17:606219,2503
128.5515,307.1244,4:24:17:610214,2410
129.1664,311.7592,4:24:17:614199,2226
129.8058,316.1609,4:24:17:618347,1899
130.4944,320.1253,4:24:17:622295,1398
131.2323,323.6524,4:24:17:626293,857
132.0438,326.8007,4:24:17:630378,406
132.9538,329.5407,4:24:17:635295,0
133.9868,331.727,4:24:17:638356,0
135.0689,333.3885,4:24:17:642372,0
136.3232,334.3796,4:24:17:646864,0
137.725,334.7295,4:24:17:649959,0
139.2006,334.7295,4:24:17:653890,0
140.7746,333.2137,4:24:17:657882,0
142.5454,331.3772,4:24:17:661938,0
144.5129,328.8994,4:24:17:666501,0
146.7017,325.8095,4:24:17:670606,0
149.0627,322.1949,4:24:17:674938,0
151.6451,318.1722,4:24:17:677972,0
154.4242,313.7706,4:24:17:682002,0
157.5722,309.1066,4:24:17:685998,0
161.0645,303.9471,4:24:17:689966,0
164.8519,298.5834,4:24:17:694407,0
168.7869,292.9575,4:24:17:698426,0
172.8695,287.1858,4:24:17:702426,0
177.1242,281.2975,4:24:17:706426,0
181.5019,275.2926,4:24:17:710502,0
186.0517,269.0836,4:24:17:714479,0
190.7491,262.8164,4:24:17:718554,0
195.4957,256.7532,4:24:17:722616,0
200.2669,250.9523,4:24:17:726641,0
205.1365,245.2681,4:24:17:730639,0
210.0798,239.9919,4:24:17:733640,0
214.9986,234.9781,4:24:17:737632,0
219.7206,230.4308,4:24:17:741633,0
224.4426,226.2332,4:24:17:746199,0
228.8203,222.5311,4:24:17:750536,0
232.8782,219.2955,4:24:17:754559,0
236.4935,216.4388,4:24:17:758556,0
239.7399,214.0776,4:24:17:762563,0
242.519,212.0954,4:24:17:766559,0
244.8308,210.6379,4:24:17:770826,0
246.7737,209.5593,4:24:17:774843,0
248.2493,209.0929,4:24:17:778845,0
249.3314,209.0055,4:24:17:781845,0
250.0201,209.0055,4:24:17:785845,0
250.5857,209.7343,4:24:17:790595,0
250.9054,209.7343,4:24:17:794827,0
251.0776,210.5504,4:24:17:797994,3322
251.176,210.5504,4:24:17:801922,3302
251.176,211.25,4:24:17:805957,3253
251.176,211.25,4:24:17:809904,3200
251.176,212.0079,4:24:17:814597,3146
251.176,212.4743,4:24:17:818498,3123
251.176,213.4363,4:24:17:822595,3126
251.176,214.8938,4:24:17:826613,3130
251.176,216.876,4:24:17:830614,3140
251.8892,219.2955,4:24:17:834615,3139
251.8892,222.0938,4:24:17:837613,3139
252.4057,225.2712,4:24:17:842613,3138
252.4057,228.7401,4:24:17:846278,3132
252.8729,232.3255,4:24:17:850275,3130
252.8729,236.1441,4:24:17:854505,3130
253.3156,240.0502,4:24:17:858494,3147
253.3156,244.1313,4:24:17:862493,3163
253.7829,248.4454,4:24:17:866503,3176
254.078,253.022,4:24:17:870606,3190
254.3978,257.7443,4:24:17:874526,3193
254.7421,262.5249,4:24:17:878529,3199
255.0864,267.3638,4:24:17:882532,3205
255.4307,272.1444,4:24:17:886526,3209
255.775,276.8084,4:24:17:890220,3224
256.0947,281.3849,4:24:17:894187,3236
256.3898,285.67,4:24:17:898205,3247
256.685,289.6635,4:24:17:902212,3259
256.9555,293.3947,4:24:17:906786,3255
257.1768,296.8344,4:24:17:909808,3253
257.4474,300.041,4:24:17:913803,3251
257.7179,302.8685,4:24:17:918804,3246
257.9884,305.4045,4:24:17:921802,3152
258.2344,307.445,4:24:17:927373,2981
258.4803,308.99,4:24:17:930375,2718
258.7509,310.1269,4:24:17:934371,2334
259.0214,310.8847,4:24:17:938375,1868
259.3411,311.1762,4:24:17:943146,1273
259.6116,311.1762,4:24:17:946164,724
259.8576,310.4183,4:24:17:950163,299
260.1527,309.4272,4:24:17:954163,0
260.4232,308.0572,4:24:17:958163,0
260.743,306.3373,4:24:17:962275,0
261.0627,304.1511,4:24:17:966274,0
261.3578,301.6442,4:24:17:969597,0
261.6775,298.9624,4:24:17:974617,0
262.0218,296.0182,4:24:17:978614,0
262.3661,292.9575,4:24:17:982616,0
262.6859,289.7802,4:24:17:986493,0
262.9564,286.5154,4:24:17:990582,0
263.1777,283.2505,4:24:17:994603,0
263.3007,280.0732,4:24:17:998604,0
263.3745,276.8958,4:24:18:002604,0
263.3745,273.7768,4:24:18:006605,0
263.3745,270.8618,4:24:18:010480,0
262.5383,268.0926,4:24:18:014948,0
261.8988,265.5565,4:24:18:018027,0
261.1856,263.1662,4:24:18:021973,0
260.1773,260.9799,4:24:18:025967,0
259.0214,258.9103,4:24:18:030114,2432
257.6441,257.0155,4:24:18:034592,2438
256.0947,255.2666,4:24:18:037944,2445
254.2994,253.7507,4:24:18:041858,2451
252.3073,252.4099,4:24:18:045860,2455
250.1184,251.1855,4:24:18:050846,2456
247.5607,250.2819,4:24:18:054278,2460
244.88,249.5823,4:24:18:058352,2468
241.9287,249.2325,4:24:18:061832,2500
238.7069,249.2034,4:24:18:065899,2549
235.2146,249.2034,4:24:18:069864,2612
231.4764,249.9321,4:24:18:073827,2684
227.443,250.6317,4:24:18:078550,2737
223.1391,251.6519,4:24:18:082488,2769
218.6876,252.9346,4:24:18:085944,2785
213.9902,254.5961,4:24:18:089942,2785
209.0961,256.5783,4:24:18:094122,2788
204.1527,258.9103,4:24:18:098041,2794
198.988,261.563,4:24:18:102052,2789
193.7988,264.4488,4:24:18:106583,2792
188.7324,267.597,4:24:18:110056,2787
183.9121,271.0075,4:24:18:114094,2783
179.1901,274.4181,4:24:18:118069,2790
174.8124,277.7704,4:24:18:122143,2798
170.902,281.0352,4:24:18:126585,2812
167.508,284.0085,4:24:18:129621,2823
164.8273,286.7777,4:24:18:134604,2823
162.8106,289.2263,4:24:18:137603,2816
161.4334,291.4125,4:24:18:141621,2799
160.671,293.249,4:24:18:146100,2783
160.5726,294.7648,4:24:18:150123,2776
160.5726,295.96,4:24:18:154136,2763
161.999,296.8344,4:24:18:158170,2755
163.3763,297.4466,4:24:18:162759,2739
165.0733,297.709,4:24:18:166779,2701
166.967,297.709,4:24:18:170779,2657
169.0574,297.709,4:24:18:173775,2595
171.2463,296.5429,4:24:18:177838,2529
173.4351,295.5518,4:24:18:182050,2456
175.501,294.3275,4:24:18:186817,2354
177.3455,292.9283,4:24:18:190207,2233
178.8457,291.3542,4:24:18:194201,2085
180.0017,289.6927,4:24:18:198187,1913
180.6411,287.9728,4:24:18:202188,1751
180.6411,286.2821,4:24:18:206433,1607
180.6411,284.708,4:24:18:209724,1472
179.5836,283.1048,4:24:18:213723,1372
178.2063,281.5598,4:24:18:217741,1265
176.4356,280.044,4:24:18:221728,1164
174.2713,278.5574,4:24:18:226515,1054
171.7873,277.0707,4:24:18:230762,879
169.0328,275.5841,4:24:18:233766,613
166.057,274.1558,4:24:18:238766,356
162.9828,272.6982,4:24:18:242135,140
159.6626,271.2699,4:24:18:246172,0
156.2687,269.8124,4:24:18:250193,0
152.8502,268.3841,4:24:18:254172,0
149.407,266.9265,4:24:18:258197,0
146.0131,265.5565,4:24:18:262572,0
142.6438,264.1573,4:24:18:266319,0
139.3236,262.7581,4:24:18:271198,0
136.1756,261.3881,4:24:18:274217,0
133.1752,260.018,4:24:18:278234,0
130.3961,258.7062,4:24:18:282273,0
127.7399,257.4236,4:24:18:286217,0
125.3052,256.1702,4:24:18:290223,0
123.2147,254.8876,4:24:18:294497,0
121.4193,253.5759,4:24:18:298517,0
120.0667,252.1475,4:24:18:302510,0
119.0338,250.7775,4:24:18:306517,0
118.4681,249.3199,4:24:18:310516,0
118.2959,247.6584,4:24:18:313515,0
118.2959,245.8219,4:24:18:317525,0
119.1813,243.9855,4:24:18:321546,0
120.1159,242.0616,4:24:18:326541,0
121.3948,240.0794,4:24:18:330542,0
122.8704,238.0972,4:24:18:334911,0
124.5919,235.9693,4:24:18:337979,0
126.4365,233.9579,4:24:18:342926,0
128.3056,231.9174,4:24:18:345925,0
130.2977,229.8477,4:24:18:350927,0
132.216,227.7198,4:24:18:355539,0
134.1097,225.6793,4:24:18:358543,0
135.8067,223.6971,4:24:18:362543,0
137.3315,221.8315,4:24:18:366550,0
138.5858,219.8784,4:24:18:370539,0
139.5695,217.8671,4:24:18:374567,0
140.2582,215.914,4:24:18:378591,0
140.6517,214.0193,4:24:18:382663,0
140.6517,212.1828,4:24:18:386660,0
140.6517,210.2589,4:24:18:390660,0
139.7909,208.3351,4:24:18:394661,0
138.9793,206.2946,4:24:18:398661,0
137.9464,204.429,4:24:18:402098,0
136.7904,202.3302,4:24:18:406383,0
135.364,199.8232,4:24:18:410415,0
133.7408,196.8499,4:24:18:414401,3296
132.0193,193.556,4:24:18:418412,3304
130.2731,190.0289,4:24:18:422406,3303
128.5761,186.2977,4:24:18:426449,3277
127.0267,182.479,4:24:18:430620,3244
125.5757,178.4563,4:24:18:434621,3192
124.4198,174.6085,4:24:18:437631,3147
123.6574,170.9648,4:24:18:441626,3125
123.3377,167.6708,4:24:18:446631,3099
123.3377,164.5226,4:24:18:450475,3074
124.1738,161.3744,4:24:18:454667,3052
125.2806,158.2845,4:24:18:458668,3029
126.8546,155.1363,4:24:18:461669,3018
128.9942,152.0464,4:24:18:466410,3015
131.5766,149.0731,4:24:18:469714,3006
134.7,146.129,4:24:18:473734,3004
138.3398,143.3597,4:24:18:478689,3000
142.4716,140.7654,4:24:18:481688,3000
147.046,138.3459,4:24:18:487686,3000
151.9156,136.2471,4:24:18:489440,2996
157.0311,134.4689,4:24:18:494454,2992
162.5155,132.8949,4:24:18:498696,2986
168.1967,131.5831,4:24:18:502058,2983
173.9762,130.592,4:24:18:506093,2982
179.7065,129.9507,4:24:18:510046,2979
185.2647,129.6884,4:24:18:514095,2976
190.6508,129.6884,4:24:18:518500,2973
195.9138,129.6884,4:24:18:522587,2971
200.9801,131.3499,4:24:18:525709,2970
205.6283,132.8074,4:24:18:530710,2973
209.9077,134.6438,4:24:18:534709,2986
213.7689,137.0341,4:24:18:538710,3002
217.2612,139.9783,4:24:18:543256,3015
220.4092,143.418,4:24:18:546273,3027
223.3604,147.2075,4:24:18:550277,3024
225.9428,151.3176,4:24:18:554270,2993
228.2546,155.5444,4:24:18:558302,2941
230.3451,159.8586,4:24:18:562692,2860
232.2142,164.202,4:24:18:565833,2756
234.0341,168.2829,4:24:18:570711,2654
235.8541,172.1599,4:24:18:574711,2529
237.6248,175.8328,4:24:18:578711,2362
239.3956,179.3017,4:24:18:583026,2145
241.2155,182.5665,4:24:18:586195,1831
243.0846,185.5981,4:24:18:590098,1419
245.0521,188.3673,4:24:18:594043,910
247.118,190.9034,4:24:18:598043,478
249.1839,193.2645,4:24:18:602284,0
251.2498,195.2467,4:24:18:606775,0
253.3402,196.9374,4:24:18:610775,0
255.4799,198.2491,4:24:18:613841,0
257.6441,199.2694,4:24:18:617776,0
259.833,200.0273,4:24:18:621778,0
261.8988,200.5811,4:24:18:626490,0
264.0877,200.931,4:24:18:630490,0
266.3011,201.135,4:24:18:634486,0
268.5392,201.1933,4:24:18:638492,0
270.8264,201.1933,4:24:18:642312,0
273.1628,201.1933,4:24:18:646342,0
275.5976,201.1933,4:24:18:650401,0
278.1799,201.1933,4:24:18:654333,0
280.8852,201.1933,4:24:18:658416,0
283.8119,200.4937,4:24:18:662503,0
287.0091,200.4937,4:24:18:666499,0
290.3292,200.4937,4:24:18:670498,0
293.8707,200.4937,4:24:18:674610,0
297.6827,200.4937,4:24:18:678606,0
301.6669,200.4937,4:24:18:682610,0
305.7741,201.3099,4:24:18:686609,0
310.1518,201.3099,4:24:18:690610,0
314.5541,202.5634,4:24:18:694662,0
318.9072,203.3795,4:24:18:698660,0
323.3586,204.2832,4:24:18:702659,0
327.7117,205.3618,4:24:18:706660,0
331.9172,206.6152,4:24:18:710754,0
335.926,208.0727,4:24:18:713790,0
339.6889,209.7634,4:24:18:717774,0
343.2058,211.4832,4:24:18:721791,0
346.3538,213.4072,4:24:18:725881,0
349.2313,215.506,4:24:18:730859,0
351.7644,217.7213,4:24:18:733884,0
353.9532,220.1116,4:24:18:737896,0
355.8716,222.4728,4:24:18:741878,0
357.4456,224.834,4:24:18:745878,0
358.7244,227.1077,4:24:18:750732,0
359.6836,229.4397,4:24:18:755154,0
360.3722,231.655,4:24:18:758173,0
360.8887,233.8121,4:24:18:762233,0
361.1592,235.7943,4:24:18:766339,0
361.2822,237.7474,4:24:18:770295,0
361.2822,239.5838,4:24:18:775174,0
361.2822,241.3037,4:24:18:778488,0
361.2822,243.0235,4:24:18:782595,0
361.2822,244.5685,4:24:18:786612,0
361.2822,246.026,4:24:18:790633,0
361.2822,247.3378,4:24:18:794628,0
361.9708,248.5038,4:24:18:798629,0
362.5119,249.3783,4:24:18:802631,0
363.2251,250.0487,4:24:18:806669,0
364.0121,250.3402,4:24:18:811142,0
364.8975,250.3402,4:24:18:814592,0
365.8566,250.3402,4:24:18:818617,0
366.8404,249.0867,4:24:18:822609,0
367.8979,248.0665,4:24:18:826608,0
368.9063,246.7256,4:24:18:830609,0
369.9392,245.2098,4:24:18:834568,0
370.8737,243.5482,4:24:18:838221,0
371.8329,241.7701,4:24:18:842187,0
372.8412,239.9919,4:24:18:846183,0
373.8988,238.2138,4:24:18:850295,0
374.9563,236.4357,4:24:18:854788,0
376.063,234.6866,4:24:18:857863,0
377.1943,233.0542,4:24:18:861825,0
378.3748,231.6259,4:24:18:865940,0
379.5554,230.1976,4:24:18:869808,0
380.5883,228.7984,4:24:18:874457,0
381.4983,227.3992,4:24:18:878473,2884
382.2361,225.9417,4:24:18:882474,2880
382.8755,224.6299,4:24:18:886477,2877
383.3428,223.4639,4:24:18:890480,2872
383.6379,222.4436,4:24:18:894172,2859
383.8347,221.4817,4:24:18:898154,2842
383.8347,220.6947,4:24:18:902152,2825
383.8347,220.1991,4:24:18:906158,2814
383.8347,220.17,4:24:18:910357,2813
383.8347,220.17,4:24:18:915181,2820
383.8347,221.3651,4:24:18:918321,2821
383.8347,222.4436,4:24:18:922362,2822
383.8593,223.872,4:24:18:926273,2824
383.8593,225.6793,4:24:18:930241,2822
383.8593,227.9821,4:24:18:934343,2828
383.8593,230.6931,4:24:18:938372,2834
383.8593,233.7538,4:24:18:942364,2836
383.8593,237.1353,4:24:18:946358,2843
383.8593,240.8373,4:24:18:950362,2858
383.8593,244.9766,4:24:18:954684,2872
383.8593,249.4657,4:24:18:957704,2889
383.8593,254.188,4:24:18:961700,2902
383.8593,259.0852,4:24:18:965770,2905
383.8593,263.9824,4:24:18:969735,2905
383.8593,268.8504,4:24:18:974276,2907
383.269,273.6602,4:24:18:978275,2913
383.269,278.2659,4:24:18:981637,2928
383.269,282.5509,4:24:18:986586,2937
383.269,286.3987,4:24:18:990587,2944
383.269,289.8384,4:24:18:994588,2949
383.269,292.9283,4:24:18:999513,2940
383.269,295.581,4:24:19:001506,2937
383.269,297.7964,4:24:19:006507,2935
383.269,299.5746,4:24:19:010202,2931
383.8593,300.9446,4:24:19:014528,2938
383.8593,301.9066,4:24:19:018037,2948
383.8593,302.577,4:24:19:022228,2962
384.4003,302.9268,4:24:19:026178,2982
384.4003,302.9851,4:24:19:030195,2997
384.4003,302.9851,4:24:19:034158,3009
384.4003,302.2272,4:24:19:038403,3010
383.6133,301.411,4:24:19:042173,3005
383.0477,300.3325,4:24:19:046107,3004
382.3344,298.9624,4:24:19:050196,3003
381.4737,297.3592,4:24:19:054025,3007
380.3915,295.5227,4:24:19:058050,3012
379.211,293.5405,4:24:19:062516,3015
377.8338,291.4417,4:24:19:066570,3011
376.309,289.2846,4:24:19:069590,3005
374.612,287.1858,4:24:19:074472,3002
372.8412,285.1161,4:24:19:078455,2995
370.9475,283.1923,4:24:19:082463,2999
368.98,281.2975,4:24:19:086459,3007
366.9142,279.5485,4:24:19:090492,3009
364.7253,277.9161,4:24:19:094231,3012
362.4135,276.5169,4:24:19:098293,3010
359.9787,275.2635,4:24:19:102230,3008
357.3472,274.2723,4:24:19:106351,3006
354.5681,273.4853,4:24:19:110472,3004
351.666,272.9606,4:24:19:114490,3001
348.518,272.6691,4:24:19:118487,2998
345.1979,272.6691,4:24:19:122487,3003
341.8777,272.6691,4:24:19:126492,3003
338.5084,273.7768,4:24:19:131114,3006
335.2128,274.8262,4:24:19:134184,3007
331.9664,276.1379,4:24:19:138196,2998
328.843,277.7704,4:24:19:142140,2996
325.9164,279.7526,4:24:19:146136,2996
323.2357,282.0262,4:24:19:150697,3008
320.8009,284.5915,4:24:19:154718,3021
318.5628,287.5064,4:24:19:158718,3029
316.5461,290.7421,4:24:19:161820,3036
314.8738,294.1818,4:24:19:165715,3032
313.4228,297.7964,4:24:19:170212,3031
312.2177,301.5859,4:24:19:174222,3032
311.2831,305.4045,4:24:19:178200,2996
310.5699,309.2232,4:24:19:182227,2904
310.0288,312.9544,4:24:19:186830,2725
309.6845,316.4524,4:24:19:190846,2427
309.5615,319.7755,4:24:19:194848,1956
309.5615,322.7488,4:24:19:197848,1290
309.5615,325.4597,4:24:19:202847,711
309.5615,327.7917,4:24:19:206357,0
310.6436,329.7448,4:24:19:209737,0
311.2339,331.2606,4:24:19:213739,0
311.9717,332.2809,4:24:19:217738,0
312.7095,332.6306,4:24:19:221743,0
313.4965,332.6306,4:24:19:226494,0
314.2835,331.8727,4:24:19:230612,0
314.9968,330.561,4:24:19:234608,0
315.6854,328.8412,4:24:19:238609,0
316.3002,326.4508,4:24:19:242611,0
316.8659,323.6524,4:24:19:245609,0
317.4561,320.5042,4:24:19:249609,0
318.0464,317.0645,4:24:19:254057,0
318.5628,313.2459,4:24:19:259008,0
319.0547,309.1066,4:24:19:262045,0
319.522,304.6466,4:24:19:266110,0
319.9647,299.8077,4:24:19:270028,0
320.3336,294.7648,4:24:19:275029,0
320.6533,289.5469,4:24:19:278440,0
320.8009,284.0085,4:24:19:282887,0
320.9239,278.295,4:24:19:285938,0
320.9484,272.3484,4:24:19:289911,0
320.9484,266.0521,4:24:19:293905,0
320.9484,259.7556,4:24:19:297913,0
320.0876,253.4301,4:24:19:302025,0
320.0876,247.1628,4:24:19:306424,0
318.9809,240.6041,4:24:19:310478,0
318.3169,234.2785,4:24:19:314433,0
317.4561,227.6906,4:24:19:318438,0
316.5461,221.2485,4:24:19:322866,0
315.6116,215.2144,4:24:19:325916,0
314.7016,208.9472,4:24:19:329890,0
313.7671,203.1172,4:24:19:334887,0
312.8079,197.2872,4:24:19:338887,0
311.8734,191.7487,4:24:19:343003,0
310.9388,186.2393,4:24:19:346988,0
310.0288,181.313,4:24:19:350025,0
309.1434,176.7073,4:24:19:354007,0
308.3318,172.3931,4:24:19:358085,0
307.5694,168.5453,4:24:19:362079,0
306.93,164.989,4:24:19:366479,0
306.3152,161.7825,4:24:19:370590,0
305.7987,159.0424,4:24:19:374612,0
305.4052,156.623,4:24:19:378611,0
305.2576,154.4659,4:24:19:382611,0
305.2576,152.5128,4:24:19:387002,0
305.2576,150.7346,4:24:19:390021,0
305.2576,149.1314,4:24:19:394151,0
306.4135,147.7614,4:24:19:398107,0
307.2251,146.537,4:24:19:402116,0
308.3073,145.5168,4:24:19:406181,0
309.6599,144.7298,4:24:19:410451,0
311.0863,144.1467,4:24:19:414047,0
312.7341,143.7386,4:24:19:418098,0
314.5541,143.5054,4:24:19:422052,0
316.497,143.418,4:24:19:426035,0
318.4645,143.418,4:24:19:430589,0
320.5549,143.418,4:24:19:434501,0
322.547,144.4674,4:24:19:438591,0
324.5145,145.2545,4:24:19:442608,0
326.2361,146.1581,4:24:19:446627,0
327.8101,147.3824,4:24:19:450629,0
329.1136,148.6942,4:24:19:454626,0
330.1219,149.9184,4:24:19:457646,0
330.8105,151.0553,4:24:19:462298,1854
331.1794,152.1922,4:24:19:466308,1860
331.204,153.2415,4:24:19:470308,1865
331.204,154.2327,4:24:19:474299,1869
330.1957,155.1655,4:24:19:478507,1877
329.3349,155.8651,4:24:19:482527,1874
328.2036,156.6521,4:24:19:486528,1877
326.9247,157.4975,4:24:19:490527,1882
325.4491,158.3428,4:24:19:494527,1878
323.8013,159.1299,4:24:19:498550,1886
321.9814,159.8003,4:24:19:501934,1892
320.0876,160.325,4:24:19:505860,1901
318.0218,160.6456,4:24:19:511862,1918
315.7838,160.8206,4:24:19:513860,1946
313.3982,160.8206,4:24:19:517860,1983
310.8158,160.8206,4:24:19:522347,2037
308.2089,160.8206,4:24:19:526512,2097
305.6019,159.6546,4:24:19:530517,2148
302.9704,158.8675,4:24:19:534509,2183
300.4127,157.9055,4:24:19:538517,2200
297.9779,156.7979,4:24:19:542020,2207
295.7644,155.457,4:24:19:546507,2203
293.7969,153.912,4:24:19:550501,2213
292.1246,152.1047,4:24:19:554504,2229
290.6981,150.1808,4:24:19:558512,2244
289.5914,148.1111,4:24:19:562324,2262
288.829,145.8666,4:24:19:566426,2266
288.3863,143.6221,4:24:19:570338,2258
288.3125,141.3192,4:24:19:574325,2249
288.3125,139.1038,4:24:19:578339,2231
289.3701,137.005,4:24:19:582055,2221
290.5014,135.0228,4:24:19:586027,2216
291.977,133.1864,4:24:19:590160,2214
293.7969,131.5248,4:24:19:594024,2217
295.9612,129.9798,4:24:19:598336,2215
298.4698,128.6098,4:24:19:602349,2212
301.1996,127.4146,4:24:19:606349,2202
304.0525,126.3944,4:24:19:610349,2193
307.0284,125.5199,4:24:19:614349,2192
310.0288,124.8494,4:24:19:618335,2184
313.0047,124.4122,4:24:19:622510,2189
315.8575,124.179,4:24:19:625510,2193
318.5136,124.179,4:24:19:630507,2193
320.9484,124.179,4:24:19:634505,2194
323.1373,125.0244,4:24:19:638333,2194
325.0802,125.8114,4:24:19:642095,2190
326.728,126.8899,4:24:19:646076,2195
328.2036,128.1725,4:24:19:650090,2190
329.4825,129.7758,4:24:19:654118,2190
330.7368,131.554,4:24:19:658072,2197
331.9664,133.6819,4:24:19:662347,2210
333.1223,136.1013,4:24:19:666096,2235
334.3029,138.9289,4:24:19:670099,2256
335.5079,142.0188,4:24:19:675097,2274
336.836,145.371,4:24:19:678096,2277
338.1641,148.9565,4:24:19:682663,2283
339.5659,152.6877,4:24:19:686676,2285
340.9431,156.4772,4:24:19:690677,2294
342.3204,160.1792,4:24:19:694676,2308
343.6977,163.7939,4:24:19:697679,2323
345.1241,167.2044,4:24:19:702272,2331
346.5997,170.3817,4:24:19:706445,2348
348.1245,173.4133,4:24:19:710437,2358
349.6248,176.2992,4:24:19:714437,2361
351.1988,179.0101,4:24:19:718437,2378
352.7482,181.6045,4:24:19:722349,2385
354.3713,184.0822,4:24:19:726464,2391
355.9945,186.3851,4:24:19:730480,2399
357.4948,188.5714,4:24:19:734485,2400
359.0442,190.5535,4:24:19:738497,2396
360.4706,192.4191,4:24:19:742483,2403
361.8724,194.0515,4:24:19:746600,2410
363.1513,195.4799,4:24:19:750620,2413
364.3564,196.7334,4:24:19:754621,2417
365.4139,197.8994,4:24:19:758624,2413
366.3239,198.8904,4:24:19:762620,2408
367.2093,199.7358,4:24:19:766644,2408
367.8979,200.5228,4:24:19:770387,2382
368.4636,201.135,4:24:19:774323,2321
368.9308,201.6888,4:24:19:778306,2215
369.2997,202.2135,4:24:19:782246,2029
369.5949,202.5925,4:24:19:786270,1786
369.7916,202.9131,4:24:19:790614,1480
369.9392,203.1463,4:24:19:794980,1111
370.0376,203.3795,4:24:19:798021,696
370.1359,203.4379,4:24:19:801978,362
370.1851,203.467,4:24:19:805976,0
370.2097,203.467,4:24:19:810077,0
370.2835,203.467,4:24:19:814246,0
370.3081,203.467,4:24:19:818015,0
370.3327,202.5634,4:24:19:822746,0
370.4065,202.5634,4:24:19:826765,0
370.5049,201.2516,4:24:19:829848,0
370.554,200.4937,4:24:19:834591,0
370.677,199.6192,4:24:19:838809,0
370.8,198.7447,4:24:19:841930,0
371.0213,197.841,4:24:19:845930,0
371.3164,196.9957,4:24:19:849947,0
371.6116,196.2378,4:24:19:853929,0
372.0051,195.6548,4:24:19:859088,0
372.3986,195.2175,4:24:19:862515,0
372.9396,194.9261,4:24:19:866498,0
373.5545,194.9261,4:24:19:870311,0
374.2431,194.9261,4:24:19:873963,0
375.0547,194.9261,4:24:19:877945,0
375.9647,194.9261,4:24:19:881956,0
377.0468,194.9261,4:24:19:886157,0
378.3011,195.9754,4:24:19:890497,0
379.8259,195.9754,4:24:19:894623,0
381.4983,197.0248,4:24:19:898188,0
383.5149,197.6953,4:24:19:902164,0
385.8759,198.3949,4:24:19:906282,0
388.4337,199.1819,4:24:19:910346,0
391.262,200.0273,4:24:19:914892,0
394.4592,200.931,4:24:19:917930,0
397.9269,201.8055,4:24:19:921930,0
401.6651,202.8257,4:24:19:926910,0
405.8215,203.8168,4:24:19:930913,0
409.9532,204.8371,4:24:19:934442,0
414.4047,205.9156,4:24:19:938482,0
419.1267,206.965,4:24:19:942465,0
423.9716,208.0727,4:24:19:946459,0
428.8166,209.1512,4:24:19:950788,0
433.76,210.3755,4:24:19:954440,0
438.7525,211.5999,4:24:19:959181,0
443.5483,212.795,4:24:19:962587,0
448.467,213.9319,4:24:19:966136,0
453.0415,215.0687,4:24:19:971138,0
457.3946,216.2639,4:24:19:974134,0
461.5263,217.2549,4:24:19:978134,0
465.3875,218.3918,4:24:19:982200,0
468.9536,219.4412,4:24:19:986029,0
472.2,220.374,4:24:19:990710,0
475.1266,221.336,4:24:19:994731,0
477.7582,222.327,4:24:19:998728,0
480.07,223.2598,4:24:20:002728,0
482.0375,224.2218,4:24:20:005727,0
483.7837,225.2129,4:24:20:009728,0
485.1855,226.1457,4:24:20:015176,0
486.3906,227.0202,4:24:20:018175,0
487.276,227.8656,4:24:20:023176,0
487.94,228.7692,4:24:20:026174,0
488.2597,229.6145,4:24:20:030504,0
488.3827,230.4308,4:24:20:033520,0
488.3827,231.2469,4:24:20:038338,0
488.3827,232.034,4:24:20:042357,0
487.7187,232.8793,4:24:20:046412,0
487.0792,233.7247,4:24:20:050354,0
486.3168,234.6283,4:24:20:054359,0
485.5052,235.5903,4:24:20:058575,0
484.7182,236.5814,4:24:20:061592,0
483.9558,237.6599,4:24:20:065592,0
483.2672,238.7677,4:24:20:070595,0
482.6523,239.9919,4:24:20:074786,0
482.6523,241.2162,4:24:20:078806,0
482.1605,242.4697,4:24:20:081805,0
482.1605,243.7231,4:24:20:085805,0
482.1605,244.9474,4:24:20:089932,0
482.8491,246.0843,4:24:20:094196,0
483.5131,247.1337,4:24:20:098183,0
484.2263,248.0082,4:24:20:102183,0
485.0379,248.6786,4:24:20:106201,0
485.9725,249.1159,4:24:20:110187,0
486.9071,249.4366,4:24:20:114775,0
487.8908,249.4366,4:24:20:117797,0
488.727,249.4366,4:24:20:121798,0
489.4648,249.4366,4:24:20:125882,0
490.0059,248.6203,4:24:20:129923,0
490.4977,248.6203,4:24:20:134554,0
490.8175,247.571,4:24:20:137680,0
490.8175,247.571,4:24:20:141633,0
490.8175,246.4341,4:24:20:146575,0
490.8175,245.9094,4:24:20:150574,0
490.8175,245.3555,4:24:20:153804,0
490.0059,244.7434,4:24:20:158810,0
490.0059,244.0438,4:24:20:162380,2038
489.0467,243.2859,4:24:20:166400,2035
488.4073,242.4114,4:24:20:170398,2041
487.6203,241.5369,4:24:20:174410,2055
486.7595,240.575,4:24:20:178405,2066
485.7266,239.5255,4:24:20:182514,2086
484.4723,238.4762,4:24:20:186509,2104
482.9966,237.4267,4:24:20:190512,2109
481.3489,236.4357,4:24:20:194513,2121
479.3568,235.4154,4:24:20:198684,2130
477.1433,234.4243,4:24:20:202705,2135
474.7332,233.3457,4:24:20:206703,2147
472.077,232.2672,4:24:20:209707,2160
469.2242,231.1304,4:24:20:213701,2189
466.3221,229.9352,4:24:20:218561,2221
463.42,228.6526,4:24:20:222084,2269
460.4934,227.3117,4:24:20:226083,2308
457.6651,225.9417,4:24:20:230082,2337
455.1073,224.4841,4:24:20:234171,2364
452.7955,222.9975,4:24:20:238714,2389
450.828,221.54,4:24:20:241795,2434
449.254,220.0533,4:24:20:245798,2488
448.0244,218.625,4:24:20:250733,2541
447.2127,217.1092,4:24:20:253799,2575
446.893,215.6225,4:24:20:258327,2592
446.893,214.1359,4:24:20:262351,2590
447.68,212.7367,4:24:20:266339,2581
448.8113,211.3667,4:24:20:270339,2574
450.4099,209.9966,4:24:20:274687,2565
452.5496,208.7431,4:24:20:278508,2563
455.1811,207.5771,4:24:20:282504,2563
458.2061,206.586,4:24:20:286504,2562
461.5755,205.7115,4:24:20:290501,2562
465.2154,205.0119,4:24:20:293500,2558
468.9782,204.5164,4:24:20:298322,2555
472.864,204.2249,4:24:20:302336,2550
476.6761,204.1083,4:24:20:306338,2548
480.4143,204.1083,4:24:20:310337,2549
483.9066,204.1083,4:24:20:314552,2548
487.2268,205.3326,4:24:20:318355,2546
490.2518,206.2654,4:24:20:322360,2547
492.9817,207.5188,4:24:20:326359,2540
495.3181,209.0347,4:24:20:330399,2537
497.3348,210.8128,4:24:20:334388,2549
499.1056,212.9991,4:24:20:338407,2554
500.5074,215.5934,4:24:20:342412,2567
501.5649,218.4792,4:24:20:346412,2587
502.3519,221.6566,4:24:20:350711,2597
502.8192,225.1254,4:24:20:354729,2606
502.9914,228.7984,4:24:20:358727,2616
502.9914,232.6461,4:24:20:361741,2622
502.9914,236.698,4:24:20:366957,2632
501.5895,240.6915,4:24:20:370354,2657
500.3352,244.8308,4:24:20:374361,2674
498.6875,249.0867,4:24:20:378351,2693
496.597,253.3718,4:24:20:382381,2704
494.1376,257.686,4:24:20:387492,2706
491.2848,261.971,4:24:20:390523,2711
488.0876,266.227,4:24:20:394546,2709
484.5952,270.3371,4:24:20:398545,2713
480.9062,274.3015,4:24:20:402544,2711
477.0695,277.8578,4:24:20:406542,2709
473.1591,281.1226,4:24:20:410279,2718
469.3225,283.921,4:24:20:414362,2718
465.7072,286.3405,4:24:20:418365,2726
462.3379,288.381,4:24:20:422364,2733
459.3621,289.9842,4:24:20:426361,2732
456.8289,291.1794,4:24:20:430450,2738
454.763,291.9664,4:24:20:434459,2741
453.2136,292.3162,4:24:20:438459,2741
452.0577,292.4037,4:24:20:442449,2730
451.2953,292.4037,4:24:20:446490,2706
450.8772,291.5875,4:24:20:450488,2682
450.705,290.713,4:24:20:453952,2658
450.6805,289.6344,4:24:20:457941,2643
450.6805,288.4684,4:24:20:462067,2637
450.6805,287.1858,4:24:20:466017,2638
451.615,285.8741,4:24:20:470520,2637
452.2053,284.5623,4:24:20:474539,2638
452.8693,283.3088,4:24:20:478538,2636
453.558,282.2303,4:24:20:482538,2632
454.2957,281.3267,4:24:20:486535,2626
455.1565,280.627,4:24:20:490548,2620
456.0911,280.1898,4:24:20:493860,2620
456.9765,280.1898,4:24:20:497860,2621
458.0094,280.1898,4:24:20:501902,2628
459.1161,280.1898,4:24:20:505998,2639
460.3704,280.8894,4:24:20:509858,2651
461.7477,281.8513,4:24:20:514495,2663
463.2479,283.1048,4:24:20:518498,2681
464.8711,284.6206,4:24:20:522044,2704
466.6172,286.6028,4:24:20:527062,2722
468.4864,288.9348,4:24:20:530063,2742
470.3801,291.5583,4:24:20:536058,2756
472.3476,294.5024,4:24:20:538061,2765
474.3889,297.6506,4:24:20:542058,2778
476.4547,301.032,4:24:20:546532,2790
478.5698,304.4426,4:24:20:550550,2798
480.6602,307.9406,4:24:20:554555,2809
482.8245,311.322,4:24:20:558549,2813
485.1117,314.5285,4:24:20:562553,2817
487.4481,317.5018,4:24:20:566475,2823
489.9321,320.2711,4:24:20:569839,2790
492.539,322.6905,4:24:20:573926,2709
495.1952,324.731,4:24:20:577846,2535
497.9742,326.4217,4:24:20:581829,2199
500.9255,327.6751,4:24:20:586459,1656
503.9751,328.4622,4:24:20:589858,1033
507.0985,328.7537,4:24:20:594987,500
510.2957,328.7537,4:24:20:598024,0
513.6159,327.6751,4:24:20:602084,0
516.9852,326.3051,4:24:20:606155,0
520.4037,324.4395,4:24:20:610005,0
523.7977,321.9909,4:24:20:614434,0
527.1179,319.1342,4:24:20:618664,0
530.2905,315.8402,4:24:20:622685,0
533.4138,312.0508,4:24:20:626682,0
536.3651,307.9114,4:24:20:630680,0
539.1442,303.3932,4:24:20:633683,0
541.6774,298.5834,4:24:20:638588,0
543.9891,293.5114,4:24:20:642222,0
546.2026,288.2061,4:24:20:646269,0
548.2931,282.6675,4:24:20:650243,0
550.3098,276.8958,4:24:20:654239,0
552.1297,270.9784,4:24:20:658447,0
553.8513,265.0901,4:24:20:662586,0
555.4498,259.3767,4:24:20:666117,0
556.9009,253.9839,4:24:20:670587,0
558.3519,248.941,4:24:20:674603,0
559.5078,244.5685,4:24:20:678608,0
560.6637,240.6041,4:24:20:682609,0
561.5737,237.1353,4:24:20:686607,0
562.2623,234.2202,4:24:20:690563,3291
562.8034,231.8882,4:24:20:694243,3309
563.1477,230.1101,4:24:20:698169,3325
563.369,228.7692,4:24:20:702159,3337
563.4674,227.7781,4:24:20:706155,3342
563.492,226.8453,4:24:20:710579,3330
563.492,226.4664,4:24:20:713600,3325
563.492,226.4664,4:24:20:717655,3320
563.492,227.3117,4:24:20:722600,3327
562.9017,228.4194,4:24:20:726899,3335
562.9017,230.0226,4:24:20:730857,3339
562.9017,231.9757,4:24:20:733988,3350
562.3115,234.4243,4:24:20:738857,3356
562.3115,237.3393,4:24:20:741877,3361
561.7213,240.7207,4:24:20:746330,3381
561.3524,244.5394,4:24:20:750416,3404
560.9097,248.8244,4:24:20:754416,3423
560.3686,253.3718,4:24:20:758416,3443
559.8029,258.2398,4:24:20:762415,3449
559.2127,263.2245,4:24:20:766622,3449
558.5732,268.3257,4:24:20:770633,3452
557.8846,273.5728,4:24:20:774639,3435
557.1714,278.7323,4:24:20:778636,3347
556.4336,283.7461,4:24:20:781634,3175
555.745,288.5267,4:24:20:786661,2898
555.2039,293.0741,4:24:20:790642,2511
554.6382,297.3592,4:24:20:794485,2022
554.171,301.3235,4:24:20:798502,1422
553.7775,304.909,4:24:20:802502,837
553.4332,308.028,4:24:20:806502,378
553.1626,310.739,4:24:20:810504,0
552.8183,312.8669,4:24:20:814477,0
552.4002,314.4702,4:24:20:818648,0
551.8837,315.4904,4:24:20:822290,0
551.1951,315.9568,4:24:20:826270,0
550.236,315.9568,4:24:20:830265,0
548.9571,315.9568,4:24:20:834268,0
547.3093,314.441,4:24:20:838489,0
545.268,313.1002,4:24:20:842219,0
542.7349,311.3511,4:24:20:846583,0
539.7098,309.2815,4:24:20:850363,0
535.9224,306.9203,4:24:20:854817,0
531.4955,304.2968,4:24:20:858813,0
526.4046,301.4693,4:24:20:862820,0
520.6497,298.4377,4:24:20:865833,0
514.1815,295.1437,4:24:20:870443,0
506.9756,291.7332,4:24:20:874973,0
499.2531,288.2061,4:24:20:878974,0
490.8667,284.7372,4:24:20:881978,0
482.0375,281.3267,4:24:20:886067,0
472.8886,277.9744,4:24:20:890678,0
463.3708,274.7096,4:24:20:893696,0
453.312,271.5614,4:24:20:897697,0
443.0318,268.7047,4:24:20:902698,0
432.5057,265.9937,4:24:20:906693,0
421.6107,263.3702,4:24:20:910707,0
410.5189,260.9799,4:24:20:914456,0
399.0828,258.7062,4:24:20:918473,0
387.4991,256.4908,4:24:20:922472,0
375.6449,254.4503,4:24:20:926476,0
363.8153,252.6722,4:24:20:930474,0
351.666,251.0107,4:24:20:934573,0
339.3692,249.6698,4:24:20:938503,0
327.0231,248.6495,4:24:20:942339,0
314.6524,247.7167,4:24:20:946907,0
302.3802,247.0754,4:24:20:949959,0
289.9849,246.9005,4:24:20:953926,0
277.5405,246.8714,4:24:20:958929,0
265.2682,246.8714,4:24:20:961967,0
253.2173,246.8714,4:24:20:966483,0
241.3139,248.2414,4:24:20:970506,0
229.6073,249.1742,4:24:20:974504,0
218.122,250.2236,4:24:20:977555,0
206.9318,251.4187,4:24:20:981500,0
196.0122,252.7596,4:24:20:986469,0
185.5598,254.2463,4:24:20:990378,0
175.4272,255.7912,4:24:20:994418,0
165.7127,257.3945,4:24:20:998414,0
156.6868,258.8228,4:24:21:002401,0
148.0544,259.9014,4:24:21:006400,3187
139.963,260.7176,4:24:21:010585,3181
132.6341,261.2715,4:24:21:014353,3171
126.043,261.5338,4:24:21:018377,3142
120.2634,261.5338,4:24:21:022370,3079
115.2709,261.5338,4:24:21:028369,3019
111.1146,260.7759,4:24:21:030370,2963
107.696,260.7759,4:24:21:034370,2925
105.0645,259.9014,4:24:21:038027,2925
103.2446,259.9014,4:24:21:042026,2925
101.9411,259.9014,4:24:21:046034,2923
101.1295,259.231,4:24:21:050078,2918
100.7606,259.231,4:24:21:054845,2907
100.7606,259.231,4:24:21:058858,2897
100.7606,258.6479,4:24:21:061896,2889
101.9903,258.6479,4:24:21:065861,2884
103.22,258.0067,4:24:21:069864,2880
104.9169,257.5985,4:24:21:074269,2879
107.2288,257.1613,4:24:21:078403,2882
110.2046,256.6657,4:24:21:082404,2890
113.8937,256.1702,4:24:21:086401,2901
118.3451,255.7038,4:24:21:090402,2916
123.4852,255.2374,4:24:21:094066,2928
129.4861,254.6835,4:24:21:098042,2941
136.2248,254.0423,4:24:21:102043,2953
143.8242,253.3135,4:24:21:106041,2962
152.1615,252.4682,4:24:21:110254,2978
161.3104,251.4187,4:24:21:114272,3006
171.2217,250.2236,4:24:21:118268,3040
182.0675,248.7952,4:24:21:122269,3071
193.6758,247.192,4:24:21:126268,3099
206.1448,245.4138,4:24:21:130550,3107
219.2779,243.5482,4:24:21:133567,3110
233.2717,241.5078,4:24:21:138567,3113
247.8312,239.3798,4:24:21:142569,3109
262.9564,237.281,4:24:21:146567,3111
278.475,235.1822,4:24:21:150562,3109
294.2888,233.1417,4:24:21:153900,3114
310.3977,231.1304,4:24:21:157904,3125
326.5558,229.2939,4:24:21:162902,3167
342.7385,227.5157,4:24:21:165902,3236
358.8228,225.9125,4:24:21:169957,3306
374.8087,224.4841,4:24:21:174423,3390
390.5733,223.1432,4:24:21:178552,3457
406.1904,222.0356,4:24:21:182569,3506
421.6107,221.0153,4:24:21:186573,3549
436.7112,220.2574,4:24:21:191801,3577
451.615,219.6161,4:24:21:195321,3587
466.2729,219.208,4:24:21:198012,3594
480.5373,218.9456,4:24:21:202015,3601
494.5065,218.9165,4:24:21:206014,3603
508.0577,218.9165,4:24:21:210012,3609
521.2645,218.9165,4:24:21:214269,3610
534.0533,218.9165,4:24:21:218328,3614
546.424,219.9659,4:24:21:222341,3626
558.2535,219.9659,4:24:21:226341,3661
569.665,220.8404,4:24:21:230341,3714
580.6093,220.8404,4:24:21:234342,3783
591.0862,221.7732,4:24:21:238325,3867
601.0958,221.7732,4:24:21:242631,3947
610.6382,222.5894,4:24:21:245634,4016
619.5657,222.5894,4:24:21:249640,4071
628.026,223.4056,4:24:21:254636,4108
635.9452,223.7554,4:24:21:258736,4130
643.2741,224.1344,4:24:21:261759,4141
650.0866,224.5133,4:24:21:266740,4149
656.2596,224.8631,4:24:21:270740,4158
661.7686,225.2421,4:24:21:274586,4158
666.6628,225.621,4:24:21:278603,4156
671.0405,226.0291,4:24:21:282601,4150
674.8771,226.4081,4:24:21:285600,4140
678.1235,226.7578,4:24:21:290600,4139
680.7796,227.1077,4:24:21:294874,4137
682.9193,227.4283,4:24:21:298152,4134
684.567,227.7198,4:24:21:302152,4132
685.8213,227.9821,4:24:21:306146,4121
686.6575,228.1279,4:24:21:310132,4115
687.2231,228.2737,4:24:21:314270,4109
687.4937,228.3902,4:24:21:318325,4102
687.6166,228.4777,4:24:21:322326,4100
687.6658,228.5069,4:24:21:326320,4100
687.6658,228.536,4:24:21:330325,4097
687.6658,228.536,4:24:21:334388,4092
687.6658,228.536,4:24:21:338686,4092
687.6658,228.536,4:24:21:341751,4077
687.6658,228.536,4:24:21:345705,4017
687.6658,228.536,4:24:21:349723,3904
687.6658,228.536,4:24:21:353740,3707
687.6658,228.536,4:24:21:358915,3436
687.6658,228.536,4:24:21:361934,3116
687.6658,228.536,4:24:21:366056,2731
687.6658,228.536,4:24:21:369985,2242
687.6658,228.536,4:24:21:373952,1576
687.6658,228.0696,4:24:21:378493,936
688.1577,228.0696,4:24:21:382490,413
688.1577,228.0696,4:24:21:386062,0
688.6496,227.4574,4:24:21:389938,0
688.9939,227.1077,4:24:21:393934,0
689.412,226.6413,4:24:21:398027,0
689.8793,226.0874,4:24:21:402576,0
690.322,225.5044,4:24:21:406112,0
690.6909,224.834,4:24:21:410240,0
691.0106,224.1052,4:24:21:414288,0
691.2811,223.4056,4:24:21:418342,0
691.5024,222.7352,4:24:21:422257,0
691.6992,222.1521,4:24:21:426296,0
691.8714,221.6274,4:24:21:430825,0
692.0681,221.1319,4:24:21:433845,0
692.3141,220.8404,4:24:21:437845,0
692.56,220.6072,4:24:21:441862,0
692.9781,220.4032,4:24:21:445900,0
693.47,220.2865,4:24:21:450535,0
694.0848,220.2865,4:24:21:454558,0
694.6505,220.17,4:24:21:458555,0
695.1915,220.17,4:24:21:462556,0
695.5358,220.17,4:24:21:466556,0
695.5358,220.17,4:24:21:470720,0
689.8793,230.4599,4:24:21:623697,0
689.8793,230.4599,4:24:21:628423,0
689.1169,230.4599,4:24:21:632423,0
689.1169,229.702,4:24:21:636418,0
688.2561,229.702,4:24:21:640706,0
688.2561,229.702,4:24:21:643725,0
687.4445,228.9441,4:24:21:647727,0
687.4445,228.9441,4:24:21:651734,0
686.6329,228.9441,4:24:21:655734,0
686.6329,228.9441,4:24:21:660543,0
686.6329,228.9441,4:24:21:664587,0
686.6329,228.9441,4:24:21:668584,0
686.6329,228.9441,4:24:21:672586,0
686.6329,228.9441,4:24:21:675877,0
686.6329,228.9441,4:24:21:681006,0
686.6329,228.9441,4:24:21:684020,0
686.6329,228.9441,4:24:21:688022,0
686.6329,229.498,4:24:21:692026,0
686.6329,229.498,4:24:21:696021,0
686.6329,229.498,4:24:21:700267,0
686.6329,229.9935,4:24:21:704270,0
686.6329,229.9935,4:24:21:708291,0
686.6329,230.5182,4:24:21:712288,0
686.6329,230.5182,4:24:21:717290,0
686.6329,230.9554,4:24:21:720715,0
686.6329,231.2178,4:24:21:724730,0
685.9689,231.4801,4:24:21:727733,0
685.9689,231.83,4:24:21:731735,0
685.6,232.1214,4:24:21:736951,0
685.6,232.4421,4:24:21:739974,0
685.6,232.7919,4:24:21:744969,0
685.3295,233.2583,4:24:21:748000,0
685.3295,233.6081,4:24:21:751987,0
685.1081,234.1037,4:24:21:756432,0
685.1081,234.5701,4:24:21:760088,0
684.7884,235.2113,4:24:21:764103,0
684.567,235.6486,4:24:21:768128,0
684.567,236.1733,4:24:21:772100,0
684.3703,236.6105,4:24:21:776099,0
684.1735,236.9895,4:24:21:780782,0
683.7554,237.5142,4:24:21:783805,0
683.3373,237.864,4:24:21:789800,0
683.0176,238.3304,4:24:21:791800,0
682.7471,238.651,4:24:21:795799,0
682.3536,239.0883,4:24:21:800268,0
681.9109,239.4964,4:24:21:804460,0
681.5666,239.9045,4:24:21:809478,0
681.0747,240.2834,4:24:21:812478,0
680.8534,240.6624,4:24:21:816485,0
680.6566,241.0122,4:24:21:820836,0
680.1401,241.4203,4:24:21:823737,0
679.5745,241.7701,4:24:21:828158,0
679.2548,242.0325,4:24:21:832176,0
678.8121,242.2074,4:24:21:836173,0
678.0497,242.4697,4:24:21:840199,0
677.6316,242.7321,4:24:21:844257,0
676.943,242.9361,4:24:21:848261,0
676.2789,243.1693,4:24:21:851945,0
676.0084,243.1985,4:24:21:856953,0
675.6887,243.4317,4:24:21:859945,0
675.1968,243.6066,4:24:21:863945,0
674.705,243.8981,4:24:21:868323,0
674.6312,244.2478,4:24:21:872323,0
674.1885,244.4227,4:24:21:876356,0
673.795,244.6559,4:24:21:880422,0
673.4753,244.86,4:24:21:884372,0
673.1555,245.1515,4:24:21:888699,0
672.6636,245.3847,4:24:21:891767,0
672.3193,245.6179,4:24:21:896718,0
672.098,245.8219,4:24:21:900714,0
671.7291,245.9677,4:24:21:905144,0
671.4094,246.2009,4:24:21:908160,0
671.1143,246.2883,4:24:21:912162,0
671.0159,246.4924,4:24:21:918160,0
670.6716,246.6964,4:24:21:920168,0
670.6716,246.8422,4:24:21:924351,0
670.3519,246.9879,4:24:21:928366,0
669.9092,247.0462,4:24:21:932369,0
669.614,247.2503,4:24:21:936368,0
669.4173,247.3378,4:24:21:940813,0
669.1959,247.6875,4:24:21:944384,0
669.0238,247.8333,4:24:21:948384,0
668.7532,248.1539,4:24:21:952386,0
668.4827,248.4454,4:24:21:956386,0
668.3597,248.8244,4:24:21:960477,0
668.3597,249.0867,4:24:21:964470,0
668.2614,249.3783,4:24:21:967536,0
668.163,249.8155,4:24:21:972492,0
668.1384,250.0487,4:24:21:976487,0
667.9171,250.3985,4:24:21:980492,0
667.8925,250.5734,4:24:21:984385,0
667.6957,250.8649,4:24:21:988672,0
667.5974,251.0398,4:24:21:992666,0
667.4006,251.3896,4:24:21:995669,0
667.1793,251.6811,4:24:22:000668,0
666.9087,251.9435,4:24:22:003668,0
666.6628,252.3515,4:24:22:007996,0
666.5152,252.7305,4:24:22:012524,0
666.3185,253.022,4:24:22:016533,0
666.2447,253.1969,4:24:22:020527,0
665.9496,253.5759,4:24:22:023523,0
665.7282,253.8382,4:24:22:028963,0
665.5561,254.0131,4:24:22:031965,0
665.3347,254.188,4:24:22:035965,0
665.2117,254.2755,4:24:22:041960,0
665.015,254.3338,4:24:22:043962,0
664.769,254.392,4:24:22:049086,0
664.4493,254.567,4:24:22:053093,0
664.228,254.6544,4:24:22:056095,0
664.0067,254.8293,4:24:22:061094,0
663.8837,254.9751,4:24:22:064103,0
663.7853,255.1208,4:24:22:068797,0
663.5394,255.2957,4:24:22:072367,0
663.3181,255.6163,4:24:22:076364,0
663.1459,256.0244,4:24:22:080410,0
663.0229,256.2285,4:24:22:084365,0
662.9,256.5783,4:24:22:088421,0
662.7278,256.7823,4:24:22:092436,0
662.4819,257.0447,4:24:22:096436,0
662.2113,257.307,4:24:22:100441,0
662.1129,257.5985,4:24:22:105437,0
661.99,257.8026,4:24:22:108648,0
661.9162,257.8318,4:24:22:111665,0
661.7686,258.0067,4:24:22:116669,0
661.6702,258.0941,4:24:22:119667,0
661.621,258.3564,4:24:22:125014,0
661.5473,258.5022,4:24:22:128051,0
661.4735,258.8228,4:24:22:131816,0
661.3997,259.0852,4:24:22:136093,0
661.3013,259.3184,4:24:22:139950,0
661.1784,259.6682,4:24:22:144932,0
661.1784,259.9305,4:24:22:147929,0
661.1784,260.1638,4:24:22:152751,0
661.1784,260.3095,4:24:22:155787,0
661.1784,260.5718,4:24:22:159768,0
661.1784,260.5718,4:24:22:163770,0
661.1784,260.6302,4:24:22:167770,0
661.1784,260.7176,4:24:22:172106,0
661.1784,260.7176,4:24:22:176386,0
661.1784,260.8633,4:24:22:181101,0
661.1784,261.0966,4:24:22:184134,0
661.1784,261.184,4:24:22:188193,0
661.1784,261.3297,4:24:22:192124,0
660.4897,261.5921,4:24:22:196138,0
660.4897,261.8836,4:24:22:200144,0
660.4897,262.2334,4:24:22:204319,0
660.4897,262.4083,4:24:22:208321,0
660.4897,262.5249,4:24:22:212404,0
659.9487,262.6998,4:24:22:216421,0
659.9487,262.9622,4:24:22:220341,0
659.9487,263.0787,4:24:22:224339,0
659.9487,263.3411,4:24:22:227919,0
659.506,263.3411,4:24:22:232542,0
659.506,263.3411,4:24:22:236561,0
659.506,263.5743,4:24:22:240557,0
659.1125,263.7784,4:24:22:244557,0
659.1125,263.8658,4:24:22:248680,0
658.8666,264.0115,4:24:22:252502,0
658.8666,264.1865,4:24:22:256510,0
658.8666,264.2739,4:24:22:260502,0
658.8666,264.3905,4:24:22:264508,0
658.8666,264.5363,4:24:22:268905,0
658.8666,264.5363,4:24:22:271923,0
658.8666,264.5363,4:24:22:275950,0
658.3009,264.7112,4:24:22:280046,0
658.3009,264.7986,4:24:22:283929,0
658.3009,264.886,4:24:22:288981,0
658.3009,265.0318,4:24:22:292053,0
657.932,265.1193,4:24:22:297067,0
657.932,265.2067,4:24:22:300066,0
657.932,265.2942,4:24:22:304070,0
657.932,265.5565,4:24:22:308066,0
657.686,265.7606,4:24:22:312067,0
657.686,265.8188,4:24:22:316632,0
657.4155,265.9063,4:24:22:319648,0
657.4155,265.9646,4:24:22:324651,0
657.2679,266.1686,4:24:22:328653,0
657.1696,266.3435,4:24:22:332652,0
657.0466,266.5185,4:24:22:336650,0
656.9482,266.5768,4:24:22:340852,0
656.8745,266.635,4:24:22:343889,0
656.7269,266.7808,4:24:22:347888,0
656.6777,266.8974,4:24:22:351882,0
656.5547,267.0432,4:24:22:355870,0
656.4564,267.1598,4:24:22:360641,0
656.358,267.3055,4:24:22:364641,0
656.3334,267.3638,4:24:22:367640,0
656.235,267.5678,4:24:22:372640,0
656.1367,267.6262,4:24:22:375639,0
656.1367,267.7136,4:24:22:380662,0
656.1367,267.8302,4:24:22:384326,0
656.1367,267.8885,4:24:22:387664,0
656.1367,268.0051,4:24:22:391665,0
656.1367,268.1217,4:24:22:396664,0
656.1367,268.2675,4:24:22:399727,0
656.1367,268.3257,4:24:22:404539,0
656.1367,268.4424,4:24:22:407556,0
656.1367,268.6464,4:24:22:412585,0
656.1367,268.7339,4:24:22:417556,0
656.1367,268.8213,4:24:22:423554,0
656.1367,268.967,4:24:22:424554,0
656.1367,269.0545,4:24:22:429557,0
656.1367,269.2003,4:24:22:432193,0
656.1367,269.2585,4:24:22:436554,0
656.1367,269.3752,4:24:22:440555,0
656.1367,269.5209,4:24:22:443551,0
656.1367,269.6667,4:24:22:448554,0
656.1367,269.8707,4:24:22:452666,0
656.1367,270.0164,4:24:22:456312,0
656.1367,270.2788,4:24:22:460310,0
656.1367,270.4828,4:24:22:464325,0
656.1367,270.7744,4:24:22:468347,0
656.1367,271.0367,4:24:22:472926,0
656.1367,271.2699,4:24:22:476944,0
656.1367,271.4739,4:24:22:479943,0
656.1367,271.7946,4:24:22:483946,0
656.1367,272.1152,4:24:22:487946,0
656.1367,272.4067,4:24:22:493027,0
656.1367,272.7566,4:24:22:496016,0
656.1367,272.9606,4:24:22:500014,0
656.1367,273.3104,4:24:22:504015,0
656.1367,273.631,4:24:22:508019,0
656.1367,274.01,4:24:22:512027,0
656.1367,274.3015,4:24:22:658418,0
656.1367,275.2926,4:24:22:660434,0
656.1367,275.5258,4:24:22:667582,0
656.1367,276.1088,4:24:22:668582,0
656.1367,276.2545,4:24:22:676582,0
656.1367,276.3712,4:24:22:676582,0
656.1367,276.5461,4:24:22:777564,0
656.1367,277.2165,4:24:22:779564,0
656.1367,277.2165,4:24:22:824607,0
656.1367,277.2165,4:24:22:904378,0
655.571,277.2165,4:24:22:904378,0
655.571,277.2165,4:24:22:905373,0
655.571,277.2165,4:24:22:906373,0
655.571,277.2165,4:24:22:908374,0
655.571,277.2165,4:24:22:910376,0
655.571,277.2165,4:24:22:912379,0
655.571,277.2165,4:24:22:912379,0
655.571,277.2165,4:24:22:913384,0
655.571,277.2165,4:24:22:913384,0
655.571,277.2165,4:24:22:926410,0
655.571,277.2165,4:24:22:926410,0
655.1529,277.2165,4:24:22:927376,0
655.1529,277.2165,4:24:22:928378,0
655.1529,277.2165,4:24:22:929389,0
655.1529,277.2165,4:24:22:930378,0
655.1529,277.2165,4:24:22:934086,0
654.8332,277.2165,4:24:22:934086,0
654.8332,277.2165,4:24:22:937089,0
654.8332,277.2165,4:24:22:938085,0
654.8332,277.2165,4:24:22:938085,0
654.8332,277.2165,4:24:22:939084,0
654.8332,277.2165,4:24:22:940084,0
654.8332,277.2165,4:24:22:941084,0
654.8332,277.2165,4:24:22:942086,0
654.8332,277.2165,4:24:22:943086,0
654.8332,277.2165,4:24:22:943086,0
654.8332,277.2165,4:24:22:945088,0
654.8332,277.2165,4:24:22:946091,0
654.8332,277.2165,4:24:22:948088,0
654.8332,277.2165,4:24:22:949118,0
654.8332,277.2165,4:24:22:950088,0
654.8332,277.2165,4:24:22:951089,0
654.8332,277.2165,4:24:22:952087,0
654.8332,277.2165,4:24:22:953088,0
654.8332,277.2165,4:24:22:954087,0
654.8332,277.2165,4:24:22:956116,0
654.8332,277.2165,4:24:22:957088,0
654.8332,277.2165,4:24:22:958088,0
654.8332,277.2165,4:24:22:959087,0
654.8332,277.2165,4:24:22:960087,0
654.8332,277.2165,4:24:22:962088,0
654.8332,277.2165,4:24:22:963089,0
654.8332,277.2165,4:24:22:965087,0
654.8332,277.2165,4:24:22:966088,0
654.8332,277.2165,4:24:22:966088,0
654.8332,277.2165,4:24:22:971957,0
654.8332,277.2165,4:24:22:972977,0
654.8332,277.2165,4:24:22:973976,0
654.8332,277.2165,4:24:22:975980,0
654.8332,277.2165,4:24:22:976977,0
654.8332,277.2165,4:24:22:980224,0
654.8332,277.2165,4:24:22:984263,0
654.8332,277.2165,4:24:22:988264,0
654.8332,277.2165,4:24:22:992261,0
654.8332,277.2165,4:24:22:997262,0
654.8332,277.2165,4:24:23:000206,0
654.8332,277.2165,4:24:23:004319,0
654.8332,277.2165,4:24:23:008366,0
654.8332,277.2165,4:24:23:013679,0
654.8332,277.2165,4:24:23:015676,0
654.8332,277.2165,4:24:23:020680,0
654.8332,277.2165,4:24:23:023676,0
655.3989,277.9161,4:24:23:028679,0
655.3989,277.9161,4:24:23:031681,0
655.3989,277.9161,4:24:23:035712,0
655.3989,277.9161,4:24:23:039674,0
655.3989,277.9161,4:24:23:043679,0
655.3989,277.9161,4:24:23:049673,0
655.3989,277.9161,4:24:23:052140,0
655.3989,277.9161,4:24:23:056162,0
655.3989,277.9161,4:24:23:060159,0
655.3989,277.9161,4:24:23:064244,0
655.3989,277.9161,4:24:23:068251,0
655.3989,277.9161,4:24:23:072264,0
655.3989,277.9161,4:24:23:077400,0
655.3989,277.9161,4:24:23:080469,0
655.3989,277.9161,4:24:23:084475,0
655.3989,278.6448,4:24:23:088473,0
655.3989,278.6448,4:24:23:092473,0
655.3989,278.6448,4:24:23:097670,0
655.3989,278.6448,4:24:23:099693,0
655.3989,278.6448,4:24:23:104730,0
655.3989,279.1404,4:24:23:108732,0
654.8086,279.1404,4:24:23:112734,0
654.8086,279.1404,4:24:23:116729,0
654.8086,279.1404,4:24:23:120007,0
654.8086,279.1404,4:24:23:124010,0
654.8086,279.1404,4:24:23:128008,0
654.4151,279.1404,4:24:23:133007,0
654.4151,279.1404,4:24:23:136744,0
654.4151,279.1404,4:24:23:139761,0
654.4151,279.1404,4:24:23:144765,0
654.4151,279.1404,4:24:23:147763,0
654.4151,279.1404,4:24:23:151761,0
654.4151,279.1404,4:24:23:156335,0
654.4151,279.1404,4:24:23:159738,0
654.4151,279.1404,4:24:23:163735,0
654.4151,279.1404,4:24:23:167733,0
654.4151,279.1404,4:24:23:172731,0
654.4151,279.1404,4:24:23:175950,0
654.4151,279.1404,4:24:23:179990,0
654.4151,279.1404,4:24:23:184011,0
654.4151,279.8983,4:24:23:188023,0
654.4151,279.8983,4:24:23:192991,0
654.4151,279.8983,4:24:23:196982,0
654.4151,279.8983,4:24:23:200507,0
654.4151,279.8983,4:24:23:204508,0
654.4151,279.8983,4:24:23:208508,0
654.4151,279.8983,4:24:23:212511,0
654.4151,279.8983,4:24:23:216475,0
654.4151,279.8983,4:24:23:220189,0
654.4151,279.8983,4:24:23:225209,0
654.4151,279.8983,4:24:23:228208,0
654.4151,279.8983,4:24:23:232208,0
654.4151,279.8983,4:24:23:236276,0
654.4151,279.8983,4:24:23:240123,0
654.4151,279.8983,4:24:23:243750,0
654.4151,279.8983,4:24:23:248749,0
654.4151,279.8983,4:24:23:252749,0
654.4151,279.8983,4:24:23:255748,0
654.4151,279.8983,4:24:23:260320,0
654.4151,279.8983,4:24:23:264410,0
654.4151,279.8983,4:24:23:268410,0
654.4151,279.8983,4:24:23:272406,0
654.4151,279.8983,4:24:23:276447,0
654.4151,279.8983,4:24:23:280750,0
654.4151,279.8983,4:24:23:284769,0
654.4151,280.7437,4:24:23:287789,0
654.4151,280.7437,4:24:23:291872,0
654.4151,280.7437,4:24:23:295771,0
654.4151,280.7437,4:24:23:300429,0
654.4151,280.7437,4:24:23:304445,0
654.4151,280.7437,4:24:23:308447,0
654.4151,280.7437,4:24:23:312457,0
654.4151,280.7437,4:24:23:316450,0
654.4151,280.7437,4:24:23:320451,0
654.4151,280.7437,4:24:23:324444,0
654.4151,280.7437,4:24:23:328994,0
654.4151,280.7437,4:24:23:332012,0
654.4151,280.7437,4:24:23:336011,0
654.4151,280.7437,4:24:23:340011,0
654.4151,280.7437,4:24:23:344014,0
654.4151,280.7437,4:24:23:348014,0
654.4151,280.7437,4:24:23:352218,0
654.4151,280.7437,4:24:23:356234,0
654.4151,280.7437,4:24:23:361234,0
654.4151,280.7437,4:24:23:365238,0
654.4151,280.7437,4:24:23:368477,0
654.4151,280.7437,4:24:23:371853,0
654.4151,280.7437,4:24:23:375853,0
654.4151,280.7437,4:24:23:380835,0
654.4151,280.7437,4:24:23:384837,0
654.4151,280.7437,4:24:23:388918,0
654.4151,280.7437,4:24:23:392938,0
654.4151,280.7437,4:24:23:396938,0
654.4151,280.7437,4:24:23:399936,0
654.4151,280.7437,4:24:23:403936,0
654.4151,281.2975,4:24:23:408367,0
654.4151,281.2975,4:24:23:412372,0
654.4151,281.2975,4:24:23:416408,0
654.4151,281.2975,4:24:23:420365,0
654.4151,281.2975,4:24:23:424385,0
654.4151,281.2975,4:24:23:428445,0
654.4151,281.2975,4:24:23:433419,0
654.4151,281.2975,4:24:23:436470,0
654.4151,281.2975,4:24:23:439975,0
654.4151,281.2975,4:24:23:443892,0
654.4151,281.2975,4:24:23:447899,0
654.4151,281.2975,4:24:23:452891,0
654.4151,281.2975,4:24:23:455927,0
654.4151,281.2975,4:24:23:460629,0
654.4151,281.2975,4:24:23:466498,0
654.4151,281.2975,4:24:23:470493,0
654.4151,281.2975,4:24:23:472494,0
654.4151,281.2975,4:24:23:476494,0
654.4151,281.2975,4:24:23:480617,0
654.4151,281.2975,4:24:23:484638,0
654.4151,281.2975,4:24:23:488637,0
654.4151,281.2975,4:24:23:493635,0
654.4151,281.2975,4:24:23:496635,0
654.4151,281.2975,4:24:23:500019,0
654.4151,281.2975,4:24:23:503976,0
654.4151,281.2975,4:24:23:508120,0
654.4151,281.2975,4:24:23:512133,0
654.4151,281.2975,4:24:23:516119,0
654.4151,281.2975,4:24:23:521123,0
654.4151,281.2975,4:24:23:524398,0
654.4151,281.2975,4:24:23:527821,0
654.4151,281.2975,4:24:23:532823,0
654.4151,281.2975,4:24:23:645420,0
654.4151,281.2975,4:24:23:645420,0
654.4151,281.2975,4:24:23:646445,0
654.4151,281.2975,4:24:23:647446,0
654.4151,281.2975,4:24:23:647446,0
654.4151,281.2975,4:24:23:649443,0
654.4151,281.2975,4:24:23:651444,0
654.4151,281.2975,4:24:23:651444,0
654.4151,281.2975,4:24:23:652437,0
654.4151,281.2975,4:24:23:653442,0
654.4151,281.2975,4:24:23:653442,0
654.4151,281.2975,4:24:23:654441,0
654.4151,281.9971,4:24:23:654441,0
654.4151,281.9971,4:24:23:655928,0
654.4151,281.9971,4:24:23:656951,0
654.4151,281.9971,4:24:23:656951,0
654.4151,281.9971,4:24:23:656951,0
654.4151,281.9971,4:24:23:657947,0
654.4151,281.9971,4:24:23:658949,0
654.9808,281.9971,4:24:23:658949,0
654.9808,281.9971,4:24:23:659946,0
654.9808,281.9971,4:24:23:659946,0
654.9808,281.9971,4:24:23:660946,0
654.9808,281.9971,4:24:23:660946,0
654.9808,281.9971,4:24:23:660946,0
654.9808,281.9971,4:24:23:661945,0
654.9808,281.9971,4:24:23:663963,0
654.9808,281.9971,4:24:23:663963,0
654.9808,281.9971,4:24:23:663963,0
654.9808,281.9971,4:24:23:664945,0
654.9808,281.9971,4:24:23:664945,0
654.9808,281.9971,4:24:23:664945,0
654.9808,281.9971,4:24:23:665946,0
655.6202,281.9971,4:24:23:667591,0
655.6202,281.9971,4:24:23:672700,0
655.6202,281.9971,4:24:23:676704,0
655.6202,281.9971,4:24:23:679705,0
655.6202,281.9971,4:24:23:683705,0
655.6202,281.9971,4:24:23:689020,0
655.6202,281.9971,4:24:23:692036,0
655.6202,281.9971,4:24:23:696120,0
655.6202,281.9971,4:24:23:700243,0
655.6202,281.9971,4:24:23:705142,0
655.6202,281.9971,4:24:23:708136,0
655.6202,281.9971,4:24:23:712469,0
655.6202,281.9971,4:24:23:716148,0
655.6202,281.9971,4:24:23:721156,0
655.6202,281.9971,4:24:23:724192,0
655.6202,281.9971,4:24:23:728158,0
655.6202,281.9971,4:24:23:732338,0
655.6202,281.9971,4:24:23:737193,0
655.6202,281.9971,4:24:23:740202,0
655.6202,281.9971,4:24:23:744209,0
655.6202,281.9971,4:24:23:748205,0
655.6202,281.9971,4:24:23:752212,0
655.6202,281.9971,4:24:23:756825,0
655.6202,281.9971,4:24:23:759854,0
655.6202,281.9971,4:24:23:764847,0
655.6202,281.9971,4:24:23:767909,0
655.6202,281.9971,4:24:23:771841,0
655.6202,281.9971,4:24:23:775648,0
655.6202,281.9971,4:24:23:780256,0
655.6202,281.9971,4:24:23:784269,0
655.6202,281.9971,4:24:23:788263,0
655.6202,281.9971,4:24:23:792272,0
655.6202,281.9971,4:24:23:796266,0
656.235,281.9971,4:24:23:800466,0
656.235,281.9971,4:24:23:804098,0
656.235,281.9971,4:24:23:808641,0
656.235,281.9971,4:24:23:812776,0
656.235,281.9971,4:24:23:816779,0
656.235,281.9971,4:24:23:819838,0
656.235,281.9971,4:24:23:823779,0
656.235,281.9971,4:24:23:827881,0
656.235,281.9971,4:24:23:832270,0
656.235,281.9971,4:24:23:836266,0
656.235,281.9971,4:24:23:840266,0
656.235,281.9971,4:24:23:844266,0
656.235,281.9971,4:24:23:848268,0
656.235,281.9971,4:24:23:852529,0
656.235,281.9971,4:24:23:856825,0
656.235,281.9971,4:24:23:859930,0
656.235,281.9971,4:24:23:863869,0
656.235,281.9971,4:24:23:867845,0
656.235,281.9971,4:24:23:871862,0
656.235,281.9971,4:24:23:876221,0
656.235,281.9971,4:24:23:880238,0
656.235,281.9971,4:24:23:884238,0
656.235,281.9971,4:24:23:888267,0
656.235,281.9971,4:24:23:892267,0
656.235,281.9971,4:24:23:896568,0
656.235,281.9971,4:24:23:900485,0
656.235,281.9971,4:24:23:904405,0
656.235,281.9971,4:24:23:908316,0
656.235,281.9971,4:24:23:912410,0
656.235,281.9971,4:24:23:916324,0
656.235,281.9971,4:24:23:920407,0
656.235,281.9971,4:24:23:924437,0
656.235,281.9971,4:24:23:928799,0
656.235,281.9971,4:24:23:931794,0
656.235,281.9971,4:24:23:936799,0
656.235,281.9971,4:24:23:939802,0
656.235,281.9971,4:24:23:944651,0
656.235,281.9971,4:24:23:948668,0
656.235,281.9971,4:24:23:951671,0
656.235,281.9971,4:24:23:956670,0
656.235,281.9971,4:24:23:960673,0
656.235,281.9971,4:24:23:964207,0
656.235,281.9971,4:24:23:968252,0
656.235,281.9971,4:24:23:972239,0
656.235,281.9971,4:24:23:976256,0
656.235,281.9971,4:24:23:980224,0
656.235,281.9971,4:24:23:984231,0
656.235,281.9971,4:24:23:988834,0
656.235,281.9971,4:24:23:991862,0
656.235,281.9971,4:24:23:996851,0
656.235,281.9971,4:24:23:999872,0
656.235,281.9971,4:24:24:004850,0
656.235,281.9971,4:24:24:008264,0
656.235,281.9971,4:24:24:012665,0
656.235,281.9971,4:24:24:016681,0
656.235,281.9971,4:24:24:019684,0
656.235,281.9971,4:24:24:024684,0
656.235,281.9971,4:24:24:027765,0
656.235,281.9971,4:24:24:032522,0
656.235,281.9971,4:24:24:036489,0
656.235,281.9971,4:24:24:040140,0
656.235,281.9971,4:24:24:044127,0
656.235,281.9971,4:24:24:048128,0
656.235,281.9971,4:24:24:052126,0
656.235,281.9971,4:24:24:056128,0
656.8253,281.9971,4:24:24:060883,0
656.8253,281.9971,4:24:24:063880,0
656.8253,281.9971,4:24:24:067879,0
656.8253,281.9971,4:24:24:071886,0
656.8253,281.9971,4:24:24:075890,0
656.8253,281.9971,4:24:24:080441,0
656.8253,281.9971,4:24:24:084457,0
656.8253,281.9971,4:24:24:088459,0
656.8253,281.9971,4:24:24:092457,0
656.8253,281.9971,4:24:24:096457,0
656.8253,281.9971,4:24:24:101053,0
656.8253,281.9971,4:24:24:104090,0
656.8253,281.9971,4:24:24:108090,0
656.8253,281.9971,4:24:24:112071,0
656.8253,281.9971,4:24:24:116070,0
656.8253,281.9971,4:24:24:120262,0
656.8253,281.9971,4:24:24:124011,0
656.8253,281.9971,4:24:24:128412,0
656.8253,281.9971,4:24:24:132413,0
656.8253,281.9971,4:24:24:136412,0
656.8253,281.9971,4:24:24:140419,0
656.8253,281.9971,4:24:24:144336,0
656.8253,281.9971,4:24:24:148593,0
656.8253,281.9971,4:24:24:152610,0
656.8253,281.9971,4:24:24:156612,0
656.8253,281.9971,4:24:24:160611,0
656.8253,281.9971,4:24:24:164913,0
656.8253,281.9971,4:24:24:168659,0
656.8253,281.9971,4:24:24:171679,0
656.8253,281.9971,4:24:24:175750,0
656.8253,281.9971,4:24:24:179709,0
656.8253,281.9971,4:24:24:183680,0
656.8253,281.9971,4:24:24:188321,0
656.8253,281.9971,4:24:24:192690,0
656.8253,281.9971,4:24:24:195702,0
656.8253,281.9971,4:24:24:199707,0
656.8253,281.9971,4:24:24:204702,0
656.8253,281.9971,4:24:24:208463,0
656.8253,281.9971,4:24:24:212310,0
656.8253,281.9971,4:24:24:216262,0
656.8253,281.9971,4:24:24:220122,0
656.8253,281.9971,4:24:24:224177,0
656.8253,281.9971,4:24:24:228418,0
656.8253,281.9971,4:24:24:232489,0
656.8253,281.9971,4:24:24:237111,0
656.8253,281.9971,4:24:24:240130,0
656.8253,281.9971,4:24:24:244148,0
656.8253,281.9971,4:24:24:248128,0
656.8253,281.9971,4:24:24:252147,0
656.8253,281.9971,4:24:24:255770,0
656.8253,281.9971,4:24:24:260780,0
656.8253,281.9971,4:24:24:263850,0
656.8253,281.9971,4:24:24:268778,0
656.8253,281.9971,4:24:24:272830,0
656.8253,281.9971,4:24:24:275848,0
656.8253,281.9971,4:24:24:280848,0
656.8253,281.9971,4:24:24:283875,0
656.8253,281.9971,4:24:24:288866,0
656.8253,281.9971,4:24:24:292933,0
656.8253,281.9971,4:24:24:296929,0
656.8253,281.9971,4:24:24:300005,0
656.8253,281.9971,4:24:24:304012,0
656.8253,281.9971,4:24:24:308612,0
656.8253,281.9971,4:24:24:312631,0
656.8253,281.9971,4:24:24:316628,0
656.8253,281.9971,4:24:24:320629,0
656.8253,281.9971,4:24:24:323640,0
656.8253,281.9971,4:24:24:328068,0
656.8253,281.9971,4:24:24:332377,0
656.8253,281.9971,4:24:24:336333,0
656.8253,281.9971,4:24:24:340358,0
656.8253,281.9971,4:24:24:345310,0
656.8253,281.9971,4:24:24:348310,0
656.8253,281.9971,4:24:24:352681,0
656.8253,281.9971,4:24:24:356031,0
656.8253,281.9971,4:24:24:359986,0
656.8253,281.9971,4:24:24:363982,0
656.8253,281.9971,4:24:24:367983,0
656.8253,281.9971,4:24:24:372568,0
656.8253,281.9971,4:24:24:376760,0
656.8253,281.9971,4:24:24:380293,0
656.8253,281.9971,4:24:24:384302,0
656.8253,281.9971,4:24:24:388294,0
656.8253,281.9971,4:24:24:393365,0
656.8253,281.9971,4:24:24:396226,0
656.8253,281.9971,4:24:24:400341,0
656.8253,281.9971,4:24:24:404351,0
656.8253,281.9971,4:24:24:408350,0
656.8253,281.9971,4:24:24:412354,0
656.8253,281.9971,4:24:24:416395,0
656.8253,281.9971,4:24:24:420365,0
656.8253,281.9971,4:24:24:424376,0
656.8253,281.9971,4:24:24:429378,0
656.8253,281.9971,4:24:24:432376,0
656.8253,281.9971,4:24:24:436440,0
656.8253,281.9971,4:24:24:440583,0
656.8253,281.9971,4:24:24:444602,0
656.8253,281.9971,4:24:24:448585,0
656.8253,281.9971,4:24:24:451588,0
656.8253,281.9971,4:24:24:456467,0
656.8253,281.9971,4:24:24:459754,0
656.8253,281.9971,4:24:24:464764,0
656.8253,281.9971,4:24:24:468099,0
656.8253,281.9971,4:24:24:472336,0
656.8253,281.9971,4:24:24:476357,0
657.3909,281.9971,4:24:24:480363,0
657.3909,281.9971,4:24:24:484356,0
657.3909,281.9971,4:24:24:488356,0
657.3909,281.9971,4:24:24:492214,0
657.3909,281.9971,4:24:24:497903,0
657.3909,281.9971,4:24:24:499910,0
657.3909,281.9971,4:24:24:503904,0
657.3909,281.9971,4:24:24:507910,0
657.3909,281.9971,4:24:24:511904,0
657.3909,281.9971,4:24:24:516689,0
657.3909,281.9971,4:24:24:519571,0
657.3909,281.9971,4:24:24:524529,0
657.3909,281.9971,4:24:24:527531,0
657.3909,281.9971,4:24:24:531530,0
657.3909,281.9971,4:24:24:536265,0
657.3909,281.9971,4:24:24:540182,0
657.3909,281.9971,4:24:24:544194,0
657.3909,281.9971,4:24:24:548280,0
657.3909,281.9971,4:24:24:552183,0
657.3909,281.9971,4:24:24:556477,0
657.3909,281.9971,4:24:24:559964,0
657.3909,281.9971,4:24:24:563964,0
657.3909,281.9971,4:24:24:567968,0
657.3909,281.9971,4:24:24:571988,0
657.3909,281.9971,4:24:24:576965,0
657.3909,281.9971,4:24:24:581641,0
657.3909,281.9971,4:24:24:583641,0
657.3909,281.9971,4:24:24:588641,0
657.3909,281.9971,4:24:24:591708,0
657.3909,281.9971,4:24:24:596328,0
657.3909,281.9971,4:24:24:600007,0
657.3909,281.9971,4:24:24:604027,0
657.3909,281.9971,4:24:24:608026,0
657.3909,281.9971,4:24:24:612026,0
657.3909,281.9971,4:24:24:616594,0
657.3909,281.9971,4:24:24:620611,0
657.3909,281.9971,4:24:24:624612,0
657.3909,281.9971,4:24:24:627610,0
657.3909,281.9971,4:24:24:632690,0
657.3909,281.9971,4:24:24:636260,0
657.3909,281.9971,4:24:24:640757,0
657.3909,281.9971,4:24:24:644754,0
657.3909,281.9971,4:24:24:647756,0
657.3909,281.9971,4:24:24:651756,0
657.3909,281.9971,4:24:24:656259,0
657.3909,281.9971,4:24:24:660260,0
657.3909,281.9971,4:24:24:664430,0
657.3909,281.9971,4:24:24:668369,0
657.3909,281.9971,4:24:24:672402,0
657.3909,281.9971,4:24:24:676389,0
657.3909,281.9971,4:24:24:680408,0
657.3909,281.9971,4:24:24:684391,0
657.3909,281.9971,4:24:24:688708,0
657.3909,281.9971,4:24:24:691788,0
657.3909,281.9971,4:24:24:695728,0
657.3909,281.9971,4:24:24:700726,0
657.3909,281.9971,4:24:24:703828,0
657.3909,281.9971,4:24:24:708741,0
657.3909,281.9971,4:24:24:712473,0
657.3909,281.9971,4:24:24:715579,0
657.3909,281.9971,4:24:24:720598,0
657.3909,281.9971,4:24:24:724597,0
657.3909,281.9971,4:24:24:728597,0
657.3909,281.9971,4:24:24:732816,0
657.3909,281.9971,4:24:24:735858,0
657.3909,281.9971,4:24:24:740838,0
657.3909,281.9971,4:24:24:743837,0
657.3909,281.9971,4:24:24:748923,0
657.3909,281.9971,4:24:24:752464,0
657.3909,281.9971,4:24:24:756483,0
657.3909,281.9971,4:24:24:760478,0
657.3909,281.9971,4:24:24:764468,0
657.3909,281.9971,4:24:24:768460,0
657.3909,281.9971,4:24:24:772479,0
657.3909,281.9971,4:24:24:776493,0
657.3909,281.9971,4:24:24:780490,0
657.3909,281.9971,4:24:24:784496,0
657.3909,281.9971,4:24:24:788494,0
657.3909,281.9971,4:24:24:792381,0
657.3909,281.9971,4:24:24:796449,0
657.3909,281.9971,4:24:24:800458,0
657.3909,281.9971,4:24:24:804466,0
657.3909,281.9971,4:24:24:808463,0
657.3909,281.9971,4:24:24:812546,0
657.3909,281.9971,4:24:24:816564,0
657.3909,281.9971,4:24:24:820565,0
657.3909,281.9971,4:24:24:824560,0
657.3909,281.9971,4:24:24:828566,0
657.3909,281.9971,4:24:24:832337,0
657.3909,281.9971,4:24:24:836536,0
657.3909,281.9971,4:24:24:840315,0
657.3909,281.9971,4:24:24:844315,0
657.3909,281.9971,4:24:24:848306,0
657.3909,281.9971,4:24:24:852306,0
657.3909,281.9971,4:24:24:861092,0
657.3909,281.9971,4:24:24:867096,0
657.3909,281.9971,4:24:24:868094,0
657.3909,281.9971,4:24:24:873091,0
657.3909,281.9971,4:24:24:874092,0
657.3909,281.9971,4:24:24:876097,0
657.3909,281.9971,4:24:24:880314,0
657.3909,281.9971,4:24:24:884343,0
657.3909,281.9971,4:24:24:888334,0
657.3909,281.9971,4:24:24:892328,0
657.3909,281.9971,4:24:24:896330,0
657.3909,281.9971,4:24:24:900320,0
657.3909,281.9971,4:24:24:904337,0
657.3909,281.9971,4:24:24:908337,0
657.3909,281.9971,4:24:24:912337,0
657.3909,281.9971,4:24:24:916337,0
657.3909,281.9971,4:24:24:920330,0
657.3909,281.9971,4:24:24:924387,0
657.3909,281.9971,4:24:24:928474,0
657.3909,281.9971,4:24:24:932469,0
657.3909,281.9971,4:24:24:936466,0
657.3909,281.9971,4:24:24:939475,0
657.3909,281.9971,4:24:24:944501,0
657.3909,281.9971,4:24:24:948466,0
657.3909,281.9971,4:24:24:952486,0
657.3909,281.9971,4:24:24:956482,0
657.3909,281.9971,4:24:24:960483,0
657.3909,281.9971,4:24:24:964483,0
657.3909,281.9971,4:24:24:968085,0
657.3909,281.9971,4:24:24:972322,0
657.3909,281.9971,4:24:24:975850,0
657.3909,281.9971,4:24:24:979859,0
657.3909,281.9971,4:24:24:983851,0
657.3909,281.9971,4:24:24:987850,0
657.3909,281.9971,4:24:24:993664,0
657.3909,281.9971,4:24:24:996196,0
657.3909,281.9971,4:24:25:000209,0
657.3909,281.9971,4:24:25:004195,0
657.3909,281.9971,4:24:25:008195,0
657.3909,281.9971,4:24:25:012258,0
657.3909,281.9971,4:24:25:016159,0
657.3909,281.9971,4:24:25:020234,0
657.3909,281.9971,4:24:25:025104,0
657.3909,281.9971,4:24:25:028128,0
657.3909,281.9971,4:24:25:031477,0
657.3909,281.9971,4:24:25:036319,0
657.3909,281.9971,4:24:25:041046,0
657.3909,281.9971,4:24:25:044534,0
657.3909,281.9971,4:24:25:048554,0
657.3909,281.9971,4:24:25:052550,0
657.3909,281.9971,4:24:25:056548,0
657.3909,281.9971,4:24:25:060731,0
657.3909,281.9971,4:24:25:063847,0
657.3909,281.9971,4:24:25:069846,0
657.3909,281.9971,4:24:25:071846,0
657.3909,281.9971,4:24:25:078315,0
657.3909,281.9971,4:24:25:080331,0
657.3909,281.9971,4:24:25:084337,0
657.3909,281.9971,4:24:25:088329,0
657.3909,281.9971,4:24:25:092335,0
657.3909,281.9971,4:24:25:096877,0
657.3909,281.9971,4:24:25:100410,0
657.3909,282.6384,4:24:25:104418,0
657.3909,282.6384,4:24:25:108418,0
657.3909,282.6384,4:24:25:112417,0
657.3909,282.6384,4:24:25:116863,0
657.3909,282.6384,4:24:25:120882,0
657.3909,282.6384,4:24:25:124883,0
657.3909,282.6384,4:24:25:128881,0
657.3909,282.6384,4:24:25:132030,0
657.3909,282.6384,4:24:25:136982,0
657.3909,282.6384,4:24:25:140573,0
657.3909,282.6384,4:24:25:144077,0
657.3909,282.6384,4:24:25:148077,0
657.3909,282.6384,4:24:25:152138,0
657.3909,282.6384,4:24:25:156083,0
657.3909,282.6384,4:24:25:160826,0
657.3909,282.6384,4:24:25:165145,0
657.3909,282.6384,4:24:25:168166,0
657.3909,282.6384,4:24:25:172189,0
657.3909,282.6384,4:24:25:177186,0
657.3909,282.6384,4:24:25:180296,0
657.3909,282.6384,4:24:25:184213,0
657.3909,282.6384,4:24:25:188175,0
657.3909,282.6384,4:24:25:192287,0
657.3909,282.6384,4:24:25:196303,0
657.3909,282.6384,4:24:25:200303,0
657.3909,282.6384,4:24:25:204410,0
657.3909,282.6384,4:24:25:208319,0
657.3909,282.6384,4:24:25:212918,0
657.3909,282.6384,4:24:25:215942,0
657.3909,282.6384,4:24:25:219968,0
657.3909,282.6384,4:24:25:224081,0
657.3909,282.6384,4:24:25:227946,0
657.3909,282.6384,4:24:25:232214,0
657.3909,282.6384,4:24:25:236232,0
657.3909,282.6384,4:24:25:240256,0
657.3909,282.6384,4:24:25:244231,0
657.3909,282.6384,4:24:25:248231,0
657.3909,282.6384,4:24:25:252963,0
657.3909,282.6384,4:24:25:255994,0
657.3909,282.6384,4:24:25:259983,0
657.3909,282.6384,4:24:25:264048,0
657.3909,282.6384,4:24:25:268011,0
657.3909,281.9971,4:24:25:272650,0
657.3909,281.9971,4:24:25:275672,0
657.3909,281.9971,4:24:25:279776,0
657.3909,281.9971,4:24:25:285686,0
657.3909,281.9971,4:24:25:288229,0
657.3909,281.9971,4:24:25:292808,0
657.3909,281.9971,4:24:25:296809,0
657.3909,281.9971,4:24:25:299845,0
657.3909,281.9971,4:24:25:303897,0
657.3909,281.9971,4:24:25:307827,0
657.3909,281.9971,4:24:25:311911,0
657.3909,281.9971,4:24:25:316358,0
657.3909,281.9971,4:24:25:320544,0
657.3909,281.9971,4:24:25:324546,0
657.3909,281.9971,4:24:25:328548,0
657.3909,281.9971,4:24:25:332556,0
657.3909,281.9971,4:24:25:336739,0
657.3909,281.9971,4:24:25:339776,0
657.3909,281.9971,4:24:25:343789,0
657.3909,281.9971,4:24:25:347806,0
657.3909,281.9971,4:24:25:351775,0
657.3909,281.9971,4:24:25:356526,0
657.3909,281.9971,4:24:25:359901,0
657.3909,281.9971,4:24:25:363912,0
657.3909,281.9971,4:24:25:367912,0
657.3909,281.9971,4:24:25:372555,0
657.3909,281.9971,4:24:25:375593,0
657.3909,281.9971,4:24:25:380578,0
657.3909,281.9971,4:24:25:384577,0
657.3909,281.9971,4:24:25:388577,0
657.3909,281.9971,4:24:25:392196,0
657.3909,281.9971,4:24:25:395727,0
657.3909,281.9971,4:24:25:400575,0
657.3909,281.9971,4:24:25:404568,0
657.3909,281.9971,4:24:25:407766,0
657.3909,281.9971,4:24:25:411888,0
657.3909,281.9971,4:24:25:415979,0
657.3909,281.9971,4:24:25:419887,0
657.3909,281.9971,4:24:25:423894,0
657.3909,281.9971,4:24:25:428795,0
657.3909,281.9971,4:24:25:431854,0
657.3909,281.9971,4:24:25:436006,0
657.3909,281.9971,4:24:25:439815,0
657.3909,281.9971,4:24:25:443815,0
657.3909,281.9971,4:24:25:447835,0
657.3909,281.9971,4:24:25:452477,0
657.3909,281.9971,4:24:25:456817,0
657.3909,281.9971,4:24:25:460836,0
657.3909,281.9971,4:24:25:463854,0
657.3909,281.9971,4:24:25:467835,0
657.3909,281.9971,4:24:25:471972,0
657.3909,281.9971,4:24:25:476578,0
657.3909,281.9971,4:24:25:479962,0
657.3909,281.9971,4:24:25:483972,0
657.3909,281.9971,4:24:25:487963,0
657.3909,281.9971,4:24:25:492016,0
657.3909,281.9971,4:24:25:496420,0
657.3909,281.9971,4:24:25:500468,0
657.3909,281.9971,4:24:25:504828,0
657.3909,281.9971,4:24:25:508844,0
657.3909,281.9971,4:24:25:511850,0
657.3909,281.9971,4:24:25:515898,0
657.3909,281.9971,4:24:25:519847,0
657.3909,281.9971,4:24:25:524572,0
657.3909,281.9971,4:24:25:529479,0
657.3909,281.9971,4:24:25:533585,0
657.3909,281.9971,4:24:25:535582,0
657.3909,281.9971,4:24:25:540592,0
657.3909,281.9971,4:24:25:543619,0
657.3909,281.9971,4:24:25:548457,0
657.3909,281.9971,4:24:25:552366,0
657.3909,281.9971,4:24:25:557390,0
657.3909,281.9971,4:24:25:560385,0
657.3909,281.9971,4:24:25:564387,0
657.3909,281.9971,4:24:25:567387,0
657.3909,281.9971,4:24:25:573387,0
657.3909,281.9971,4:24:25:577414,0
657.3909,281.9971,4:24:25:579413,0
657.3909,281.9971,4:24:25:585417,0
657.3909,281.9971,4:24:25:588416,0
657.3909,281.9971,4:24:25:592684,0
657.3909,281.9971,4:24:25:596284,0
657.3909,281.9971,4:24:25:600284,0
657.3909,281.9971,4:24:25:604220,0
657.3909,281.9971,4:24:25:608234,0
657.3909,281.9971,4:24:25:612500,0
657.3909,281.9971,4:24:25:616150,0
657.3909,281.9971,4:24:25:620339,0
657.3909,281.9971,4:24:25:624177,0
657.3909,281.9971,4:24:25:629232,0
657.3909,281.9971,4:24:25:632352,0
657.3909,281.9971,4:24:25:636352,0
657.3909,281.9971,4:24:25:640412,0
657.3909,281.9971,4:24:25:644356,0
657.3909,281.9971,4:24:25:648564,0
657.3909,281.9971,4:24:25:652248,0
657.3909,281.9971,4:24:25:656185,0
657.3909,281.9971,4:24:25:660186,0
657.3909,281.9971,4:24:25:664186,0
657.3909,281.9971,4:24:25:668866,0
657.3909,281.9971,4:24:25:672272,0
657.3909,281.9971,4:24:25:676262,0
657.3909,281.9971,4:24:25:680260,0
657.3909,281.9971,4:24:25:685582,0
657.3909,281.9971,4:24:25:687624,0
657.3909,281.9971,4:24:25:692599,0
657.3909,281.9971,4:24:25:695633,0
657.3909,281.9971,4:24:25:699598,0
657.3909,281.9971,4:24:25:704245,0
657.3909,281.9971,4:24:25:708247,0
657.3909,281.9971,4:24:25:712278,0
657.3909,281.9971,4:24:25:716282,0
657.3909,281.9971,4:24:25:720405,0
657.3909,281.9971,4:24:25:724414,0
657.3909,281.9971,4:24:25:728473,0
657.3909,281.9971,4:24:25:732559,0
657.3909,281.9971,4:24:25:736538,0
657.3909,281.9971,4:24:25:740554,0
657.3909,281.9971,4:24:25:744559,0
657.3909,281.9971,4:24:25:748565,0
657.3909,281.9971,4:24:25:752902,0
657.3909,281.9971,4:24:25:756923,0
657.3909,281.9971,4:24:25:759929,0
657.3909,281.9971,4:24:25:764006,0
657.3909,281.9971,4:24:25:767978,0
657.3909,281.9971,4:24:25:772572,0
657.3909,281.9971,4:24:25:777670,0
657.3909,281.9971,4:24:25:779686,0
657.3909,281.9971,4:24:25:783753,0
657.3909,281.9971,4:24:25:787689,0
657.3909,281.9971,4:24:25:791750,0
657.3909,281.9971,4:24:25:796579,0
657.3909,281.9971,4:24:25:800745,0
657.3909,281.9971,4:24:25:804802,0
657.3909,281.9971,4:24:25:807967,0
657.3909,281.9971,4:24:25:811823,0
657.3909,281.9971,4:24:25:815831,0
657.3909,281.9971,4:24:25:819821,0
657.3909,281.9971,4:24:25:824549,0
657.932,281.9971,4:24:25:828564,0
657.932,281.9971,4:24:25:832567,0
657.932,281.9971,4:24:25:836565,0
657.932,281.9971,4:24:25:840568,0
657.932,281.9971,4:24:25:844737,0
657.932,281.9971,4:24:25:848758,0
657.932,281.9971,4:24:25:852758,0
657.932,281.9971,4:24:25:856758,0
657.932,281.9971,4:24:25:860757,0
657.932,281.9971,4:24:25:864562,0
657.932,281.9971,4:24:25:868582,0
657.932,281.9971,4:24:25:872582,0
657.932,281.9971,4:24:25:876583,0
657.932,281.9971,4:24:25:880583,0
657.932,281.9971,4:24:25:884610,0
657.932,281.9971,4:24:25:888432,0
657.932,281.9971,4:24:25:892466,0
657.932,281.9971,4:24:25:896453,0
657.932,281.9971,4:24:25:900450,0
657.932,281.9971,4:24:25:904452,0
657.932,281.9971,4:24:25:908564,0
657.932,281.9971,4:24:25:912482,0
657.932,281.9971,4:24:25:916971,0
657.932,281.9971,4:24:25:919987,0
657.932,281.9971,4:24:25:924041,0
657.932,281.9971,4:24:25:927990,0
657.932,281.9971,4:24:25:931988,0
657.932,281.9971,4:24:25:936256,0
657.932,281.9971,4:24:25:940326,0
657.932,281.9971,4:24:25:944342,0
657.932,281.9971,4:24:25:948342,0
657.932,281.9971,4:24:25:952408,0
657.932,281.9971,4:24:25:956342,0
657.932,281.9971,4:24:25:960855,0
657.932,281.9971,4:24:25:963882,0
657.932,281.9971,4:24:25:967901,0
657.932,281.9971,4:24:25:971919,0
657.932,281.9971,4:24:25:975936,0
657.932,281.9971,4:24:25:980119,0
657.932,281.9971,4:24:25:984126,0
657.932,281.9971,4:24:25:988118,0
657.932,281.9971,4:24:25:992118,0
657.932,281.4141,4:24:25:996407,0
657.932,281.4141,4:24:26:000498,0
657.932,281.4141,4:24:26:004478,0
657.932,281.4141,4:24:26:008477,0
657.932,281.4141,4:24:26:012831,0
657.932,281.4141,4:24:26:016851,0
657.932,281.4141,4:24:26:020851,0
657.932,281.4141,4:24:26:024848,0
657.932,281.4141,4:24:26:027848,0
657.932,281.4141,4:24:26:032697,0
657.932,281.4141,4:24:26:036718,0
657.932,281.4141,4:24:26:041714,0
657.932,281.4141,4:24:26:043713,0
657.932,281.4141,4:24:26:047718,0
657.932,281.4141,4:24:26:052737,0
657.932,281.4141,4:24:26:056735,0
657.932,281.4141,4:24:26:060734,0
657.932,281.4141,4:24:26:063749,0
657.932,281.4141,4:24:26:067734,0
657.932,281.4141,4:24:26:072205,0
657.932,281.4141,4:24:26:076533,0
657.932,281.4141,4:24:26:080529,0
657.932,281.4141,4:24:26:084534,0
657.932,281.4141,4:24:26:088536,0
657.932,281.4141,4:24:26:092532,0
657.932,281.4141,4:24:26:096755,0
657.932,281.4141,4:24:26:099773,0
657.932,281.4141,4:24:26:103778,0
657.932,281.4141,4:24:26:109772,0
657.932,281.4141,4:24:26:112770,0
657.932,281.4141,4:24:26:116745,0
657.932,281.4141,4:24:26:120462,0
657.932,281.4141,4:24:26:124463,0
657.932,281.4141,4:24:26:128465,0
657.932,281.4141,4:24:26:132465,0
657.932,281.4141,4:24:26:137027,0
657.932,281.4141,4:24:26:140086,0
657.932,281.4141,4:24:26:144058,0
657.932,281.4141,4:24:26:148053,0
657.932,281.4141,4:24:26:152047,0
657.932,281.4141,4:24:26:156143,0
657.932,281.4141,4:24:26:161053,0
657.932,281.4141,4:24:26:164105,0
657.932,281.4141,4:24:26:168073,0
657.932,281.4141,4:24:26:172065,0
657.932,281.4141,4:24:26:176065,0
657.932,281.4141,4:24:26:181421,0
657.932,281.4141,4:24:26:184944,0
657.932,281.4141,4:24:26:188944,0
657.932,281.4141,4:24:26:191950,0
657.932,281.4141,4:24:26:195964,0
657.932,281.4141,4:24:26:200706,0
657.932,281.4141,4:24:26:204726,0
657.932,281.4141,4:24:26:208726,0
657.932,281.4141,4:24:26:213851,0
657.932,281.4141,4:24:26:216473,0
657.932,281.4141,4:24:26:220776,0
657.932,281.4141,4:24:26:224224,0
657.932,281.4141,4:24:26:228273,0
657.932,281.4141,4:24:26:232240,0
657.932,281.4141,4:24:26:236244,0
657.932,281.4141,4:24:26:240241,0
657.932,281.4141,4:24:26:244548,0
657.932,281.4141,4:24:26:248480,0
657.932,281.4141,4:24:26:252342,0
657.932,281.4141,4:24:26:256411,0
657.932,281.4141,4:24:26:260338,0
657.932,281.4141,4:24:26:264340,0
657.932,281.4141,4:24:26:268324,0
657.932,281.4141,4:24:26:272458,0
657.932,281.4141,4:24:26:276460,0
657.932,281.4141,4:24:26:280460,0
657.932,281.4141,4:24:26:284451,0
657.932,281.4141,4:24:26:288245,0
657.932,281.4141,4:24:26:292537,0
657.932,281.4141,4:24:26:296556,0
657.932,281.4141,4:24:26:300558,0
657.932,281.4141,4:24:26:304556,0
657.4647,281.4141,4:24:26:308996,0
657.4647,281.4141,4:24:26:312103,0
657.4647,281.4141,4:24:26:316015,0
657.4647,281.4141,4:24:26:321014,0
657.4647,281.4141,4:24:26:324103,0
657.4647,281.4141,4:24:26:328908,0
657.4647,281.4141,4:24:26:331921,0
657.4647,281.4141,4:24:26:335909,0
657.4647,281.4141,4:24:26:340909,0
657.4647,281.4141,4:24:26:344654,0
657.4647,281.4141,4:24:26:347691,0
657.4647,281.4141,4:24:26:351691,0
657.4647,281.4141,4:24:26:355690,0
657.4647,281.4141,4:24:26:359675,0
657.4647,281.4141,4:24:26:364754,0
657.4647,281.4141,4:24:26:368091,0
657.4647,281.4141,4:24:26:373076,0
657.4647,281.4141,4:24:26:376203,0
657.4647,281.4141,4:24:26:380113,0
657.4647,281.4141,4:24:26:384096,0
657.4647,281.4141,4:24:26:388095,0
657.4647,281.4141,4:24:26:392463,0
657.4647,281.4141,4:24:26:396483,0
657.4647,281.4141,4:24:26:400485,0
657.4647,281.4141,4:24:26:404483,0
657.4647,281.4141,4:24:26:408479,0
657.4647,281.4141,4:24:26:412585,0
657.4647,281.4141,4:24:26:416482,0
657.4647,281.4141,4:24:26:420571,0
657.4647,281.4141,4:24:26:424576,0
657.4647,281.4141,4:24:26:428577,0
657.4647,281.4141,4:24:26:432576,0
657.4647,281.4141,4:24:26:436577,0
657.4647,281.4141,4:24:26:440375,0
657.4647,281.4141,4:24:26:444037,0
657.4647,281.4141,4:24:26:448933,0
657.4647,281.4141,4:24:26:452050,0
657.4647,281.4141,4:24:26:455970,0
657.4647,281.4141,4:24:26:459970,0
657.4647,281.4141,4:24:26:463957,0
657.4647,281.4141,4:24:26:468587,0
657.4647,281.4141,4:24:26:472478,0
657.4647,281.4141,4:24:26:476797,0
657.4647,281.4141,4:24:26:479816,0
657.4647,281.4141,4:24:26:483835,0
657.4647,281.4141,4:24:26:487820,0
657.4647,281.4141,4:24:26:491817,0
657.4647,281.4141,4:24:26:496520,0
657.4647,281.4141,4:24:26:499812,0
657.4647,281.4141,4:24:26:504478,0
657.4647,281.4141,4:24:26:508473,0
657.4647,281.4141,4:24:26:512372,0
657.4647,281.4141,4:24:26:516394,0
657.4647,281.4141,4:24:26:520391,0
657.4647,281.4141,4:24:26:524396,0
656.9236,281.4141,4:24:26:528478,0
656.9236,281.4141,4:24:26:532481,0
656.9236,281.4141,4:24:26:536951,0
656.9236,281.4141,4:24:26:539970,0
656.9236,281.4141,4:24:26:544970,0
656.9236,281.4141,4:24:26:547970,0
656.9236,281.4141,4:24:26:551970,0
656.9236,281.4141,4:24:26:556476,0
656.9236,281.4141,4:24:26:560346,0
656.9236,281.4141,4:24:26:564369,0
656.9236,281.4141,4:24:26:569367,0
656.9236,281.4141,4:24:26:572364,0
656.9236,281.4141,4:24:26:576366,0
656.9236,281.4141,4:24:26:580313,0
656.9236,281.4141,4:24:26:584454,0
656.9236,281.4141,4:24:26:588526,0
656.9236,281.4141,4:24:26:591525,0
656.9236,281.4141,4:24:26:596523,0
656.9236,281.4141,4:24:26:600523,0
656.9236,281.4141,4:24:26:604307,0
656.9236,281.4141,4:24:26:608703,0
656.9236,281.4141,4:24:26:612703,0
656.9236,281.4141,4:24:26:616697,0
656.9236,281.4141,4:24:26:619699,0
656.9236,281.4141,4:24:26:623886,0
656.9236,281.4141,4:24:26:629489,0
656.9236,281.4141,4:24:26:632502,0
656.9236,281.4141,4:24:26:635505,0
656.9236,281.4141,4:24:26:640510,0
656.9236,281.4141,4:24:26:644990,0
656.9236,281.4141,4:24:26:648533,0
656.9236,281.4141,4:24:26:651530,0
656.9236,281.4141,4:24:26:655530,0
656.9236,281.4141,4:24:26:660530,0
656.9236,281.4141,4:24:26:664652,0
656.9236,281.4141,4:24:26:668667,0
656.9236,281.4141,4:24:26:672671,0
656.9236,281.4141,4:24:26:676666,0
656.9236,281.4141,4:24:26:680668,0
656.9236,281.4141,4:24:26:684948,0
656.9236,281.4141,4:24:26:687966,0
656.9236,281.4141,4:24:26:691978,0
656.9236,281.4141,4:24:26:695983,0
656.9236,281.4141,4:24:26:700118,0
656.9236,281.4141,4:24:26:704769,0
656.9236,281.4141,4:24:26:708296,0
656.9236,281.4141,4:24:26:711997,0
656.9236,281.4141,4:24:26:715900,0
656.9236,281.4141,4:24:26:719861,0
656.9236,281.4141,4:24:26:723949,0
656.9236,281.4141,4:24:26:728014,0
656.9236,281.4141,4:24:26:732080,0
656.9236,281.4141,4:24:26:736095,0
656.9236,281.4141,4:24:26:740033,0
656.9236,281.4141,4:24:26:744424,0
656.9236,281.4141,4:24:26:748495,0
656.9236,281.4141,4:24:26:751511,0
656.9236,281.4141,4:24:26:756516,0
656.9236,281.4141,4:24:26:760515,0
656.9236,281.4141,4:24:26:764516,0
656.9236,281.4141,4:24:26:768766,0
656.9236,281.4141,4:24:26:772307,0
656.9236,281.4141,4:24:26:776391,0
656.9236,281.4141,4:24:26:780292,0
656.9236,281.4141,4:24:26:784398,0
656.9236,281.4141,4:24:26:788677,0
656.9236,281.4141,4:24:26:792696,0
656.9236,281.4141,4:24:26:795695,0
656.9236,281.4141,4:24:26:799695,0
656.9236,281.4141,4:24:26:803696,0
656.9236,281.4141,4:24:26:808710,0
656.9236,281.4141,4:24:26:812476,0
656.9236,281.4141,4:24:26:815930,0
656.9236,281.4141,4:24:26:819973,0
656.9236,281.4141,4:24:26:823929,0
656.9236,281.4141,4:24:26:828093,0
656.9236,281.4141,4:24:26:832756,0
656.9236,281.4141,4:24:26:836289,0
656.9236,281.4141,4:24:26:840299,0
656.9236,282.0262,4:24:26:844387,0
656.9236,282.0262,4:24:26:848299,0
656.9236,282.0262,4:24:26:852740,0
656.9236,282.0262,4:24:26:856760,0
656.4318,282.0262,4:24:26:860761,0
656.4318,282.0262,4:24:26:864760,0
656.4318,282.0262,4:24:26:868942,0
656.4318,282.0262,4:24:26:872982,0
656.4318,282.0262,4:24:26:876565,0
656.4318,282.0262,4:24:26:880436,0
656.4318,282.0262,4:24:26:884571,0
656.4318,282.0262,4:24:26:888593,0
656.4318,282.0262,4:24:26:892593,0
656.4318,282.0262,4:24:26:896592,0
656.4318,282.0262,4:24:26:900592,0
656.4318,282.0262,4:24:26:904477,0
656.4318,282.0262,4:24:26:908520,0
656.4318,282.0262,4:24:26:912620,0
656.4318,282.0262,4:24:26:916622,0
656.4318,282.0262,4:24:26:920620,0
656.4318,282.0262,4:24:26:924620,0
656.4318,282.0262,4:24:26:928779,0
656.4318,282.0262,4:24:26:932795,0
656.4318,282.0262,4:24:26:935829,0
656.4318,282.0262,4:24:26:939816,0
656.4318,282.0262,4:24:26:943803,0
656.4318,282.0262,4:24:26:948569,0
656.4318,282.0262,4:24:26:952410,0
656.4318,282.0262,4:24:26:956461,0
656.4318,282.0262,4:24:26:960496,0
656.4318,282.0262,4:24:26:964464,0
656.4318,282.0262,4:24:26:968497,0
656.4318,282.0262,4:24:26:972433,0
656.4318,282.0262,4:24:26:976552,0
656.4318,282.0262,4:24:26:980507,0
656.4318,282.0262,4:24:26:984648,0
656.4318,282.0262,4:24:26:988650,0
656.4318,282.0262,4:24:26:992649,0
656.4318,282.0262,4:24:26:996647,0
656.4318,282.0262,4:24:27:000453,0
656.4318,282.0262,4:24:27:004331,0
655.8416,282.0262,4:24:27:008355,0
655.8416,282.0262,4:24:27:012357,0
655.8416,282.0262,4:24:27:016355,0
655.8416,282.0262,4:24:27:020489,0
655.8416,282.0262,4:24:27:024480,0
655.8416,282.0262,4:24:27:028242,0
655.8416,282.0262,4:24:27:032761,0
655.8416,282.0262,4:24:27:035839,0
655.8416,282.0262,4:24:27:039779,0
655.8416,282.0262,4:24:27:044779,0
655.8416,282.0262,4:24:27:048776,0
655.8416,282.0262,4:24:27:052570,0
655.8416,282.0262,4:24:27:056198,0
655.8416,282.755,4:24:27:060199,0
655.8416,282.755,4:24:27:064260,0
655.8416,282.755,4:24:27:068237,0
655.8416,282.755,4:24:27:072822,0
655.3743,282.755,4:24:27:076843,0
655.3743,282.755,4:24:27:079846,0
655.3743,282.755,4:24:27:083842,0
655.3743,282.755,4:24:27:087847,0
655.3743,282.755,4:24:27:091839,0
655.3743,282.755,4:24:27:096143,0
655.3743,282.755,4:24:27:100141,0
655.3743,282.755,4:24:27:104160,0
655.3743,282.755,4:24:27:109142,0
655.3743,282.755,4:24:27:112316,0
655.3743,282.755,4:24:27:116475,0
655.3743,283.3963,4:24:27:120939,0
655.3743,283.3963,4:24:27:124007,0
655.3743,283.3963,4:24:27:128059,0
655.3743,283.3963,4:24:27:132026,0
655.3743,283.3963,4:24:27:136003,0
655.3743,283.3963,4:24:27:139958,0
654.8824,283.3963,4:24:27:145676,0
654.8824,283.3963,4:24:27:147676,0
654.8824,283.3963,4:24:27:152681,0
654.8824,283.3963,4:24:27:156680,0
654.8824,283.3963,4:24:27:160781,0
654.8824,284.0959,4:24:27:163800,0
654.8824,284.0959,4:24:27:167816,0
654.8824,284.0959,4:24:27:171817,0
654.8824,284.0959,4:24:27:175799,0
654.8824,284.6206,4:24:27:180425,0
654.8824,284.6206,4:24:27:184487,0
654.8824,285.087,4:24:27:188504,0
654.8824,285.087,4:24:27:191518,0
654.8824,285.3785,4:24:27:196504,0
654.8824,285.3785,4:24:27:200509,0
654.8824,285.6408,4:24:27:204570,0
654.8824,285.7866,4:24:27:208282,0
654.8824,285.7866,4:24:27:212196,0
654.8824,285.7866,4:24:27:216231,0
654.8824,285.7866,4:24:27:220196,0
654.8824,285.7866,4:24:27:224888,0
654.8824,285.7866,4:24:27:228904,0
654.8824,285.7866,4:24:27:231906,0
654.8824,285.7866,4:24:27:235929,0
654.8824,285.7866,4:24:27:240019,0
654.8824,285.7866,4:24:27:243981,0
654.8824,285.7866,4:24:27:248562,0
654.8824,286.6028,4:24:27:252570,0
654.8824,286.6028,4:24:27:255663,0
654.8824,286.6028,4:24:27:259677,0
654.8824,287.3607,4:24:27:263663,0
654.8824,287.3607,4:24:27:267706,0
654.8824,287.3607,4:24:27:272542,0
654.2921,287.7979,4:24:27:276420,0
654.2921,287.7979,4:24:27:280016,0
654.2921,288.1477,4:24:27:284034,0
654.2921,288.1477,4:24:27:288096,0
653.8986,288.5558,4:24:27:292120,0
653.8986,288.8474,4:24:27:296474,0
653.8986,289.1097,4:24:27:300476,0
653.8986,289.3429,4:24:27:304207,0
653.8986,289.5469,4:24:27:308204,0
653.8986,289.8384,4:24:27:312278,0
653.8986,290.0717,4:24:27:316202,0
653.8986,290.3048,4:24:27:320567,0
653.3083,290.3632,4:24:27:324384,0
653.3083,290.5381,4:24:27:328436,0
653.3083,290.7712,4:24:27:332507,0
652.8411,291.0045,4:24:27:336507,0
652.8411,291.2085,4:24:27:340507,0
652.8411,291.3542,4:24:27:344508,0
652.4968,291.5,4:24:27:348454,0
652.4968,291.5,4:24:27:352476,0
652.4968,291.7332,4:24:27:356510,0
652.0787,291.7332,4:24:27:360823,0
652.0787,291.9664,4:24:27:364349,0
651.7098,292.2288,4:24:27:369355,0
651.4885,292.5203,4:24:27:372350,0
651.2179,292.8701,4:24:27:376349,0
650.7752,293.1907,4:24:27:380409,0
650.3571,293.6862,4:24:27:383986,0
649.9882,294.1818,4:24:27:387961,0
649.6193,294.7648,4:24:27:392942,0
649.2504,295.1437,4:24:27:395946,0
648.8323,295.4061,4:24:27:400053,0
648.4388,295.8142,4:24:27:403957,0
648.1437,296.0765,4:24:27:407957,0
647.8978,296.3972,4:24:27:412558,0
647.6272,296.6304,4:24:27:416422,0
647.3321,296.951,4:24:27:420092,0
647.2337,297.3008,4:24:27:424123,0
646.9632,297.6215,4:24:27:428129,0
646.8648,298.117,4:24:27:432162,0
646.6681,298.4669,4:24:27:436791,0
646.1762,298.8458,4:24:27:439810,0
646.004,299.2831,4:24:27:443828,0
645.7827,299.6912,4:24:27:447811,0
645.6597,299.9826,4:24:27:451860,0
645.2416,300.2159,4:24:27:456571,0
645.0449,300.5074,4:24:27:460474,0
644.676,300.7989,4:24:27:464373,0
644.4055,301.032,4:24:27:468394,0
644.3317,301.3527,4:24:27:472393,0
644.1103,301.6151,4:24:27:476397,0
643.9382,301.8774,4:24:27:480393,0
643.6184,302.2563,4:24:27:484551,0
643.5447,302.577,4:24:27:488872,0
643.0528,302.9268,4:24:27:491963,0
642.8806,303.1891,4:24:27:496892,0
642.6839,303.5098,4:24:27:500892,0
642.5363,303.743,4:24:27:505059,0
642.1428,304.0345,4:24:27:510724,0
641.7493,304.326,4:24:27:513725,0
641.3804,304.4717,4:24:27:515725,0
640.8394,304.6466,4:24:27:519733,0
640.6426,304.7924,4:24:27:524891,0
640.2983,305.0547,4:24:27:528115,0
639.9294,305.1422,4:24:27:532052,0
639.5851,305.3463,4:24:27:536121,0
639.0932,305.4045,4:24:27:540054,0
638.6751,305.5211,4:24:27:544050,0
638.3062,305.6669,4:24:27:548569,0
637.9865,305.8418,4:24:27:552569,0
637.6913,305.9584,4:24:27:556250,0
637.4454,305.9584,4:24:27:560272,0
637.0027,305.9875,4:24:27:565272,0
636.6584,305.9875,4:24:27:568270,0
636.5847,306.1042,4:24:27:572271,0
636.4863,306.1042,4:24:27:576509,0
636.3633,306.1042,4:24:27:580540,0
636.2895,306.1042,4:24:27:584531,0
636.2157,306.1042,4:24:27:588529,0
636.0928,306.1042,4:24:27:592738,0
636.0928,305.4337,4:24:27:595558,0
636.0928,305.4337,4:24:27:599557,0
636.0928,305.4337,4:24:27:603617,0
636.0928,304.8799,4:24:27:608555,0
636.0928,304.8799,4:24:27:612707,0
636.0928,304.8799,4:24:27:617721,0
636.0928,304.326,4:24:27:619723,0
636.0928,304.326,4:24:27:623724,0
636.0928,304.326,4:24:27:627726,0
636.0928,304.326,4:24:27:632418,0
636.0928,303.9179,4:24:27:636777,0
636.0928,303.9179,4:24:27:640569,0
636.0928,303.6847,4:24:27:644498,0
636.0928,303.6847,4:24:27:648514,0
636.0928,303.5389,4:24:27:652515,0
636.0928,303.4224,4:24:27:656515,0
636.0928,303.4224,4:24:27:660514,0
636.0928,303.4224,4:24:27:665516,0
636.0928,303.3349,4:24:27:669792,0
636.0928,303.2766,4:24:27:671810,0
636.0928,303.2474,4:24:27:676809,0
636.0928,303.2474,4:24:27:679814,0
636.0928,303.2474,4:24:27:683810,0
636.0928,303.2474,4:24:27:688320,0
636.0928,303.2474,4:24:27:692056,0
636.0928,303.2474,4:24:27:696494,0
635.2566,304.0637,4:24:27:700512,0
635.2566,304.0637,4:24:27:704511,0
633.9285,304.0637,4:24:27:708510,0
632.9694,304.7341,4:24:27:712510,0
632.9694,304.7341,4:24:27:730827,0
