188.6832,310.3309,5:09:24:494506,0
188.6832,310.3309,5:09:24:499516,0
188.6832,310.3309,5:09:24:503514,0
188.6832,310.3309,5:09:24:507515,0
189.2981,310.3309,5:09:24:511618,0
189.2981,311.0305,5:09:24:515859,0
189.2981,311.0305,5:09:24:519687,0
189.2981,311.5844,5:09:24:523859,0
189.7408,311.5844,5:09:24:527683,0
189.7408,312.3714,5:09:24:532160,0
189.7408,312.3714,5:09:24:535173,0
189.7408,313.0127,5:09:24:540074,0
189.003,313.0127,5:09:24:543084,0
189.003,313.7415,5:09:24:548085,0
189.003,313.7415,5:09:24:552082,0
188.4373,314.237,5:09:24:556107,0
188.4373,314.237,5:09:24:560134,0
188.0192,314.4994,5:09:24:564465,0
188.0192,314.4994,5:09:24:567475,0
187.6257,314.4994,5:09:24:571483,0
187.6257,314.4994,5:09:24:575475,0
187.2076,314.4994,5:09:24:579535,0
186.9617,314.4994,5:09:24:583475,0
186.7403,314.4994,5:09:24:588348,0
186.7403,314.4994,5:09:24:591358,0
186.4206,314.4994,5:09:24:595373,0
186.2731,313.8872,5:09:24:599361,0
186.2731,313.8872,5:09:24:603373,0
186.1501,313.8872,5:09:24:607508,0
186.1255,313.8872,5:09:24:612061,0
186.1255,313.2751,5:09:24:615448,0
186.1255,313.2751,5:09:24:619644,0
186.1255,313.2751,5:09:24:623630,0
186.1255,312.8087,5:09:24:627682,0
186.1255,312.8087,5:09:24:631629,0
186.1255,312.5172,5:09:24:636157,0
186.1255,312.5172,5:09:24:639165,0
186.1255,312.1674,5:09:24:644166,0
186.7649,311.9925,5:09:24:647170,0
186.7649,311.7884,5:09:24:651257,0
187.2322,311.6426,5:09:24:655167,0
187.2322,311.4386,5:09:24:659294,0
187.7979,311.2054,5:09:24:663316,0
188.1422,310.9431,5:09:24:668136,0
188.4619,310.6516,5:09:24:671174,0
188.7324,310.36,5:09:24:676068,0
189.0768,310.0977,5:09:24:679079,0
189.4211,309.8062,5:09:24:684081,0
189.7162,309.5147,5:09:24:687079,0
189.9867,309.2523,5:09:24:692078,0
190.2327,308.99,5:09:24:695082,0
190.4786,308.7568,5:09:24:700141,0
190.6999,308.5527,5:09:24:703150,0
190.8967,308.3195,5:09:24:708068,0
191.0443,308.1447,5:09:24:711234,0
191.1672,307.9989,5:09:24:715957,0
191.3394,307.7949,5:09:24:718972,0
191.4623,307.6783,5:09:24:723971,0
191.6099,307.5034,5:09:24:726970,0
191.7821,307.3576,5:09:24:731969,0
191.9296,307.1827,5:09:24:734969,0
192.1264,306.9786,5:09:24:740114,0
192.2985,306.8329,5:09:24:743629,0
192.5199,306.5706,5:09:24:747628,0
192.7166,306.3373,5:09:24:751628,0
192.938,306.0167,5:09:24:755629,0
193.1347,305.7543,5:09:24:759782,0
193.3315,305.4337,5:09:24:763834,0
193.5282,305.1422,5:09:24:767856,0
193.7496,304.7632,5:09:24:771845,0
193.9217,304.4426,5:09:24:775846,0
194.0939,304.1511,5:09:24:780186,0
194.2414,303.8013,5:09:24:783198,0
194.3644,303.5389,5:09:24:787194,0
194.4628,303.2766,5:09:24:792194,0
194.5612,303.1017,5:09:24:795194,0
194.6103,302.956,5:09:24:799196,0
194.6349,302.8394,5:09:24:803814,0
194.6349,302.8394,5:09:24:807905,0
194.6349,302.8394,5:09:24:810915,0
194.6349,302.8394,5:09:24:814947,0
194.6349,302.8394,5:09:24:819916,0
193.8233,302.8394,5:09:24:822913,0
193.8233,302.8394,5:09:24:827937,574
192.8888,302.8394,5:09:24:830929,573
192.3231,302.8394,5:09:24:835625,570
191.7821,302.8394,5:09:24:839622,567
191.2164,302.8394,5:09:24:843797,562
190.6999,302.8394,5:09:24:847624,560
190.3064,302.8394,5:09:24:851752,556
190.0113,302.8394,5:09:24:855761,550
190.0113,302.8394,5:09:24:859886,551
189.667,303.6847,5:09:24:863913,553
189.667,303.6847,5:09:24:867900,553
189.667,304.3552,5:09:24:871919,568
189.667,304.3552,5:09:24:875902,570
189.667,305.3171,5:09:24:879901,570
189.667,305.9293,5:09:24:883955,573
189.667,306.5706,5:09:24:886970,571
189.667,307.3285,5:09:24:892040,588
189.667,308.1447,5:09:24:894978,607
189.667,309.0191,5:09:24:899888,630
189.667,309.9519,5:09:24:903885,649
189.667,310.9431,5:09:24:907940,664
189.667,311.9925,5:09:24:910888,703
189.667,313.1293,5:09:24:916130,743
189.667,314.237,5:09:24:919139,797
189.667,315.4613,5:09:24:924139,867
189.667,316.6856,5:09:24:927140,925
189.667,317.9973,5:09:24:932307,1004
190.1097,319.3091,5:09:24:935321,1090
190.1097,320.6791,5:09:24:939316,1161
190.5278,322.1367,5:09:24:943317,1246
190.7983,323.5359,5:09:24:947318,1317
191.2164,324.9933,5:09:24:951319,1381
191.6345,326.4508,5:09:24:956018,1450
192.2001,328.025,5:09:24:959020,1503
192.8396,329.5699,5:09:24:964275,1545
193.602,331.1148,5:09:24:967305,1587
194.512,332.6306,5:09:24:971286,1616
195.5449,334.0881,5:09:24:975284,1634
196.6762,335.4582,5:09:24:979283,1655
197.9797,336.7116,5:09:24:983283,1662
199.4307,337.8193,5:09:24:987974,1676
200.9801,338.723,5:09:24:990981,1690
202.7263,339.4518,5:09:24:995758,1709
204.6692,340.0056,5:09:24:999767,1712
206.7351,340.4137,5:09:25:004042,1723
208.9731,340.6177,5:09:25:007017,1730
211.3587,340.6469,5:09:25:011862,1733
213.7935,340.6469,5:09:25:015873,1755
216.302,340.6469,5:09:25:019876,1757
218.8106,339.6849,5:09:25:023874,1763
221.2946,338.9854,5:09:25:027873,1764
223.7539,338.0817,5:09:25:031883,1762
226.1395,337.0031,5:09:25:035872,1765
228.4513,335.7788,5:09:25:039887,1768
230.6156,334.3505,5:09:25:042873,1779
232.8044,332.8639,5:09:25:047873,1785
234.9933,331.3189,5:09:25:051774,1786
237.1575,329.6865,5:09:25:055775,1789
239.2726,328.025,5:09:25:059732,1783
241.3631,326.2759,5:09:25:063763,1777
243.3797,324.5269,5:09:25:067741,1777
245.2489,322.8362,5:09:25:071773,1765
247.0196,321.1747,5:09:25:075760,1754
248.6182,319.4257,5:09:25:079300,1755
250.0201,317.735,5:09:25:083337,1751
251.2006,316.0151,5:09:25:087388,1754
252.1597,314.3536,5:09:25:091326,1759
252.8237,312.7212,5:09:25:095856,1753
253.3402,311.1471,5:09:25:099865,1751
253.6107,309.6313,5:09:25:103449,1740
253.6845,308.1738,5:09:25:107454,1739
253.6845,306.8037,5:09:25:111449,1724
253.6845,305.5211,5:09:25:115451,1716
252.6762,304.2968,5:09:25:119800,1719
251.9384,303.1891,5:09:25:123458,1703
251.0284,302.1106,5:09:25:127863,1702
249.8971,301.2069,5:09:25:131873,1694
248.5936,300.449,5:09:25:135874,1689
247.0688,299.7786,5:09:25:139873,1686
245.3472,299.2248,5:09:25:143876,1675
243.6011,298.8458,5:09:25:147873,1668
241.7812,298.5834,5:09:25:151819,1671
239.912,298.5251,5:09:25:155777,1671
238.0675,298.5251,5:09:25:159097,1682
236.2722,298.5251,5:09:25:164107,1688
234.526,298.5251,5:09:25:168072,1676
232.9274,299.3705,5:09:25:172110,1678
231.4764,299.3705,5:09:25:175130,1677
230.0253,300.2741,5:09:25:179124,1683
228.7219,300.2741,5:09:25:183184,1686
227.566,301.3235,5:09:25:187124,1693
226.5576,301.8482,5:09:25:191929,1699
225.7214,302.3146,5:09:25:194959,1692
225.0574,302.7227,5:09:25:199938,1699
224.5655,303.1017,5:09:25:202937,1705
224.2212,303.4807,5:09:25:207041,1699
224.0491,303.8013,5:09:25:211186,1709
223.9999,304.1511,5:09:25:216280,1713
223.9999,304.3552,5:09:25:219281,1709
223.9999,304.5883,5:09:25:223283,1727
224.6393,304.7341,5:09:25:227281,1735
224.6393,304.7341,5:09:25:231863,1743
225.6968,304.7341,5:09:25:235874,1752
226.4101,304.7341,5:09:25:239920,1760
227.2954,304.7341,5:09:25:242920,1770
228.3776,303.8304,5:09:25:247950,1778
229.6319,303.1309,5:09:25:250920,1794
231.0583,302.2563,5:09:25:255814,1800
232.7552,301.0612,5:09:25:259850,1812
234.7227,299.662,5:09:25:262932,1823
236.9608,298.0587,5:09:25:267935,1839
239.5185,296.3389,5:09:25:271931,1847
242.2484,294.4733,5:09:25:274935,1851
245.1505,292.5494,5:09:25:279966,1859
248.1755,290.5381,5:09:25:282973,1853
251.2743,288.5558,5:09:25:287730,1854
254.3978,286.6028,5:09:25:290977,1849
257.4966,284.708,5:09:25:295864,1844
260.5216,282.8133,5:09:25:299874,1847
263.4482,281.006,5:09:25:303874,1845
266.4487,279.2278,5:09:25:307887,1851
269.4245,277.4789,5:09:25:311875,1855
272.302,275.8173,5:09:25:315875,1851
275.1057,274.1266,5:09:25:319879,1854
277.7864,272.5233,5:09:25:323885,1860
280.3441,270.9201,5:09:25:327863,1864
282.7789,269.4043,5:09:25:330892,1870
285.0416,267.9468,5:09:25:335825,1873
287.0583,266.4893,5:09:25:339823,1871
288.952,265.0901,5:09:25:343828,1873
290.6735,263.7492,5:09:25:347831,1869
292.2229,262.4958,5:09:25:351788,1866
293.6494,261.2423,5:09:25:355789,1868
294.9774,260.018,5:09:25:359616,1866
296.1825,258.852,5:09:25:363622,1868
297.2155,257.8318,5:09:25:367670,1866
298.15,256.8406,5:09:25:371673,1848
299.0354,255.9662,5:09:25:375672,1805
299.7732,255.1208,5:09:25:379670,1751
300.4619,254.392,5:09:25:383807,1670
301.1013,253.6924,5:09:25:387836,1571
301.5932,253.0803,5:09:25:391800,1480
302.0359,252.5556,5:09:25:395809,1353
302.4048,252.1183,5:09:25:399808,1236
302.6507,251.7686,5:09:25:403808,1117
302.8228,251.3896,5:09:25:407826,1000
302.872,251.0981,5:09:25:411808,892
302.872,250.8649,5:09:25:415806,759
302.872,250.69,5:09:25:419823,615
302.872,250.5734,5:09:25:423817,426
302.2818,250.4568,5:09:25:427830,250
302.2818,250.3402,5:09:25:431817,116
301.5686,250.2236,5:09:25:435817,0
301.5686,250.1362,5:09:25:439862,0
300.7816,249.9904,5:09:25:442870,0
300.3143,249.7863,5:09:25:447083,0
299.847,249.6406,5:09:25:451011,0
299.3059,249.4366,5:09:25:455013,0
298.8141,249.0867,5:09:25:459009,0
298.3714,248.7661,5:09:25:463858,0
297.9779,248.2997,5:09:25:466866,0
297.5352,247.7458,5:09:25:471223,0
297.1171,247.0462,5:09:25:475227,0
296.7728,246.2883,5:09:25:479224,0
296.5023,245.3555,5:09:25:483224,0
296.2809,244.3062,5:09:25:487972,0
296.1579,243.1693,5:09:25:490982,0
296.035,241.945,5:09:25:495984,0
295.9612,240.6624,5:09:25:500993,0
295.912,239.2341,5:09:25:504981,0
295.912,237.7474,5:09:25:507980,0
295.8874,236.2316,5:09:25:511983,0
295.8874,234.6866,5:09:25:516982,0
295.8382,233.0542,5:09:25:519238,0
295.8382,231.4218,5:09:25:523248,0
295.8382,229.7894,5:09:25:527371,0
295.7644,228.2445,5:09:25:531248,0
295.6906,226.6996,5:09:25:535247,0
295.5923,225.2129,5:09:25:539249,0
295.4693,223.8137,5:09:25:543806,0
295.3217,222.5894,5:09:25:546994,0
295.125,221.336,5:09:25:550993,0
294.7561,220.1408,5:09:25:555993,0
294.338,218.9456,5:09:25:558991,1199
293.8461,217.8671,5:09:25:563288,1232
293.3051,216.9052,5:09:25:567299,1334
292.7148,216.0015,5:09:25:571337,1449
292.1246,215.0979,5:09:25:575333,1598
291.5343,214.2233,5:09:25:579338,1746
290.9687,213.4655,5:09:25:583335,1872
290.5014,212.8824,5:09:25:587860,1988
290.1571,212.4452,5:09:25:591869,2082
289.8865,212.0663,5:09:25:596871,2148
289.6898,211.8039,5:09:25:599868,2163
289.5668,211.5999,5:09:25:603941,2169
289.5422,211.5124,5:09:25:606951,2169
289.5422,211.5124,5:09:25:611110,2167
289.5422,211.5124,5:09:25:615056,2164
289.5422,211.5124,5:09:25:619057,2171
289.5422,212.212,5:09:25:623059,2169
290.2554,212.212,5:09:25:627856,2176
290.2554,213.5237,5:09:25:631068,2205
290.9933,214.4274,5:09:25:635059,2242
291.4359,215.6517,5:09:25:639056,2295
291.977,217.1675,5:09:25:643056,2367
292.5427,219.004,5:09:25:647054,2434
293.1329,221.1028,5:09:25:651414,2502
293.7969,223.4056,5:09:25:655423,2589
294.4364,225.9125,5:09:25:659430,2660
295.1988,228.5069,5:09:25:663422,2730
295.9612,231.2761,5:09:25:667422,2795
296.7728,234.0453,5:09:25:671423,2851
297.5598,236.8438,5:09:25:675765,2904
298.396,239.5838,5:09:25:679796,2956
299.3059,242.3531,5:09:25:683969,3004
300.2897,245.1223,5:09:25:686980,3052
301.3472,248.1248,5:09:25:691788,3095
302.5031,251.3022,5:09:25:695786,3137
303.659,254.6835,5:09:25:699314,3176
304.8641,258.269,5:09:25:703314,3206
306.2168,262.0002,5:09:25:707429,3233
307.594,265.848,5:09:25:711322,3254
308.9713,269.6958,5:09:25:715853,3271
310.2747,273.6602,5:09:25:719865,3280
311.5782,277.4497,5:09:25:723604,3289
312.8817,281.1517,5:09:25:727605,3307
314.0868,284.8829,5:09:25:731607,3327
315.2427,288.6725,5:09:25:735604,3340
316.374,292.4328,5:09:25:738975,3351
317.4561,296.2223,5:09:25:743986,3348
318.4891,299.9826,5:09:25:747984,3347
319.4482,303.6555,5:09:25:751985,3348
320.4074,307.2119,5:09:25:754985,3346
321.3419,310.5349,5:09:25:758985,3348
322.2027,313.6248,5:09:25:763206,3352
323.0881,316.3066,5:09:25:767036,3351
323.9489,318.7844,5:09:25:772039,3356
324.7359,320.9706,5:09:25:776042,3352
325.5229,322.8946,5:09:25:779869,3345
326.2607,324.6436,5:09:25:782904,3335
326.9985,326.1885,5:09:25:787509,3300
327.6133,327.5586,5:09:25:791439,3228
328.2036,328.7245,5:09:25:795438,3115
328.7447,329.6573,5:09:25:799439,2971
329.2119,330.3861,5:09:25:803444,2815
329.5808,330.8233,5:09:25:807456,2619
329.9006,331.0565,5:09:25:811872,2343
330.0727,331.0565,5:09:25:814883,1953
330.2449,331.0565,5:09:25:819883,1458
330.3187,329.8031,5:09:25:822883,949
330.3924,328.7537,5:09:25:827881,505
330.3924,327.3836,5:09:25:830883,212
330.3924,325.6346,5:09:25:835276,0
330.3924,323.565,5:09:25:839288,0
330.3924,321.2039,5:09:25:843286,0
330.3924,318.5804,5:09:25:847289,0
330.3924,315.6071,5:09:25:851860,0
330.3924,312.3131,5:09:25:855215,0
330.3924,308.8151,5:09:25:859634,0
329.9497,305.1714,5:09:25:863534,0
329.9497,301.4402,5:09:25:867566,0
329.9497,297.6215,5:09:25:871534,0
329.9497,293.8611,5:09:25:876028,0
329.9497,290.1008,5:09:25:879039,0
329.9497,286.5154,5:09:25:883857,0
329.9497,282.9882,5:09:25:887884,0
329.6054,279.5485,5:09:25:890867,0
329.6054,276.1088,5:09:25:895869,0
329.3349,272.6982,5:09:25:899867,0
329.3349,269.2294,5:09:25:903886,0
328.966,265.7897,5:09:25:907867,0
328.7693,262.2917,5:09:25:911877,0
328.5725,258.7646,5:09:25:915221,0
328.3266,255.2083,5:09:25:919222,0
328.1544,251.7686,5:09:25:924222,0
327.9576,248.358,5:09:25:927223,0
327.7609,244.9474,5:09:25:931863,0
327.5396,241.6243,5:09:25:935379,0
327.3674,238.1555,5:09:25:939850,0
327.1953,234.6575,5:09:25:943878,0
327.1215,231.1012,5:09:25:947856,0
327.0477,227.6906,5:09:25:951878,0
326.9985,224.2801,5:09:25:955877,0
326.9985,221.0153,5:09:25:959878,0
326.9985,217.9254,5:09:25:963935,0
326.9985,215.0687,5:09:25:967450,0
326.9985,212.5035,5:09:25:971945,0
326.9985,210.3172,5:09:25:974952,0
326.9985,208.4516,5:09:25:979863,0
327.6133,206.761,5:09:25:982876,0
327.6133,205.1577,5:09:25:987874,0
327.6133,203.467,5:09:25:991884,0
327.6133,201.8929,5:09:25:995873,1753
327.6133,200.2896,5:09:25:999873,1784
327.6133,198.8613,5:09:26:003874,1866
327.6133,197.5204,5:09:26:007871,1960
327.0231,196.2961,5:09:26:011860,2067
327.0231,195.1593,5:09:26:015871,2141
327.0231,194.2847,5:09:26:019944,2165
326.482,193.7892,5:09:26:023952,2176
326.482,193.4977,5:09:26:027944,2175
326.482,193.4394,5:09:26:030945,2174
326.482,193.4394,5:09:26:035805,2175
327.0723,193.4394,5:09:26:039060,2174
327.0723,194.4014,5:09:26:045065,2172
328.0806,195.101,5:09:26:048068,2171
328.7939,196.0046,5:09:26:051060,2172
329.6054,197.1123,5:09:26:056061,2182
330.6138,198.3949,5:09:26:059060,2192
331.7451,199.8524,5:09:26:063272,2214
333.024,201.4556,5:09:26:067285,2242
334.4012,203.2338,5:09:26:071611,2277
335.8277,205.0994,5:09:26:075621,2320
337.3525,207.1691,5:09:26:079865,2377
338.9265,209.4136,5:09:26:083900,2443
340.5251,211.9496,5:09:26:087901,2508
342.0745,214.8064,5:09:26:090904,2586
343.5993,217.9545,5:09:26:096015,2656
345.0503,221.336,5:09:26:101864,2727
346.4767,224.8631,5:09:26:103874,2801
347.8786,228.5652,5:09:26:107874,2873
349.2313,232.3546,5:09:26:111872,2949
350.6085,236.1733,5:09:26:115874,3019
351.912,239.9045,5:09:26:119875,3086
353.2646,243.6066,5:09:26:123859,3153
354.6419,247.396,5:09:26:127869,3212
356.0683,251.3022,5:09:26:131860,3265
357.4456,255.2957,5:09:26:135871,3310
358.872,259.4059,5:09:26:139868,3338
360.3722,263.516,5:09:26:143871,3360
361.9708,267.6844,5:09:26:147870,3381
363.6186,271.7363,5:09:26:151870,3391
365.3156,275.7299,5:09:26:155846,3405
367.0617,279.5193,5:09:26:159847,3416
368.8079,283.1048,5:09:26:163850,3425
370.6524,286.6028,5:09:26:167866,3439
372.4724,289.9842,5:09:26:171596,3447
374.2677,293.3365,5:09:26:175609,3454
376.0385,296.5429,5:09:26:179899,3455
377.7354,299.6328,5:09:26:182909,3452
379.4078,302.5187,5:09:26:187068,3451
381.031,305.1714,5:09:26:191043,3434
382.5804,307.5908,5:09:26:195042,3389
384.1052,309.6605,5:09:26:199045,3299
385.5808,311.3803,5:09:26:203858,3147
386.9581,312.7503,5:09:26:207868,2931
388.3107,313.8289,5:09:26:211119,2648
389.5404,314.6159,5:09:26:215120,2306
390.7455,315.0823,5:09:26:219173,1844
391.926,315.1989,5:09:26:223119,1288
393.1065,315.1989,5:09:26:227805,753
394.2624,314.2953,5:09:26:231185,325
395.4183,313.1584,5:09:26:235117,0
396.525,311.6426,5:09:26:239115,0
397.5826,309.6896,5:09:26:243164,0
398.6155,307.2993,5:09:26:248117,0
399.5746,304.4426,5:09:26:251115,0
400.3617,301.411,5:09:26:255856,0
401.0749,298.117,5:09:26:259867,0
401.6651,294.619,5:09:26:263866,0
402.1816,291.0045,5:09:26:267869,0
402.6735,287.2441,5:09:26:271866,0
403.1161,283.5129,5:09:26:274867,0
403.5342,279.7817,5:09:26:279857,0
404.0261,276.0797,5:09:26:283867,0
404.518,272.261,5:09:26:286868,0
405.0099,268.5006,5:09:26:291856,0
405.5755,264.6237,5:09:26:294867,0
406.1412,260.7759,5:09:26:299874,0
406.7314,257.0155,5:09:26:303866,0
407.2971,253.3135,5:09:26:307878,0
407.8873,249.6115,5:09:26:312185,0
408.4284,245.9677,5:09:26:315198,0
408.9449,242.3531,5:09:26:319236,0
409.4859,238.7677,5:09:26:323194,0
409.9778,235.2405,5:09:26:327193,0
410.4451,231.7133,5:09:26:331866,0
410.937,228.2153,5:09:26:334876,0
411.4534,224.5424,5:09:26:339873,0
411.9699,220.7821,5:09:26:343882,0
412.5356,216.9926,5:09:26:347881,0
413.1996,213.2614,5:09:26:351883,0
413.8636,209.5011,5:09:26:356221,0
414.6014,205.7699,5:09:26:359261,0
415.536,202.097,5:09:26:363231,0
416.5443,198.5115,5:09:26:367231,0
417.6757,195.0426,5:09:26:371230,0
418.9053,191.7487,5:09:26:375811,0
420.1842,188.5714,5:09:26:379408,0
421.5369,185.4523,5:09:26:383435,0
422.9387,182.4498,5:09:26:387452,0
424.2914,179.6806,5:09:26:391579,0
425.6686,177.0862,5:09:26:395467,0
426.9475,174.7542,5:09:26:399470,0
428.1526,172.6846,5:09:26:403467,0
429.2839,170.8773,5:09:26:407465,0
430.4152,169.274,5:09:26:411690,0
431.3744,168.0206,5:09:26:415722,0
432.2597,167.0587,5:09:26:419723,0
432.973,166.1259,5:09:26:424137,0
433.4156,165.1348,5:09:26:427172,0
433.6862,164.1145,5:09:26:431812,2025
433.76,163.1234,5:09:26:435840,2037
433.76,162.1615,5:09:26:439837,2075
433.76,161.2869,5:09:26:443820,2160
433.76,160.4999,5:09:26:447822,2250
432.8746,159.7128,5:09:26:451784,2324
432.8746,159.1007,5:09:26:455785,2366
432.8746,158.8092,5:09:26:459723,2361
432.3089,158.7218,5:09:26:463732,2350
432.3089,158.7218,5:09:26:467732,2350
432.3089,158.7218,5:09:26:471758,2350
432.3089,159.8586,5:09:26:475973,2357
433.2927,160.6165,5:09:26:478983,2367
433.8337,161.6076,5:09:26:483611,2371
434.4978,162.8027,5:09:26:487611,2379
435.2602,164.1728,5:09:26:491614,2385
436.121,165.7177,5:09:26:495611,2391
437.0801,167.3793,5:09:26:501629,2397
438.1131,169.2449,5:09:26:504613,2412
439.1952,171.198,5:09:26:507614,2422
440.2773,173.3842,5:09:26:512081,2448
441.4086,175.8328,5:09:26:515091,2483
442.5154,178.6312,5:09:26:519092,2509
443.6713,181.7211,5:09:26:523095,2546
444.8271,185.015,5:09:26:527094,2574
445.9585,188.4547,5:09:26:532095,2604
447.1144,192.011,5:09:26:537092,2638
448.2949,195.5674,5:09:26:542100,2668
449.4508,199.0654,5:09:26:544095,2694
450.6805,202.4467,5:09:26:547090,2709
451.8364,205.6241,5:09:26:551091,2725
453.0415,208.6266,5:09:26:556093,2744
454.3449,211.5415,5:09:26:559099,2766
455.673,214.4857,5:09:26:563106,2782
457.0748,217.3132,5:09:26:567441,2798
458.5751,220.17,5:09:26:571984,2807
460.1245,222.91,5:09:26:575793,2807
461.6985,225.5336,5:09:26:579792,2812
463.3217,228.0113,5:09:26:583794,2786
464.994,230.3433,5:09:26:587793,2693
466.5188,232.4421,5:09:26:592893,2534
467.9945,234.2494,5:09:26:595893,2297
469.2979,235.7652,5:09:26:599895,1951
470.4784,237.0186,5:09:26:603908,1508
471.5114,238.0098,5:09:26:607910,1007
472.2984,238.7677,5:09:26:611910,540
472.8886,239.1758,5:09:26:615857,210
473.2821,239.3215,5:09:26:619884,0
473.5035,239.3215,5:09:26:623865,0
473.5035,239.3215,5:09:26:627882,0
473.5035,237.9223,5:09:26:631868,0
472.7903,236.8729,5:09:26:635868,0
472.1754,235.5903,5:09:26:639898,0
471.3146,234.0162,5:09:26:642903,0
470.4293,232.2672,5:09:26:647903,0
469.3963,230.4599,5:09:26:650902,0
468.2896,228.5069,5:09:26:655847,0
467.1829,226.4955,5:09:26:659856,0
466.1499,224.4841,5:09:26:663908,0
465.117,222.4728,5:09:26:667910,0
464.1824,220.5197,5:09:26:670925,0
463.3217,218.625,5:09:26:675908,0
462.5101,216.8177,5:09:26:679848,0
461.7722,215.127,5:09:26:682856,0
461.059,213.582,5:09:26:687851,0
460.395,212.1537,5:09:26:691859,0
459.7064,210.8711,5:09:26:695869,0
459.0424,209.7634,5:09:26:698867,0
458.4029,208.7723,5:09:26:703857,0
457.8127,207.927,5:09:26:706867,0
457.1978,207.1691,5:09:26:711865,0
456.6813,206.5278,5:09:26:715880,0
456.1403,205.9739,5:09:26:718867,0
455.55,205.3326,5:09:26:723867,0
455.009,204.6622,5:09:26:727867,0
454.4187,203.9917,5:09:26:731884,1353
453.8531,203.3212,5:09:26:734867,1390
453.2628,202.6508,5:09:26:739347,1450
452.648,202.0387,5:09:26:743348,1538
452.0823,201.3974,5:09:26:747347,1633
451.5659,200.7852,5:09:26:751348,1691
451.1477,200.2896,5:09:26:754881,1730
450.828,199.9398,5:09:26:759896,1738
450.6067,199.7066,5:09:26:763565,1735
450.4345,199.5609,5:09:26:767568,1732
450.3607,199.4443,5:09:26:771563,1720
450.3116,199.4443,5:09:26:775565,1720
450.2378,199.4443,5:09:26:780108,1723
450.1886,199.4443,5:09:26:783149,1730
450.0164,199.4443,5:09:26:787154,1740
449.7705,200.552,5:09:26:791118,1740
449.4262,200.552,5:09:26:795117,1748
448.9343,201.8055,5:09:26:799118,1755
448.2457,202.6216,5:09:26:803863,1764
447.3603,203.5544,5:09:26:806873,1766
446.2782,204.5164,5:09:26:811165,1768
444.9009,205.595,5:09:26:815173,1769
443.3761,206.7027,5:09:26:819229,1770
441.5562,207.8978,5:09:26:823173,1770
439.4903,209.0638,5:09:26:827177,1774
437.2523,210.3172,5:09:26:831175,1796
434.8175,211.629,5:09:26:835863,1833
432.2843,212.8824,5:09:26:839872,1902
429.7266,214.2816,5:09:26:843874,1976
427.1197,215.7683,5:09:26:847874,2049
424.5373,217.3716,5:09:26:850942,2113
422.0287,219.0331,5:09:26:854940,2167
419.6432,220.7821,5:09:26:858956,2210
417.3313,222.5311,5:09:26:863942,2241
415.1917,224.3676,5:09:26:867500,2275
413.175,226.2332,5:09:26:871512,2292
411.2321,228.0696,5:09:26:875778,2302
409.4367,229.7894,5:09:26:879788,2307
407.789,231.5093,5:09:26:883823,2306
406.3134,233.0834,5:09:26:887788,2305
405.0345,234.6575,5:09:26:891831,2304
403.9523,236.0858,5:09:26:895789,2307
403.0178,237.5142,5:09:26:899803,2305
402.3046,238.8259,5:09:26:904749,2308
401.7635,240.0794,5:09:26:907782,2312
401.4192,241.3037,5:09:26:911771,2316
401.2716,242.4697,5:09:26:915781,2315
401.2716,243.6066,5:09:26:919822,2316
401.2716,244.6851,5:09:26:923782,2320
401.2716,245.7345,5:09:26:927833,2322
402.3046,246.6382,5:09:26:931844,2328
402.8948,247.4835,5:09:26:935802,2329
403.608,248.2706,5:09:26:939794,2326
404.395,248.9118,5:09:26:943392,2322
405.305,249.4366,5:09:26:947391,2321
406.1904,249.8155,5:09:26:951390,2324
407.1987,250.0487,5:09:26:955394,2328
408.2317,250.1362,5:09:26:959713,2326
409.3138,250.1362,5:09:26:963721,2328
410.4451,250.1362,5:09:26:967722,2316
411.601,249.3491,5:09:26:971753,2304
412.7815,249.3491,5:09:26:975743,2287
413.9374,248.0665,5:09:26:979778,2255
415.0933,247.192,5:09:26:983755,2224
416.2,246.2883,5:09:26:987802,2190
417.233,245.239,5:09:26:991854,2156
418.1429,244.1313,5:09:26:995864,2140
418.9545,242.9361,5:09:26:999369,2127
419.594,241.6826,5:09:27:003367,2121
420.135,240.4292,5:09:27:007367,2113
420.5039,239.1758,5:09:27:012366,2101
420.7499,237.864,5:09:27:016377,2098
420.8482,236.5814,5:09:27:019366,2088
420.8482,235.3571,5:09:27:023841,2086
420.8482,234.1328,5:09:27:027851,2084
420.1842,232.9959,5:09:27:031939,2080
420.1842,231.9757,5:09:27:034940,2078
419.1267,231.1012,5:09:27:039282,2076
418.4135,230.3433,5:09:27:043282,2069
417.6019,229.7894,5:09:27:047279,2058
416.6673,229.4397,5:09:27:051279,2046
415.6344,229.2356,5:09:27:054932,2026
414.5522,229.2356,5:09:27:059315,1988
413.3226,229.2356,5:09:27:065303,1941
412.0437,229.9352,5:09:27:067319,1868
410.6664,229.9352,5:09:27:073301,1746
409.1908,231.2469,5:09:27:076300,1575
407.6906,232.0923,5:09:27:080317,1351
406.1658,233.0251,5:09:27:083300,1086
404.6902,233.987,5:09:27:087302,808
403.2637,234.949,5:09:27:091302,525
401.9602,235.9109,5:09:27:095302,286
400.8044,236.7563,5:09:27:099346,118
399.8944,237.4559,5:09:27:103385,0
399.2303,238.0681,5:09:27:107849,0
398.8615,238.4178,5:09:27:111353,0
398.7631,238.4178,5:09:27:115407,0
398.7631,238.4178,5:09:27:121353,0
399.4517,238.4178,5:09:27:123353,0
400.1649,238.4178,5:09:27:127505,0
401.1487,237.0478,5:09:27:131368,0
402.3292,236.0858,5:09:27:135571,0
403.608,234.949,5:09:27:139462,0
405.1082,233.6081,5:09:27:143931,0
406.6577,232.0923,5:09:27:146939,0
408.4284,230.4016,5:09:27:151768,0
410.2975,228.4777,5:09:27:155659,0
412.3142,226.4081,5:09:27:159723,0
414.5522,224.2801,5:09:27:163684,0
416.8149,221.9481,5:09:27:167586,0
419.2497,219.4704,5:09:27:171606,0
421.8812,216.9052,5:09:27:175856,0
424.6357,214.2816,5:09:27:179868,0
427.4148,211.5999,5:09:27:184299,0
430.1939,208.918,5:09:27:187297,0
432.973,206.2946,5:09:27:191302,0
435.7275,203.5544,5:09:27:195298,0
438.5804,200.9018,5:09:27:199299,0
441.3348,198.22,5:09:27:203299,0
444.3107,195.5674,5:09:27:207930,0
446.9422,192.8273,5:09:27:210938,0
449.7951,190.1163,5:09:27:215940,0
452.6726,187.2887,5:09:27:218938,0
455.5746,184.4904,5:09:27:224122,0
458.4767,181.4879,5:09:27:228131,0
461.305,178.4854,5:09:27:231130,0
464.207,175.5704,5:09:27:235132,0
466.8878,172.6555,5:09:27:239131,0
469.8636,169.8279,5:09:27:243801,0
472.7903,167.0587,5:09:27:247193,0
475.8645,164.4352,5:09:27:251195,0
478.8157,161.8408,5:09:27:255205,0
481.7916,159.5088,5:09:27:259204,0
484.7674,157.3808,5:09:27:263207,0
487.7187,155.3403,5:09:27:267852,0
490.6207,153.4164,5:09:27:271368,0
493.449,151.6383,5:09:27:275367,0
496.1051,149.9767,5:09:27:279866,0
498.4907,148.461,5:09:27:283738,0
500.8517,147.2075,5:09:27:287745,0
502.9668,146.0123,5:09:27:291736,0
504.9097,144.8755,5:09:27:295821,0
506.6559,144.001,5:09:27:299735,0
508.1315,143.2431,5:09:27:303758,0
509.3611,142.7184,5:09:27:307744,0
510.3449,142.3686,5:09:27:311744,0
511.0335,142.0188,5:09:27:315872,0
511.4024,141.669,5:09:27:319872,0
511.5008,141.3483,5:09:27:323872,1779
511.5008,141.1443,5:09:27:327912,1775
511.5008,140.9986,5:09:27:331871,1765
510.2711,140.9402,5:09:27:335891,1760
509.4841,140.9402,5:09:27:339863,1748
508.6234,140.9402,5:09:27:343874,1741
507.6642,140.9402,5:09:27:347932,1754
506.6313,141.7565,5:09:27:351932,1739
505.5983,142.5143,5:09:27:355948,1712
504.4916,143.4763,5:09:27:359936,1652
503.3849,144.5549,5:09:27:363279,1570
502.1552,145.7209,5:09:27:367289,1470
500.8763,147.0326,5:09:27:370996,1362
499.4991,148.3443,5:09:27:375999,1258
497.9742,149.7144,5:09:27:379998,1150
496.3511,151.0844,5:09:27:383995,1072
494.6295,152.3671,5:09:27:387866,1011
492.8833,153.4164,5:09:27:390876,968
491.0388,154.4367,5:09:27:395807,932
489.1697,155.2529,5:09:27:399183,905
487.2268,155.8651,5:09:27:403278,882
485.2347,156.3606,5:09:27:407165,871
483.218,156.6521,5:09:27:411007,863
481.2259,156.6521,5:09:27:415006,862
479.2338,156.6521,5:09:27:419069,887
477.1925,156.6521,5:09:27:423007,929
475.1266,155.7193,5:09:27:427945,1003
473.11,154.9323,5:09:27:430955,1092
471.1671,153.9411,5:09:27:434983,1185
469.2979,152.7168,5:09:27:438954,1262
467.478,151.3468,5:09:27:442955,1316
465.8302,149.8018,5:09:27:446956,1372
464.3546,148.1986,5:09:27:451848,1392
463.0511,146.537,5:09:27:455857,1415
461.9444,144.7881,5:09:27:459861,1428
461.0836,143.0974,5:09:27:463864,1422
460.4196,141.4066,5:09:27:466975,1424
460.0507,139.8034,5:09:27:471865,1414
459.9523,138.171,5:09:27:475857,1401
459.9523,136.6552,5:09:27:479898,1395
460.5917,135.1102,5:09:27:483872,1382
461.305,133.5945,5:09:27:487857,1369
462.2395,132.1369,5:09:27:490865,1365
463.3954,130.7377,5:09:27:495848,1357
464.7235,129.3969,5:09:27:499848,1348
466.1745,128.1434,5:09:27:503850,1348
467.7239,127.0065,5:09:27:507873,1348
469.2979,125.9863,5:09:27:511857,1340
470.9211,125.141,5:09:27:515850,1340
472.5197,124.4705,5:09:27:520157,1348
474.0691,124.0041,5:09:27:523167,1348
475.6431,123.7126,5:09:27:527229,1353
477.1679,123.6252,5:09:27:531170,1357
478.6682,123.6252,5:09:27:535166,1357
480.193,123.6252,5:09:27:539167,1365
481.7178,124.4705,5:09:27:543857,1370
483.1934,124.4705,5:09:27:546867,1378
484.792,125.8988,5:09:27:551803,1382
486.4152,126.8025,5:09:27:555800,1382
488.0876,127.8519,5:09:27:560800,1390
489.7845,129.0179,5:09:27:564801,1395
491.5061,130.3297,5:09:27:567801,1408
493.1785,131.758,5:09:27:571799,1417
494.8263,133.3321,5:09:27:575802,1422
496.4494,135.1102,5:09:27:579801,1434
497.8759,137.005,5:09:27:583808,1441
499.1548,139.1038,5:09:27:587863,1450
500.3107,141.5524,5:09:27:591871,1467
501.2452,144.205,5:09:27:595871,1468
502.0322,147.0909,5:09:27:599982,1477
502.6225,150.1808,5:09:27:602992,1490
503.0406,153.3582,5:09:27:606999,1492
503.2373,156.5355,5:09:27:610992,1507
503.2373,159.7711,5:09:27:614992,1512
503.2373,162.9193,5:09:27:618990,1514
503.2373,165.8635,5:09:27:623371,1526
502.1798,168.7202,5:09:27:627374,1528
501.4911,171.4603,5:09:27:631470,1548
500.6304,174.0546,5:09:27:635371,1565
499.5974,176.5616,5:09:27:639788,1575
498.3677,179.0393,5:09:27:643386,1599
497.0397,181.4588,5:09:27:647611,1598
495.4903,183.7616,5:09:27:651540,1602
493.8425,185.8895,5:09:27:655538,1611
492.1701,187.9009,5:09:27:659541,1608
490.3748,189.679,5:09:27:663268,1610
488.5794,191.2531,5:09:27:667277,1617
486.7349,192.5941,5:09:27:671493,1620
484.915,193.6726,5:09:27:675502,1620
483.1442,194.4597,5:09:27:679853,1627
481.3735,195.0426,5:09:27:682889,1627
479.7011,195.3633,5:09:27:687891,1628
477.9795,195.509,5:09:27:690889,1637
476.2826,195.509,5:09:27:695887,1641
474.6594,195.509,5:09:27:698889,1647
473.0854,195.509,5:09:27:703800,1661
471.536,194.4014,5:09:27:707004,1684
470.0849,194.4014,5:09:27:711963,1724
468.7077,193.1479,5:09:27:714958,1770
467.4534,192.4483,5:09:27:719960,1817
466.2975,191.7195,5:09:27:722959,1862
465.2892,190.9617,5:09:27:728067,1905
464.4284,190.2038,5:09:27:731075,1960
463.666,189.475,5:09:27:735077,2013
463.1495,188.8629,5:09:27:739076,2056
462.7068,188.2507,5:09:27:744078,2085
462.4117,187.7551,5:09:27:747075,2093
462.2887,187.2596,5:09:27:751802,2092
462.2887,186.8515,5:09:27:755830,2098
462.2887,186.5309,5:09:27:759810,2096
462.9282,186.2393,5:09:27:763813,2099
463.5184,185.977,5:09:27:767827,2105
464.3054,185.7729,5:09:27:771835,2102
465.3383,185.6272,5:09:27:775857,2106
466.5188,185.5689,5:09:27:779860,2105
467.9207,185.5689,5:09:27:782896,2112
469.5193,185.5689,5:09:27:787800,2117
471.2654,185.5689,5:09:27:790955,2123
473.1591,185.5689,5:09:27:795854,2125
475.1758,186.2977,5:09:27:799865,2124
477.2663,186.2977,5:09:27:803862,2128
479.4797,187.2013,5:09:27:807866,2138
481.8408,187.2013,5:09:27:811865,2149
484.4231,188.309,5:09:27:814868,2158
487.1284,188.9794,5:09:27:819870,2172
489.9321,189.7082,5:09:27:823876,2171
492.8588,190.5244,5:09:27:827727,2173
495.7854,191.3989,5:09:27:831726,2176
498.7613,192.3609,5:09:27:835728,2182
501.6879,193.3811,5:09:27:839724,2192
504.5408,194.3722,5:09:27:843573,2207
507.2215,195.4507,5:09:27:847448,2225
509.8038,196.5293,5:09:27:851788,2231
512.2386,197.5495,5:09:27:855798,2234
514.6734,198.5698,5:09:27:859798,2233
517.0836,199.5318,5:09:27:863812,2231
519.4938,200.3771,5:09:27:867825,2237
521.904,201.1933,5:09:27:871810,2240
524.265,201.922,5:09:27:875813,2255
526.6014,202.5051,5:09:27:879798,2257
528.864,203.0589,5:09:27:883854,2261
531.1021,203.5253,5:09:27:887879,2272
533.1679,203.8459,5:09:27:891032,2265
535.1354,204.0208,5:09:27:895042,2254
536.9307,204.1375,5:09:27:899158,2179
538.554,204.1375,5:09:27:903042,2041
540.0049,204.1375,5:09:27:907041,1799
541.456,203.4379,5:09:27:911041,1449
542.7349,203.4379,5:09:27:915845,1012
543.8908,201.9512,5:09:27:919867,580
544.8745,200.8143,5:09:27:923280,259
545.7599,199.4151,5:09:27:927267,0
546.4977,197.6662,5:09:27:931267,0
547.1371,195.6257,5:09:27:935267,0
547.5306,193.2645,5:09:27:939267,0
547.6536,190.6993,5:09:27:943267,0
547.6536,187.9009,5:09:27:947627,0
547.6536,184.8693,5:09:27:951627,0
546.8912,181.6337,5:09:27:955639,0
546.2026,178.2814,5:09:27:959627,0
545.3172,174.7834,5:09:27:963853,0
544.3335,171.198,5:09:27:967863,0
543.3005,167.5833,5:09:27:972065,0
542.1938,163.8813,5:09:27:975074,0
541.1363,160.121,5:09:27:979148,0
540.0541,156.3898,5:09:27:983074,0
538.972,152.6586,5:09:27:988075,0
538.0129,148.9565,5:09:27:991074,0
537.1029,145.3127,5:09:27:995798,0
536.2421,141.7565,5:09:27:999084,0
535.3813,138.4042,5:09:28:003083,0
534.5698,135.1394,5:09:28:007806,0
533.709,132.0786,5:09:28:011193,0
532.8974,129.1928,5:09:28:015193,0
532.1104,126.4818,5:09:28:020192,0
531.3234,123.9166,5:09:28:024193,0
530.6102,121.5264,5:09:28:027731,0
529.8969,119.2818,5:09:28:031696,0
529.2575,117.1247,5:09:28:035697,0
528.741,115.0259,5:09:28:039697,0
528.3229,113.102,5:09:28:043694,0
528.1016,111.3239,5:09:28:047737,0
527.9786,109.7497,5:09:28:051708,0
527.9786,108.2923,5:09:28:055761,0
527.9786,107.0097,5:09:28:059771,0
528.5688,105.9019,5:09:28:063776,0
528.5688,105.1149,5:09:28:067770,0
529.4296,104.2695,5:09:28:073843,0
529.4296,103.3659,5:09:28:076870,0
530.1183,102.5205,5:09:28:080848,2315
530.1183,101.7918,5:09:28:083846,2318
530.5856,101.1796,5:09:28:087846,2323
530.5856,100.6258,5:09:28:091980,2321
530.5856,100.1594,5:09:28:094990,2315
530.8807,99.72215,5:09:28:099850,2317
530.8807,99.6347,5:09:28:103861,2307
531.3972,99.6347,5:09:28:107023,2307
531.8644,100.3634,5:09:28:111029,2317
532.4793,101.1505,5:09:28:115029,2317
533.2417,102.0833,5:09:28:119029,2333
534.1763,103.3659,5:09:28:123844,2349
535.2584,105.0857,5:09:28:127852,2358
536.488,107.0679,5:09:28:131920,2368
537.7915,109.3708,5:09:28:134904,2373
539.1934,111.8777,5:09:28:139904,2380
540.6444,114.5886,5:09:28:143904,2389
542.1692,117.4162,5:09:28:147904,2403
543.694,120.4478,5:09:28:150904,2407
545.1943,123.4502,5:09:28:155940,2414
546.6945,126.3944,5:09:28:158949,2422
548.1209,129.426,5:09:28:163266,2430
549.5474,132.4868,5:09:28:167277,2459
550.8754,135.6641,5:09:28:171951,2490
552.2281,139.0746,5:09:28:175963,2522
553.4824,142.5726,5:09:28:179305,2557
554.6628,146.2747,5:09:28:183324,2586
555.8187,150.035,5:09:28:187449,2613
556.9501,153.7954,5:09:28:191446,2640
557.983,157.4975,5:09:28:195449,2663
559.0405,161.1412,5:09:28:199456,2676
559.9997,164.61,5:09:28:203551,2690
560.9589,167.8748,5:09:28:207446,2700
561.918,170.8773,5:09:28:211446,2714
562.7788,173.7632,5:09:28:215446,2728
563.7133,176.5616,5:09:28:219782,2741
564.5987,179.3017,5:09:28:223793,2751
565.5333,181.9834,5:09:28:227793,2751
566.4432,184.5195,5:09:28:231793,2751
567.3532,186.8806,5:09:28:236022,2733
568.214,189.1252,5:09:28:239033,2670
569.0502,191.1074,5:09:28:243033,2548
569.9109,192.8564,5:09:28:247033,2334
570.6734,194.2265,5:09:28:251035,2021
571.4112,195.305,5:09:28:255033,1607
572.0998,195.9754,5:09:28:259107,1086
572.7147,196.2378,5:09:28:263118,615
573.2557,196.2378,5:09:28:267440,256
573.723,196.2378,5:09:28:271453,0
573.9935,194.6346,5:09:28:276121,0
574.1411,193.2645,5:09:28:279675,0
574.1411,191.4572,5:09:28:283694,0
574.1411,189.3293,5:09:28:287675,0
573.4033,186.8515,5:09:28:291723,0
572.7147,184.1405,5:09:28:295675,0
571.9031,181.1964,5:09:28:299853,0
570.9685,178.1648,5:09:28:303371,0
569.8618,175.0166,5:09:28:307799,0
568.7797,171.8392,5:09:28:311518,0
567.6483,168.6036,5:09:28:315379,0
566.5416,165.3096,5:09:28:319385,0
565.4103,162.0157,5:09:28:322964,0
564.279,158.7218,5:09:28:326955,0
563.1477,155.4278,5:09:28:330940,0
562.041,152.1339,5:09:28:334940,0
560.9343,148.869,5:09:28:338940,0
559.7783,145.6626,5:09:28:343827,0
558.5978,142.5435,5:09:28:347838,0
557.319,139.5119,5:09:28:351907,0
555.9663,136.5969,5:09:28:354924,0
554.6382,133.7693,5:09:28:359907,0
553.2118,131.1458,5:09:28:363903,0
551.7608,128.5515,5:09:28:367928,0
550.1868,126.0737,5:09:28:370935,0
548.6128,123.6252,5:09:28:375184,0
546.965,121.264,5:09:28:379798,0
545.3418,118.8446,5:09:28:383809,0
543.7186,116.4834,5:09:28:387806,0
542.0709,114.1514,5:09:28:391830,0
540.4476,111.7903,5:09:28:395847,0
538.7999,109.4874,5:09:28:398858,0
537.1275,107.3011,5:09:28:403806,0
535.4305,104.9983,5:09:28:407816,0
533.586,102.6663,5:09:28:411817,0
531.6677,100.276,5:09:28:415866,1290
529.6756,97.85655,5:09:28:419875,1301
527.5851,95.34965,5:09:28:423876,1317
525.5192,92.7553,5:09:28:427877,1345
523.5272,89.98605,5:09:28:430876,1386
521.5842,86.9836,5:09:28:436112,1408
519.8381,83.8354,5:09:28:439120,1422
518.2641,80.65805,5:09:28:443121,1436
516.9606,77.45155,5:09:28:447123,1436
515.9277,74.30335,5:09:28:451124,1443
515.1407,71.21345,5:09:28:455122,1445
514.5012,68.211,5:09:28:459115,1457
514.034,65.32515,5:09:28:463138,1451
513.6896,62.6142,5:09:28:467570,1445
513.4929,60.1073,5:09:28:471571,1445
513.3945,57.68785,5:09:28:475627,1422
513.3699,55.3267,5:09:28:479570,1422
513.3699,52.90725,5:09:28:483918,1419
513.3699,50.51695,5:09:28:486927,1416
513.3699,48.06835,5:09:28:491858,1413
513.3699,45.5906,5:09:28:495868,1410
513.9356,43.0254,5:09:28:499800,1394
513.9356,40.5768,5:09:28:503716,1391
513.9356,38.21565,5:09:28:507718,1392
514.5258,36.00025,5:09:28:511716,1387
514.5258,33.90145,5:09:28:515821,1399
515.0669,31.91925,5:09:28:519716,1418
515.0669,30.1994,5:09:28:523691,1428
515.6572,28.6253,5:09:28:527702,1465
516.0015,27.25525,5:09:28:531709,1520
516.3704,26.03095,5:09:28:535719,1562
516.7393,24.92325,5:09:28:539723,1618
517.1082,23.99045,5:09:28:543718,1651
517.5017,23.2034,5:09:28:548032,1661
517.9198,22.47465,5:09:28:551040,1668
518.4363,21.9791,5:09:28:555043,1665
518.9527,21.60015,5:09:28:559044,1658
519.543,21.3378,5:09:28:563098,1658
520.2316,21.25035,5:09:28:567040,1655
520.994,21.25035,5:09:28:571635,1676
521.904,21.25035,5:09:28:575633,1708
522.8877,22.0374,5:09:28:581634,1748
523.9944,22.0374,5:09:28:585635,1794
525.1995,23.4366,5:09:28:589634,1823
526.4784,24.486,5:09:28:592634,1851
527.8557,25.73945,5:09:28:595633,1898
529.3067,27.13865,5:09:28:599674,1945
530.7577,28.8585,5:09:28:603682,2000
532.3071,30.899,5:09:28:608637,2070
533.8811,33.1727,5:09:28:611637,2130
535.5043,35.82535,5:09:28:615673,2204
537.1275,38.56545,5:09:28:619636,2276
538.7999,41.5096,5:09:28:623636,2333
540.5214,44.5995,5:09:28:627707,2386
542.2676,47.806,5:09:28:631841,2430
543.9399,51.04165,5:09:28:635852,2463
545.7353,54.24815,5:09:28:640633,2502
547.6044,57.4255,5:09:28:643630,2539
549.572,60.71945,5:09:28:647634,2584
551.6624,64.2466,5:09:28:651630,2637
553.8513,67.8612,5:09:28:655617,2684
556.0401,71.67985,5:09:28:659627,2731
558.3273,75.6151,5:09:28:663621,2772
560.6883,79.5212,5:09:28:667599,2809
563.1231,83.5439,5:09:28:671597,2848
565.4595,87.53745,5:09:28:675599,2880
567.7713,91.531,5:09:28:679844,2920
570.0585,95.4954,5:09:28:683892,2957
572.272,99.5764,5:09:28:687764,2989
574.4608,103.7157,5:09:28:691690,3023
576.7234,107.9716,5:09:28:695692,3044
578.9615,112.3441,5:09:28:699687,3064
581.2733,116.7458,5:09:28:703796,3079
583.6097,121.1474,5:09:28:707817,3089
585.9707,125.549,5:09:28:711836,3103
588.3071,129.8341,5:09:28:715861,3129
590.6189,134.1483,5:09:28:719846,3154
592.9307,138.4333,5:09:28:723844,3181
595.0704,142.6601,5:09:28:728115,3204
597.1362,146.8286,5:09:28:731123,3221
599.0546,150.997,5:09:28:735124,3240
600.8007,155.0488,5:09:28:739125,3257
602.4731,159.0132,5:09:28:743125,3268
604.0225,162.9193,5:09:28:747128,3280
605.4489,166.5048,5:09:28:751844,3285
606.7524,169.7988,5:09:28:755854,3299
608.0067,172.8887,5:09:28:759855,3314
609.1134,175.8911,5:09:28:763868,3323
610.171,178.8353,5:09:28:767855,3335
611.1301,181.6337,5:09:28:771856,3344
612.0154,184.3737,5:09:28:775855,3349
612.8517,186.9973,5:09:28:779886,3356
613.5895,189.4458,5:09:28:783864,3358
614.2535,191.7487,5:09:28:787864,3344
614.8929,193.7892,5:09:28:791790,3292
615.4832,195.5674,5:09:28:795446,3188
615.9504,196.9957,5:09:28:799843,3017
616.344,198.1617,5:09:28:802853,2773
616.6391,199.0362,5:09:28:807588,2494
616.8113,199.7066,5:09:28:811623,2112
616.8604,200.0856,5:09:28:815147,1520
616.8604,200.1439,5:09:28:819147,935
616.8604,200.1439,5:09:28:823227,429
615.7537,199.3568,5:09:28:827146,0
614.8192,198.5115,5:09:28:831957,0
613.4665,197.258,5:09:28:834965,0
611.6957,195.7131,5:09:28:838967,0
609.4577,193.8183,5:09:28:842965,0
606.7032,191.6613,5:09:28:847059,0
603.4568,189.4167,5:09:28:852211,0
599.694,186.9973,5:09:28:855222,0
595.4639,184.5195,5:09:28:859249,0
590.7419,182.1292,5:09:28:863222,0
585.6264,179.7097,5:09:28:867255,0
580.142,177.4652,5:09:28:871222,0
574.2886,175.3081,5:09:28:875796,0
567.9435,173.2384,5:09:28:879165,0
561.1802,171.3728,5:09:28:883798,0
554.1218,169.5656,5:09:28:887239,0
546.6453,167.9915,5:09:28:891350,0
538.6769,166.4173,5:09:28:895351,0
530.3642,165.0181,5:09:28:899350,0
521.781,163.6189,5:09:28:903350,0
512.4846,162.3072,5:09:28:907807,0
503.2865,161.1995,5:09:28:911364,0
494.8263,160.2375,5:09:28:915365,0
494.8263,160.2375,5:09:28:933053,0
228.353,194.4597,5:09:29:013859,0
226.3855,194.4597,5:09:29:017374,0
223.6556,194.4597,5:09:29:021811,0
220.0157,195.8297,5:09:29:025843,0
215.5396,196.7917,5:09:29:029819,0
210.4241,197.9868,5:09:29:033837,0
204.6692,199.5318,5:09:29:037859,0
198.3732,201.3099,5:09:29:041747,0
191.2656,203.4087,5:09:29:045722,0
185.4861,205.7407,5:09:29:049718,0
179.9279,208.0435,5:09:29:053746,0
174.8124,210.2881,5:09:29:057792,0
170.0412,212.6201,5:09:29:063115,0
165.4422,214.9229,5:09:29:065123,0
161.0645,217.2841,5:09:29:070124,0
156.7852,219.6452,5:09:29:073154,0
152.9977,221.9481,5:09:29:078125,0
149.5054,224.1344,5:09:29:081124,0
146.259,226.204,5:09:29:085857,0
143.357,228.3611,5:09:29:089875,0
140.7009,230.3433,5:09:29:093867,0
138.4136,232.2672,5:09:29:097856,0
136.5199,234.0453,5:09:29:100881,0
135.0197,235.6777,5:09:29:104910,0
133.8392,237.1644,5:09:29:110876,0
132.9784,238.3595,5:09:29:113895,0
132.4128,239.2049,5:09:29:117885,0
132.0438,239.7587,5:09:29:121876,1709
131.8963,240.0794,5:09:29:127882,1701
131.8963,240.1669,5:09:29:130895,1697
131.8963,240.1669,5:09:29:132881,1686
132.5603,240.1669,5:09:29:137856,1676
133.1998,238.9134,5:09:29:141866,1681
134.1343,238.0681,5:09:29:145369,1683
135.4132,237.1353,5:09:29:149369,1698
137.1348,236.0858,5:09:29:153425,1709
139.3974,234.8033,5:09:29:157366,1705
142.0781,233.2583,5:09:29:161930,1714
145.2261,231.4801,5:09:29:165940,1709
148.7676,229.4397,5:09:29:169379,1713
152.6288,227.2242,5:09:29:173299,1727
156.8589,224.9214,5:09:29:177299,1732
161.5072,222.4436,5:09:29:181299,1752
166.5981,219.8784,5:09:29:185837,1763
171.9103,217.2841,5:09:29:189850,1776
177.3947,214.6897,5:09:29:193835,1774
183.0513,212.0371,5:09:29:196837,1775
189.003,209.3553,5:09:29:201831,1775
195.299,206.7027,5:09:29:205842,1766
201.7425,203.8459,5:09:29:209102,1768
208.2107,200.931,5:09:29:214114,1774
214.5805,197.8119,5:09:29:217112,1766
221.0486,194.5471,5:09:29:221112,1777
227.7135,191.224,5:09:29:225777,1783
234.403,187.9301,5:09:29:229814,1787
240.9942,184.6069,5:09:29:233788,1813
247.3639,181.3421,5:09:29:237125,1828
253.9059,178.194,5:09:29:241124,1844
260.5462,175.1332,5:09:29:245125,1866
267.1619,172.1308,5:09:29:250216,1878
273.7284,169.1866,5:09:29:253226,1892
280.295,166.155,5:09:29:257790,1918
287.0091,163.0068,5:09:29:261801,1949
293.9199,159.6837,5:09:29:265787,1981
300.9045,156.2148,5:09:29:269814,2032
307.84,152.6586,5:09:29:273798,2070
314.9968,149.0731,5:09:29:277798,2086
322.3995,145.5168,5:09:29:281833,2111
329.9006,141.9605,5:09:29:285843,2111
337.5246,138.4333,5:09:29:289272,2113
345.3454,134.9062,5:09:29:293274,2122
353.4122,131.4665,5:09:29:297321,2131
361.6265,127.8811,5:09:29:301322,2140
370.1359,124.1498,5:09:29:305321,2153
378.7437,120.3312,5:09:29:309321,2184
387.4254,116.4834,5:09:29:313268,2207
396.2299,112.6356,5:09:29:317282,2230
405.3296,108.8461,5:09:29:321822,2244
414.3801,105.1441,5:09:29:325835,2248
423.3568,101.646,5:09:29:329877,2255
432.4811,98.26465,5:09:29:333876,2262
441.5808,95.0873,5:09:29:337876,2272
450.4591,91.96825,5:09:29:340879,2272
459.1653,88.87835,5:09:29:345849,2271
468.0191,85.67185,5:09:29:348859,2267
476.6023,82.4362,5:09:29:353852,2273
484.9396,79.288,5:09:29:357865,2282
493.1047,76.16895,5:09:29:361799,2287
501.1223,73.25395,5:09:29:365798,2298
508.8939,70.4264,5:09:29:369800,2293
516.4933,67.83205,5:09:29:373800,2297
523.8961,65.44175,5:09:29:377838,2305
530.9299,63.2555,5:09:29:381850,2312
537.7915,61.3316,5:09:29:385851,2322
544.5302,59.466,5:09:29:389862,2321
551.1213,57.6587,5:09:29:393862,2327
557.3682,55.9097,5:09:29:397862,2332
563.3444,54.13155,5:09:29:402033,2338
569.3207,52.3534,5:09:29:405359,2341
575.2478,50.57525,5:09:29:409363,2344
581.0519,48.70965,5:09:29:413364,2342
586.5855,46.78575,5:09:29:417385,2342
591.8978,44.7744,5:09:29:421364,2340
596.9887,42.70475,5:09:29:425788,2334
602.0058,40.5768,5:09:29:429797,2330
606.9738,38.56545,5:09:29:433850,2328
611.5974,36.58325,5:09:29:436858,2336
615.975,34.6885,5:09:29:441860,2340
620.0576,32.9395,5:09:29:445859,2343
623.8696,31.2488,5:09:29:449860,2344
627.4357,29.7913,5:09:29:453860,2313
630.6821,28.5087,5:09:29:457922,2242
633.5104,27.48845,5:09:29:460924,2106
635.896,26.5265,5:09:29:465924,1878
637.9373,25.73945,5:09:29:469924,1569
639.5605,25.069,5:09:29:474043,1217
640.9377,24.63175,5:09:29:477053,844
641.9706,24.34025,5:09:29:481153,487
642.7822,24.16535,5:09:29:485053,237
643.3479,24.16535,5:09:29:489052,0
643.643,24.16535,5:09:29:493053,0
643.766,24.16535,5:09:29:497381,0
643.766,25.0107,5:09:29:501388,0
643.766,25.0107,5:09:29:505387,0
642.5363,26.26415,5:09:29:509389,0
641.528,27.13865,5:09:29:513385,0
640.2491,28.1589,5:09:29:517846,0
638.6751,29.29575,5:09:29:521710,0
636.8798,30.6075,5:09:29:525822,0
634.7401,32.03585,5:09:29:529820,0
632.4283,33.5808,5:09:29:533819,0
629.8951,35.2715,5:09:29:537821,0
627.1898,36.93305,5:09:29:541849,0
624.3369,38.74035,5:09:29:545365,0
624.3369,38.74035,5:09:29:563857,0
