246.7983,365.5702,2:24:33:592219,0
245.3472,365.5702,2:24:33:595219,0
243.4043,364.4333,2:24:33:600002,0
241.2401,363.2964,2:24:33:603304,0
238.7069,361.8972,2:24:33:607372,0
236.0016,360.1774,2:24:33:611313,0
232.9028,358.2535,2:24:33:615389,0
229.6073,356.0381,2:24:33:619972,0
226.0658,353.5603,2:24:33:622995,0
223.631,351.1118,2:24:33:626984,0
221.3438,348.9255,2:24:33:631124,0
219.0811,346.7393,2:24:33:634981,0
216.8431,344.5238,2:24:33:639564,0
214.5313,342.425,2:24:33:643569,0
212.49,340.2971,2:24:33:647672,0
210.3012,338.2274,2:24:33:651672,0
208.1123,336.187,2:24:33:655691,0
206.0219,334.2631,2:24:33:659682,0
204.1773,332.4557,2:24:33:663657,0
202.3574,330.6776,2:24:33:667656,0
200.7588,329.0161,2:24:33:671690,0
199.4307,327.4128,2:24:33:675664,0
198.2748,325.897,2:24:33:679666,0
197.4632,324.4978,2:24:33:683744,0
196.8976,323.1569,2:24:33:687073,0
196.6762,321.7868,2:24:33:691110,0
196.5533,320.5042,2:24:33:694991,0
196.5533,319.2508,2:24:33:698993,0
196.5533,318.0848,2:24:33:703654,0
197.3403,316.9188,2:24:33:707210,0
197.3403,315.7528,2:24:33:711299,0
198.1518,314.5868,2:24:33:715270,0
198.6437,313.4791,2:24:33:719272,0
199.3078,312.4005,2:24:33:723271,0
200.0456,311.4386,2:24:33:727334,0
200.9555,310.5349,2:24:33:731647,0
201.8901,309.777,2:24:33:735647,0
202.8247,309.0483,2:24:33:739649,0
203.833,308.4653,2:24:33:743649,0
204.8659,307.9989,2:24:33:747502,0
205.9727,307.5908,2:24:33:751605,0
207.0548,307.2993,2:24:33:755654,0
208.0877,307.037,2:24:33:758910,0
208.9485,306.8912,2:24:33:763911,0
209.8831,306.8037,2:24:33:767910,0
210.8176,306.8037,2:24:33:771910,0
211.703,306.8037,2:24:33:775724,0
212.5146,306.8037,2:24:33:779732,0
213.2278,306.8037,2:24:33:783734,0
213.8181,307.5034,2:24:33:787734,0
214.3837,307.5034,2:24:33:791838,0
214.8756,308.1738,2:24:33:794849,0
215.3183,308.1738,2:24:33:799848,0
215.6872,309.0191,2:24:33:802848,0
216.0069,309.0191,2:24:33:806848,0
216.2528,309.9228,2:24:33:811456,0
216.4742,310.3309,2:24:33:815461,0
216.6463,310.739,2:24:33:819462,0
216.7693,311.1762,2:24:33:823533,0
216.8923,311.5552,2:24:33:827552,0
216.9661,311.905,2:24:33:831504,0
216.9661,312.1965,2:24:33:835102,0
217.0152,312.5172,2:24:33:839023,0
217.0398,312.8087,2:24:33:843017,0
217.0398,313.0127,2:24:33:847019,0
217.0398,313.2459,2:24:33:852167,0
217.0398,313.3917,2:24:33:855354,0
217.0398,313.5374,2:24:33:859478,0
217.0398,313.654,2:24:33:863357,0
217.0398,313.6831,2:24:33:867482,0
217.0398,313.7415,2:24:33:871599,0
217.0398,313.7415,2:24:33:875987,0
217.0398,313.7415,2:24:33:879154,0
217.0398,313.7415,2:24:33:883152,0
217.0398,313.7415,2:24:33:887154,0
217.0398,313.7415,2:24:33:891261,0
217.0398,313.7415,2:24:33:895648,0
216.4988,313.7415,2:24:33:899018,0
216.4988,313.1002,2:24:33:903068,0
216.4988,313.1002,2:24:33:907009,0
216.4988,313.1002,2:24:33:910953,0
216.1053,312.5754,2:24:33:915659,0
216.1053,312.5754,2:24:33:919426,0
216.1053,312.5754,2:24:33:923455,0
215.8102,312.1382,2:24:33:927448,0
215.8102,312.1382,2:24:33:931427,0
215.6134,312.1382,2:24:33:935598,0
215.4904,311.8467,2:24:33:939650,0
215.3921,311.8467,2:24:33:942970,0
215.2691,311.8467,2:24:33:946966,0
215.1707,311.701,2:24:33:950970,0
215.0477,311.701,2:24:33:955056,0
214.9494,311.6135,2:24:33:959659,0
214.8264,311.6135,2:24:33:962979,0
214.6788,311.6135,2:24:33:967111,0
214.5313,311.5844,2:24:33:971012,0
214.3591,311.5844,2:24:33:975036,0
214.1624,311.5844,2:24:33:979975,0
213.9902,311.5844,2:24:33:983625,0
213.7689,311.5844,2:24:33:987625,0
213.5475,311.5844,2:24:33:991625,0
213.3016,311.5844,2:24:33:995555,0
213.0311,311.5844,2:24:33:999605,0
212.7851,311.5844,2:24:34:003654,0
212.5638,311.5844,2:24:34:007664,0
212.2932,311.5844,2:24:34:011662,0
212.0473,311.5844,2:24:34:015664,0
211.8014,311.5844,2:24:34:019664,0
211.5554,311.5844,2:24:34:023721,0
211.3341,311.5844,2:24:34:027365,0
211.1127,311.5844,2:24:34:031236,0
210.8668,311.5844,2:24:34:035236,0
210.5717,311.5844,2:24:34:039238,0
210.3503,311.5844,2:24:34:043656,0
210.129,311.5844,2:24:34:047604,0
209.9077,311.5844,2:24:34:051417,0
209.6371,311.5844,2:24:34:055367,0
209.3666,311.5844,2:24:34:059498,0
209.0469,311.5844,2:24:34:063364,0
208.7272,311.5844,2:24:34:067654,0
208.4074,311.5844,2:24:34:071663,0
208.0877,311.5844,2:24:34:075673,0
207.7434,311.5844,2:24:34:079674,0
207.3499,311.5844,2:24:34:083674,0
207.0548,311.5844,2:24:34:087674,0
206.7843,311.5844,2:24:34:091655,0
206.5137,311.5844,2:24:34:095656,0
206.2678,311.5844,2:24:34:098911,0
206.0464,312.109,2:24:34:103014,0
205.8251,312.109,2:24:34:106948,0
205.6037,312.109,2:24:34:110913,0
205.3824,312.109,2:24:34:115654,0
205.1365,312.109,2:24:34:119603,0
204.8659,312.109,2:24:34:123606,0
204.5462,312.109,2:24:34:127655,0
204.2265,312.109,2:24:34:131665,0
203.9314,312.109,2:24:34:135662,0
203.6117,312.109,2:24:34:139683,0
203.2919,312.109,2:24:34:143684,0
202.9968,312.109,2:24:34:147654,0
202.6525,312.109,2:24:34:150908,0
202.3082,312.109,2:24:34:155021,0
201.9639,312.109,2:24:34:159042,0
201.6196,312.109,2:24:34:162971,0
201.2753,312.109,2:24:34:167659,0
200.8572,312.109,2:24:34:171968,1660
200.4637,311.6135,2:24:34:174991,1682
200.021,311.6135,2:24:34:178966,1783
199.5783,311.6135,2:24:34:183968,1954
199.1848,311.6135,2:24:34:187656,2197
198.7667,311.1471,2:24:34:191604,2477
198.3978,311.1471,2:24:34:195190,2737
198.0289,310.8264,2:24:34:199288,2963
197.7092,310.8264,2:24:34:203259,3140
197.3894,310.8264,2:24:34:207316,3298
197.1189,310.6516,2:24:34:211605,3454
196.8976,310.6516,2:24:34:215242,3624
196.6762,310.5349,2:24:34:219204,3820
196.4795,310.5349,2:24:34:223200,4012
196.3565,310.5349,2:24:34:227204,4173
196.2089,310.5349,2:24:34:231604,4294
196.1352,310.5349,2:24:34:235606,4379
196.086,310.5349,2:24:34:239730,4429
196.0614,310.5349,2:24:34:243746,4463
196.0122,310.5349,2:24:34:247748,4484
196.0122,310.5349,2:24:34:251739,4498
196.0122,310.5349,2:24:34:255653,4507
196.0122,310.5349,2:24:34:259050,4511
196.0122,310.5349,2:24:34:262948,4520
196.0122,310.5349,2:24:34:266949,4525
196.0122,310.5349,2:24:34:270985,4546
196.0122,310.5349,2:24:34:275648,4566
196.6024,310.5349,2:24:34:278971,4584
196.6024,310.5349,2:24:34:283600,4605
197.5616,310.5349,2:24:34:287078,4613
198.2256,310.5349,2:24:34:291058,4623
199.0864,310.5349,2:24:34:295119,4626
200.1193,310.5349,2:24:34:299065,4630
201.2753,310.5349,2:24:34:303598,4627
202.5049,310.5349,2:24:34:307208,4621
203.833,309.9811,2:24:34:311097,4619
205.2348,309.9811,2:24:34:315096,4615
206.7105,309.4564,2:24:34:319097,4615
208.2107,309.4564,2:24:34:323419,4617
209.6617,308.8734,2:24:34:327418,4611
211.0636,308.8734,2:24:34:331419,4602
212.4162,308.2904,2:24:34:335418,4591
213.6951,307.9989,2:24:34:339403,4578
214.8756,307.7365,2:24:34:343629,4573
215.8839,307.5034,2:24:34:347319,4565
216.7693,307.2993,2:24:34:351332,4563
217.4088,307.0952,2:24:34:355302,4564
217.9498,306.9495,2:24:34:359299,4562
218.3433,306.8329,2:24:34:363642,4560
218.6138,306.7163,2:24:34:367569,4539
218.7614,306.6871,2:24:34:371593,4514
218.8598,306.6871,2:24:34:375579,4478
218.8598,306.6871,2:24:34:379577,4446
218.8598,306.6871,2:24:34:383636,4428
218.8598,306.6871,2:24:34:387650,4413
218.2203,306.6871,2:24:34:390696,4413
218.2203,306.6871,2:24:34:395211,4411
217.2612,307.6199,2:24:34:399127,4404
216.5972,307.6199,2:24:34:403110,4400
215.8839,308.4653,2:24:34:407153,4392
215.0723,308.4653,2:24:34:411591,4387
214.2362,309.5147,2:24:34:415104,4388
213.4246,310.0977,2:24:34:419209,4386
212.6376,310.6807,2:24:34:423106,4385
211.8506,311.322,2:24:34:427104,4382
211.2111,311.9633,2:24:34:431605,4379
210.6455,312.5463,2:24:34:435425,4380
210.129,313.2167,2:24:34:439428,4376
209.7355,313.8289,2:24:34:443500,4371
209.4896,314.4702,2:24:34:447425,4367
209.3666,315.0532,2:24:34:451598,4354
209.3666,315.6945,2:24:34:455648,4343
209.3666,316.2484,2:24:34:458954,4337
210.006,316.7148,2:24:34:463954,4324
210.5717,317.2103,2:24:34:466954,4316
211.2603,317.5892,2:24:34:471037,4307
212.1457,317.8807,2:24:34:474843,4294
213.1048,318.1431,2:24:34:478819,4283
214.2362,318.2014,2:24:34:482868,4272
215.4167,318.2014,2:24:34:486793,4264
216.6709,318.2014,2:24:34:491430,4257
217.9498,318.2014,2:24:34:495102,4256
219.2287,318.2014,2:24:34:499037,4254
220.5076,317.2394,2:24:34:503025,4249
221.7864,317.2394,2:24:34:507024,4252
222.9423,316.2192,2:24:34:511638,4248
224.0491,315.6071,2:24:34:515648,4246
225.0082,314.9366,2:24:34:519646,4241
225.9182,314.237,2:24:34:523647,4228
226.6806,313.4791,2:24:34:526701,4224
227.3692,312.692,2:24:34:531390,4214
227.9349,311.8467,2:24:34:535400,4207
228.4022,310.9431,2:24:34:539398,4197
228.7465,310.0394,2:24:34:543498,4190
229.0416,309.0483,2:24:34:547574,4187
229.2137,308.0572,2:24:34:551647,4176
229.3121,306.9786,2:24:34:554932,4162
229.3367,305.8418,2:24:34:558907,4138
229.3367,304.705,2:24:34:563012,4113
229.3367,303.5098,2:24:34:566904,4101
229.3367,302.2855,2:24:34:571649,4091
229.3367,301.0612,2:24:34:575277,4090
228.8203,299.8952,2:24:34:579305,4090
228.8203,298.6709,2:24:34:583209,4085
228.8203,297.4757,2:24:34:587225,4086
228.23,296.3972,2:24:34:591245,4093
228.23,295.4061,2:24:34:595559,4115
227.8365,294.5608,2:24:34:599601,4153
227.8365,293.7737,2:24:34:603560,4207
227.4922,293.1324,2:24:34:607568,4278
227.4922,292.6368,2:24:34:611919,4356
227.4922,292.287,2:24:34:615760,4428
227.2216,292.083,2:24:34:621756,4486
227.2216,291.9081,2:24:34:623757,4522
227.2216,291.8498,2:24:34:626780,4534
227.0741,291.8206,2:24:34:631635,4537
227.0741,291.8206,2:24:34:635643,4537
227.0741,291.8206,2:24:34:638647,4523
227.0003,291.8206,2:24:34:643645,4516
226.9757,291.8206,2:24:34:647644,4523
226.9757,291.8206,2:24:34:651581,4548
226.9019,292.666,2:24:34:655929,4591
226.8528,292.666,2:24:34:658963,4631
226.8282,293.7737,2:24:34:662982,4676
226.779,294.619,2:24:34:666939,4716
226.779,295.6101,2:24:34:670938,4762
226.779,296.8928,2:24:34:675597,4817
226.779,298.292,2:24:34:679227,4864
226.779,299.8369,2:24:34:683201,4892
226.779,301.4984,2:24:34:687143,4909
227.4676,303.2766,2:24:34:691270,4918
227.4676,305.1422,2:24:34:695597,4925
228.0087,307.037,2:24:34:699342,4932
228.0087,308.9026,2:24:34:703405,4935
228.5005,310.7682,2:24:34:707387,4929
228.5005,312.5754,2:24:34:711345,4882
228.9186,314.3245,2:24:34:715596,4785
228.9186,315.9568,2:24:34:719457,4639
228.9186,317.4435,2:24:34:723518,4409
229.1892,318.7844,2:24:34:727466,4121
229.1892,320.067,2:24:34:731466,3782
229.1892,321.1747,2:24:34:735465,3360
229.1892,322.1658,2:24:34:739451,2895
229.1892,323.0111,2:24:34:743459,2360
229.1892,323.6816,2:24:34:747552,1714
228.5251,324.2063,2:24:34:751534,1049
228.5251,324.4978,2:24:34:755488,519
228.5251,324.6436,2:24:34:759525,0
227.8365,324.6436,2:24:34:763142,0
227.8365,324.6436,2:24:34:767112,0
227.3692,324.6436,2:24:34:771111,0
227.3692,323.565,2:24:34:775112,0
227.0003,323.565,2:24:34:779650,0
227.0003,322.1658,2:24:34:783648,0
226.6314,321.3204,2:24:34:787658,0
226.6314,320.2711,2:24:34:790694,0
226.2133,319.1342,2:24:34:795658,0
226.0412,317.8224,2:24:34:799655,0
225.7952,316.4232,2:24:34:803646,0
225.5001,314.8783,2:24:34:806906,0
225.1558,313.1584,2:24:34:810903,0
224.7869,311.322,2:24:34:814904,0
224.3688,309.369,2:24:34:818903,0
223.9015,307.2119,2:24:34:823647,0
223.4342,304.9673,2:24:34:827068,0
222.9669,302.577,2:24:34:831052,0
222.4996,300.1867,2:24:34:834951,0
222.0816,297.7964,2:24:34:838952,0
221.6635,295.4061,2:24:34:843651,0
221.3929,293.0741,2:24:34:847647,0
221.1224,290.8587,2:24:34:850902,0
220.9748,288.8182,2:24:34:854905,0
220.8765,287.0109,2:24:34:858919,0
220.8519,285.4368,2:24:34:862905,0
220.8519,284.0667,2:24:34:867603,0
220.8519,282.9299,2:24:34:871602,0
220.8519,282.0262,2:24:34:874950,0
220.8519,281.4141,2:24:34:878948,0
220.8519,280.9768,2:24:34:882950,0
220.8519,280.6562,2:24:34:886948,0
220.8519,280.3939,2:24:34:891098,0
220.8519,280.1606,2:24:34:895918,0
220.8519,279.9566,2:24:34:899030,2062
220.8519,279.7817,2:24:34:902970,2067
220.237,279.636,2:24:34:906976,2103
220.237,279.5193,2:24:34:910956,2169
220.237,279.3736,2:24:34:915602,2242
219.8189,279.1987,2:24:34:919658,2306
219.8189,279.1112,2:24:34:923668,2339
219.8189,279.1112,2:24:34:927003,2340
219.8189,279.1112,2:24:34:931000,2337
219.8189,279.1112,2:24:34:935070,2337
219.8189,279.1112,2:24:34:939001,2341
219.8189,279.1112,2:24:34:943142,2342
219.4992,279.8983,2:24:34:947305,2345
219.3271,279.8983,2:24:34:951398,2347
219.1057,280.4813,2:24:34:955305,2345
218.8106,280.4813,2:24:34:959345,2348
218.4171,281.1226,2:24:34:963452,2346
217.9744,281.1226,2:24:34:967654,2345
217.5071,281.6181,2:24:34:971191,2332
216.9661,281.6181,2:24:34:975328,2330
216.4496,281.9971,2:24:34:979191,2322
216.0069,281.9971,2:24:34:983191,2318
215.6134,281.9971,2:24:34:987597,2325
215.2199,281.9971,2:24:34:991497,2322
214.9248,281.9971,2:24:34:995487,2323
214.728,281.9971,2:24:34:999471,2320
214.6051,281.2683,2:24:35:003500,2321
214.5805,281.2683,2:24:35:007470,2319
214.5805,280.3939,2:24:35:011651,2323
214.5805,280.3939,2:24:35:015450,2331
214.5805,279.4027,2:24:35:019393,2336
214.5805,278.8781,2:24:35:023331,2345
215.3183,278.4117,2:24:35:027314,2365
215.3183,277.9744,2:24:35:031614,2406
216.0069,277.5663,2:24:35:035138,2469
216.0069,277.5663,2:24:35:039139,2543
216.8923,277.0125,2:24:35:043127,2616
217.3104,277.0125,2:24:35:048144,2688
217.8268,276.7501,2:24:35:051653,2775
218.3925,276.7501,2:24:35:055793,2875
218.909,276.7501,2:24:35:058804,2975
219.5484,276.7501,2:24:35:062890,3072
220.1879,276.7501,2:24:35:066793,3162
220.8765,277.887,2:24:35:070793,3239
221.5897,277.887,2:24:35:075648,3308
222.4505,279.2278,2:24:35:079747,3357
223.3112,280.1024,2:24:35:082764,3377
224.1966,281.1517,2:24:35:086746,3384
225.1312,282.376,2:24:35:090746,3389
226.0166,283.7461,2:24:35:095646,3394
226.8773,285.2619,2:24:35:099654,3399
227.6643,286.8069,2:24:35:103656,3387
228.3776,288.4684,2:24:35:107656,3332
228.9924,290.2466,2:24:35:111656,3228
229.4843,292.0247,2:24:35:115598,3069
229.804,293.8029,2:24:35:119606,2868
229.9762,295.5227,2:24:35:123606,2640
230.0007,297.0968,2:24:35:127608,2377
230.0007,298.5834,2:24:35:131609,2076
230.0007,299.9826,2:24:35:135287,1730
229.3859,301.1778,2:24:35:139048,1330
229.3859,302.2272,2:24:35:144044,885
228.6235,303.0725,2:24:35:147163,494
228.6235,303.6847,2:24:35:152045,206
227.9103,304.1802,2:24:35:154922,0
227.9103,304.5592,2:24:35:158922,0
227.4184,304.7632,2:24:35:162929,0
227.4184,304.7924,2:24:35:166929,0
227.4184,304.7924,2:24:35:171646,0
227.4184,304.7924,2:24:35:175582,0
227.4184,304.7924,2:24:35:179461,0
227.4184,303.6847,2:24:35:183522,0
227.4184,303.6847,2:24:35:187517,0
228.107,302.373,2:24:35:191644,0
228.107,301.4693,2:24:35:195650,0
228.7957,300.5074,2:24:35:199647,0
228.7957,299.3705,2:24:35:203658,0
229.5089,298.117,2:24:35:206673,0
229.9024,296.7762,2:24:35:211658,0
230.3451,295.2895,2:24:35:215898,0
230.7632,293.6571,2:24:35:219179,0
231.2304,291.9955,2:24:35:223064,0
231.7223,290.3048,2:24:35:227054,0
232.288,288.6141,2:24:35:231054,0
232.8782,287.0109,2:24:35:234852,0
233.4931,285.5534,2:24:35:238853,0
234.0833,284.1542,2:24:35:242857,0
234.7227,282.9008,2:24:35:247852,0
235.2884,281.8513,2:24:35:251647,1886
235.8049,281.006,2:24:35:254993,1895
236.2476,280.3064,2:24:35:258917,1946
236.5919,279.7526,2:24:35:262921,2047
236.887,279.3736,2:24:35:266917,2184
237.0592,279.0529,2:24:35:271586,2320
237.1821,278.8198,2:24:35:275588,2411
237.2559,278.7032,2:24:35:279595,2449
237.3051,278.7032,2:24:35:283598,2453
237.3051,278.7032,2:24:35:287594,2455
237.3051,278.7032,2:24:35:291844,2458
237.3051,278.7032,2:24:35:294856,2464
237.3051,278.7032,2:24:35:298952,2470
237.3051,279.4027,2:24:35:302877,2470
237.3051,279.4027,2:24:35:306936,2473
237.3051,279.4027,2:24:35:311787,2477
237.3051,280.1898,2:24:35:315787,2478
236.6165,280.1898,2:24:35:319794,2479
236.6165,280.6562,2:24:35:323791,2472
235.977,280.6562,2:24:35:327604,2465
235.977,281.0643,2:24:35:331614,2461
235.1163,281.0643,2:24:35:335615,2458
234.649,281.0643,2:24:35:339628,2460
234.1817,281.0643,2:24:35:343612,2461
233.6898,281.0643,2:24:35:347658,2463
233.2225,281.0643,2:24:35:351651,2464
232.7798,281.0643,2:24:35:355150,2463
232.4355,281.0643,2:24:35:359213,2465
232.165,280.044,2:24:35:363201,2464
231.9928,280.044,2:24:35:367147,2461
231.8699,278.9655,2:24:35:371645,2460
231.8699,278.3242,2:24:35:375655,2458
231.8699,277.6829,2:24:35:379653,2453
231.8699,277.0416,2:24:35:383655,2456
232.4355,276.3712,2:24:35:387801,2456
232.4355,275.7299,2:24:35:391664,2459
233.075,275.176,2:24:35:395671,2469
233.075,274.6805,2:24:35:399664,2483
233.7882,274.2141,2:24:35:403668,2508
233.7882,273.8934,2:24:35:407716,2546
234.4768,273.6019,2:24:35:411741,2591
234.4768,273.3687,2:24:35:415742,2636
235.0917,273.2521,2:24:35:419744,2683
235.4114,273.2521,2:24:35:423742,2725
235.7803,273.2521,2:24:35:427002,2778
236.1,273.2521,2:24:35:431597,2850
236.3705,273.2521,2:24:35:435607,2944
236.6656,274.0392,2:24:35:439608,3071
236.9116,274.0392,2:24:35:443605,3201
237.1821,275.2635,2:24:35:447651,3319
237.4772,276.0797,2:24:35:451767,3425
237.7232,277.0416,2:24:35:454779,3500
237.8953,278.1201,2:24:35:458776,3568
238.1167,279.3445,2:24:35:463778,3624
238.2888,280.627,2:24:35:466795,3660
238.461,282.0262,2:24:35:471210,3686
238.6332,283.5129,2:24:35:475289,3696
238.6332,285.087,2:24:35:479255,3709
238.6332,286.632,2:24:35:483213,3716
238.6332,288.2061,2:24:35:487704,3715
238.6332,289.9259,2:24:35:491177,3667
237.8707,291.6749,2:24:35:495176,3528
237.8707,293.453,2:24:35:499185,3328
236.9608,295.1729,2:24:35:503231,3043
236.3459,296.951,2:24:35:507651,2658
235.7311,298.6709,2:24:35:511164,2153
235.0425,300.3616,2:24:35:515167,1517
234.3047,301.9648,2:24:35:519164,879
233.5668,303.3932,2:24:35:523164,384
232.8536,304.705,2:24:35:527370,0
232.165,305.8709,2:24:35:531380,0
231.5993,306.8912,2:24:35:535379,0
231.1321,307.7657,2:24:35:539403,0
230.7632,308.4653,2:24:35:543618,0
230.4926,309.0483,2:24:35:546953,0
230.3697,309.573,2:24:35:551827,0
230.3697,310.0394,2:24:35:554864,0
230.3697,310.3892,2:24:35:559960,0
230.9599,310.6807,2:24:35:563970,0
230.9599,311.0013,2:24:35:566972,0
232.2142,311.2928,2:24:35:570970,0
233.1487,311.5844,2:24:35:574970,0
234.1325,311.8759,2:24:35:579602,0
235.2392,312.1674,2:24:35:583606,0
236.4689,312.4589,2:24:35:587606,0
237.8216,312.7503,2:24:35:591600,0
239.1496,313.0127,2:24:35:595660,0
240.5023,313.2751,2:24:35:599643,0
241.8795,313.5082,2:24:35:603643,0
243.2076,313.654,2:24:35:607650,0
244.6586,313.8289,2:24:35:611657,0
246.0851,313.9455,2:24:35:615402,0
247.5361,314.0621,2:24:35:619451,0
248.8887,314.1204,2:24:35:623389,0
250.3152,314.2079,2:24:35:627386,0
251.6432,314.237,2:24:35:631652,0
252.9221,314.237,2:24:35:635953,0
254.1518,314.237,2:24:35:638954,0
255.2339,314.237,2:24:35:643050,0
256.2177,314.237,2:24:35:646956,0
257.0785,314.237,2:24:35:651649,0
257.8409,314.237,2:24:35:655465,0
258.4557,314.237,2:24:35:660416,0
258.9968,313.5666,2:24:35:664418,0
259.4641,313.5666,2:24:35:668813,0
259.8084,313.5666,2:24:35:671381,0
260.1035,313.0127,2:24:35:675375,0
260.3986,313.0127,2:24:35:679362,0
260.62,313.0127,2:24:35:683437,0
260.7675,312.5754,2:24:35:687586,0
260.9643,312.5754,2:24:35:691585,0
261.0872,312.5754,2:24:35:695375,0
261.1856,312.1965,2:24:35:699377,0
261.2348,312.1965,2:24:35:703358,0
261.3086,312.0216,2:24:35:707315,1839
261.3332,312.0216,2:24:35:711585,1839
261.3578,311.7592,2:24:35:715592,1887
261.3824,311.6426,2:24:35:719592,1998
261.3824,311.5552,2:24:35:723605,2172
261.4315,311.4386,2:24:35:727918,2391
261.4315,311.322,2:24:35:731516,2593
261.4315,311.2054,2:24:35:735431,2752
261.4315,311.1762,2:24:35:739433,2866
261.4315,311.1471,2:24:35:743431,2945
261.4315,311.1471,2:24:35:747521,2995
261.4315,311.0888,2:24:35:751526,3025
261.4315,311.0888,2:24:35:755846,3043
260.6692,311.0888,2:24:35:758858,3063
260.6692,311.0888,2:24:35:762858,3112
259.7592,311.0888,2:24:35:766856,3181
259.1443,311.0888,2:24:35:770879,3261
258.4311,311.0888,2:24:35:775246,3354
257.5457,311.701,2:24:35:779245,3430
256.6112,311.701,2:24:35:783244,3513
255.5782,312.2548,2:24:35:787244,3599
254.4715,312.2548,2:24:35:791594,3686
253.3156,312.9836,2:24:35:795057,3774
252.0613,313.3917,2:24:35:799057,3856
250.8071,313.8872,2:24:35:803060,3931
249.5282,314.3536,2:24:35:807105,3989
248.2739,314.9074,2:24:35:811645,4041
247.0196,315.4904,2:24:35:815655,4085
245.8391,316.1317,2:24:35:819655,4120
244.7078,316.773,2:24:35:823653,4146
243.7241,317.4435,2:24:35:826654,4164
242.8387,318.1431,2:24:35:831642,4176
242.0517,318.8719,2:24:35:835657,4181
241.4368,319.5714,2:24:35:838651,4187
240.8958,320.3293,2:24:35:843657,4193
240.5515,321.029,2:24:35:847688,4192
240.3793,321.7577,2:24:35:851663,4182
240.3055,322.4573,2:24:35:855663,4162
240.3055,323.1277,2:24:35:859678,4120
240.3055,323.7108,2:24:35:863664,4049
241.1663,324.3229,2:24:35:867637,3915
241.7812,324.8476,2:24:35:871647,3742
242.5682,325.2849,2:24:35:875647,3502
243.5027,325.6055,2:24:35:879647,3206
244.5603,325.8387,2:24:35:883645,2891
245.7408,325.9844,2:24:35:887290,2512
246.995,326.0136,2:24:35:891230,2090
248.2493,326.0136,2:24:35:895195,1571
249.5036,326.0136,2:24:35:899196,982
250.7087,326.0136,2:24:35:903645,507
251.84,325.0516,2:24:35:907655,0
252.8237,325.0516,2:24:35:911653,0
253.7337,324.1772,2:24:35:915653,0
254.5207,324.1772,2:24:35:919656,0
255.1848,323.1569,2:24:35:922793,0
255.8242,322.6613,2:24:35:927795,0
256.3898,322.1658,2:24:35:931804,0
256.9309,321.6994,2:24:35:935804,0
257.4474,321.2039,2:24:35:938865,0
257.9638,320.7375,2:24:35:942874,0
258.4557,320.2419,2:24:35:947652,0
258.9476,319.7172,2:24:35:950924,0
259.4641,319.1925,2:24:35:954924,0
259.9067,318.697,2:24:35:959932,0
260.3248,318.1431,2:24:35:962925,0
260.743,317.5892,2:24:35:966923,0
261.0872,316.9771,2:24:35:970922,0
261.3824,316.365,2:24:35:975541,0
261.6529,315.7528,2:24:35:979606,0
261.8251,315.0823,2:24:35:983607,0
261.9972,314.4702,2:24:35:987551,0
262.1202,313.7997,2:24:35:991548,0
262.1694,313.1002,2:24:35:995650,0
262.2186,312.4297,2:24:35:998892,0
262.2432,311.7301,2:24:36:002848,0
262.2432,311.0013,2:24:36:006953,0
262.2432,310.2434,2:24:36:010966,0
262.2432,309.5147,2:24:36:015592,0
262.2432,308.7277,2:24:36:019113,0
262.2432,307.9406,2:24:36:023113,0
262.2678,307.1827,2:24:36:027031,0
262.2678,306.4248,2:24:36:031030,0
262.2924,305.696,2:24:36:035643,0
262.2924,304.909,2:24:36:039643,0
262.3415,304.1511,2:24:36:043653,2000
262.3415,303.364,2:24:36:047653,2049
262.3415,302.5479,2:24:36:051653,2182
262.3415,301.8191,2:24:36:055653,2391
262.3415,301.0904,2:24:36:059633,2687
262.3415,300.3616,2:24:36:063642,2987
262.3415,299.6912,2:24:36:067644,3254
262.3415,299.1373,2:24:36:071644,3475
262.3415,298.6709,2:24:36:075644,3641
262.3415,298.292,2:24:36:079638,3792
262.3415,298.0296,2:24:36:083646,3915
262.3415,297.8547,2:24:36:087648,4022
262.3415,297.7381,2:24:36:091646,4096
262.3415,297.709,2:24:36:095648,4133
262.3415,297.709,2:24:36:099638,4191
262.3415,297.709,2:24:36:103648,4280
262.3415,297.709,2:24:36:107645,4398
262.3415,298.5251,2:24:36:112646,4543
262.3415,298.5251,2:24:36:115736,4679
262.3415,299.662,2:24:36:119676,4791
262.8334,300.449,2:24:36:123647,4900
262.8334,301.3235,2:24:36:126646,4994
263.2269,302.373,2:24:36:131647,5068
263.2269,303.4224,2:24:36:135280,5129
263.6942,304.6175,2:24:36:139704,5163
263.6942,305.8418,2:24:36:143705,5190
264.1369,307.0952,2:24:36:147719,5205
264.1369,308.407,2:24:36:151706,5209
264.4566,309.6896,2:24:36:155976,5223
264.4566,311.0013,2:24:36:159986,5229
264.5796,312.2839,2:24:36:164366,5233
264.5796,313.5666,2:24:36:167377,5223
264.5796,314.7909,2:24:36:172367,5152
264.5796,316.0151,2:24:36:175366,5020
264.5796,317.1812,2:24:36:179520,4803
263.9155,318.318,2:24:36:183478,4511
263.9155,319.3674,2:24:36:187391,4159
263.3007,320.3585,2:24:36:191424,3725
263.3007,321.233,2:24:36:195390,3224
262.5875,322.0492,2:24:36:199649,2622
262.5875,322.8362,2:24:36:203657,1869
261.8988,323.4193,2:24:36:207660,1127
261.5545,323.9148,2:24:36:211659,535
261.5545,324.2646,2:24:36:215657,0
261.0627,324.4978,2:24:36:219661,0
261.0627,324.6727,2:24:36:223975,0
261.0627,324.7602,2:24:36:227987,0
261.0627,324.7602,2:24:36:231045,0
261.0627,324.7602,2:24:36:235072,0
261.0627,324.7602,2:24:36:239059,0
261.6529,324.7602,2:24:36:243593,0
261.6529,324.0314,2:24:36:247071,0
262.6121,324.0314,2:24:36:251644,0
263.2269,323.2735,2:24:36:255494,0
263.8909,323.2735,2:24:36:259595,0
264.5796,322.2532,2:24:36:263494,0
265.3911,321.6119,2:24:36:267592,0
266.1536,320.9415,2:24:36:271645,0
266.8914,320.2419,2:24:36:275642,0
267.6784,319.5423,2:24:36:278902,0
268.49,318.8427,2:24:36:282899,0
269.2278,318.2306,2:24:36:286965,0
270.0148,317.6476,2:24:36:290900,0
270.728,317.2103,2:24:36:294899,0
271.392,316.8022,2:24:36:299647,0
272.0807,316.5107,2:24:36:302879,0
272.6955,316.3066,2:24:36:306878,0
273.212,316.2192,2:24:36:310917,0
273.6793,316.0735,2:24:36:315006,0
274.0482,315.9568,2:24:36:319645,0
274.3187,315.8402,2:24:36:322953,2793
274.5646,315.7528,2:24:36:326955,2796
274.7122,315.7237,2:24:36:331059,2800
274.786,315.6945,2:24:36:335016,2801
274.8597,315.6071,2:24:36:338997,2817
274.8843,315.5779,2:24:36:343642,2846
274.8843,315.5779,2:24:36:347592,2883
274.8843,315.5779,2:24:36:351104,2924
274.8843,315.5779,2:24:36:355112,2951
274.8843,316.3066,2:24:36:359081,2962
274.8843,316.3066,2:24:36:363015,2964
274.8843,316.9188,2:24:36:367645,2963
274.2203,316.9188,2:24:36:371645,2950
274.2203,317.5892,2:24:36:375647,2925
273.5563,317.5892,2:24:36:379644,2888
273.0644,318.0848,2:24:36:383642,2847
272.5479,318.0848,2:24:36:387673,2817
271.9823,318.4637,2:24:36:391655,2801
271.4166,318.4637,2:24:36:395651,2794
270.8264,318.4637,2:24:36:399992,2791
270.2607,318.4637,2:24:36:403084,2792
269.818,318.4637,2:24:36:407003,2791
269.4245,318.4637,2:24:36:410999,2796
269.1048,318.4637,2:24:36:415001,2802
268.8835,318.4637,2:24:36:419452,2808
268.7113,318.4637,2:24:36:422790,2817
268.5883,317.8807,2:24:36:426803,2825
268.5883,317.8807,2:24:36:430799,2839
268.5883,317.8807,2:24:36:434808,2858
268.5883,317.1812,2:24:36:438802,2873
268.5883,317.1812,2:24:36:443661,2894
268.5883,316.6564,2:24:36:447904,2911
268.5883,316.6564,2:24:36:451916,2931
269.4245,316.1609,2:24:36:454994,2965
269.4245,316.1609,2:24:36:458960,3004
270.3837,315.7528,2:24:36:463644,3048
271.0231,315.7528,2:24:36:467652,3095
271.7609,315.403,2:24:36:471651,3136
272.5479,315.1989,2:24:36:475651,3174
273.4087,315.0532,2:24:36:479650,3209
274.3187,314.8783,2:24:36:483665,3241
275.3024,314.7034,2:24:36:487637,3278
276.2616,314.4994,2:24:36:491657,3312
277.2945,314.3536,2:24:36:495097,3340
278.3521,314.2079,2:24:36:499094,3360
279.4096,314.0621,2:24:36:503130,3366
280.4179,313.8872,2:24:36:507095,3367
281.4263,313.7415,2:24:36:511305,3366
282.3608,313.6248,2:24:36:515424,3363
283.2954,313.5082,2:24:36:519304,3360
284.2054,313.3917,2:24:36:523304,3357
285.0662,313.2751,2:24:36:526905,3347
285.9515,313.2167,2:24:36:531285,3304
286.8123,313.1293,2:24:36:535285,3191
287.6731,313.1002,2:24:36:539287,2982
288.4355,313.0127,2:24:36:543285,2653
289.1979,312.9544,2:24:36:547655,2170
289.8865,312.8378,2:24:36:551606,1568
290.5014,312.692,2:24:36:555631,938
290.9687,312.4589,2:24:36:559607,435
291.313,312.1965,2:24:36:563614,0
291.5343,311.8759,2:24:36:567699,0
291.6573,311.4969,2:24:36:571708,0
291.731,311.0888,2:24:36:574708,0
291.731,310.6807,2:24:36:579710,0
291.731,310.2143,2:24:36:583709,0
291.731,309.777,2:24:36:587640,0
291.731,309.2815,2:24:36:591005,0
291.1408,308.7568,2:24:36:594946,0
291.1408,308.2029,2:24:36:599022,0
291.1408,307.5908,2:24:36:602948,0
291.1408,306.9203,2:24:36:607647,0
291.1408,306.1624,2:24:36:611007,0
291.1408,305.4337,2:24:36:615079,0
291.1408,304.705,2:24:36:619007,0
291.1408,303.9471,2:24:36:623015,0
291.1408,303.2183,2:24:36:627649,0
291.1408,302.4312,2:24:36:630924,1838
291.1408,301.6442,2:24:36:634880,1911
291.1408,301.0029,2:24:36:639880,2061
291.1408,300.3616,2:24:36:642887,2282
291.1408,299.7786,2:24:36:647892,2567
291.1408,299.1373,2:24:36:650890,2831
291.6081,298.5834,2:24:36:655006,3047
291.6081,298.0587,2:24:36:658976,3212
292.0754,297.6506,2:24:36:663039,3328
292.0754,297.33,2:24:36:667488,3409
292.7148,296.951,2:24:36:671399,3481
293.1083,296.6887,2:24:36:675498,3547
293.5264,296.5138,2:24:36:679436,3610
293.9691,296.4264,2:24:36:683597,3683
294.4364,296.4264,2:24:36:687600,3743
294.9529,296.4264,2:24:36:691589,3802
295.4447,296.4264,2:24:36:695588,3849
295.912,297.3592,2:24:36:699793,3870
296.2809,297.3592,2:24:36:702803,3888
296.6252,298.7292,2:24:36:706802,3891
296.8712,299.6328,2:24:36:710802,3894
297.0433,300.5948,2:24:36:714804,3893
297.0679,301.6151,2:24:36:719156,3894
297.0679,302.6645,2:24:36:723157,3884
297.0679,303.7722,2:24:36:727156,3865
297.0679,304.7924,2:24:36:731158,3839
296.1825,305.8418,2:24:36:735233,3787
295.6661,306.8037,2:24:36:739242,3732
295.0758,307.6783,2:24:36:743347,3670
294.338,308.4944,2:24:36:747243,3614
293.5264,309.2815,2:24:36:751640,3580
292.641,309.9811,2:24:36:755359,3561
291.731,310.6516,2:24:36:759343,3556
290.7965,311.2346,2:24:36:763343,3555
289.8865,311.7592,2:24:36:767346,3548
289.0012,312.2839,2:24:36:771633,3547
288.1896,312.7503,2:24:36:775193,3545
287.4518,313.2167,2:24:36:779300,3534
286.8123,313.6248,2:24:36:783192,3524
286.345,313.9746,2:24:36:787193,3500
285.9761,314.3245,2:24:36:792347,3467
285.7056,314.6451,2:24:36:795360,3441
285.5334,314.9074,2:24:36:799355,3417
285.4843,315.1989,2:24:36:803353,3405
285.4843,315.4322,2:24:36:807352,3399
285.4843,315.6653,2:24:36:811644,3394
286.0991,315.8402,2:24:36:814983,3392
286.0991,315.9568,2:24:36:818983,3389
287.0583,316.0735,2:24:36:822986,3393
287.6977,316.1317,2:24:36:826985,3395
288.4109,316.2192,2:24:36:830999,3397
289.1979,316.2192,2:24:36:835756,3398
290.0095,316.2192,2:24:36:838861,3398
290.8457,316.2192,2:24:36:843768,3399
291.731,316.2192,2:24:36:847766,3399
292.641,316.2192,2:24:36:850797,3398
293.5264,315.4613,2:24:36:855642,3393
294.461,315.4613,2:24:36:859644,3391
295.4447,314.9366,2:24:36:863653,3388
296.4039,314.9366,2:24:36:867654,3385
297.3384,314.2953,2:24:36:871651,3382
298.2484,314.2953,2:24:36:875651,3379
299.1584,313.5666,2:24:36:879085,3378
300.0929,313.2167,2:24:36:883081,3373
300.9783,312.8087,2:24:36:887038,3367
301.8391,312.4297,2:24:36:891039,3362
302.7245,312.0216,2:24:36:895643,3356
303.659,311.6426,2:24:36:899172,3337
304.5936,311.2346,2:24:36:903172,3294
305.479,310.7973,2:24:36:907222,3230
306.3152,310.36,2:24:36:911169,3139
307.1021,309.8645,2:24:36:914761,3046
307.8154,309.369,2:24:36:918906,2955
308.4548,308.7568,2:24:36:922905,2870
308.9959,308.1447,2:24:36:926926,2802
309.3648,307.445,2:24:36:930922,2750
309.7091,306.6871,2:24:36:935279,2720
310.0042,305.8709,2:24:36:939155,2706
310.2256,305.0547,2:24:36:943101,2704
310.3731,304.1802,2:24:36:947076,2704
310.4961,303.3349,2:24:36:951073,2708
310.5945,302.5187,2:24:36:955241,2740
310.6928,301.7025,2:24:36:959370,2816
310.7174,300.9154,2:24:36:963245,2933
310.7174,300.2159,2:24:36:967244,3099
310.7174,299.6328,2:24:36:971065,3275
310.7174,299.079,2:24:36:975062,3451
310.7174,298.5543,2:24:36:979146,3635
310.7174,298.1462,2:24:36:983142,3814
310.7174,297.7964,2:24:36:987642,3988
310.7174,297.4757,2:24:36:991208,4155
310.2256,297.2134,2:24:36:995240,4313
310.2256,297.0385,2:24:36:999211,4462
310.2256,296.8344,2:24:37:003324,4601
310.2256,296.747,2:24:37:007251,4719
309.8321,296.6887,2:24:37:011251,4807
309.8321,296.6887,2:24:37:015332,4858
309.8321,296.6595,2:24:37:019250,4896
309.8321,296.6595,2:24:37:024186,4915
309.8321,296.6595,2:24:37:027258,4953
309.8321,296.6595,2:24:37:031195,5028
309.5615,296.6595,2:24:37:035238,5117
309.5615,297.5632,2:24:37:039225,5222
309.2418,297.5632,2:24:37:043699,5322
309.0205,298.5543,2:24:37:047707,5397
308.7745,299.2539,2:24:37:051709,5458
308.5286,300.0992,2:24:37:055708,5501
308.2827,301.0904,2:24:37:059709,5529
308.0613,302.1689,2:24:37:063691,5538
307.8646,303.364,2:24:37:067691,5540
307.717,304.6466,2:24:37:071691,5549
307.594,305.9875,2:24:37:075691,5554
307.5203,307.3576,2:24:37:079704,5562
307.4711,308.8151,2:24:37:083712,5562
307.3973,310.2434,2:24:37:087713,5541
307.3973,311.6426,2:24:37:091713,5473
307.3973,313.1002,2:24:37:095711,5337
307.3973,314.4702,2:24:37:099430,5151
307.3973,315.8402,2:24:37:103329,4864
307.3973,317.1228,2:24:37:107338,4564
307.9138,318.4055,2:24:37:111359,4189
307.9138,319.6589,2:24:37:115589,3756
307.9138,320.7957,2:24:37:119593,3268
307.9138,321.9326,2:24:37:123099,2653
308.3073,323.0111,2:24:37:127104,1854
308.3073,323.9439,2:24:37:131104,1087
308.3073,324.7893,2:24:37:135526,494
308.3073,325.5472,2:24:37:139534,0
308.3073,326.1885,2:24:37:143533,0
308.3073,326.7132,2:24:37:147533,0
307.7416,327.1213,2:24:37:151533,0
307.7416,327.3836,2:24:37:155517,0
307.1513,327.5294,2:24:37:159550,0
307.1513,327.646,2:24:37:163592,0
306.3398,327.6751,2:24:37:167584,0
305.8479,327.6751,2:24:37:171637,0
305.3314,327.6751,2:24:37:175593,0
304.7166,327.6751,2:24:37:179601,0
304.1017,327.6751,2:24:37:183604,0
303.3147,326.9172,2:24:37:187603,0
302.5277,326.9172,2:24:37:191610,0
301.6177,326.2468,2:24:37:194796,0
300.6586,326.2468,2:24:37:198791,0
299.5519,325.2849,2:24:37:204008,0
298.3714,324.731,2:24:37:206998,0
297.1171,324.0897,2:24:37:211998,0
295.789,323.4193,2:24:37:215045,0
294.3872,322.7196,2:24:37:219590,0
292.8132,321.9326,2:24:37:223601,0
291.2146,321.1455,2:24:37:227601,0
289.4684,320.2711,2:24:37:231600,0
287.6731,319.4257,2:24:37:235602,0
285.8286,318.4929,2:24:37:239664,0
283.8611,317.5309,2:24:37:243664,0
281.7706,316.569,2:24:37:247668,0
279.508,315.5779,2:24:37:251684,0
277.2699,314.5868,2:24:37:255664,0
274.8843,313.6248,2:24:37:259641,0
272.4004,312.6629,2:24:37:262975,0
269.818,311.7301,2:24:37:266993,0
267.1373,310.8264,2:24:37:271898,0
264.432,310.0394,2:24:37:274982,0
261.7021,309.2523,2:24:37:279073,0
259.0214,308.5819,2:24:37:283086,0
256.2423,307.9114,2:24:37:287085,0
253.4632,307.3285,2:24:37:291085,0
250.7087,306.7746,2:24:37:295645,0
247.9296,306.2791,2:24:37:299152,0
245.2981,305.8127,2:24:37:303161,0
242.6419,305.3463,2:24:37:307181,0
240.0104,304.9673,2:24:37:311161,0
237.4035,304.5592,2:24:37:315645,0
234.8949,304.1511,2:24:37:319872,0
232.5093,303.743,2:24:37:322988,0
230.1975,303.364,2:24:37:326872,0
228.0332,302.956,2:24:37:330896,0
225.8444,302.577,2:24:37:335021,0
223.8523,302.1689,2:24:37:339096,0
221.934,301.8191,2:24:37:343093,0
220.0649,301.4693,2:24:37:347030,0
218.3187,301.0904,2:24:37:351642,0
216.6463,300.7697,2:24:37:354952,0
215.0723,300.4782,2:24:37:359951,0
213.5721,300.245,2:24:37:362950,0
212.2687,300.041,2:24:37:366950,0
211.039,299.8952,2:24:37:371647,0
209.9814,299.8369,2:24:37:375903,0
209.0961,299.8077,2:24:37:378954,0
208.3337,299.8077,2:24:37:382902,0
207.6696,299.8077,2:24:37:386905,0
207.2023,299.8077,2:24:37:391596,0
206.8826,299.8077,2:24:37:395433,2239
206.6613,299.8077,2:24:37:399442,2243
206.5137,299.8077,2:24:37:403442,2248
206.4891,299.8077,2:24:37:407554,2254
206.4891,299.8077,2:24:37:411442,2275
206.4891,299.8077,2:24:37:415639,2341
207.3007,299.8077,2:24:37:419046,2443
207.3007,299.8077,2:24:37:424000,2559
208.5058,299.8077,2:24:37:426999,2673
209.3912,299.8077,2:24:37:430999,2750
210.5225,299.8077,2:24:37:435553,2812
211.8014,299.2539,2:24:37:439118,2896
213.3016,299.2539,2:24:37:443066,2993
214.9494,299.2539,2:24:37:447069,3105
216.7939,299.2539,2:24:37:451179,3217
218.8598,298.8458,2:24:37:455161,3315
221.1224,298.8458,2:24:37:459640,3400
223.6064,298.4669,2:24:37:463166,3470
226.3117,298.2045,2:24:37:467155,3541
229.1892,297.9421,2:24:37:471155,3618
232.3372,297.6215,2:24:37:475154,3700
235.8049,297.3008,2:24:37:479145,3783
239.5185,296.951,2:24:37:483272,3851
243.5273,296.6304,2:24:37:487157,3889
247.782,296.2806,2:24:37:491247,3915
252.2827,296.0182,2:24:37:495700,3938
256.9309,295.8142,2:24:37:499296,3969
261.8988,295.6101,2:24:37:503268,4015
267.0389,295.4644,2:24:37:507206,4072
272.2528,295.377,2:24:37:511241,4127
277.5405,295.3186,2:24:37:515462,4176
282.7789,295.2895,2:24:37:519461,4218
288.0174,295.2603,2:24:37:523465,4258
293.2805,295.1729,2:24:37:527461,4300
298.4698,295.1729,2:24:37:531123,4349
303.5115,295.1437,2:24:37:535162,4405
308.381,295.1146,2:24:37:539246,4465
313.0784,295.1146,2:24:37:544162,4526
317.5299,295.1146,2:24:37:548162,4589
321.8584,295.1146,2:24:37:551582,4646
325.9656,295.1146,2:24:37:555581,4702
329.7776,295.1146,2:24:37:559588,4760
333.3683,295.1146,2:24:37:563588,4810
336.6638,295.1146,2:24:37:567588,4862
339.6643,295.1146,2:24:37:571769,4910
342.3942,295.1146,2:24:37:575285,4955
344.9273,295.1146,2:24:37:579294,5001
347.0916,295.581,2:24:37:583293,5045
348.9853,295.581,2:24:37:587293,5091
350.5593,295.581,2:24:37:591490,5138
351.789,295.581,2:24:37:595064,5203
352.7236,295.581,2:24:37:599054,5287
353.3876,295.581,2:24:37:603053,5396
353.8303,295.581,2:24:37:608129,5518
354.0762,295.581,2:24:37:611140,5619
354.1746,295.581,2:24:37:615585,5685
354.1746,295.581,2:24:37:619527,5713
354.1746,295.581,2:24:37:623472,5697
354.1746,295.581,2:24:37:627472,5661
354.1746,295.581,2:24:37:631590,5573
354.1746,295.581,2:24:37:635487,5413
354.1746,295.581,2:24:37:639488,5201
354.1746,295.581,2:24:37:643488,4929
354.1746,295.581,2:24:37:647766,4639
353.6827,295.581,2:24:37:650776,4326
353.6827,295.581,2:24:37:654776,3963
353.6827,295.581,2:24:37:658785,3524
353.1663,295.581,2:24:37:662777,2965
353.1663,295.581,2:24:37:667589,2193
352.6744,295.581,2:24:37:671604,1360
352.2809,295.581,2:24:37:675607,673
351.8628,295.581,2:24:37:679607,0
351.3463,295.581,2:24:37:683605,0
350.8298,295.581,2:24:37:687055,0
350.215,295.581,2:24:37:692060,0
349.6248,295.581,2:24:37:695062,0
348.9853,295.581,2:24:37:699062,0
348.2475,294.9688,2:24:37:703630,0
347.6081,294.9688,2:24:37:707120,0
346.944,294.3567,2:24:37:711121,0
346.28,294.3567,2:24:37:715235,0
345.6898,293.7445,2:24:37:719120,0
345.0995,293.7445,2:24:37:723537,0
344.4846,293.045,2:24:37:727874,0
343.8452,292.6952,2:24:37:731053,0
343.2304,292.4037,2:24:37:735134,0
342.5663,292.1122,2:24:37:739110,0
341.9269,291.8206,2:24:37:743099,0
341.1891,291.4125,2:24:37:747382,0
340.4513,291.0336,2:24:37:750907,0
339.6151,290.5381,2:24:37:754814,0
339.1478,290.1591,2:24:37:758940,0
338.1149,289.8093,2:24:37:762815,0
338.1149,289.8093,2:24:37:781593,0
