216.8431,152.95,2:30:13:750152,0
216.8431,152.95,2:30:13:753168,0
216.8431,152.95,2:30:13:757167,0
216.8431,152.1339,2:30:13:761167,0
216.8431,152.1339,2:30:13:765171,0
217.5809,152.1339,2:30:13:769175,0
217.5809,151.3468,2:30:13:773573,0
218.2203,151.3468,2:30:13:776617,0
218.2203,150.8221,2:30:13:781597,0
219.0811,150.8221,2:30:13:784617,0
219.45,150.8221,2:30:13:789597,0
219.9419,150.8221,2:30:13:792592,0
220.3846,150.8221,2:30:13:797796,0
220.9503,150.8221,2:30:13:801815,0
221.5159,150.8221,2:30:13:804864,0
222.1062,150.8221,2:30:13:808883,0
222.721,150.8221,2:30:13:812889,0
223.3604,150.8221,2:30:13:816882,0
223.9999,150.8221,2:30:13:821744,0
224.6393,150.8221,2:30:13:825765,0
225.2787,150.8221,2:30:13:829778,0
225.869,150.8221,2:30:13:832790,0
226.4101,150.8221,2:30:13:837544,0
226.8773,150.8221,2:30:13:840562,0
227.32,150.8221,2:30:13:845560,0
227.6643,150.8221,2:30:13:848562,0
227.9349,150.8221,2:30:13:853970,0
228.23,150.8221,2:30:13:856989,0
228.3776,149.9184,2:30:13:860987,0
228.5005,149.9184,2:30:13:864989,0
228.5251,149.2771,2:30:13:869986,0
228.5251,149.2771,2:30:13:872989,0
228.5743,148.461,2:30:13:876988,0
228.5743,148.461,2:30:13:880989,0
228.5743,147.8779,2:30:13:884989,0
228.5743,147.8779,2:30:13:888991,0
228.5743,147.4407,2:30:13:893426,0
228.5743,147.4407,2:30:13:897444,0
228.5743,147.1783,2:30:13:901529,0
228.5743,147.1783,2:30:13:905549,0
228.5743,147.1783,2:30:13:909548,0
228.5743,147.0326,2:30:13:912547,0
228.5743,147.0326,2:30:13:917551,0
228.5743,146.916,2:30:13:920548,0
228.0087,146.8286,2:30:13:925555,0
228.0087,146.7702,2:30:13:928545,0
227.5414,146.6828,2:30:13:933701,0
227.5414,146.6245,2:30:13:936727,0
226.9757,146.4787,2:30:13:941581,0
226.9757,146.3622,2:30:13:945597,0
226.4838,146.1581,2:30:13:948596,0
226.4838,146.0123,2:30:13:952599,0
225.9428,145.8083,2:30:13:958004,0
225.6231,145.5751,2:30:13:961022,0
225.3525,145.4294,2:30:13:965023,0
225.1312,145.3127,2:30:13:969023,0
224.9099,145.167,2:30:13:973023,0
224.6639,144.9921,2:30:13:977023,0
224.4426,144.8755,2:30:13:981747,0
224.295,144.7298,2:30:13:984766,0
224.1966,144.6423,2:30:13:989767,0
224.1228,144.4966,2:30:13:992767,0
224.1228,144.3217,2:30:13:996765,0
224.1228,144.1467,2:30:14:000765,0
224.1228,143.9427,2:30:14:005923,0
224.1228,143.797,2:30:14:008941,0
224.1228,143.5929,2:30:14:012957,0
224.8607,143.3306,2:30:14:017942,0
224.8607,142.9807,2:30:14:020939,0
225.3771,142.631,2:30:14:024938,0
225.3771,142.252,2:30:14:029948,0
225.9428,141.8147,2:30:14:032957,0
225.9428,141.3192,2:30:14:036955,0
226.4838,140.8528,2:30:14:041815,0
226.4838,140.4447,2:30:14:044864,0
226.9019,139.9783,2:30:14:048859,0
226.9019,139.6285,2:30:14:052908,0
227.2462,139.2495,2:30:14:056839,0
227.2462,138.9581,2:30:14:060834,0
227.4184,138.7249,2:30:14:064834,0
227.4184,138.4625,2:30:14:069809,0
227.4184,138.2876,2:30:14:072842,0
227.4184,138.1418,2:30:14:076828,0
227.4184,138.0253,2:30:14:081830,0
227.4184,137.9086,2:30:14:085823,0
227.4184,137.8503,2:30:14:088827,0
227.4184,137.7629,2:30:14:092789,0
226.9511,137.7337,2:30:14:096846,0
226.9511,137.7337,2:30:14:100845,0
226.9511,137.7337,2:30:14:104846,0
226.9511,137.7046,2:30:14:110147,0
226.9511,137.7046,2:30:14:112721,0
226.9511,137.7046,2:30:14:116717,0
226.656,137.7046,2:30:14:120717,0
226.656,137.7046,2:30:14:124717,0
226.656,137.7046,2:30:14:128719,0
226.656,137.7046,2:30:14:133713,0
226.4838,138.2585,2:30:14:137567,0
226.4838,138.2585,2:30:14:140585,0
226.4838,138.2585,2:30:14:144585,0
226.3117,138.9872,2:30:14:149584,0
226.2625,138.9872,2:30:14:153586,0
226.2133,139.6577,2:30:14:156589,0
226.1641,140.0658,2:30:14:160589,0
226.0903,140.4447,2:30:14:165564,0
226.0658,140.7945,2:30:14:168584,0
226.0412,141.1443,2:30:14:173584,0
226.0412,141.4941,2:30:14:177584,0
226.0412,141.8439,2:30:14:181600,0
226.0412,142.1354,2:30:14:184610,0
226.0412,142.3978,2:30:14:188604,0
226.0412,142.6601,2:30:14:192604,0
226.0412,142.8642,2:30:14:197416,0
226.0412,143.039,2:30:14:201437,0
226.0412,143.1848,2:30:14:205437,0
226.0412,143.2722,2:30:14:209439,0
226.0412,143.3306,2:30:14:213436,0
226.0412,143.3889,2:30:14:217437,0
226.0412,143.418,2:30:14:221438,0
226.0412,143.418,2:30:14:225437,0
225.6231,143.4763,2:30:14:229437,0
225.6231,143.4763,2:30:14:233676,0
225.6231,143.4763,2:30:14:236694,0
225.6231,143.5054,2:30:14:240694,0
225.6231,143.5929,2:30:14:245695,0
225.6231,143.6221,2:30:14:248694,0
225.6231,143.6803,2:30:14:253690,0
225.6231,143.7678,2:30:14:257532,0
225.6231,143.8261,2:30:14:260546,0
225.6231,143.9427,2:30:14:264545,0
225.6231,144.0302,2:30:14:269539,0
225.6231,144.0885,2:30:14:273460,0
225.6231,144.1467,2:30:14:277455,0
225.6231,144.205,2:30:14:281455,0
225.6231,144.205,2:30:14:285460,0
225.6231,144.2342,2:30:14:289460,0
225.6231,144.2342,2:30:14:293961,0
225.6231,144.2342,2:30:14:297483,0
225.6231,144.2342,2:30:14:301486,0
225.6231,144.2342,2:30:14:305499,0
225.6231,144.2342,2:30:14:309487,0
225.6231,144.2342,2:30:14:313483,0
225.6231,144.2342,2:30:14:318061,0
225.6231,144.2342,2:30:14:320587,0
225.6231,144.2342,2:30:14:324588,0
225.6231,143.6803,2:30:14:329583,0
225.6231,143.6803,2:30:14:332587,0
225.6231,143.6803,2:30:14:336587,0
225.6231,143.6803,2:30:14:342149,0
225.6231,143.6803,2:30:14:345168,0
225.6231,143.6803,2:30:14:349169,0
225.6231,143.6803,2:30:14:354027,0
225.6231,143.6803,2:30:14:357045,0
225.6231,143.6803,2:30:14:361046,0
225.6231,143.6803,2:30:14:365064,0
225.6231,143.6803,2:30:14:369046,0
225.6231,143.6803,2:30:14:373046,0
225.6231,143.6803,2:30:14:377044,0
225.6231,143.6803,2:30:14:381045,0
225.6231,143.6803,2:30:14:385051,0
225.6231,143.6803,2:30:14:389069,0
225.6231,143.6803,2:30:14:393069,0
225.6231,143.6803,2:30:14:397069,0
225.6231,143.6803,2:30:14:401476,0
225.6231,143.6803,2:30:14:405495,0
225.6231,143.6803,2:30:14:408494,0
225.6231,143.6803,2:30:14:413501,0
225.6231,143.6803,2:30:14:416518,0
225.9674,143.6803,2:30:14:421513,0
225.9674,143.6803,2:30:14:425627,0
225.9674,143.6803,2:30:14:428646,0
225.9674,143.6803,2:30:14:432645,0
225.9674,143.6803,2:30:14:437650,0
225.9674,143.6803,2:30:14:440644,0
225.9674,143.6803,2:30:14:444642,0
225.9674,143.6803,2:30:14:448750,0
225.9674,143.6803,2:30:14:453783,0
225.9674,143.6803,2:30:14:456785,0
225.9674,143.6803,2:30:14:461626,0
225.9674,143.6803,2:30:14:465645,0
225.9674,143.6803,2:30:14:468644,0
225.9674,143.6803,2:30:14:473316,0
225.9674,143.6803,2:30:14:477253,0
225.9674,143.6803,2:30:14:481255,0
225.9674,143.6803,2:30:14:485360,0
225.9674,143.6803,2:30:14:489258,0
225.9674,143.6803,2:30:14:493258,0
225.9674,143.6803,2:30:14:497921,0
225.9674,143.6803,2:30:14:500938,0
225.9674,143.6803,2:30:14:504920,0
225.9674,143.6803,2:30:14:509411,0
225.9674,143.6803,2:30:14:513432,0
225.9674,143.6803,2:30:14:517433,0
225.9674,143.6803,2:30:14:521106,0
225.9674,143.6803,2:30:14:525108,0
225.9674,143.6803,2:30:14:529108,0
225.9674,143.6803,2:30:14:533109,0
225.9674,143.6803,2:30:14:537105,0
225.9674,143.6803,2:30:14:541105,0
225.9674,143.6803,2:30:14:545117,0
225.9674,143.6803,2:30:14:549108,0
225.5247,143.6803,2:30:14:553112,0
225.5247,143.6803,2:30:14:557846,0
225.5247,143.6803,2:30:14:560864,0
225.5247,143.6803,2:30:14:564864,0
225.5247,143.6803,2:30:14:569060,0
225.5247,143.6803,2:30:14:572888,0
225.5247,143.6803,2:30:14:576864,0
225.5247,143.6803,2:30:14:581562,0
225.5247,143.6803,2:30:14:584893,0
225.5247,143.6803,2:30:14:588889,0
225.5247,143.6803,2:30:14:594143,0
225.5247,143.6803,2:30:14:597166,0
225.5247,143.6803,2:30:14:601189,0
225.5247,143.6803,2:30:14:605161,0
225.5247,143.6803,2:30:14:609167,0
225.5247,143.6803,2:30:14:613161,0
225.5247,143.0974,2:30:14:617689,0
225.5247,143.0974,2:30:14:620709,0
225.5247,143.0974,2:30:14:624707,0
225.5247,143.0974,2:30:14:628774,0
225.5247,143.0974,2:30:14:632769,0
225.5247,143.0974,2:30:14:636768,0
225.5247,142.6893,2:30:14:641768,0
225.5247,142.6893,2:30:14:644768,0
225.5247,142.3686,2:30:14:648768,0
225.5247,142.3686,2:30:14:653166,0
225.5247,142.1062,2:30:14:657194,0
225.5247,141.873,2:30:14:661194,0
225.5247,141.873,2:30:14:665582,0
225.5247,141.5524,2:30:14:668601,0
225.5247,141.3483,2:30:14:673599,0
225.9182,141.1734,2:30:14:677951,0
225.9182,140.9986,2:30:14:680967,0
225.9182,140.7654,2:30:14:684966,0
225.9182,140.5322,2:30:14:688981,0
226.1887,140.3573,2:30:14:692970,0
226.1887,140.1823,2:30:14:696970,0
226.3855,139.9491,2:30:14:701773,0
226.3855,139.7159,2:30:14:704802,0
226.533,139.4827,2:30:14:708791,0
226.6068,139.2495,2:30:14:712940,0
226.6806,138.9872,2:30:14:716810,0
226.7544,138.6957,2:30:14:720791,0
226.779,138.4042,2:30:14:725863,0
226.8528,138.0544,2:30:14:728860,0
226.8773,137.7629,2:30:14:732860,0
226.9511,137.4422,2:30:14:737502,0
227.0003,137.0925,2:30:14:741517,0
227.0987,136.7718,2:30:14:745518,0
227.1971,136.4803,2:30:14:749544,0
227.3446,136.1888,2:30:14:753534,0
227.4922,135.8681,2:30:14:756534,0
227.6643,135.6349,2:30:14:760923,0
227.8119,135.4017,2:30:14:764902,0
227.9841,135.1685,2:30:14:770908,0
228.1316,134.9645,2:30:14:772902,1492
228.2546,134.7313,2:30:14:776902,1496
228.3284,134.5564,2:30:14:782905,1508
228.353,134.4106,2:30:14:784902,1549
228.3776,134.2941,2:30:14:789904,1602
228.3776,134.1774,2:30:14:794372,1655
228.3776,134.09,2:30:14:797395,1699
228.3776,134.0609,2:30:14:801394,1711
228.3776,134.0609,2:30:14:805586,1711
228.3776,134.0609,2:30:14:808605,1717
228.3776,134.0609,2:30:14:812604,1735
228.3776,135.1394,2:30:14:817607,1768
228.3776,135.1394,2:30:14:820604,1814
228.3776,136.218,2:30:14:824605,1861
228.8694,136.9176,2:30:14:829651,1893
228.8694,137.6463,2:30:14:833672,1941
228.8694,138.3459,2:30:14:837670,1978
229.4351,139.0746,2:30:14:841753,2015
229.4351,139.6868,2:30:14:844690,2071
229.7794,140.3281,2:30:14:849695,2115
229.7794,140.9111,2:30:14:853690,2165
230.0745,141.3192,2:30:14:856691,2218
230.0745,141.669,2:30:14:860691,2277
230.0745,141.9022,2:30:14:865517,2350
230.3205,142.1062,2:30:14:869073,2448
230.3205,142.1062,2:30:14:873054,2566
230.3205,142.2811,2:30:14:877053,2705
230.4434,142.2811,2:30:14:881054,2849
230.4434,142.2811,2:30:14:885062,2970
230.5418,142.2811,2:30:14:889656,3056
230.5664,142.2811,2:30:14:892674,3108
230.6156,142.2811,2:30:14:896675,3147
230.6156,141.5815,2:30:14:902680,3205
230.6648,141.5815,2:30:14:904681,3274
230.6648,141.0277,2:30:14:908677,3355
230.6648,141.0277,2:30:14:913683,3424
230.6648,140.3281,2:30:14:917681,3470
230.6648,140.3281,2:30:14:920686,3509
230.6648,139.5702,2:30:14:926739,3534
229.9516,139.5702,2:30:14:928739,3554
229.9516,139.0163,2:30:14:932739,3565
229.1892,139.0163,2:30:14:936738,3571
228.6481,138.6665,2:30:14:941735,3571
228.0578,138.6665,2:30:14:944752,3562
227.3446,138.6665,2:30:14:949322,3558
226.5084,138.6665,2:30:14:953341,3563
225.5985,138.6665,2:30:14:957342,3561
224.5901,138.6665,2:30:14:961474,3562
223.5572,139.8909,2:30:14:965489,3562
222.4505,140.503,2:30:14:969489,3560
221.3192,141.2026,2:30:14:973372,3565
220.1879,142.0188,2:30:14:977280,3568
219.0811,143.0682,2:30:14:981279,3567
217.9744,144.1759,2:30:14:985373,3571
216.9415,145.4294,2:30:14:989260,3572
215.9085,146.7702,2:30:14:993265,3578
214.974,148.1403,2:30:14:997189,3582
214.064,149.5686,2:30:15:001188,3581
213.3016,151.0844,2:30:15:005187,3583
212.5638,152.6586,2:30:15:009192,3589
211.9489,154.0869,2:30:15:013187,3597
211.4079,155.5152,2:30:15:017189,3601
210.9406,156.7979,2:30:15:021691,3607
210.5471,158.0222,2:30:15:025707,3607
210.3012,159.159,2:30:15:028710,3609
210.0798,160.2084,2:30:15:032726,3608
209.9814,161.1412,2:30:15:037706,3604
209.9568,161.9865,2:30:15:040714,3602
209.9568,162.7153,2:30:15:045653,3600
209.9568,163.3566,2:30:15:048677,3604
209.9568,163.8813,2:30:15:052672,3608
210.6455,164.3185,2:30:15:058318,3610
210.6455,164.6392,2:30:15:061334,3617
211.4571,164.8724,2:30:15:065333,3618
211.9735,165.0473,2:30:15:069342,3623
212.5638,165.0473,2:30:15:073334,3627
213.2524,165.0473,2:30:15:077333,3632
214.0394,165.0473,2:30:15:081649,3634
214.851,165.0473,2:30:15:084669,3638
215.7364,164.3185,2:30:15:089662,3642
216.6709,164.3185,2:30:15:093686,3642
217.6055,163.4732,2:30:15:096700,3642
218.5401,163.4732,2:30:15:100696,3646
219.4746,162.4238,2:30:15:105451,3649
220.3846,161.8699,2:30:15:109473,3654
221.3192,161.2869,2:30:15:113474,3663
222.2291,160.7331,2:30:15:117473,3667
223.0899,160.2084,2:30:15:121473,3675
223.8769,159.7128,2:30:15:125473,3684
224.6639,159.3047,2:30:15:129471,3693
225.4509,158.9841,2:30:15:133486,3701
226.1887,158.6926,2:30:15:137489,3717
226.9511,158.4594,2:30:15:141435,3726
227.6643,158.3136,2:30:15:145434,3734
228.4022,158.3136,2:30:15:149435,3744
229.1892,158.3136,2:30:15:153433,3749
229.9516,158.3136,2:30:15:157427,3757
230.7632,158.3136,2:30:15:161426,3762
231.5748,158.3136,2:30:15:165347,3768
232.4109,159.3922,2:30:15:169001,3783
233.2225,159.3922,2:30:15:173004,3807
234.0095,160.6165,2:30:15:177277,3840
234.8211,161.4619,2:30:15:181296,3876
235.436,162.4238,2:30:15:185295,3919
236.1,163.5023,2:30:15:189299,3961
236.7148,164.6392,2:30:15:193295,4000
237.1821,165.9509,2:30:15:197330,4030
237.6248,167.2336,2:30:15:201317,4054
237.9937,168.6036,2:30:15:205295,4079
238.3134,170.0611,2:30:15:209295,4100
238.5594,171.4603,2:30:15:214081,4128
238.7561,172.9761,2:30:15:217101,4144
238.8791,174.4919,2:30:15:221100,4162
238.8791,175.9785,2:30:15:225133,4184
238.8791,177.5526,2:30:15:229101,4195
238.8791,179.1559,2:30:15:233104,4224
238.2397,180.7883,2:30:15:237650,4237
238.2397,182.4207,2:30:15:240665,4260
237.3789,183.9657,2:30:15:244664,4292
236.887,185.4523,2:30:15:249676,4309
236.2476,186.8223,2:30:15:253691,4352
235.6573,188.1049,2:30:15:256690,4392
234.9933,189.2126,2:30:15:261135,4440
234.2555,190.1454,2:30:15:265139,4489
233.4193,190.9325,2:30:15:269133,4525
232.5585,191.603,2:30:15:273209,4548
231.6977,192.0402,2:30:15:278134,4558
230.8123,192.3609,2:30:15:281136,4566
229.9516,192.5941,2:30:15:285291,4566
228.9924,192.6232,2:30:15:289310,4571
228.107,192.6232,2:30:15:293306,4570
227.1725,192.6232,2:30:15:297659,4574
226.2871,192.6232,2:30:15:300677,4579
225.4755,191.6321,2:30:15:304677,4578
224.7131,191.6321,2:30:15:309679,4576
224.0491,190.5535,2:30:15:312675,4576
223.4342,189.8539,2:30:15:317675,4567
222.9669,189.1543,2:30:15:321449,4568
222.6226,188.3673,2:30:15:325456,4578
222.3521,187.6094,2:30:15:331461,4570
222.2045,186.8515,2:30:15:333458,4573
222.1062,186.0936,2:30:15:338457,4569
222.1062,185.3357,2:30:15:340456,4564
222.1062,184.6069,2:30:15:345456,4565
222.1062,183.9657,2:30:15:349457,4561
222.1062,183.2952,2:30:15:353956,4559
222.6718,182.7122,2:30:15:356975,4558
222.6718,182.1875,2:30:15:360976,4553
223.385,181.7211,2:30:15:365559,4557
223.8523,181.3421,2:30:15:369001,4556
224.3688,181.0506,2:30:15:372996,4551
224.9344,180.8174,2:30:15:377000,4556
225.5985,180.6134,2:30:15:381348,4551
226.2625,180.5551,2:30:15:385369,4553
226.9019,180.5551,2:30:15:389368,4557
227.5906,180.5551,2:30:15:393433,4557
228.2546,180.5551,2:30:15:397369,4563
228.9186,181.4879,2:30:15:401368,4565
229.5335,181.4879,2:30:15:405560,4576
230.1975,182.6248,2:30:15:409393,4593
230.8123,183.4409,2:30:15:413393,4610
231.4518,184.3154,2:30:15:416815,4637
232.1158,185.2191,2:30:15:420817,4648
232.7798,186.1519,2:30:15:424816,4656
233.4439,187.1138,2:30:15:428815,4670
234.1325,188.0175,2:30:15:432811,4671
234.8211,188.892,2:30:15:436816,4678
235.436,189.7374,2:30:15:441367,4686
236.0508,190.4953,2:30:15:444825,4684
236.6902,191.1074,2:30:15:449238,4691
237.3789,191.7195,2:30:15:452767,4698
238.0675,192.2151,2:30:15:457767,4695
238.8053,192.5941,2:30:15:460766,4695
239.5677,192.8855,2:30:15:464766,4684
240.3793,193.0313,2:30:15:468767,4668
241.2155,193.1187,2:30:15:472790,4644
242.0517,193.1187,2:30:15:476767,4559
242.8633,193.1187,2:30:15:481766,4407
243.6257,193.1187,2:30:15:485766,4154
244.3143,191.9527,2:30:15:488766,3793
244.9046,191.3406,2:30:15:493461,3353
245.421,190.5827,2:30:15:497477,2810
245.8637,189.679,2:30:15:501478,2091
246.2572,188.4839,2:30:15:505475,1304
246.5769,187.0847,2:30:15:509476,658
246.8967,185.6272,2:30:15:513481,0
247.2164,184.0531,2:30:15:517549,0
247.5361,182.3916,2:30:15:521564,0
247.8312,180.6425,2:30:15:524568,0
248.1509,178.8353,2:30:15:528566,0
248.4953,177.0571,2:30:15:533569,0
248.8396,175.3956,2:30:15:536568,0
249.2085,173.8506,2:30:15:540572,0
249.5528,172.3056,2:30:15:545598,0
249.8725,170.819,2:30:15:548601,0
250.143,169.4489,2:30:15:553595,0
250.4382,168.1372,2:30:15:556594,0
250.6841,166.9129,2:30:15:560613,0
250.9054,165.7177,2:30:15:565465,0
251.1268,164.5226,2:30:15:569480,0
251.3727,163.3857,2:30:15:573480,0
251.6187,162.278,2:30:15:577483,0
251.8646,161.1703,2:30:15:581371,0
252.1843,160.0918,2:30:15:585392,0
252.5286,158.9841,2:30:15:589392,0
252.8729,157.8764,2:30:15:593392,0
253.2418,156.7104,2:30:15:597922,0
253.6599,155.5444,2:30:15:600963,0
254.0534,154.3492,2:30:15:604939,0
254.4223,153.1832,2:30:15:608998,0
254.8158,151.9881,2:30:15:612936,0
255.1356,150.7638,2:30:15:616937,0
255.4553,149.5395,2:30:15:620936,0
255.775,148.4318,2:30:15:624947,0
256.0209,147.3241,2:30:15:628940,0
256.2423,146.3622,2:30:15:632936,0
256.439,145.4294,2:30:15:638082,0
256.5866,144.584,2:30:15:641107,0
256.7834,143.7678,2:30:15:645101,0
256.9063,143.039,2:30:15:649472,0
257.0539,142.2811,2:30:15:653491,0
257.1523,141.6107,2:30:15:657486,0
257.2752,140.9986,2:30:15:661370,0
257.3244,140.3281,2:30:15:665390,0
257.4228,139.6577,2:30:15:669602,2216
257.4474,138.9872,2:30:15:672640,2250
257.4966,138.4333,2:30:15:677617,2349
257.4966,137.9086,2:30:15:680621,2524
257.4966,137.4714,2:30:15:685621,2782
257.4966,137.0341,2:30:15:688621,3092
257.4966,136.6552,2:30:15:693616,3405
257.4966,136.3929,2:30:15:696627,3662
257.4966,136.2471,2:30:15:700621,3840
257.4966,136.1305,2:30:15:704621,3932
257.4966,136.0722,2:30:15:709688,3955
257.4966,136.0722,2:30:15:713706,3980
257.4966,136.0722,2:30:15:716712,4046
257.4966,136.0722,2:30:15:721708,4145
257.4966,136.9467,2:30:15:724712,4273
257.4966,136.9467,2:30:15:728707,4407
257.4966,138.3459,2:30:15:733450,4521
257.4966,139.337,2:30:15:737472,4641
257.4966,140.5905,2:30:15:741471,4764
257.4966,142.1354,2:30:15:745470,4891
257.9884,143.8844,2:30:15:749472,5050
257.9884,145.75,2:30:15:753471,5172
257.9884,147.7905,2:30:15:757615,5317
258.4557,149.9767,2:30:15:760630,5485
258.4557,152.1922,2:30:15:764629,5640
258.8246,154.6116,2:30:15:769545,5837
258.8246,156.9436,2:30:15:773236,5986
259.1689,159.2173,2:30:15:777236,6090
259.3411,161.3744,2:30:15:781688,6150
259.5132,163.5023,2:30:15:784694,6161
259.6854,165.4845,2:30:15:789688,6173
259.8576,167.3793,2:30:15:792688,6166
260.0543,169.1575,2:30:15:796685,6176
260.2019,170.7899,2:30:15:800685,6178
260.374,172.3056,2:30:15:804686,6180
260.5216,173.7048,2:30:15:809686,6189
260.6446,174.9874,2:30:15:812699,6174
260.743,176.0952,2:30:15:816894,6154
260.8413,177.0862,2:30:15:820921,6028
260.9151,177.8733,2:30:15:824896,5803
261.0135,178.5146,2:30:15:829398,5491
261.0627,178.981,2:30:15:834412,5125
261.1118,179.3891,2:30:15:837414,4783
261.1364,179.5349,2:30:15:841413,4420
261.2102,179.564,2:30:15:847840,4019
261.2594,179.564,2:30:15:849862,3553
261.3332,179.564,2:30:15:852856,3007
261.4315,178.6312,2:30:15:858857,2361
261.5791,177.9316,2:30:15:861855,1606
261.7759,177.0862,2:30:15:864855,915
262.0218,175.9785,2:30:15:869569,382
262.2678,174.7542,2:30:15:873583,0
262.6121,173.3842,2:30:15:876587,0
263.0302,171.8684,2:30:15:880588,0
263.4236,170.3235,2:30:15:885823,0
263.9155,168.6911,2:30:15:888842,0
264.3828,167.1169,2:30:15:892847,0
264.9485,165.5428,2:30:15:898075,0
265.5141,163.9688,2:30:15:901094,0
266.1536,162.5112,2:30:15:905093,0
266.6946,161.0829,2:30:15:910092,0
267.2357,159.7711,2:30:15:913094,0
267.8013,158.4886,2:30:15:917093,0
268.3178,157.3226,2:30:15:922026,0
268.9326,156.2148,2:30:15:925044,0
269.4491,155.1071,2:30:15:929044,0
269.9902,154.0578,2:30:15:933042,0
270.5067,153.0667,2:30:15:937044,0
271.0723,152.1047,2:30:15:941044,0
271.7118,151.1427,2:30:15:945045,0
272.302,150.1225,2:30:15:949042,0
272.8922,149.1606,2:30:15:953044,0
273.4087,148.1986,2:30:15:957402,0
273.9498,147.295,2:30:15:961417,0
274.4417,146.3913,2:30:15:965432,0
274.8843,145.6042,2:30:15:969453,0
275.2533,144.9921,2:30:15:973453,0
275.5484,144.4382,2:30:15:977453,0
275.7943,143.9427,2:30:15:982050,1741
275.9911,143.6512,2:30:15:985068,1758
276.114,143.4763,2:30:15:989068,1783
276.1878,143.3889,2:30:15:994070,1824
276.2616,143.3597,2:30:15:997069,1871
276.2862,143.3306,2:30:16:001063,1897
276.3354,143.3306,2:30:16:005065,1937
276.36,143.3306,2:30:16:009069,1997
276.4091,143.3306,2:30:16:013069,2066
276.4829,143.3306,2:30:16:017168,2163
276.5813,143.3306,2:30:16:021162,2261
276.6305,144.3508,2:30:16:025162,2352
276.7043,144.3508,2:30:16:029559,2459
276.8026,145.4294,2:30:16:033266,2555
276.8272,146.1581,2:30:16:037266,2641
276.8272,146.9743,2:30:16:041653,2715
276.8272,147.8488,2:30:16:044668,2774
276.8272,148.7233,2:30:16:048668,2825
276.8272,149.5395,2:30:16:053674,2878
276.1386,150.3266,2:30:16:056668,2929
276.1386,151.0553,2:30:16:060668,2968
275.5484,151.6966,2:30:16:065764,3010
275.5484,152.2796,2:30:16:068781,3046
274.8597,152.7751,2:30:16:072780,3085
274.8597,153.125,2:30:16:077658,3122
274.1711,153.4164,2:30:16:081189,3152
273.7284,153.6496,2:30:16:084696,3177
273.2612,153.7954,2:30:16:089440,3182
272.7939,153.8246,2:30:16:093459,3184
272.2528,153.8246,2:30:16:097458,3185
271.7364,153.8246,2:30:16:101462,3177
271.1953,153.8246,2:30:16:104458,3178
270.6296,153.8246,2:30:16:109458,3178
270.1132,152.8043,2:30:16:113462,3181
269.6705,152.8043,2:30:16:117693,3189
269.3261,151.6383,2:30:16:120712,3190
269.0064,150.997,2:30:16:124712,3191
268.8343,150.2682,2:30:16:128712,3186
268.6621,149.5395,2:30:16:132715,3194
268.5883,148.8107,2:30:16:136712,3200
268.5392,148.1403,2:30:16:141771,3206
268.5392,147.4407,2:30:16:144784,3217
268.5392,146.7411,2:30:16:148799,3209
268.5392,146.1581,2:30:16:153791,3203
268.5392,145.6626,2:30:16:157779,3203
268.5392,145.167,2:30:16:160781,3198
268.5392,144.7298,2:30:16:164788,3202
269.1294,144.4091,2:30:16:168779,3210
269.1294,144.0593,2:30:16:172779,3209
269.8918,143.8261,2:30:16:176782,3203
270.3837,143.6803,2:30:16:180787,3202
270.9493,143.6512,2:30:16:184781,3200
271.6134,143.6221,2:30:16:189772,3197
272.302,143.6221,2:30:16:192783,3197
273.0152,143.6221,2:30:16:196784,3192
273.753,143.6221,2:30:16:201518,3191
274.4908,144.4091,2:30:16:205534,3199
275.2287,144.4091,2:30:16:208533,3209
275.9173,145.4294,2:30:16:213539,3225
276.5813,146.0998,2:30:16:217534,3245
277.1962,146.8869,2:30:16:220544,3282
277.7864,147.8488,2:30:16:225650,3334
278.3275,148.8399,2:30:16:228666,3403
278.7701,149.9476,2:30:16:233666,3488
279.1637,151.1719,2:30:16:237833,3575
279.508,152.4545,2:30:16:240833,3669
279.7539,153.8246,2:30:16:244868,3757
279.9261,155.282,2:30:16:249850,3832
279.9753,156.7104,2:30:16:252833,3898
279.9753,158.1971,2:30:16:256834,3947
279.9753,159.6546,2:30:16:261534,3986
279.9753,161.0829,2:30:16:264554,4011
279.262,162.5404,2:30:16:269553,4027
279.262,163.9396,2:30:16:273549,4038
278.2537,165.3096,2:30:16:276550,4038
277.6389,166.6214,2:30:16:280550,4042
276.9256,167.9915,2:30:16:284559,4040
276.1386,169.2449,2:30:16:288572,4042
275.3024,170.4984,2:30:16:293553,4051
274.3925,171.7227,2:30:16:296550,4060
273.3841,172.8887,2:30:16:301555,4069
272.425,173.938,2:30:16:304552,4073
271.515,174.8125,2:30:16:308551,4078
270.6788,175.6288,2:30:16:313414,4088
269.941,176.2409,2:30:16:317429,4097
269.3016,176.6781,2:30:16:321430,4110
268.7851,176.9405,2:30:16:325743,4119
268.4162,176.9697,2:30:16:328762,4115
268.2686,176.9697,2:30:16:333758,4116
268.1457,176.9697,2:30:16:337763,4107
268.1457,176.0368,2:30:16:341763,4102
268.1457,176.0368,2:30:16:344763,4101
268.1457,174.7834,2:30:16:350834,4101
268.1457,174.0546,2:30:16:353835,4102
268.7605,173.2968,2:30:16:356836,4103
268.7605,172.568,2:30:16:361837,4105
269.6705,171.8392,2:30:16:364836,4104
270.2607,171.1688,2:30:16:368843,4116
270.851,170.6149,2:30:16:373459,4123
271.4904,170.1485,2:30:16:376857,4126
272.1053,169.7988,2:30:16:380865,4138
272.6955,169.7988,2:30:16:385663,4136
273.2366,169.3324,2:30:16:389679,4133
273.753,169.3324,2:30:16:392678,4133
274.2695,169.3324,2:30:16:397679,4130
274.786,169.3324,2:30:16:400682,4130
275.3024,169.3324,2:30:16:404682,4137
275.8681,170.1194,2:30:16:409643,4144
276.4583,170.1194,2:30:16:412660,4149
277.0732,171.1688,2:30:16:416661,4148
277.688,171.8392,2:30:16:421659,4144
278.3521,172.5388,2:30:16:424661,4137
279.0161,173.355,2:30:16:428666,4129
279.631,174.1129,2:30:16:432951,4124
280.295,174.9,2:30:16:436962,4106
280.9836,175.687,2:30:16:440963,4027
281.5984,176.4158,2:30:16:445765,3864
282.2625,177.0862,2:30:16:449765,3623
282.8773,177.6401,2:30:16:452764,3310
283.5168,178.1065,2:30:16:456854,2956
284.1562,178.4272,2:30:16:460764,2498
284.8202,178.4272,2:30:16:464769,1884
285.5334,178.4272,2:30:16:469605,1182
286.2466,178.4272,2:30:16:472646,584
286.9353,177.3486,2:30:16:476645,0
287.6731,176.5616,2:30:16:481604,0
288.3125,175.6288,2:30:16:484624,0
288.9766,174.4919,2:30:16:488652,0
289.5422,173.2384,2:30:16:493107,0
290.0341,171.8976,2:30:16:497106,0
290.3784,170.5275,2:30:16:501089,0
290.6244,169.0408,2:30:16:505101,0
290.8457,167.4668,2:30:16:509089,0
290.9441,165.8052,2:30:16:513089,0
290.9687,164.0271,2:30:16:517821,0
290.9687,162.1615,2:30:16:520840,0
290.9687,160.2667,2:30:16:524840,0
290.9687,158.4011,2:30:16:529844,0
290.9687,156.3898,2:30:16:532840,0
290.9687,154.3492,2:30:16:536840,0
290.9687,152.2504,2:30:16:541459,2310
290.9687,150.2099,2:30:16:545107,2302
290.9687,148.2569,2:30:16:549102,2365
290.9687,146.4205,2:30:16:553498,2519
290.9687,144.7589,2:30:16:557501,2778
290.9687,143.2722,2:30:16:561494,3123
291.5589,142.0188,2:30:16:565505,3447
291.5589,141.0569,2:30:16:569494,3725
291.5589,140.3864,2:30:16:573493,3915
292.0262,139.92,2:30:16:577819,4034
292.0262,139.6285,2:30:16:580874,4104
292.0262,139.4827,2:30:16:584838,4125
292.0262,139.3953,2:30:16:589839,4144
292.0262,139.3953,2:30:16:592837,4184
292.0262,139.3953,2:30:16:596837,4236
292.0262,140.4447,2:30:16:601606,4304
292.0262,141.1734,2:30:16:604617,4364
292.0262,142.252,2:30:16:608618,4395
292.0262,143.5054,2:30:16:613263,4425
292.0262,145.1087,2:30:16:617244,4464
292.0262,146.8869,2:30:16:621245,4500
292.0262,148.8399,2:30:16:625291,4546
292.0262,150.8804,2:30:16:629244,4582
292.0262,153.0667,2:30:16:633244,4603
292.0262,155.282,2:30:16:637245,4619
292.0262,157.3808,2:30:16:641750,4625
292.0262,159.5088,2:30:16:644862,4622
292.0262,161.5493,2:30:16:649854,4613
292.5427,163.4149,2:30:16:653855,4614
292.5427,165.1931,2:30:16:656856,4616
292.5427,166.8546,2:30:16:660868,4620
292.5427,168.3412,2:30:16:665023,4633
292.9854,169.7404,2:30:16:669056,4630
292.9854,170.9648,2:30:16:673056,4627
292.9854,172.0433,2:30:16:677372,4621
292.9854,172.9761,2:30:16:682115,4578
293.1821,173.7048,2:30:16:685116,4489
293.1821,174.3461,2:30:16:689368,4347
293.1821,174.7834,2:30:16:693178,4160
293.1821,175.1332,2:30:16:697137,3959
293.1821,175.3372,2:30:16:701138,3707
293.1821,175.3372,2:30:16:705654,3404
293.1821,175.3372,2:30:16:708669,3014
293.1821,175.3372,2:30:16:713670,2499
293.1821,174.4919,2:30:16:716675,1889
293.1821,174.4919,2:30:16:720673,1198
293.1821,173.0344,2:30:16:725669,625
293.1821,172.0141,2:30:16:729715,224
292.5919,170.7607,2:30:16:733721,0
292.5919,169.3907,2:30:16:736739,0
292.1492,167.8748,2:30:16:741422,0
291.7802,166.2716,2:30:16:745442,0
291.3376,164.6392,2:30:16:749442,0
290.6981,162.9776,2:30:16:753444,0
289.9111,161.3452,2:30:16:757442,0
288.952,159.7711,2:30:16:761442,0
287.8206,158.1971,2:30:16:765604,0
286.4434,156.6812,2:30:16:768623,0
284.9186,155.2529,2:30:16:772624,0
283.197,153.7954,2:30:16:777651,0
281.3525,152.3962,2:30:16:780667,0
279.4588,150.997,2:30:16:784666,0
277.4175,149.5686,2:30:16:790316,0
275.4254,148.2569,2:30:16:793312,0
273.4579,147.0618,2:30:16:797317,0
271.5396,145.8666,2:30:16:801317,0
269.7688,144.7006,2:30:16:805313,0
268.0719,143.5346,2:30:16:809313,0
266.6208,142.4269,2:30:16:813844,0
265.2682,141.3483,2:30:16:816862,0
264.1861,140.3281,2:30:16:821860,0
263.1531,139.2787,2:30:16:825858,0
262.2678,138.2001,2:30:16:828859,0
261.5545,137.0925,2:30:16:833292,0
260.9643,135.9556,2:30:16:837312,0
260.497,134.877,2:30:16:841781,2005
260.0543,133.7693,2:30:16:844800,2016
259.6854,132.6325,2:30:16:848803,2069
259.3903,131.4665,2:30:16:852800,2171
259.1689,130.3005,2:30:16:856800,2334
259.046,129.1053,2:30:16:860805,2533
258.8984,127.9977,2:30:16:864801,2717
258.8,126.8899,2:30:16:870800,2862
258.7755,125.8114,2:30:16:874802,2969
258.7755,124.762,2:30:16:877798,3046
258.7755,123.7418,2:30:16:880799,3110
258.7755,122.7798,2:30:16:884800,3184
258.7755,121.7887,2:30:16:888798,3242
259.3657,120.8268,2:30:16:892797,3297
259.3657,119.8356,2:30:16:897469,3345
260.0789,118.8154,2:30:16:901485,3374
260.5216,117.8243,2:30:16:904483,3403
261.0135,116.7749,2:30:16:909464,3416
261.6037,115.7546,2:30:16:913480,3434
262.2924,114.7344,2:30:16:917480,3456
262.981,113.7141,2:30:16:921484,3472
263.7434,112.6939,2:30:16:925480,3495
264.5058,111.7903,2:30:16:929480,3506
265.3666,110.9157,2:30:16:932660,3512
266.2028,110.0995,2:30:16:936683,3521
267.1127,109.3999,2:30:16:940679,3521
268.1457,108.7878,2:30:16:944678,3521
269.1786,108.2631,2:30:16:948678,3525
270.3591,107.855,2:30:16:952678,3527
271.6134,107.5927,2:30:16:956682,3525
272.9414,107.4469,2:30:16:960683,3530
274.4171,107.3886,2:30:16:964706,3519
275.9911,107.3886,2:30:16:969736,3510
277.6389,107.3886,2:30:16:972754,3506
279.262,108.1757,2:30:16:976755,3504
280.959,108.1757,2:30:16:981465,3510
282.6314,109.4874,2:30:16:985483,3510
284.2546,110.3619,2:30:16:988482,3512
285.8286,111.4113,2:30:16:993480,3512
287.3288,112.6356,2:30:16:997483,3512
288.706,113.9765,2:30:17:000483,3514
289.9357,115.434,2:30:17:005367,3519
291.0916,116.9498,2:30:17:008895,3515
292.1,118.553,2:30:17:012895,3515
292.9362,120.1854,2:30:17:016747,3515
293.6986,121.7887,2:30:17:020748,3521
294.2642,123.392,2:30:17:024748,3530
294.6331,124.966,2:30:17:028794,3546
294.9037,126.4818,2:30:17:032748,3572
295.002,127.8811,2:30:17:036748,3599
295.002,129.2511,2:30:17:041367,3635
295.002,130.5629,2:30:17:044767,3668
295.002,131.758,2:30:17:048766,3694
294.0921,132.924,2:30:17:053377,3708
294.0921,133.9442,2:30:17:057398,3722
293.2313,134.9645,2:30:17:061398,3727
293.2313,135.8681,2:30:17:065396,3731
292.3705,136.7426,2:30:17:069398,3739
292.3705,137.5005,2:30:17:073399,3738
291.7802,138.2585,2:30:17:077461,3739
291.7802,138.9289,2:30:17:081479,3728
291.7802,139.5119,2:30:17:085481,3680
291.4359,140.0658,2:30:17:089619,3550
291.4359,140.5905,2:30:17:092638,3320
291.4359,141.0277,2:30:17:096642,2972
291.4359,141.4358,2:30:17:101633,2433
291.4359,141.8147,2:30:17:104635,1713
292.0754,141.9897,2:30:17:108634,1009
292.0754,142.1646,2:30:17:113294,432
292.7886,142.2811,2:30:17:117650,0
293.2805,142.3686,2:30:17:120649,0
293.8461,142.3978,2:30:17:124752,0
294.461,142.3978,2:30:17:128720,0
295.1496,142.3978,2:30:17:132725,0
295.9612,142.3978,2:30:17:137725,0
296.7236,142.3978,2:30:17:140717,0
297.5352,142.3978,2:30:17:144716,0
298.3468,142.3978,2:30:17:149255,0
299.1584,142.3978,2:30:17:153270,0
299.9946,143.0974,2:30:17:157272,0
300.9045,143.0974,2:30:17:161356,0
301.8391,143.9135,2:30:17:165371,0
302.7245,144.4382,2:30:17:169371,0
303.659,144.9921,2:30:17:173371,0
304.5936,145.6626,2:30:17:177371,0
305.6265,146.4205,2:30:17:181376,0
306.6595,147.2075,2:30:17:185762,0
307.6432,148.0237,2:30:17:188803,0
308.5532,148.869,2:30:17:192781,0
309.4386,149.6561,2:30:17:196781,0
310.2502,150.4723,2:30:17:200781,0
310.988,151.201,2:30:17:204780,0
311.6274,151.9007,2:30:17:209593,0
312.1439,152.5419,2:30:17:212612,0
312.5865,153.0958,2:30:17:216611,0
312.9555,153.6205,2:30:17:221643,0
313.2506,154.0578,2:30:17:225659,0
313.3982,154.4367,2:30:17:228658,0
313.5211,154.7282,2:30:17:234169,0
313.5949,154.9906,2:30:17:237186,0
313.5949,155.1655,2:30:17:241185,0
313.5949,155.282,2:30:17:245190,0
313.5949,155.3403,2:30:17:249181,0
313.5949,155.3403,2:30:17:253185,0
313.5949,155.3403,2:30:17:257464,0
312.8817,155.3403,2:30:17:260493,0
312.8817,155.3403,2:30:17:264483,0
312.3898,154.5824,2:30:17:269494,0
312.3898,154.5824,2:30:17:273506,0
311.9717,153.8828,2:30:17:276506,0
311.9717,153.8828,2:30:17:281805,0
311.9717,152.8043,2:30:17:284829,0
311.9717,152.1922,2:30:17:288856,1741
311.9717,151.4926,2:30:17:292838,1733
311.9717,150.8221,2:30:17:296823,1765
311.9717,150.0934,2:30:17:300824,1872
311.9717,149.3938,2:30:17:305705,2034
312.7833,148.665,2:30:17:308729,2245
313.2998,147.9071,2:30:17:312724,2436
313.8409,147.3241,2:30:17:316943,2559
314.4311,146.8286,2:30:17:322943,2626
315.1197,146.4205,2:30:17:324943,2669
315.8083,146.129,2:30:17:328959,2708
316.5216,145.9249,2:30:17:333939,2754
317.2102,145.8083,2:30:17:336942,2805
317.8742,145.8083,2:30:17:340861,2844
318.5136,145.8083,2:30:17:344892,2875
319.1285,146.537,2:30:17:348890,2896
319.7188,146.537,2:30:17:353512,2942
320.2106,147.7322,2:30:17:357530,3008
320.6041,148.5484,2:30:17:361531,3094
320.9976,149.5103,2:30:17:365798,3184
321.2436,150.6763,2:30:17:369790,3263
321.4895,151.9007,2:30:17:374791,3341
321.6125,153.2707,2:30:17:377790,3405
321.6862,154.6991,2:30:17:380794,3463
321.6862,156.1566,2:30:17:385796,3507
321.6862,157.7307,2:30:17:389404,3533
321.6862,159.2464,2:30:17:393418,3555
321.6862,160.7914,2:30:17:397419,3579
320.9484,162.3363,2:30:17:401326,3598
320.9484,163.9104,2:30:17:405348,3617
320.186,165.4263,2:30:17:409349,3624
319.7188,166.8546,2:30:17:413390,3629
319.2023,168.2247,2:30:17:417346,3634
318.7104,169.5656,2:30:17:421346,3642
318.1693,170.7899,2:30:17:426926,3649
317.6529,171.9267,2:30:17:428948,3655
317.1118,172.9469,2:30:17:432947,3660
316.5953,173.7923,2:30:17:436947,3660
316.0789,174.521,2:30:17:440944,3661
315.587,175.1332,2:30:17:444944,3666
315.1443,175.5413,2:30:17:449257,3677
314.677,175.8328,2:30:17:453445,3686
314.2835,175.9785,2:30:17:457445,3697
313.8409,175.9785,2:30:17:461630,3701
313.4228,175.9785,2:30:17:464654,3702
313.0538,175.9785,2:30:17:468653,3700
312.7095,175.9785,2:30:17:473037,3702
312.3652,174.9,2:30:17:477040,3703
312.0947,174.9,2:30:17:481043,3701
311.8734,173.8506,2:30:17:486038,3707
311.652,173.2968,2:30:17:489038,3706
311.529,172.7137,2:30:17:493037,3716
311.4553,172.1599,2:30:17:497410,3730
311.4553,171.6352,2:30:17:501111,3746
311.4553,171.1688,2:30:17:505092,3770
311.4553,170.6732,2:30:17:509087,3793
311.4553,170.3235,2:30:17:513095,3824
311.4553,170.0028,2:30:17:517087,3855
312.2177,170.0028,2:30:17:522294,3884
312.2177,169.6821,2:30:17:525315,3913
312.8817,169.6821,2:30:17:529313,3937
312.8817,169.6821,2:30:17:533338,3959
313.8409,169.6821,2:30:17:537315,3982
314.3573,169.6821,2:30:17:541318,4002
314.9968,170.6441,2:30:17:545542,4020
315.6608,170.6441,2:30:17:549341,4036
316.3986,171.7227,2:30:17:553343,4047
317.2102,172.3931,2:30:17:557422,4053
318.0956,173.0344,2:30:17:561376,4059
318.9563,173.7923,2:30:17:565375,4058
319.8663,174.4919,2:30:17:569745,4060
320.7763,175.1624,2:30:17:572766,4062
321.7108,175.7745,2:30:17:576762,4062
322.6454,176.4158,2:30:17:580819,4061
323.58,176.9113,2:30:17:584764,4059
324.4162,177.3194,2:30:17:588764,4056
325.3015,177.6401,2:30:17:593611,4057
326.1869,177.8733,2:30:17:597680,4062
326.9493,178.019,2:30:17:600633,4060
327.6871,178.019,2:30:17:604629,4052
328.4003,178.019,2:30:17:608629,4010
329.0152,178.019,2:30:17:612629,3910
329.5562,178.019,2:30:17:616629,3759
330.0235,176.9988,2:30:17:620635,3538
330.3924,176.9988,2:30:17:624633,3270
330.6384,175.9494,2:30:17:628634,2969
330.7614,175.2789,2:30:17:633625,2630
330.8105,174.521,2:30:17:637626,2264
330.8105,173.7048,2:30:17:641637,1838
330.8105,172.8304,2:30:17:645650,1353
330.0727,171.8684,2:30:17:649644,831
330.0727,170.819,2:30:17:653460,412
328.966,169.7404,2:30:17:657476,0
328.179,168.6036,2:30:17:661476,0
327.2936,167.4959,2:30:17:665479,0
326.2361,166.3008,2:30:17:669479,0
325.031,165.1348,2:30:17:672479,0
323.7029,163.9104,2:30:17:677719,0
322.2027,162.6861,2:30:17:680764,0
320.6041,161.4619,2:30:17:684743,0
318.9318,160.2375,2:30:17:689738,0
317.1118,158.9841,2:30:17:692737,0
315.2181,157.7307,2:30:17:696736,0
313.2014,156.4772,2:30:17:701915,0
311.1601,155.1946,2:30:17:704934,0
309.0697,154.0578,2:30:17:708934,0
307.0284,152.8626,2:30:17:713091,0
304.9625,151.7258,2:30:17:717025,0
302.995,150.618,2:30:17:721024,0
301.0521,149.5686,2:30:17:725025,0
299.2321,148.6067,2:30:17:729025,0
297.4122,147.6156,2:30:17:733025,0
295.7152,146.6828,2:30:17:737576,0
294.1167,145.8374,2:30:17:740595,0
292.5427,145.0504,2:30:17:744600,0
290.9441,144.3217,2:30:17:749268,0
289.3701,143.6221,2:30:17:753284,0
287.8698,142.9225,2:30:17:757284,0
286.3942,142.1646,2:30:17:761284,0
284.9432,141.5524,2:30:17:765285,0
283.5905,140.8819,2:30:17:769977,0
282.2379,140.1241,2:30:17:772995,0
280.8852,139.3953,2:30:17:777014,0
279.6064,138.6957,2:30:17:781542,0
278.3521,138.0253,2:30:17:784563,0
277.0978,137.3839,2:30:17:788561,0
275.8681,136.8009,2:30:17:793812,0
274.6138,136.218,2:30:17:796831,0
273.2857,135.7224,2:30:17:800831,0
272.0807,135.3143,2:30:17:804849,0
270.9001,134.877,2:30:17:808831,0
269.7443,134.5564,2:30:17:812830,0
268.5392,134.2066,2:30:17:818854,0
267.3586,133.9151,2:30:17:820852,0
266.2028,133.6236,2:30:17:824855,0
265.0714,133.4487,2:30:17:828856,0
264.0139,133.2446,2:30:17:832856,0
262.8334,133.1281,2:30:17:836856,0
261.7267,133.0406,2:30:17:841465,0
260.62,132.9532,2:30:17:845482,0
259.587,132.9532,2:30:17:849481,0
258.6033,132.9532,2:30:17:853481,0
257.6441,132.9532,2:30:17:857485,0
256.7834,132.9532,2:30:17:862488,0
255.898,132.9532,2:30:17:865488,0
255.1356,132.9532,2:30:17:870489,0
254.4961,132.9532,2:30:17:874485,0
253.9305,132.9532,2:30:17:878484,0
253.3894,132.9532,2:30:17:881487,1152
252.9959,132.9532,2:30:17:885388,1160
252.6516,132.9532,2:30:17:889407,1193
252.4303,132.9532,2:30:17:893402,1256
252.2827,132.9532,2:30:17:897424,1335
252.2089,132.9532,2:30:17:901403,1415
252.1597,132.9532,2:30:17:905402,1493
252.1597,132.9532,2:30:17:909622,1568
252.1597,132.9532,2:30:17:912640,1663
252.1597,132.9532,2:30:17:916645,1775
252.1597,132.9532,2:30:17:922640,1898
253.0451,132.9532,2:30:17:924641,2019
253.0451,133.5361,2:30:17:928641,2127
254.1764,133.5361,2:30:17:933645,2233
254.988,133.5361,2:30:17:936640,2328
255.9226,133.5361,2:30:17:940640,2410
257.0539,134.0609,2:30:17:945934,2478
258.4065,134.0609,2:30:17:948935,2550
259.9067,134.0609,2:30:17:952935,2621
261.5545,134.0609,2:30:17:957935,2689
263.3007,134.0609,2:30:17:960936,2762
265.2928,134.0609,2:30:17:964935,2820
267.5062,134.0609,2:30:17:969566,2856
269.9164,134.0609,2:30:17:972579,2888
272.5479,134.3232,2:30:17:976566,2911
275.327,134.3232,2:30:17:981565,2920
278.3029,134.3232,2:30:17:984565,2927
281.4509,134.4689,2:30:17:989565,2928
284.8202,134.4689,2:30:17:993575,2928
288.165,134.5856,2:30:17:996585,2929
291.6327,134.7021,2:30:18:000585,2929
295.1496,134.7605,2:30:18:005586,2928
298.7157,134.877,2:30:18:008583,2929
302.208,134.9645,2:30:18:012583,2925
305.6511,134.9937,2:30:18:017699,2922
308.9221,135.052,2:30:18:020718,2922
312.1193,135.1102,2:30:18:024718,2920
315.1935,135.1394,2:30:18:029714,2921
318.0218,135.1685,2:30:18:032719,2922
320.6041,135.1685,2:30:18:036717,2927
322.9897,135.1685,2:30:18:041828,2924
325.0556,135.1685,2:30:18:045844,2921
326.8018,135.1685,2:30:18:049847,2946
328.3512,135.1685,2:30:18:053849,2985
329.7038,135.1685,2:30:18:056852,3048
330.8351,135.1685,2:30:18:060884,3117
331.7451,135.1685,2:30:18:065865,3166
332.4829,135.1685,2:30:18:068876,3193
333.0486,135.1685,2:30:18:072877,3210
333.5158,135.1685,2:30:18:077582,3220
333.9339,135.1685,2:30:18:080596,3222
334.2291,135.1685,2:30:18:084596,3225
334.475,135.1685,2:30:18:089552,3218
334.6718,135.1685,2:30:18:092577,3217
334.8193,135.1685,2:30:18:096577,3215
334.9423,135.1685,2:30:18:101405,3214
335.0161,135.1685,2:30:18:105349,3215
335.0898,135.1685,2:30:18:109349,3196
335.139,135.1685,2:30:18:113453,3136
335.139,135.1685,2:30:18:117349,3013
335.139,135.6933,2:30:18:121349,2781
335.139,135.6933,2:30:18:125892,2405
335.139,135.6933,2:30:18:128911,1847
334.4258,136.2762,2:30:18:132912,1167
334.4258,136.2762,2:30:18:137910,595
333.7618,136.2762,2:30:18:140908,0
333.7618,136.7426,2:30:18:144908,0
332.9502,136.7426,2:30:18:149261,0
332.5075,136.7426,2:30:18:153276,0
332.0894,136.7426,2:30:18:157277,0
331.5237,136.7426,2:30:18:162011,0
330.9335,136.7426,2:30:18:165045,0
330.2695,136.7426,2:30:18:169065,0
329.507,136.7426,2:30:18:174027,0
328.6955,136.7426,2:30:18:177030,0
327.7363,136.7426,2:30:18:181030,0
326.6788,136.7426,2:30:18:185892,0
325.5229,136.1305,2:30:18:188910,0
324.367,136.1305,2:30:18:192910,0
323.2111,136.1305,2:30:18:197009,0
321.9814,136.1305,2:30:18:201908,0
320.8009,136.1305,2:30:18:204905,0
319.6204,136.1305,2:30:18:208943,0
318.5136,136.1305,2:30:18:212915,0
317.4561,136.1305,2:30:18:216910,0
317.4561,136.1305,2:30:18:234915,0
