276.6059,239.6713,2:17:43:042542,0
276.6059,239.6713,2:17:43:046874,0
275.573,239.6713,2:17:43:050323,0
275.573,239.6713,2:17:43:054342,0
274.4417,239.6713,2:17:43:058339,0
273.9252,239.6713,2:17:43:062338,0
273.3841,239.6713,2:17:43:066525,0
272.7693,239.6713,2:17:43:070121,0
272.2282,239.6713,2:17:43:074065,0
272.2282,239.6713,2:17:43:078066,0
272.2282,239.6713,2:17:43:082066,0
271.7364,239.6713,2:17:43:086741,0
271.7364,239.6713,2:17:43:090245,0
271.7364,240.4875,2:17:43:094242,0
271.2937,240.4875,2:17:43:098242,0
271.2937,241.2746,2:17:43:102244,0
270.728,241.7701,2:17:43:106285,0
270.4821,242.3239,2:17:43:109950,0
270.1624,242.7903,2:17:43:114183,0
269.8918,243.1985,2:17:43:118197,0
269.6213,243.6357,2:17:43:122186,0
269.3016,244.1021,2:17:43:126222,0
269.1048,244.5102,2:17:43:130211,0
268.9326,244.8017,2:17:43:134439,0
268.8343,245.1515,2:17:43:137525,0
268.7113,245.4138,2:17:43:141521,0
268.6375,245.7928,2:17:43:146461,0
268.6375,246.1134,2:17:43:149475,0
268.6129,246.5215,2:17:43:154233,0
268.6129,246.9005,2:17:43:158475,0
268.6129,247.3086,2:17:43:162096,0
268.6129,247.7167,2:17:43:166151,0
268.6129,248.0665,2:17:43:170116,0
268.6129,248.4163,2:17:43:174116,0
268.6129,248.7661,2:17:43:178116,0
268.6129,249.0576,2:17:43:182471,0
269.1786,249.3199,2:17:43:186486,0
269.1786,249.4657,2:17:43:189499,0
269.1786,249.5823,2:17:43:193496,0
269.1786,249.6698,2:17:43:197527,0
269.7934,249.7863,2:17:43:202228,0
269.7934,249.8155,2:17:43:206197,0
269.7934,249.9321,2:17:43:210219,0
269.7934,249.9904,2:17:43:214214,0
269.7934,249.9904,2:17:43:218213,0
269.7934,249.9904,2:17:43:222217,0
269.7934,249.9904,2:17:43:226302,0
269.7934,249.9904,2:17:43:230530,0
269.7934,249.9904,2:17:43:234546,0
269.7934,249.9904,2:17:43:237602,0
269.3016,249.9904,2:17:43:241567,0
269.3016,249.9904,2:17:43:245549,0
269.3016,249.4366,2:17:43:250759,0
268.8589,249.4366,2:17:43:254230,0
268.8589,249.4366,2:17:43:258322,0
268.8589,249.4366,2:17:43:262344,0
268.8589,249.4366,2:17:43:266344,0
268.6129,249.4366,2:17:43:270341,0
268.6129,250.1944,2:17:43:274343,0
268.367,250.1944,2:17:43:278614,0
268.367,250.7483,2:17:43:282633,0
268.1703,250.7483,2:17:43:286635,0
268.0227,251.2439,2:17:43:289632,0
267.8505,251.2439,2:17:43:293682,0
267.6784,251.7686,2:17:43:297821,0
267.4816,251.7686,2:17:43:302105,0
267.3341,252.1475,2:17:43:306184,0
267.1619,252.1475,2:17:43:310325,0
266.9897,252.4973,2:17:43:313777,0
266.7684,252.4973,2:17:43:317808,0
266.6454,252.8179,2:17:43:321797,0
266.5225,252.8179,2:17:43:325946,0
266.3995,253.022,2:17:43:330005,0
266.2765,253.0803,2:17:43:333946,0
266.2028,253.1678,2:17:43:337922,0
266.1782,253.1678,2:17:43:342227,0
266.1536,253.1678,2:17:43:346144,0
266.1536,253.1678,2:17:43:350149,0
266.1536,253.1678,2:17:43:354149,0
266.1536,253.1678,2:17:43:358149,0
266.1536,252.4973,2:17:43:362137,0
266.1536,252.4973,2:17:43:366122,0
266.1536,251.6811,2:17:43:370177,0
266.1536,251.6811,2:17:43:374180,0
266.1536,250.6026,2:17:43:378179,0
266.6454,250.0195,2:17:43:382177,0
266.6454,249.3199,2:17:43:385995,0
266.6454,248.6203,2:17:43:390099,0
266.9897,247.9499,2:17:43:394321,0
266.9897,247.3086,2:17:43:398339,0
266.9897,246.609,2:17:43:402336,0
266.9897,245.9386,2:17:43:406340,0
267.3095,245.2681,2:17:43:410564,0
267.3095,244.6851,2:17:43:413633,0
267.3095,244.1021,2:17:43:417597,0
267.3095,243.5774,2:17:43:421584,0
267.4324,243.0818,2:17:43:425599,0
267.4324,242.6446,2:17:43:430280,0
267.5554,242.2657,2:17:43:434304,0
267.6292,241.9742,2:17:43:438297,0
267.6784,241.6826,2:17:43:442297,0
267.8013,241.4494,2:17:43:446297,0
267.9243,241.3037,2:17:43:450302,0
268.0227,241.1579,2:17:43:454324,0
268.1211,241.1288,2:17:43:458306,0
268.1703,241.0997,2:17:43:462297,0
268.2686,241.0997,2:17:43:466444,0
268.2686,241.0997,2:17:43:469481,0
268.2686,241.0997,2:17:43:473493,0
268.2686,241.0997,2:17:43:478463,0
268.2686,241.0997,2:17:43:481554,0
267.703,241.7701,2:17:43:486597,0
267.703,241.7701,2:17:43:490076,0
267.703,241.7701,2:17:43:494035,0
266.9897,242.3531,2:17:43:498025,0
266.9897,242.3531,2:17:43:502020,0
266.9897,242.8195,2:17:43:506020,0
266.3257,242.8195,2:17:43:509922,0
266.3257,243.3734,2:17:43:513935,0
265.883,243.3734,2:17:43:517893,0
265.883,243.8981,2:17:43:521914,0
265.5387,244.1604,2:17:43:525896,0
265.5387,244.4227,2:17:43:529894,0
265.2682,244.5977,2:17:43:533893,0
265.1452,244.8017,2:17:43:536491,0
265.1452,244.9183,2:17:43:541581,0
265.1452,245.0058,2:17:43:545585,0
265.1452,245.064,2:17:43:549586,0
265.1452,245.064,2:17:43:553582,0
265.1452,245.064,2:17:43:557582,0
265.1452,245.064,2:17:43:561582,0
265.1452,245.064,2:17:43:565582,0
265.1452,245.064,2:17:43:569582,0
265.1452,244.3936,2:17:43:573582,0
265.6617,244.3936,2:17:43:577582,0
265.6617,244.3936,2:17:43:582018,0
265.6617,243.5774,2:17:43:586017,0
265.6617,243.5774,2:17:43:590015,0
266.1536,242.8778,2:17:43:594017,0
266.1536,242.8778,2:17:43:598018,0
266.4241,242.1782,2:17:43:601926,0
266.4241,241.7993,2:17:43:605928,0
266.6946,241.4494,2:17:43:609930,0
266.8914,241.1288,2:17:43:613925,0
267.0389,240.8665,2:17:43:617967,0
267.2603,240.6041,2:17:43:621927,0
267.4816,240.4292,2:17:43:625636,0
267.703,240.2543,2:17:43:629636,0
267.8997,240.1377,2:17:43:633639,0
268.0473,240.0211,2:17:43:638639,0
268.244,239.9919,2:17:43:641636,0
268.367,239.9919,2:17:43:645636,0
268.4654,239.9919,2:17:43:649634,0
268.5146,239.9919,2:17:43:653634,0
268.5392,239.9919,2:17:43:657636,0
268.5392,239.9919,2:17:43:661636,0
268.5392,239.9919,2:17:43:666648,0
268.5392,239.9919,2:17:43:670449,0
268.5392,240.7207,2:17:43:674128,0
268.5392,240.7207,2:17:43:677985,0
268.5392,240.7207,2:17:43:681976,0
268.5392,241.3911,2:17:43:685991,0
268.5392,241.3911,2:17:43:690444,0
268.5392,241.8575,2:17:43:693973,0
268.5392,241.8575,2:17:43:697972,0
268.5392,242.3531,2:17:43:702042,0
268.5392,242.3531,2:17:43:705973,0
268.5392,242.7903,2:17:43:710316,0
268.5392,242.7903,2:17:43:713529,0
268.5392,243.1693,2:17:43:718497,0
268.5392,243.315,2:17:43:721497,0
268.5392,243.4608,2:17:43:725516,0
268.5392,243.5774,2:17:43:730107,0
268.5392,243.694,2:17:43:734125,0
268.0719,243.7523,2:17:43:738130,0
268.0719,243.7814,2:17:43:742130,0
268.0719,243.8398,2:17:43:746815,0
268.0719,243.8398,2:17:43:750239,0
268.0719,243.8398,2:17:43:754240,0
268.0719,243.8398,2:17:43:758239,0
268.0719,243.8398,2:17:43:762240,0
268.0719,243.8398,2:17:43:766232,0
268.0719,243.8398,2:17:43:770451,0
268.0719,243.2276,2:17:43:774467,0
267.7768,243.2276,2:17:43:777644,0
267.7768,243.2276,2:17:43:781561,0
267.7768,243.2276,2:17:43:786472,0
267.4816,242.7612,2:17:43:790179,0
267.4816,242.7612,2:17:43:794296,0
267.3341,242.7612,2:17:43:798318,899
267.3341,242.7612,2:17:43:802317,925
267.3341,242.7612,2:17:43:806318,958
267.3341,242.7612,2:17:43:810319,1022
267.3341,242.7612,2:17:43:814326,1053
267.3341,242.7612,2:17:43:818317,1071
267.3341,242.7612,2:17:43:821989,1135
267.3341,242.7612,2:17:43:825981,1193
267.3341,242.7612,2:17:43:829981,1299
267.3341,242.7612,2:17:43:833981,1397
267.3341,242.7612,2:17:43:838549,1434
267.3341,242.7612,2:17:43:841633,1430
267.3341,242.7612,2:17:43:845587,1464
267.3341,242.7612,2:17:43:849669,1492
267.3341,242.1199,2:17:43:853586,1539
267.3341,242.1199,2:17:43:858325,1622
267.3341,242.1199,2:17:43:862196,1700
267.3341,241.4203,2:17:43:866320,1767
267.3341,241.4203,2:17:43:869339,1845
267.3341,240.6915,2:17:43:873339,1931
267.3341,240.6915,2:17:43:877338,1979
267.3341,239.8754,2:17:43:881367,2056
267.3341,239.3506,2:17:43:885338,2152
267.3341,238.8259,2:17:43:889338,2237
267.3341,238.3595,2:17:43:893339,2315
267.3341,237.9806,2:17:43:898566,2418
267.3341,237.5725,2:17:43:901582,2474
267.3341,237.1935,2:17:43:905637,2561
267.3341,236.9603,2:17:43:909615,2609
267.3341,236.7271,2:17:43:914585,2621
267.3341,236.5814,2:17:43:918316,2635
267.3341,236.4648,2:17:43:922595,2633
267.3341,236.4648,2:17:43:926614,2628
267.3341,236.4357,2:17:43:930614,2620
267.3341,236.4357,2:17:43:934614,2655
267.3341,236.4357,2:17:43:937676,2602
267.3341,237.3976,2:17:43:942324,2630
267.3341,238.1555,2:17:43:945842,2632
267.3341,239.1174,2:17:43:949924,2593
267.3341,240.4001,2:17:43:953841,2638
267.3341,242.0325,2:17:43:957915,2628
267.3341,244.0146,2:17:43:962072,2632
267.3341,246.3466,2:17:43:965215,2679
266.5471,249.1159,2:17:43:969215,2670
266.5471,252.2641,2:17:43:974219,2690
266.5471,255.7621,2:17:43:978220,2754
265.8338,259.6099,2:17:43:981866,2788
265.8338,263.7201,2:17:43:985984,2853
265.1206,267.9468,2:17:43:989866,2911
265.1206,272.3484,2:17:43:993881,2939
264.4812,276.7792,2:17:43:998360,2970
264.4812,281.2101,2:17:44:002380,3001
263.8417,285.6992,2:17:44:006385,3018
263.522,290.1008,2:17:44:010375,3034
263.1531,294.4442,2:17:44:014587,3049
262.7596,298.6126,2:17:44:017623,3054
262.3415,302.7227,2:17:44:022605,3073
261.9234,306.5122,2:17:44:026604,3085
261.4561,310.0977,2:17:44:029628,3080
260.9643,313.3333,2:17:44:034317,3100
260.3986,316.1317,2:17:44:038334,3122
259.833,318.5804,2:17:44:041335,3181
259.2427,320.7375,2:17:44:046335,3253
258.6033,322.4865,2:17:44:050340,3312
257.9392,323.9148,2:17:44:053340,3374
257.1523,325.1974,2:17:44:058335,3417
256.3407,326.1885,2:17:44:061557,3456
255.4307,326.9464,2:17:44:065556,3494
254.4223,327.5002,2:17:44:070552,3507
253.3156,327.7626,2:17:44:073553,3514
252.1105,327.7626,2:17:44:078186,3516
250.7333,327.7626,2:17:44:082260,3523
249.2085,326.8007,2:17:44:086283,3530
247.5853,325.8679,2:17:44:090277,3544
245.7408,324.7602,2:17:44:094280,3552
243.97,323.4193,2:17:44:098284,3545
242.1009,321.7577,2:17:44:102698,3549
240.2072,319.9504,2:17:44:105717,3517
238.2888,318.0265,2:17:44:109719,3501
236.4689,315.986,2:17:44:113717,3491
234.7719,313.8872,2:17:44:118720,3473
233.1979,311.7301,2:17:44:122593,3474
231.8699,309.6896,2:17:44:126609,3473
230.5664,307.7365,2:17:44:129682,3470
229.4351,305.8709,2:17:44:133648,3421
228.4513,304.2386,2:17:44:137615,3317
227.5906,302.7227,2:17:44:142071,3164
226.9019,301.4984,2:17:44:146085,2956
226.3855,300.3616,2:17:44:150161,2704
226.0166,299.3705,2:17:44:154103,2399
225.8198,298.3503,2:17:44:158087,1964
225.8198,297.3008,2:17:44:161276,1411
225.8198,296.2806,2:17:44:165892,847
226.8528,295.2312,2:17:44:169950,392
227.7627,294.0652,2:17:44:174891,0
229.0416,292.8117,2:17:44:177898,0
230.5418,291.4709,2:17:44:181910,0
232.4109,289.955,2:17:44:186226,0
234.5752,288.381,2:17:44:190245,0
237.01,286.6902,2:17:44:194243,0
239.6661,284.9121,2:17:44:198253,0
242.4698,283.0465,2:17:44:202482,0
245.421,281.0643,2:17:44:205985,0
248.4953,279.0821,2:17:44:209985,0
251.717,277.0416,2:17:44:213990,0
254.9634,275.0886,2:17:44:219272,0
258.136,273.1064,2:17:44:222289,0
261.2594,271.2408,2:17:44:225350,0
264.3582,269.346,2:17:44:230292,0
267.3095,267.4804,2:17:44:234288,0
270.1132,265.7022,2:17:44:238464,0
272.7939,263.895,2:17:44:242397,0
275.2287,262.0585,2:17:44:245433,0
277.4913,260.3095,2:17:44:250418,0
279.5818,258.4439,2:17:44:254412,0
281.4755,256.5783,2:17:44:257469,0
283.1724,254.7419,2:17:44:261955,0
284.7218,252.8763,2:17:44:265950,0
286.0991,251.0398,2:17:44:270031,0
287.3534,249.3199,2:17:44:273956,0
288.4847,247.6584,2:17:44:278435,0
289.4438,245.9386,2:17:44:281979,0
290.3784,244.4519,2:17:44:286022,0
291.1408,243.1402,2:17:44:289966,0
291.8786,241.9158,2:17:44:294552,0
292.4935,240.8665,2:17:44:298110,0
293.1329,240.0211,2:17:44:302093,0
293.6986,239.1758,2:17:44:306089,0
294.1167,238.3595,2:17:44:310084,0
294.5102,237.6891,2:17:44:314320,2890
294.7561,237.1644,2:17:44:317988,2907
294.8053,236.7563,2:17:44:322002,2912
294.8545,236.4357,2:17:44:325994,2956
294.8791,236.2316,2:17:44:330000,2996
294.8791,236.1733,2:17:44:334352,3001
294.8791,236.1733,2:17:44:338371,3031
294.8791,237.0186,2:17:44:342373,2992
294.0675,237.864,2:17:44:346372,3004
294.0675,238.9717,2:17:44:350373,3018
293.5756,240.2834,2:17:44:354569,3043
293.5756,242.0325,2:17:44:357585,3094
292.887,244.0146,2:17:44:362572,3112
292.887,246.1718,2:17:44:365625,3151
292.0262,248.7952,2:17:44:369993,3175
291.6819,251.6519,2:17:44:374050,3250
291.3376,254.7127,2:17:44:378068,3312
290.9441,257.9483,2:17:44:382069,3365
290.5998,261.4172,2:17:44:386068,3416
290.1571,264.886,2:17:44:390358,3415
289.8127,268.5298,2:17:44:393378,3439
289.3701,272.1444,2:17:44:397635,3467
289.0258,275.5841,2:17:44:402548,3476
288.5585,279.0821,2:17:44:405560,3502
288.1404,282.3469,2:17:44:409556,3514
287.6977,285.4659,2:17:44:414450,3503
287.3534,288.5267,2:17:44:417547,3505
287.0337,291.4417,2:17:44:421470,3497
286.7631,294.1526,2:17:44:425467,3483
286.5664,296.6595,2:17:44:430467,3475
286.5172,298.8458,2:17:44:433554,3426
286.5172,300.6823,2:17:44:437728,3330
286.5172,302.3146,2:17:44:441729,3168
286.5172,303.5973,2:17:44:445772,2983
287.2058,304.4717,2:17:44:449744,2770
287.2058,304.9965,2:17:44:453771,2492
288.165,305.1422,2:17:44:458279,2107
288.8782,305.1422,2:17:44:462285,1516
289.7881,304.1511,2:17:44:466389,909
290.7965,302.956,2:17:44:470382,412
291.977,301.3235,2:17:44:474389,0
293.2559,299.3122,2:17:44:478382,0
294.6331,296.8928,2:17:44:482283,0
296.0104,294.0652,2:17:44:486182,0
297.4368,290.9461,2:17:44:490199,0
298.8141,287.623,2:17:44:493204,0
300.1667,284.0959,2:17:44:498199,0
301.4456,280.4813,2:17:44:502608,0
302.6753,276.8084,2:17:44:505632,0
303.905,272.9897,2:17:44:509646,0
305.0609,269.2003,2:17:44:513645,0
306.2414,265.4399,2:17:44:517635,0
307.3973,261.7961,2:17:44:522226,0
308.627,258.1815,2:17:44:526286,0
309.8321,254.8293,2:17:44:530307,0
311.0863,251.6811,2:17:44:534307,0
312.3406,248.7661,2:17:44:538306,0
313.6195,246.1718,2:17:44:542302,0
314.923,243.8398,2:17:44:547389,0
316.2018,241.8284,2:17:44:551495,0
317.4561,240.0502,2:17:44:553499,0
318.5874,238.5053,2:17:44:557493,0
319.5958,237.1061,2:17:44:561496,2778
320.4074,235.9693,2:17:44:566511,2779
321.0468,235.0947,2:17:44:570621,2762
321.4649,234.3951,2:17:44:573643,2736
321.7354,233.8996,2:17:44:578621,2715
321.9076,233.5789,2:17:44:581619,2700
321.9322,233.5789,2:17:44:586625,2698
321.9322,233.5789,2:17:44:590263,2689
321.9322,234.5701,2:17:44:594147,2695
321.9322,235.3862,2:17:44:599196,2701
321.9322,236.4939,2:17:44:601212,2747
321.2436,237.9223,2:17:44:606215,2794
321.2436,239.5255,2:17:44:610230,2831
321.2436,241.4494,2:17:44:613217,2873
320.6041,243.6357,2:17:44:618069,2906
320.6041,246.0551,2:17:44:622215,2946
320.1368,248.6495,2:17:44:625899,3021
320.1368,251.5354,2:17:44:630338,3062
319.7679,254.6544,2:17:44:634344,3091
319.7679,257.8318,2:17:44:638343,3130
319.399,261.184,2:17:44:642344,3115
319.399,264.5654,2:17:44:646322,3122
319.0793,267.8593,2:17:44:650353,3106
318.9318,271.0367,2:17:44:653677,3094
318.8088,274.1266,2:17:44:657682,3106
318.7104,276.8958,2:17:44:661708,3115
318.7104,279.3445,2:17:44:666671,3138
318.7104,281.6181,2:17:44:669712,3115
318.7104,283.5129,2:17:44:673700,3038
318.7104,285.1161,2:17:44:677316,2911
318.7104,286.3696,2:17:44:681705,2725
318.7104,287.3315,2:17:44:685706,2505
318.7104,287.8563,2:17:44:689707,2176
319.3745,288.1186,2:17:44:694136,1688
319.3745,288.1186,2:17:44:698153,1086
319.3745,287.2441,2:17:44:701539,554
319.8663,286.253,2:17:44:705534,0
319.8663,284.7372,2:17:44:709535,0
319.8663,282.755,2:17:44:713539,0
319.8663,280.3064,2:17:44:717540,0
319.8663,277.3622,2:17:44:721540,0
319.1777,273.8934,2:17:44:726017,0
318.5628,270.0747,2:17:44:730223,0
317.7513,265.9646,2:17:44:734128,0
316.7429,261.563,2:17:44:738146,0
315.5132,256.9281,2:17:44:742147,0
314.1852,252.2641,2:17:44:746147,0
312.7095,247.6001,2:17:44:750146,0
311.0372,243.0818,2:17:44:754067,0
309.2664,238.7094,2:17:44:758537,0
307.5203,234.6283,2:17:44:762554,0
305.6757,230.6931,2:17:44:765622,0
303.8312,227.166,2:17:44:769602,0
302.0113,223.9594,2:17:44:773556,0
300.0438,221.0736,2:17:44:778222,0
298.1008,218.3918,2:17:44:781826,0
296.1825,216.1181,2:17:44:786316,0
294.2888,214.0776,2:17:44:790337,0
292.2475,212.2995,2:17:44:794338,0
290.28,210.7836,2:17:44:797379,0
288.3617,209.3261,2:17:44:801334,0
286.4434,208.0435,2:17:44:806067,0
284.6727,206.9359,2:17:44:809541,0
282.9511,205.799,2:17:44:813546,0
281.3771,204.6622,2:17:44:818534,0
279.8769,203.5253,2:17:44:822538,2667
278.6472,202.4176,2:17:44:826539,2669
277.5405,201.4848,2:17:44:830254,2658
276.6059,200.6686,2:17:44:834661,2650
275.7943,199.969,2:17:44:837697,2629
275.3024,199.3568,2:17:44:841680,2604
274.9089,199.007,2:17:44:845697,2602
274.7122,198.8904,2:17:44:849690,2582
274.7122,198.8904,2:17:44:854226,2543
274.7122,198.8904,2:17:44:857821,2544
275.3516,200.0856,2:17:44:861840,2547
276.0403,200.8435,2:17:44:865837,2572
276.9748,201.8055,2:17:44:869837,2646
278.0815,202.8548,2:17:44:874067,2697
279.4096,204.1083,2:17:44:878003,2734
280.959,205.4783,2:17:44:882023,2800
282.6068,206.8484,2:17:44:886020,2858
284.5497,208.2476,2:17:44:890030,2896
286.5172,209.4427,2:17:44:894285,2921
288.5585,210.6962,2:17:44:898812,2900
290.8457,211.8913,2:17:44:901850,2891
293.1329,213.1156,2:17:44:905816,2885
295.4693,214.2233,2:17:44:909812,2879
298.0025,215.3019,2:17:44:914702,2896
300.5602,216.3221,2:17:44:917721,2791
303.1671,217.3132,2:17:44:921817,2593
305.7741,218.3335,2:17:44:925740,2230
308.5286,219.208,2:17:44:929721,1632
311.1601,219.9076,2:17:44:934252,1006
313.9392,220.5489,2:17:44:938269,477
316.6691,221.0153,2:17:44:942268,0
319.4236,221.336,2:17:44:946269,0
322.1043,221.4234,2:17:44:950624,0
324.9326,221.4234,2:17:44:953727,0
327.7363,221.4234,2:17:44:957661,0
330.5154,221.4234,2:17:44:961675,0
333.3191,221.4234,2:17:44:965661,0
336.0982,220.6655,2:17:44:970222,0
338.9265,220.6655,2:17:44:974314,0
341.7548,220.6655,2:17:44:977656,0
344.7306,220.6655,2:17:44:981756,0
347.6081,220.6655,2:17:44:985670,0
350.7069,220.6655,2:17:44:990667,0
353.6827,220.6655,2:17:44:994177,0
356.7323,220.6655,2:17:44:998321,0
359.8803,221.4234,2:17:45:002340,0
363.0038,221.4234,2:17:45:006345,0
366.1272,222.6477,2:17:45:010336,0
369.1522,223.5222,2:17:45:014576,0
372.2264,224.4841,2:17:45:018596,0
375.0793,225.5336,2:17:45:021641,0
378.006,226.6996,2:17:45:025593,0
380.8342,227.953,2:17:45:029595,0
383.5641,229.3522,2:17:45:033836,0
385.9989,230.7514,2:17:45:038325,0
388.3599,232.2381,2:17:45:042342,0
390.4504,233.7247,2:17:45:046345,0
392.2949,235.2697,2:17:45:050341,0
393.8689,236.7854,2:17:45:054346,0
395.197,238.2721,2:17:45:058655,0
396.1069,239.7587,2:17:45:061773,0
396.6726,241.1288,2:17:45:065677,0
397.0907,242.4989,2:17:45:069688,0
397.1153,243.7523,2:17:45:074671,0
397.1153,244.9766,2:17:45:077963,0
396.4758,246.0551,2:17:45:082266,0
396.4758,247.0171,2:17:45:086288,0
395.1478,247.8916,2:17:45:090282,0
394.3116,248.6786,2:17:45:094284,0
393.3524,249.3783,2:17:45:098671,0
392.3441,249.9321,2:17:45:102092,0
391.3112,250.3985,2:17:45:106114,0
390.2782,250.6317,2:17:45:110115,0
389.2699,250.8358,2:17:45:114120,0
388.2123,250.9523,2:17:45:118114,0
387.1794,250.9523,2:17:45:121346,0
386.2202,250.9523,2:17:45:126534,0
385.2611,250.9523,2:17:45:129536,0
384.4003,250.9523,2:17:45:133619,0
383.5887,250.1944,2:17:45:137677,0
382.8263,250.1944,2:17:45:142492,0
382.0885,249.6115,2:17:45:146393,0
381.3999,249.6115,2:17:45:150391,0
380.8096,248.941,2:17:45:153463,0
380.2686,248.941,2:17:45:158388,0
379.7767,248.2122,2:17:45:162393,0
379.334,247.8042,2:17:45:166319,0
378.9651,247.396,2:17:45:170312,0
378.6208,246.9296,2:17:45:174726,0
378.3503,246.4924,2:17:45:178730,0
378.1535,246.0551,2:17:45:181820,0
377.9568,245.5596,2:17:45:185726,0
377.8338,245.0932,2:17:45:190250,0
377.7846,244.5977,2:17:45:194081,0
377.7108,244.1313,2:17:45:198063,0
377.7108,243.6357,2:17:45:202080,0
377.7108,243.1693,2:17:45:206094,0
377.7108,242.6738,2:17:45:210095,0
377.7108,242.2074,2:17:45:214117,0
378.2765,241.7701,2:17:45:218316,0
378.2765,241.2454,2:17:45:222222,1290
378.2765,240.7207,2:17:45:225902,1317
378.8913,240.2543,2:17:45:229545,1360
378.8913,239.7296,2:17:45:233571,1462
379.2848,239.2923,2:17:45:237626,1589
379.2848,238.8259,2:17:45:242545,1718
379.6291,238.4762,2:17:45:246613,1824
379.6291,238.0972,2:17:45:250156,1886
379.9243,237.8349,2:17:45:254095,1886
379.9243,237.6599,2:17:45:258087,1895
380.244,237.5725,2:17:45:262102,1922
380.4407,237.5434,2:17:45:266513,1949
380.5883,237.5434,2:17:45:269620,2030
380.8096,237.5434,2:17:45:273624,2127
381.0802,237.5434,2:17:45:277549,2190
381.3261,238.5345,2:17:45:281550,2267
381.6212,239.2049,2:17:45:285603,2309
381.9655,240.0502,2:17:45:289521,2324
382.2361,241.2162,2:17:45:293438,2376
382.5312,242.6154,2:17:45:297526,2404
382.8263,244.3645,2:17:45:301517,2472
383.0231,246.3466,2:17:45:306528,2525
383.2198,248.562,2:17:45:310560,2565
383.2444,251.3022,2:17:45:314557,2609
383.2444,254.3046,2:17:45:317554,2630
383.2444,257.5985,2:17:45:322736,2647
383.2444,261.0966,2:17:45:326018,2674
382.5312,264.7112,2:17:45:330022,2697
382.5312,268.4132,2:17:45:334162,2727
381.6458,272.0861,2:17:45:338055,2746
380.9818,275.7007,2:17:45:342578,2753
380.3915,279.0821,2:17:45:345715,2759
379.7521,282.172,2:17:45:350667,2771
379.0881,285.2619,2:17:45:353665,2782
378.424,288.002,2:17:45:357663,2790
377.8338,290.4797,2:17:45:362122,2807
377.3173,292.5203,2:17:45:366701,2814
376.85,294.3567,2:17:45:370710,2811
376.5057,295.8434,2:17:45:373700,2845
376.2352,296.9802,2:17:45:377752,2883
376.063,297.8547,2:17:45:382060,2951
376.063,298.2045,2:17:45:386075,3025
376.063,298.3503,2:17:45:390120,3069
376.063,298.3503,2:17:45:394076,3094
376.063,297.4466,2:17:45:398076,3093
376.063,296.5138,2:17:45:402493,3105
376.7516,295.1729,2:17:45:406513,3102
376.7516,293.5405,2:17:45:410507,3111
377.6616,291.6749,2:17:45:413512,3093
378.2519,289.4304,2:17:45:417516,3071
378.8421,287.0692,2:17:45:422270,3077
379.4324,284.5915,2:17:45:426289,3059
380.0226,282.2303,2:17:45:429413,3046
380.5883,279.8109,2:17:45:434285,3052
381.0556,277.508,2:17:45:438286,3027
381.3753,275.38,2:17:45:442286,3038
381.3753,273.2521,2:17:45:446153,3052
381.3753,271.2408,2:17:45:450497,3061
381.3753,269.2585,2:17:45:453589,3076
381.3753,267.4221,2:17:45:457686,3074
380.662,265.5273,2:17:45:461524,3072
380.0226,263.7201,2:17:45:465534,3060
379.3094,261.9419,2:17:45:469394,3027
378.5224,260.1346,2:17:45:473999,3011
377.5878,258.4147,2:17:45:478020,3008
376.5303,256.7823,2:17:45:483020,2996
375.399,255.2957,2:17:45:486013,3030
374.1201,253.8382,2:17:45:490013,3040
372.8167,252.4973,2:17:45:493645,3041
371.341,251.1855,2:17:45:497998,3095
369.9146,250.0195,2:17:45:501998,3070
368.3406,249.0284,2:17:45:505998,3068
366.8404,248.2414,2:17:45:510003,3111
365.3647,247.6001,2:17:45:513988,3068
364.0367,247.1628,2:17:45:518007,3102
362.684,246.9296,2:17:45:522006,3114
361.2822,246.9296,2:17:45:526001,3107
359.9295,246.9296,2:17:45:530049,3124
358.6261,248.2997,2:17:45:534244,3096
357.3472,249.3199,2:17:45:538248,3099
355.9699,250.5443,2:17:45:542248,3089
354.6665,252.1183,2:17:45:546248,3061
353.2646,254.0131,2:17:45:550188,3097
351.912,256.1702,2:17:45:554647,3085
350.7315,258.5313,2:17:45:557782,3106
349.6002,261.0382,2:17:45:561645,3143
348.5672,263.6326,2:17:45:565646,3159
347.6573,266.227,2:17:45:569998,3181
346.944,268.9962,2:17:45:573839,3167
346.3784,271.6488,2:17:45:577875,3166
346.0095,274.0683,2:17:45:581818,3149
345.8127,276.4878,2:17:45:585839,3160
345.7881,278.5283,2:17:45:589814,3142
345.7881,280.5104,2:17:45:593447,3170
346.4276,282.376,2:17:45:598470,3182
347.067,284.1833,2:17:45:602466,3188
347.9524,285.6408,2:17:45:606466,3231
349.0099,286.9235,2:17:45:610045,3232
350.2642,288.002,2:17:45:613631,3262
351.7152,288.7891,2:17:45:617610,3283
353.3384,289.4304,2:17:45:621660,3310
355.1338,289.7802,2:17:45:626612,3299
357.0029,289.7802,2:17:45:629603,3302
358.995,289.7802,2:17:45:633783,3295
361.0854,288.7016,2:17:45:637789,3291
363.3481,287.7979,2:17:45:642782,3306
365.6599,286.6028,2:17:45:645832,3310
368.0209,285.1744,2:17:45:649782,3307
370.4557,283.6003,2:17:45:654066,3317
372.7675,281.8222,2:17:45:658082,3323
375.0793,280.0149,2:17:45:662139,3320
377.2681,278.0327,2:17:45:666096,3329
379.2848,276.1088,2:17:45:670098,3306
380.9572,274.1849,2:17:45:675173,3281
382.4328,272.3484,2:17:45:678281,3230
383.5641,270.5995,2:17:45:681805,3149
384.3757,268.9088,2:17:45:685796,3006
384.8676,267.1889,2:17:45:689795,2829
385.1135,265.644,2:17:45:693801,2552
385.1135,264.1573,2:17:45:698526,2181
385.1135,262.6707,2:17:45:701591,1699
383.9822,261.3006,2:17:45:705579,1096
383.0477,259.9305,2:17:45:709550,593
381.8672,258.6479,2:17:45:713564,217
380.3669,257.5403,2:17:45:717556,0
378.6454,256.5783,2:17:45:722217,0
376.6779,255.558,2:17:45:725939,0
374.489,254.7127,2:17:45:730048,0
372.2264,254.0131,2:17:45:734060,0
369.8408,253.3427,2:17:45:738050,0
367.406,252.9346,2:17:45:742054,0
364.8975,252.5556,2:17:45:746047,0
362.4135,252.3224,2:17:45:750061,0
359.9787,252.1475,2:17:45:754049,0
357.5931,252.1183,2:17:45:758046,0
355.3305,252.1183,2:17:45:761259,0
353.1417,252.1183,2:17:45:766276,0
350.9774,252.1183,2:17:45:771090,0
348.9853,252.1183,2:17:45:775103,0
347.1654,252.1183,2:17:45:779097,0
345.5422,252.1183,2:17:45:783097,0
344.0174,252.1183,2:17:45:786098,0
342.6155,252.1183,2:17:45:790102,0
341.4104,252.1183,2:17:45:794178,0
340.3529,252.1183,2:17:45:798196,0
339.4921,252.1183,2:17:45:802194,0
338.7297,251.3022,2:17:45:806195,0
338.1149,250.6317,2:17:45:809713,0
337.5246,249.8738,2:17:45:814003,0
337.0819,248.9702,2:17:45:817998,0
336.7376,247.979,2:17:45:821872,0
336.4425,246.9005,2:17:45:826252,0
336.2704,245.8219,2:17:45:830251,0
336.1474,244.7434,2:17:45:834250,0
336.0736,243.694,2:17:45:838212,0
336.0736,242.7321,2:17:45:842305,0
336.0736,241.9158,2:17:45:846301,0
336.0736,241.1579,2:17:45:850302,0
336.0736,240.4292,2:17:45:854303,0
336.0736,239.7879,2:17:45:858225,2245
336.0736,239.2341,2:17:45:862780,2263
336.0736,238.7677,2:17:45:865608,2290
336.0736,238.4178,2:17:45:869746,2315
336.0736,238.1555,2:17:45:873554,2340
336.0736,237.864,2:17:45:877528,2343
336.0736,237.7474,2:17:45:882178,2335
336.0736,237.7474,2:17:45:886265,2329
336.0736,237.7474,2:17:45:890265,2336
335.3604,237.7474,2:17:45:894262,2369
335.3604,238.9134,2:17:45:898268,2424
334.7455,239.6422,2:17:45:902558,2510
334.3274,240.575,2:17:45:906202,2601
333.8847,241.7701,2:17:45:910200,2701
333.3929,243.2276,2:17:45:914202,2794
332.901,244.9766,2:17:45:918202,2874
332.4829,247.0462,2:17:45:922217,2955
332.0894,249.4948,2:17:45:925947,3014
331.6713,252.3807,2:17:45:929961,3066
331.3024,255.6455,2:17:45:933950,3107
330.8843,259.231,2:17:45:938005,3130
330.4908,263.0496,2:17:45:942013,3144
330.0727,267.0723,2:17:45:946014,3152
329.7038,271.2408,2:17:45:950019,3162
329.3103,275.4966,2:17:45:954098,3174
328.7939,279.6942,2:17:45:957917,3191
328.3512,283.8627,2:17:45:961937,3205
327.9331,287.9146,2:17:45:965972,3214
327.5396,291.7624,2:17:45:969945,3214
327.2444,295.4352,2:17:45:974031,3206
326.9985,298.8458,2:17:45:977901,3198
326.7772,301.9648,2:17:45:981946,3144
326.7034,304.7632,2:17:45:986089,3056
326.7034,307.1244,2:17:45:990008,2918
326.7034,309.1066,2:17:45:994014,2725
326.7034,310.6224,2:17:45:998214,2498
327.3428,311.701,2:17:46:001967,2219
327.3428,312.4297,2:17:46:005865,1872
328.1544,312.7212,2:17:46:009869,1448
328.6463,312.7212,2:17:46:013864,961
329.1382,312.7212,2:17:46:017871,526
329.6054,311.2928,2:17:46:022156,216
330.0235,309.9811,2:17:46:026177,0
330.0235,308.3195,2:17:46:030233,0
330.663,306.2791,2:17:46:034173,0
330.663,303.9179,2:17:46:038175,0
330.663,301.3235,2:17:46:041174,0
330.663,298.5251,2:17:46:045712,0
330.663,295.6101,2:17:46:049696,0
330.0235,292.6952,2:17:46:053696,0
330.0235,289.7802,2:17:46:057695,0
328.8922,286.9526,2:17:46:061696,0
328.2036,284.1833,2:17:46:065706,0
327.3674,281.5598,2:17:46:069717,0
326.5558,278.9655,2:17:46:073696,0
325.7442,276.4878,2:17:46:079692,0
324.9326,274.0683,2:17:46:082695,0
324.244,271.678,2:17:46:085695,0
323.5308,269.2003,2:17:46:089695,0
322.8914,266.7516,2:17:46:093700,0
322.3749,264.1573,2:17:46:097696,0
321.8338,261.4464,2:17:46:101696,2271
321.2928,258.6771,2:17:46:105695,2265
320.8747,255.8495,2:17:46:109695,2254
320.432,252.9346,2:17:46:113696,2248
319.9893,250.0195,2:17:46:117719,2235
319.5958,247.0171,2:17:46:123696,2223
319.2515,243.9855,2:17:46:125696,2207
318.9563,240.8956,2:17:46:131700,2187
318.8334,237.7474,2:17:46:133692,2174
318.8334,234.5409,2:17:46:137697,2171
318.8334,231.2469,2:17:46:141696,2189
319.5466,228.0113,2:17:46:145696,2201
320.2352,224.834,2:17:46:149696,2213
321.219,221.7732,2:17:46:153695,2227
322.4241,218.8873,2:17:46:157700,2251
323.9243,216.2639,2:17:46:162696,2284
325.5721,213.8736,2:17:46:165695,2331
327.515,211.8913,2:17:46:169695,2369
329.6546,210.2298,2:17:46:174696,2387
332.0894,208.7723,2:17:46:177695,2405
334.6472,207.6355,2:17:46:181694,2412
337.4262,206.7318,2:17:46:185729,2420
340.2545,206.0614,2:17:46:191728,2427
343.255,205.6241,2:17:46:193727,2429
346.3784,205.4492,2:17:46:197724,2429
349.5018,205.4492,2:17:46:201724,2433
352.5268,205.4492,2:17:46:205729,2435
355.4781,206.2654,2:17:46:209734,2432
358.3555,206.2654,2:17:46:213725,2435
361.0854,207.7812,2:17:46:217726,2435
363.6678,208.8889,2:17:46:221726,2439
366.0534,210.1715,2:17:46:225725,2448
368.2176,211.5415,2:17:46:229729,2458
370.1851,212.9991,2:17:46:233730,2447
371.9313,214.5732,2:17:46:237729,2415
373.4069,216.2639,2:17:46:241735,2368
374.7104,218.042,2:17:46:245734,2278
375.7679,219.8493,2:17:46:249731,2164
376.6533,221.6274,2:17:46:253730,1999
377.3419,223.3473,2:17:46:257726,1721
377.9322,224.9797,2:17:46:261725,1354
378.424,226.6413,2:17:46:265756,868
378.8421,228.0113,2:17:46:269727,450
379.211,229.2356,2:17:46:273731,0
379.5062,230.1976,2:17:46:277729,0
379.7521,230.9554,2:17:46:281733,0
379.998,231.3636,2:17:46:285733,0
380.244,231.5093,2:17:46:289729,0
380.4653,231.5093,2:17:46:293729,0
380.7112,231.5093,2:17:46:297735,0
381.031,230.4308,2:17:46:301730,0
381.3753,229.6437,2:17:46:305726,0
381.7442,228.6526,2:17:46:309725,0
382.1869,227.4574,2:17:46:313728,0
382.7033,226.1749,2:17:46:317727,0
383.2444,224.7757,2:17:46:321730,0
383.8347,223.289,2:17:46:325729,0
384.4249,221.8024,2:17:46:329729,0
385.0643,220.2865,2:17:46:333725,0
385.7038,218.7708,2:17:46:337726,0
386.3924,217.2841,2:17:46:341725,0
386.9827,215.8557,2:17:46:345728,0
387.6221,214.5148,2:17:46:349725,0
388.2615,213.2614,2:17:46:353730,0
388.8026,212.0954,2:17:46:357729,0
389.3929,210.9877,2:17:46:361729,0
389.8847,209.9675,2:17:46:365731,0
390.3028,209.0055,2:17:46:369749,0
390.6225,208.1019,2:17:46:373731,0
390.9669,207.3439,2:17:46:377725,0
391.1882,206.5569,2:17:46:381863,0
391.3112,205.8573,2:17:46:385862,0
391.3604,205.1868,2:17:46:389860,0
391.4587,204.5455,2:17:46:393862,0
391.4833,203.8459,2:17:46:397863,0
391.5817,203.1172,2:17:46:401861,1800
391.6063,202.3302,2:17:46:406862,1802
391.6801,201.6306,2:17:46:410620,1801
391.7292,200.931,2:17:46:413638,1803
391.8522,200.3188,2:17:46:417636,1790
392.0244,199.765,2:17:46:422637,1776
392.1719,199.3568,2:17:46:425637,1760
392.3933,199.1236,2:17:46:429638,1748
392.59,199.0654,2:17:46:433638,1750
392.8606,199.0654,2:17:46:437639,1760
393.2049,199.0654,2:17:46:441638,1783
393.5492,199.0654,2:17:46:445674,1805
393.9919,199.969,2:17:46:449638,1838
394.3854,199.969,2:17:46:453671,1858
394.8281,200.8143,2:17:46:458635,1878
395.2462,200.8143,2:17:46:462054,1889
395.6151,201.8929,2:17:46:466072,1906
395.9348,202.4467,2:17:46:469843,1923
396.1315,203.0298,2:17:46:473320,1964
396.3037,203.6419,2:17:46:478318,2039
396.3283,204.1958,2:17:46:481317,2126
396.3283,204.8079,2:17:46:485401,2229
396.3283,205.3909,2:17:46:490121,2316
395.6396,206.0031,2:17:46:493663,2387
395.6396,206.5278,2:17:46:499655,2439
394.6805,206.9942,2:17:46:501655,2497
394.0165,207.4023,2:17:46:505655,2552
393.2049,207.7229,2:17:46:509656,2617
392.3687,207.9852,2:17:46:513659,2689
391.4587,208.0727,2:17:46:518719,2755
390.6225,208.0727,2:17:46:521719,2827
389.8109,208.0727,2:17:46:525717,2876
388.9994,208.0727,2:17:46:529718,2913
388.2369,207.2274,2:17:46:534225,2931
387.6467,207.2274,2:17:46:537987,2931
387.1794,206.0614,2:17:46:541987,2925
386.8351,205.3909,2:17:46:545987,2922
386.5891,204.7496,2:17:46:549987,2916
386.4662,204.0208,2:17:46:553768,2906
386.4662,203.3795,2:17:46:558037,2897
386.4662,202.7674,2:17:46:562028,2887
386.4662,202.2135,2:17:46:566034,2879
386.4662,201.7763,2:17:46:570028,2874
386.4662,201.4556,2:17:46:573157,2867
387.1548,201.135,2:17:46:578099,2852
387.1548,201.135,2:17:46:582219,2829
387.1548,200.9018,2:17:46:586332,2804
387.7697,200.9018,2:17:46:589332,2766
387.7697,200.9018,2:17:46:593337,2712
388.2615,200.9018,2:17:46:598332,2648
388.2615,200.9018,2:17:46:601799,2557
388.8026,200.9018,2:17:46:606300,2435
389.1715,201.5431,2:17:46:611294,2257
389.6142,201.5431,2:17:46:613293,2021
390.0815,202.301,2:17:46:617295,1681
390.6225,202.301,2:17:46:621299,1281
391.1882,203.3795,2:17:46:626174,809
391.7292,203.9917,2:17:46:630171,414
392.3687,204.633,2:17:46:634178,155
393.0081,205.3618,2:17:46:638170,0
393.7459,206.1196,2:17:46:642175,0
394.5083,206.8484,2:17:46:645174,0
395.3691,207.6938,2:17:46:650171,0
396.3283,208.5974,2:17:46:654177,0
397.3612,209.6176,2:17:46:658174,0
398.4925,210.8128,2:17:46:662174,0
399.6976,212.0954,2:17:46:666250,0
401.0257,213.5529,2:17:46:670270,0
402.3784,215.2436,2:17:46:674275,0
403.8048,217.08,2:17:46:677273,0
405.2312,219.0623,2:17:46:682402,0
406.6577,221.0736,2:17:46:685418,0
408.1333,223.1432,2:17:46:689426,0
409.6335,225.1837,2:17:46:693638,0
411.1091,227.1368,2:17:46:697656,0
412.5356,228.9733,2:17:46:701655,0
413.9374,230.6931,2:17:46:705673,0
415.3147,232.2672,2:17:46:709667,0
416.5935,233.7538,2:17:46:713667,0
417.8478,235.1822,2:17:46:717680,0
418.9053,236.4939,2:17:46:721667,0
419.8891,237.7182,2:17:46:725731,0
420.6269,238.9717,2:17:46:729777,0
421.1926,240.196,2:17:46:733774,0
421.5615,241.4203,2:17:46:737774,0
421.7582,242.5863,2:17:46:741782,0
421.7582,243.694,2:17:46:745238,0
421.7582,244.8017,2:17:46:750792,0
420.7253,245.7636,2:17:46:754591,0
419.9137,246.7256,2:17:46:757610,0
419.0037,247.5418,2:17:46:762609,0
417.9216,248.2414,2:17:46:766616,0
416.6673,248.7952,2:17:46:769627,0
415.2655,249.2325,2:17:46:774158,0
413.9374,249.4657,2:17:46:778193,0
412.6093,249.4657,2:17:46:781193,0
411.2321,249.4657,2:17:46:785193,2745
409.9286,248.2997,2:17:46:790192,2736
408.6252,247.4835,2:17:46:794193,2731
407.4201,246.4632,2:17:46:797192,2728
406.3134,245.3264,2:17:46:802025,2722
405.3542,244.0438,2:17:46:806026,2723
404.4442,242.7612,2:17:46:810042,2730
403.731,241.5661,2:17:46:814024,2730
403.2637,240.4583,2:17:46:818024,2730
403.0424,239.4381,2:17:46:822025,2732
403.0424,238.4762,2:17:46:826040,2720
403.0424,237.6017,2:17:46:830017,2723
403.854,236.8438,2:17:46:834017,2723
404.641,236.1441,2:17:46:837953,2724
405.6493,235.5029,2:17:46:841967,2731
406.8298,235.0073,2:17:46:845971,2730
408.1333,234.6575,2:17:46:849971,2742
409.6335,234.4534,2:17:46:853967,2750
411.2321,234.4534,2:17:46:857905,2757
412.9536,234.4534,2:17:46:861903,2763
414.7244,234.4534,2:17:46:865717,2768
416.5443,235.6194,2:17:46:869714,2778
418.3889,236.3773,2:17:46:873714,2789
420.2334,237.3393,2:17:46:877714,2805
422.0042,238.4762,2:17:46:881714,2817
423.7011,239.7587,2:17:46:885714,2822
425.2505,241.1579,2:17:46:889714,2828
426.6278,242.6446,2:17:46:893714,2831
427.882,244.2478,2:17:46:897716,2832
428.9396,245.8219,2:17:46:901716,2839
429.7758,247.4543,2:17:46:905720,2843
430.4152,249.0576,2:17:46:909720,2852
430.8087,250.5443,2:17:46:913736,2864
431.0301,251.9435,2:17:46:917720,2866
431.0547,253.3135,2:17:46:922128,2878
431.0547,254.6544,2:17:46:926128,2885
430.4398,255.9079,2:17:46:929698,2892
429.7512,257.1321,2:17:46:933716,2910
428.915,258.269,2:17:46:937717,2921
427.9312,259.2601,2:17:46:941716,2937
426.7508,260.3095,2:17:46:946209,2950
425.3489,261.184,2:17:46:949282,2968
423.7749,262.0585,2:17:46:953273,2983
422.0779,262.7873,2:17:46:957309,2995
420.2334,263.4577,2:17:46:962275,3010
418.3151,264.0407,2:17:46:966542,3023
416.2984,264.682,2:17:46:969588,3033
414.0604,265.3524,2:17:46:974561,3046
411.7978,266.0521,2:17:46:977580,3060
409.4367,266.8683,2:17:46:982779,3067
407.002,267.7427,2:17:46:985946,3084
404.518,268.7047,2:17:46:989829,3096
402.0832,269.7832,2:17:46:993796,3107
399.5992,270.9784,2:17:46:997890,3124
397.2137,272.2027,2:17:47:002707,3134
394.9019,273.4853,2:17:47:005742,3150
392.6638,274.8553,2:17:47:009749,3174
390.6471,276.2254,2:17:47:013724,3202
388.8026,277.6829,2:17:47:017724,3235
387.1548,279.1404,2:17:47:021662,3260
385.7038,280.5979,2:17:47:025706,3279
384.4987,282.0845,2:17:47:029666,3289
383.4904,283.6295,2:17:47:033689,3292
382.7033,285.2328,2:17:47:038070,3313
382.2115,286.8069,2:17:47:042691,3325
381.9409,288.4684,2:17:47:045693,3339
381.8672,290.1883,2:17:47:049714,3345
381.8672,291.9664,2:17:47:053693,3344
382.482,293.7445,2:17:47:057995,3335
383.1214,295.4644,2:17:47:061999,3329
383.9822,297.1551,2:17:47:065787,3333
385.0889,298.7292,2:17:47:069786,3331
386.3678,300.1284,2:17:47:073785,3342
387.7697,301.4402,2:17:47:077843,3352
389.3437,302.4604,2:17:47:082063,3367
391.0406,303.2766,2:17:47:085744,3365
392.9344,303.8888,2:17:47:089867,3367
394.8281,304.1802,2:17:47:093801,3357
396.8694,304.2386,2:17:47:097817,3336
398.9106,304.2386,2:17:47:102295,3343
400.9765,304.2386,2:17:47:105735,3344
403.1161,302.956,2:17:47:109734,3353
405.2066,302.0523,2:17:47:113749,3366
407.2725,300.9154,2:17:47:117764,3361
409.24,299.5746,2:17:47:122079,3362
411.1337,298.117,2:17:47:126098,3359
412.9045,296.5721,2:17:47:130095,3357
414.5768,295.0272,2:17:47:134096,3365
416.1017,293.4822,2:17:47:138096,3357
417.4051,291.8498,2:17:47:142148,3367
418.6102,290.2174,2:17:47:146299,3377
419.5694,288.585,2:17:47:150318,3370
420.3564,287.0109,2:17:47:153322,3371
420.9466,285.4077,2:17:47:157321,3362
421.3401,283.7461,2:17:47:163314,3351
421.6353,282.0845,2:17:47:165317,3358
421.7336,280.4521,2:17:47:169476,3360
421.7336,278.8781,2:17:47:174496,3389
421.7336,277.4789,2:17:47:178496,3427
421.7336,276.2254,2:17:47:182489,3477
421.7336,275.1469,2:17:47:186063,3547
421.168,274.3015,2:17:47:190239,3602
421.168,273.631,2:17:47:194234,3649
421.168,273.1646,2:17:47:198237,3679
421.168,272.8148,2:17:47:202234,3688
420.6515,272.6108,2:17:47:206066,3698
420.6515,272.5233,2:17:47:210080,3703
420.6515,272.5233,2:17:47:214081,3701
420.6515,272.5233,2:17:47:218084,3710
420.6515,272.5233,2:17:47:222081,3690
420.6515,273.3687,2:17:47:226115,3680
420.3072,274.0392,2:17:47:230225,3684
420.3072,274.9428,2:17:47:233745,3686
420.0612,276.0797,2:17:47:237743,3701
419.9137,277.4497,2:17:47:241745,3712
419.7661,278.9947,2:17:47:245759,3721
419.5448,280.7728,2:17:47:250646,3726
419.3234,282.6675,2:17:47:253733,3730
419.1267,284.5915,2:17:47:257684,3733
418.9791,286.632,2:17:47:261666,3735
418.8316,288.7891,2:17:47:265800,3740
418.7578,290.917,2:17:47:270253,3749
418.684,293.1324,2:17:47:274269,3752
418.6594,295.4352,2:17:47:278280,3750
418.6594,297.6506,2:17:47:282279,3745
418.6594,299.9243,2:17:47:286518,3741
418.6594,302.1689,2:17:47:290535,3703
418.6594,304.2386,2:17:47:293539,3623
419.2989,306.1624,2:17:47:297537,3492
419.2989,307.9114,2:17:47:301538,3291
420.1596,309.3981,2:17:47:306208,3056
420.7991,310.6807,2:17:47:310226,2769
421.5369,311.6426,2:17:47:313225,2421
422.3485,312.2839,2:17:47:318222,1954
423.3076,312.6046,2:17:47:322577,1355
424.4389,312.6046,2:17:47:326604,788
425.6686,312.6046,2:17:47:329598,334
426.9475,311.5552,2:17:47:333782,0
428.3493,310.5058,2:17:47:338593,0
429.7512,309.1066,2:17:47:342471,0
431.2268,307.3285,2:17:47:346419,0
432.7516,305.2588,2:17:47:350416,0
434.2518,302.8394,2:17:47:354415,0
435.7275,300.3325,2:17:47:358416,0
437.1539,297.4466,2:17:47:362627,0
438.6295,294.415,2:17:47:365647,0
440.056,291.2085,2:17:47:370646,0
441.5316,287.8854,2:17:47:374651,0
443.0072,284.504,2:17:47:377664,0
444.4583,281.0352,2:17:47:381955,0
445.9339,277.5663,2:17:47:386566,0
447.4095,273.8643,2:17:47:390585,0
448.9343,270.2205,2:17:47:394584,0
450.4345,266.4601,2:17:47:398584,0
451.8364,262.6707,2:17:47:401583,0
453.1398,258.852,2:17:47:406238,0
454.4679,255.0916,2:17:47:410255,0
455.6976,251.3896,2:17:47:414255,0
456.8289,247.8624,2:17:47:418256,0
457.8372,244.5977,2:17:47:422588,0
458.6734,241.7118,2:17:47:425612,0
459.4604,239.0883,2:17:47:429680,0
460.149,236.7854,2:17:47:433744,0
460.7393,234.8033,2:17:47:437783,3015
461.1082,233.2583,2:17:47:442215,3028
461.4279,232.034,2:17:47:445525,3048
461.6493,231.1304,2:17:47:450307,3062
461.7722,230.4599,2:17:47:454328,3073
461.8706,229.9352,2:17:47:458332,3066
461.8706,229.6145,2:17:47:462327,3051
461.8706,229.498,2:17:47:466328,3028
461.8706,229.498,2:17:47:470218,3015
461.8706,229.498,2:17:47:474291,3007
461.8706,230.1976,2:17:47:478309,3014
461.8706,230.868,2:17:47:482310,3057
461.8706,231.83,2:17:47:486308,3112
461.8706,233.1417,2:17:47:490321,3178
461.8706,234.8324,2:17:47:493653,3250
461.8706,236.8729,2:17:47:497652,3311
461.8706,239.2341,2:17:47:501673,3375
461.8706,241.945,2:17:47:505655,3435
461.8706,244.9474,2:17:47:509657,3506
461.8706,248.2414,2:17:47:513772,3572
461.8706,251.7977,2:17:47:517735,3626
461.8706,255.5289,2:17:47:521733,3659
460.9607,259.4059,2:17:47:525793,3672
460.4442,263.3702,2:17:47:530735,3693
459.8047,267.3638,2:17:47:534512,3694
459.1161,271.3865,2:17:47:537595,3701
458.4029,275.3509,2:17:47:541545,3706
457.7389,279.1404,2:17:47:545548,3700
456.9519,282.6967,2:17:47:549530,3702
456.1649,286.0781,2:17:47:554175,3704
455.4025,289.1097,2:17:47:557643,3697
454.6155,291.8498,2:17:47:562527,3633
453.9268,294.3275,2:17:47:565547,3527
453.2628,296.3972,2:17:47:569550,3362
452.5496,298.117,2:17:47:573645,3115
451.8364,299.3705,2:17:47:577900,2815
451.2215,300.2741,2:17:47:581975,2378
450.5821,300.7989,2:17:47:585898,1741
450.0656,300.8571,2:17:47:589898,1069
449.4508,300.8571,2:17:47:593917,504
448.8113,299.662,2:17:47:598213,0
448.0981,298.4085,2:17:47:602567,0
447.3111,296.8053,2:17:47:605569,0
446.4012,294.7648,2:17:47:609564,0
445.3928,292.3162,2:17:47:613566,0
444.2369,289.5761,2:17:47:618172,0
442.8351,286.7485,2:17:47:622315,0
441.2856,283.7461,2:17:47:626337,0
439.4903,280.7437,2:17:47:630331,0
437.4736,277.8286,2:17:47:634331,0
435.088,274.972,2:17:47:638590,0
432.4811,272.261,2:17:47:641620,0
429.5052,269.7832,2:17:47:645611,0
426.2589,267.4221,2:17:47:651607,0
422.6928,265.2942,2:17:47:653610,0
418.9053,263.312,2:17:47:658331,0
414.749,261.4464,2:17:47:661955,0
410.2729,259.7556,2:17:47:665962,0
405.428,258.1233,2:17:47:670101,0
400.2879,256.4908,2:17:47:674053,0
394.9756,254.9459,2:17:47:678019,0
389.3683,253.7216,2:17:47:682311,0
383.5887,252.6431,2:17:47:686332,0
377.5633,251.5645,2:17:47:690332,0
371.2426,250.5734,2:17:47:694332,0
364.8975,249.6698,2:17:47:698336,0
358.5031,248.9118,2:17:47:702688,0
352.0103,248.3871,2:17:47:707706,0
345.2963,247.979,2:17:47:709703,0
338.7297,247.3378,2:17:47:713713,0
332.0156,246.8422,2:17:47:717726,0
325.2032,246.5215,2:17:47:722234,0
318.4891,246.3758,2:17:47:725987,0
311.775,246.3175,2:17:47:729996,0
305.2084,246.2009,2:17:47:734151,0
298.7157,246.0843,2:17:47:738070,0
292.3705,245.9677,2:17:47:742016,0
286.0991,245.9677,2:17:47:746540,0
279.9998,245.9677,2:17:47:750560,0
274.1711,245.9677,2:17:47:754561,0
268.6375,245.9677,2:17:47:757557,0
263.399,245.9677,2:17:47:762558,0
258.4311,245.9677,2:17:47:765999,0
253.6845,245.9677,2:17:47:769582,0
249.2823,245.2098,2:17:47:774192,0
245.1751,245.2098,2:17:47:778034,0
241.3631,244.5394,2:17:47:781938,0
237.8462,244.5394,2:17:47:785933,0
234.526,243.6066,2:17:47:789936,0
231.3042,243.6066,2:17:47:794231,0
228.3776,242.7612,2:17:47:798470,0
225.6231,242.3239,2:17:47:801576,0
223.0653,241.8575,2:17:47:805511,0
220.6305,241.3911,2:17:47:809488,0
218.3433,240.8956,2:17:47:813487,0
216.3266,240.4583,2:17:47:818308,0
214.4083,239.9919,2:17:47:822219,0
212.7605,239.4964,2:17:47:826237,0
211.2849,239.03,2:17:47:830234,0
210.0798,238.6219,2:17:47:834210,0
209.0961,238.243,2:17:47:838222,0
208.3337,237.9806,2:17:47:842155,0
207.8172,237.7182,2:17:47:846174,0
207.5221,237.3976,2:17:47:850235,0
207.4237,237.0478,2:17:47:854235,2615
207.4237,236.7563,2:17:47:858234,2654
207.4237,236.4357,2:17:47:862237,2700
207.4237,236.0567,2:17:47:866201,2739
208.4566,235.7361,2:17:47:870198,2788
209.1698,235.3279,2:17:47:873284,2797
210.1044,235.0073,2:17:47:878295,2797
211.3587,234.8324,2:17:47:882300,2807
212.9573,234.7158,2:17:47:886294,2808
214.974,234.6575,2:17:47:890293,2800
217.4825,234.5701,2:17:47:893702,2825
220.5813,234.4534,2:17:47:897797,2853
224.1228,234.2785,2:17:47:901715,2894
228.2792,233.9579,2:17:47:905703,2978
233.0258,233.4915,2:17:47:909708,3043
238.338,232.9085,2:17:47:914305,3146
244.2159,232.2089,2:17:47:918327,3253
250.6595,231.3636,2:17:47:922324,3347
257.5949,230.4308,2:17:47:926326,3432
264.9977,229.4688,2:17:47:930327,3482
272.8676,228.4194,2:17:47:934305,3511
281.0328,227.4283,2:17:47:937457,3518
289.5668,226.4372,2:17:47:941455,3533
298.4452,225.4461,2:17:47:946389,3537
307.4465,224.4258,2:17:47:950387,3548
316.6691,223.5222,2:17:47:953580,3563
326.0147,222.5894,2:17:47:957925,3565
335.4096,221.7732,2:17:47:961936,3590
344.9273,221.1028,2:17:47:965617,3645
354.4451,220.4615,2:17:47:969632,3709
363.8399,220.0242,2:17:47:973632,3805
373.0872,219.6452,2:17:47:977631,3892
382.2361,219.4995,2:17:47:981539,3958
391.139,219.4412,2:17:47:985544,4035
399.7468,219.4412,2:17:47:989545,4093
408.0103,219.4412,2:17:47:994547,4145
415.8557,219.4412,2:17:47:998559,4189
423.283,220.1408,2:17:48:001966,4227
430.366,220.1408,2:17:48:006119,4238
436.9326,220.1408,2:17:48:009966,4249
443.0564,221.0153,2:17:48:013979,4270
448.713,221.0153,2:17:48:018202,4265
453.9514,221.6566,2:17:48:021695,4290
458.698,221.6566,2:17:48:025726,4295
462.9774,222.1813,2:17:48:029788,4294
466.7648,222.1813,2:17:48:033823,4305
470.0357,222.5894,2:17:48:038069,4310
472.9132,222.5894,2:17:48:042610,4313
475.225,222.5894,2:17:48:045632,4320
477.1679,222.8517,2:17:48:049702,4313
478.6436,222.8517,2:17:48:053640,4301
479.7257,222.8517,2:17:48:057727,4302
480.5127,222.9392,2:17:48:062303,4307
481.0046,222.9392,2:17:48:065651,4303
481.2505,222.9392,2:17:48:069689,4280
481.3489,222.9392,2:17:48:073680,4198
481.3489,222.9392,2:17:48:077671,4020
481.3489,222.9392,2:17:48:082236,3700
480.6111,222.9392,2:17:48:086251,3182
479.9224,222.9392,2:17:48:090255,2311
478.9387,222.9392,2:17:48:094254,1403
477.6106,222.9392,2:17:48:098499,653
475.7907,222.9392,2:17:48:101559,0
473.5526,222.9392,2:17:48:105517,0
470.6998,222.3562,2:17:48:109519,0
467.3058,222.3562,2:17:48:114647,0
463.2971,222.3562,2:17:48:117693,0
458.7964,222.3562,2:17:48:121770,0
453.6071,222.3562,2:17:48:125731,0
447.9014,222.3562,2:17:48:129731,0
441.2365,222.3562,2:17:48:134341,0
441.2365,222.3562,2:17:48:152376,0
