248.0526,265.5857,3:57:12:214018,0
247.1426,265.5857,3:57:12:218019,0
246.4048,265.5857,3:57:12:223037,0
245.4702,265.5857,3:57:12:226017,0
244.5357,265.5857,3:57:12:230756,0
243.6257,265.5857,3:57:12:234596,0
242.8633,265.5857,3:57:12:238504,0
242.0025,265.5857,3:57:12:242514,0
241.2893,266.4601,3:57:12:246514,0
241.2893,267.1598,3:57:12:250514,0
241.2893,267.7719,3:57:12:255563,0
242.273,268.559,3:57:12:258589,0
242.273,269.2003,3:57:12:262582,0
243.3306,269.7832,3:57:12:266571,0
243.3306,270.4246,3:57:12:270652,0
244.3635,271.0659,3:57:12:274594,0
244.3635,271.7946,3:57:12:278788,0
245.0521,272.5233,3:57:12:281788,0
245.0521,273.2521,3:57:12:286833,0
245.3964,274.0392,3:57:12:290791,0
245.3964,274.8553,3:57:12:294883,0
245.3964,275.6424,3:57:12:298406,0
245.3964,276.4878,3:57:12:302813,0
245.3964,277.2748,3:57:12:305825,0
245.3964,278.0327,3:57:12:310840,0
245.3964,278.7906,3:57:12:313850,0
245.3964,279.4902,3:57:12:318852,0
244.6586,280.1024,3:57:12:321850,0
244.6586,280.7145,3:57:12:326853,0
244.093,281.2683,3:57:12:329850,0
244.093,281.7639,3:57:12:335058,0
243.5273,282.2595,3:57:12:338065,0
243.5273,282.6967,3:57:12:342933,0
242.9863,283.0757,3:57:12:345946,0
242.9863,283.4837,3:57:12:350944,0
242.5682,283.8918,3:57:12:353944,0
242.5682,284.3,3:57:12:358944,0
242.1747,284.8246,3:57:12:361947,0
241.9287,285.3785,3:57:12:366648,0
241.9287,285.9323,3:57:12:370657,0
241.6582,286.6028,3:57:12:374711,0
241.5598,287.2441,3:57:12:378656,0
241.4122,288.0312,3:57:12:382662,0
241.3385,288.7016,3:57:12:386658,0
241.3385,289.372,3:57:12:390762,0
241.3385,289.955,3:57:12:394287,0
241.3385,290.4506,3:57:12:398409,0
241.3385,290.8004,3:57:12:402287,0
241.3385,291.1502,3:57:12:406428,0
241.3385,291.4125,3:57:12:410290,0
241.3385,291.4709,3:57:12:414621,0
241.3385,291.6749,3:57:12:417634,0
241.3385,291.7332,3:57:12:422691,0
241.3385,291.8206,3:57:12:425645,0
241.3385,291.8789,3:57:12:430689,0
241.3385,291.9664,3:57:12:434631,0
240.6007,292.0247,3:57:12:438811,0
240.6007,292.0247,3:57:12:442744,0
240.0596,292.083,3:57:12:446955,0
240.0596,292.083,3:57:12:449963,0
239.6169,292.083,3:57:12:453966,0
239.6169,292.083,3:57:12:457990,0
239.6169,292.083,3:57:12:462988,0
239.6169,292.083,3:57:12:465999,0
239.6169,292.083,3:57:12:471019,0
239.6169,292.083,3:57:12:474026,0
239.6169,291.4709,3:57:12:478043,0
239.6169,291.4709,3:57:12:482027,0
239.6169,291.4709,3:57:12:486224,0
239.6169,290.7712,3:57:12:490031,0
239.6169,290.7712,3:57:12:495053,0
239.6169,289.9842,3:57:12:498237,0
240.1826,289.5178,3:57:12:502269,0
240.1826,288.9931,3:57:12:506239,0
240.7236,288.4392,3:57:12:510260,0
240.7236,287.8563,3:57:12:514234,0
241.2893,287.1858,3:57:12:518242,0
241.6336,286.5154,3:57:12:522250,0
241.9041,285.8449,3:57:12:526801,0
242.2238,285.1744,3:57:12:530259,0
242.519,284.5623,3:57:12:534954,0
242.7895,283.921,3:57:12:537964,0
242.9863,283.338,3:57:12:542110,0
243.2076,282.7841,3:57:12:545964,0
243.4043,282.2595,3:57:12:550054,0
243.6011,281.7639,3:57:12:553964,0
243.7733,281.3267,3:57:12:557964,0
243.8962,280.8894,3:57:12:561964,0
244.0192,280.4521,3:57:12:566737,0
244.2159,280.0149,3:57:12:569749,0
244.3635,279.5485,3:57:12:574884,0
244.5848,279.1112,3:57:12:577894,0
244.757,278.7032,3:57:12:582643,0
244.9538,278.2659,3:57:12:586517,0
245.1505,277.8286,3:57:12:590682,0
245.3964,277.3622,3:57:12:594517,0
245.6178,276.9542,3:57:12:598767,0
245.8391,276.5461,3:57:12:602484,0
246.0851,276.1088,3:57:12:607031,0
246.3064,275.7007,3:57:12:610041,0
246.5769,275.2926,3:57:12:614154,0
246.8475,274.8845,3:57:12:618041,0
247.1426,274.4764,3:57:12:622095,0
247.4623,274.0683,3:57:12:626044,0
247.782,273.7185,3:57:12:630858,0
248.1263,273.3395,3:57:12:633868,0
248.4215,272.9606,3:57:12:638870,0
248.7166,272.64,3:57:12:641869,0
248.9379,272.3484,3:57:12:646871,0
249.1593,272.0278,3:57:12:649868,0
249.3068,271.7946,3:57:12:654876,0
249.4052,271.5323,3:57:12:657882,0
249.4544,271.299,3:57:12:662870,0
249.5282,271.0659,3:57:12:666394,0
249.5282,270.891,3:57:12:670406,0
249.5528,270.6577,3:57:12:674391,0
249.5528,270.4828,3:57:12:678503,0
249.5528,270.2788,3:57:12:682117,0
249.6266,270.0456,3:57:12:686782,0
249.6758,269.8124,3:57:12:689793,0
249.7741,269.55,3:57:12:694794,0
249.8725,269.346,3:57:12:697793,0
250.0201,269.0836,3:57:12:702792,0
250.2168,268.8213,3:57:12:705793,0
250.389,268.559,3:57:12:711157,0
250.5611,268.2675,3:57:12:714167,0
250.6841,268.0051,3:57:12:718181,0
250.8071,267.7427,3:57:12:722168,0
250.9054,267.5387,3:57:12:726174,0
250.9546,267.3055,3:57:12:730168,0
250.9546,267.1306,3:57:12:735006,701
250.9546,266.9265,3:57:12:738019,726
250.9546,266.7808,3:57:12:742031,791
250.9546,266.7225,3:57:12:746030,880
250.9546,266.635,3:57:12:750084,990
250.9546,266.6059,3:57:12:754016,1110
250.9546,266.5768,3:57:12:758568,1228
250.9546,266.5185,3:57:12:762584,1374
250.9546,266.5185,3:57:12:766704,1548
250.9546,266.5185,3:57:12:769715,1718
250.9546,266.5185,3:57:12:774883,1895
250.9546,266.5185,3:57:12:777893,2053
250.9546,266.5185,3:57:12:782340,2190
250.9546,266.5185,3:57:12:786187,2315
250.9546,266.5185,3:57:12:790188,2411
250.9546,266.5185,3:57:12:794187,2486
250.9546,266.5185,3:57:12:798812,2541
250.9546,266.5185,3:57:12:802214,2579
250.9546,266.5185,3:57:12:807152,2599
250.9546,266.5185,3:57:12:810162,2605
250.9546,266.5185,3:57:12:814277,2606
250.9546,266.5185,3:57:12:818177,2604
250.9546,266.5185,3:57:12:822417,2631
250.9546,266.5185,3:57:12:826162,2690
251.4219,267.5678,3:57:12:830218,2765
251.4219,268.2675,3:57:12:834229,2858
252.0122,269.2294,3:57:12:838891,2948
252.4548,270.4246,3:57:12:841904,3034
252.9713,271.8529,3:57:12:846409,3124
253.5616,273.5144,3:57:12:850383,3217
254.201,275.3509,3:57:12:854436,3306
254.8896,277.2748,3:57:12:858383,3398
255.5536,279.2278,3:57:12:862715,3491
256.2177,281.2683,3:57:12:866480,3583
256.8325,283.3963,3:57:12:870814,3685
257.4228,285.4368,3:57:12:873825,3773
257.9638,287.623,3:57:12:878827,3860
258.4557,289.8968,3:57:12:881825,3948
258.8984,292.2288,3:57:12:886828,4021
259.2673,294.619,3:57:12:889826,4094
259.6116,297.0677,3:57:12:893823,4166
259.9313,299.5162,3:57:12:897825,4236
260.1773,301.9648,3:57:12:902697,4302
260.3986,304.4717,3:57:12:906707,4361
260.6446,306.8037,3:57:12:910002,4410
260.8413,309.1066,3:57:12:914010,4451
261.0135,311.2928,3:57:12:918127,4498
261.1856,313.4208,3:57:12:922015,4547
261.3332,315.4613,3:57:12:926585,4589
261.4561,317.4727,3:57:12:930594,4622
261.6037,319.4257,3:57:12:934725,4646
261.7021,321.3496,3:57:12:937739,4663
261.8005,323.1277,3:57:12:942714,4676
261.8742,324.9059,3:57:12:946511,4690
261.8988,326.6549,3:57:12:950514,4689
261.9234,328.3456,3:57:12:954518,4685
261.948,329.978,3:57:12:958689,4684
261.9972,331.4938,3:57:12:962248,4678
262.0218,332.9513,3:57:12:966585,4681
262.0464,334.2047,3:57:12:970617,4685
262.1202,335.4582,3:57:12:974470,4687
262.1694,336.4493,3:57:12:978476,4687
262.2678,337.2946,3:57:12:982470,4688
262.3661,337.9359,3:57:12:986469,4686
262.4645,338.3732,3:57:12:990206,4685
262.4891,338.7521,3:57:12:994166,4687
262.5383,338.8979,3:57:12:998161,4686
262.6121,339.0145,3:57:13:002159,4691
262.6121,339.0436,3:57:13:006474,4687
262.6367,339.0436,3:57:13:010483,4660
262.6367,339.0436,3:57:13:014540,4599
262.6367,339.0436,3:57:13:018508,4489
262.6367,338.2274,3:57:13:022485,4331
262.6367,338.2274,3:57:13:026485,4130
262.6367,337.0031,3:57:13:030635,3894
262.6367,336.2452,3:57:13:033656,3618
262.1694,335.2833,3:57:13:038850,3318
262.1694,334.2339,3:57:13:041860,2998
262.1694,333.0388,3:57:13:046608,2659
261.6775,331.9311,3:57:13:050619,2306
261.6775,330.8233,3:57:13:054619,1912
261.3086,329.7156,3:57:13:057618,1496
261.3086,328.6371,3:57:13:062624,1087
260.8905,327.5586,3:57:13:066619,713
260.8905,326.5092,3:57:13:070603,396
260.5708,325.4597,3:57:13:074613,188
260.4232,324.4978,3:57:13:078610,0
260.2265,323.4775,3:57:13:082614,0
260.0543,322.4282,3:57:13:086612,0
259.833,321.437,3:57:13:090475,0
259.6116,320.3876,3:57:13:094555,0
259.3411,319.3965,3:57:13:098573,0
259.0214,318.3471,3:57:13:102563,0
258.6525,317.3269,3:57:13:106565,0
258.259,316.2775,3:57:13:110563,0
257.8901,315.1698,3:57:13:114566,0
257.5211,314.0912,3:57:13:118605,0
257.1031,313.0127,3:57:13:122121,0
256.7342,311.9925,3:57:13:126616,0
256.3653,310.9139,3:57:13:129616,0
255.9718,309.9228,3:57:13:133765,0
255.6274,308.9026,3:57:13:137790,0
255.2339,307.9406,3:57:13:141769,0
254.9388,307.0952,3:57:13:145766,0
254.6191,306.2499,3:57:13:150607,0
254.3978,305.5211,3:57:13:153945,0
254.2502,304.7924,3:57:13:157777,0
254.1272,304.2094,3:57:13:161795,0
254.1272,303.6555,3:57:13:165818,0
254.1272,303.2474,3:57:13:169796,0
254.1272,302.8685,3:57:13:174612,0
254.1272,302.577,3:57:13:178445,0
254.7175,302.373,3:57:13:182447,0
254.7175,302.1689,3:57:13:186446,0
254.7175,302.0523,3:57:13:190445,0
255.4061,301.9066,3:57:13:194445,0
255.4061,301.7608,3:57:13:198550,0
255.7996,301.6442,3:57:13:202466,0
255.7996,301.4693,3:57:13:206549,0
255.7996,301.2944,3:57:13:210499,0
256.2177,301.0612,3:57:13:214601,0
256.2177,300.7989,3:57:13:218612,0
256.2177,300.5074,3:57:13:221612,0
256.2177,300.2159,3:57:13:227610,0
256.2177,299.8952,3:57:13:230611,0
256.2177,299.5454,3:57:13:234618,0
256.2177,299.1664,3:57:13:238611,0
256.2177,298.8458,3:57:13:242605,0
256.2177,298.4669,3:57:13:246616,0
256.2177,298.0587,3:57:13:250616,0
256.4882,297.6506,3:57:13:253617,0
256.4882,297.3008,3:57:13:258804,0
256.7342,296.8928,3:57:13:261833,0
256.9063,296.5138,3:57:13:265817,0
257.0539,296.1057,3:57:13:269817,0
257.2752,295.785,3:57:13:273814,0
257.4966,295.4061,3:57:13:277817,0
257.6687,295.1729,3:57:13:282598,0
257.8655,294.9106,3:57:13:286610,0
257.9884,294.5899,3:57:13:290017,0
258.0622,294.2984,3:57:13:294016,1263
258.0868,293.9486,3:57:13:298013,1258
258.0868,293.628,3:57:13:302016,1258
258.0868,293.2781,3:57:13:305770,1263
258.0868,292.9575,3:57:13:309781,1281
258.0868,292.5494,3:57:13:313783,1312
258.0868,292.2579,3:57:13:318779,1348
257.5211,291.9664,3:57:13:321897,1385
257.5211,291.704,3:57:13:326879,1424
257.5211,291.4125,3:57:13:329855,1483
256.9801,291.1211,3:57:13:333857,1553
256.9801,290.7421,3:57:13:338601,1643
256.3898,290.3048,3:57:13:342610,1740
255.9963,289.8093,3:57:13:345917,1821
255.5291,289.2263,3:57:13:350930,1901
254.988,288.585,3:57:13:354001,1982
254.3732,287.9146,3:57:13:357930,2060
253.6845,287.3024,3:57:13:361929,2148
252.8975,286.6611,3:57:13:365930,2239
252.0859,285.9907,3:57:13:369992,2314
251.2006,285.4077,3:57:13:373996,2381
250.2414,284.8829,3:57:13:377992,2446
249.2331,284.4165,3:57:13:381992,2516
248.1509,284.0085,3:57:13:386545,2596
247.0196,283.6295,3:57:13:390001,2682
245.8145,283.338,3:57:13:394003,2760
244.5603,283.0465,3:57:13:398004,2833
243.2076,282.8424,3:57:13:401594,2895
241.9041,282.6675,3:57:13:406604,2951
240.5515,282.5509,3:57:13:409926,2997
239.1496,282.4344,3:57:13:413934,3023
237.7478,282.376,3:57:13:417977,3043
236.3459,282.376,3:57:13:422986,3052
234.9687,282.376,3:57:13:426986,3060
233.616,282.376,3:57:13:430986,3068
232.3126,282.376,3:57:13:434614,3081
231.0091,282.376,3:57:13:438622,3095
229.7548,282.376,3:57:13:442081,3117
228.5989,283.1339,3:57:13:446085,3139
227.566,283.1339,3:57:13:450081,3159
226.6314,283.8627,3:57:13:454112,3175
225.7952,283.8627,3:57:13:458548,3180
225.0082,284.8829,3:57:13:462126,3183
224.3688,285.5534,3:57:13:465869,3183
223.8277,286.3987,3:57:13:469829,3186
223.3604,287.3607,3:57:13:473830,3198
222.9423,288.5267,3:57:13:477846,3209
222.6226,289.9259,3:57:13:482601,3222
222.3767,291.4709,3:57:13:486609,3231
222.2291,293.2198,3:57:13:490701,3236
222.1062,295.0563,3:57:13:493713,3237
222.1062,296.9802,3:57:13:497704,3242
222.1062,298.9333,3:57:13:501711,3250
222.1062,300.8863,3:57:13:506477,3254
222.1062,302.8102,3:57:13:510491,3260
222.8194,304.5883,3:57:13:514087,3261
222.8194,306.2207,3:57:13:518102,3264
223.6556,307.7949,3:57:13:522097,3270
224.1966,309.2232,3:57:13:526100,3274
224.7623,310.5349,3:57:13:530620,3280
225.4017,311.7301,3:57:13:534660,3281
226.1395,312.8087,3:57:13:538551,3283
226.8773,313.7415,3:57:13:542166,3286
227.6889,314.5285,3:57:13:546216,3288
228.5743,315.1989,3:57:13:550214,3292
229.4843,315.7528,3:57:13:554216,3295
230.4188,316.1317,3:57:13:558214,3301
231.4026,316.3941,3:57:13:562547,3305
232.4355,316.5399,3:57:13:566219,3310
233.4931,316.5399,3:57:13:570219,3311
234.5752,316.5399,3:57:13:574224,3311
235.6573,316.5399,3:57:13:578284,3311
236.7394,315.8402,3:57:13:582221,3309
237.8953,315.8402,3:57:13:586683,3313
239.0513,314.7617,3:57:13:589684,3313
240.2809,314.033,3:57:13:594683,3311
241.4614,313.2167,3:57:13:598684,3309
242.7157,312.2548,3:57:13:602551,3304
244.093,311.1762,3:57:13:606561,3301
245.4702,309.9519,3:57:13:610321,3300
246.8967,308.6693,3:57:13:614343,3300
248.3969,307.2119,3:57:13:618327,3296
249.9217,305.7252,3:57:13:622328,3292
251.4957,304.1511,3:57:13:626327,3290
253.0451,302.5187,3:57:13:630327,3286
254.6683,300.8571,3:57:13:634791,3284
256.2423,299.2248,3:57:13:637802,3282
257.8409,297.5632,3:57:13:642386,3283
259.3657,296.0765,3:57:13:646396,3282
260.8413,294.7648,3:57:13:650395,3282
262.2186,293.628,3:57:13:654396,3280
263.4974,292.666,3:57:13:658508,3277
264.7025,291.9081,3:57:13:662517,3273
265.7601,291.3251,3:57:13:666595,3268
266.793,290.9461,3:57:13:669604,3267
267.6784,290.7712,3:57:13:674607,3265
268.5146,290.6547,3:57:13:678604,3263
269.3016,290.5963,3:57:13:682603,3263
270.0886,290.5963,3:57:13:685605,3263
270.851,290.5963,3:57:13:690603,3265
271.6134,290.5963,3:57:13:694606,3270
272.425,290.5963,3:57:13:698552,3285
273.2366,291.5583,3:57:13:702085,3310
274.0728,291.5583,3:57:13:706085,3349
274.9089,292.6368,3:57:13:710085,3406
275.8681,293.3656,3:57:13:714085,3467
276.7535,294.1818,3:57:13:718083,3531
277.688,295.1146,3:57:13:722331,3588
278.6718,296.2514,3:57:13:726331,3638
279.631,297.4466,3:57:13:730372,3681
280.6147,298.7292,3:57:13:734333,3724
281.5739,300.0992,3:57:13:738606,3761
282.533,301.5568,3:57:13:742120,3803
283.4184,302.956,3:57:13:746522,3844
284.2546,304.4426,3:57:13:750533,3884
285.0416,305.9293,3:57:13:754605,3937
285.7548,307.445,3:57:13:758603,3981
286.4188,308.9026,3:57:13:762603,4024
286.9845,310.3892,3:57:13:766606,4057
287.4763,311.7884,3:57:13:772583,4075
287.919,313.2167,3:57:13:774597,4088
288.2879,314.5868,3:57:13:778584,4095
288.5585,315.8694,3:57:13:782585,4102
288.829,317.1812,3:57:13:786584,4111
289.0258,318.4055,3:57:13:790588,4114
289.1979,319.5714,3:57:13:794273,4117
289.3209,320.6791,3:57:13:798274,4127
289.4438,321.7868,3:57:13:802541,4125
289.5668,322.8654,3:57:13:806541,4130
289.6406,323.9148,3:57:13:810603,4130
289.7635,324.9059,3:57:13:814602,4128
289.8373,325.8387,3:57:13:818603,4129
289.9849,326.5674,3:57:13:822605,4102
290.1325,327.2671,3:57:13:826764,4047
290.28,327.9084,3:57:13:829795,3938
290.5014,328.5497,3:57:13:834551,3775
290.7965,329.0452,3:57:13:838361,3562
291.0916,329.4533,3:57:13:842594,3300
291.4851,329.8322,3:57:13:846605,2974
291.9524,330.1529,3:57:13:850604,2548
292.4197,330.4735,3:57:13:854605,1920
293.0099,330.6484,3:57:13:858726,1209
293.6494,330.7068,3:57:13:861739,607
294.3134,330.7068,3:57:13:866599,0
294.9774,330.7068,3:57:13:870610,0
295.6661,330.7068,3:57:13:874024,0
296.3793,330.7068,3:57:13:878034,0
297.0433,330.0655,3:57:13:882036,0
297.7319,330.0655,3:57:13:886046,0
298.273,330.0655,3:57:13:890196,0
298.7895,329.4241,3:57:13:894206,0
299.3797,329.4241,3:57:13:898266,0
299.97,329.4241,3:57:13:902207,0
300.634,328.7828,3:57:13:906586,0
301.2488,328.7828,3:57:13:910596,0
302.0113,328.1999,3:57:13:914596,0
302.7737,327.8209,3:57:13:918553,0
303.6836,327.4128,3:57:13:922569,0
304.6428,326.9464,3:57:13:926599,0
305.6757,326.3634,3:57:13:930610,0
306.7578,325.693,3:57:13:934599,0
307.84,324.9351,3:57:13:938606,0
308.9959,324.2063,3:57:13:942652,0
310.1272,323.4775,3:57:13:945652,0
311.2093,322.8071,3:57:13:950652,0
312.316,322.1367,3:57:13:953652,0
313.3736,321.5245,3:57:13:958598,0
314.3573,320.9706,3:57:13:962609,0
315.3165,320.4751,3:57:13:966608,0
316.1772,320.0962,3:57:13:970606,0
316.9888,319.7755,3:57:13:974546,0
317.7021,319.5714,3:57:13:978557,0
318.4891,319.3965,3:57:13:983556,0
319.2515,319.2799,3:57:13:986557,0
320.063,319.2508,3:57:13:990557,0
320.8993,319.2508,3:57:13:994557,0
321.76,319.2508,3:57:13:997913,0
322.7684,319.2508,3:57:14:001924,0
323.8997,319.2508,3:57:14:006606,0
325.154,319.2508,3:57:14:010614,0
326.3837,319.2508,3:57:14:014553,0
327.6871,319.2508,3:57:14:018067,0
329.0398,319.2508,3:57:14:022109,0
330.417,318.5512,3:57:14:026113,0
331.8927,318.5512,3:57:14:030156,0
333.2945,317.9099,3:57:14:034110,0
334.7455,317.9099,3:57:14:038603,0
336.1474,317.1228,3:57:14:041613,0
337.5738,317.1228,3:57:14:046603,0
339.0248,316.3066,3:57:14:049969,0
340.4267,315.8986,3:57:14:053939,0
341.8285,315.4904,3:57:14:057941,0
343.255,315.1407,3:57:14:062051,0
344.706,314.7617,3:57:14:065942,0
346.157,314.3828,3:57:14:070614,0
347.6573,314.0621,3:57:14:074629,0
349.1575,313.7706,3:57:14:078604,0
350.7561,313.4208,3:57:14:081964,0
352.33,313.1293,3:57:14:086601,0
353.8795,312.7503,3:57:14:089614,0
355.4781,312.3714,3:57:14:094628,0
357.0029,311.905,3:57:14:097610,0
358.5277,311.4386,3:57:14:102610,0
360.0033,310.8847,3:57:14:105612,0
361.3806,310.3309,3:57:14:110603,0
362.7578,309.6896,3:57:14:114615,0
364.0367,309.0191,3:57:14:118599,0
365.2418,308.2904,3:57:14:122609,0
366.3485,307.5325,3:57:14:125716,0
367.3322,306.7163,3:57:14:130727,0
368.2422,305.8709,3:57:14:133827,0
369.0538,304.9965,3:57:14:138726,0
369.7916,304.0345,3:57:14:142601,0
370.3819,303.1017,3:57:14:145614,0
370.8983,302.1397,3:57:14:150551,0
371.3656,301.2069,3:57:14:153954,0
371.7837,300.2159,3:57:14:158602,0
372.1772,299.3122,3:57:14:161612,0
372.5707,298.4085,3:57:14:165996,0
372.9642,297.5049,3:57:14:169962,0
373.3823,296.6304,3:57:14:174602,0
373.8004,295.7267,3:57:14:178008,0
374.2677,294.8814,3:57:14:182074,0
374.735,294.0944,3:57:14:186008,0
375.2268,293.2781,3:57:14:190071,0
375.6449,292.5203,3:57:14:194008,0
376.063,291.6749,3:57:14:198067,0
376.4073,290.8004,3:57:14:202077,0
376.6533,289.9259,3:57:14:206552,0
376.85,289.0805,3:57:14:210563,0
376.9238,288.1769,3:57:14:214562,0
377.0222,287.1566,3:57:14:218563,0
377.0468,286.1072,3:57:14:222600,0
377.0468,285.0287,3:57:14:225616,0
377.0468,284.0085,3:57:14:230551,0
377.0468,282.959,3:57:14:234559,0
377.0468,281.9388,3:57:14:238462,0
377.0468,280.8894,3:57:14:242439,0
377.0468,279.84,3:57:14:247438,0
377.0468,278.9655,3:57:14:251453,0
377.0468,278.1201,3:57:14:254235,0
376.5549,277.3331,3:57:14:258007,0
376.5549,276.6627,3:57:14:262487,0
376.5549,276.0797,3:57:14:266462,0
376.2352,275.5841,3:57:14:270554,0
376.2352,275.176,3:57:14:274014,0
375.9647,274.8553,3:57:14:278551,0
375.9647,274.5638,3:57:14:282140,0
375.6449,274.3598,3:57:14:286602,0
375.4974,274.1849,3:57:14:290143,0
375.2514,274.0392,3:57:14:294120,0
375.0301,273.9225,3:57:14:298120,0
374.7841,273.8059,3:57:14:302116,0
374.5382,273.7477,3:57:14:306116,0
374.2677,273.6602,3:57:14:310545,0
373.9972,273.6019,3:57:14:314556,0
373.7758,273.4853,3:57:14:318173,0
373.5791,273.3395,3:57:14:322161,0
373.4069,273.1938,3:57:14:326158,0
373.2839,273.048,3:57:14:330159,0
373.161,272.844,3:57:14:334156,0
373.0626,272.64,3:57:14:338193,0
372.9642,272.4067,3:57:14:342545,0
372.9642,272.2027,3:57:14:346173,0
372.9396,271.9403,3:57:14:350546,0
372.9396,271.7072,3:57:14:354468,0
372.9396,271.5323,3:57:14:358598,0
372.9396,271.3282,3:57:14:362609,0
372.9396,271.1824,3:57:14:366047,0
372.9396,271.0659,3:57:14:370047,0
372.9396,270.9784,3:57:14:374045,0
373.5053,270.8618,3:57:14:378044,0
373.5053,270.7744,3:57:14:382595,0
373.5053,270.6577,3:57:14:385606,0
373.9726,270.6286,3:57:14:390597,0
373.9726,270.512,3:57:14:393934,0
374.3415,270.3371,3:57:14:397957,0
374.3415,270.0747,3:57:14:401935,1369
374.3415,269.7541,3:57:14:405936,1384
374.6612,269.3752,3:57:14:409934,1423
374.6612,268.9088,3:57:14:414029,1510
374.6612,268.4132,3:57:14:417955,1630
374.6612,267.8593,3:57:14:422438,1779
374.6612,267.3347,3:57:14:426449,1904
374.6612,266.8683,3:57:14:430588,1993
374.6612,266.4019,3:57:14:433591,2094
374.6612,265.9937,3:57:14:438587,2193
374.6612,265.6731,3:57:14:442587,2319
374.6612,265.4107,3:57:14:446598,2463
374.6612,265.2358,3:57:14:449627,2566
374.6612,265.0318,3:57:14:454599,2624
374.6612,264.9443,3:57:14:457609,2657
374.6612,264.8569,3:57:14:462609,2657
374.6612,264.8278,3:57:14:466608,2649
374.6612,264.8278,3:57:14:470609,2642
374.6612,264.8278,3:57:14:474609,2641
374.6612,264.8278,3:57:14:478624,2648
374.6612,265.848,3:57:14:481626,2666
374.6612,266.4893,3:57:14:486625,2697
374.6612,267.3055,3:57:14:490623,2727
375.276,268.2966,3:57:14:494624,2755
375.276,269.5209,3:57:14:497622,2790
375.7187,270.891,3:57:14:502481,2829
375.7187,272.4067,3:57:14:506491,2880
376.309,274.01,3:57:14:509628,2941
376.6533,275.6715,3:57:14:514657,2996
376.9976,277.3622,3:57:14:518259,3040
377.3665,279.1112,3:57:14:522295,3074
377.7354,280.8603,3:57:14:527117,3104
378.1781,282.5509,3:57:14:530121,3137
378.6208,284.1833,3:57:14:534121,3168
379.1127,285.8449,3:57:14:538119,3202
379.6291,287.4482,3:57:14:542218,3241
380.1456,289.0805,3:57:14:546118,3271
380.7358,290.6547,3:57:14:550550,3303
381.3753,292.2579,3:57:14:554171,3325
382.0639,293.8029,3:57:14:558171,3341
382.7771,295.3186,3:57:14:562146,3356
383.5641,296.7762,3:57:14:566606,3371
384.3019,298.1462,3:57:14:570617,3385
385.1135,299.4288,3:57:14:574618,3396
385.9497,300.5365,3:57:14:578629,3404
386.8351,301.4984,3:57:14:582616,3410
387.6713,302.3146,3:57:14:586623,3416
388.6058,302.956,3:57:14:590604,3423
389.6142,303.4224,3:57:14:594615,3432
390.5487,303.743,3:57:14:598433,3439
391.5571,303.8304,3:57:14:602431,3452
392.5408,303.8304,3:57:14:606430,3457
393.5492,303.8304,3:57:14:610431,3459
394.5575,303.1017,3:57:14:614432,3458
395.5413,303.1017,3:57:14:618431,3458
396.4513,301.7025,3:57:14:622424,3455
397.2874,300.7405,3:57:14:626440,3453
398.1728,299.6328,3:57:14:630450,3448
398.9598,298.292,3:57:14:634435,3442
399.673,296.9219,3:57:14:638434,3453
400.3371,295.4352,3:57:14:642434,3479
400.9273,293.9194,3:57:14:646544,3516
401.4192,292.3162,3:57:14:650449,3549
401.8619,290.7421,3:57:14:654544,3574
402.2554,289.1097,3:57:14:658499,3599
402.5505,287.5648,3:57:14:662603,3625
402.7964,285.9907,3:57:14:666613,3664
402.944,284.4749,3:57:14:670611,3715
403.0424,282.9882,3:57:14:673614,3779
403.1407,281.5307,3:57:14:678775,3861
403.1899,280.1898,3:57:14:682784,3951
403.2391,278.9363,3:57:14:685788,4060
403.2637,277.8578,3:57:14:689785,4183
403.2883,276.925,3:57:14:693785,4308
403.3375,276.1963,3:57:14:697785,4432
403.3621,275.6424,3:57:14:702525,4523
403.4605,275.2343,3:57:14:706533,4577
403.4605,274.972,3:57:14:710557,4597
403.4851,274.8262,3:57:14:714533,4589
403.5096,274.7679,3:57:14:718536,4576
403.5342,274.7679,3:57:14:722535,4567
403.5342,274.7679,3:57:14:726707,4562
403.608,274.7679,3:57:14:729718,4564
403.6326,275.9048,3:57:14:734325,4575
403.7064,276.5461,3:57:14:738328,4582
403.8048,277.4206,3:57:14:742331,4592
403.8786,278.4117,3:57:14:746325,4605
404.0261,279.5485,3:57:14:750427,4622
404.1491,280.8894,3:57:14:754468,4654
404.2721,282.376,3:57:14:758494,4708
404.3459,283.9501,3:57:14:763547,4768
404.4196,285.5826,3:57:14:766458,4847
404.4934,287.4482,3:57:14:770490,4938
404.5426,289.4886,3:57:14:774501,5022
404.5672,291.7332,3:57:14:778491,5112
404.5672,294.0944,3:57:14:782496,5187
404.5672,296.6304,3:57:14:786523,5260
404.5672,299.1373,3:57:14:790092,5323
404.5672,301.7025,3:57:14:794095,5380
404.5672,304.326,3:57:14:798093,5431
404.5672,306.8037,3:57:14:802091,5466
404.5672,309.1649,3:57:14:807092,5500
404.5672,311.3803,3:57:14:810094,5518
404.5672,313.4208,3:57:14:815939,5535
404.5672,315.403,3:57:14:817948,5533
404.5672,317.2394,3:57:14:821948,5535
404.5672,318.9884,3:57:14:826972,5539
404.5672,320.6208,3:57:14:829949,5536
404.5672,322.1658,3:57:14:833950,5552
404.5672,323.6233,3:57:14:838606,5556
404.5672,324.9059,3:57:14:841964,5550
404.5672,326.1594,3:57:14:846597,5496
404.5672,327.2671,3:57:14:850608,5401
404.5672,328.3748,3:57:14:854605,5257
404.5672,329.395,3:57:14:858608,5071
404.5672,330.2695,3:57:14:862608,4863
404.5672,331.0857,3:57:14:866607,4615
404.5672,331.7561,3:57:14:870731,4307
404.5672,332.3975,3:57:14:874248,3927
404.9607,332.8639,3:57:14:878348,3494
404.9607,333.2428,3:57:14:882250,2991
404.9607,333.5052,3:57:14:886247,2364
404.9607,333.5343,3:57:14:890247,1588
404.395,333.5343,3:57:14:894597,897
404.395,333.5343,3:57:14:898624,351
403.3375,333.5343,3:57:14:902533,0
402.5751,332.5432,3:57:14:906473,0
401.6405,332.5432,3:57:14:910473,0
400.6076,331.4355,3:57:14:914471,0
399.4517,330.7942,3:57:14:918595,0
398.2712,330.1529,3:57:14:922605,0
397.0907,329.5407,3:57:14:926595,0
395.9348,328.8412,3:57:14:930111,0
394.7789,328.0833,3:57:14:933757,0
393.6476,327.2671,3:57:14:937753,0
392.5408,326.4508,3:57:14:941753,0
391.4587,325.6346,3:57:14:945753,0
390.4012,324.731,3:57:14:950594,0
389.3683,323.7982,3:57:14:954605,0
388.3107,322.8654,3:57:14:958600,0
387.3762,321.9909,3:57:14:961611,0
386.5154,321.0872,3:57:14:966741,0
385.753,320.3293,3:57:14:970740,0
385.0643,319.5714,3:57:14:973762,0
384.4987,318.901,3:57:14:977745,0
383.9822,318.318,3:57:14:982544,0
383.5887,317.7642,3:57:14:985952,0
383.269,317.3269,3:57:14:990596,0
382.9985,316.9188,3:57:14:993968,0
382.8017,316.5107,3:57:14:998600,0
382.6787,316.1317,3:57:15:002610,0
382.6296,315.7237,3:57:15:006658,0
382.5804,315.3447,3:57:15:009662,0
382.5804,314.9074,3:57:15:014657,0
382.5804,314.4994,3:57:15:017660,0
382.5804,314.033,3:57:15:022715,0
382.5804,313.5374,3:57:15:025751,0
382.5804,313.0127,3:57:15:030603,0
382.5804,312.5172,3:57:15:033615,0
382.5804,311.9633,3:57:15:038837,0
381.8918,311.4386,3:57:15:041847,0
381.8918,310.9431,3:57:15:045928,0
381.1785,310.5058,3:57:15:049849,0
381.1785,310.0685,3:57:15:053849,0
380.3423,309.6896,3:57:15:057882,0
379.9734,309.3981,3:57:15:062670,0
379.6291,309.1649,3:57:15:066670,0
379.2848,309.0191,3:57:15:070601,0
378.9897,308.8734,3:57:15:073614,0
378.9897,308.7568,3:57:15:078548,0
378.5962,308.6985,3:57:15:081924,0
378.5962,308.6111,3:57:15:086549,0
378.3503,308.4944,3:57:15:090560,0
378.3503,308.407,3:57:15:094557,0
378.2027,308.2613,3:57:15:098560,0
378.1535,308.0572,3:57:15:102559,0
378.1289,307.8531,3:57:15:106560,0
378.0551,307.5908,3:57:15:109931,0
378.0305,307.241,3:57:15:113976,0
377.9568,306.9203,3:57:15:118601,0
377.9322,306.5122,3:57:15:121933,0
377.8584,306.1042,3:57:15:125929,0
377.8092,305.6086,3:57:15:129958,0
377.7846,305.1422,3:57:15:134569,0
377.7108,304.5883,3:57:15:138508,0
377.6862,304.0637,3:57:15:142509,0
377.6616,303.4807,3:57:15:146509,0
377.5878,302.956,3:57:15:150600,0
377.5633,302.4312,3:57:15:153944,0
377.5387,301.994,3:57:15:158550,0
377.4895,301.5859,3:57:15:162578,0
377.4895,301.1778,3:57:15:166517,719
377.4649,300.7989,3:57:15:170529,719
377.3665,300.4782,3:57:15:174517,742
377.3173,300.245,3:57:15:178512,803
377.2681,300.041,3:57:15:182602,913
377.2189,299.8077,3:57:15:186617,1054
377.1451,299.5746,3:57:15:190568,1210
377.0468,299.3997,3:57:15:194564,1348
376.9976,299.2248,3:57:15:198529,1467
376.9238,299.1082,3:57:15:202524,1576
376.8746,298.9915,3:57:15:205733,1673
376.85,298.9333,3:57:15:209743,1771
376.7762,298.8458,3:57:15:213619,1870
376.7516,298.7584,3:57:15:218629,1965
376.7025,298.7,3:57:15:221671,2045
376.6533,298.6126,3:57:15:226634,2120
376.5549,298.5543,3:57:15:230876,2179
376.4565,298.4669,3:57:15:233887,2244
376.3336,298.3503,3:57:15:237911,2325
376.2106,298.2628,3:57:15:241887,2418
376.063,298.117,3:57:15:245889,2532
375.8909,297.9421,3:57:15:249886,2654
375.7433,297.7672,3:57:15:254550,2774
375.522,297.6215,3:57:15:258957,2889
375.3498,297.4466,3:57:15:262465,2990
375.1285,297.2134,3:57:15:266496,3074
374.8825,297.0385,3:57:15:270548,3147
374.5874,296.7762,3:57:15:273975,3207
374.3169,296.5138,3:57:15:278549,3256
374.0218,296.2223,3:57:15:282600,3288
373.6774,295.9308,3:57:15:285958,3316
373.3331,295.581,3:57:15:289881,3337
372.9888,295.2603,3:57:15:293881,3352
372.6199,294.9688,3:57:15:297901,3373
372.2756,294.619,3:57:15:301881,3390
371.8821,294.2984,3:57:15:305884,3404
371.464,294.0069,3:57:15:309881,3413
371.0213,293.6862,3:57:15:314879,3425
370.6032,293.453,3:57:15:318130,3433
370.1851,293.249,3:57:15:322466,3445
369.7916,293.1032,3:57:15:326600,3453
369.3981,292.9575,3:57:15:329640,3455
369.0292,292.9283,3:57:15:333812,3456
368.7095,292.9283,3:57:15:338812,3456
368.4144,292.9283,3:57:15:341883,3458
368.0701,292.9283,3:57:15:345815,3458
367.7749,293.7445,3:57:15:349924,3458
367.406,293.7445,3:57:15:353812,3463
367.0371,294.998,3:57:15:358603,3466
366.619,295.8434,3:57:15:362613,3474
366.2255,296.8053,3:57:15:366549,3488
365.8566,297.913,3:57:15:369996,3498
365.4139,299.1082,3:57:15:374280,3513
365.0204,300.3616,3:57:15:378277,3532
364.6269,301.6151,3:57:15:382311,3550
364.3072,302.8102,3:57:15:386278,3573
363.9383,303.9471,3:57:15:390549,3595
363.6186,305.0547,3:57:15:394560,3615
363.3481,306.075,3:57:15:398559,3633
363.0529,306.9786,3:57:15:402563,3649
362.8808,307.7949,3:57:15:406558,3664
362.6594,308.5819,3:57:15:410557,3679
362.5119,309.1649,3:57:15:414102,3690
362.4135,309.7188,3:57:15:418114,3698
362.3397,310.1852,3:57:15:422422,3703
362.3151,310.5349,3:57:15:426432,3705
362.2413,310.7973,3:57:15:430509,3710
362.2413,311.0013,3:57:15:434432,3720
362.2413,311.0888,3:57:15:438509,3746
362.2413,311.1471,3:57:15:441863,3789
362.2413,311.1471,3:57:15:446007,3846
362.2413,311.1471,3:57:15:450007,3916
362.2413,311.1471,3:57:15:454010,3971
362.2413,311.1471,3:57:15:458013,4009
362.2167,311.1471,3:57:15:462592,4024
362.2167,310.36,3:57:15:466108,4024
362.2167,310.36,3:57:15:470214,4021
362.1922,309.4272,3:57:15:474222,4017
362.1676,308.8442,3:57:15:478214,4015
362.0938,308.1738,3:57:15:482213,4011
362.0446,307.3867,3:57:15:485732,4010
361.897,306.5706,3:57:15:490743,4005
361.774,305.7252,3:57:15:494742,4001
361.5773,304.7924,3:57:15:497742,3997
361.2822,303.8304,3:57:15:501742,3991
360.9625,302.781,3:57:15:505741,3988
360.6182,301.6442,3:57:15:509866,3985
360.2247,300.4782,3:57:15:514752,3982
359.7574,299.2539,3:57:15:518360,3980
359.2163,298.0005,3:57:15:522364,3977
358.6507,296.6887,3:57:15:526481,3978
358.1096,295.4644,3:57:15:530366,3987
357.4948,294.3567,3:57:15:534460,4001
356.8799,293.3947,3:57:15:538366,4025
356.2651,292.4911,3:57:15:542472,4066
355.6256,291.704,3:57:15:546483,4121
355.0354,291.0045,3:57:15:550541,4180
354.4697,290.4506,3:57:15:554381,4240
353.8795,290.0425,3:57:15:558597,4288
353.3138,289.6927,3:57:15:562608,4324
352.7236,289.4012,3:57:15:566607,4351
352.1333,289.1389,3:57:15:569611,4372
351.4693,288.9931,3:57:15:574607,4385
350.8298,288.9348,3:57:15:578608,4396
350.092,288.8765,3:57:15:581817,4406
349.3542,288.8765,3:57:15:585843,4417
348.5918,288.8765,3:57:15:590541,4428
347.854,288.8765,3:57:15:594552,4445
347.067,288.8765,3:57:15:598552,4464
346.3292,289.5469,3:57:15:602550,4480
345.616,289.5469,3:57:15:606550,4495
344.8536,290.2174,3:57:15:610550,4506
344.1404,290.2174,3:57:15:614090,4512
343.4517,291.0627,3:57:15:618103,4530
342.7385,291.8206,3:57:15:622414,4543
341.9761,292.666,3:57:15:626424,4554
341.2629,293.6862,3:57:15:630543,4574
340.4759,294.9106,3:57:15:634551,4582
339.6643,296.2806,3:57:15:638182,4599
338.8527,297.8839,3:57:15:642182,4612
338.0165,299.662,3:57:15:646182,4623
337.1803,301.4693,3:57:15:650179,4633
336.3687,303.2474,3:57:15:654677,4637
335.6063,305.0256,3:57:15:657687,4643
334.9177,306.7746,3:57:15:662543,4650
334.3274,308.4653,3:57:15:666555,4657
333.7864,310.0977,3:57:15:670554,4662
333.3929,311.6426,3:57:15:674556,4665
333.024,313.1293,3:57:15:678550,4665
332.7289,314.4994,3:57:15:682554,4662
332.5813,315.8402,3:57:15:685700,4659
332.4337,317.1228,3:57:15:689711,4633
332.3599,318.3471,3:57:15:694710,4584
332.3599,319.5132,3:57:15:697707,4510
332.3599,320.65,3:57:15:702709,4395
332.3599,321.7577,3:57:15:705710,4250
332.3599,322.8362,3:57:15:710737,4051
332.3599,323.8274,3:57:15:713750,3789
332.9502,324.7893,3:57:15:718256,3464
332.9502,325.6346,3:57:15:722269,3083
332.9502,326.4217,3:57:15:726532,2659
333.4421,327.063,3:57:15:730555,2155
333.4421,327.5586,3:57:15:734374,1589
333.4421,327.9375,3:57:15:738386,976
333.4421,328.1707,3:57:15:742460,481
333.4421,328.229,3:57:15:746471,0
333.4421,328.229,3:57:15:750471,0
333.4421,328.229,3:57:15:754468,0
333.4421,328.229,3:57:15:758471,0
333.4421,328.229,3:57:15:762807,0
332.6797,327.2087,3:57:15:766709,0
332.2124,327.2087,3:57:15:769719,0
331.5237,326.1594,3:57:15:773735,0
330.8105,325.5764,3:57:15:777718,0
329.9497,324.9933,3:57:15:781718,0
328.9906,324.3812,3:57:15:785719,0
328.0068,323.8565,3:57:15:790599,0
327.0723,323.4193,3:57:15:793960,0
326.0147,323.4193,3:57:15:797876,0
324.9818,322.982,3:57:15:801919,0
324.0226,322.982,3:57:15:805921,0
323.0881,322.982,3:57:15:809930,0
322.2027,322.982,3:57:15:814943,0
321.4403,322.982,3:57:15:818917,0
320.6779,324.0897,3:57:15:822917,0
319.9893,324.0897,3:57:15:825918,0
319.3253,325.1682,3:57:15:830542,0
318.7842,325.8387,3:57:15:834553,0
318.2185,326.4217,3:57:15:838542,0
317.6775,327.0922,3:57:15:841950,0
317.1856,327.8209,3:57:15:845954,0
316.7183,328.6371,3:57:15:849952,0
316.2018,329.5407,3:57:15:854048,0
315.6854,330.5027,3:57:15:857972,0
315.1935,331.5812,3:57:15:861972,0
314.6524,332.6306,3:57:15:865972,0
314.1114,333.9132,3:57:15:870046,0
313.5949,335.1959,3:57:15:873972,0
313.0784,336.5367,3:57:15:877969,0
312.562,337.8777,3:57:15:881970,0
312.0455,339.2477,3:57:15:886592,0
311.5782,340.5303,3:57:15:889605,0
311.1109,341.8712,3:57:15:894593,0
310.6928,343.1246,3:57:15:897606,0
310.2747,344.3198,3:57:15:902603,0
309.9059,345.4275,3:57:15:906604,0
309.5861,346.4186,3:57:15:910692,0
309.3402,347.2931,3:57:15:913699,0
309.1188,347.9636,3:57:15:918594,0
308.9221,348.5174,3:57:15:921604,986
308.8483,348.9255,3:57:15:926596,985
308.7745,349.1878,3:57:15:930607,994
308.7253,349.3919,3:57:15:934652,1022
308.7253,349.4502,3:57:15:937681,1110
308.7253,349.4502,3:57:15:942652,1247
308.7253,349.4502,3:57:15:946653,1406
308.7253,349.4502,3:57:15:950733,1558
308.7253,349.4502,3:57:15:953744,1676
309.3156,349.4502,3:57:15:957758,1759
309.3156,348.4883,3:57:15:961743,1834
309.7583,348.4883,3:57:15:965811,1910
309.7583,347.5555,3:57:15:969746,1981
310.2502,346.9724,3:57:15:974599,2063
310.2502,346.3311,3:57:15:977639,2138
310.7666,345.6024,3:57:15:981749,2231
310.7666,344.8153,3:57:15:985753,2311
311.2093,343.9409,3:57:15:989753,2386
311.2093,342.9789,3:57:15:993755,2469
311.529,341.9295,3:57:15:998540,2536
311.529,340.7635,3:57:16:002556,2615
311.7504,339.4518,3:57:16:006551,2688
311.8488,338.0234,3:57:16:010555,2737
311.8488,336.4201,3:57:16:014550,2779
311.8979,334.7295,3:57:16:018549,2810
311.8979,332.893,3:57:16:022559,2830
311.8979,330.9691,3:57:16:026549,2844
311.8979,329.0161,3:57:16:030542,2854
311.8979,326.9756,3:57:16:034550,2858
311.8979,324.9351,3:57:16:038542,2857
311.8979,322.8946,3:57:16:042558,2859
311.3077,320.9124,3:57:16:046552,2861
311.3077,318.901,3:57:16:050553,2865
311.3077,316.8605,3:57:16:054550,2875
311.3077,314.9074,3:57:16:058552,2902
310.865,312.9253,3:57:16:062585,2933
310.865,310.9139,3:57:16:066117,2958
310.865,308.8734,3:57:16:070600,2997
310.865,306.8329,3:57:16:074116,3029
310.619,304.7632,3:57:16:078326,3064
310.619,302.6353,3:57:16:082286,3102
310.619,300.3907,3:57:16:086292,3139
310.619,298.2045,3:57:16:090288,3169
310.619,295.96,3:57:16:094504,3188
310.619,293.7445,3:57:16:098526,3203
310.619,291.4709,3:57:16:102360,3200
310.619,289.168,3:57:16:106371,3191
310.619,286.8943,3:57:16:110371,3181
310.619,284.5915,3:57:16:114368,3183
310.619,282.3469,3:57:16:118368,3195
310.619,279.8983,3:57:16:122368,3213
311.3323,277.3331,3:57:16:127414,3227
311.3323,274.6805,3:57:16:130411,3234
312.0947,271.9403,3:57:16:134444,3268
312.562,269.1419,3:57:16:138409,3318
313.0784,266.3727,3:57:16:142411,3388
313.6441,263.6617,3:57:16:146420,3463
314.2343,261.1548,3:57:16:150539,3500
314.8738,258.8228,3:57:16:154512,3514
315.5132,256.7241,3:57:16:158541,3519
316.1772,254.8584,3:57:16:162501,3514
316.8659,253.226,3:57:16:166503,3510
317.4807,251.7103,3:57:16:170500,3507
318.1447,250.4276,3:57:16:174578,3503
318.8334,249.2325,3:57:16:178590,3501
319.522,248.0082,3:57:16:182540,3498
320.2352,246.8714,3:57:16:186561,3496
320.9484,245.6762,3:57:16:190548,3487
321.6862,244.5102,3:57:16:194556,3481
322.4241,243.2859,3:57:16:198569,3475
323.2111,241.9742,3:57:16:202114,3467
324.0472,240.6624,3:57:16:206476,3469
324.9326,239.3215,3:57:16:210491,3467
325.8672,237.9806,3:57:16:214486,3473
326.8264,236.6397,3:57:16:218497,3480
327.8101,235.3571,3:57:16:222490,3484
328.8676,234.1037,3:57:16:226483,3488
330.0727,232.9085,3:57:16:230540,3489
331.45,231.7717,3:57:16:234598,3493
332.9256,230.7222,3:57:16:238588,3497
334.5242,229.7312,3:57:16:242602,3502
336.2458,228.7984,3:57:16:246601,3508
338.0165,227.953,3:57:16:250617,3514
339.9102,227.2242,3:57:16:254685,3516
341.8531,226.5538,3:57:16:258685,3520
343.6731,226.0291,3:57:16:262685,3522
345.4438,225.5918,3:57:16:265688,3524
347.0916,225.2712,3:57:16:270838,3534
348.6656,225.038,3:57:16:273838,3541
350.1658,224.8631,3:57:16:277840,3549
351.6414,224.8048,3:57:16:281840,3558
352.9695,224.8048,3:57:16:285838,3564
354.3221,224.8048,3:57:16:289838,3574
355.6502,224.8048,3:57:16:294593,3585
356.9783,224.8048,3:57:16:298603,3595
358.2572,224.8048,3:57:16:302602,3601
359.536,225.5044,3:57:16:306611,3604
360.8149,225.5044,3:57:16:310601,3612
362.1676,226.2914,3:57:16:314601,3635
363.5694,226.2914,3:57:16:318602,3685
364.9713,227.3992,3:57:16:323616,3745
366.4715,228.0113,3:57:16:326535,3804
368.0209,228.6817,3:57:16:330543,3852
369.6932,229.4397,3:57:16:334545,3880
371.3656,230.1684,3:57:16:338543,3911
373.0626,230.9263,3:57:16:342550,3946
374.7104,231.6842,3:57:16:346571,3984
376.3828,232.5004,3:57:16:350597,4025
377.9568,233.3166,3:57:16:353607,4054
379.457,234.1619,3:57:16:358489,4078
380.8342,235.0073,3:57:16:362492,4100
382.1131,235.9401,3:57:16:366491,4120
383.269,236.8729,3:57:16:370490,4140
384.3019,237.8349,3:57:16:374539,4163
385.2365,238.7968,3:57:16:378502,4191
386.0727,239.8462,3:57:16:382539,4221
386.8105,240.8956,3:57:16:386557,4265
387.4991,242.0616,3:57:16:390719,4317
388.114,243.2276,3:57:16:393724,4372
388.655,244.5394,3:57:16:397721,4442
389.1469,245.9094,3:57:16:402722,4514
389.5404,247.396,3:57:16:405723,4589
389.9585,248.9118,3:57:16:410721,4667
390.3028,250.5443,3:57:16:414034,4748
390.5733,252.3515,3:57:16:417734,4829
390.8685,254.3046,3:57:16:421842,4905
391.0898,256.4326,3:57:16:426856,4979
391.3112,258.5313,3:57:16:430546,5043
391.5079,260.6884,3:57:16:434557,5105
391.7292,262.8747,3:57:16:438965,5166
391.926,265.0318,3:57:16:441974,5227
392.1227,267.1889,3:57:16:445989,5275
392.2949,269.2585,3:57:16:449976,5319
392.4671,271.1824,3:57:16:454259,5357
392.6392,272.9606,3:57:16:458259,5386
392.7622,274.6805,3:57:16:462259,5408
392.9344,276.2545,3:57:16:466257,5429
393.0081,277.7704,3:57:16:470506,5435
393.1065,279.1987,3:57:16:474515,5445
393.2049,280.4521,3:57:16:478633,5450
393.3033,281.589,3:57:16:481644,5459
393.3524,282.6675,3:57:16:486656,5471
393.4262,283.6587,3:57:16:490657,5477
393.4508,284.6206,3:57:16:494655,5494
393.4508,285.4659,3:57:16:498657,5492
393.5,286.253,3:57:16:502660,5485
393.5246,287.0109,3:57:16:506659,5454
393.5246,287.623,3:57:16:509814,5371
393.5246,288.1769,3:57:16:514909,5232
393.5246,288.585,3:57:16:517973,5037
393.5246,288.964,3:57:16:521971,4776
393.5246,289.1389,3:57:16:525971,4449
393.5246,289.3429,3:57:16:529971,4034
393.5246,289.4012,3:57:16:534591,3510
393.5246,289.4304,3:57:16:538593,2783
393.5246,289.4304,3:57:16:542591,1817
393.5246,289.4304,3:57:16:545601,998
393.5246,289.4304,3:57:16:550539,0
393.5246,288.5558,3:57:16:554030,0
392.836,288.5558,3:57:16:558140,0
392.836,287.7979,3:57:16:562137,0
392.836,287.7979,3:57:16:566210,0
392.836,287.0984,3:57:16:570137,0
392.836,287.0984,3:57:16:574589,0
392.836,287.0984,3:57:16:577625,0
392.836,287.0984,3:57:16:582654,0
393.4016,287.0984,3:57:16:585926,0
393.9181,287.0984,3:57:16:590112,0
394.6067,287.0984,3:57:16:594103,0
395.3937,287.0984,3:57:16:598106,0
396.2791,287.9728,3:57:16:602103,0
397.2383,287.9728,3:57:16:606594,0
398.2958,288.585,3:57:16:609951,0
399.4271,288.585,3:57:16:614590,0
400.5584,289.2263,3:57:16:617600,0
401.7143,289.2263,3:57:16:622600,0
402.8702,289.8093,3:57:16:625600,0
403.9769,289.8093,3:57:16:630600,0
405.1082,290.3048,3:57:16:633600,0
406.1658,290.3048,3:57:16:638592,0
407.2233,290.6255,3:57:16:642430,0
408.2563,290.8587,3:57:16:646430,0
409.2892,290.8587,3:57:16:650594,0
410.2975,291.1211,3:57:16:653605,0
411.2813,291.2085,3:57:16:658605,0
412.1913,291.3542,3:57:16:662616,0
413.0766,291.5583,3:57:16:666828,0
413.8882,291.7624,3:57:16:670345,0
414.626,292.0247,3:57:16:674366,0
415.3147,292.287,3:57:16:678342,0
415.9049,292.5786,3:57:16:682441,0
416.446,292.8701,3:57:16:687015,0
416.9132,293.1907,3:57:16:690531,0
417.3559,293.453,3:57:16:694582,0
417.7003,293.6862,3:57:16:697582,0
417.9954,293.8903,3:57:16:702584,0
418.3151,294.0652,3:57:16:706580,0
418.561,294.1818,3:57:16:710597,0
418.8316,294.2401,3:57:16:713931,0
419.0283,294.2401,3:57:16:718560,0
419.2497,294.2401,3:57:16:722578,0
419.4956,294.2401,3:57:16:726562,0
419.7907,294.2401,3:57:16:730561,0
420.0612,294.2401,3:57:16:734563,0
420.381,293.5405,3:57:16:738862,0
420.7253,293.5405,3:57:16:741872,0
421.0942,292.9866,3:57:16:745988,0
421.4631,292.9866,3:57:16:749883,0
421.8812,292.4328,3:57:16:753872,0
422.3731,292.4328,3:57:16:757872,0
422.8403,291.9955,3:57:16:762598,0
423.3076,291.9955,3:57:16:766114,0
423.8487,291.9955,3:57:16:770594,0
424.4389,291.5875,3:57:16:773605,0
425.103,291.5875,3:57:16:778604,0
425.8408,291.5875,3:57:16:782604,0
426.6524,291.2668,3:57:16:786781,0
427.464,291.2668,3:57:16:790041,0
428.3493,290.9461,3:57:16:794179,0
429.3085,290.7712,3:57:16:798165,0
430.2922,290.5381,3:57:16:802167,0
431.2268,290.334,3:57:16:806165,0
432.186,290.0717,3:57:16:810547,0
433.0714,289.7802,3:57:16:814221,0
433.9075,289.5469,3:57:16:818595,0
434.7191,289.2263,3:57:16:821610,0
435.5061,288.8765,3:57:16:826543,0
436.2439,288.5267,3:57:16:830571,0
436.9572,288.1477,3:57:16:834772,0
437.6458,287.7397,3:57:16:837771,0
438.3098,287.3607,3:57:16:841781,0
438.9984,286.9526,3:57:16:845772,0
439.6625,286.6028,3:57:16:850599,0
440.3019,286.2238,3:57:16:853927,0
440.9905,285.8449,3:57:16:857716,0
441.6546,285.5243,3:57:16:861715,0
442.3186,285.1744,3:57:16:865754,0
442.9334,284.8246,3:57:16:869720,0
443.5237,284.4749,3:57:16:873722,0
444.114,284.0959,3:57:16:877733,0
444.6796,283.7169,3:57:16:882606,0
445.2698,283.2505,3:57:16:885606,0
445.8601,282.7841,3:57:16:890544,0
446.4503,282.2595,3:57:16:894556,0
447.0652,281.6765,3:57:16:898552,0
447.7046,281.0352,3:57:16:902558,0
448.3932,280.3647,3:57:16:906621,0
449.0819,279.6651,3:57:16:909634,0
449.7459,278.9363,3:57:16:914544,0
450.3607,278.2368,3:57:16:918556,0
450.951,277.4789,3:57:16:922600,0
451.5659,276.8084,3:57:16:926443,0
452.0823,276.1379,3:57:16:930441,0
452.525,275.5258,3:57:16:934443,0
452.9185,274.972,3:57:16:938441,0
453.2628,274.4472,3:57:16:942441,0
453.6071,273.9808,3:57:16:946596,0
453.9023,273.5144,3:57:16:949609,1272
454.1482,273.0772,3:57:16:954595,1304
454.3695,272.6691,3:57:16:957605,1387
454.5171,272.3484,3:57:16:961834,1544
454.7138,272.0278,3:57:16:965839,1772
454.886,271.7072,3:57:16:969938,2034
455.009,271.4156,3:57:16:973838,2313
455.1565,271.1824,3:57:16:978598,2573
455.2303,271.0075,3:57:16:982608,2812
455.3041,270.8618,3:57:16:986608,3059
455.3533,270.7452,3:57:16:989611,3293
455.4271,270.6577,3:57:16:994625,3515
455.4517,270.6286,3:57:16:998608,3740
455.4517,270.5995,3:57:17:002598,3928
455.5009,270.5703,3:57:17:005929,4103
455.5009,270.5703,3:57:17:009931,4258
455.5009,270.5703,3:57:17:013929,4373
455.5009,270.5703,3:57:17:017934,4455
455.5009,270.5703,3:57:17:021929,4500
455.5009,270.5703,3:57:17:026543,4521
455.5009,270.5703,3:57:17:029730,4528
455.5009,270.5703,3:57:17:034596,4537
455.5009,270.5703,3:57:17:037608,4565
455.5009,270.5703,3:57:17:042606,4620
455.5009,271.6488,3:57:17:046606,4689
455.5009,272.2902,3:57:17:050606,4769
455.5009,273.1646,3:57:17:054606,4841
455.5009,274.1849,3:57:17:058545,4902
455.5009,275.4384,3:57:17:062556,4968
456.0419,276.8958,3:57:17:066556,5033
456.0419,278.5283,3:57:17:070555,5118
456.0419,280.2481,3:57:17:074553,5206
456.0419,282.1137,3:57:17:078555,5297
456.4354,284.0667,3:57:17:082613,5405
456.4354,286.2238,3:57:17:086620,5489
456.6813,288.5558,3:57:17:090656,5574
456.6813,291.0336,3:57:17:094655,5678
456.6813,293.5988,3:57:17:098655,5764
456.8289,296.1349,3:57:17:101654,5868
456.8289,298.7292,3:57:17:105627,5970
456.8289,301.2944,3:57:17:109665,6032
456.8289,303.8013,3:57:17:114090,6089
456.8289,306.2499,3:57:17:118100,6115
456.8289,308.4944,3:57:17:121829,6136
456.8289,310.5933,3:57:17:125836,6155
456.8289,312.5172,3:57:17:130543,6171
456.8289,314.2953,3:57:17:134551,6184
456.8289,315.9568,3:57:17:138849,6187
456.2386,317.4727,3:57:17:141862,6184
456.2386,318.8719,3:57:17:145905,6173
456.2386,320.1544,3:57:17:149859,6162
456.2386,321.3204,3:57:17:153858,6111
455.8452,322.4282,3:57:17:157875,6016
455.8452,323.4775,3:57:17:162547,5849
455.8452,324.4395,3:57:17:166559,5603
455.5746,325.314,3:57:17:170555,5314
455.5746,326.1302,3:57:17:174557,4998
455.3287,326.8007,3:57:17:178558,4655
455.3287,327.3836,3:57:17:182558,4271
455.0828,327.9084,3:57:17:186544,3812
454.886,328.3164,3:57:17:190555,3297
454.7138,328.6079,3:57:17:194553,2720
454.5171,328.8412,3:57:17:198555,2030
454.3449,328.8994,3:57:17:202860,1278
454.1728,328.8994,3:57:17:205873,664
454.0006,328.8994,3:57:17:209890,0
453.8039,328.8994,3:57:17:213873,0
453.6809,328.8994,3:57:17:217880,0
453.558,327.7626,3:57:17:221901,0
453.4596,327.1796,3:57:17:226593,0
453.3366,326.3925,3:57:17:229605,0
453.2382,325.5472,3:57:17:234042,0
453.1153,324.5269,3:57:17:238056,0
452.9923,323.4193,3:57:17:242592,0
452.8447,322.1949,3:57:17:245935,0
452.7217,320.9415,3:57:17:249936,0
452.5496,319.6006,3:57:17:253935,0
452.402,318.2888,3:57:17:257941,0
452.2299,316.9771,3:57:17:261935,0
452.0823,315.6945,3:57:17:266173,0
451.9348,314.4702,3:57:17:270688,0
451.7626,313.3333,3:57:17:274537,0
451.5904,312.1965,3:57:17:278055,0
451.3691,311.2054,3:57:17:282589,0
451.1723,310.2434,3:57:17:286104,0
451.0494,309.3981,3:57:17:290590,0
450.9264,308.5819,3:57:17:294600,0
450.828,307.7949,3:57:17:298599,0
450.8034,307.0661,3:57:17:302601,0
450.8034,306.3957,3:57:17:306613,0
450.8034,305.8127,3:57:17:310594,0
450.8034,305.2005,3:57:17:313933,0
450.8034,304.6466,3:57:17:318597,0
450.8034,304.0637,3:57:17:321643,0
450.8034,303.5098,3:57:17:326622,0
451.3691,302.956,3:57:17:330619,0
451.3691,302.373,3:57:17:334613,0
451.3691,301.7025,3:57:17:338607,0
451.3691,301.032,3:57:17:342199,0
451.3691,300.3325,3:57:17:346199,0
451.7134,299.6328,3:57:17:350199,0
451.7134,298.9624,3:57:17:354201,0
451.7134,298.2628,3:57:17:358590,0
451.7134,297.6215,3:57:17:361953,0
451.7134,296.9802,3:57:17:366080,0
451.7134,296.4846,3:57:17:369974,0
451.1723,295.9891,3:57:17:373980,0
451.1723,295.6685,3:57:17:377976,0
451.1723,295.377,3:57:17:382598,0
451.1723,295.1146,3:57:17:386608,0
451.1723,294.8814,3:57:17:390200,0
451.1723,294.7065,3:57:17:394210,0
451.1723,294.5608,3:57:17:398311,0
451.7626,294.4442,3:57:17:402210,0
451.7626,294.2984,3:57:17:406589,0
451.7626,294.0944,3:57:17:410599,0
452.3774,293.9194,3:57:17:414587,856
452.3774,293.6862,3:57:17:417598,888
452.3774,293.4822,3:57:17:421744,963
452.8693,293.2198,3:57:17:425743,1105
452.8693,292.9283,3:57:17:429863,1333
453.312,292.5786,3:57:17:434759,1584
453.312,292.3162,3:57:17:438592,1853
453.7301,292.0247,3:57:17:442603,2100
453.9514,291.7624,3:57:17:446590,2290
454.2466,291.5,3:57:17:449603,2450
454.4925,291.2668,3:57:17:454591,2586
454.7138,291.0627,3:57:17:458601,2709
454.886,290.917,3:57:17:462599,2836
454.9844,290.8004,3:57:17:466602,2960
455.0828,290.6547,3:57:17:470681,3073
455.1565,290.5963,3:57:17:473692,3168
455.1565,290.5089,3:57:17:478452,3237
455.1565,290.4797,3:57:17:482430,3282
455.1565,290.4506,3:57:17:486468,3304
455.1565,290.3923,3:57:17:490430,3308
454.2466,290.3632,3:57:17:494431,3310
454.2466,290.334,3:57:17:498430,3329
453.0415,290.3048,3:57:17:502589,3368
452.2791,290.3048,3:57:17:506600,3435
451.2953,290.2466,3:57:17:510608,3510
450.2378,290.2466,3:57:17:514600,3585
449.0819,290.2466,3:57:17:518600,3651
447.8768,290.2466,3:57:17:522605,3696
446.6471,290.2466,3:57:17:526122,3736
445.3682,290.2466,3:57:17:530134,3761
444.0894,290.2466,3:57:17:534596,3776
442.7859,290.2466,3:57:17:537606,3791
441.4086,290.2466,3:57:17:542543,3799
439.933,290.2466,3:57:17:546553,3797
438.3836,290.2466,3:57:17:550550,3796
436.6866,290.2466,3:57:17:554551,3792
434.9651,290.2466,3:57:17:558550,3787
433.1451,290.2466,3:57:17:562551,3791
431.3744,290.2466,3:57:17:566599,3803
429.6528,289.5761,3:57:17:570608,3818
428.0296,289.5761,3:57:17:574589,3839
426.5048,289.5761,3:57:17:578591,3872
425.1522,289.5761,3:57:17:582587,3925
423.9962,289.5761,3:57:17:586590,3996
423.0371,289.5761,3:57:17:590588,4082
422.3239,289.5761,3:57:17:594589,4165
421.8074,289.5761,3:57:17:598590,4232
421.3893,289.5761,3:57:17:602601,4285
421.0942,289.5761,3:57:17:606615,4330
420.9466,289.5761,3:57:17:610624,4373
420.922,289.5761,3:57:17:614041,4416
420.922,289.5761,3:57:17:618054,4464
420.922,289.5761,3:57:17:622051,4520
420.922,289.5761,3:57:17:626051,4585
420.922,289.5761,3:57:17:630051,4660
420.922,289.5761,3:57:17:634054,4745
420.922,289.5761,3:57:17:638587,4839
420.922,289.5761,3:57:17:642598,4940
420.922,289.5761,3:57:17:646588,5042
420.922,289.5761,3:57:17:650603,5141
420.922,289.5761,3:57:17:654598,5232
420.922,289.5761,3:57:17:657598,5303
420.922,289.5761,3:57:17:662597,5361
420.922,289.5761,3:57:17:665601,5403
420.922,289.5761,3:57:17:670594,5434
420.922,289.5761,3:57:17:673604,5472
420.922,289.5761,3:57:17:678589,5547
420.922,289.5761,3:57:17:681599,5689
420.922,289.5761,3:57:17:686649,5863
420.922,289.5761,3:57:17:689650,6045
420.922,290.4797,3:57:17:694651,6200
420.922,291.0627,3:57:17:697649,6302
420.4793,291.8498,3:57:17:702590,6379
420.4793,292.8409,3:57:17:706601,6448
420.4793,294.0069,3:57:17:709942,6527
420.0612,295.3186,3:57:17:713952,6611
420.0612,296.8053,3:57:17:717971,6701
419.7907,298.5543,3:57:17:721952,6795
419.7907,300.4782,3:57:17:726954,6875
419.4218,302.5187,3:57:17:729952,6940
419.1513,304.6466,3:57:17:734871,6995
418.8562,306.8912,3:57:17:737881,7046
418.5118,309.1357,3:57:17:742596,7081
418.0938,311.3803,3:57:17:746609,7113
417.6757,313.6248,3:57:17:750597,7141
417.1592,315.7528,3:57:17:753608,7162
416.6427,317.8807,3:57:17:758780,7191
416.1017,319.9796,3:57:17:761790,7216
415.536,321.9326,3:57:17:765815,7239
415.0441,323.8565,3:57:17:769790,7253
414.5522,325.8095,3:57:17:773789,7264
414.0604,327.6169,3:57:17:777790,7273
413.6669,329.4241,3:57:17:782548,7278
413.3226,331.1148,3:57:17:786558,7288
413.0766,332.8055,3:57:17:790556,7288
412.8553,334.3214,3:57:17:794575,7289
412.6585,335.7497,3:57:17:798556,7280
412.5356,337.0906,3:57:17:802559,7260
412.4372,338.2857,3:57:17:806595,7208
412.388,339.2769,3:57:17:811608,7122
412.3142,340.093,3:57:17:813605,6987
412.2896,340.7635,3:57:17:817606,6787
412.265,341.259,3:57:17:822606,6527
412.265,341.638,3:57:17:826596,6194
412.265,341.9004,3:57:17:830139,5808
412.265,342.0461,3:57:17:834588,5395
412.265,342.1335,3:57:17:838108,4980
412.265,342.1335,3:57:17:842658,4512
412.265,342.1335,3:57:17:846664,3941
412.265,342.1335,3:57:17:850663,3185
412.265,342.1335,3:57:17:853665,2104
412.265,340.9967,3:57:17:857664,1171
412.265,340.9967,3:57:17:863664,450
412.265,339.6849,3:57:17:865664,0
412.265,338.8687,3:57:17:869667,0
411.3797,337.9068,3:57:17:873649,0
410.7648,336.8574,3:57:17:877674,0
409.9778,335.8372,3:57:17:882590,0
409.0678,334.7878,3:57:17:885935,0
408.0349,333.9132,3:57:17:890057,0
406.9282,333.0388,3:57:17:893934,0
405.8215,332.2809,3:57:17:897937,0
404.7639,331.6104,3:57:17:901937,0
403.7556,331.0274,3:57:17:906008,0
402.8948,330.561,3:57:17:910017,0
402.0832,330.1237,3:57:17:914094,0
401.3208,329.7448,3:57:17:918091,0
400.6076,329.5116,3:57:17:922093,0
399.919,329.2492,3:57:17:926094,0
399.2303,329.1035,3:57:17:930590,0
398.4433,328.9286,3:57:17:933934,0
397.5826,328.8412,3:57:17:938003,0
396.7464,328.7245,3:57:17:942001,0
395.7872,328.6954,3:57:17:946029,0
394.7297,328.6371,3:57:17:950001,0
393.5492,328.5788,3:57:17:954584,0
392.2949,328.4913,3:57:17:957932,0
390.9914,328.2873,3:57:17:961933,0
389.5896,327.9375,3:57:17:966536,0
388.1877,327.5294,3:57:17:969942,0
386.5646,327.0047,3:57:17:974586,0
384.8676,326.3634,3:57:17:978612,0
383.1214,325.4889,3:57:17:982597,0
381.3753,324.4978,3:57:17:985596,0
379.457,323.3901,3:57:17:990596,0
377.4895,322.1949,3:57:17:993599,0
375.4236,321.029,3:57:17:998718,0
373.2101,319.8338,3:57:18:001731,0
370.9721,318.6386,3:57:18:006593,0
368.6603,317.5018,3:57:18:009920,0
366.3731,316.4232,3:57:18:013919,0
364.0367,315.4613,3:57:18:017942,0
361.6265,314.5868,3:57:18:021920,0
359.2901,313.6831,3:57:18:025923,0
357.0767,312.8669,3:57:18:030594,0
354.9124,312.0508,3:57:18:033604,0
352.8219,311.2928,3:57:18:038652,0
350.7561,310.5058,3:57:18:041654,0
348.641,309.6605,3:57:18:046652,0
346.5997,308.8151,3:57:18:049654,0
344.5338,307.9114,3:57:18:054541,0
342.345,306.9786,3:57:18:057767,0
340.0824,306.0167,3:57:18:062591,0
337.8198,305.0256,3:57:18:065945,0
335.4587,303.9471,3:57:18:070009,0
332.9748,302.8394,3:57:18:074049,0
330.5154,301.7608,3:57:18:078018,0
328.056,300.6823,3:57:18:082019,0
325.5721,299.6328,3:57:18:086594,0
323.1373,298.5543,3:57:18:090614,0
320.7763,297.5049,3:57:18:094648,0
318.3169,296.5429,3:57:18:097652,0
315.8329,295.6976,3:57:18:102648,0
313.349,294.9106,3:57:18:105650,0
310.7174,294.2401,3:57:18:110831,0
308.0859,293.6862,3:57:18:113841,0
305.3806,293.2781,3:57:18:117940,0
302.6015,292.9283,3:57:18:121841,0
299.7732,292.7243,3:57:18:125840,0
297.0433,292.5494,3:57:18:129841,0
294.3872,292.4037,3:57:18:134612,0
291.9032,292.2288,3:57:18:137618,0
289.6406,292.083,3:57:18:141948,0
287.5009,291.8789,3:57:18:145975,0
285.6564,291.5875,3:57:18:149838,0
284.0332,291.1794,3:57:18:153854,0
282.7052,290.6255,3:57:18:158593,0
281.5493,290.0425,3:57:18:161603,0
280.6147,289.3429,3:57:18:167012,0
279.8277,288.585,3:57:18:170025,0
279.1883,287.7105,3:57:18:174087,0
278.6964,286.8069,3:57:18:178025,0
278.3521,285.9615,3:57:18:182021,0
278.1799,285.1161,3:57:18:186022,0
277.9586,284.3582,3:57:18:190540,0
277.8356,283.6003,3:57:18:194088,0
277.7372,282.9008,3:57:18:198592,0
277.6143,282.2886,3:57:18:202603,0
277.4421,281.7347,3:57:18:206717,0
277.2699,281.2683,3:57:18:209718,0
276.9748,280.8603,3:57:18:213717,0
276.6305,280.4813,3:57:18:217718,0
276.237,280.1024,3:57:18:221730,0
275.7205,279.7817,3:57:18:225934,0
275.2041,279.4319,3:57:18:230600,0
274.6138,279.1112,3:57:18:233639,0
273.9744,278.7323,3:57:18:237866,0
273.3595,278.4117,3:57:18:241876,0
272.6955,278.0619,3:57:18:245878,0
271.9577,277.7704,3:57:18:249876,0
271.2691,277.4789,3:57:18:254591,0
270.5804,277.2165,3:57:18:257600,0
269.8672,277.0125,3:57:18:262590,0
269.0556,276.7501,3:57:18:265600,0
268.1703,276.5169,3:57:18:270600,0
267.1619,276.3128,3:57:18:273603,0
266.1044,275.9922,3:57:18:278600,0
265.0468,275.7007,3:57:18:281600,0
263.8909,275.38,3:57:18:286594,0
262.6367,275.0302,3:57:18:289907,0
261.3578,274.6222,3:57:18:293909,0
260.1773,274.1849,3:57:18:297908,0
258.9968,273.7477,3:57:18:301907,0
257.9392,273.223,3:57:18:306922,0
256.9309,272.7566,3:57:18:309904,0
255.9963,272.2902,3:57:18:314583,0
255.111,271.8238,3:57:18:318100,0
254.3732,271.4156,3:57:18:322551,0
253.6599,271.0367,3:57:18:326561,0
252.9959,270.716,3:57:18:330561,0
252.4057,270.3662,3:57:18:334580,0
251.8154,270.1039,3:57:18:338587,0
251.2006,269.8707,3:57:18:341919,0
250.6841,269.6667,3:57:18:346593,0
250.143,269.4626,3:57:18:350604,0
249.6512,269.2585,3:57:18:355603,0
249.1593,269.0545,3:57:18:358602,0
248.692,268.9088,3:57:18:361602,0
248.2247,268.7339,3:57:18:366604,0
247.8066,268.5881,3:57:18:370614,0
247.4131,268.5006,3:57:18:373613,0
247.0688,268.3841,3:57:18:378551,0
246.6753,268.2966,3:57:18:381550,0
246.331,268.18,3:57:18:386551,0
246.0359,268.1217,3:57:18:390549,0
245.7162,268.0051,3:57:18:394589,0
245.3964,267.9468,3:57:18:397599,0
245.1259,267.8593,3:57:18:402535,0
244.8062,267.7136,3:57:18:406536,0
244.5357,267.5678,3:57:18:410541,613
244.2159,267.3347,3:57:18:414535,635
243.9946,267.1306,3:57:18:418533,697
243.7978,266.8974,3:57:18:422545,809
243.6257,266.635,3:57:18:426545,948
243.4289,266.3435,3:57:18:430557,1086
243.306,265.9937,3:57:18:434541,1192
243.2568,265.7022,3:57:18:438544,1286
243.183,265.3816,3:57:18:442546,1381
243.183,265.0901,3:57:18:446563,1460
243.183,264.7403,3:57:18:450589,1537
243.183,264.4196,3:57:18:454126,1574
243.183,264.0407,3:57:18:458586,1583
243.183,263.7201,3:57:18:462586,1592
243.97,263.3702,3:57:18:466586,1621
243.97,263.0787,3:57:18:470586,1672
244.757,262.8164,3:57:18:473691,1751
245.2489,262.6415,3:57:18:477705,1842
245.8145,262.6123,3:57:18:482588,1933
246.4294,262.554,3:57:18:486598,2030
247.0934,262.554,3:57:18:490532,2120
247.8066,262.554,3:57:18:493719,2218
248.5936,262.554,3:57:18:497940,2323
249.4544,263.4868,3:57:18:501947,2427
250.4382,263.4868,3:57:18:505948,2539
251.4711,264.4196,3:57:18:509948,2650
252.627,264.4196,3:57:18:514060,2761
253.9059,265.4107,3:57:18:517949,2873
255.3323,265.9063,3:57:18:522349,2982
256.9309,266.3435,3:57:18:526362,3097
258.6771,266.7516,3:57:18:531095,3214
260.5462,267.1306,3:57:18:534101,3339
262.5383,267.4513,3:57:18:538568,3467
264.7025,267.4513,3:57:18:542577,3600
267.0389,267.8885,3:57:18:546575,3722
269.6213,267.8885,3:57:18:550575,3829
272.3266,268.2383,3:57:18:554740,3925
275.2041,268.3841,3:57:18:557752,4012
278.2537,268.5298,3:57:18:562594,4090
281.4509,268.7047,3:57:18:565604,4167
284.8202,268.8504,3:57:18:570601,4242
288.1896,269.0545,3:57:18:574603,4310
291.6819,269.2585,3:57:18:577603,4370
295.2726,269.5209,3:57:18:582617,4419
299.0354,269.8124,3:57:18:586223,4453
302.872,270.1039,3:57:18:590233,4482
306.8316,270.4537,3:57:18:594254,4508
310.9388,270.7744,3:57:18:598233,4527
315.0951,271.0659,3:57:18:602233,4560
319.3745,271.3282,3:57:18:606234,4594
323.8259,271.5905,3:57:18:610233,4631
328.3512,271.7363,3:57:18:614236,4686
332.9748,271.882,3:57:18:618234,4747
337.6722,271.9695,3:57:18:622233,4811
342.4188,271.9987,3:57:18:626537,4893
347.0916,271.9987,3:57:18:630547,4980
351.912,271.9987,3:57:18:634224,5070
356.8553,271.9987,3:57:18:638230,5161
361.8232,271.9987,3:57:18:642232,5262
366.7912,271.9987,3:57:18:646230,5374
371.7591,271.9987,3:57:18:650595,5504
376.7025,271.3865,3:57:18:654607,5657
381.7196,271.3865,3:57:18:658605,5803
386.9089,271.3865,3:57:18:661607,5949
392.1719,270.8326,3:57:18:665739,6089
397.4596,270.8326,3:57:18:670724,6219
402.6981,270.4537,3:57:18:673771,6351
407.789,270.4537,3:57:18:677722,6464
412.8307,270.0747,3:57:18:682533,6562
417.7986,270.0747,3:57:18:685733,6643
422.5698,269.6667,3:57:18:690124,6710
427.1197,269.4626,3:57:18:694104,6782
431.4727,269.2003,3:57:18:698103,6851
435.5307,268.967,3:57:18:702104,6909
439.3427,268.7047,3:57:18:705773,6957
443.0564,268.5006,3:57:18:710803,6985
446.4258,268.2675,3:57:18:713724,6998
449.5492,268.0926,3:57:18:718723,7008
452.4512,267.9468,3:57:18:721724,7011
455.1565,267.8302,3:57:18:726725,7016
457.5421,267.7427,3:57:18:730582,7017
459.6818,267.7136,3:57:18:734593,7017
461.5755,267.6844,3:57:18:738244,7017
463.1741,267.6844,3:57:18:742241,7015
464.6005,267.6844,3:57:18:746683,7015
465.8056,267.6844,3:57:18:749686,7011
466.7402,267.6844,3:57:18:753699,7007
467.4288,267.6844,3:57:18:757685,7000
467.9207,267.6844,3:57:18:762591,6996
468.265,267.6844,3:57:18:765601,6995
468.4864,267.6844,3:57:18:770193,6999
468.6093,267.6844,3:57:18:774210,7003
468.6339,267.6844,3:57:18:778230,7004
468.6339,267.6844,3:57:18:782244,7011
468.6339,267.6844,3:57:18:786313,7011
468.6339,267.6844,3:57:18:790241,7012
468.6339,267.6844,3:57:18:794580,7019
468.6339,267.6844,3:57:18:798597,7019
468.6339,267.6844,3:57:18:802599,7024
468.6339,267.6844,3:57:18:806611,7029
468.6339,267.6844,3:57:18:810609,7027
468.6339,267.6844,3:57:18:813611,7033
468.6339,267.6844,3:57:18:818609,7037
468.6339,267.6844,3:57:18:821611,7043
468.6339,267.6844,3:57:18:826587,7058
468.6339,267.6844,3:57:18:829598,7064
468.6339,267.6844,3:57:18:834582,7075
468.6339,267.6844,3:57:18:838592,7082
468.6339,267.6844,3:57:18:842592,7085
468.6339,267.6844,3:57:18:846592,7087
468.6339,267.6844,3:57:18:850592,7087
468.6339,267.6844,3:57:18:854590,7092
468.6339,267.6844,3:57:18:858562,7091
468.6339,267.6844,3:57:18:862557,7094
468.6339,267.6844,3:57:18:866547,7087
468.6339,267.6844,3:57:18:870554,7057
468.6339,267.6844,3:57:18:874536,6991
468.6339,267.6844,3:57:18:878558,6857
468.6339,267.6844,3:57:18:882581,6604
468.6339,267.6844,3:57:18:885595,6203
468.6339,267.6844,3:57:18:890592,5683
468.6339,267.6844,3:57:18:894602,5080
468.6339,267.6844,3:57:18:898593,4391
468.6339,267.6844,3:57:18:902590,3644
468.6339,267.6844,3:57:18:906597,2739
468.6339,267.6844,3:57:18:909603,1704
467.9945,267.6844,3:57:18:914538,878
467.9945,267.6844,3:57:18:918549,0
467.0845,267.6844,3:57:18:922569,0
466.3959,267.0723,3:57:18:926547,0
465.5351,267.0723,3:57:18:930589,0
464.5513,266.635,3:57:18:933975,0
463.4938,266.635,3:57:18:938538,0
462.2887,266.1104,3:57:18:942569,0
461.1082,266.1104,3:57:18:946708,0
459.9031,265.7022,3:57:18:949707,0
458.7964,265.7022,3:57:18:953710,0
457.7143,265.4107,3:57:18:958712,0
456.6567,265.4107,3:57:18:962705,0
455.6238,265.4107,3:57:18:965714,0
454.5417,265.4107,3:57:18:969766,0
453.4596,265.4107,3:57:18:973714,0
452.4512,265.4107,3:57:18:977805,0
451.3445,265.4107,3:57:18:981714,0
450.2132,266.0521,3:57:18:986593,0
449.1065,266.0521,3:57:18:990601,0
448.0981,266.0521,3:57:18:994669,0
447.1144,266.6059,3:57:18:997669,0
446.2044,266.6059,3:57:19:002666,0
445.3682,266.6059,3:57:19:005671,0
444.4583,267.1598,3:57:19:010592,0
443.6467,267.1598,3:57:19:013682,0
442.8351,267.5678,3:57:19:018542,0
441.9743,267.5678,3:57:19:022061,0
441.0397,267.8885,3:57:19:026158,0
440.0314,268.0926,3:57:19:030058,0
439.1952,268.2383,3:57:19:034064,0
438.4574,268.5006,3:57:19:038056,0
