285.0908,240.8956,6:24:27:457203,0
285.0908,240.8956,6:24:27:460212,0
285.0908,240.8956,6:24:27:464212,0
285.0908,240.8956,6:24:27:468212,0
284.3283,240.0794,6:24:27:473221,0
284.3283,240.0794,6:24:27:476898,0
283.32,239.3798,6:24:27:480832,0
282.7052,239.3798,6:24:27:484841,0
281.9427,238.4762,6:24:27:488853,0
281.1558,238.4762,6:24:27:492843,0
280.3933,237.5725,6:24:27:496860,0
279.631,237.1353,6:24:27:500878,0
278.9177,236.698,6:24:27:504815,0
278.1799,236.2025,6:24:27:507825,0
277.5159,235.7652,6:24:27:512823,0
276.8026,235.3279,6:24:27:516822,0
276.1878,234.8033,6:24:27:520822,0
275.5238,234.366,6:24:27:524825,0
274.9089,233.8996,6:24:27:528822,0
274.2941,233.4332,6:24:27:532866,0
273.7039,233.0251,6:24:27:536869,0
273.0644,232.5296,6:24:27:540879,0
272.5233,232.0923,6:24:27:544879,0
272.0069,231.6259,6:24:27:548879,0
271.392,231.1304,6:24:27:553167,0
270.9247,230.6931,6:24:27:556177,0
270.4821,230.1684,6:24:27:560177,0
270.0886,229.6437,6:24:27:565177,0
269.7443,229.1481,6:24:27:568177,0
269.4491,228.536,6:24:27:572870,0
269.2032,227.953,6:24:27:576856,0
269.0556,227.2825,6:24:27:580864,0
269.0556,226.5538,6:24:27:584869,0
269.0556,225.7668,6:24:27:587866,0
269.0556,224.8631,6:24:27:592864,0
269.0556,223.8428,6:24:27:596874,0
269.6705,222.7643,6:24:27:600896,0
269.6705,221.6566,6:24:27:604873,0
270.6788,220.4615,6:24:27:607883,0
271.1707,219.2955,6:24:27:612883,0
271.7855,217.9545,6:24:27:615883,0
272.5233,216.5845,6:24:27:620881,0
273.2612,215.2144,6:24:27:624882,0
274.0974,213.8736,6:24:27:628869,0
274.9089,212.5618,6:24:27:632877,0
275.6959,211.1917,6:24:27:636969,0
276.4829,209.8217,6:24:27:640977,0
277.2945,208.4516,6:24:27:643979,0
278.1061,207.2274,6:24:27:648979,0
278.8439,206.0322,6:24:27:651982,0
279.6064,204.9245,6:24:27:655982,0
280.295,203.8459,6:24:27:659979,0
281.0082,202.8548,6:24:27:665249,0
281.6722,201.8638,6:24:27:668259,0
282.3116,200.9018,6:24:27:672259,0
282.9511,199.9982,6:24:27:676262,0
283.5414,199.0362,6:24:27:680259,0
284.1316,198.1034,6:24:27:684259,0
284.7218,197.1998,6:24:27:688770,0
285.3121,196.1795,6:24:27:692867,0
285.8777,195.1884,6:24:27:696878,0
286.468,194.1098,6:24:27:700878,0
287.0337,193.0022,6:24:27:704878,0
287.5993,191.8945,6:24:27:708877,0
288.0912,190.7576,6:24:27:711897,0
288.6323,189.5333,6:24:27:716886,0
289.1241,188.309,6:24:27:719891,0
289.5668,187.0847,6:24:27:724815,0
290.0095,185.8313,6:24:27:728268,0
290.403,184.6069,6:24:27:732922,0
290.7227,183.4993,6:24:27:736466,0
290.9933,182.3041,6:24:27:740436,0
291.2638,181.1673,6:24:27:744436,0
291.4113,179.9721,6:24:27:748435,810
291.5343,178.8644,6:24:27:752783,842
291.5343,177.9025,6:24:27:756316,936
291.5343,177.0571,6:24:27:760319,1063
291.5343,176.2992,6:24:27:764879,1186
291.5343,175.5996,6:24:27:767889,1272
291.5343,175.1624,6:24:27:771888,1293
291.5343,174.8708,6:24:27:775889,1272
291.5343,174.7542,6:24:27:780887,1246
291.5343,174.7542,6:24:27:784889,1246
291.067,174.7542,6:24:27:788938,1267
291.067,175.483,6:24:27:791951,1315
291.067,176.1826,6:24:27:795950,1417
290.6244,177.0862,6:24:27:799948,1514
290.6244,178.3689,6:24:27:804948,1626
290.1325,180.0887,6:24:27:807948,1753
289.8865,182.2166,6:24:27:811947,1857
289.6406,184.7236,6:24:27:816947,1963
289.4193,187.5511,6:24:27:820446,2058
289.2225,190.6993,6:24:27:824443,2151
289.2225,193.9933,6:24:27:828445,2241
289.075,197.5204,6:24:27:832444,2333
289.075,201.1059,6:24:27:837001,2425
289.075,204.7787,6:24:27:841011,2515
289.075,208.6266,6:24:27:844129,2607
289.075,212.6201,6:24:27:849033,2701
289.7635,216.8177,6:24:27:852080,2792
289.7635,221.0153,6:24:27:856011,2864
290.3538,225.2712,6:24:27:860862,2924
290.3538,229.5562,6:24:27:863872,2980
290.9687,233.7247,6:24:27:868812,3019
290.9687,237.7474,6:24:27:872754,3060
291.6573,241.6243,6:24:27:876751,3106
292.0016,245.1515,6:24:27:880754,3139
292.3459,248.562,6:24:27:884753,3174
292.6656,251.9143,6:24:27:888753,3199
293.0345,255.1499,6:24:27:892860,3209
293.4034,258.2982,6:24:27:896868,3216
293.7477,261.4172,6:24:27:900868,3219
294.0921,264.3322,6:24:27:904869,3226
294.5102,267.0723,6:24:27:908870,3235
294.8545,269.6667,6:24:27:911873,3239
295.1988,271.9695,6:24:27:916808,3248
295.4939,273.9225,6:24:27:920827,3253
295.8136,275.6424,6:24:27:924816,3250
296.0596,277.1582,6:24:27:928819,3253
296.3055,278.4117,6:24:27:932819,3246
296.5269,279.4902,6:24:27:936820,3231
296.7236,280.3647,6:24:27:940030,3193
296.8712,281.1226,6:24:27:945046,3116
297.0679,281.7347,6:24:27:949030,2999
297.2155,282.2303,6:24:27:953048,2823
297.3384,282.5801,6:24:27:956870,2596
297.4368,282.9008,6:24:27:959908,2374
297.5352,283.0757,6:24:27:964907,2128
297.5844,283.1339,6:24:27:968907,1740
297.6827,283.1339,6:24:27:972860,1231
297.7565,283.1339,6:24:27:976871,718
297.7565,282.1137,6:24:27:980868,274
297.7565,281.3267,6:24:27:984454,0
297.7565,280.2481,6:24:27:988460,0
297.7565,278.8781,6:24:27:992457,0
297.1663,277.1582,6:24:27:996487,0
297.1663,275.1177,6:24:28:000858,0
296.4777,272.9023,6:24:28:004374,0
296.4777,270.4828,6:24:28:008284,0
295.6661,267.976,6:24:28:012294,0
295.2726,265.2942,6:24:28:016294,0
294.8791,262.6415,6:24:28:020295,0
294.5348,259.9597,6:24:28:024861,0
294.215,257.3945,6:24:28:027872,0
293.9691,254.8293,6:24:28:032872,0
293.9691,252.3807,6:24:28:036189,0
293.6494,250.0487,6:24:28:040967,0
293.6494,247.8624,6:24:28:043968,0
293.4772,245.8802,6:24:28:047994,0
293.4772,243.9855,6:24:28:051968,0
293.3788,242.2657,6:24:28:056865,0
293.3051,240.8082,6:24:28:059878,0
293.1821,239.4673,6:24:28:064858,0
293.0345,238.243,6:24:28:067995,0
292.764,237.1935,6:24:28:071991,0
292.4197,236.319,6:24:28:075992,0
292.0016,235.4737,6:24:28:080007,0
291.5589,234.7158,6:24:28:083995,0
291.067,234.0453,6:24:28:087992,0
290.5014,233.4332,6:24:28:091992,0
289.9357,232.7919,6:24:28:095992,0
289.3209,232.2381,6:24:28:099992,0
288.706,231.6842,6:24:28:103992,0
288.0912,231.1012,6:24:28:108024,0
287.4518,230.5473,6:24:28:112867,0
286.7877,229.9061,6:24:28:116878,0
286.0991,229.2065,6:24:28:120881,0
285.3859,228.536,6:24:28:123921,0
284.6235,227.7198,6:24:28:128862,0
283.8857,226.8161,6:24:28:132871,0
283.0987,225.6793,6:24:28:136872,864
282.3116,224.5133,6:24:28:140871,882
281.5493,223.3181,6:24:28:143873,906
280.7377,222.1521,6:24:28:148871,944
279.8769,221.0153,6:24:28:152787,997
279.0407,219.9951,6:24:28:156799,1059
278.1799,219.0914,6:24:28:160872,1138
277.1962,218.3918,6:24:28:164882,1218
276.2616,217.9254,6:24:28:168882,1309
275.3024,217.5173,6:24:28:171890,1405
274.1957,217.1675,6:24:28:176892,1501
273.0398,216.9635,6:24:28:179892,1615
271.9823,216.7594,6:24:28:184892,1718
270.851,216.5553,6:24:28:188890,1802
269.6459,216.3513,6:24:28:192860,1883
268.4162,216.1764,6:24:28:196868,1945
267.0143,216.0307,6:24:28:200200,2001
265.5141,215.9432,6:24:28:204200,2054
263.9155,215.914,6:24:28:208201,2096
262.2432,215.8849,6:24:28:212200,2147
260.3003,215.8849,6:24:28:216809,2205
258.2344,215.8849,6:24:28:220230,2266
256.1193,215.8849,6:24:28:224614,2320
253.8567,216.5845,6:24:28:228614,2362
251.5941,216.5845,6:24:28:232614,2397
249.2331,217.4007,6:24:28:236615,2434
246.995,217.9837,6:24:28:241128,2487
244.757,218.7416,6:24:28:244141,2547
242.7157,219.5869,6:24:28:248138,2608
240.7728,220.6072,6:24:28:252139,2667
238.9283,221.8024,6:24:28:257154,2712
237.2067,223.1432,6:24:28:260144,2757
235.6327,224.5716,6:24:28:265051,2795
234.1571,226.1457,6:24:28:268064,2826
232.7798,227.6906,6:24:28:272857,2853
231.5993,229.2356,6:24:28:276869,2867
230.4188,230.8389,6:24:28:280868,2884
229.3367,232.3546,6:24:28:284865,2903
228.5005,233.8705,6:24:28:288866,2922
227.8119,235.3571,6:24:28:292865,2944
227.3692,236.7563,6:24:28:296862,2969
227.1233,238.1263,6:24:28:300882,2990
227.0987,239.4381,6:24:28:304940,3015
227.0987,240.6915,6:24:28:307941,3041
227.7135,241.8284,6:24:28:312940,3057
228.3776,242.9361,6:24:28:315940,3075
229.2629,243.8981,6:24:28:320863,3088
230.3451,244.7434,6:24:28:324873,3101
231.6239,245.5304,6:24:28:329054,3117
233.0258,246.1718,6:24:28:332062,3125
234.649,246.609,6:24:28:337064,3133
236.3705,246.9879,6:24:28:341066,3136
238.2888,247.1628,6:24:28:344170,3137
240.3055,247.192,6:24:28:348063,3141
242.4944,247.192,6:24:28:353069,3142
244.8308,247.192,6:24:28:356079,3143
247.241,247.192,6:24:28:360864,3147
249.7495,246.0843,6:24:28:363877,3150
252.2827,246.0843,6:24:28:368237,3150
254.8158,244.9474,6:24:28:372251,3149
257.2752,244.3062,6:24:28:376995,3147
259.6362,243.6066,6:24:28:380039,3142
261.8742,242.907,6:24:28:384005,3141
263.7926,242.2074,6:24:28:388008,3136
265.5387,241.5369,6:24:28:392179,3127
267.1373,240.8665,6:24:28:396130,3113
268.49,240.196,6:24:28:400186,3076
269.6705,239.5838,6:24:28:404129,3015
270.6788,238.9426,6:24:28:408855,2923
271.4166,238.3304,6:24:28:412865,2804
272.0807,237.7182,6:24:28:416865,2663
272.6463,237.0478,6:24:28:420865,2497
273.1136,236.4357,6:24:28:424863,2300
273.4579,235.7361,6:24:28:427865,2033
273.6793,235.0656,6:24:28:431933,1703
273.7284,234.366,6:24:28:436944,1328
273.7284,233.6373,6:24:28:440791,936
273.7284,232.9377,6:24:28:444826,574
273.7284,232.2381,6:24:28:448810,298
273.1382,231.5093,6:24:28:452802,118
273.1382,230.8097,6:24:28:456828,0
272.1299,230.1393,6:24:28:460801,0
271.4904,229.4397,6:24:28:464870,0
270.8264,228.7692,6:24:28:468880,0
270.0148,228.1279,6:24:28:472860,0
269.0556,227.4574,6:24:28:476872,0
267.9735,226.8745,6:24:28:481098,0
266.793,226.3206,6:24:28:485096,0
265.5387,225.7668,6:24:28:489096,0
264.1861,225.2129,6:24:28:494116,0
262.7104,224.6882,6:24:28:498095,0
261.1364,224.1344,6:24:28:500095,0
259.4886,223.5805,6:24:28:504711,0
257.8409,223.0558,6:24:28:508721,0
256.1193,222.4728,6:24:28:512193,0
254.3978,221.8898,6:24:28:516120,0
252.6516,221.2485,6:24:28:520120,0
250.8562,220.6072,6:24:28:524118,0
249.1101,219.9659,6:24:28:528853,0
247.2656,219.3246,6:24:28:531864,0
245.3472,218.6541,6:24:28:536231,0
243.5027,217.9545,6:24:28:540238,0
241.5352,217.2258,6:24:28:544302,0
239.5185,216.4388,6:24:28:548238,0
237.4772,215.6225,6:24:28:552342,0
235.5098,214.748,6:24:28:556238,0
233.4931,213.8736,6:24:28:560854,0
231.5256,212.9699,6:24:28:564190,0
229.7302,212.0954,6:24:28:568568,0
227.8365,211.25,6:24:28:572341,0
226.1395,210.4339,6:24:28:576858,0
224.5163,209.6759,6:24:28:580866,0
223.0161,208.9472,6:24:28:584869,0
221.4667,208.2184,6:24:28:588866,0
220.0649,207.548,6:24:28:592868,0
218.6876,206.8775,6:24:28:595871,0
217.3596,206.2654,6:24:28:600859,0
216.0807,205.7115,6:24:28:604869,0
214.7526,205.216,6:24:28:608878,0
213.5967,204.7496,6:24:28:612912,0
212.49,204.1083,6:24:28:616926,0
211.4571,203.467,6:24:28:620912,1568
210.5471,202.8257,6:24:28:624917,1575
209.7601,202.097,6:24:28:628858,1623
209.1452,201.4556,6:24:28:632867,1709
208.678,200.8143,6:24:28:635993,1795
208.3337,200.1439,6:24:28:640004,1870
208.0877,199.6192,6:24:28:644105,1900
207.9402,199.2986,6:24:28:649009,1884
207.891,199.1528,6:24:28:652764,1877
207.8172,199.1528,6:24:28:656802,1870
207.8172,199.1528,6:24:28:661351,1869
207.8172,199.8815,6:24:28:664361,1889
207.8172,199.8815,6:24:28:668361,1920
207.8172,201.3099,6:24:28:672361,1982
207.8172,202.3302,6:24:28:676476,2070
208.4566,203.6419,6:24:28:680361,2169
208.4566,205.1577,6:24:28:684865,2284
208.4566,206.8775,6:24:28:688875,2381
209.0961,208.8598,6:24:28:692291,2467
209.0961,211.046,6:24:28:696288,2552
209.5388,213.5237,6:24:28:700291,2619
209.5388,216.293,6:24:28:704291,2681
210.0798,219.2955,6:24:28:708957,2738
210.3503,222.4728,6:24:28:711967,2772
210.6947,225.7668,6:24:28:716968,2798
211.039,229.0898,6:24:28:719968,2827
211.4079,232.3546,6:24:28:723970,2841
211.826,235.5029,6:24:28:727970,2863
212.2932,238.4762,6:24:28:732737,2874
212.7605,241.2746,6:24:28:736748,2885
213.2278,243.8981,6:24:28:740747,2902
213.6951,246.3466,6:24:28:744756,2919
214.1624,248.6203,6:24:28:748747,2941
214.6297,250.8649,6:24:28:752747,2954
215.0969,253.1386,6:24:28:756745,2960
215.5642,255.4123,6:24:28:760745,2965
216.0069,257.686,6:24:28:764745,2959
216.425,259.7556,6:24:28:768750,2917
216.8185,261.6795,6:24:28:772747,2813
217.2366,263.4577,6:24:28:776771,2630
217.5317,265.0901,6:24:28:780805,2353
217.8514,266.4601,6:24:28:784501,2001
218.122,267.5678,6:24:28:788859,1566
218.3433,268.3257,6:24:28:792868,1115
218.5647,268.8504,6:24:28:796869,655
218.7368,269.1128,6:24:28:799869,309
218.8598,269.1128,6:24:28:804867,0
218.909,269.1128,6:24:28:808880,0
218.9828,268.2966,6:24:28:812856,0
219.0073,267.3638,6:24:28:816867,0
219.0073,266.0812,6:24:28:820525,0
219.0073,264.4488,6:24:28:824524,0
219.0073,262.5249,6:24:28:828523,0
218.4171,260.3387,6:24:28:832545,0
218.4171,257.8318,6:24:28:836781,0
218.4171,255.0916,6:24:28:840006,0
217.8514,252.235,6:24:28:844857,0
217.8514,249.2616,6:24:28:848881,0
217.8514,246.23,6:24:28:852867,0
217.8514,243.2276,6:24:28:856865,0
217.8514,240.1669,6:24:28:859867,0
217.8514,237.1644,6:24:28:864854,0
217.8514,234.2785,6:24:28:868210,0
218.6138,231.4801,6:24:28:872128,0
218.6138,228.7401,6:24:28:876128,0
219.45,226.0874,6:24:28:880240,0
219.9665,223.5805,6:24:28:884126,0
220.5813,221.1319,6:24:28:888864,0
221.2208,218.7416,6:24:28:891874,0
221.934,216.4388,6:24:28:896314,0
222.6718,214.2816,6:24:28:900314,0
223.4096,212.2995,6:24:28:904346,0
224.2458,210.5213,6:24:28:908314,0
225.0574,208.918,6:24:28:912864,0
225.869,207.4897,6:24:28:916208,0
226.7298,206.3237,6:24:28:920766,0
227.4922,205.3618,6:24:28:924768,0
228.2546,204.6622,6:24:28:928777,0
228.9678,204.0791,6:24:28:932800,0
229.6073,203.7002,6:24:28:936769,0
230.0253,203.467,6:24:28:941210,0
230.3697,203.4087,6:24:28:944221,0
230.4926,203.3795,6:24:28:948220,0
230.4926,203.2921,6:24:28:952220,0
230.4926,203.1463,6:24:28:956302,1566
229.8532,203.0006,6:24:28:960219,1566
229.8532,202.884,6:24:28:964878,1566
228.7219,202.7383,6:24:28:968419,1573
228.0087,202.5925,6:24:28:972865,1577
227.1233,202.4467,6:24:28:975878,1592
226.1887,202.3302,6:24:28:980561,1621
225.205,202.3302,6:24:28:984459,1657
224.172,202.3302,6:24:28:988457,1707
223.0899,202.3302,6:24:28:992456,1767
221.9832,203.0298,6:24:28:996704,1837
220.8519,203.0298,6:24:29:000736,1920
219.696,203.0298,6:24:29:004819,2014
218.5647,203.7294,6:24:29:008886,2111
217.4579,203.7294,6:24:29:012177,2202
216.3266,203.7294,6:24:29:016057,2278
215.1461,203.7294,6:24:29:021058,2340
213.941,204.2249,6:24:29:024056,2378
212.6868,204.2249,6:24:29:028828,2403
211.4571,204.2249,6:24:29:032836,2418
210.2274,204.2249,6:24:29:036842,2423
209.0223,204.2249,6:24:29:042850,2430
207.8172,204.2249,6:24:29:045861,2435
206.6367,204.2249,6:24:29:048838,2437
205.4316,204.2249,6:24:29:052619,2444
204.1527,204.2249,6:24:29:056629,2449
202.923,204.2249,6:24:29:060733,2452
201.5704,204.2249,6:24:29:064692,2455
200.2423,203.5836,6:24:29:068694,2453
198.8405,203.5836,6:24:29:072695,2459
197.414,202.8548,6:24:29:077055,2467
196.0122,202.3593,6:24:29:080065,2476
194.6103,201.7763,6:24:29:084064,2491
193.2823,201.1059,6:24:29:088065,2501
191.9788,200.2896,6:24:29:092078,2511
190.7983,199.3568,6:24:29:097063,2517
189.667,198.3074,6:24:29:100739,2516
188.6095,197.0831,6:24:29:104744,2514
187.6257,195.6257,6:24:29:108962,2505
186.7157,193.9641,6:24:29:111976,2493
185.9042,192.011,6:24:29:116213,2482
185.2155,189.7957,6:24:29:120213,2480
184.6253,187.4928,6:24:29:124212,2474
184.0842,185.0733,6:24:29:128214,2470
183.6907,182.6248,6:24:29:132781,2463
183.3956,180.147,6:24:29:136789,2444
183.248,177.7858,6:24:29:140810,2435
183.1743,175.5704,6:24:29:144789,2422
183.1743,173.6174,6:24:29:148789,2411
183.1743,171.8976,6:24:29:152806,2402
183.1743,170.3235,6:24:29:156778,2389
183.8137,168.9534,6:24:29:160803,2386
183.8137,167.7291,6:24:29:164857,2385
184.6499,166.6505,6:24:29:168868,2388
185.1418,165.6303,6:24:29:172896,2395
185.7812,164.7267,6:24:29:175902,2397
186.4698,163.823,6:24:29:180860,2398
187.2076,162.9193,6:24:29:183868,2394
188.1176,161.9865,6:24:29:188885,2384
189.0768,161.0246,6:24:29:191868,2379
190.1835,160.0627,6:24:29:196870,2373
191.3886,159.0424,6:24:29:200868,2363
192.7166,158.0513,6:24:29:204858,2351
194.1677,157.0894,6:24:29:208868,2340
195.7171,156.2148,6:24:29:212867,2330
197.3403,155.4278,6:24:29:216867,2327
199.111,154.7865,6:24:29:221125,2335
200.8817,154.3492,6:24:29:224134,2341
202.8984,154.0869,6:24:29:228138,2352
205.1119,154.0869,6:24:29:233134,2353
207.5467,154.0869,6:24:29:236133,2355
210.2028,154.0869,6:24:29:241135,2367
213.1048,155.4278,6:24:29:244193,2377
216.2037,156.2731,6:24:29:249243,2395
219.45,157.3517,6:24:29:252237,2414
222.8932,158.5468,6:24:29:256868,2424
226.2871,159.8586,6:24:29:259917,2442
229.6564,161.2287,6:24:29:264804,2458
233.0012,162.6861,6:24:29:268296,2470
236.3705,164.1145,6:24:29:272865,2482
239.7153,165.6012,6:24:29:276875,2489
243.0846,167.0004,6:24:29:280808,2491
246.4294,168.4579,6:24:29:284532,2494
249.8479,169.8571,6:24:29:288859,2495
253.3156,171.2271,6:24:29:292867,2499
256.7342,172.5972,6:24:29:296869,2509
260.1527,173.9672,6:24:29:299867,2516
263.399,175.3372,6:24:29:304869,2523
266.67,176.649,6:24:29:308870,2510
269.8918,177.9316,6:24:29:312859,2469
273.1382,179.2725,6:24:29:316867,2394
276.36,180.5551,6:24:29:320389,2252
279.6555,181.896,6:24:29:324389,2044
282.9757,183.1494,6:24:29:328389,1744
286.345,184.4029,6:24:29:332387,1394
289.6652,185.6272,6:24:29:336828,973
292.8378,186.8223,6:24:29:340840,564
296.035,187.9301,6:24:29:344552,273
299.0354,188.8629,6:24:29:348553,0
301.9375,189.679,6:24:29:352569,0
304.7166,190.2621,6:24:29:356552,0
307.3481,190.6993,6:24:29:360802,0
309.7829,190.9617,6:24:29:364170,0
312.2177,191.0782,6:24:29:368194,0
314.5049,191.1074,6:24:29:372170,0
316.6445,191.1074,6:24:29:376197,0
318.6858,191.1074,6:24:29:380170,0
320.6041,191.1074,6:24:29:384857,0
322.5224,191.1074,6:24:29:388867,0
324.3916,191.1074,6:24:29:392809,0
326.2361,191.1074,6:24:29:396820,0
328.1544,191.1074,6:24:29:400817,0
330.0481,191.1074,6:24:29:404820,0
332.0156,191.1074,6:24:29:408827,0
334.0569,191.1074,6:24:29:412839,0
336.049,191.1074,6:24:29:416860,0
338.0411,191.1074,6:24:29:420179,0
340.0332,191.807,6:24:29:424863,0
342.0007,191.807,6:24:29:427873,0
343.8944,192.5941,6:24:29:432872,0
345.8127,193.0313,6:24:29:435873,0
347.6573,193.4977,6:24:29:440871,0
349.4526,193.935,6:24:29:443876,0
351.2234,194.3722,6:24:29:448863,0
352.9695,194.8094,6:24:29:451892,0
354.6419,195.2467,6:24:29:456928,0
356.2651,195.6548,6:24:29:459938,0
357.7653,196.0338,6:24:29:464936,0
359.0442,196.3835,6:24:29:467938,0
360.323,196.7042,6:24:29:472938,0
361.6019,197.0248,6:24:29:475938,0
362.807,197.3455,6:24:29:480809,0
363.9383,197.6662,6:24:29:484820,0
365.0696,197.9285,6:24:29:488853,0
366.0534,198.1908,6:24:29:491866,0
367.1601,198.4823,6:24:29:496887,0
368.316,198.7447,6:24:29:500869,0
369.4473,199.007,6:24:29:504904,0
370.4311,199.2694,6:24:29:507912,0
371.4394,199.5318,6:24:29:512806,0
372.4232,199.7066,6:24:29:516815,0
373.3823,199.8232,6:24:29:520853,0
374.3415,199.969,6:24:29:524401,0
375.3006,200.0273,6:24:29:528368,0
376.2352,200.0856,6:24:29:532368,0
377.1943,200.0856,6:24:29:536467,0
378.0797,200.0856,6:24:29:540368,0
379.0143,200.0856,6:24:29:544291,0
379.9734,200.0856,6:24:29:548993,0
380.8588,199.2986,6:24:29:553185,0
381.818,199.2986,6:24:29:556185,0
382.6787,198.7155,6:24:29:560192,0
383.5149,198.7155,6:24:29:564184,0
384.4003,197.9285,6:24:29:568261,0
385.3103,197.9285,6:24:29:572185,0
386.2202,197.1998,6:24:29:576859,0
387.0318,197.1998,6:24:29:579894,0
387.868,196.4418,6:24:29:584671,0
388.7042,196.1212,6:24:29:588679,0
389.5404,195.7714,6:24:29:592752,0
390.352,195.4507,6:24:29:596680,0
391.1144,195.1593,6:24:29:600748,0
391.7784,194.8094,6:24:29:604756,0
392.3441,194.5179,6:24:29:608724,0
392.9344,194.139,6:24:29:612756,0
393.4016,193.7892,6:24:29:616895,0
393.7951,193.177,6:24:29:619896,0
394.164,192.4483,6:24:29:624893,0
394.5083,191.5446,6:24:29:628894,1568
394.7789,190.641,6:24:29:632858,1618
395.0494,189.7957,6:24:29:636868,1709
395.2462,188.9211,6:24:29:640212,1797
395.3937,188.1924,6:24:29:645006,1886
395.5905,187.4928,6:24:29:648607,1919
395.6642,187.0555,6:24:29:652617,1912
395.738,186.8515,6:24:29:656650,1905
395.7626,186.8515,6:24:29:660617,1900
395.7626,186.8515,6:24:29:664817,1899
395.7872,186.8515,6:24:29:668826,1912
395.7872,187.8426,6:24:29:673029,1943
395.7872,188.4839,6:24:29:676039,1991
395.7872,189.271,6:24:29:680125,2048
395.7872,190.2329,6:24:29:684039,2104
395.1724,191.3114,6:24:29:688042,2154
395.1724,192.5358,6:24:29:692039,2189
394.6067,193.7892,6:24:29:696802,2222
394.6067,195.0426,6:24:29:700161,2237
394.0902,196.3253,6:24:29:704745,2243
394.0902,197.6078,6:24:29:708724,2251
393.5492,198.803,6:24:29:712725,2253
393.5492,199.969,6:24:29:716723,2260
393.0081,201.0475,6:24:29:720850,2269
392.7376,202.0678,6:24:29:724860,2285
392.4179,203.0006,6:24:29:728818,2300
392.049,203.8459,6:24:29:732779,2320
391.6555,204.633,6:24:29:736779,2339
391.2128,205.3326,6:24:29:740793,2354
390.7947,205.9739,6:24:29:744436,2369
390.352,206.5278,6:24:29:748451,2380
389.9339,206.965,6:24:29:752774,2388
389.5158,207.3439,6:24:29:756830,2394
389.1223,207.6646,6:24:29:760823,2400
388.7042,207.8978,6:24:29:764813,2407
388.2615,208.0435,6:24:29:769129,2413
387.7697,208.131,6:24:29:772139,2413
387.1794,208.131,6:24:29:776142,2416
386.5154,208.131,6:24:29:780142,2418
385.753,208.131,6:24:29:784186,2418
384.843,208.131,6:24:29:788139,2417
383.7855,208.131,6:24:29:792857,2419
382.5804,208.131,6:24:29:796867,2418
381.2769,208.131,6:24:29:800867,2424
379.8997,208.131,6:24:29:804868,2443
378.4732,208.131,6:24:29:808867,2462
376.9238,208.131,6:24:29:812865,2489
375.399,208.131,6:24:29:816805,2527
373.8742,208.131,6:24:29:820816,2558
372.374,209.0638,6:24:29:824813,2587
370.8983,209.0638,6:24:29:828822,2616
369.4965,209.9675,6:24:29:832914,2627
368.2176,210.463,6:24:29:835927,2643
367.0617,211.1043,6:24:29:841241,2657
366.0042,211.7747,6:24:29:844246,2670
365.0942,212.4743,6:24:29:848245,2686
364.3072,213.2614,6:24:29:852243,2705
363.6678,214.0193,6:24:29:856820,2724
363.1513,214.8064,6:24:29:860857,2745
362.807,215.5934,6:24:29:864804,2772
362.5365,216.3513,6:24:29:868812,2790
362.4135,217.2258,6:24:29:872977,2810
362.4135,218.1003,6:24:29:875989,2826
362.4135,219.0331,6:24:29:879987,2836
362.4135,220.0242,6:24:29:884019,2854
363.1513,221.0736,6:24:29:888986,2868
363.1513,222.0938,6:24:29:891988,2879
364.1843,223.1724,6:24:29:896970,2895
364.9467,224.2218,6:24:29:899976,2905
365.7828,225.1837,6:24:29:904801,2917
366.7912,226.0582,6:24:29:908878,2928
367.8487,226.8453,6:24:29:912878,2929
369.0292,227.4574,6:24:29:916881,2931
370.3819,228.0113,6:24:29:921137,2930
371.8083,228.5069,6:24:29:924148,2930
373.3331,228.8858,6:24:29:928147,2938
374.9317,229.1773,6:24:29:933147,2940
376.5549,229.3522,6:24:29:936147,2943
378.2519,229.498,6:24:29:941159,2944
379.9243,229.6145,6:24:29:945212,2944
381.5966,229.6437,6:24:29:948219,2946
383.1706,229.702,6:24:29:952765,2942
384.72,229.702,6:24:29:956826,2935
386.2202,229.702,6:24:29:960805,2930
387.6713,229.702,6:24:29:964277,2924
389.0485,229.702,6:24:29:968857,2926
390.3028,229.702,6:24:29:972867,2932
391.4587,229.702,6:24:29:976867,2941
392.59,229.702,6:24:29:980867,2949
393.6476,229.702,6:24:29:984867,2953
394.6805,229.702,6:24:29:988866,2962
395.6151,229.702,6:24:29:993144,2964
396.4758,229.702,6:24:29:996157,2971
397.2874,230.3433,6:24:30:000213,2983
398.1482,230.3433,6:24:30:004165,2991
398.9598,231.0137,6:24:30:008242,3011
399.6976,231.0137,6:24:30:012165,3036
400.4109,232.034,6:24:30:016852,3067
401.0995,232.6461,6:24:30:020871,3100
401.7635,233.4041,6:24:30:024810,3127
402.4275,234.2202,6:24:30:028813,3150
403.0178,235.1239,6:24:30:032810,3167
403.608,236.0858,6:24:30:036813,3182
404.1737,237.1644,6:24:30:040825,3199
404.6656,238.2721,6:24:30:044827,3211
405.1328,239.3798,6:24:30:048546,3226
405.5755,240.4875,6:24:30:052322,3235
406.0182,241.6243,6:24:30:056860,3241
406.4117,242.6738,6:24:30:059898,3248
406.8298,243.7231,6:24:30:064802,3252
407.1987,244.6851,6:24:30:068385,3259
407.543,245.5596,6:24:30:074389,3264
407.9119,246.3758,6:24:30:078401,3269
408.2563,247.192,6:24:30:081385,3270
408.5514,247.8916,6:24:30:085405,3274
408.7973,248.562,6:24:30:088411,3280
408.9695,249.2034,6:24:30:092410,3283
409.1416,249.728,6:24:30:096409,3274
409.2646,250.1944,6:24:30:100848,3237
409.2892,250.6026,6:24:30:104859,3159
409.2892,250.9815,6:24:30:108923,3036
409.2892,251.2439,6:24:30:112923,2885
409.2892,251.4479,6:24:30:116922,2701
409.2892,251.5936,6:24:30:120923,2475
408.5022,251.6519,6:24:30:124851,2168
408.5022,251.6519,6:24:30:128369,1743
407.6906,251.6519,6:24:30:133086,1233
407.1987,251.6519,6:24:30:136088,714
406.6331,250.5443,6:24:30:141084,322
405.9444,249.8738,6:24:30:144087,0
405.2312,248.9702,6:24:30:148087,0
404.4442,247.9499,6:24:30:152085,0
403.608,246.8422,6:24:30:156871,0
402.7227,245.6179,6:24:30:159879,0
401.8373,244.4227,6:24:30:164881,0
400.8289,243.2276,6:24:30:167885,0
399.796,242.2074,6:24:30:172882,0
398.7139,241.2454,6:24:30:176880,0
397.5826,240.4001,6:24:30:180848,0
396.4513,239.7296,6:24:30:184364,0
395.2708,239.1758,6:24:30:188479,0
394.0165,238.7094,6:24:30:192364,0
392.6638,238.3887,6:24:30:196421,0
391.2374,238.0972,6:24:30:200364,0
389.7126,237.864,6:24:30:204864,0
388.1385,237.7182,6:24:30:207874,0
386.417,237.6017,6:24:30:212852,0
384.6216,237.5142,6:24:30:216187,0
382.8017,237.3393,6:24:30:220292,0
380.9326,237.1644,6:24:30:224187,1037
379.0143,237.0186,6:24:30:228284,1058
377.1206,236.8729,6:24:30:232187,1109
375.2268,236.7854,6:24:30:236111,1200
373.3085,236.7271,6:24:30:241122,1331
371.4394,236.698,6:24:30:244346,1476
369.5211,236.698,6:24:30:248398,1642
367.6766,236.698,6:24:30:253177,1802
365.8812,236.698,6:24:30:256178,1959
364.0613,237.6891,6:24:30:260856,2113
362.2905,237.6891,6:24:30:264867,2241
360.5444,238.8259,6:24:30:268866,2350
358.749,239.5255,6:24:30:271866,2444
357.0275,240.3418,6:24:30:277116,2530
355.3551,241.2746,6:24:30:280126,2614
353.6581,242.2657,6:24:30:284126,2706
352.0349,243.3442,6:24:30:288126,2785
350.5101,244.5394,6:24:30:292126,2851
349.0591,245.7928,6:24:30:296126,2906
347.7802,247.1337,6:24:30:300856,2951
346.6735,248.5329,6:24:30:304866,3005
345.6898,249.9904,6:24:30:308800,3058
344.9273,251.5062,6:24:30:312811,3116
344.2633,253.1678,6:24:30:316810,3171
343.796,254.8584,6:24:30:320810,3219
343.5009,256.5783,6:24:30:324807,3274
343.4271,258.3564,6:24:30:328810,3321
343.4271,260.1638,6:24:30:332733,3361
343.4271,261.971,6:24:30:336743,3406
344.042,263.7784,6:24:30:340751,3436
344.042,265.4399,6:24:30:344752,3468
345.2717,266.9265,6:24:30:348765,3499
346.1324,268.2966,6:24:30:352741,3520
347.1654,269.5209,6:24:30:356800,3538
348.3213,270.5703,6:24:30:360753,3555
349.6248,271.3865,6:24:30:364792,3568
351.1004,271.9987,6:24:30:368828,3577
352.699,272.4942,6:24:30:372855,3585
354.3713,272.844,6:24:30:376863,3587
356.0683,273.048,6:24:30:380435,3588
357.9128,273.1064,6:24:30:384436,3588
359.8065,273.1064,6:24:30:388436,3590
361.8478,273.1064,6:24:30:393434,3583
363.9629,273.1064,6:24:30:396481,3580
366.1763,272.4359,6:24:30:400479,3561
368.439,272.4359,6:24:30:404858,3514
370.8492,271.6488,6:24:30:408869,3413
373.3085,271.6488,6:24:30:412869,3247
375.8417,270.512,6:24:30:416866,3015
378.3748,269.7832,6:24:30:420885,2714
380.908,268.967,6:24:30:424878,2349
383.3428,268.0926,6:24:30:429106,1867
385.7038,267.0432,6:24:30:432117,1293
387.9664,265.9063,6:24:30:436115,743
390.0323,264.5945,6:24:30:441117,317
391.9998,263.1953,6:24:30:444141,0
393.8197,261.6795,6:24:30:449115,0
395.5167,260.1638,6:24:30:453312,0
397.1153,258.5605,6:24:30:456323,0
398.6401,256.899,6:24:30:460801,0
400.0665,255.2083,6:24:30:464809,0
401.5175,253.4301,6:24:30:468811,0
402.944,251.6519,6:24:30:472809,0
404.395,249.7572,6:24:30:476850,0
405.8215,247.8624,6:24:30:480186,0
407.2725,245.8219,6:24:30:484852,0
408.7727,243.694,6:24:30:487862,0
410.2238,241.4203,6:24:30:492783,0
411.6994,239.0591,6:24:30:496784,0
413.175,236.6105,6:24:30:500790,0
414.626,234.0162,6:24:30:504783,0
416.1017,231.3053,6:24:30:509072,0
417.5773,228.5069,6:24:30:512085,0
419.1021,225.621,6:24:30:516082,0
420.4793,222.7352,6:24:30:520082,0
421.8812,219.8784,6:24:30:524091,0
423.2339,217.08,6:24:30:528081,0
424.5865,214.3983,6:24:30:532800,0
425.9146,211.9496,6:24:30:536100,0
427.1935,209.7343,6:24:30:540852,0
428.3493,207.8103,6:24:30:544205,0
429.4069,206.0614,6:24:30:548248,0
430.5136,204.6622,6:24:30:552245,0
431.4482,203.5253,6:24:30:556245,0
432.3335,202.6508,6:24:30:561244,0
433.1451,201.9512,6:24:30:564243,0
433.8829,201.4848,6:24:30:569245,0
434.4732,201.1933,6:24:30:573245,0
435.0388,200.9892,6:24:30:576244,0
435.5061,200.9601,6:24:30:580245,0
435.875,200.9601,6:24:30:584244,0
436.2193,200.9601,6:24:30:589246,0
436.5391,200.9601,6:24:30:592855,0
436.8096,200.9601,6:24:30:595865,1494
437.0555,200.9601,6:24:30:600863,1493
437.2769,200.3188,6:24:30:604154,1485
437.4244,200.3188,6:24:30:608156,1481
437.6212,200.3188,6:24:30:612240,1477
437.7687,200.3188,6:24:30:616154,1528
437.9409,200.3188,6:24:30:620800,1628
438.0639,201.0475,6:24:30:624436,1761
438.1869,201.8929,6:24:30:628518,1944
438.236,203.0006,6:24:30:632515,2093
438.2852,204.2832,6:24:30:636517,2241
438.3344,205.8573,6:24:30:640517,2390
438.3836,207.5771,6:24:30:644437,2526
438.3836,209.5593,6:24:30:648447,2672
438.4082,211.6581,6:24:30:652715,2812
438.4082,214.0193,6:24:30:656200,2937
438.4328,216.5845,6:24:30:661197,3049
438.5066,219.2955,6:24:30:664199,3152
438.5558,222.1521,6:24:30:668759,3230
438.6787,225.038,6:24:30:672771,3299
438.7771,227.9238,6:24:30:676770,3356
438.9738,230.7514,6:24:30:680767,3401
439.1214,233.5498,6:24:30:685033,3443
439.3427,236.1733,6:24:30:688041,3476
439.5641,238.651,6:24:30:692080,3496
439.81,240.9539,6:24:30:696046,3517
440.0314,243.1402,6:24:30:701040,3529
440.2527,245.2098,6:24:30:704043,3537
440.4987,247.192,6:24:30:708799,3552
440.72,249.0576,6:24:30:712059,3563
440.9413,250.9523,6:24:30:716059,3576
441.1135,252.7596,6:24:30:720057,3587
441.3102,254.5378,6:24:30:724817,3592
441.507,256.1993,6:24:30:728694,3585
441.6792,257.8026,6:24:30:732691,3543
441.8759,259.2018,6:24:30:736689,3454
442.0973,260.4553,6:24:30:740273,3288
442.3186,261.6504,6:24:30:744285,3087
442.5645,262.5249,6:24:30:748606,2866
442.8596,263.1953,6:24:30:752740,2582
443.2777,263.6326,6:24:30:756821,2163
443.745,263.7784,6:24:30:760789,1553
444.3599,263.7784,6:24:30:764740,918
445.1469,263.7784,6:24:30:768766,395
446.0569,262.554,6:24:30:772851,0
447.139,261.5338,6:24:30:776220,0
448.4424,260.222,6:24:30:780263,0
449.8935,258.5897,6:24:30:784273,0
451.3937,256.6657,6:24:30:788303,0
453.0415,254.5378,6:24:30:792271,0
454.8614,252.1475,6:24:30:796272,0
456.8535,249.5823,6:24:30:800244,0
458.9932,246.8714,6:24:30:805152,0
461.305,244.0146,6:24:30:808165,0
463.7643,240.983,6:24:30:812539,0
466.3959,237.864,6:24:30:816414,0
469.2242,234.6575,6:24:30:820413,0
472.2246,231.3636,6:24:30:824413,0
475.3972,228.0988,6:24:30:828850,0
478.5206,224.8631,6:24:30:832861,0
481.7178,221.6857,6:24:30:836860,0
484.9396,218.5959,6:24:30:840706,0
488.1367,215.6225,6:24:30:844599,0
491.2848,212.9116,6:24:30:848608,0
494.3836,210.4339,6:24:30:852612,0
497.4086,208.2184,6:24:30:856591,0
500.2861,206.1488,6:24:30:860598,0
503.1635,204.254,6:24:30:864940,0
505.8934,202.5634,6:24:30:868950,0
508.525,200.9601,6:24:30:873172,0
510.9597,199.4443,6:24:30:876211,0
513.3453,197.8994,6:24:30:880242,0
515.5834,196.3835,6:24:30:884182,0
517.7476,194.8094,6:24:30:888307,0
519.7643,193.2937,6:24:30:892183,0
521.6334,191.807,6:24:30:896854,0
523.355,190.3786,6:24:30:899864,0
524.929,188.9211,6:24:30:903865,0
526.4046,187.6094,6:24:30:908864,0
527.7081,186.181,6:24:30:911865,0
528.8886,184.8985,6:24:30:916864,0
529.9215,183.645,6:24:30:919865,1696
530.8561,182.5373,6:24:30:924870,1751
531.6431,181.517,6:24:30:928880,1832
532.3071,180.6717,6:24:30:933562,1917
532.8482,180.0013,6:24:30:936567,2007
533.4138,179.4765,6:24:30:940567,2046
533.9549,179.2725,6:24:30:944574,2063
534.4468,179.2725,6:24:30:948622,2077
534.8895,179.2725,6:24:30:952660,2105
535.3568,179.2725,6:24:30:956665,2163
535.8486,180.526,6:24:30:960666,2233
536.3897,181.5753,6:24:30:964708,2340
536.9307,182.8871,6:24:30:968668,2465
537.4226,184.6361,6:24:30:972804,2592
537.8161,186.7349,6:24:30:976745,2730
538.1359,189.1543,6:24:30:980855,2847
538.4064,191.9236,6:24:30:984865,2942
538.554,194.8094,6:24:30:988913,3025
538.6031,197.8119,6:24:30:992913,3088
538.6031,200.9018,6:24:30:996912,3156
538.6031,203.9917,6:24:31:000912,3220
538.6031,207.1399,6:24:31:004843,3282
538.6031,210.4339,6:24:31:008854,3345
537.8653,213.8152,6:24:31:012838,3395
537.8653,217.2258,6:24:31:016839,3431
537.1767,220.6072,6:24:31:020838,3451
537.1767,223.9886,6:24:31:024841,3459
536.3159,227.3992,6:24:31:029141,3467
535.8486,230.6057,6:24:31:032150,3475
535.3813,233.6373,6:24:31:036150,3485
534.9633,236.3482,6:24:31:041150,3498
534.5206,238.7968,6:24:31:044154,3505
534.0779,241.0414,6:24:31:048151,3509
533.6598,243.1402,6:24:31:052941,3508
533.2909,245.064,6:24:31:056939,3486
533.0203,246.7839,6:24:31:060852,3410
532.7006,248.358,6:24:31:064863,3265
532.4547,249.728,6:24:31:068511,3048
532.3071,250.9523,6:24:31:072522,2783
532.1349,251.9435,6:24:31:077517,2499
532.0366,252.7305,6:24:31:081518,2204
532.012,253.3135,6:24:31:084518,1813
532.012,253.5759,6:24:31:088976,1307
532.012,253.5759,6:24:31:091987,788
532.012,253.5759,6:24:31:096985,352
532.012,252.8179,6:24:31:099986,0
532.6022,252.0892,6:24:31:104091,0
532.6022,251.1272,6:24:31:107987,0
533.0695,249.9321,6:24:31:112857,0
533.0695,248.5329,6:24:31:117098,0
533.6106,247.0462,6:24:31:120108,0
533.6106,245.4722,6:24:31:123958,0
534.1025,243.8981,6:24:31:127941,0
534.1025,242.3239,6:24:31:132955,0
534.5698,240.8082,6:24:31:135938,0
534.5698,239.3506,6:24:31:140848,0
534.9633,237.9806,6:24:31:143861,0
534.9633,236.7854,6:24:31:148791,0
535.1108,235.6777,6:24:31:152800,0
535.1108,234.7158,6:24:31:156803,0
535.1108,233.8121,6:24:31:160812,0
535.1108,232.9959,6:24:31:164802,0
534.4468,232.2381,6:24:31:168800,0
534.4468,231.5093,6:24:31:172847,0
533.6352,230.8097,6:24:31:175857,0
533.1679,230.0518,6:24:31:180850,0
532.6514,229.3522,6:24:31:183861,0
532.0366,228.6526,6:24:31:187983,0
531.4464,227.9238,6:24:31:191996,0
530.8561,227.0493,6:24:31:195993,0
530.2905,226.1749,6:24:31:199998,995
529.7002,225.2712,6:24:31:203993,1006
529.1345,224.3967,6:24:31:207993,1031
528.5688,223.5805,6:24:31:212854,1107
528.0278,222.7934,6:24:31:216861,1227
527.4868,222.0938,6:24:31:220452,1386
526.9211,221.5108,6:24:31:224448,1564
526.2571,221.1028,6:24:31:228451,1730
525.5438,220.7821,6:24:31:232448,1891
524.7076,220.578,6:24:31:236448,2031
523.6993,220.4615,6:24:31:241448,2172
522.6664,220.4323,6:24:31:244190,2308
521.4367,220.4323,6:24:31:249197,2426
520.0103,220.4323,6:24:31:253190,2545
518.3871,220.4323,6:24:31:257203,2652
516.6409,220.4323,6:24:31:260847,2752
514.7472,220.4323,6:24:31:263857,2855
512.7059,221.161,6:24:31:268857,2944
510.5171,221.161,6:24:31:271858,3021
508.1807,221.8898,6:24:31:276853,3083
505.8442,221.8898,6:24:31:280863,3124
503.4586,222.7934,6:24:31:284819,3153
501.1469,223.289,6:24:31:288783,3177
498.9334,223.872,6:24:31:292784,3194
496.7938,224.4841,6:24:31:296782,3208
494.7771,225.0963,6:24:31:300797,3223
492.9817,225.7668,6:24:31:304320,3234
491.3831,226.4372,6:24:31:308361,3239
489.9813,227.1368,6:24:31:312313,3244
488.7762,227.8656,6:24:31:316313,3249
487.7433,228.6526,6:24:31:320313,3258
486.8579,229.3813,6:24:31:324842,3267
486.1201,230.1684,6:24:31:328853,3275
485.579,230.9554,6:24:31:331899,3282
485.1117,231.6842,6:24:31:336852,3289
484.7182,232.3838,6:24:31:340852,3300
484.4969,233.0542,6:24:31:344850,3312
484.3739,233.6955,6:24:31:348548,3327
484.3739,234.2494,6:24:31:352902,3338
484.3739,234.7741,6:24:31:356763,3347
484.3739,235.2113,6:24:31:360790,3354
485.1609,235.6194,6:24:31:364775,3356
485.1609,235.9109,6:24:31:368772,3360
486.2922,236.1733,6:24:31:372798,3362
487.0792,236.319,6:24:31:376789,3362
487.8908,236.3482,6:24:31:380798,3361
488.7516,236.3482,6:24:31:384807,3361
489.6862,236.3482,6:24:31:388809,3360
490.5961,236.3482,6:24:31:392812,3358
491.4815,235.532,6:24:31:396848,3354
492.2439,235.532,6:24:31:400859,3344
492.9325,234.5701,6:24:31:404871,3331
493.449,233.987,6:24:31:408845,3317
493.8179,233.3166,6:24:31:412870,3302
494.0392,232.6461,6:24:31:416845,3288
494.0392,231.9174,6:24:31:420851,3272
494.0392,231.1595,6:24:31:424859,3257
494.0392,230.4016,6:24:31:428931,3236
493.3506,229.6437,6:24:31:431931,3208
493.3506,228.9441,6:24:31:435930,3185
492.1209,228.2445,6:24:31:440936,3153
491.3831,227.6032,6:24:31:444374,3107
490.5469,226.991,6:24:31:448948,3050
489.5878,226.4664,6:24:31:452780,2967
488.6532,226,6:24:31:456827,2866
487.6695,225.621,6:24:31:460864,2749
486.6611,225.2421,6:24:31:464889,2598
485.702,225.038,6:24:31:468699,2397
484.792,224.834,6:24:31:472627,2118
483.9558,224.7173,6:24:31:476751,1749
483.0704,224.6882,6:24:31:480627,1284
482.2834,224.6882,6:24:31:484989,780
481.5702,224.6882,6:24:31:489002,384
480.8816,224.6882,6:24:31:492164,0
480.2668,224.6882,6:24:31:496177,0
479.7011,224.6882,6:24:31:500174,0
479.16,224.6882,6:24:31:504175,0
478.6436,224.6882,6:24:31:508791,0
478.2255,224.6882,6:24:31:512802,0
477.832,224.6882,6:24:31:516847,0
477.4139,224.6882,6:24:31:519858,0
477.045,224.6882,6:24:31:524857,0
476.7007,224.6882,6:24:31:527855,0
476.2826,224.6882,6:24:31:532857,0
475.8891,223.8137,6:24:31:536869,0
475.4464,223.8137,6:24:31:540857,0
474.9299,222.9975,6:24:31:544948,0
474.2413,222.4728,6:24:31:547960,0
473.4297,221.9189,6:24:31:552329,0
472.4705,221.3942,6:24:31:556333,0
471.3146,220.8112,6:24:31:560341,0
469.9128,220.1991,6:24:31:564330,0
468.2896,219.5869,6:24:31:568916,0
466.4205,218.9165,6:24:31:571926,0
464.3054,218.1295,6:24:31:576903,0
461.8952,217.4299,6:24:31:580918,0
459.1407,216.672,6:24:31:585913,0
456.1649,215.71,6:24:31:588915,0
452.9923,214.6897,6:24:31:593912,0
449.6475,213.6987,6:24:31:595914,0
446.0323,212.5909,6:24:31:600912,0
442.3186,211.4832,6:24:31:603951,0
438.3098,210.4047,6:24:31:608948,0
434.1289,209.2095,6:24:31:611950,0
429.8495,208.0727,6:24:31:615948,0
425.4965,207.0233,6:24:31:620848,0
421.045,206.0322,6:24:31:624859,0
416.2,205.0411,6:24:31:628859,0
411.3551,204.0791,6:24:31:632859,0
406.3134,203.1463,6:24:31:635861,0
401.2224,202.3302,6:24:31:640858,0
396.0823,201.6014,6:24:31:644866,0
390.7455,200.8435,6:24:31:648794,0
385.2365,200.1439,6:24:31:652806,0
379.5062,199.59,6:24:31:656808,0
373.7266,199.007,6:24:31:660806,0
367.8979,198.4823,6:24:31:664808,0
361.9462,197.9868,6:24:31:668138,0
355.9453,197.637,6:24:31:672153,0
349.9445,197.3455,6:24:31:676154,0
343.8452,197.1414,6:24:31:680153,0
337.8198,197.0248,6:24:31:684154,0
332.0156,196.9957,6:24:31:688156,0
326.3837,196.9957,6:24:31:692154,0
320.8255,196.9957,6:24:31:696154,0
315.6116,196.9957,6:24:31:700154,0
310.5945,197.6953,6:24:31:704132,0
305.7741,197.6953,6:24:31:708128,0
301.2734,197.6953,6:24:31:712130,0
297.0679,198.5698,6:24:31:716129,0
293.1083,198.5698,6:24:31:720131,0
289.3455,199.1819,6:24:31:724128,0
285.8286,199.1819,6:24:31:728847,0
282.3854,199.7358,6:24:31:732857,0
279.1391,199.7358,6:24:31:736857,0
276.0648,200.173,6:24:31:740863,0
273.1136,200.173,6:24:31:744219,0
270.2361,200.552,6:24:31:748314,0
267.4816,200.552,6:24:31:752219,0
264.8255,200.8435,6:24:31:756275,0
262.3415,200.9892,6:24:31:760219,0
259.9805,201.135,6:24:31:764219,0
257.7671,201.2516,6:24:31:768218,0
255.6274,201.3682,6:24:31:772217,0
253.5862,201.4556,6:24:31:776219,0
251.7416,201.5431,6:24:31:781218,0
249.9217,201.6306,6:24:31:784217,0
248.1509,201.6888,6:24:31:788850,0
246.5032,201.8055,6:24:31:792860,0
244.88,201.8929,6:24:31:796282,0
243.3306,202.0387,6:24:31:800281,0
241.9041,202.1552,6:24:31:804282,0
240.4285,202.301,6:24:31:808281,0
238.9775,202.4467,6:24:31:812282,0
237.6248,202.5925,6:24:31:816851,0
236.2476,202.7091,6:24:31:819862,0
234.8703,202.7674,6:24:31:825102,0
233.5423,202.8257,6:24:31:828106,0
232.1896,202.884,6:24:31:832102,0
230.8861,202.9131,6:24:31:836103,0
229.6564,203.0006,6:24:31:841099,0
228.4759,203.1172,6:24:31:844113,0
227.2954,203.2338,6:24:31:848848,0
226.1887,203.3795,6:24:31:851867,0
225.2296,203.5544,6:24:31:856857,0
224.295,203.7876,6:24:31:860858,0
223.4096,203.9917,6:24:31:864857,0
222.6226,204.2249,6:24:31:867858,0
221.8848,204.3998,6:24:31:872849,0
221.1716,204.633,6:24:31:876858,0
220.5322,204.7787,6:24:31:880860,0
220.0157,204.8371,6:24:31:884797,0
219.4992,204.8371,6:24:31:888242,1321
219.1057,204.8371,6:24:31:893247,1317
218.8106,204.8371,6:24:31:896762,1313
218.5647,204.8371,6:24:31:900761,1308
218.3925,204.8371,6:24:31:904764,1304
218.3925,204.8371,6:24:31:908762,1304
218.3925,204.8371,6:24:31:912553,1304
218.3925,204.8371,6:24:31:916554,1312
218.3925,204.8371,6:24:31:920526,1324
219.2533,204.8371,6:24:31:924526,1352
219.7943,204.8371,6:24:31:928481,1392
220.4338,204.8371,6:24:31:932487,1443
221.2946,204.8371,6:24:31:936487,1522
222.2537,204.8371,6:24:31:940486,1614
223.4342,204.8371,6:24:31:944455,1725
224.8115,204.8371,6:24:31:948463,1834
226.3855,204.8371,6:24:31:952538,1940
228.107,204.8371,6:24:31:956545,2025
229.9762,204.1375,6:24:31:960538,2102
232.1158,204.1375,6:24:31:964554,2173
234.5998,203.1463,6:24:31:968802,2226
237.4281,202.4759,6:24:31:972813,2286
240.7236,201.6597,6:24:31:976813,2337
244.4619,200.7269,6:24:31:980813,2390
248.5936,199.6775,6:24:31:984810,2432
253.1435,198.4532,6:24:31:988813,2460
258.3328,197.0831,6:24:31:992843,2478
264.1369,195.5965,6:24:31:995854,2487
270.4821,194.0515,6:24:32:000627,2494
277.2208,192.3317,6:24:32:004599,2500
284.4513,190.5827,6:24:32:008598,2503
292.3705,188.7754,6:24:32:012595,2503
300.7816,186.9389,6:24:32:016794,2513
309.9305,185.2774,6:24:32:020805,2514
319.8663,183.645,6:24:32:024805,2515
330.0727,182.1292,6:24:32:028820,2522
340.9431,180.7883,6:24:32:032807,2533
352.453,179.6514,6:24:32:036805,2574
364.3564,178.7478,6:24:32:040973,2617
376.6287,178.1065,6:24:32:045984,2684
389.1715,177.7858,6:24:32:049982,2761
401.9602,177.5526,6:24:32:051981,2838
414.5522,177.5526,6:24:32:056986,2949
427.218,177.5526,6:24:32:059983,3066
439.7362,178.3105,6:24:32:065086,3193
451.9348,178.3105,6:24:32:068099,3320
463.7151,179.6806,6:24:32:072881,3424
474.9299,180.5551,6:24:32:076900,3529
485.6528,181.4879,6:24:32:080880,3633
495.5395,182.4498,6:24:32:084895,3744
504.7375,183.3535,6:24:32:088847,3872
513.2469,184.1405,6:24:32:092878,3996
520.871,184.8985,6:24:32:096864,4120
527.8557,185.4231,6:24:32:101855,4257
534.0533,185.7438,6:24:32:104695,4397
539.3901,185.7438,6:24:32:108723,4540
544.0383,185.7438,6:24:32:112991,4679
548.1947,185.7438,6:24:32:115991,4801
551.7608,185.0442,6:24:32:120991,4900
554.8104,185.0442,6:24:32:123991,4989
557.3682,183.7908,6:24:32:128787,5071
559.5078,183.0912,6:24:32:132802,5155
561.3524,182.4207,6:24:32:136797,5245
562.9755,181.6628,6:24:32:140819,5312
564.3528,180.9341,6:24:32:144809,5359
565.5087,180.2345,6:24:32:148813,5390
566.4678,179.5349,6:24:32:153252,5407
567.304,178.8936,6:24:32:157254,5423
567.9681,178.2814,6:24:32:160370,5430
568.5337,177.6401,6:24:32:164254,5425
568.9764,177.0571,6:24:32:168854,5415
569.3207,176.5033,6:24:32:172866,5408
569.5667,176.0952,6:24:32:176355,5397
569.788,175.687,6:24:32:180352,5372
569.8618,175.3956,6:24:32:184355,5303
569.9601,175.1332,6:24:32:188369,5166
570.0093,174.9874,6:24:32:192850,4957
570.0093,174.8708,6:24:32:195861,4663
570.0093,174.7834,6:24:32:200854,4289
570.0093,174.7834,6:24:32:203864,3868
570.0093,174.7834,6:24:32:208863,3423
569.3699,174.7834,6:24:32:211869,2939
569.3699,174.7834,6:24:32:216869,2370
568.337,174.7834,6:24:32:220134,1644
567.6483,175.5413,6:24:32:224144,956
566.7384,175.5413,6:24:32:228144,408
565.73,176.1243,6:24:32:232169,0
564.6233,176.1243,6:24:32:237016,0
563.4674,176.649,6:24:32:240027,0
562.3361,176.649,6:24:32:244026,0
561.1802,176.649,6:24:32:248027,0
560.0735,176.649,6:24:32:252029,0
558.8683,176.649,6:24:32:256027,0
557.6633,176.649,6:24:32:260248,0
556.3106,175.7162,6:24:32:264264,0
555.0317,175.7162,6:24:32:268847,0
552.351,174.6668,6:24:32:272857,0
552.351,174.6668,6:24:32:290797,0
