218.3433,161.7825,6:20:52:139455,0
217.4579,161.7825,6:20:52:143465,0
216.2283,161.7825,6:20:52:147459,0
215.0477,160.9371,6:20:52:151439,0
213.5475,160.9371,6:20:52:155459,0
212.0227,159.9752,6:20:52:159486,0
210.4487,159.9752,6:20:52:163505,0
208.7026,158.8092,6:20:52:167502,0
206.7843,158.0804,6:20:52:171498,0
205.8005,157.5266,6:20:52:175310,0
204.9151,156.9727,6:20:52:179525,0
203.956,156.5355,6:20:52:183462,0
203.1198,156.0983,6:20:52:187472,0
202.3328,155.7193,6:20:52:191415,0
201.4966,155.3112,6:20:52:195424,0
200.7342,154.9906,6:20:52:199457,0
200.0702,154.6991,6:20:52:203427,0
199.3078,154.4367,6:20:52:207425,0
198.6683,154.291,6:20:52:211491,0
198.0535,154.0578,6:20:52:215491,0
197.5616,153.9703,6:20:52:219501,0
196.9467,153.9411,6:20:52:222501,0
196.3565,153.912,6:20:52:227518,0
195.84,153.912,6:20:52:231727,0
195.299,153.912,6:20:52:234735,0
194.8317,153.912,6:20:52:238737,0
194.4382,153.912,6:20:52:242737,0
193.9955,153.912,6:20:52:246737,0
193.602,154.7282,6:20:52:250735,0
193.3069,154.7282,6:20:52:255490,0
193.0609,154.7282,6:20:52:259500,0
192.8642,155.1946,6:20:52:263500,0
192.6674,155.1946,6:20:52:267500,0
192.5199,155.6027,6:20:52:271547,0
192.3969,155.6027,6:20:52:275557,0
192.2985,156.0691,6:20:52:278557,0
192.2001,156.0691,6:20:52:283557,0
192.151,156.5063,6:20:52:286561,0
192.0772,156.7687,6:20:52:291721,0
192.028,157.0602,6:20:52:294731,0
192.028,157.3226,6:20:52:299436,0
191.9788,157.6432,6:20:52:303446,0
191.9788,157.9347,6:20:52:307445,0
191.9788,158.2845,6:20:52:311444,0
191.9788,158.6343,6:20:52:315447,0
191.9788,159.0132,6:20:52:319491,0
191.9788,159.4214,6:20:52:323490,0
191.9788,159.8295,6:20:52:327500,0
191.9788,160.2375,6:20:52:330499,0
191.9788,160.6165,6:20:52:335500,0
191.9788,161.0246,6:20:52:338504,0
191.9788,161.3744,6:20:52:343500,0
191.9788,161.7533,6:20:52:347449,0
191.9788,162.1031,6:20:52:351441,0
191.9788,162.4238,6:20:52:355449,0
191.9788,162.6861,6:20:52:359451,0
191.9788,162.9776,6:20:52:363470,0
191.9788,163.2108,6:20:52:367803,0
191.9788,163.4149,6:20:52:370813,0
191.9788,163.6189,6:20:52:375424,0
191.9788,163.7939,6:20:52:378434,0
191.9788,163.9688,6:20:52:383435,0
191.9788,164.1145,6:20:52:387432,0
191.9788,164.2894,6:20:52:391457,0
191.9788,164.3477,6:20:52:394464,0
191.5853,164.4643,6:20:52:399615,0
191.5853,164.5226,6:20:52:402625,0
191.5853,164.5809,6:20:52:406648,0
191.5853,164.61,6:20:52:410625,0
191.241,164.61,6:20:52:414628,0
191.241,164.61,6:20:52:419486,0
191.241,164.61,6:20:52:423847,0
190.9951,164.61,6:20:52:426860,0
190.9951,164.61,6:20:52:430858,0
190.7737,164.61,6:20:52:434879,0
190.6508,164.61,6:20:52:438858,0
190.5278,164.61,6:20:52:443655,0
190.4294,164.61,6:20:52:447243,0
190.331,164.61,6:20:52:451252,0
190.2327,164.61,6:20:52:455257,0
190.1589,164.61,6:20:52:459256,0
190.0851,164.0562,6:20:52:463656,0
189.9867,164.0562,6:20:52:466689,0
189.8884,164.0562,6:20:52:470677,0
189.8392,164.0562,6:20:52:474676,0
189.7408,163.7064,6:20:52:478666,0
189.6178,163.7064,6:20:52:483392,0
189.5194,163.7064,6:20:52:487428,0
189.3965,163.7064,6:20:52:491416,0
189.2981,163.5023,6:20:52:495279,0
189.1997,163.5023,6:20:52:499325,0
189.1259,163.5023,6:20:52:503338,0
189.0522,163.5023,6:20:52:507335,0
189.003,163.3857,6:20:52:511336,0
188.9538,163.3566,6:20:52:515338,0
188.9538,163.2983,6:20:52:519337,0
188.9538,163.2691,6:20:52:523337,0
188.9538,163.24,6:20:52:527490,0
188.9538,163.2108,6:20:52:530841,0
188.9538,163.1234,6:20:52:534840,0
188.9538,163.0943,6:20:52:539494,0
188.9538,163.0068,6:20:52:543521,0
188.9538,162.9485,6:20:52:547503,0
188.9538,162.8611,6:20:52:551504,0
189.4702,162.8027,6:20:52:555504,0
189.4702,162.7153,6:20:52:558868,0
189.4702,162.657,6:20:52:562871,0
189.4702,162.5695,6:20:52:566868,0
189.7654,162.5112,6:20:52:570868,0
189.7654,162.4529,6:20:52:574926,0
189.7654,162.4238,6:20:52:578952,0
189.7654,162.3363,6:20:52:583487,0
189.7654,162.2489,6:20:52:586500,0
189.7654,162.1615,6:20:52:591497,0
189.7654,162.1031,6:20:52:595497,0
189.7654,161.9865,6:20:52:598497,0
189.7654,161.8699,6:20:52:603394,0
189.7654,161.7825,6:20:52:607404,0
189.7654,161.7242,6:20:52:611404,0
189.7654,161.6076,6:20:52:615405,0
189.7654,161.6076,6:20:52:619429,0
189.7654,161.5493,6:20:52:623446,0
189.7654,161.491,6:20:52:627456,231
189.7654,161.4327,6:20:52:631437,231
189.7654,161.3744,6:20:52:635452,252
189.3965,161.3161,6:20:52:639443,288
189.3965,161.2287,6:20:52:643438,341
189.3965,161.1995,6:20:52:647440,408
189.3965,161.1412,6:20:52:651809,481
189.3965,161.0538,6:20:52:655091,552
189.3965,161.0246,6:20:52:659429,625
189.3965,160.9663,6:20:52:663557,703
189.3965,160.9371,6:20:52:666567,779
189.3965,160.908,6:20:52:671567,849
189.1751,160.8788,6:20:52:675567,923
189.1751,160.8206,6:20:52:678566,989
189.1751,160.7914,6:20:52:682568,1049
189.1751,160.7914,6:20:52:687568,1124
189.1751,160.7623,6:20:52:691590,1188
189.1751,160.7623,6:20:52:695679,1245
189.1751,160.7623,6:20:52:699710,1288
189.1751,160.7623,6:20:52:702712,1316
189.1751,160.7623,6:20:52:706713,1328
189.1751,160.7623,6:20:52:710712,1356
189.1751,160.7623,6:20:52:715473,1376
189.1751,160.7623,6:20:52:719483,1388
189.1751,160.6748,6:20:52:723483,1408
189.1751,160.5874,6:20:52:727496,1408
189.8146,160.4707,6:20:52:731481,1416
189.8146,160.325,6:20:52:735481,1424
190.4786,160.121,6:20:52:739462,1444
190.9705,159.9169,6:20:52:743476,1463
191.5115,159.6837,6:20:52:747490,1479
192.151,159.4505,6:20:52:751518,1498
192.8396,159.2756,6:20:52:755499,1498
193.5528,159.1299,6:20:52:758837,1506
194.2906,158.955,6:20:52:763827,1510
195.1022,158.8383,6:20:52:766828,1514
195.963,158.7218,6:20:52:770828,1529
196.8238,158.6343,6:20:52:774828,1544
197.6846,158.6343,6:20:52:779458,1568
198.5699,158.6343,6:20:52:783333,1598
199.5783,158.6343,6:20:52:787332,1621
200.5866,158.6343,6:20:52:791332,1643
201.6441,158.6343,6:20:52:795331,1674
202.6771,159.2756,6:20:52:799329,1701
203.71,159.2756,6:20:52:803328,1732
204.8168,159.9169,6:20:52:807329,1758
205.9727,159.9169,6:20:52:811329,1778
207.1777,160.7623,6:20:52:815329,1795
208.4074,161.3161,6:20:52:819329,1812
209.6125,161.8991,6:20:52:823329,1829
210.7684,162.5695,6:20:52:827330,1847
211.9243,163.2983,6:20:52:831331,1867
213.0802,164.1145,6:20:52:835578,1891
214.1132,165.0181,6:20:52:838586,1921
215.0477,165.9509,6:20:52:843421,1945
215.8593,166.9129,6:20:52:846641,1978
216.548,167.904,6:20:52:850684,2007
217.0398,168.9825,6:20:52:854684,2035
217.3842,170.0611,6:20:52:858766,2069
217.6055,171.198,6:20:52:862684,2092
217.6055,172.3348,6:20:52:867429,2111
217.6055,173.53,6:20:52:870729,2132
217.6055,174.7542,6:20:52:875348,2164
216.7201,176.0077,6:20:52:879346,2199
216.1299,177.1445,6:20:52:883348,2246
215.3429,178.3689,6:20:52:887346,2289
214.5313,179.5932,6:20:52:891473,2316
213.5721,180.8466,6:20:52:895484,2339
212.5638,182.0709,6:20:52:899417,2352
211.5063,183.2952,6:20:52:903299,2365
210.4487,184.4612,6:20:52:907298,2377
209.4158,185.5106,6:20:52:911308,2394
208.5058,186.6474,6:20:52:914959,2406
207.6942,187.6385,6:20:52:919969,2408
206.8826,188.4839,6:20:52:922969,2415
206.2432,189.271,6:20:52:927473,2416
205.5792,189.8831,6:20:52:931511,2418
205.0135,190.437,6:20:52:935031,2423
204.5462,190.9325,6:20:52:939055,2424
204.1527,191.3406,6:20:52:943150,2424
203.71,191.6321,6:20:52:947031,2428
203.3165,191.8653,6:20:52:951429,2431
203.0706,192.0402,6:20:52:955075,2435
202.8492,192.1277,6:20:52:959080,2439
202.7755,192.1859,6:20:52:963077,2442
202.7017,192.1859,6:20:52:966818,2446
202.6525,192.2151,6:20:52:970804,2450
202.6033,192.2151,6:20:52:975801,2456
202.6033,192.2151,6:20:52:978802,2458
202.6033,192.2151,6:20:52:982804,2458
202.6033,192.2151,6:20:52:986802,2459
202.6033,192.2151,6:20:52:991478,2457
202.6033,192.2151,6:20:52:994486,2457
203.2673,192.2151,6:20:52:998488,2456
203.2673,192.2151,6:20:53:003487,2456
204.0052,192.2151,6:20:53:006658,2452
204.4478,191.6321,6:20:53:010669,2458
205.0873,191.6321,6:20:53:014668,2455
205.8005,191.6321,6:20:53:019667,2456
206.5137,191.224,6:20:53:023323,2457
207.3991,191.224,6:20:53:027683,2453
208.3337,191.224,6:20:53:031450,2459
209.3912,191.224,6:20:53:035411,2461
210.5717,191.224,6:20:53:039450,2467
211.9489,191.224,6:20:53:043415,2472
213.3262,191.224,6:20:53:047890,2479
214.8756,191.224,6:20:53:050903,2487
216.548,192.011,6:20:53:054909,2502
218.2203,192.011,6:20:53:058900,2513
219.9419,193.1187,6:20:53:062902,2523
221.6881,193.8183,6:20:53:066902,2534
223.4096,194.6346,6:20:53:071527,2545
225.1066,195.5674,6:20:53:075535,2560
226.7298,196.5585,6:20:53:079483,2578
228.2546,197.637,6:20:53:083492,2595
229.6564,198.7447,6:20:53:087493,2609
230.9353,199.9398,6:20:53:090493,2621
232.165,201.1059,6:20:53:095493,2635
233.2225,202.301,6:20:53:099498,2642
234.0833,203.467,6:20:53:103483,2653
234.8457,204.5455,6:20:53:107482,2664
235.436,205.6241,6:20:53:111487,2665
235.9278,206.7318,6:20:53:115502,2674
236.2722,207.8103,6:20:53:118729,2678
236.4935,208.8889,6:20:53:123630,2691
236.5673,209.9091,6:20:53:127640,2721
236.5673,210.9877,6:20:53:130626,2756
236.5673,212.0663,6:20:53:135482,2803
235.9278,213.1448,6:20:53:139492,2841
235.9278,214.1651,6:20:53:143330,2876
234.8457,215.1853,6:20:53:147338,2910
234.0833,216.1472,6:20:53:151338,2941
233.1979,217.1092,6:20:53:155337,2983
232.1158,218.0712,6:20:53:159353,3020
230.9599,218.9456,6:20:53:164290,3058
229.7302,219.8201,6:20:53:168291,3095
228.353,220.6072,6:20:53:171289,3122
226.8773,221.3942,6:20:53:175302,3153
225.3771,222.0938,6:20:53:179310,3181
223.7785,222.706,6:20:53:183424,3203
222.2045,223.1432,6:20:53:187452,3228
220.5322,223.4639,6:20:53:191433,3249
218.909,223.6971,6:20:53:195436,3267
217.3104,223.8137,6:20:53:199467,3283
215.761,223.8137,6:20:53:203497,3299
214.2853,223.8137,6:20:53:206621,3309
212.8589,223.8137,6:20:53:210635,3315
211.5063,222.9392,6:20:53:214630,3313
210.2028,222.9392,6:20:53:218660,3316
209.0715,221.8898,6:20:53:223631,3314
208.0877,221.161,6:20:53:227633,3311
207.0794,220.4032,6:20:53:231421,3307
206.1694,219.6161,6:20:53:235382,3294
205.3578,218.8873,6:20:53:239381,3281
204.6446,218.1003,6:20:53:243383,3257
204.0789,217.3132,6:20:53:247504,3224
203.5871,216.5845,6:20:53:251494,3170
203.1444,215.8557,6:20:53:255502,3077
202.7755,215.2144,6:20:53:258511,2957
202.5541,214.5732,6:20:53:264625,2797
202.4312,213.961,6:20:53:266624,2613
202.382,213.3197,6:20:53:270697,2387
202.382,212.7076,6:20:53:274626,2107
202.382,212.0954,6:20:53:278629,1737
202.382,211.4832,6:20:53:282645,1270
203.2428,210.8419,6:20:53:287482,775
203.2428,210.1715,6:20:53:290490,374
204.1773,209.4427,6:20:53:295494,0
204.8168,208.714,6:20:53:299493,0
205.5546,207.8978,6:20:53:303507,0
206.317,207.0233,6:20:53:307494,0
207.1777,206.1196,6:20:53:311482,0
208.0877,205.1577,6:20:53:314831,0
209.0223,204.1375,6:20:53:318886,0
209.9077,203.1463,6:20:53:322831,0
210.9406,202.1552,6:20:53:326938,0
211.9735,201.1933,6:20:53:330833,0
212.9819,200.2314,6:20:53:335480,0
213.9902,199.2694,6:20:53:339490,0
214.9986,198.3949,6:20:53:343482,0
216.0069,197.6078,6:20:53:347493,0
216.9661,196.8208,6:20:53:351493,0
217.999,196.0629,6:20:53:355493,0
219.0073,195.3633,6:20:53:359490,0
219.9665,194.7511,6:20:53:363512,0
220.9748,194.1098,6:20:53:367481,0
221.9094,193.556,6:20:53:371491,0
222.844,193.0022,6:20:53:375482,0
223.7785,192.5358,6:20:53:379492,0
224.7131,192.0402,6:20:53:383478,0
225.5985,191.603,6:20:53:387504,0
226.4838,191.224,6:20:53:391488,0
227.2954,190.9034,6:20:53:395504,0
228.0332,190.5535,6:20:53:399486,0
228.7465,190.2329,6:20:53:403502,0
229.4105,189.9706,6:20:53:407535,0
229.9516,189.7082,6:20:53:411540,0
230.3697,189.3001,6:20:53:415485,0
230.714,188.892,6:20:53:419496,1063
230.9599,188.4547,6:20:53:423437,1070
231.1321,188.0466,6:20:53:426957,1070
231.255,187.6385,6:20:53:431025,1078
231.2796,187.2596,6:20:53:434955,1086
231.2796,186.8806,6:20:53:439031,1087
231.2796,186.5309,6:20:53:442957,1099
231.2796,186.2685,6:20:53:447342,1116
231.2796,186.0353,6:20:53:451510,1149
231.2796,185.8313,6:20:53:454675,1218
231.2796,185.5981,6:20:53:458683,1317
231.2796,185.3649,6:20:53:462813,1417
231.8699,185.1317,6:20:53:467685,1500
231.8699,184.8693,6:20:53:470815,1547
232.3863,184.5486,6:20:53:474683,1560
232.3863,184.2572,6:20:53:480340,1553
232.9274,183.9657,6:20:53:483338,1545
233.3455,183.6741,6:20:53:487399,1550
233.7882,183.3826,6:20:53:491340,1547
234.3539,183.0329,6:20:53:495097,1551
234.9687,182.7122,6:20:53:499106,1556
235.6573,182.4498,6:20:53:503330,1545
236.4443,182.1584,6:20:53:507330,1549
237.3543,181.8669,6:20:53:511329,1542
238.2888,181.5753,6:20:53:515330,1547
239.2726,181.313,6:20:53:519135,1552
240.4039,181.0798,6:20:53:523145,1548
241.486,180.8466,6:20:53:527264,1556
242.6419,180.6134,6:20:53:531147,1551
243.8716,180.3802,6:20:53:535433,1546
245.1013,180.2053,6:20:53:539183,1544
246.2818,179.9721,6:20:53:543491,1551
247.4869,179.7097,6:20:53:546505,1545
248.6428,179.4182,6:20:53:551499,1548
249.7987,179.0393,6:20:53:555503,1550
250.9546,178.6312,6:20:53:559538,1545
252.0613,178.2231,6:20:53:563501,1548
253.0943,177.7567,6:20:53:567505,1542
254.0534,177.2612,6:20:53:571528,1544
254.988,176.7365,6:20:53:575141,1538
255.8734,176.1826,6:20:53:579032,1537
256.685,175.5996,6:20:53:583054,1539
257.4228,174.9292,6:20:53:587032,1530
258.0622,174.2587,6:20:53:591474,1517
258.6771,173.5591,6:20:53:595484,1512
259.2181,172.8595,6:20:53:599133,1510
259.6854,172.1308,6:20:53:603142,1501
260.1035,171.3728,6:20:53:606627,1500
260.497,170.5567,6:20:53:610637,1503
260.7921,169.7404,6:20:53:614661,1495
261.0872,168.9534,6:20:53:619641,1498
261.3086,168.0497,6:20:53:623309,1502
261.4561,167.1752,6:20:53:627320,1494
261.6037,166.2424,6:20:53:631515,1494
261.7759,165.3096,6:20:53:634552,1476
261.8742,164.3185,6:20:53:639551,1465
261.8988,163.3857,6:20:53:642552,1446
261.8988,162.5112,6:20:53:647702,1451
261.8988,161.6076,6:20:53:651713,1486
261.8988,160.7914,6:20:53:654712,1517
261.8988,160.0918,6:20:53:658749,1564
261.8988,159.4505,6:20:53:662779,1599
261.8988,158.955,6:20:53:666810,1636
261.8988,158.4886,6:20:53:670779,1685
261.8988,158.1679,6:20:53:675426,1732
261.8988,157.9055,6:20:53:679250,1774
261.8988,157.7598,6:20:53:682810,1792
261.4561,157.6432,6:20:53:686789,1796
261.4561,157.614,6:20:53:691429,1790
261.4561,157.614,6:20:53:694837,1783
261.4561,157.614,6:20:53:700827,1776
261.4561,157.614,6:20:53:703827,1787
261.4561,158.4594,6:20:53:708833,1801
261.4561,158.4594,6:20:53:711845,1812
261.4561,159.6837,6:20:53:714829,1837
261.948,160.5291,6:20:53:718827,1849
261.948,161.5493,6:20:53:722905,1866
262.5137,162.6861,6:20:53:727914,1900
262.5137,163.9688,6:20:53:730901,1948
263.2761,165.3388,6:20:53:734900,2013
263.6696,166.8546,6:20:53:739480,2088
264.1123,168.4287,6:20:53:742492,2160
264.555,170.0611,6:20:53:747426,2231
265.0222,171.8392,6:20:53:750613,2303
265.4649,173.6465,6:20:53:754623,2382
265.8584,175.6288,6:20:53:758633,2455
266.2274,177.7567,6:20:53:763633,2516
266.5717,180.0013,6:20:53:766633,2557
266.8914,182.3041,6:20:53:771480,2593
267.1373,184.6653,6:20:53:775489,2626
267.3341,187.0847,6:20:53:779480,2657
267.5062,189.475,6:20:53:783488,2692
267.6292,191.8653,6:20:53:787491,2721
267.8013,194.1098,6:20:53:791489,2740
267.9489,196.1795,6:20:53:795488,2762
268.0473,198.1034,6:20:53:799488,2779
268.1457,199.9398,6:20:53:803474,2786
268.2686,201.6306,6:20:53:807475,2797
268.3916,203.2338,6:20:53:811372,2802
268.4654,204.633,6:20:53:815376,2807
268.5392,206.0031,6:20:53:819375,2813
268.6621,207.2274,6:20:53:823402,2821
268.7851,208.3642,6:20:53:827409,2821
268.8835,209.4136,6:20:53:831385,2821
269.0556,210.3755,6:20:53:835448,2825
269.2278,211.2209,6:20:53:839442,2828
269.4245,211.9496,6:20:53:842630,2832
269.6213,212.6201,6:20:53:846640,2832
269.7688,213.1448,6:20:53:850689,2823
269.9164,213.582,6:20:53:854640,2799
270.0394,213.961,6:20:53:859667,2762
270.2361,214.2816,6:20:53:862640,2713
270.3591,214.5148,6:20:53:866639,2638
270.4821,214.6606,6:20:53:870643,2520
270.605,214.748,6:20:53:875472,2332
270.7034,214.748,6:20:53:878483,2065
270.8018,214.748,6:20:53:883472,1676
270.9739,214.748,6:20:53:887480,1174
271.1707,213.9901,6:20:53:891482,690
271.3674,213.9901,6:20:53:895482,301
271.5888,212.6492,6:20:53:899487,0
271.8347,211.7456,6:20:53:903503,0
272.1053,210.6671,6:20:53:907486,0
272.4496,209.3553,6:20:53:910644,0
272.9168,207.8395,6:20:53:914667,0
273.3841,206.2071,6:20:53:919425,0
273.9252,204.4872,6:20:53:922661,0
274.54,202.6508,6:20:53:926658,0
275.2533,200.8143,6:20:53:931384,0
276.1386,198.9196,6:20:53:935349,0
277.0486,197.0248,6:20:53:939357,0
278.0078,195.1884,6:20:53:943313,0
279.0653,193.3228,6:20:53:947326,0
280.172,191.5155,6:20:53:951322,0
281.3279,189.7374,6:20:53:955322,0
282.4838,187.9301,6:20:53:959630,0
283.6889,186.181,6:20:53:962640,0
284.9186,184.3737,6:20:53:967480,0
286.1975,182.5956,6:20:53:970490,0
287.4518,180.7883,6:20:53:975489,0
288.706,178.981,6:20:53:979491,0
289.9849,177.1445,6:20:53:982491,0
291.313,175.3956,6:20:53:986490,0
292.641,173.6757,6:20:53:991492,0
293.9445,171.985,6:20:53:995608,0
295.248,170.4109,6:20:53:999126,0
296.5269,169.0117,6:20:54:003123,0
297.8057,167.7291,6:20:54:007127,0
299.0108,166.6214,6:20:54:011126,0
300.0929,165.6303,6:20:54:015404,0
301.1259,164.7849,6:20:54:019414,0
302.0359,164.0271,6:20:54:023414,0
302.8474,163.4149,6:20:54:027349,0
303.5361,162.8611,6:20:54:031359,0
304.1755,162.3363,6:20:54:035360,0
304.692,161.8991,6:20:54:039360,0
305.2084,161.4327,6:20:54:043368,0
305.6757,161.0246,6:20:54:047379,0
306.1184,160.6165,6:20:54:051408,0
306.5365,160.2084,6:20:54:055588,0
306.93,159.8003,6:20:54:058608,0
307.2989,159.4214,6:20:54:063601,0
307.6924,159.0424,6:20:54:066599,0
308.0367,158.8092,6:20:54:070687,0
308.2581,158.4886,6:20:54:074601,0
308.4548,158.1679,6:20:54:078746,0
308.6516,157.789,6:20:54:082746,0
308.7991,157.3808,6:20:54:087747,747
308.9713,157.0602,6:20:54:090757,748
309.0697,156.7104,6:20:54:094757,757
309.1434,156.4189,6:20:54:098757,766
309.1926,156.1274,6:20:54:102758,785
309.2418,155.8942,6:20:54:107758,802
309.3156,155.8067,6:20:54:111771,812
309.3402,155.7484,6:20:54:114997,828
309.3648,155.7484,6:20:54:119010,836
309.4386,155.7484,6:20:54:122857,884
309.4878,155.7484,6:20:54:126854,978
309.6107,156.7687,6:20:54:130874,1088
309.7583,156.7687,6:20:54:134965,1229
309.9059,158.1387,6:20:54:138857,1351
310.078,159.1007,6:20:54:142860,1443
310.2747,160.2667,6:20:54:148355,1556
310.4961,161.6076,6:20:54:151353,1650
310.6928,163.0943,6:20:54:155423,1745
310.865,164.61,6:20:54:158938,1844
311.0863,166.2716,6:20:54:162938,1915
311.3077,167.9332,6:20:54:166959,1986
311.5536,169.7113,6:20:54:170936,2041
311.8488,171.5186,6:20:54:174937,2100
312.1439,173.4133,6:20:54:178937,2160
312.4882,175.3372,6:20:54:183255,2223
312.8325,177.3486,6:20:54:187140,2288
313.2506,179.4474,6:20:54:191140,2356
313.6933,181.6045,6:20:54:196156,2408
314.1114,183.8199,6:20:54:200138,2459
314.5541,186.0353,6:20:54:203137,2509
314.9722,188.1924,6:20:54:207795,2539
315.3411,190.2912,6:20:54:210804,2572
315.71,192.3026,6:20:54:216804,2593
316.0543,194.1973,6:20:54:218816,2604
316.3248,195.888,6:20:54:222808,2618
316.5461,197.4912,6:20:54:227813,2623
316.7429,198.8904,6:20:54:231143,2626
316.8905,200.1439,6:20:54:235021,2632
317.0134,201.3099,6:20:54:239062,2636
317.0626,202.3302,6:20:54:243019,2641
317.1118,203.263,6:20:54:247480,2648
317.161,204.0208,6:20:54:251488,2644
317.161,204.6913,6:20:54:255491,2624
317.161,205.216,6:20:54:259488,2574
317.1856,205.7115,6:20:54:263164,2481
317.2102,206.0322,6:20:54:267168,2361
317.2102,206.3237,6:20:54:271233,2209
317.284,206.5569,6:20:54:275163,2029
317.3086,206.6735,6:20:54:279446,1747
317.407,206.7027,6:20:54:283430,1370
317.5545,206.7027,6:20:54:287431,878
317.7758,206.7027,6:20:54:291427,447
318.0464,205.9739,6:20:54:295424,0
318.3907,205.9739,6:20:54:299797,0
318.858,204.5455,6:20:54:302807,0
319.399,203.4379,6:20:54:306808,0
320.0876,202.097,6:20:54:311807,0
320.8993,200.552,6:20:54:314807,0
321.8584,198.8613,6:20:54:319476,0
322.8914,196.9957,6:20:54:323491,0
324.0718,195.0718,6:20:54:326487,0
325.4245,193.1479,6:20:54:331478,0
326.9247,191.224,6:20:54:335490,0
328.5725,189.3293,6:20:54:339440,0
330.3924,187.5219,6:20:54:343448,0
332.3599,185.8604,6:20:54:347448,0
334.4258,184.2572,6:20:54:351466,0
336.6393,182.6248,6:20:54:355448,0
339.0494,181.0506,6:20:54:359526,0
341.4842,179.4765,6:20:54:362538,0
344.042,177.9316,6:20:54:366536,0
346.6735,176.4449,6:20:54:371539,0
349.4526,175.0166,6:20:54:375270,0
352.2317,173.53,6:20:54:379314,0
355.0354,172.0141,6:20:54:383476,0
357.8391,170.6149,6:20:54:387501,0
360.6674,169.2449,6:20:54:391487,0
363.4464,167.904,6:20:54:394486,0
366.1026,166.5631,6:20:54:399494,0
368.6849,165.2805,6:20:54:403875,0
371.0705,163.9688,6:20:54:406887,0
373.3331,162.7444,6:20:54:411489,0
375.4728,161.5784,6:20:54:415505,0
377.4895,160.4707,6:20:54:419497,0
379.334,159.4505,6:20:54:423511,0
381.0556,158.576,6:20:54:427501,0
382.7033,157.789,6:20:54:431524,0
384.2036,157.1185,6:20:54:435547,0
385.5808,156.623,6:20:54:439557,0
386.7613,156.1566,6:20:54:443557,0
387.868,155.8067,6:20:54:446559,0
388.8764,155.457,6:20:54:451491,0
389.688,155.1655,6:20:54:455485,0
390.5487,154.9323,6:20:54:459487,0
391.2128,154.6991,6:20:54:462759,0
391.803,154.4659,6:20:54:466768,0
392.2949,154.2035,6:20:54:471774,0
392.8114,153.9411,6:20:54:474770,0
393.2295,153.6788,6:20:54:479356,0
393.6476,153.4747,6:20:54:483388,0
394.0165,153.2124,6:20:54:487388,0
394.3116,152.9792,6:20:54:491541,0
394.5821,152.7751,6:20:54:495540,0
394.8527,152.5419,6:20:54:499553,0
395.074,152.3962,6:20:54:503540,0
395.2953,152.2796,6:20:54:507346,0
395.4183,152.1922,6:20:54:511379,0
395.5167,151.959,6:20:54:515535,0
395.5413,151.6383,6:20:54:518535,0
395.5413,151.2302,6:20:54:522535,1187
395.5413,150.9095,6:20:54:527614,1199
395.5413,150.5306,6:20:54:530624,1211
395.5413,150.1808,6:20:54:534660,1223
395.5413,149.8602,6:20:54:538624,1236
395.5413,149.5395,6:20:54:542651,1232
395.5413,149.3938,6:20:54:546632,1224
395.5413,149.3938,6:20:54:550624,1224
395.5413,149.3938,6:20:54:554624,1241
395.5413,150.1808,6:20:54:558642,1283
395.5413,150.1808,6:20:54:562624,1347
395.5413,151.4634,6:20:54:566624,1451
395.5413,152.3962,6:20:54:570624,1565
395.5413,153.4747,6:20:54:574627,1682
395.5413,154.6991,6:20:54:578624,1799
395.5413,155.9816,6:20:54:583344,1896
396.1069,157.3517,6:20:54:586747,1975
396.1069,158.7218,6:20:54:591201,2040
396.4513,160.0918,6:20:54:595192,2093
396.4513,161.491,6:20:54:599189,2126
396.894,162.8611,6:20:54:603188,2147
397.1399,164.2894,6:20:54:607186,2172
397.3858,165.6886,6:20:54:610658,2194
397.6317,167.0587,6:20:54:614701,2217
397.8531,168.4287,6:20:54:618746,2246
398.099,169.8279,6:20:54:622759,2262
398.3204,171.2854,6:20:54:626781,2278
398.5171,172.7137,6:20:54:630756,2288
398.6647,174.1712,6:20:54:635354,2296
398.8369,175.5704,6:20:54:639385,2311
398.9598,176.9113,6:20:54:643881,2324
399.0828,178.3689,6:20:54:648401,2334
399.2057,179.8264,6:20:54:651451,2342
399.3287,181.2256,6:20:54:655395,2350
399.4517,182.5956,6:20:54:658782,2355
399.5992,183.9365,6:20:54:662770,2364
399.7714,185.1608,6:20:54:666782,2372
399.9927,186.3268,6:20:54:670770,2379
400.1649,187.4637,6:20:54:675429,2381
400.3617,188.3382,6:20:54:679437,2383
400.583,189.1252,6:20:54:683496,2378
400.7552,189.7374,6:20:54:687468,2369
400.9519,190.2329,6:20:54:691686,2360
401.0995,190.5827,6:20:54:697704,2354
401.2716,190.845,6:20:54:699713,2351
401.3208,190.9908,6:20:54:702696,2349
401.4192,191.0782,6:20:54:707813,2345
401.4438,191.0782,6:20:54:710842,2316
401.4438,191.0782,6:20:54:714846,2272
401.4438,191.0782,6:20:54:718729,2216
401.4438,190.0871,6:20:54:723247,2152
401.4438,189.4458,6:20:54:727289,2103
401.4438,188.7171,6:20:54:731257,2056
400.6322,187.8134,6:20:54:735257,2021
400.6322,186.7349,6:20:54:739422,1998
399.8698,185.5981,6:20:54:743432,1987
399.3533,184.4612,6:20:54:747425,1984
398.7385,183.3535,6:20:54:751442,1982
398.1482,182.2749,6:20:54:755436,1973
397.4842,181.2256,6:20:54:759509,1963
396.7956,180.2636,6:20:54:763515,1956
396.0823,179.4182,6:20:54:767493,1943
395.4183,178.7186,6:20:54:771493,1941
394.7789,178.1648,6:20:54:775552,1932
394.0411,177.6109,6:20:54:778565,1931
393.3524,177.0862,6:20:54:783563,1933
392.713,176.649,6:20:54:787562,1937
392.049,176.2992,6:20:54:791562,1945
391.4587,176.0077,6:20:54:794562,1961
390.9177,175.7453,6:20:54:799513,1989
390.4258,175.5413,6:20:54:803549,2026
389.9585,175.3372,6:20:54:806551,2072
389.6388,175.1915,6:20:54:810549,2113
389.4174,175.1332,6:20:54:814548,2153
389.2453,175.0457,6:20:54:819549,2181
389.1223,174.9874,6:20:54:823384,2202
389.1223,174.9292,6:20:54:827414,2217
389.1223,174.9292,6:20:54:831397,2225
389.1223,174.9292,6:20:54:835395,2227
389.1223,174.9292,6:20:54:839394,2228
389.8601,174.9292,6:20:54:843394,2228
390.4012,174.9,6:20:54:847466,2229
390.9914,174.9,6:20:54:851474,2234
391.803,174.9,6:20:54:854828,2236
392.713,174.9,6:20:54:858826,2236
393.8197,174.9,6:20:54:862825,2237
395.0494,174.9,6:20:54:866824,2236
396.4021,174.9,6:20:54:871472,2239
397.7547,174.9,6:20:54:875481,2244
399.1812,174.9,6:20:54:879175,2243
400.6814,174.9,6:20:54:883168,2242
402.1816,174.9,6:20:54:887167,2240
403.6818,174.9,6:20:54:891168,2246
405.1574,174.9,6:20:54:895381,2255
406.6577,174.9,6:20:54:899388,2262
408.1333,174.0255,6:20:54:903021,2269
409.6089,174.0255,6:20:54:907021,2268
411.0845,173.2093,6:20:54:911029,2263
412.511,172.6555,6:20:54:915020,2260
413.8882,172.0141,6:20:54:919830,2255
415.2163,171.2854,6:20:54:923853,2248
416.4706,170.4692,6:20:54:926985,2240
417.7249,169.5364,6:20:54:931030,2229
418.8562,168.487,6:20:54:935581,2216
419.9383,167.321,6:20:54:938591,2208
420.9466,166.0384,6:20:54:942796,2203
421.8566,164.6684,6:20:54:946761,2198
422.619,163.2983,6:20:54:950772,2193
423.3568,161.8991,6:20:54:955760,2192
423.9962,160.4999,6:20:54:959479,2185
424.5373,159.1299,6:20:54:962487,2182
425.0046,157.8472,6:20:54:967487,2181
425.3735,156.5647,6:20:54:971487,2170
425.6932,155.4278,6:20:54:975489,2174
425.9146,154.3492,6:20:54:979499,2178
426.1359,153.329,6:20:54:983413,2182
426.3081,152.3671,6:20:54:987425,2201
426.4064,151.4926,6:20:54:991423,2222
426.4802,150.6472,6:20:54:995426,2253
426.5294,149.9476,6:20:54:999427,2301
426.6032,149.3063,6:20:55:003424,2350
426.6278,148.7233,6:20:55:007399,2401
426.6524,148.2569,6:20:55:011407,2460
426.6524,147.8779,6:20:55:015409,2505
426.6524,147.5865,6:20:55:019407,2539
426.6524,147.3824,6:20:55:023433,2556
426.6524,147.295,6:20:55:027411,2546
426.6524,147.295,6:20:55:031425,2538
426.6524,147.295,6:20:55:035425,2532
426.6524,147.295,6:20:55:039426,2529
426.6524,148.3152,6:20:55:043429,2538
426.6524,149.1022,6:20:55:047428,2548
426.6524,150.035,6:20:55:051363,2555
426.6524,151.1719,6:20:55:055361,2569
426.6524,152.5128,6:20:55:059362,2589
426.1851,154.0286,6:20:55:063361,2616
426.1851,155.661,6:20:55:066588,2661
426.1851,157.3808,6:20:55:070582,2718
426.1851,159.1299,6:20:55:074598,2786
426.1851,160.8788,6:20:55:078581,2849
426.1851,162.657,6:20:55:082696,2904
426.1851,164.3768,6:20:55:086642,2954
426.1851,166.0967,6:20:55:091037,2996
426.1851,167.7583,6:20:55:094999,3036
426.1851,169.3907,6:20:55:098991,3079
426.1851,170.9648,6:20:55:102992,3118
426.1851,172.568,6:20:55:107455,3157
426.7262,174.1129,6:20:55:111463,3195
426.7262,175.5996,6:20:55:115102,3230
426.7262,177.1445,6:20:55:119109,3256
427.1197,178.6895,6:20:55:123194,3270
427.1197,180.2345,6:20:55:127132,3285
427.1197,181.8085,6:20:55:131192,3289
427.5132,183.3826,6:20:55:135131,3294
427.5132,184.9276,6:20:55:139669,3303
427.5132,186.4142,6:20:55:143689,3307
427.7591,188.0175,6:20:55:146686,3318
427.7591,189.475,6:20:55:150682,3326
427.9804,190.9034,6:20:55:154778,3331
428.0542,192.1859,6:20:55:158679,3334
428.128,193.4102,6:20:55:163472,3334
428.2018,194.5471,6:20:55:166482,3330
428.251,195.5965,6:20:55:171485,3302
428.2756,196.5293,6:20:55:175480,3228
428.3247,197.2872,6:20:55:178481,3098
428.3247,198.0451,6:20:55:182490,2933
428.3247,198.7155,6:20:55:187488,2707
428.3247,199.2986,6:20:55:192483,2415
428.3247,199.8232,6:20:55:194483,2045
428.3247,200.2605,6:20:55:199481,1608
427.7099,200.6686,6:20:55:203715,1151
427.7099,201.0475,6:20:55:206724,683
426.9967,201.3099,6:20:55:210726,349
426.6032,201.3974,6:20:55:214724,0
426.0867,201.4556,6:20:55:218828,0
425.4719,201.4556,6:20:55:222724,0
424.6849,201.4556,6:20:55:227491,0
423.8487,200.6686,6:20:55:231502,0
422.9387,200.6686,6:20:55:235507,0
422.0287,199.2111,6:20:55:239502,0
421.0942,198.3074,6:20:55:243483,0
420.0121,197.1998,6:20:55:248514,0
418.8807,196.0046,6:20:55:251493,0
417.7495,194.6929,6:20:55:255492,0
416.5935,193.3228,6:20:55:259493,0
415.3884,191.9527,6:20:55:262491,0
414.0604,190.5535,6:20:55:266492,0
412.6585,189.1543,6:20:55:271512,0
411.2075,187.6677,6:20:55:275518,0
409.6581,186.2393,6:20:55:279520,0
408.0103,184.811,6:20:55:283518,0
406.2888,183.4409,6:20:55:287473,0
404.395,182.0417,6:20:55:291485,0
402.3784,180.6425,6:20:55:295503,0
400.3863,179.3308,6:20:55:299487,0
398.2466,178.019,6:20:55:302582,0
396.0577,176.7948,6:20:55:307603,0
393.7705,175.5996,6:20:55:310595,0
391.5079,174.4044,6:20:55:315592,0
389.2453,173.2968,6:20:55:318593,0
387.081,172.3056,6:20:55:322776,0
385.0643,171.4312,6:20:55:326778,0
383.0968,170.5567,6:20:55:331475,0
381.2031,169.8279,6:20:55:334789,0
379.4324,169.0992,6:20:55:338789,0
377.8338,168.3704,6:20:55:342791,0
376.4073,167.7583,6:20:55:346791,0
375.0301,167.1169,6:20:55:350788,0
373.7512,166.534,6:20:55:354788,0
372.6199,165.9509,6:20:55:358788,0
371.4886,165.3971,6:20:55:362788,0
370.5049,164.8432,6:20:55:366789,0
369.5949,164.3185,6:20:55:371422,0
368.7833,163.8813,6:20:55:374767,0
367.9471,163.3857,6:20:55:378768,0
367.1601,162.9776,6:20:55:383299,0
366.4961,162.5404,6:20:55:387310,0
365.8566,162.1323,6:20:55:391312,0
365.2172,161.7533,6:20:55:395309,0
364.6515,161.3744,6:20:55:399477,0
364.1351,161.0538,6:20:55:403504,0
363.6186,160.6748,6:20:55:407466,0
363.2497,160.325,6:20:55:411496,0
362.93,160.0043,6:20:55:414494,0
362.684,159.6837,6:20:55:419476,0
362.4627,159.3047,6:20:55:423475,0
362.3889,158.9841,6:20:55:427475,0
362.2905,158.6343,6:20:55:431478,0
362.2413,158.3136,6:20:55:435487,0
362.1676,157.9347,6:20:55:438852,0
362.0692,157.614,6:20:55:442851,0
361.9462,157.2643,6:20:55:446852,0
361.774,156.9727,6:20:55:450851,0
361.5773,156.7104,6:20:55:454851,0
361.3806,156.4189,6:20:55:458854,0
361.1592,156.2148,6:20:55:462852,0
360.9379,155.9525,6:20:55:466851,0
360.8149,155.8067,6:20:55:471483,0
360.7165,155.661,6:20:55:475511,0
360.5936,155.5444,6:20:55:478493,0
360.5444,155.3987,6:20:55:483507,0
360.4706,155.2529,6:20:55:487498,0
360.446,155.0488,6:20:55:490967,0
360.4214,154.7574,6:20:55:494982,0
360.4214,154.4367,6:20:55:499473,785
360.4214,154.0869,6:20:55:503487,821
360.4214,153.7371,6:20:55:507473,888
360.4214,153.3582,6:20:55:511475,1002
360.4214,153.0083,6:20:55:515799,1144
360.4214,152.6877,6:20:55:518800,1266
360.4214,152.4545,6:20:55:522574,1364
360.4214,152.3671,6:20:55:526585,1417
360.4214,152.3087,6:20:55:531600,1437
360.4214,152.3087,6:20:55:534584,1444
360.4214,152.3087,6:20:55:539481,1448
360.8395,152.3087,6:20:55:542494,1486
360.8395,152.3087,6:20:55:547461,1558
360.8395,153.3582,6:20:55:550810,1654
360.8395,153.9411,6:20:55:554812,1784
361.3068,154.7282,6:20:55:558813,1903
361.3068,155.661,6:20:55:562812,2019
361.6511,156.7687,6:20:55:567484,2132
361.6511,157.993,6:20:55:571493,2227
361.9708,159.2756,6:20:55:575097,2317
361.9708,160.6748,6:20:55:579095,2399
362.1676,162.1031,6:20:55:583094,2480
362.2413,163.5315,6:20:55:587117,2554
362.3397,164.9307,6:20:55:590983,2617
362.4135,166.3882,6:20:55:594996,2668
362.5119,167.7583,6:20:55:598993,2709
362.6349,169.0992,6:20:55:602996,2750
362.7578,170.3817,6:20:55:606994,2789
362.8808,171.6935,6:20:55:610996,2821
362.9792,172.9469,6:20:55:614996,2847
363.1021,174.2004,6:20:55:619076,2860
363.2251,175.4538,6:20:55:623099,2867
363.3235,176.5907,6:20:55:627099,2881
363.3972,177.7567,6:20:55:631460,2892
363.471,178.8936,6:20:55:635470,2902
363.5694,180.0887,6:20:55:639475,2913
363.6678,181.2547,6:20:55:642488,2916
363.7416,182.4498,6:20:55:647485,2918
363.8153,183.5576,6:20:55:651502,2917
363.8399,184.6361,6:20:55:655484,2902
363.8645,185.7438,6:20:55:658485,2856
363.9629,186.7932,6:20:55:663353,2762
364.0121,187.7551,6:20:55:667385,2629
364.0121,188.6005,6:20:55:671355,2428
364.0121,189.3293,6:20:55:675350,2168
364.0121,189.9997,6:20:55:679356,1884
364.0121,190.5535,6:20:55:683366,1538
364.0121,190.9617,6:20:55:687473,1136
364.0121,191.3406,6:20:55:691482,713
363.3727,191.603,6:20:55:695219,359
363.3727,191.7487,6:20:55:700103,0
363.3727,191.7778,6:20:55:706109,0
362.807,191.7778,6:20:55:708106,0
362.807,191.7778,6:20:55:711106,0
362.807,190.9325,6:20:55:715105,0
362.4381,190.2621,6:20:55:719106,0
362.4381,189.3875,6:20:55:723234,0
362.4381,188.3382,6:20:55:727606,0
362.4381,187.1138,6:20:55:730606,0
362.4381,185.7438,6:20:55:734616,0
363.0284,184.4612,6:20:55:738606,0
363.0284,183.0912,6:20:55:742607,0
363.9629,181.6337,6:20:55:746606,0
364.6269,180.2636,6:20:55:750606,0
365.4139,178.9227,6:20:55:754609,0
366.1518,177.5235,6:20:55:758609,0
367.0125,176.1826,6:20:55:762609,0
367.8241,174.8708,6:20:55:766748,0
368.5865,173.5008,6:20:55:770749,0
369.4473,172.1308,6:20:55:774751,0
370.2589,170.8773,6:20:55:778749,0
370.9721,169.653,6:20:55:783343,0
371.7099,168.4287,6:20:55:787343,0
372.4969,167.2336,6:20:55:791340,0
373.2101,166.1259,6:20:55:795340,0
373.8988,165.0181,6:20:55:799473,0
374.612,163.9104,6:20:55:803484,0
375.276,162.8319,6:20:55:806493,0
375.8909,161.7533,6:20:55:811483,0
376.4565,160.6456,6:20:55:815483,0
376.973,159.5671,6:20:55:819484,0
377.4403,158.5468,6:20:55:823075,0
377.8338,157.5266,6:20:55:827081,0
378.1781,156.623,6:20:55:831174,0
378.424,155.8067,6:20:55:835082,0
378.6208,154.9906,6:20:55:839084,0
378.7683,154.3201,6:20:55:843081,0
378.8667,153.7663,6:20:55:847081,0
378.9405,153.329,6:20:55:851081,0
378.9405,152.9209,6:20:55:855081,0
378.9405,152.5419,6:20:55:859081,0
378.9405,152.1922,6:20:55:863081,0
378.9405,151.8715,6:20:55:867081,0
378.3503,151.58,6:20:55:871081,0
378.3503,151.2885,6:20:55:875621,0
378.3503,150.9387,6:20:55:878631,0
377.7108,150.6472,6:20:55:882634,0
377.7108,150.3848,6:20:55:886631,0
377.1943,150.1225,6:20:55:890634,0
377.1943,149.8018,6:20:55:895655,0
376.5549,149.5103,6:20:55:898667,0
376.186,149.2189,6:20:55:902665,0
375.7679,148.8982,6:20:55:906666,0
375.3498,148.6942,6:20:55:910665,0
374.9317,148.461,6:20:55:914838,0
374.489,148.1986,6:20:55:918781,0
374.0218,147.9362,6:20:55:922781,0
373.5545,147.7322,6:20:55:926781,0
373.0872,147.5282,6:20:55:931783,0
372.6445,147.295,6:20:55:934781,0
372.2264,147.0326,6:20:55:939558,0
371.7837,146.6828,6:20:55:942571,0
371.341,146.333,6:20:55:947472,0
370.9721,145.8083,6:20:55:950482,0
370.6032,145.3127,6:20:55:955481,698
370.2097,144.9046,6:20:55:959483,703
369.8654,144.4966,6:20:55:963482,716
369.5211,144.1467,6:20:55:967501,740
369.1768,143.8261,6:20:55:971524,785
368.8325,143.6221,6:20:55:974533,846
368.4636,143.4763,6:20:55:978618,919
367.9717,143.4763,6:20:55:982629,1010
367.5044,143.4763,6:20:55:987628,1108
366.9633,143.4763,6:20:55:990629,1210
366.3485,143.4763,6:20:55:995340,1317
365.6845,143.4763,6:20:55:998902,1416
364.9958,144.205,6:20:56:003250,1508
364.3072,144.205,6:20:56:007251,1594
363.594,144.205,6:20:56:011252,1674
362.8808,144.7589,6:20:56:015252,1756
362.0446,144.7589,6:20:56:018569,1832
361.233,144.7589,6:20:56:023570,1900
360.2738,144.7589,6:20:56:027569,1957
359.3147,144.7589,6:20:56:030590,1999
358.2572,144.7589,6:20:56:035465,2031
357.0767,144.7589,6:20:56:039475,2058
355.7486,144.7589,6:20:56:043465,2078
354.3467,144.7589,6:20:56:047474,2096
352.8711,144.0885,6:20:56:050894,2111
351.2971,144.0885,6:20:56:054894,2115
349.6248,144.0885,6:20:56:058928,2117
347.8786,143.3597,6:20:56:062895,2118
346.1324,143.3597,6:20:56:067465,2116
344.3125,142.5726,6:20:56:071473,2122
342.5172,142.1354,6:20:56:075139,2126
340.7218,141.6107,6:20:56:079122,2128
338.951,140.9986,6:20:56:083203,2130
337.2049,140.299,6:20:56:087127,2136
335.6309,139.5119,6:20:56:091254,2137
334.1061,138.6665,6:20:56:095263,2141
332.6797,137.7629,6:20:56:099264,2142
331.2778,136.8884,6:20:56:103264,2135
329.9252,135.8681,6:20:56:107262,2134
328.6709,134.8479,6:20:56:111264,2127
327.5396,133.7402,6:20:56:115339,2126
326.482,132.545,6:20:56:119338,2117
325.4245,131.3208,6:20:56:123338,2109
324.4653,130.0381,6:20:56:127340,2099
323.58,128.6973,6:20:56:131337,2083
322.8422,127.298,6:20:56:135342,2074
322.1781,125.928,6:20:56:139339,2062
321.6125,124.5288,6:20:56:143373,2060
321.1452,123.1588,6:20:56:147362,2059
320.8009,121.7887,6:20:56:152345,2057
320.5795,120.4478,6:20:56:155338,2058
320.4812,119.1069,6:20:56:159337,2048
320.4812,117.8243,6:20:56:163340,2043
320.4812,116.6,6:20:56:167342,2034
320.4812,115.3465,6:20:56:171343,2025
321.1452,114.1514,6:20:56:175341,2018
321.1452,113.0437,6:20:56:179340,2012
322.1043,111.8777,6:20:56:183340,2007
322.7438,110.8283,6:20:56:187340,2002
323.4816,109.8081,6:20:56:191340,2002
324.367,108.9335,6:20:56:195340,2002
325.3999,108.1173,6:20:56:199339,1999
326.482,107.3303,6:20:56:204366,2000
327.6871,106.6599,6:20:56:207364,1999
329.0398,106.0477,6:20:56:211364,1996
330.54,105.523,6:20:56:215373,1991
332.237,105.0857,6:20:56:219367,1995
334.1307,104.7068,6:20:56:223388,1996
336.2704,104.2987,6:20:56:227513,1996
338.5822,104.0072,6:20:56:231510,2005
341.1645,103.8323,6:20:56:235502,2008
344.042,103.7449,6:20:56:240503,2006
347.067,103.7449,6:20:56:243500,2006
350.215,103.7449,6:20:56:246501,2007
353.3876,103.7449,6:20:56:251346,2008
356.511,104.6777,6:20:56:255354,2011
359.6344,104.6777,6:20:56:259513,2019
362.7578,106.0477,6:20:56:262515,2027
365.8566,107.0097,6:20:56:267510,2036
368.9308,108.1173,6:20:56:271510,2061
372.0297,109.3708,6:20:56:275400,2077
375.0793,110.7409,6:20:56:279360,2092
378.1781,112.1983,6:20:56:283414,2103
381.2523,113.7433,6:20:56:287373,2113
384.179,115.2882,6:20:56:290681,2125
386.9581,116.8624,6:20:56:294689,2136
389.6142,118.3198,6:20:56:298691,2152
392.1227,119.7774,6:20:56:302689,2159
394.4592,121.1474,6:20:56:307375,2163
396.648,122.4883,6:20:56:311408,2172
398.7631,123.7126,6:20:56:314968,2179
400.8044,124.8786,6:20:56:318982,2182
402.7964,126.0446,6:20:56:323302,2192
404.7639,127.094,6:20:56:327312,2195
406.6331,128.1142,6:20:56:331315,2197
408.4776,129.1053,6:20:56:335316,2199
410.2238,130.0381,6:20:56:339383,2169
411.9453,130.9418,6:20:56:343409,2093
413.5931,131.8746,6:20:56:347475,1945
415.0933,132.7782,6:20:56:351489,1705
416.5689,133.6819,6:20:56:355486,1390
417.9708,134.6147,6:20:56:359485,1010
419.3726,135.5475,6:20:56:363486,608
420.6269,136.422,6:20:56:367496,298
421.8074,137.3257,6:20:56:371626,0
423.0125,138.2585,6:20:56:374637,0
424.1684,139.1038,6:20:56:378724,0
425.3735,139.9783,6:20:56:382644,0
426.6278,140.7945,6:20:56:386725,0
427.9066,141.5524,6:20:56:391637,0
429.2593,142.2811,6:20:56:394637,0
430.7104,143.0974,6:20:56:399473,0
432.3335,143.8844,6:20:56:402991,0
434.1043,144.6423,6:20:56:406991,0
435.998,145.4585,6:20:56:410991,0
437.9901,146.333,6:20:56:414988,0
440.1298,147.2075,6:20:56:418989,0
442.3924,148.1403,6:20:56:423419,0
444.778,149.1314,6:20:56:426999,0
447.2127,150.2099,6:20:56:431003,0
449.6721,151.2302,6:20:56:435684,0
452.2053,152.2796,6:20:56:438694,0
454.763,153.3582,6:20:56:442695,0
457.2716,154.4367,6:20:56:446693,0
459.6326,155.5152,6:20:56:450695,0
461.8952,156.5355,6:20:56:454695,0
464.0103,157.5849,6:20:56:458724,0
466.0516,158.576,6:20:56:462695,0
467.8961,159.5379,6:20:56:467719,0
469.5685,160.4999,6:20:56:470732,0
471.0687,161.3744,6:20:56:474815,0
472.4705,162.2489,6:20:56:478729,0
473.774,163.0651,6:20:56:483729,0
474.9299,163.7939,6:20:56:487744,0
476.0366,164.4935,6:20:56:490730,0
477.0695,165.1639,6:20:56:495429,0
478.0779,165.7469,6:20:56:499741,0
479.0125,166.2716,6:20:56:502836,0
479.8487,166.7672,6:20:56:506846,0
480.6602,167.1752,6:20:56:510846,0
481.4472,167.4959,6:20:56:514846,0
482.2343,167.7874,6:20:56:519476,0
482.8737,168.0497,6:20:56:523517,0
483.4393,168.2829,6:20:56:527489,0
483.9558,168.4579,6:20:56:531476,0
484.3247,168.5744,6:20:56:534744,0
484.7182,168.6911,6:20:56:539749,0
485.0133,168.7493,6:20:56:542744,0
485.1855,168.7785,6:20:56:547755,0
485.3085,168.866,6:20:56:551754,0
485.3577,168.866,6:20:56:555088,0
485.4068,168.866,6:20:56:559090,0
485.456,168.866,6:20:56:563090,0
485.456,168.866,6:20:56:567090,0
485.456,168.866,6:20:56:571090,0
485.456,168.866,6:20:56:575479,0
485.456,168.866,6:20:56:579801,0
485.456,168.866,6:20:56:582802,0
485.456,168.2829,6:20:56:586804,0
485.456,168.2829,6:20:56:590802,0
485.456,168.2829,6:20:56:594801,0
485.456,167.7874,6:20:56:598804,0
485.456,167.7874,6:20:56:602806,0
486.1201,167.3501,6:20:56:606801,0
486.1201,167.0587,6:20:56:611374,0
486.1201,166.7088,6:20:56:615406,0
486.5873,166.3008,6:20:56:619413,643
486.5873,165.8927,6:20:56:623406,661
486.5873,165.4845,6:20:56:627407,695
486.9317,165.0473,6:20:56:631417,736
486.9317,164.5809,6:20:56:635429,796
486.9317,164.1145,6:20:56:639514,875
486.9317,163.6772,6:20:56:643524,995
486.9317,163.2983,6:20:56:647417,1165
486.9317,162.9776,6:20:56:652272,1336
486.9317,162.657,6:20:56:655281,1491
486.9317,162.3072,6:20:56:659293,1613
486.9317,162.0448,6:20:56:663285,1695
486.9317,161.8408,6:20:56:667285,1766
486.9317,161.6076,6:20:56:671282,1838
486.9317,161.4327,6:20:56:675138,1910
486.9317,161.2287,6:20:56:679084,1980
486.9317,161.0829,6:20:56:683083,2052
486.9317,160.9371,6:20:56:687084,2104
486.9317,160.7914,6:20:56:691473,2137
486.9317,160.6456,6:20:56:696678,2158
486.9317,160.5291,6:20:56:699689,2169
487.6203,160.4124,6:20:56:705692,2184
487.6203,160.325,6:20:56:706686,2194
488.604,160.2375,6:20:56:711689,2201
489.2435,160.2084,6:20:56:714843,2208
490.0059,160.2084,6:20:56:718897,2212
490.9158,160.2084,6:20:56:722920,2218
491.8996,160.2084,6:20:56:726895,2220
492.9817,160.2084,6:20:56:730974,2226
493.9901,160.908,6:20:56:734897,2229
495.023,160.908,6:20:56:739417,2232
496.0559,161.6367,6:20:56:742795,2234
497.0397,161.6367,6:20:56:747472,2240
497.9988,162.5987,6:20:56:751483,2246
498.958,163.1525,6:20:56:755531,2252
499.868,163.823,6:20:56:759529,2261
500.7288,164.5226,6:20:56:763529,2268
501.5403,165.2805,6:20:56:767529,2283
502.2536,166.1259,6:20:56:771529,2306
502.9422,167.0004,6:20:56:774539,2334
503.5816,167.9332,6:20:56:779472,2371
504.1473,168.8951,6:20:56:783481,2410
504.59,169.9445,6:20:56:787483,2453
504.9589,171.0522,6:20:56:791480,2498
505.2048,172.1599,6:20:56:795214,2545
505.377,173.355,6:20:56:799170,2593
505.4016,174.5793,6:20:56:803170,2643
505.4016,175.8328,6:20:56:807172,2696
505.4016,177.0862,6:20:56:810809,2755
504.7375,178.3689,6:20:56:814820,2811
504.7375,179.7097,6:20:56:819116,2860
503.6554,181.1673,6:20:56:823092,2911
502.8684,182.5956,6:20:56:827093,2951
502.0076,184.0822,6:20:56:831091,2987
500.9255,185.5689,6:20:56:835091,3018
499.7696,186.9973,6:20:56:839091,3035
498.4661,188.4839,6:20:56:843471,3049
497.0397,189.9706,6:20:56:847499,3059
495.4657,191.3698,6:20:56:851357,3073
493.8671,192.5941,6:20:56:855365,3087
492.3177,193.7892,6:20:56:859437,3102
490.6699,194.8094,6:20:56:863365,3112
488.9729,195.7714,6:20:56:867369,3113
487.276,196.5876,6:20:56:871381,3115
485.6036,197.2289,6:20:56:875429,3112
484.005,197.7536,6:20:56:879427,3111
482.4556,198.1034,6:20:56:883426,3118
480.98,198.3949,6:20:56:887427,3120
479.5043,198.5698,6:20:56:891443,3126
478.2009,198.6281,6:20:56:895437,3130
477.045,198.6281,6:20:56:899319,3134
476.1104,198.6281,6:20:56:903322,3140
475.2988,198.6281,6:20:56:907320,3145
474.6594,198.6281,6:20:56:911319,3151
474.1675,197.9285,6:20:56:915322,3156
473.7986,197.9285,6:20:56:918562,3159
473.5772,197.258,6:20:56:923562,3158
473.4543,197.258,6:20:56:927560,3157
473.3805,196.4418,6:20:56:930563,3155
473.3805,196.0046,6:20:56:935417,3146
473.3805,195.5965,6:20:56:939092,3141
473.3805,195.1884,6:20:56:943093,3141
473.3805,194.7803,6:20:56:947093,3137
474.0199,194.4014,6:20:56:951472,3140
474.0199,194.139,6:20:56:955026,3140
474.6348,193.9058,6:20:56:959479,3133
474.6348,193.7018,6:20:56:962489,3130
475.471,193.7018,6:20:56:967046,3124
475.9383,193.5269,6:20:56:971069,3127
476.4547,193.5269,6:20:56:975046,3127
477.0204,193.5269,6:20:56:979046,3129
477.6106,193.5269,6:20:56:983417,3133
478.2501,193.5269,6:20:56:987443,3131
478.9387,193.5269,6:20:56:991364,3132
479.7011,194.2556,6:20:56:995315,3134
480.5373,194.2556,6:20:56:999373,3134
481.4718,195.0135,6:20:57:003288,3138
482.5048,195.509,6:20:57:007286,3146
483.5377,196.1503,6:20:57:010813,3155
484.792,196.8499,6:20:57:014823,3171
486.0463,197.6662,6:20:57:018823,3191
487.4235,198.599,6:20:57:023825,3215
488.85,199.5609,6:20:57:026823,3240
490.3502,200.5811,6:20:57:030826,3268
491.875,201.6597,6:20:57:035417,3300
493.4736,202.7383,6:20:57:039235,3329
495.2198,203.8459,6:20:57:043471,3365
496.9905,204.9245,6:20:57:047482,3401
498.8842,206.0031,6:20:57:051472,3432
500.8025,207.0816,6:20:57:055483,3463
502.8192,208.1019,6:20:57:059482,3484
504.9343,209.0929,6:20:57:063482,3493
507.0493,210.1423,6:20:57:067480,3503
509.2382,211.1043,6:20:57:071482,3505
511.3778,212.0663,6:20:57:075317,3507
513.4683,212.9699,6:20:57:079318,3510
515.5342,213.8152,6:20:57:083400,3514
517.5263,214.6606,6:20:57:087319,3521
519.4938,215.3893,6:20:57:091318,3525
521.3629,216.1472,6:20:57:095471,3525
523.1829,216.8177,6:20:57:099482,3523
524.9044,217.5173,6:20:57:103534,3516
526.6014,218.1877,6:20:57:106536,3512
528.2737,218.8291,6:20:57:110537,3508
529.7986,219.4412,6:20:57:115534,3478
531.3234,219.9659,6:20:57:119537,3409
532.799,220.4615,6:20:57:123306,3304
534.2009,220.8404,6:20:57:127321,3162
535.5535,221.1319,6:20:57:131588,2986
536.7586,221.2776,6:20:57:134615,2791
537.8899,221.336,6:20:57:139494,2544
538.9229,221.336,6:20:57:143457,2210
539.8574,221.336,6:20:57:147457,1749
540.6444,221.336,6:20:57:151455,1188
541.2839,220.2574,6:20:57:156160,663
541.7265,220.2574,6:20:57:160189,265
541.9725,219.1788,6:20:57:163178,0
541.9725,218.5084,6:20:57:167169,0
541.9725,217.7796,6:20:57:171171,0
541.2839,216.9052,6:20:57:175476,0
540.5952,216.0307,6:20:57:178486,0
539.636,215.0687,6:20:57:183484,0
538.4556,214.0776,6:20:57:187493,0
537.0537,212.9699,6:20:57:190484,0
535.4551,211.7456,6:20:57:196451,0
533.6106,210.4047,6:20:57:198973,0
531.5693,209.0055,6:20:57:203973,0
529.2575,207.4897,6:20:57:209624,0
526.6752,205.8864,6:20:57:211652,0
523.7977,204.1958,6:20:57:214637,0
520.6251,202.4467,6:20:57:219632,0
517.1819,200.6395,6:20:57:222634,0
513.3945,198.7738,6:20:57:227634,0
509.3611,196.9374,6:20:57:230637,0
504.9097,195.0426,6:20:57:234226,0
500.3352,193.177,6:20:57:238644,0
495.4411,191.3406,6:20:57:242645,0
490.3502,189.4167,6:20:57:246646,0
485.0625,187.4637,6:20:57:250646,0
479.5289,185.6272,6:20:57:254644,0
473.6018,183.7908,6:20:57:259471,0
467.5764,181.896,6:20:57:262480,0
461.4525,179.9721,6:20:57:267494,0
455.0582,178.0773,6:20:57:271885,0
448.4916,176.2409,6:20:57:274895,0
441.7529,174.4919,6:20:57:278895,0
434.8175,172.8595,6:20:57:282918,0
427.8575,171.2271,6:20:57:286895,0
420.922,169.7113,6:20:57:290895,0
413.8636,168.3704,6:20:57:294767,0
406.8298,167.2044,6:20:57:298769,0
399.9436,166.155,6:20:57:302769,0
393.3279,165.1931,6:20:57:307637,0
386.7367,164.3477,6:20:57:310650,0
380.3669,163.6481,6:20:57:314661,0
374.1447,162.9485,6:20:57:318650,0
368.2422,162.3072,6:20:57:322650,0
362.6594,161.7825,6:20:57:326650,0
357.3226,161.3744,6:20:57:330648,0
352.1087,160.9663,6:20:57:335467,0
347.067,160.6748,6:20:57:338895,0
342.345,160.4124,6:20:57:342894,0
337.8689,160.2084,6:20:57:346893,0
333.5896,160.0043,6:20:57:350897,0
329.5562,159.9169,6:20:57:355685,0
325.6212,159.7128,6:20:57:358698,0
321.9076,159.5963,6:20:57:362695,0
318.3661,159.4214,6:20:57:366695,0
315.0213,159.2464,6:20:57:370718,0
311.8488,159.0424,6:20:57:374695,0
308.8729,158.8675,6:20:57:378693,0
305.9955,158.6051,6:20:57:382695,0
303.2409,158.3428,6:20:57:386698,0
300.6586,158.0513,6:20:57:391704,0
298.1992,157.7307,6:20:57:395421,0
295.8136,157.4391,6:20:57:399431,0
293.6248,157.1185,6:20:57:403434,0
291.5589,156.827,6:20:57:407453,0
289.5914,156.5063,6:20:57:411432,0
287.7961,156.2148,6:20:57:415432,0
286.0745,155.8651,6:20:57:419423,0
284.5005,155.6027,6:20:57:423509,0
283.0495,155.282,6:20:57:427792,0
281.623,154.9906,6:20:57:430805,0
280.295,154.6407,6:20:57:434805,0
279.0407,154.291,6:20:57:438802,0
277.7864,153.912,6:20:57:442802,0
276.5075,153.5622,6:20:57:446802,0
275.2041,153.2124,6:20:57:451761,0
273.8268,152.8626,6:20:57:454771,0
272.425,152.5419,6:20:57:458794,0
270.9739,152.1922,6:20:57:462773,0
269.4491,151.959,6:20:57:466773,0
267.8505,151.7258,6:20:57:470771,0
266.2028,151.4926,6:20:57:475773,0
264.555,151.3176,6:20:57:478774,0
262.9318,151.201,6:20:57:482773,0
261.2594,151.0844,6:20:57:486771,0
259.587,150.997,6:20:57:490774,0
257.8655,150.9095,6:20:57:494774,0
256.1685,150.793,6:20:57:498769,0
254.4961,150.7346,6:20:57:502771,0
252.8237,150.618,6:20:57:506773,0
251.1268,150.5306,6:20:57:510794,0
249.4298,150.4723,6:20:57:514771,0
247.7083,150.3848,6:20:57:519330,0
245.9621,150.3557,6:20:57:523717,0
244.2405,150.3266,6:20:57:526730,0
242.5927,150.3266,6:20:57:531247,0
240.8466,150.3266,6:20:57:535247,0
239.125,150.3266,6:20:57:539247,0
237.4035,150.3266,6:20:57:543247,0
235.6327,150.3266,6:20:57:547247,0
233.8866,151.0844,6:20:57:551470,0
232.0912,151.0844,6:20:57:554990,0
230.3205,151.7549,6:20:57:558990,0
228.5005,151.7549,6:20:57:562991,0
226.7298,152.6586,6:20:57:566988,0
224.9836,153.1832,6:20:57:570990,0
223.2129,153.7371,6:20:57:574990,0
221.5651,154.2327,6:20:57:579543,0
219.9665,154.7865,6:20:57:583549,0
218.5155,155.3403,6:20:57:586552,0
217.1628,155.8651,6:20:57:591549,0
215.9577,156.244,6:20:57:594549,0
214.9494,156.5355,6:20:57:599558,0
214.1132,156.7687,6:20:57:603562,639
213.4492,156.8853,6:20:57:606565,646
212.9819,156.9436,6:20:57:611316,669
212.6622,156.9436,6:20:57:615322,699
212.4408,156.9436,6:20:57:619485,730
212.367,156.9436,6:20:57:623501,756
212.367,156.9436,6:20:57:627499,767
212.367,156.9436,6:20:57:631484,770
213.0065,156.9436,6:20:57:635415,782
213.5967,156.9436,6:20:57:639429,800
214.4083,156.244,6:20:57:643467,825
215.515,156.244,6:20:57:647488,892
216.8431,155.7484,6:20:57:651478,990
218.5155,155.7484,6:20:57:655490,1100
220.4338,155.0488,6:20:57:659475,1219
222.6226,154.6116,6:20:57:663489,1306
225.0328,154.1452,6:20:57:666699,1378
227.566,153.5622,6:20:57:670656,1437
230.3205,152.9792,6:20:57:674657,1508
233.3455,152.3671,6:20:57:678656,1582
236.6656,151.6383,6:20:57:682721,1629
240.2072,150.997,6:20:57:688657,1680
244.0684,150.2391,6:20:57:690658,1702
248.1509,149.5103,6:20:57:694657,1733
252.4057,148.8107,6:20:57:698658,1775
256.9555,148.1403,6:20:57:703320,1809
261.7759,147.4698,6:20:57:707323,1853
266.8668,146.8286,6:20:57:711330,1885
272.179,146.333,6:20:57:716321,1905
277.6143,145.75,6:20:57:719323,1928
283.1233,145.2545,6:20:57:723300,1947
288.8536,144.7881,6:20:57:727310,1963
294.9774,144.4091,6:20:57:732216,1985
301.3226,144.0593,6:20:57:735222,2005
307.7908,143.797,6:20:57:740231,2018
314.2097,143.5054,6:20:57:745236,2021
320.7763,143.2431,6:20:57:747217,2029
327.5887,143.039,6:20:57:751214,2035
334.6472,142.835,6:20:57:755825,2046
341.5088,142.6601,6:20:57:758836,2056
348.3213,142.4269,6:20:57:762835,2068
355.1092,142.2229,6:20:57:766834,2073
361.9708,142.0188,6:20:57:770836,2072
368.8817,141.8439,6:20:57:774835,2088
375.4728,141.6982,6:20:57:779410,2105
381.8672,141.5524,6:20:57:782847,2126
388.0648,141.4066,6:20:57:786820,2158
394.3854,141.2901,6:20:57:790818,2181
400.6814,141.1734,6:20:57:794820,2206
406.6331,141.086,6:20:57:798820,2242
412.3142,141.0277,6:20:57:803402,2292
417.8724,140.9402,6:20:57:807412,2348
423.529,140.8819,6:20:57:811412,2414
429.1609,140.8528,6:20:57:815412,2488
434.7191,140.7945,6:20:57:819873,2558
439.9576,140.7654,6:20:57:822884,2629
444.9255,140.707,6:20:57:827461,2694
449.8935,140.6487,6:20:57:831503,2759
454.8122,140.6196,6:20:57:835453,2833
459.608,140.5905,6:20:57:839464,2917
464.1824,140.5322,6:20:57:843511,3008
468.5847,140.503,6:20:57:846511,3091
472.6919,140.4738,6:20:57:851511,3178
476.6269,140.4447,6:20:57:856518,3264
480.3897,140.3864,6:20:57:859511,3345
483.9558,140.3281,6:20:57:863461,3437
487.2268,140.2406,6:20:57:867470,3518
490.2272,140.1823,6:20:57:871156,3596
493.0063,140.0949,6:20:57:875159,3671
495.4903,140.0366,6:20:57:879159,3738
497.8021,139.8909,6:20:57:883157,3794
500.1877,139.8034,6:20:57:887414,3838
502.4257,139.6868,6:20:57:891442,3879
504.59,139.5702,6:20:57:895422,3905
506.6805,139.4827,6:20:57:899425,3925
508.7217,139.3661,6:20:57:903430,3942
510.64,139.2495,6:20:57:907425,3952
512.46,139.1621,6:20:57:911433,3964
514.0585,139.1329,6:20:57:914916,3977
515.485,139.0746,6:20:57:919937,3986
516.7639,139.0163,6:20:57:923299,4001
517.9198,138.9581,6:20:57:927323,4012
518.9527,138.9289,6:20:57:930597,4027
519.8381,138.8706,6:20:57:934600,4039
520.6251,138.8414,6:20:57:938627,4039
521.3137,138.8123,6:20:57:942597,4041
522.0269,138.8123,6:20:57:947470,4040
522.6664,138.754,6:20:57:951480,4040
523.3058,138.754,6:20:57:954755,4042
523.8715,138.754,6:20:57:958648,4037
524.3387,138.754,6:20:57:962647,4035
524.806,138.754,6:20:57:967670,4032
525.1749,138.754,6:20:57:970651,4025
525.4946,138.754,6:20:57:974648,4021
525.7406,138.754,6:20:57:978767,3988
525.9128,138.754,6:20:57:982768,3904
526.0603,138.754,6:20:57:986771,3745
526.0849,138.754,6:20:57:990768,3481
526.0849,138.754,6:20:57:995478,3152
526.0849,138.754,6:20:57:998488,2753
526.0849,138.754,6:20:58:003488,2246
525.1749,138.754,6:20:58:006488,1601
524.4863,138.754,6:20:58:011531,956
523.5518,138.754,6:20:58:015561,430
522.2729,138.754,6:20:58:019085,0
520.6251,138.754,6:20:58:023095,0
518.7314,137.9961,6:20:58:027098,0
516.6901,137.9961,6:20:58:031095,0
514.5012,136.8009,6:20:58:035469,0
512.3124,136.0722,6:20:58:038832,0
510.2219,135.3726,6:20:58:043415,0
508.3036,134.6438,6:20:58:046604,0
506.6559,133.9442,6:20:58:050669,0
505.254,133.3904,6:20:58:055604,0
504.1965,132.8365,6:20:58:058605,0
503.3111,132.4285,6:20:58:063468,0
503.3111,132.4285,6:20:58:080776,0
