251.0284,218.8291,6:28:03:930210,0
250.1922,218.8291,6:28:03:934235,0
249.1839,217.9837,6:28:03:937891,0
248.3477,217.9837,6:28:03:941908,0
247.3393,217.1384,6:28:03:946045,0
246.2818,217.1384,6:28:03:950923,0
245.2735,215.914,6:28:03:953896,0
244.1913,215.1853,6:28:03:958286,0
243.1338,214.4274,6:28:03:962212,0
243.1338,213.8736,6:28:03:966219,0
242.7157,213.4363,6:28:03:970231,0
242.7157,212.795,6:28:03:974279,0
242.3714,212.1537,6:28:03:978289,0
242.3714,211.4832,6:28:03:982314,0
242.1255,210.9877,6:28:03:986287,0
242.1255,210.3755,6:28:03:990482,0
242.1255,209.7051,6:28:03:993493,0
241.9779,209.1804,6:28:03:997493,0
241.8058,208.5391,6:28:04:002493,0
241.8058,207.9852,6:28:04:005496,0
241.6828,207.4897,6:28:04:010242,0
241.6828,206.965,6:28:04:014243,0
241.6828,206.4403,6:28:04:018253,0
241.6828,205.9739,6:28:04:022253,0
241.6828,205.5075,6:28:04:026252,0
241.6828,205.0411,6:28:04:030252,0
241.6828,204.6039,6:28:04:034244,0
241.6828,204.1083,6:28:04:038252,0
241.6828,203.6419,6:28:04:042254,0
241.6828,203.1463,6:28:04:046254,0
241.6828,202.6216,6:28:04:050414,0
241.6828,202.1552,6:28:04:053423,0
242.2238,201.6306,6:28:04:057424,0
242.2238,201.0767,6:28:04:062423,0
242.8387,200.5811,6:28:04:065424,0
243.2076,200.1147,6:28:04:069424,0
243.7487,199.6775,6:28:04:074327,0
244.2897,199.2111,6:28:04:078109,0
244.8062,198.7738,6:28:04:082193,0
245.4702,198.3366,6:28:04:086118,0
246.0605,197.9576,6:28:04:090120,0
246.7245,197.5495,6:28:04:094300,0
247.3393,197.1414,6:28:04:098166,0
247.9296,196.7042,6:28:04:102174,0
248.5198,196.2378,6:28:04:106198,0
249.0855,195.7131,6:28:04:110192,0
249.5774,195.1884,6:28:04:114237,0
250.0938,194.6346,6:28:04:118212,0
250.5611,194.0807,6:28:04:122582,0
250.9546,193.556,6:28:04:125595,0
251.3481,193.0313,6:28:04:129592,0
251.7416,192.4774,6:28:04:133592,0
252.0122,191.9236,6:28:04:137595,0
252.3565,191.3406,6:28:04:141592,0
252.6762,190.641,6:28:04:145592,0
252.9713,189.8831,6:28:04:150290,0
253.2173,189.0669,6:28:04:153633,0
253.4878,188.1924,6:28:04:157607,0
253.7829,187.2887,6:28:04:161608,0
254.0534,186.3851,6:28:04:165608,0
254.3732,185.4231,6:28:04:170184,0
254.6683,184.4612,6:28:04:174195,0
255.0126,183.5284,6:28:04:178385,0
255.3569,182.683,6:28:04:182394,0
255.7012,181.896,6:28:04:185395,0
256.0947,181.1089,6:28:04:189399,0
256.4636,180.4093,6:28:04:193395,0
256.808,179.7389,6:28:04:197396,0
257.1523,179.185,6:28:04:201398,0
257.4966,178.7186,6:28:04:205395,0
257.7671,178.2814,6:28:04:210148,0
258.0868,177.8733,6:28:04:214664,0
258.3573,177.4652,6:28:04:217673,0
258.5541,177.0862,6:28:04:221677,0
258.7509,176.6781,6:28:04:225674,0
258.8738,176.1534,6:28:04:229675,0
258.923,175.5996,6:28:04:234154,920
258.9476,175.0166,6:28:04:238165,959
258.9476,174.4044,6:28:04:242296,1046
258.9476,173.8506,6:28:04:246319,1167
258.9476,173.2968,6:28:04:249304,1316
258.9476,172.8012,6:28:04:254307,1448
258.9476,172.3931,6:28:04:257319,1552
258.4557,172.0724,6:28:04:261420,1633
258.4557,171.8976,6:28:04:265433,1689
258.4557,171.8392,6:28:04:269445,1715
258.4557,171.7518,6:28:04:273432,1719
258.4557,171.7518,6:28:04:277430,1712
258.4557,171.7518,6:28:04:282254,1714
258.4557,171.7518,6:28:04:285404,1746
258.4557,171.7518,6:28:04:289404,1800
258.4557,172.8012,6:28:04:294420,1886
258.4557,172.8012,6:28:04:298404,1988
258.4557,174.2004,6:28:04:302360,2106
258.4557,175.3081,6:28:04:305370,2243
258.923,176.7073,6:28:04:310370,2382
258.923,178.4563,6:28:04:313392,2518
258.923,180.6134,6:28:04:317373,2642
259.3903,183.0037,6:28:04:321398,2762
259.3903,185.7729,6:28:04:326571,2887
259.7592,188.7754,6:28:04:329571,3019
259.7592,191.9236,6:28:04:333572,3153
260.0543,195.1884,6:28:04:337571,3281
260.0543,198.4532,6:28:04:342237,3402
260.2265,201.6597,6:28:04:345247,3520
260.2265,204.8371,6:28:04:349851,3631
260.2265,207.9852,6:28:04:353850,3749
260.2265,211.1917,6:28:04:357848,3848
260.2265,214.5148,6:28:04:361848,3939
260.2265,217.838,6:28:04:366455,4022
260.2265,221.2193,6:28:04:370484,4093
260.2265,224.5133,6:28:04:373566,4164
260.2265,227.8073,6:28:04:377467,4227
260.2265,230.9846,6:28:04:382464,4279
260.2265,234.0453,6:28:04:385465,4316
260.2265,236.9021,6:28:04:390184,4352
260.2265,239.4673,6:28:04:393593,4375
260.2265,241.8284,6:28:04:398237,4404
260.2265,244.0438,6:28:04:402247,4430
260.2265,246.1718,6:28:04:406182,4442
259.833,248.1539,6:28:04:409652,4461
259.833,249.9904,6:28:04:414349,4468
259.833,251.6811,6:28:04:417351,4474
259.833,253.3427,6:28:04:422348,4483
259.833,254.8876,6:28:04:425351,4490
259.833,256.3742,6:28:04:430241,4500
259.833,257.7443,6:28:04:434252,4499
259.833,258.9395,6:28:04:438297,4497
259.833,260.018,6:28:04:441297,4493
259.833,260.9217,6:28:04:446297,4485
259.833,261.7087,6:28:04:450297,4480
259.833,262.2625,6:28:04:454229,4467
259.833,262.6415,6:28:04:457237,4421
260.2019,262.933,6:28:04:461396,4354
260.2019,263.1079,6:28:04:465406,4251
260.2019,263.1953,6:28:04:469409,4102
260.2019,263.1953,6:28:04:473406,3886
260.2019,263.1953,6:28:04:477405,3583
260.2019,263.1953,6:28:04:481406,3212
260.2019,262.0585,6:28:04:486240,2794
259.4641,261.3297,6:28:04:489773,2346
259.4641,260.4261,6:28:04:493662,1852
258.5787,259.3475,6:28:04:497553,1318
258.013,258.0941,6:28:04:501683,778
257.3982,256.6075,6:28:04:505552,365
256.7342,255.0625,6:28:04:510182,0
256.1193,253.4301,6:28:04:513563,0
255.4799,251.6811,6:28:04:517908,0
254.865,249.9321,6:28:04:521815,0
254.2748,248.2122,6:28:04:525817,0
253.7091,246.3758,6:28:04:529815,0
253.2173,244.5394,6:28:04:533627,0
252.75,242.6738,6:28:04:537637,0
252.3319,240.8665,6:28:04:541729,0
251.963,239.0591,6:28:04:545638,0
251.6187,237.2518,6:28:04:549657,0
251.3727,235.4154,6:28:04:553638,0
251.1514,233.6955,6:28:04:558245,0
250.9546,232.034,6:28:04:561255,0
250.8316,230.4016,6:28:04:566239,0
250.7333,228.8275,6:28:04:570265,0
250.7087,227.37,6:28:04:574248,0
250.6841,225.9125,6:28:04:577249,0
250.6103,224.5424,6:28:04:582248,0
250.6103,223.2598,6:28:04:586260,0
250.5611,221.9481,6:28:04:589247,0
250.5365,220.8404,6:28:04:594564,0
250.5365,219.7327,6:28:04:597574,0
250.4874,218.7416,6:28:04:602236,0
250.4874,217.8088,6:28:04:605247,0
250.4874,216.9926,6:28:04:610246,0
250.389,216.293,6:28:04:613250,0
250.389,215.6225,6:28:04:618246,0
250.3644,214.9812,6:28:04:621245,0
250.3644,214.2525,6:28:04:626234,736
250.3398,213.582,6:28:04:629246,754
250.2414,212.9116,6:28:04:633989,819
250.1922,212.3577,6:28:04:637943,915
250.1184,211.8039,6:28:04:641941,1024
250.0938,211.25,6:28:04:645939,1143
249.9955,210.7836,6:28:04:649830,1224
249.8725,210.4047,6:28:04:653827,1298
249.7003,210.1132,6:28:04:657826,1388
249.5036,209.8508,6:28:04:661848,1465
249.2331,209.6176,6:28:04:665508,1559
248.8887,209.4427,6:28:04:669519,1646
248.4215,209.297,6:28:04:673895,1731
247.8066,209.1512,6:28:04:677905,1825
247.0688,209.0638,6:28:04:682599,1908
246.1588,209.0638,6:28:04:685600,1994
245.1013,209.0638,6:28:04:689597,2069
243.8716,209.0638,6:28:04:693597,2140
242.519,209.0638,6:28:04:697703,2212
241.1171,209.7343,6:28:04:701597,2268
239.6169,209.7343,6:28:04:706352,2316
238.0183,210.5213,6:28:04:709363,2355
236.3459,210.5213,6:28:04:713365,2382
234.5752,211.5124,6:28:04:717364,2423
232.7307,212.0663,6:28:04:721370,2468
230.8123,212.6201,6:28:04:725363,2519
228.8203,213.2031,6:28:04:730133,2572
226.779,213.7569,6:28:04:734144,2618
224.7131,214.3691,6:28:04:738144,2658
222.7456,214.9229,6:28:04:742141,2685
220.8273,215.4768,6:28:04:746170,2710
218.9828,215.9432,6:28:04:750181,2721
217.2612,216.4096,6:28:04:754179,2728
215.6626,216.8177,6:28:04:758181,2733
214.2362,217.2549,6:28:04:762180,2731
212.8835,217.6922,6:28:04:766181,2734
211.7522,218.1003,6:28:04:769726,2731
210.7684,218.4501,6:28:04:773737,2732
209.9814,218.7708,6:28:04:777825,2736
209.3174,219.0914,6:28:04:781737,2732
208.8501,219.4412,6:28:04:785739,2730
208.4812,219.7619,6:28:04:789739,2724
208.3337,220.0533,6:28:04:794175,2725
208.2845,220.4032,6:28:04:797753,2733
208.2845,220.8112,6:28:04:802241,2750
208.2845,221.2776,6:28:04:806251,2765
208.9239,221.8315,6:28:04:810190,2771
208.9239,222.4436,6:28:04:813959,2778
209.9568,223.1141,6:28:04:818299,2780
210.6947,223.8428,6:28:04:822305,2783
211.5063,224.5716,6:28:04:826311,2782
212.4162,225.3295,6:28:04:830305,2782
213.3754,226.0582,6:28:04:834178,2780
214.3591,226.8161,6:28:04:838186,2784
215.2691,227.5741,6:28:04:842178,2791
216.1545,228.3611,6:28:04:846179,2792
216.9169,229.1481,6:28:04:850230,2798
217.6055,229.9352,6:28:04:854262,2799
218.122,230.8097,6:28:04:858230,2802
218.5155,231.655,6:28:04:862235,2804
218.7614,232.5296,6:28:04:866278,2799
218.7614,233.4041,6:28:04:870288,2795
218.7614,234.2785,6:28:04:874288,2792
218.7614,235.1822,6:28:04:878288,2795
218.7614,236.0858,6:28:04:882286,2802
217.7531,236.9895,6:28:04:886311,2822
217.0644,237.864,6:28:04:890174,2849
216.2528,238.7677,6:28:04:893417,2881
215.2691,239.613,6:28:04:898174,2924
214.1378,240.4583,6:28:04:902184,2960
212.8589,241.2454,6:28:04:906229,3000
211.4817,241.9742,6:28:04:910239,3050
210.1044,242.7321,6:28:04:914238,3092
208.6288,243.3734,6:28:04:918237,3145
207.1286,244.0146,6:28:04:922239,3190
205.5792,244.5977,6:28:04:926240,3226
203.9806,245.1515,6:28:04:930075,3263
202.3082,245.647,6:28:04:934076,3291
200.5866,246.1134,6:28:04:937459,3319
198.8651,246.4924,6:28:04:941410,3349
197.0205,246.8422,6:28:04:946433,3386
195.2006,247.0754,6:28:04:951410,3416
193.4052,247.2503,6:28:04:954411,3450
191.6099,247.3086,6:28:04:958422,3475
189.8638,247.3086,6:28:04:962412,3492
188.1914,247.3086,6:28:04:967410,3509
186.5928,247.3086,6:28:04:969411,3517
185.0188,246.5798,6:28:04:975408,3528
183.494,246.5798,6:28:04:978430,3539
182.0921,245.4722,6:28:04:982096,3548
180.7149,244.7434,6:28:04:986104,3559
179.4606,243.8981,6:28:04:990175,3567
178.3047,242.907,6:28:04:994185,3569
177.3455,241.7701,6:28:04:998237,3567
176.5093,240.4583,6:28:05:002235,3567
175.7715,239.0591,6:28:05:006238,3567
175.1813,237.4559,6:28:05:010259,3565
174.7878,235.7361,6:28:05:014230,3568
174.4681,233.8121,6:28:05:018257,3563
174.2221,231.655,6:28:05:021682,3556
174.1237,229.3522,6:28:05:025683,3549
174.05,226.9036,6:28:05:029717,3550
174.05,224.4841,6:28:05:033679,3548
174.05,222.0356,6:28:05:037680,3550
174.05,219.6161,6:28:05:041680,3552
174.6156,217.2841,6:28:05:046220,3547
174.6156,215.0687,6:28:05:049737,3542
175.4764,212.9991,6:28:05:053509,3532
176.0175,211.1043,6:28:05:057509,3526
176.6569,209.3261,6:28:05:061509,3515
177.3701,207.5771,6:28:05:065509,3511
178.2063,205.8864,6:28:05:070703,3504
179.1163,204.1958,6:28:05:073713,3500
180.223,202.4759,6:28:05:077713,3496
181.3297,200.7269,6:28:05:081716,3485
182.5348,199.007,6:28:05:085713,3482
183.7399,197.1998,6:28:05:089713,3474
184.9696,195.3633,6:28:05:094234,3471
186.1501,193.556,6:28:05:098243,3469
187.306,191.6613,6:28:05:102236,3464
188.3635,189.7374,6:28:05:106257,3457
189.2735,187.9301,6:28:05:110252,3447
190.1097,186.2393,6:28:05:113256,3451
190.7983,184.7236,6:28:05:118242,3450
191.364,183.4118,6:28:05:122250,3447
191.8313,182.3333,6:28:05:126252,3441
192.151,181.4296,6:28:05:130270,3420
192.3969,180.7883,6:28:05:134253,3392
192.6183,180.3802,6:28:05:137252,3347
192.7166,180.147,6:28:05:142236,3241
192.7412,180.0887,6:28:05:146247,3086
192.7658,180.0596,6:28:05:150297,2880
192.7658,180.0013,6:28:05:154297,2651
192.7658,180.0013,6:28:05:158316,2469
192.7658,180.0013,6:28:05:162303,2264
192.7658,180.0013,6:28:05:166233,2058
192.7658,180.0013,6:28:05:170242,1831
192.0772,181.0506,6:28:05:174243,1546
192.0772,181.7502,6:28:05:177971,1244
191.4377,182.5956,6:28:05:181969,885
191.4377,183.6741,6:28:05:185968,528
190.6262,184.9276,6:28:05:189969,247
190.1589,186.4142,6:28:05:194238,0
189.7654,188.0175,6:28:05:198249,0
189.4702,189.5916,6:28:05:202181,0
189.4702,191.1657,6:28:05:206097,0
189.0522,192.6815,6:28:05:210097,0
189.0522,194.139,6:28:05:214100,0
189.0522,195.5674,6:28:05:218190,0
189.0522,196.9666,6:28:05:222198,0
189.9867,198.3658,6:28:05:226238,0
190.6508,199.8524,6:28:05:229250,0
191.4377,201.3974,6:28:05:234255,0
192.3723,203.0589,6:28:05:238255,0
193.4544,204.9245,6:28:05:241337,0
194.6349,206.9359,6:28:05:246259,0
196.0122,209.0929,6:28:05:250337,0
197.3648,211.4249,6:28:05:253344,0
198.8405,213.9319,6:28:05:258232,0
200.2915,216.4679,6:28:05:262242,0
201.6687,219.0914,6:28:05:266231,0
203.046,221.744,6:28:05:270242,0
204.5708,224.3676,6:28:05:274242,0
205.9727,226.9036,6:28:05:277244,0
207.2761,229.4688,6:28:05:282242,0
208.6042,231.9757,6:28:05:286240,0
209.7355,234.4243,6:28:05:290354,0
210.8914,236.9603,6:28:05:293367,0
212.0473,239.5838,6:28:05:297380,0
213.1786,242.2657,6:28:05:301364,0
214.064,245.0932,6:28:05:306365,0
214.9248,247.979,6:28:05:309364,0
215.6872,250.9523,6:28:05:314239,0
216.3758,253.9839,6:28:05:318250,0
217.0398,257.0739,6:28:05:322233,0
217.6055,260.1346,6:28:05:325241,0
218.0728,263.0496,6:28:05:330243,0
218.4417,265.848,6:28:05:334244,0
218.7368,268.5881,6:28:05:338264,0
219.0319,271.2699,6:28:05:341243,0
219.2533,273.7477,6:28:05:346240,0
219.4254,276.1088,6:28:05:349254,0
219.4992,278.3825,6:28:05:353369,0
219.4992,280.5688,6:28:05:357369,0
219.5484,282.5801,6:28:05:361370,0
219.5976,284.4457,6:28:05:365367,0
219.5976,286.1364,6:28:05:370504,0
219.5976,287.5939,6:28:05:373516,0
219.5976,288.8474,6:28:05:377571,0
219.5976,289.9259,6:28:05:381516,0
219.5976,290.8004,6:28:05:385542,0
219.5976,291.5,6:28:05:389514,0
219.5976,292.1122,6:28:05:394237,0
219.5976,292.5786,6:28:05:398249,0
219.5976,292.9866,6:28:05:402244,0
219.5976,293.3656,6:28:05:405262,0
219.5976,293.6571,6:28:05:410255,0
219.1303,293.8903,6:28:05:413254,0
219.1303,294.036,6:28:05:418390,0
219.1303,294.0652,6:28:05:421375,0
218.7614,294.0944,6:28:05:426189,0
218.7614,294.0944,6:28:05:429996,0
218.7614,294.0944,6:28:05:434145,0
218.3433,294.0944,6:28:05:438156,0
218.3433,294.0944,6:28:05:443154,0
218.3433,293.3365,6:28:05:447158,0
218.0728,293.3365,6:28:05:450255,0
218.0728,293.3365,6:28:05:454157,0
217.876,293.3365,6:28:05:458238,0
217.7531,292.5786,6:28:05:462248,0
217.6055,292.5786,6:28:05:466550,2447
217.3842,291.6749,6:28:05:469539,2471
217.1628,291.1211,6:28:05:473908,2563
216.9415,290.5089,6:28:05:477921,2715
216.7201,289.9259,6:28:05:481917,2912
216.548,289.2555,6:28:05:485917,3134
216.3758,288.6141,6:28:05:490920,3322
216.302,288.0603,6:28:05:495933,3491
216.2528,287.7397,6:28:05:498920,3662
216.2528,287.4482,6:28:05:503918,3830
216.2528,287.1858,6:28:05:505920,4018
216.2528,286.9526,6:28:05:509296,4210
216.2528,286.7777,6:28:05:514304,4393
216.2528,286.5445,6:28:05:518306,4564
216.2528,286.3987,6:28:05:521304,4715
216.8185,286.253,6:28:05:526230,4851
216.8185,286.1072,6:28:05:529240,4979
216.8185,285.9907,6:28:05:534248,5101
217.2858,285.9323,6:28:05:537257,5207
217.2858,285.8449,6:28:05:542007,5306
217.2858,285.7866,6:28:05:546007,5379
217.6301,285.7283,6:28:05:551001,5444
217.6301,285.6992,6:28:05:554004,5494
217.6301,285.67,6:28:05:558233,5526
217.6301,285.67,6:28:05:561243,5561
217.6301,285.67,6:28:05:566244,5582
217.6301,285.67,6:28:05:570272,5602
217.6301,285.67,6:28:05:574244,5614
217.6301,285.67,6:28:05:578241,5618
217.6301,285.67,6:28:05:582182,5623
217.6301,285.67,6:28:05:585936,5619
217.6301,285.6408,6:28:05:590230,5611
217.6301,285.6408,6:28:05:593241,5595
217.6301,285.5534,6:28:05:598239,5564
217.6301,285.5534,6:28:05:602240,5491
217.6301,285.5243,6:28:05:606434,5330
217.6301,285.4659,6:28:05:609444,5079
217.6301,285.3785,6:28:05:613535,4722
217.6301,285.1161,6:28:05:617447,4280
218.122,284.8246,6:28:05:622442,3783
218.122,284.4165,6:28:05:625444,3225
218.122,283.921,6:28:05:630102,2555
218.5647,283.2505,6:28:05:634112,1707
218.5647,282.3469,6:28:05:638110,968
218.9582,281.2975,6:28:05:643129,390
218.9582,280.1024,6:28:05:646168,0
219.2779,278.7323,6:28:05:650112,0
219.2779,277.0999,6:28:05:654563,0
219.6714,275.2343,6:28:05:658081,0
219.9419,273.1064,6:28:05:662079,0
220.36,270.8618,6:28:05:666080,0
220.8519,268.5298,6:28:05:670081,0
221.5159,265.9646,6:28:05:674079,0
222.3521,263.3411,6:28:05:678224,0
223.4342,260.6302,6:28:05:682096,0
224.7623,257.89,6:28:05:686235,0
226.2871,255.0916,6:28:05:690255,0
228.0087,252.3224,6:28:05:694265,0
229.8778,249.4948,6:28:05:697244,0
231.9436,246.6964,6:28:05:702245,0
234.1817,243.8981,6:28:05:706586,0
236.5673,241.2162,6:28:05:709594,0
239.0267,238.5345,6:28:05:713781,0
241.5352,235.9693,6:28:05:717770,0
244.0192,233.5498,6:28:05:721770,0
246.5032,231.1304,6:28:05:725770,0
249.0609,228.7984,6:28:05:729770,0
251.6187,226.5538,6:28:05:734186,0
254.078,224.2218,6:28:05:737870,0
256.5866,221.9772,6:28:05:742170,0
259.0214,219.7619,6:28:05:746192,0
261.2348,217.5464,6:28:05:750180,0
263.645,215.3893,6:28:05:754205,0
265.9568,213.2031,6:28:05:758178,0
268.1703,211.1043,6:28:05:762095,0
270.2361,209.0929,6:28:05:766096,0
272.302,207.2856,6:28:05:770094,0
274.1465,205.5075,6:28:05:774095,0
275.8927,203.9626,6:28:05:778096,0
277.6389,202.5634,6:28:05:782168,0
279.1637,201.1933,6:28:05:786104,0
280.5655,200.0273,6:28:05:790429,0
281.8444,199.0362,6:28:05:793439,0
283.0987,198.1034,6:28:05:797488,0
284.2054,197.258,6:28:05:801442,0
285.2383,196.4418,6:28:05:805439,0
286.2221,195.7714,6:28:05:810238,0
287.1566,195.101,6:28:05:813582,0
288.0174,194.5471,6:28:05:817693,0
288.829,194.0515,6:28:05:821694,0
289.5914,193.556,6:28:05:825797,0
290.3292,193.1187,6:28:05:829694,0
290.9195,192.769,6:28:05:834234,0
291.5343,192.4483,6:28:05:837244,0
292.1492,192.1568,6:28:05:842348,0
292.7148,191.8945,6:28:05:845384,0
293.2559,191.6321,6:28:05:850351,0
293.8215,191.3989,6:28:05:853353,0
294.4118,191.1657,6:28:05:858190,0
294.9774,190.9325,6:28:05:862220,0
295.4939,190.6993,6:28:05:865743,0
296.035,190.4953,6:28:05:869797,0
296.5023,190.2329,6:28:05:873798,0
296.9695,189.9706,6:28:05:877813,0
297.4614,189.7082,6:28:05:881822,0
297.9041,189.4167,6:28:05:885798,0
298.3222,189.1543,6:28:05:889797,0
298.6665,188.8629,6:28:05:894238,0
299.0354,188.5714,6:28:05:898247,0
299.3797,188.2215,6:28:05:901685,0
299.7486,187.9301,6:28:05:905696,0
300.1667,187.6094,6:28:05:909698,0
300.4619,187.2596,6:28:05:913696,0
300.7816,186.8806,6:28:05:917696,0
301.0275,186.5309,6:28:05:921696,0
301.3226,186.181,6:28:05:926230,0
301.5932,185.7729,6:28:05:930242,0
301.8145,185.4231,6:28:05:933615,0
301.9375,185.015,6:28:05:937616,0
302.0113,184.5486,6:28:05:941709,0
302.0113,183.9657,6:28:05:945681,0
302.0359,183.2952,6:28:05:950681,1334
302.0359,182.683,6:28:05:954679,1387
302.0359,182.0126,6:28:05:958079,1491
302.0359,181.313,6:28:05:962104,1643
302.0359,180.6134,6:28:05:966106,1803
302.0359,179.8846,6:28:05:970104,1940
302.0359,179.2433,6:28:05:974106,2061
302.0359,178.7186,6:28:05:978130,2175
302.0359,178.2814,6:28:05:981705,2306
302.0359,177.7858,6:28:05:986708,2443
302.0359,177.3777,6:28:05:990730,2582
302.0359,177.0571,6:28:05:995723,2708
302.5523,176.7365,6:28:05:997706,2811
302.5523,176.5616,6:28:06:002705,2875
302.5523,176.4158,6:28:06:006326,2906
302.5523,176.3866,6:28:06:009336,2934
302.8966,176.3866,6:28:06:014337,2993
302.8966,176.3866,6:28:06:017336,3094
303.2163,177.4944,6:28:06:021335,3235
303.2163,178.3689,6:28:06:025339,3384
303.5852,179.5932,6:28:06:029335,3524
303.8066,181.1673,6:28:06:035696,3641
304.0034,183.1203,6:28:06:038731,3734
304.1755,185.3357,6:28:06:042410,3822
304.3477,187.7843,6:28:06:045421,3910
304.3477,190.4078,6:28:06:050421,3996
304.3477,193.2354,6:28:06:053419,4074
304.3477,196.0046,6:28:06:058491,4141
304.3477,198.7447,6:28:06:061500,4205
304.3477,201.3974,6:28:06:065510,4262
304.3477,203.9626,6:28:06:069437,4323
303.8066,206.4403,6:28:06:073964,4372
303.8066,208.8015,6:28:06:077964,4406
303.8066,211.1335,6:28:06:082058,4442
303.3639,213.4363,6:28:06:085963,4464
303.3639,215.7392,6:28:06:090227,4489
303.3639,217.9837,6:28:06:094235,4509
303.3639,220.2574,6:28:06:098237,4516
303.3639,222.4728,6:28:06:102235,4527
303.3639,224.5716,6:28:06:106237,4527
303.3639,226.6996,6:28:06:110236,4530
303.3639,228.6817,6:28:06:114241,4533
303.3639,230.5473,6:28:06:118252,4532
303.3639,232.2672,6:28:06:122241,4535
303.3639,233.8705,6:28:06:126251,4538
303.8066,235.3571,6:28:06:130251,4536
303.8066,236.698,6:28:06:134251,4541
303.8066,237.9514,6:28:06:137252,4542
304.3477,239.0591,6:28:06:142249,4534
304.3477,240.0502,6:28:06:146225,4523
304.6182,240.983,6:28:06:149234,4470
304.6182,241.8284,6:28:06:154332,4371
304.9625,242.528,6:28:06:157333,4205
304.9625,243.1693,6:28:06:162355,3962
305.2084,243.7231,6:28:06:166337,3650
305.3314,244.1895,6:28:06:169737,3285
305.3314,244.5977,6:28:06:173748,2876
305.3314,244.9766,6:28:06:178086,2387
305.3314,245.239,6:28:06:182096,1746
305.3314,245.3264,6:28:06:185494,1076
304.5936,245.3264,6:28:06:189494,520
304.5936,245.3264,6:28:06:193574,0
303.3639,244.5977,6:28:06:197494,0
302.6261,243.8398,6:28:06:202178,0
301.8145,242.7612,6:28:06:205586,0
300.8553,241.2746,6:28:06:210231,0
299.8962,239.4673,6:28:06:214242,0
298.937,237.3976,6:28:06:218352,0
297.9287,235.0656,6:28:06:222352,0
296.9695,232.4421,6:28:06:225352,0
296.1088,229.6145,6:28:06:229352,0
295.1496,226.8453,6:28:06:234230,0
294.338,223.9886,6:28:06:237745,0
293.6002,221.1319,6:28:06:242230,0
292.8132,218.2752,6:28:06:246238,0
292.1492,215.5934,6:28:06:250238,0
291.4113,212.9699,6:28:06:254238,0
290.7965,210.4339,6:28:06:257238,0
290.1571,208.1893,6:28:06:262234,0
289.5176,205.9739,6:28:06:266593,0
288.7306,203.8459,6:28:06:269606,0
287.8452,201.9512,6:28:06:273603,0
220.0895,134.09,6:28:06:434256,0
220.0895,134.09,6:28:06:438207,0
220.0895,134.09,6:28:06:442237,0
219.2533,133.2446,6:28:06:446207,0
219.2533,133.2446,6:28:06:450198,0
218.4663,132.0204,6:28:06:454224,0
218.4663,131.2625,6:28:06:458198,0
217.5809,130.388,6:28:06:462053,0
217.5809,129.5134,6:28:06:466861,0
216.9415,128.6973,6:28:06:469863,0
216.9415,127.9685,6:28:06:473889,0
216.9415,127.2397,6:28:06:477861,0
216.9415,126.6567,6:28:06:482198,0
216.9415,126.1029,6:28:06:485966,0
216.9415,125.6365,6:28:06:489781,0
216.9415,125.141,6:28:06:493794,0
217.4825,124.6746,6:28:06:498278,0
217.4825,124.2082,6:28:06:502277,0
217.4825,123.7709,6:28:06:506291,0
218.122,123.3045,6:28:06:509278,0
218.122,122.7798,6:28:06:515846,0
218.6138,122.2551,6:28:06:517855,0
218.6138,121.6138,6:28:06:521857,0
218.9828,120.9142,6:28:06:525857,0
218.9828,120.1854,6:28:06:530085,0
219.3517,119.4567,6:28:06:534086,0
219.3517,118.6696,6:28:06:538159,0
219.6714,117.9118,6:28:06:542086,0
219.8189,117.2122,6:28:06:546211,0
220.0157,116.5417,6:28:06:550221,0
220.1387,115.9878,6:28:06:554179,0
220.3108,115.4923,6:28:06:557989,0
220.483,115.0259,6:28:06:562229,0
220.6305,114.6761,6:28:06:566239,0
220.7535,114.268,6:28:06:570238,0
220.8519,113.9182,6:28:06:573237,0
220.9503,113.6267,6:28:06:578239,0
220.9994,113.3352,6:28:06:582240,0
221.0732,113.102,6:28:06:586240,0
221.0978,112.9271,6:28:06:590238,0
221.0978,112.7813,6:28:06:594239,0
221.1716,112.6939,6:28:06:598237,0
221.1716,112.6647,6:28:06:602317,0
221.1962,112.6647,6:28:06:606327,0
221.2454,112.6647,6:28:06:609351,0
221.2946,112.6647,6:28:06:613362,0
221.3192,112.6647,6:28:06:617363,0
221.4175,112.6647,6:28:06:622361,0
221.4421,113.2477,6:28:06:625381,0
221.4667,113.2477,6:28:06:630177,0
221.5159,113.2477,6:28:06:633455,0
221.5405,113.8599,6:28:06:638227,0
221.5651,113.8599,6:28:06:642237,0
221.5651,114.2971,6:28:06:645237,0
221.5651,114.2971,6:28:06:650237,0
221.5651,114.6178,6:28:06:653237,0
221.5651,114.6178,6:28:06:658233,0
221.5651,114.6178,6:28:06:662243,0
220.9994,114.6178,6:28:06:666229,1424
220.9994,113.8599,6:28:06:669242,1470
220.9994,113.8599,6:28:06:673239,1531
220.3846,113.0437,6:28:06:678240,1586
220.3846,113.0437,6:28:06:682237,1647
219.8927,112.2858,6:28:06:685237,1660
219.8927,112.2858,6:28:06:690256,1660
219.2779,112.2858,6:28:06:693261,1675
218.909,112.2858,6:28:06:698001,1698
218.5155,112.2858,6:28:06:701978,1750
217.9744,112.2858,6:28:06:705946,1824
217.3842,113.3643,6:28:06:710947,1912
216.6955,113.3643,6:28:06:713947,2011
215.8839,114.5303,6:28:06:718231,2106
214.9986,115.1425,6:28:06:722241,2202
214.1132,115.813,6:28:06:726232,2301
213.1294,116.4834,6:28:06:730243,2403
212.1457,117.1247,6:28:06:734242,2496
211.1127,117.6202,6:28:06:738260,2571
210.006,118.1158,6:28:06:742240,2639
209.0223,118.5239,6:28:06:745241,2681
208.0385,118.932,6:28:06:750183,2715
207.0056,119.2526,6:28:06:754194,2751
205.9727,119.515,6:28:06:758193,2775
204.9151,119.7774,6:28:06:762191,2798
203.833,119.9522,6:28:06:766609,2819
202.7017,120.1563,6:28:06:769621,2833
201.6441,120.302,6:28:06:773618,2845
200.4637,120.3604,6:28:06:777642,2858
199.234,120.4186,6:28:06:782618,2864
198.0781,120.4478,6:28:06:785619,2869
196.9221,120.4478,6:28:06:790234,2874
195.7908,120.4478,6:28:06:794243,2874
194.7579,120.4478,6:28:06:797378,2882
193.7742,120.4478,6:28:06:801392,2890
192.8396,119.6316,6:28:06:805488,2892
191.9542,119.6316,6:28:06:810389,2895
191.2164,118.7862,6:28:06:814239,2898
190.4786,118.2324,6:28:06:817246,2901
189.8392,117.562,6:28:06:822298,2905
189.1997,116.7458,6:28:06:826299,2911
188.6832,115.8421,6:28:06:830300,2916
188.1914,114.8218,6:28:06:833300,2913
187.7733,113.6267,6:28:06:838300,2908
187.429,112.3441,6:28:06:841302,2911
187.183,111.0323,6:28:06:846231,2911
186.9863,109.6623,6:28:06:849743,2916
186.8879,108.2631,6:28:06:853745,2921
186.8879,106.9805,6:28:06:857748,2915
186.8879,105.6687,6:28:06:861747,2911
186.8879,104.5319,6:28:06:866745,2907
187.5027,103.4825,6:28:06:869757,2901
187.5027,102.6371,6:28:06:873757,2897
188.3143,101.8209,6:28:06:877759,2890
188.8308,101.1214,6:28:06:881757,2886
189.4702,100.48,6:28:06:886229,2884
190.2081,99.89705,6:28:06:890239,2881
191.0443,99.37235,6:28:06:894118,2881
191.9788,98.84765,6:28:06:897254,2877
193.0117,98.38125,6:28:06:902254,2878
194.2168,97.8857,6:28:06:905251,2880
195.4465,97.44845,6:28:06:910253,2878
196.7992,97.04035,6:28:06:914252,2879
198.201,96.6614,6:28:06:918229,2876
199.7012,96.3699,6:28:06:922248,2870
201.1031,96.0784,6:28:06:926240,2869
202.5541,95.87435,6:28:06:930254,2864
203.9806,95.69945,6:28:06:934240,2863
205.4808,95.6703,6:28:06:938240,2864
206.981,95.6703,6:28:06:942228,2862
208.555,95.6703,6:28:06:946228,2861
210.0798,96.3699,6:28:06:950228,2861
211.6046,96.3699,6:28:06:954228,2863
213.2278,97.5942,6:28:06:958229,2865
214.9248,98.49785,6:28:06:963228,2871
216.5726,99.5764,6:28:06:966239,2878
218.2203,100.7716,6:28:06:969611,2887
219.7943,102.1124,6:28:06:974642,2899
221.3192,103.6865,6:28:06:977708,2916
222.8194,105.3773,6:28:06:982665,2944
224.295,107.2137,6:28:06:985733,2981
225.7214,109.1376,6:28:06:989665,3028
227.1233,111.1198,6:28:06:994664,3085
228.5251,113.102,6:28:06:999665,3152
229.9516,115.1133,6:28:07:002664,3220
231.378,117.1247,6:28:07:006663,3291
232.7798,119.0486,6:28:07:010672,3357
234.2309,120.8559,6:28:07:013667,3413
235.7311,122.5466,6:28:07:017671,3468
237.2805,124.179,6:28:07:022232,3515
238.8791,125.7822,6:28:07:025250,3554
240.6007,127.2397,6:28:07:030025,3591
242.4452,128.6973,6:28:07:034023,3623
244.3635,130.0965,6:28:07:038022,3650
246.5032,131.4373,6:28:07:042021,3681
248.7658,132.72,6:28:07:045739,3708
251.1514,134.0317,6:28:07:049739,3732
253.5862,135.3143,6:28:07:054169,3761
256.0947,136.5969,6:28:07:058180,3787
258.5787,137.8795,6:28:07:062178,3806
261.0135,139.1329,6:28:07:066186,3822
263.4974,140.3573,6:28:07:070188,3836
265.8584,141.669,6:28:07:074185,3846
268.1703,142.9516,6:28:07:078192,3858
270.3591,144.2925,6:28:07:081700,3867
272.5233,145.6042,6:28:07:085731,3872
274.5646,146.9743,6:28:07:089780,3876
276.5813,148.2861,6:28:07:093773,3893
278.5734,149.627,6:28:07:097886,3925
280.5163,150.997,6:28:07:101774,3962
282.4346,152.2796,6:28:07:106223,3997
284.4267,153.5331,6:28:07:110232,4020
286.345,154.7865,6:28:07:114065,4028
288.2633,156.0691,6:28:07:118016,4027
290.1571,157.3226,6:28:07:122016,4024
292.0016,158.5468,6:28:07:126016,4023
293.8215,159.7711,6:28:07:130016,4020
295.5431,160.9663,6:28:07:134022,4022
297.1663,162.1323,6:28:07:138214,4022
298.6173,163.24,6:28:07:142224,4015
300.0438,164.2894,6:28:07:146225,4003
301.3964,165.2805,6:28:07:150225,3936
302.6507,166.2424,6:28:07:154224,3801
303.8312,167.1169,6:28:07:158225,3582
304.9133,168.0206,6:28:07:162228,3273
305.8971,168.8368,6:28:07:166235,2913
306.807,169.653,6:28:07:170373,2483
307.6186,170.4109,6:28:07:173383,1943
308.3318,171.1688,6:28:07:177483,1258
308.9713,171.8392,6:28:07:182383,678
309.5369,172.4514,6:28:07:186383,0
310.0288,173.0052,6:28:07:189383,0
310.4961,173.4425,6:28:07:193388,0
310.865,173.8214,6:28:07:197393,0
311.2339,174.0838,6:28:07:202230,0
311.5782,174.1712,6:28:07:206256,0
311.9717,174.1712,6:28:07:210240,0
312.316,174.1712,6:28:07:214410,0
312.6849,174.1712,6:28:07:217421,0
313.0784,174.1712,6:28:07:221420,0
313.5457,173.2384,6:28:07:225423,0
314.1606,173.2384,6:28:07:229423,0
314.8984,172.4223,6:28:07:233421,0
315.8083,172.4223,6:28:07:237423,0
316.7675,171.7227,6:28:07:242226,0
318.0464,171.7227,6:28:07:245521,0
319.4974,171.2271,6:28:07:249522,0
321.1698,171.2271,6:28:07:253523,0
322.9897,171.2271,6:28:07:257574,0
324.8343,171.2271,6:28:07:261575,0
326.8264,171.2271,6:28:07:265575,0
328.8922,172.0141,6:28:07:269573,0
331.0565,172.0141,6:28:07:274226,0
333.1223,173.0344,6:28:07:278237,0
335.139,173.6757,6:28:07:281603,0
336.9836,174.3461,6:28:07:285601,0
338.8281,175.0166,6:28:07:290303,0
340.648,175.7162,6:28:07:293323,0
342.3204,176.4449,6:28:07:298311,0
343.919,177.2029,6:28:07:301313,0
345.4192,177.8733,6:28:07:306346,0
346.8948,178.5146,6:28:07:309358,0
348.1737,179.2433,6:28:07:314229,0
349.551,179.8846,6:28:07:318240,0
350.8544,180.4968,6:28:07:322245,0
352.1579,181.1089,6:28:07:326238,0
353.486,181.7211,6:28:07:330242,0
354.6911,182.3041,6:28:07:333237,0
355.847,182.9745,6:28:07:338229,0
356.9783,183.645,6:28:07:341276,0
358.0604,184.3446,6:28:07:345340,0
359.0688,185.0733,6:28:07:349389,0
359.9295,185.8895,6:28:07:354084,0
360.569,186.5891,6:28:07:358084,0
361.0609,187.2887,6:28:07:362083,0
361.3806,187.9592,6:28:07:366083,0
361.5035,188.6005,6:28:07:370084,0
361.5035,189.2126,6:28:07:374083,0
361.5035,189.7082,6:28:07:378520,0
361.5035,190.1163,6:28:07:381532,0
360.3722,190.437,6:28:07:385530,0
359.7574,190.6993,6:28:07:389533,0
359.0442,190.845,6:28:07:393629,0
358.2572,190.9325,6:28:07:397530,0
357.3718,190.9325,6:28:07:402226,0
356.388,190.9325,6:28:07:405236,0
355.2813,190.9325,6:28:07:409502,0
354.1746,190.9325,6:28:07:413518,0
352.9449,190.1454,6:28:07:417497,0
351.7152,190.1454,6:28:07:421495,0
350.3625,189.4458,6:28:07:426227,0
348.9853,189.4458,6:28:07:430638,0
347.5835,188.4547,6:28:07:433648,0
346.2062,187.9301,6:28:07:437648,0
344.8781,187.347,6:28:07:441648,0
343.5747,186.7932,6:28:07:445648,0
342.345,186.1519,6:28:07:449648,0
341.1891,185.4814,6:28:07:453661,0
340.1808,184.811,6:28:07:459649,0
339.2216,184.1405,6:28:07:461661,0
338.4838,183.4409,6:28:07:465647,0
337.7952,182.7997,6:28:07:469520,0
337.2541,182.1875,6:28:07:473544,0
336.8852,181.517,6:28:07:478224,0
336.6393,180.8466,6:28:07:482251,0
336.5655,180.2928,6:28:07:485235,0
336.5655,179.6514,6:28:07:490236,0
336.5655,178.8936,6:28:07:494238,0
336.5655,178.1065,6:28:07:498245,1058
337.4016,177.2612,6:28:07:502815,1055
337.9919,176.3866,6:28:07:505819,1053
338.7051,175.5704,6:28:07:510819,1051
339.6151,174.7251,6:28:07:514830,1049
340.7218,173.9089,6:28:07:517816,1055
342.1483,173.151,6:28:07:522885,1079
343.7223,172.5388,6:28:07:525897,1135
345.5422,172.0141,6:28:07:529895,1218
347.5343,171.606,6:28:07:533895,1324
349.7231,171.2271,6:28:07:537899,1432
352.0103,170.9064,6:28:07:541895,1530
354.3221,170.6732,6:28:07:545746,1625
356.4372,170.5567,6:28:07:549749,1713
358.6015,170.5567,6:28:07:554092,1811
360.6674,170.5567,6:28:07:558092,1908
362.6594,170.5567,6:28:07:562091,1999
364.6024,171.4312,6:28:07:566090,2091
366.3731,171.4312,6:28:07:570090,2173
368.1193,172.8012,6:28:07:574090,2267
369.7916,173.7923,6:28:07:577860,2373
371.464,174.9874,6:28:07:581873,2488
372.9396,176.3575,6:28:07:586104,2613
374.2677,177.9316,6:28:07:590160,2730
375.399,179.7389,6:28:07:594313,2843
376.2844,181.7502,6:28:07:598311,2949
376.8992,183.9073,6:28:07:601314,3047
377.3173,186.1519,6:28:07:605313,3143
377.4403,188.4547,6:28:07:610320,3238
377.4403,190.7576,6:28:07:613330,3329
377.4403,193.0022,6:28:07:618168,3415
376.3828,195.1884,6:28:07:622193,3484
375.4974,197.2289,6:28:07:626178,3547
374.4153,199.1528,6:28:07:630184,3603
373.1118,200.9601,6:28:07:634210,3656
371.6607,202.6216,6:28:07:638231,3713
370.0622,204.1958,6:28:07:642229,3752
368.3652,205.6532,6:28:07:645240,3785
366.6682,206.965,6:28:07:649354,3809
364.8729,208.1893,6:28:07:653354,3823
363.0529,209.3261,6:28:07:657354,3840
361.1838,210.3172,6:28:07:661355,3851
359.3393,211.25,6:28:07:666085,3858
357.5439,212.0079,6:28:07:670093,3865
355.724,212.6492,6:28:07:673602,3867
353.9041,213.174,6:28:07:677622,3869
352.1579,213.582,6:28:07:682605,3881
350.5347,213.8444,6:28:07:685600,3887
349.0345,213.961,6:28:07:689599,3896
347.731,213.961,6:28:07:693619,3904
346.5751,213.961,6:28:07:698174,3903
345.616,213.961,6:28:07:701467,3918
344.829,213.1448,6:28:07:706131,3934
344.2633,213.1448,6:28:07:710132,3954
343.8206,212.2995,6:28:07:714199,3971
343.5747,212.2995,6:28:07:718135,3977
343.4517,211.4249,6:28:07:722193,3982
343.4517,211.4249,6:28:07:726135,3973
343.4517,210.7836,6:28:07:729776,3966
344.1158,210.7836,6:28:07:733777,3959
344.6568,210.4047,6:28:07:737777,3950
345.4192,210.4047,6:28:07:741777,3948
346.3538,210.4047,6:28:07:746227,3947
347.4113,210.4047,6:28:07:750275,3946
348.6902,210.4047,6:28:07:754226,3951
350.1412,210.4047,6:28:07:757235,3959
351.7152,211.1335,6:28:07:761279,3967
353.4122,211.1335,6:28:07:766236,3979
355.183,212.1537,6:28:07:770236,3981
356.9783,212.7659,6:28:07:774238,3988
358.8474,213.4655,6:28:07:778052,3990
360.7411,214.2525,6:28:07:782060,3997
362.7578,214.9812,6:28:07:786229,4011
364.7499,215.7683,6:28:07:789237,4017
366.8158,216.5845,6:28:07:794257,4027
368.8325,217.5173,6:28:07:798237,4029
370.9721,218.3918,6:28:07:802239,4032
373.1856,219.3246,6:28:07:805237,4039
375.3498,220.1991,6:28:07:810237,4042
377.4649,221.0153,6:28:07:814247,4042
379.5554,221.9189,6:28:07:818235,4038
381.5474,222.7352,6:28:07:822245,4019
383.392,223.4639,6:28:07:825899,3972
385.2119,224.1052,6:28:07:829857,3873
386.9089,224.6299,6:28:07:833873,3693
388.4583,225.0672,6:28:07:837857,3448
389.8355,225.3878,6:28:07:842165,3139
391.1882,225.6501,6:28:07:846175,2773
392.3933,225.7376,6:28:07:849908,2329
393.5738,225.7376,6:28:07:853911,1760
394.7789,225.7376,6:28:07:857908,1106
395.8856,225.7376,6:28:07:861911,564
396.9923,224.5133,6:28:07:866041,0
398.0252,223.7262,6:28:07:870047,0
399.0828,222.706,6:28:07:874957,0
400.1157,221.54,6:28:07:877972,0
401.0749,220.17,6:28:07:881989,0
401.9848,218.5376,6:28:07:885970,0
402.821,216.7594,6:28:07:889967,0
403.6326,214.8064,6:28:07:893967,0
404.4196,212.6492,6:28:07:898244,0
405.1574,210.2881,6:28:07:902252,0
405.9444,207.8395,6:28:07:906228,0
406.7314,205.1868,6:28:07:910248,0
407.4692,202.4176,6:28:07:914306,0
408.2317,199.5318,6:28:07:917314,0
408.9695,196.5585,6:28:07:921339,0
409.7319,193.556,6:28:07:925313,0
410.4451,190.6702,6:28:07:930317,0
411.1337,188.0175,6:28:07:933316,0
411.7486,185.5689,6:28:07:938228,0
412.3142,183.4118,6:28:07:941587,0
412.8307,181.6337,6:28:07:945983,0
413.2488,180.0887,6:28:07:950012,0
413.6669,178.7769,6:28:07:953983,0
413.9374,177.7858,6:28:07:957983,2246
414.1342,176.9988,6:28:07:962179,2249
414.2325,176.3575,6:28:07:965993,2250
414.3309,175.8328,6:28:07:971270,2251
414.3555,175.483,6:28:07:974290,2248
414.4785,175.2206,6:28:07:978270,2253
414.5768,175.2206,6:28:07:982268,2298
414.749,175.2206,6:28:07:986235,2375
414.9703,176.4449,6:28:07:990245,2506
415.3147,177.4652,6:28:07:994173,2664
415.7082,178.8353,6:28:07:997412,2827
416.2,180.5551,6:28:08:002228,2991
416.7165,182.5665,6:28:08:005241,3134
417.2576,184.8985,6:28:08:010236,3281
417.8478,187.3762,6:28:08:014239,3418
418.3397,190.0289,6:28:08:019837,3547
418.9053,192.8273,6:28:08:022837,3672
419.4464,195.6257,6:28:08:025835,3767
419.9629,198.3658,6:28:08:029854,3849
420.5039,200.9601,6:28:08:033838,3913
421.045,203.467,6:28:08:038837,3952
421.5615,205.8573,6:28:08:041848,3982
422.0779,208.0727,6:28:08:045848,3998
422.5452,210.2589,6:28:08:049847,4012
423.0371,212.2411,6:28:08:053847,4029
423.4798,214.2525,6:28:08:057847,4042
423.8487,216.1764,6:28:08:061846,4053
424.193,218.0712,6:28:08:065847,4061
424.4635,219.8493,6:28:08:069737,4066
424.7833,221.5108,6:28:08:073747,4071
425.0292,223.1141,6:28:08:078990,4066
425.3243,224.5424,6:28:08:082000,4048
425.4719,225.8542,6:28:08:086053,3977
425.6932,226.9619,6:28:08:090020,3844
425.9637,227.8656,6:28:08:094000,3647
426.2589,228.5652,6:28:08:098000,3372
426.554,229.0898,6:28:08:102224,3029
426.9475,229.3813,6:28:08:105235,2574
427.4394,229.4688,6:28:08:110049,1930
428.1034,229.4688,6:28:08:114059,1207
428.9642,228.5652,6:28:08:118147,600
429.9725,227.6906,6:28:08:122062,0
431.153,226.4372,6:28:08:126142,0
432.4811,224.834,6:28:08:130153,0
433.9075,222.91,6:28:08:134245,0
435.4569,220.6072,6:28:08:137268,0
437.0555,218.042,6:28:08:142247,0
438.7279,215.2436,6:28:08:145246,0
440.4003,212.1828,6:28:08:150412,0
442.1464,208.9472,6:28:08:153425,0
443.9418,205.5658,6:28:08:158222,0
445.8109,201.8929,6:28:08:162232,0
447.9014,198.0742,6:28:08:166231,0
449.9673,194.2265,6:28:08:170232,0
452.1561,190.2912,6:28:08:174246,0
454.4679,186.3851,6:28:08:177232,0
456.8043,182.5665,6:28:08:182238,0
459.2391,178.8644,6:28:08:186244,0
461.6985,175.4538,6:28:08:190226,0
464.1824,172.3348,6:28:08:193239,0
466.5434,169.5656,6:28:08:198174,0
468.9782,167.0878,6:28:08:202025,0
471.3638,164.8724,6:28:08:206226,0
473.5772,162.8611,6:28:08:209237,0
475.7415,161.1412,6:28:08:214123,1434
477.7582,159.6546,6:28:08:218129,1450
479.5289,158.4303,6:28:08:221595,1477
481.1767,157.4391,6:28:08:225625,1512
482.5048,156.7104,6:28:08:229593,1551
483.7345,156.244,6:28:08:233592,1639
484.7674,156.1566,6:28:08:238218,1783
485.6036,156.1566,6:28:08:241228,1964
486.3414,157.2643,6:28:08:245641,2188
486.9808,158.3136,6:28:08:249651,2400
487.6203,159.6546,6:28:08:253653,2603
488.2351,161.2869,6:28:08:257654,2803
488.8254,163.1234,6:28:08:262136,2991
489.3173,165.2805,6:28:08:266166,3164
489.8583,167.6416,6:28:08:270147,3317
490.3994,170.236,6:28:08:273741,3477
490.8667,173.0927,6:28:08:277738,3627
491.3094,176.2409,6:28:08:281741,3756
491.752,179.564,6:28:08:285741,3865
492.1701,183.0912,6:28:08:289736,3937
492.5636,186.6474,6:28:08:294172,3994
492.9817,190.2329,6:28:08:297427,4041
493.3752,193.7018,6:28:08:302172,4078
493.7933,197.0248,6:28:08:306053,4107
494.2114,200.1439,6:28:08:310173,4128
494.6295,202.9131,6:28:08:314112,4147
495.023,205.4783,6:28:08:318164,4157
495.4657,207.8103,6:28:08:322112,4165
495.933,209.9091,6:28:08:325474,4174
496.4002,211.8039,6:28:08:329475,4184
496.8429,213.4655,6:28:08:333475,4192
497.3102,214.9812,6:28:08:337475,4205
497.7529,216.3221,6:28:08:342221,4216
498.1956,217.459,6:28:08:346231,4222
498.6137,218.3627,6:28:08:350243,4229
499.0072,219.0623,6:28:08:353232,4235
499.3515,219.5578,6:28:08:358485,4238
499.6958,219.8493,6:28:08:361494,4241
500.0647,219.9659,6:28:08:365496,4244
500.3844,219.9659,6:28:08:369498,4249
500.7534,219.9659,6:28:08:373495,4246
501.0731,218.8291,6:28:08:377496,4234
501.3436,217.9837,6:28:08:382540,4208
501.5895,216.876,6:28:08:385541,4154
501.6879,215.506,6:28:08:389627,4073
501.6879,213.9319,6:28:08:393538,3978
501.6879,212.0954,6:28:08:398236,3868
500.9009,210.1715,6:28:08:402260,3766
500.1877,208.1019,6:28:08:406239,3687
499.2285,205.9739,6:28:08:409252,3621
497.9988,203.7876,6:28:08:414304,3582
496.5724,201.6597,6:28:08:417305,3557
494.9492,199.59,6:28:08:422305,3546
493.1047,197.637,6:28:08:425305,3536
491.0388,195.8589,6:28:08:430236,3528
488.7762,194.2847,6:28:08:434246,3521
486.2922,192.9147,6:28:08:437399,3516
483.6115,191.7778,6:28:08:441413,3516
480.7586,190.9034,6:28:08:445410,3524
477.832,190.2621,6:28:08:449433,3541
474.8315,189.8539,6:28:08:453408,3567
471.8803,189.679,6:28:08:457409,3608
469.175,189.679,6:28:08:462178,3650
466.6664,189.679,6:28:08:466187,3691
464.4776,189.679,6:28:08:470186,3723
462.633,190.9325,6:28:08:474189,3749
461.1328,191.7195,6:28:08:478189,3777
459.9523,192.6232,6:28:08:482186,3801
459.0915,193.6434,6:28:08:486191,3830
458.5259,194.7803,6:28:08:490188,3857
458.1815,196.0046,6:28:08:494225,3889
458.0832,197.2872,6:28:08:498234,3927
458.0832,198.599,6:28:08:502421,3967
458.0832,199.8815,6:28:08:505420,4011
459.3375,201.1059,6:28:08:509420,4050
460.3212,202.3593,6:28:08:513421,4086
461.6493,203.5544,6:28:08:518371,4119
463.2479,204.633,6:28:08:521381,4146
465.1416,205.6241,6:28:08:525386,4167
467.3304,206.4695,6:28:08:529390,4186
469.7406,207.2274,6:28:08:533385,4194
472.2984,207.8395,6:28:08:537382,4200
475.0037,208.3642,6:28:08:542663,4205
477.7582,208.7431,6:28:08:545672,4204
480.4389,208.918,6:28:08:551671,4207
483.095,209.0347,6:28:08:553674,4202
485.579,209.0347,6:28:08:558683,4195
487.94,209.0347,6:28:08:562618,4191
490.1042,209.0347,6:28:08:566617,4175
492.0963,208.0727,6:28:08:569615,4129
493.8671,208.0727,6:28:08:573617,3993
495.5395,206.7027,6:28:08:578008,3769
496.9659,205.7699,6:28:08:582389,3450
498.2202,204.7496,6:28:08:586216,3068
499.3023,203.5544,6:28:08:590224,2660
500.2123,202.2135,6:28:08:594220,2141
500.9255,200.8143,6:28:08:598228,1529
501.5403,199.3277,6:28:08:602229,910
502.0076,197.8119,6:28:08:607228,408
502.3028,196.2961,6:28:08:610229,0
502.5487,194.8094,6:28:08:614236,0
502.6963,193.3811,6:28:08:618393,0
502.77,191.9236,6:28:08:621406,0
502.8438,190.5535,6:28:08:625476,0
502.8438,189.2126,6:28:08:629403,0
502.893,187.9592,6:28:08:633469,0
503.0406,186.8223,6:28:08:637406,0
503.1881,185.6855,6:28:08:642218,0
503.4341,184.5486,6:28:08:645228,0
503.7784,183.5576,6:28:08:650166,0
504.2457,182.5956,6:28:08:654151,0
504.8359,181.6045,6:28:08:658216,0
505.5491,180.6134,6:28:08:662227,0
506.3607,179.6514,6:28:08:666226,0
507.3199,178.5729,6:28:08:670227,0
508.3036,177.4944,6:28:08:674224,0
509.4103,176.4449,6:28:08:678225,0
510.5663,175.3956,6:28:08:682165,0
511.7959,174.3461,6:28:08:685826,0
513.0748,173.5008,6:28:08:690279,0
514.3783,172.7429,6:28:08:693280,0
515.6572,172.1308,6:28:08:698280,0
516.936,171.7227,6:28:08:702280,0
518.2395,171.4603,6:28:08:705363,0
519.4692,171.3437,6:28:08:710377,0
520.6497,171.2271,6:28:08:714039,0
521.781,171.0813,6:28:08:718047,0
522.8877,170.9064,6:28:08:722151,1523
524.019,170.6732,6:28:08:726049,1538
525.1011,170.4109,6:28:08:730219,1602
526.2325,170.1194,6:28:08:734230,1703
527.3884,169.7988,6:28:08:738108,1864
528.741,169.4198,6:28:08:742104,2055
530.1921,169.1575,6:28:08:746108,2234
531.7661,168.9825,6:28:08:750103,2397
533.4876,168.866,6:28:08:754458,2510
535.3322,168.7785,6:28:08:757467,2603
537.2013,168.7785,6:28:08:761468,2685
539.095,168.7785,6:28:08:765471,2773
541.0133,168.7785,6:28:08:769575,2876
542.8578,168.7785,6:28:08:773466,2980
544.5794,169.653,6:28:08:778012,3078
546.1288,169.653,6:28:08:781482,3174
547.5306,170.6732,6:28:08:786226,3267
548.8095,171.4312,6:28:08:790256,3361
550.0146,172.2765,6:28:08:794236,3463
551.0475,173.2384,6:28:08:797236,3568
551.9083,174.3753,6:28:08:802236,3680
552.597,175.5996,6:28:08:806236,3795
553.1872,177.0571,6:28:08:810234,3903
553.6053,178.6021,6:28:08:813244,4006
553.7775,180.2928,6:28:08:818291,4099
553.7775,182.1292,6:28:08:822290,4179
553.7775,183.9657,6:28:08:825288,4260
553.0889,185.7729,6:28:08:830303,4331
552.4986,187.6385,6:28:08:834228,4396
551.7608,189.4458,6:28:08:838240,4453
550.6541,191.1657,6:28:08:842225,4490
549.3752,192.7106,6:28:08:846236,4524
547.8504,194.139,6:28:08:850286,4545
546.1042,195.4507,6:28:08:853288,4558
544.1613,196.6167,6:28:08:858286,4568
542.0955,197.6953,6:28:08:861287,4573
539.882,198.6572,6:28:08:866373,4580
537.6686,199.4734,6:28:08:869385,4586
535.6027,200.1439,6:28:08:873903,4587
533.7336,200.7269,6:28:08:877916,4592
532.0858,201.1933,6:28:08:881916,4593
530.7332,201.5139,6:28:08:885916,4595
529.6018,201.7763,6:28:08:890167,4602
528.8394,201.9512,6:28:08:894177,4601
528.2737,202.0678,6:28:08:898170,4600
527.9294,202.1552,6:28:08:902102,4601
527.7327,202.2135,6:28:08:906150,4601
527.6343,202.2719,6:28:08:910151,4607
527.6343,202.3302,6:28:08:914154,4620
527.6343,202.3593,6:28:08:918149,4634
527.6343,202.4759,6:28:08:922170,4678
527.6343,202.5925,6:28:08:926185,4741
528.6672,202.7674,6:28:08:930079,4821
529.3805,202.9715,6:28:08:934086,4919
530.3888,203.263,6:28:08:938412,5019
531.6923,203.5836,6:28:08:941416,5135
533.3892,204.0208,6:28:08:945412,5247
535.3568,204.5164,6:28:08:949413,5359
537.5948,205.0411,6:28:08:953084,5474
540.0787,205.6241,6:28:08:957516,5586
542.6119,206.2654,6:28:08:961516,5710
545.1943,206.9359,6:28:08:966516,5839
547.8258,207.6646,6:28:08:969853,5958
550.4081,208.3934,6:28:08:973853,6069
552.9659,209.1512,6:28:08:977855,6166
555.499,209.9675,6:28:08:981855,6249
557.983,210.7836,6:28:08:986299,6313
560.467,211.5999,6:28:08:989310,6361
563.0739,212.416,6:28:08:993639,6386
565.6808,213.2031,6:28:08:997646,6406
568.2878,214.0193,6:28:09:001631,6415
570.8947,214.8064,6:28:09:005631,6417
573.4033,215.506,6:28:09:010223,6427
575.8627,216.2056,6:28:09:014231,6431
578.2728,216.9635,6:28:09:018224,6437
580.5355,217.6922,6:28:09:022235,6438
582.6505,218.3918,6:28:09:026949,6434
584.6426,219.0914,6:28:09:029946,6427
586.5855,219.8201,6:28:09:033947,6408
588.3563,220.4323,6:28:09:037948,6382
590.1024,221.1319,6:28:09:042225,6344
591.7748,221.6857,6:28:09:046236,6251
593.2996,222.1521,6:28:09:050236,6106
594.7015,222.5311,6:28:09:054236,5889
595.9312,222.7934,6:28:09:058283,5601
597.0133,222.9975,6:28:09:061292,5286
597.8987,223.1141,6:28:09:066255,4949
598.5873,223.1432,6:28:09:070285,4571
599.0054,223.1432,6:28:09:074262,4088
599.3005,223.1432,6:28:09:080264,3488
599.3005,223.1432,6:28:09:082281,2760
599.3005,223.1432,6:28:09:086262,1885
598.5873,222.1521,6:28:09:091849,1091
597.8003,222.1521,6:28:09:094863,491
596.7919,221.1319,6:28:09:097850,0
595.5377,220.4323,6:28:09:101875,0
594.0128,219.7327,6:28:09:105850,0
592.1683,218.9165,6:28:09:110214,0
589.9795,217.9837,6:28:09:113592,0
587.6185,216.9926,6:28:09:118457,0
584.8885,215.914,6:28:09:121456,0
581.8881,214.748,6:28:09:125509,0
578.568,213.4363,6:28:09:129458,0
574.9527,212.0954,6:28:09:134215,0
570.9685,210.5796,6:28:09:137222,0
566.6154,208.9472,6:28:09:142287,0
561.9672,207.3439,6:28:09:145287,0
556.9501,205.595,6:28:09:150285,0
551.6624,203.8751,6:28:09:153289,0
546.0797,202.1844,6:28:09:158223,0
539.7836,200.5228,6:28:09:162234,0
532.8236,198.8613,6:28:09:166169,0
350.0428,187.4637,6:28:09:242131,0
349.3542,187.4637,6:28:09:245650,0
347.7556,187.4637,6:28:09:249723,0
345.739,187.4637,6:28:09:253651,0
342.9598,187.4637,6:28:09:257647,0
339.5167,187.4637,6:28:09:261648,0
335.5079,187.4637,6:28:09:266222,0
331.0073,187.4637,6:28:09:269232,0
325.9901,187.4637,6:28:09:273525,0
321.2436,187.4637,6:28:09:277522,0
316.8413,188.1049,6:28:09:281553,0
312.5374,188.1049,6:28:09:285522,0
308.3318,188.1049,6:28:09:290226,0
304.3477,188.1049,6:28:09:293236,0
300.5356,188.1049,6:28:09:298224,0
296.8712,188.1049,6:28:09:301234,0
293.3788,188.1049,6:28:09:306235,0
289.9849,188.1049,6:28:09:309234,0
286.7631,187.2596,6:28:09:314232,0
283.6397,187.2596,6:28:09:318079,0
280.8852,187.2596,6:28:09:322174,0
278.3275,186.56,6:28:09:326185,0
276.0157,186.56,6:28:09:330182,0
273.753,185.977,6:28:09:334185,0
271.6134,185.977,6:28:09:338182,0
269.6459,185.4814,6:28:09:342185,0
267.9243,185.4814,6:28:09:346228,0
266.1536,185.0442,6:28:09:349238,0
264.6042,184.7818,6:28:09:354226,0
263.1531,184.6069,6:28:09:357237,0
261.6037,184.4612,6:28:09:362302,0
260.2019,184.3154,6:28:09:365303,0
258.923,184.1405,6:28:09:370303,0
257.6195,184.0531,6:28:09:374304,0
256.2669,183.9948,6:28:09:378228,0
255.0618,183.9657,6:28:09:382238,0
253.7091,183.9657,6:28:09:386287,0
252.4303,183.9657,6:28:09:389283,0
251.1514,183.9657,6:28:09:394284,0
249.8479,183.9657,6:28:09:397286,0
248.569,183.9657,6:28:09:402226,0
247.2164,184.6361,6:28:09:405577,0
245.9129,184.6361,6:28:09:410099,0
244.5603,185.2191,6:28:09:414001,0
243.06,185.2191,6:28:09:418091,0
241.5844,186.1519,6:28:09:422001,0
240.0596,186.6474,6:28:09:426175,0
238.5348,187.143,6:28:09:429299,0
236.9362,187.6969,6:28:09:434228,0
235.3868,188.309,6:28:09:438238,0
233.7636,188.9211,6:28:09:442399,0
232.1158,189.5916,6:28:09:445399,0
230.6156,190.2621,6:28:09:449398,0
229.0662,190.9617,6:28:09:453399,0
227.566,191.7195,6:28:09:458175,0
226.1641,192.4483,6:28:09:462186,0
224.7623,193.177,6:28:09:466226,0
223.385,193.9058,6:28:09:470236,0
221.934,194.6054,6:28:09:474493,0
220.6059,195.1593,6:28:09:477503,0
219.2533,195.509,6:28:09:481505,0
217.9498,195.7422,6:28:09:485503,1370
216.6955,195.8589,6:28:09:489567,1378
215.4904,195.8589,6:28:09:493503,1390
214.3837,195.8589,6:28:09:498176,1423
213.3754,195.8589,6:28:09:502192,1475
212.5392,195.8589,6:28:09:506176,1567
211.8506,195.1593,6:28:09:509587,1682
211.3587,195.1593,6:28:09:514176,1798
211.0144,195.1593,6:28:09:518138,1921
210.7684,195.1593,6:28:09:522140,2016
210.5963,195.1593,6:28:09:526139,2108
210.5717,195.1593,6:28:09:530239,2193
210.5717,195.1593,6:28:09:533252,2258
210.5717,195.1593,6:28:09:539381,2306
210.5717,194.6346,6:28:09:541380,2352
211.7276,194.6346,6:28:09:545390,2417
212.5392,194.139,6:28:09:550387,2493
213.6459,193.8183,6:28:09:553381,2593
215.0723,193.3811,6:28:09:558382,2703
216.9169,192.8855,6:28:09:562383,2806
219.1303,192.3026,6:28:09:566405,2915
221.7864,191.5446,6:28:09:570423,3022
224.8115,190.7576,6:28:09:573382,3115
228.1562,189.7957,6:28:09:580053,3189
232.0666,188.6588,6:28:09:582064,3251
236.5427,187.3762,6:28:09:588062,3296
241.4614,185.977,6:28:09:590062,3335
246.7737,184.4612,6:28:09:595066,3376
252.5532,182.8288,6:28:09:598065,3422
258.9476,181.1673,6:28:09:602414,3477
265.9814,179.4182,6:28:09:605425,3552
273.5071,177.6693,6:28:09:609545,3635
281.5493,175.9785,6:28:09:613424,3722
290.1817,174.317,6:28:09:617425,3799
299.2567,172.6555,6:28:09:621431,3848
309.0205,171.0522,6:28:09:626220,3885
319.4482,169.5072,6:28:09:630232,3901
330.0727,168.0497,6:28:09:634244,3914
341.1399,166.7088,6:28:09:638229,3928
352.6252,165.4554,6:28:09:642225,3947
364.258,164.3477,6:28:09:646235,3987
376.0876,163.3566,6:28:09:650235,4035
388.0156,162.4529,6:28:09:654238,4103
400.0173,161.6951,6:28:09:658235,4193
412.0191,161.0538,6:28:09:662277,4285
423.9962,160.5291,6:28:09:666407,4384
435.9242,160.0918,6:28:09:669417,4483
447.803,159.7711,6:28:09:673458,4574
459.5588,159.5379,6:28:09:677417,4672
471.1179,159.3922,6:28:09:682420,4767
482.5048,159.2756,6:28:09:685417,4867
493.6703,159.2756,6:28:09:690171,4982
504.5408,159.2756,6:28:09:694194,5101
515.2637,159.2756,6:28:09:698220,5227
525.6176,159.2756,6:28:09:702228,5361
535.7748,159.2756,6:28:09:706442,5494
545.7845,159.2756,6:28:09:709453,5665
555.2777,159.2756,6:28:09:713453,5844
564.6233,159.2756,6:28:09:717453,6038
573.8459,160.0043,6:28:09:721561,6228
582.6505,160.0043,6:28:09:725453,6381
591.1354,160.6456,6:28:09:730451,6514
599.3989,161.0829,6:28:09:733457,6617
607.4164,161.6076,6:28:09:738196,6697
615.1389,162.2489,6:28:09:742215,6752
622.4924,162.9485,6:28:09:745601,6797
629.4771,163.6772,6:28:09:749607,6827
635.9698,164.4935,6:28:09:753605,6840
642.192,165.3388,6:28:09:757607,6852
648.1437,166.2424,6:28:09:761407,6859
653.7756,167.1752,6:28:09:765417,6863
658.842,168.0497,6:28:09:769425,6869
663.3672,168.9534,6:28:09:773440,6871
667.5974,169.8279,6:28:09:777474,6872
671.4832,170.6732,6:28:09:782484,6869
674.9509,171.5186,6:28:09:785600,6872
678.0005,172.3931,6:28:09:789482,6872
680.6566,173.2384,6:28:09:794173,6858
682.9193,174.0546,6:28:09:797584,6831
684.9359,174.9,6:28:09:802222,6766
686.7313,175.7162,6:28:09:805735,6626
688.2807,176.5033,6:28:09:810238,6381
689.658,177.232,6:28:09:814247,6000
690.8138,177.9608,6:28:09:818272,5511
691.773,178.6312,6:28:09:822258,4951
692.5354,179.2433,6:28:09:826412,4323
693.0519,179.9429,6:28:09:829423,3636
693.3224,180.6717,6:28:09:834213,2763
693.3224,181.3421,6:28:09:837333,1747
693.3224,182.0709,6:28:09:842331,915
692.3387,182.7997,6:28:09:846329,0
691.3795,183.2369,6:28:09:850532,0
690.076,183.5284,6:28:09:853543,0
688.4528,183.5576,6:28:09:857598,0
686.4362,183.5576,6:28:09:861607,0
684.0997,182.7122,6:28:09:865596,0
681.4436,181.8085,6:28:09:869594,0
678.2465,180.4093,6:28:09:874218,0
678.2465,180.4093,6:28:09:892285,0
576.994,511.874,6:28:18:989822,0
576.994,511.874,6:28:18:993760,0
576.994,511.874,6:28:18:997762,0
578.0269,512.8651,6:28:19:001760,0
578.0269,512.8651,6:28:19:006216,0
579.109,514.0894,6:28:19:010226,0
579.9207,514.9348,6:28:19:014271,0
580.9044,515.7218,6:28:19:018211,0
582.0603,516.5671,6:28:19:022221,0
583.1178,517.121,6:28:19:026221,0
584.2983,517.5874,6:28:19:030221,0
585.6264,517.5874,6:28:19:034240,0
587.102,518.0829,6:28:19:038225,0
588.7006,518.0829,6:28:19:042226,0
590.2992,518.0829,6:28:19:046211,0
591.9962,518.0829,6:28:19:050218,0
593.7423,517.4125,6:28:19:054213,0
595.5869,517.4125,6:28:19:058223,0
597.3822,516.7421,6:28:19:061866,0
599.2759,516.7421,6:28:19:065828,0
601.145,515.8093,6:28:19:069810,0
603.0142,515.1096,6:28:19:073811,0
604.9571,514.2352,6:28:19:078144,0
606.9246,513.2732,6:28:19:081708,0
608.9904,512.2238,6:28:19:085763,0
611.1547,511.2327,6:28:19:089693,0
613.2206,509.8626,6:28:19:093695,0
615.0405,508.2594,6:28:19:097693,0
616.5899,506.5396,6:28:19:102146,0
617.9672,504.8197,6:28:19:106157,0
619.123,503.1581,6:28:19:110181,0
620.0576,501.4674,6:28:19:114192,0
620.5987,499.6893,6:28:19:118190,0
620.7217,497.7946,6:28:19:122190,0
620.7217,496.2496,6:28:19:126188,0
620.7217,494.8795,6:28:19:130191,0
619.5903,493.597,6:28:19:134151,0
618.6558,492.4601,6:28:19:137890,0
617.4753,491.3524,6:28:19:142197,0
615.9996,490.3904,6:28:19:145207,0
614.4503,489.4576,6:28:19:150945,0
612.7533,488.5832,6:28:19:154955,0
611.0809,487.7961,6:28:19:159954,0
609.4823,487.0674,6:28:19:161970,0
608.0067,486.3677,6:28:19:165953,0
606.7524,485.6973,6:28:19:169958,0
605.6457,485.056,6:28:19:174165,0
604.6373,484.4147,6:28:19:177175,0
603.7274,483.8317,6:28:19:181378,0
602.9158,483.2487,6:28:19:185391,0
602.2272,482.6949,6:28:19:189452,0
601.6123,482.141,6:28:19:193389,0
601.022,481.5872,6:28:19:198282,0
600.481,481.0624,6:28:19:201295,0
599.9891,480.5378,6:28:19:206291,0
599.571,480.0714,6:28:19:210292,0
599.1776,479.6049,6:28:19:214301,0
598.8578,479.1968,6:28:19:217342,0
598.5873,478.9053,6:28:19:222143,0
598.3905,478.643,6:28:19:225303,0
598.243,478.4681,6:28:19:230384,0
598.1446,478.3515,6:28:19:233396,0
598.12,478.3515,6:28:19:238393,0
598.12,478.3515,6:28:19:241394,0
598.12,478.3515,6:28:19:245455,0
598.12,478.3515,6:28:19:249533,0
598.12,478.3515,6:28:19:254191,0
598.12,478.3515,6:28:19:257533,0
598.12,479.0219,6:28:19:261534,0
598.7103,479.0219,6:28:19:265532,0
598.7103,479.0219,6:28:19:269533,0
598.7103,479.5175,6:28:19:273535,0
598.7103,479.5175,6:28:19:278194,0
599.1776,479.5175,6:28:19:281202,0
599.1776,480.0131,6:28:19:286195,0
599.1776,480.0131,6:28:19:291223,0
599.571,480.3629,6:28:19:294203,0
599.571,480.3629,6:28:19:298204,0
599.8661,480.6835,6:28:19:301203,0
599.8661,480.6835,6:28:19:306196,0
600.1613,480.975,6:28:19:309713,0
600.3334,481.179,6:28:19:314208,0
600.481,481.3248,6:28:19:317726,0
600.6285,481.4706,6:28:19:321810,0
600.8007,481.6454,6:28:19:325723,0
600.9483,481.7912,6:28:19:329808,0
601.0958,481.937,6:28:19:333723,0
601.268,482.0827,6:28:19:338196,0
601.4156,482.2576,6:28:19:341712,0
601.5877,482.3451,6:28:19:345711,0
601.7353,482.5491,6:28:19:349740,0
601.8829,482.6949,6:28:19:353807,0
602.055,482.8406,6:28:19:357712,0
602.2026,482.9864,6:28:19:362199,0
602.3993,483.1321,6:28:19:366029,0
602.5469,483.2487,6:28:19:370028,0
602.7437,483.4236,6:28:19:374029,0
602.8912,483.5402,6:28:19:378092,0
603.0388,483.6859,6:28:19:383040,0
603.2355,483.8317,6:28:19:386029,0
603.4077,483.9483,6:28:19:390194,0
603.6044,484.0649,6:28:19:393563,0
603.8011,484.2106,6:28:19:398161,0
603.9487,484.3272,6:28:19:402093,0
604.1454,484.4147,6:28:19:406111,0
604.293,484.5896,6:28:19:410093,0
604.4898,484.677,6:28:19:413781,0
604.6373,484.7936,6:28:19:417705,0
604.7849,484.9102,6:28:19:421704,0
604.9571,485.0269,6:28:19:425708,0
605.1046,485.1434,6:28:19:430140,0
605.2522,485.2309,6:28:19:433790,0
605.4243,485.3475,6:28:19:438302,0
605.5473,485.4349,6:28:19:441312,0
605.6703,485.5515,6:28:19:446253,0
605.8179,485.6098,6:28:19:449282,0
605.99,485.7264,6:28:19:454263,0
606.113,485.7556,6:28:19:457264,0
606.236,485.843,6:28:19:462263,0
606.2851,485.9013,6:28:19:465263,0
606.3835,485.9597,6:28:19:469326,0
606.5065,486.0179,6:28:19:473252,0
606.6049,486.0471,6:28:19:477251,0
606.6786,486.1346,6:28:19:481254,0
606.7524,486.1637,6:28:19:486196,0
606.8508,486.1928,6:28:19:490205,0
606.9492,486.2803,6:28:19:494197,0
607.0229,486.3094,6:28:19:497192,0
607.0721,486.3677,6:28:19:502190,0
607.1459,486.3969,6:28:19:505192,0
607.2197,486.4261,6:28:19:510144,0
607.2935,486.4261,6:28:19:514165,0
607.3181,486.4552,6:28:19:518201,0
607.3427,486.4552,6:28:19:522210,0
607.3427,486.5135,6:28:19:525713,0
607.4164,486.5135,6:28:19:529729,0
607.441,486.5135,6:28:19:534200,0
607.4902,486.5426,6:28:19:537221,0
607.4902,486.5426,6:28:19:542195,0
607.4902,486.5426,6:28:19:545206,0
607.4902,486.5718,6:28:19:549205,0
607.4902,486.5718,6:28:19:554209,0
607.4902,486.5718,6:28:19:558205,0
607.4902,486.5718,6:28:19:562204,0
607.4902,486.601,6:28:19:565206,0
607.4902,486.601,6:28:19:570218,0
607.4902,486.601,6:28:19:574196,0
607.4902,486.601,6:28:19:577204,0
607.4902,486.601,6:28:19:582296,0
607.4902,486.601,6:28:19:586301,0
607.4902,486.601,6:28:19:590369,0
607.4902,486.601,6:28:19:593382,0
607.4902,486.601,6:28:19:597379,0
607.4902,486.601,6:28:19:601380,0
607.4902,486.601,6:28:19:605405,0
607.4902,486.601,6:28:19:609395,0
607.4902,486.601,6:28:19:614193,0
607.4902,486.601,6:28:19:618204,0
607.4902,486.601,6:28:19:622140,0
607.4902,486.601,6:28:19:626151,0
607.4902,486.601,6:28:19:630150,0
607.4902,486.601,6:28:19:634151,0
607.4902,486.601,6:28:19:638150,0
607.4902,486.601,6:28:19:642150,0
607.1459,486.601,6:28:19:646193,0
607.1459,486.601,6:28:19:649203,0
607.1459,486.601,6:28:19:654196,0
607.1459,486.601,6:28:19:658207,0
606.8508,486.1928,6:28:19:661390,0
606.8508,486.1928,6:28:19:665403,0
606.6786,486.1928,6:28:19:669454,0
606.6786,486.1928,6:28:19:673454,0
606.5311,486.1928,6:28:19:677453,0
606.4573,485.9888,6:28:19:681530,0
606.3835,485.9888,6:28:19:685454,0
606.2851,485.9888,6:28:19:689438,0
606.1622,485.7848,6:28:19:693435,0
606.0638,485.7848,6:28:19:697437,0
605.99,485.6973,6:28:19:701438,0
605.8916,485.6098,6:28:19:705451,0
605.7195,485.5515,6:28:19:710452,0
605.5965,485.4641,6:28:19:713450,0
605.4735,485.4058,6:28:19:717619,0
605.3506,485.2892,6:28:19:721506,0
605.203,485.2018,6:28:19:725509,0
605.0554,485.0851,6:28:19:730506,0
604.9079,484.9977,6:28:19:733507,0
604.7849,484.8811,6:28:19:738097,0
604.6373,484.7936,6:28:19:742122,0
604.4898,484.677,6:28:19:745440,0
604.3668,484.6187,6:28:19:749442,0
604.2192,484.5021,6:28:19:753452,0
604.0963,484.3856,6:28:19:758456,0
603.9487,484.3272,6:28:19:761459,0
603.8257,484.2106,6:28:19:765507,0
603.7028,484.0941,6:28:19:769456,0
603.5552,483.9774,6:28:19:773457,0
603.4077,483.8608,6:28:19:778144,0
603.2601,483.7734,6:28:19:782154,0
603.1125,483.6277,6:28:19:786154,0
602.9404,483.511,6:28:19:790153,0
602.8174,483.3944,6:28:19:794155,0
602.6699,483.2779,6:28:19:797715,0
602.5223,483.1321,6:28:19:801742,0
602.3501,483.0155,6:28:19:805716,0
602.2272,482.8698,6:28:19:809716,0
602.0796,482.8115,6:28:19:814192,0
601.9074,482.6949,6:28:19:817526,0
601.7845,482.5782,6:28:19:821653,0
601.6369,482.4616,6:28:19:825587,0
601.5139,482.3451,6:28:19:829584,0
601.391,482.1993,6:28:19:833585,0
601.268,482.0827,6:28:19:837610,0
601.145,481.9952,6:28:19:842192,0
601.022,481.8787,6:28:19:845202,0
600.8991,481.7329,6:28:19:849200,0
600.8007,481.5872,6:28:19:853587,0
600.6777,481.4706,6:28:19:857587,0
600.5793,481.3248,6:28:19:861618,0
600.4564,481.2082,6:28:19:865587,0
600.3334,481.0624,6:28:19:870138,0
600.235,480.9459,6:28:19:873623,0
600.1121,480.8001,6:28:19:877620,0
599.9891,480.6835,6:28:19:881620,0
599.8907,480.5669,6:28:19:886400,0
599.7678,480.4795,6:28:19:889410,0
599.6448,480.3629,6:28:19:893429,0
599.5464,480.2462,6:28:19:897412,0
599.4235,480.1296,6:28:19:901409,0
599.3251,480.0131,6:28:19:905440,0
599.2267,479.9256,6:28:19:909410,0
599.1284,479.809,6:28:19:913410,0
599.0792,479.6924,6:28:19:917410,0
598.9808,479.5758,6:28:19:921409,0
598.9316,479.4592,6:28:19:925463,0
598.8578,479.3426,6:28:19:929464,0
598.7595,479.2552,6:28:19:934242,0
598.7103,479.1385,6:28:19:937760,0
598.6611,479.0511,6:28:19:942158,0
598.6119,478.9637,6:28:19:946119,0
598.5381,478.9053,6:28:19:950120,0
598.5135,478.7888,6:28:19:954118,0
598.4643,478.7596,6:28:19:957569,0
598.4151,478.7304,6:28:19:961576,0
598.366,478.7013,6:28:19:965652,0
598.2922,478.643,6:28:19:969576,0
598.243,478.6139,6:28:19:973578,0
598.1938,478.5847,6:28:19:977575,0
598.1446,478.4973,6:28:19:982193,0
598.1446,478.4681,6:28:19:986203,0
598.0708,478.4389,6:28:19:990189,0
598.0708,478.3806,6:28:19:993533,0
598.0462,478.3515,6:28:19:997707,0
598.0462,478.3224,6:28:20:001704,0
598.0462,478.3224,6:28:20:006716,0
598.0216,478.3224,6:28:20:009703,0
598.0216,478.3224,6:28:20:014190,0
598.0216,478.3224,6:28:20:017519,0
598.0216,478.3224,6:28:20:021518,0
598.0216,478.3224,6:28:20:025519,0
598.0216,478.3224,6:28:20:029521,0
598.0216,478.3224,6:28:20:033519,0
598.0216,478.3224,6:28:20:038190,0
598.0216,478.3224,6:28:20:042201,0
598.0216,478.3224,6:28:20:045724,0
598.0216,478.3224,6:28:20:051637,0
598.0216,478.3224,6:28:20:054645,0
598.0216,478.3224,6:28:20:058633,0
598.0216,478.3224,6:28:20:062640,0
598.0216,478.3224,6:28:20:066638,0
598.0216,478.3224,6:28:20:069631,0
598.0216,478.3224,6:28:20:074634,0
598.0216,478.3224,6:28:20:077634,0
598.0216,478.3224,6:28:20:081633,0
598.4151,478.3224,6:28:20:085632,0
598.4151,478.7888,6:28:20:089633,0
598.4151,478.7888,6:28:20:093643,0
598.4151,478.7888,6:28:20:097665,0
598.4151,478.7888,6:28:20:102185,0
598.6365,479.1094,6:28:20:106194,0
598.6365,479.1094,6:28:20:109593,0
598.7595,479.3134,6:28:20:113647,0
598.7595,479.3134,6:28:20:118194,0
598.8824,479.5467,6:28:20:121207,0
598.9562,479.6049,6:28:20:126205,0
599.0054,479.6924,6:28:20:130204,0
599.1038,479.809,6:28:20:134203,0
599.2021,479.9256,6:28:20:138204,0
599.2759,479.9839,6:28:20:142107,0
599.3497,480.1296,6:28:20:145482,0
599.4727,480.2462,6:28:20:149922,0
599.571,480.3337,6:28:20:153922,0
599.6694,480.4795,6:28:20:157949,0
599.7678,480.5669,6:28:20:161925,0
599.8907,480.6835,6:28:20:166129,0
600.0137,480.8001,6:28:20:169364,0
600.1121,480.9167,6:28:20:173365,0
600.235,481.0333,6:28:20:177364,0
600.3334,481.1208,6:28:20:181365,0
600.4564,481.2957,6:28:20:186365,0
600.5793,481.3831,6:28:20:190193,0
600.7023,481.4997,6:28:20:194204,0
600.8007,481.6454,6:28:20:198188,0
600.8991,481.7621,6:28:20:202196,0
601.022,481.8787,6:28:20:206216,0
601.145,482.0244,6:28:20:210199,0
601.2434,482.0827,6:28:20:214199,0
601.3664,482.1993,6:28:20:218198,0
601.4893,482.3159,6:28:20:222191,0
601.6123,482.4325,6:28:20:226202,0
601.7107,482.5491,6:28:20:230189,0
601.8337,482.6074,6:28:20:233200,0
601.9074,482.724,6:28:20:238139,0
601.9812,482.8115,6:28:20:242151,0
602.0058,482.8698,6:28:20:246148,0
602.0796,483.0155,6:28:20:250160,0
602.1042,483.1613,6:28:20:254159,0
602.2026,483.3944,6:28:20:258171,0
602.3256,483.6277,6:28:20:262175,0
602.4485,483.8608,6:28:20:265169,0
602.5961,484.1815,6:28:20:270175,0
602.7928,484.5021,6:28:20:274171,0
603.0388,484.7936,6:28:20:278170,0
603.2601,485.1434,6:28:20:282171,0
603.506,485.4349,6:28:20:286186,0
603.752,485.7264,6:28:20:290169,0
604.0471,486.0179,6:28:20:294182,0
604.3914,486.3094,6:28:20:298194,0
604.8341,486.6592,6:28:20:302203,0
605.4243,486.9799,6:28:20:306203,0
606.3343,487.3297,6:28:20:309225,0
607.6132,487.6795,6:28:20:314144,0
609.261,488.0293,6:28:20:317153,0
611.3022,488.3791,6:28:20:322152,0
613.6387,488.7289,6:28:20:325151,0
616.1964,489.0496,6:28:20:330158,0
618.9509,489.3994,6:28:20:334153,0
621.853,489.7491,6:28:20:338152,0
624.878,490.0989,6:28:20:342168,0
628.1244,490.4196,6:28:20:346196,0
631.961,490.7111,6:28:20:350224,0
636.142,490.9734,6:28:20:354185,0
640.4951,491.1775,6:28:20:358183,0
644.9957,491.3232,6:28:20:362144,0
649.7423,491.4398,6:28:20:366155,0
655.2759,491.4398,6:28:20:370279,0
661.3997,491.4398,6:28:20:373285,0
667.5236,491.4398,6:28:20:378194,0
673.0817,491.4398,6:28:20:382204,0
678.2957,490.7694,6:28:20:386204,0
683.903,490.7694,6:28:20:390204,0
690.322,490.1281,6:28:20:394205,0
696.741,490.1281,6:28:20:397202,0
702.5204,489.3994,6:28:20:402192,0
707.6114,489.3994,6:28:20:406219,0
712.4072,488.5832,6:28:20:410194,0
717.2767,488.0584,6:28:20:414204,0
723.2038,487.4754,6:28:20:417340,0
728.7128,486.7176,6:28:20:421340,0
733.238,485.8722,6:28:20:425414,0
737.4436,484.7936,6:28:20:429341,0
741.4524,483.4528,6:28:20:434196,0
745.1906,481.9078,6:28:20:437527,0
748.8305,479.9256,6:28:20:442195,0
752.0277,477.5936,6:28:20:445206,0
754.1182,475.0284,6:28:20:450192,0
757.4629,470.9182,6:28:20:454202,0
761.9636,466.2834,6:28:20:458201,0
764.4475,464.855,6:28:20:461202,0
766.5626,463.4267,6:28:20:466201,0
770.0795,460.5117,6:28:20:469202,0
773.744,457.859,6:28:20:474192,0
777.3347,455.2939,6:28:20:477538,0
780.7286,452.8161,6:28:20:481589,0
783.7782,450.3675,6:28:20:485589,0
783.7782,450.3675,6:28:20:489589,0
752.372,537.1762,6:28:20:534035,0
752.372,537.1762,6:28:20:537935,0
