252.3565,315.1989,2:45:00:544971,0
252.3565,315.1989,2:45:00:549017,0
252.3565,315.1989,2:45:00:552995,0
252.3565,316.0151,2:45:00:556996,0
253.2418,316.0151,2:45:00:561697,0
253.2418,317.1812,2:45:00:564725,0
253.8321,317.8807,2:45:00:569922,0
253.8321,318.7552,2:45:00:573440,0
254.3732,319.8047,2:45:00:577476,0
254.3732,320.7666,2:45:00:581442,0
254.3732,321.7577,2:45:00:585513,0
254.3732,322.8362,2:45:00:589445,0
254.3732,323.8274,2:45:00:593701,0
253.6107,324.7893,2:45:00:597481,0
253.6107,325.7513,2:45:00:602132,0
252.7746,326.5966,2:45:00:605160,0
252.3073,327.4128,2:45:00:609223,0
251.8646,328.1707,2:45:00:613142,0
251.4711,328.8703,2:45:00:617340,0
251.0776,329.5407,2:45:00:621142,0
251.0776,330.1529,2:45:00:625697,0
250.5857,330.8233,2:45:00:629194,0
250.5857,331.5229,2:45:00:633870,0
250.5857,332.2809,2:45:00:636881,0
250.5857,333.097,2:45:00:640955,0
250.5857,333.9716,2:45:00:644882,0
250.5857,334.8169,2:45:00:648930,0
251.3973,335.7206,2:45:00:652881,0
251.9384,336.6534,2:45:00:656882,0
252.627,337.557,2:45:00:661642,0
253.3648,338.4315,2:45:00:664677,0
254.2502,339.1894,2:45:00:669342,0
255.111,339.8599,2:45:00:673350,0
256.0947,340.3554,2:45:00:677442,0
256.9801,340.6177,2:45:00:681350,0
257.8655,340.6177,2:45:00:685561,1027
258.7509,340.6177,2:45:00:688574,1029
259.5624,340.6177,2:45:00:693548,1025
260.374,339.1602,2:45:00:697548,1026
261.1118,338.1983,2:45:00:701546,1065
261.8742,336.9449,2:45:00:705545,1126
262.5875,335.4873,2:45:00:709786,1243
263.3253,334.059,2:45:00:712784,1403
264.0385,332.4557,2:45:00:717816,1582
264.6534,330.8817,2:45:00:721843,1754
265.0714,329.2492,2:45:00:725708,1897
265.3666,327.6169,2:45:00:728718,1985
265.4157,326.0428,2:45:00:733375,2022
265.4157,324.6144,2:45:00:737383,2035
264.8009,323.3026,2:45:00:741407,2026
264.0877,322.1367,2:45:00:745427,2029
263.0302,321.1455,2:45:00:749502,2025
261.7267,320.3585,2:45:00:753406,2021
260.1773,319.8047,2:45:00:757529,2018
258.3328,319.5423,2:45:00:760539,2010
256.1685,319.5423,2:45:00:765560,1997
253.7829,319.5423,2:45:00:768571,1994
251.1514,320.7666,2:45:00:773599,1990
248.3477,321.8743,2:45:00:776572,1991
245.5686,323.2152,2:45:00:781574,1996
242.7895,324.9351,2:45:00:784571,2002
240.0842,326.9172,2:45:00:789716,2000
237.6494,329.1035,2:45:00:792728,1996
235.5343,331.3481,2:45:00:797724,1996
233.7882,333.6509,2:45:00:801730,1994
232.4355,335.8372,2:45:00:805732,1997
231.5256,337.9068,2:45:00:809727,2000
230.9353,339.8599,2:45:00:813876,2006
230.6894,341.5214,2:45:00:816886,2005
230.6894,342.9497,2:45:00:821608,2008
230.6894,343.9991,2:45:00:824587,2013
231.7469,344.8153,2:45:00:829885,2014
232.6077,345.3401,2:45:00:832896,2018
233.5668,345.5732,2:45:00:836997,2022
234.7473,345.5732,2:45:00:840895,2027
236.1246,345.5732,2:45:00:844895,2030
237.6986,344.6696,2:45:00:848908,2028
239.4447,344.6696,2:45:00:853180,2029
241.2893,343.4161,2:45:00:857108,2023
243.1338,342.7748,2:45:00:861220,2019
245.0029,342.7748,2:45:00:865105,2019
246.9704,342.0461,2:45:00:869426,2026
248.815,342.0461,2:45:00:872943,2035
250.4874,342.0461,2:45:00:877031,2042
252.0613,343.0372,2:45:00:881030,2048
253.3894,343.9409,2:45:00:885029,2054
254.5207,345.0777,2:45:00:889030,2072
255.4553,346.4186,2:45:00:893490,2094
256.2177,347.847,2:45:00:897500,2115
256.7834,349.4211,2:45:00:900500,2132
257.1031,350.9951,2:45:00:905503,2146
257.3244,352.5984,2:45:00:909498,2151
257.3982,354.1142,2:45:00:912500,2165
257.3982,355.5717,2:45:00:917444,2166
257.3982,356.8835,2:45:00:920707,2172
256.7342,358.1078,2:45:00:925501,2188
256.7342,359.1571,2:45:00:928514,2196
255.8242,360.0025,2:45:00:933243,2211
255.2339,360.7021,2:45:00:937241,2218
254.6191,361.1977,2:45:00:941243,2220
253.9305,361.4891,2:45:00:945241,2222
253.2173,361.5475,2:45:00:949430,2223
252.4303,361.5475,2:45:00:953345,2220
251.5449,361.5475,2:45:00:957371,2219
250.5857,360.7313,2:45:00:961464,2222
249.5282,360.7313,2:45:00:965470,2223
248.2985,359.4195,2:45:00:969449,2224
246.995,358.7199,2:45:00:973465,2222
245.5932,357.962,2:45:00:976692,2217
244.1422,357.2624,2:45:00:980702,2224
242.6911,356.7086,2:45:00:984701,2250
241.3385,356.7086,2:45:00:988701,2282
240.1334,356.0673,2:45:00:993467,2324
239.125,356.0673,2:45:00:996770,2371
238.2888,356.0673,2:45:01:001766,2412
237.6494,356.9417,2:45:01:005771,2468
237.2559,357.7579,2:45:01:008779,2538
237.0592,358.8657,2:45:01:013507,2621
237.0592,360.1774,2:45:01:016544,2720
237.0592,361.8098,2:45:01:021503,2824
237.8462,363.7337,2:45:01:024514,2928
238.5348,365.92,2:45:01:029514,3013
239.4939,368.2811,2:45:01:032513,3077
240.7482,370.8171,2:45:01:037514,3119
242.2238,373.4698,2:45:01:040528,3140
243.8716,376.1808,2:45:01:045549,3148
245.7162,379.0083,2:45:01:049550,3150
247.6837,381.7192,2:45:01:053549,3137
249.7003,384.3136,2:45:01:057550,3053
251.8154,386.6456,2:45:01:061497,2875
253.8567,388.8027,2:45:01:064507,2575
255.8734,390.5808,2:45:01:069251,2085
257.8901,391.9218,2:45:01:073137,1427
259.8576,392.7379,2:45:01:077206,817
261.7267,393.1461,2:45:01:081133,330
263.4236,393.1461,2:45:01:085104,0
264.9485,393.1461,2:45:01:089115,0
266.3503,391.572,2:45:01:093166,0
267.703,390.2019,2:45:01:097164,0
268.9326,388.4237,2:45:01:101167,0
269.9902,386.3541,2:45:01:105165,0
270.9247,383.993,2:45:01:109164,0
271.7855,381.2528,2:45:01:113164,0
272.5971,378.1921,2:45:01:117164,0
273.3841,374.8107,2:45:01:121166,0
274.1465,371.1086,2:45:01:125486,0
274.8351,367.1151,2:45:01:129496,0
275.4746,362.8883,2:45:01:133494,0
276.1878,358.3993,2:45:01:136496,0
276.9502,353.6769,2:45:01:141494,0
277.7372,348.7214,2:45:01:145498,0
278.6472,343.7368,2:45:01:149495,0
279.631,338.8687,2:45:01:153562,0
280.7377,334.3505,2:45:01:156562,0
281.8198,330.3861,2:45:01:161710,0
282.8281,326.9464,2:45:01:164721,0
283.6889,324.0897,2:45:01:169720,2627
284.4759,322.0201,2:45:01:172721,2624
285.0908,320.7666,2:45:01:176840,2619
285.6072,320.3293,2:45:01:180723,2617
285.9023,320.3293,2:45:01:185441,2612
286.0991,321.437,2:45:01:189451,2609
286.1729,322.6031,2:45:01:194450,2622
286.1729,324.4395,2:45:01:197449,2645
286.1729,326.8007,2:45:01:201451,2695
286.1729,329.5991,2:45:01:205462,2768
285.3613,332.8055,2:45:01:209257,2837
284.7218,336.187,2:45:01:213300,2894
283.8611,339.7433,2:45:01:217300,2928
282.7543,343.387,2:45:01:221430,2939
281.4755,347.1473,2:45:01:225429,2943
279.9998,350.7911,2:45:01:229504,2943
278.4258,354.2599,2:45:01:233513,2943
276.7043,357.5539,2:45:01:236983,2936
274.9089,360.6729,2:45:01:240984,2902
273.2366,363.5297,2:45:01:244986,2856
271.638,365.9491,2:45:01:248984,2794
270.1378,368.0479,2:45:01:253123,2730
268.7605,369.622,2:45:01:257122,2686
267.6046,370.6714,2:45:01:261256,2629
266.6208,371.1378,2:45:01:265122,2576
265.7601,371.1378,2:45:01:269452,2524
265.1452,370.3799,2:45:01:273456,2487
264.5796,369.1848,2:45:01:277453,2475
264.1369,367.5523,2:45:01:281456,2477
263.8417,365.5118,2:45:01:285453,2480
263.6204,363.1798,2:45:01:289364,2478
263.4974,360.5855,2:45:01:293374,2468
263.4482,357.7579,2:45:01:297374,2454
263.4482,354.843,2:45:01:301373,2449
263.4482,351.9571,2:45:01:305373,2437
263.4482,349.217,2:45:01:309372,2427
264.2107,346.7975,2:45:01:313566,2421
264.2107,344.6988,2:45:01:317572,2414
264.9485,343.1246,2:45:01:320527,2415
265.4157,342.1335,2:45:01:324537,2446
265.9322,341.7546,2:45:01:329537,2488
266.4979,341.7546,2:45:01:333538,2546
266.9897,342.7166,2:45:01:337735,2609
267.5554,343.9117,2:45:01:340996,2654
268.1211,345.4566,2:45:01:344998,2691
268.7605,347.2639,2:45:01:348996,2717
269.4245,349.2753,2:45:01:353024,2734
270.1132,351.4033,2:45:01:356999,2747
270.8018,353.7061,2:45:01:361447,2756
271.4412,356.0673,2:45:01:365447,2758
272.179,358.3993,2:45:01:369121,2760
272.8185,360.877,2:45:01:373121,2715
273.4825,363.3839,2:45:01:377121,2596
274.0974,365.7742,2:45:01:381120,2370
274.7122,367.9896,2:45:01:385484,1996
275.327,369.9718,2:45:01:389495,1538
275.9419,371.5459,2:45:01:392494,1059
276.6059,372.7411,2:45:01:397495,598
277.2945,373.5281,2:45:01:401495,284
278.0078,373.7321,2:45:01:405503,96
278.721,373.7321,2:45:01:409591,0
279.4834,372.7411,2:45:01:412589,0
280.2212,371.6334,2:45:01:417587,0
280.959,370.3799,2:45:01:420589,0
281.5984,368.8058,2:45:01:425441,0
282.1887,367.1151,2:45:01:429452,0
282.7052,365.2495,2:45:01:433298,1321
283.0741,363.3839,2:45:01:437298,1388
283.4184,361.5183,2:45:01:442295,1527
283.6643,359.7401,2:45:01:445298,1719
283.8119,358.166,2:45:01:449495,1936
283.9348,356.5919,2:45:01:453040,2101
284.0086,355.251,2:45:01:456671,2194
284.107,354.1433,2:45:01:460671,2250
284.1316,353.3271,2:45:01:464671,2296
284.23,352.715,2:45:01:468672,2331
284.2791,352.2777,2:45:01:473494,2369
284.4267,352.0154,2:45:01:476506,2411
284.5989,351.8697,2:45:01:481440,2442
284.8448,351.8697,2:45:01:485451,2470
285.1891,351.8697,2:45:01:489466,2495
285.6072,351.8697,2:45:01:493450,2503
286.1729,351.8697,2:45:01:497460,2502
286.8123,351.8697,2:45:01:501470,2506
287.5747,351.8697,2:45:01:505297,2507
288.4109,351.8697,2:45:01:509305,2510
289.3209,351.8697,2:45:01:513509,2515
290.3292,351.1409,2:45:01:517516,2514
291.3867,351.1409,2:45:01:521921,2511
292.5427,349.7708,2:45:01:524907,2512
293.7477,348.7506,2:45:01:528909,2515
295.0266,347.4097,2:45:01:532907,2514
296.3055,345.7773,2:45:01:537449,2515
297.6336,343.9117,2:45:01:540962,2508
298.937,341.7546,2:45:01:544790,2503
300.2405,339.3935,2:45:01:548798,2506
301.3964,336.9157,2:45:01:553806,2516
302.4294,334.3214,2:45:01:557788,2551
303.3147,331.727,2:45:01:561673,2615
304.1017,329.1618,2:45:01:564683,2715
304.8149,326.7715,2:45:01:568708,2870
305.3068,324.6436,2:45:01:573689,3074
305.6757,322.8946,2:45:01:577052,3315
305.9463,321.5245,2:45:01:581055,3542
306.1184,320.4751,2:45:01:585052,3705
306.2168,319.8047,2:45:01:589053,3796
306.2906,319.4548,2:45:01:593628,3821
306.2906,319.4548,2:45:01:597639,3850
306.2906,320.2127,2:45:01:600760,3903
306.2906,321.1747,2:45:01:605638,3970
306.2906,322.3407,2:45:01:609668,4048
305.6757,323.9731,2:45:01:613771,4108
305.6757,326.0136,2:45:01:616772,4170
305.6757,328.4913,2:45:01:621498,4235
305.0609,331.3481,2:45:01:625518,4290
305.0609,334.3505,2:45:01:629237,4329
304.6182,337.557,2:45:01:633134,4348
304.6182,340.851,2:45:01:637127,4349
304.2247,344.2615,2:45:01:641127,4343
304.2247,347.6137,2:45:01:645172,4288
303.782,350.8494,2:45:01:649183,4146
303.782,353.9976,2:45:01:653249,3878
303.3639,356.9417,2:45:01:657249,3429
303.1671,359.7693,2:45:01:661248,2879
303.1671,362.4803,2:45:01:665248,2218
303.0196,364.9872,2:45:01:669484,1468
303.0196,367.1443,2:45:01:672495,834
303.0196,369.039,2:45:01:677498,353
303.9296,370.4091,2:45:01:681495,0
304.6182,371.2835,2:45:01:685496,0
305.5528,371.7499,2:45:01:689495,0
306.7578,371.7499,2:45:01:693495,0
308.1105,370.9337,2:45:01:697506,0
309.6599,369.8843,2:45:01:701503,0
311.3077,368.5435,2:45:01:705506,0
313.0292,366.9694,2:45:01:709464,0
314.7754,365.162,2:45:01:713474,0
316.5216,363.209,2:45:01:717478,0
318.1693,361.3434,2:45:01:721508,0
319.7433,359.4778,2:45:01:724497,0
321.1698,357.7871,2:45:01:729867,0
322.4241,356.0673,2:45:01:732880,0
323.457,354.6389,2:45:01:736968,0
324.244,353.3854,2:45:01:740877,0
324.7359,352.3652,2:45:01:744877,0
324.9572,351.6656,2:45:01:748878,0
324.9572,351.0534,2:45:01:752880,0
324.9572,350.5579,2:45:01:757495,0
323.9489,350.1498,2:45:01:760854,2297
323.1127,349.8875,2:45:01:764866,2327
322.1535,349.7126,2:45:01:768856,2381
321.1206,349.5959,2:45:01:772853,2473
320.0139,349.5959,2:45:01:776852,2596
318.9072,349.5668,2:45:01:781322,2724
317.7513,349.5668,2:45:01:785322,2861
316.6199,349.5668,2:45:01:789321,2978
315.4886,350.383,2:45:01:793322,3072
314.4557,350.383,2:45:01:796944,3127
313.5211,351.4033,2:45:01:800954,3150
312.7095,352.0154,2:45:01:805275,3156
312.0455,352.6859,2:45:01:809285,3149
311.6274,353.4146,2:45:01:813534,3145
311.4061,354.2308,2:45:01:816543,3134
311.4061,355.0179,2:45:01:821439,3075
311.4061,355.8049,2:45:01:825015,2982
312.1931,356.5337,2:45:01:828834,2841
312.8817,357.175,2:45:01:832811,2660
313.7425,357.7579,2:45:01:837809,2475
314.7754,358.166,2:45:01:840808,2289
315.9067,358.4576,2:45:01:845420,2119
317.161,358.4576,2:45:01:849429,1977
318.4399,358.4576,2:45:01:853459,1881
319.7188,358.4576,2:45:01:857429,1824
320.9239,358.4576,2:45:01:861486,1810
322.0797,357.4081,2:45:01:865496,1813
323.1127,356.796,2:45:01:868894,1820
323.9981,356.0381,2:45:01:872778,1832
324.6867,355.1927,2:45:01:876778,1837
325.2032,354.2308,2:45:01:880778,1873
325.5721,353.1523,2:45:01:884780,1924
325.7688,352.0446,2:45:01:889776,1984
325.7688,350.8494,2:45:01:893519,2055
325.7688,349.6251,2:45:01:897528,2107
325.7688,348.4591,2:45:01:900581,2161
324.7359,347.2348,2:45:01:905529,2230
324.1702,346.0688,2:45:01:909529,2304
323.5308,345.0194,2:45:01:913527,2385
322.793,343.9991,2:45:01:917499,2477
322.0551,343.1246,2:45:01:921507,2553
321.3665,342.3668,2:45:01:925498,2623
320.6533,341.7546,2:45:01:928716,2687
319.9647,341.3174,2:45:01:932782,2734
319.3745,340.9676,2:45:01:936716,2771
318.8088,340.7926,2:45:01:940719,2790
318.3169,340.7635,2:45:01:944716,2799
317.8988,340.7635,2:45:01:949496,2800
317.5791,340.7635,2:45:01:953507,2799
317.3578,340.7635,2:45:01:957303,2800
317.3578,341.7546,2:45:01:961304,2799
317.3578,341.7546,2:45:01:965303,2800
317.3578,342.4833,2:45:01:969304,2800
318.2677,342.4833,2:45:01:973405,2803
319.0301,343.1246,2:45:01:977415,2804
320.0139,343.1246,2:45:01:981458,2807
321.219,343.1246,2:45:01:985415,2809
322.6454,343.1246,2:45:01:989418,2806
324.2686,343.1246,2:45:01:993426,2806
326.0147,343.1246,2:45:01:997472,2804
327.8593,342.2793,2:45:02:001477,2799
329.8268,341.638,2:45:02:005501,2798
331.8189,340.8218,2:45:02:009517,2794
333.7864,339.8599,2:45:02:013505,2793
335.7539,338.7521,2:45:02:017502,2791
337.6722,337.4695,2:45:02:021501,2791
339.4921,336.0995,2:45:02:025509,2794
341.1891,334.5837,2:45:02:029443,2798
342.7877,333.097,2:45:02:032746,2813
344.1895,331.5229,2:45:02:037778,2825
345.4438,329.8905,2:45:02:040789,2868
346.5505,328.3164,2:45:02:045789,2955
347.4359,326.6841,2:45:02:049788,3067
348.1983,325.0808,2:45:02:052796,3230
348.7886,323.5067,2:45:02:056789,3408
349.2804,321.9909,2:45:02:061439,3595
349.6248,320.3876,2:45:02:064955,3804
349.8953,318.901,2:45:02:068953,4005
350.0428,317.5309,2:45:02:072952,4199
350.092,316.2775,2:45:02:076952,4377
350.092,315.1698,2:45:02:080952,4528
350.092,314.2953,2:45:02:085055,4683
350.092,313.5374,2:45:02:089064,4829
350.092,312.9836,2:45:02:093066,4941
350.092,312.6046,2:45:02:098068,5027
350.092,312.4589,2:45:02:101065,5068
349.4772,312.4589,2:45:02:105068,5087
349.4772,312.4589,2:45:02:109436,5111
349.4772,313.5374,2:45:02:113485,5144
348.9361,314.4702,2:45:02:117576,5183
348.9361,315.6945,2:45:02:120575,5224
348.5672,317.2686,2:45:02:125574,5284
348.5672,319.2508,2:45:02:128578,5361
348.2229,321.5245,2:45:02:133440,5435
348.2229,324.2354,2:45:02:137022,5499
347.9278,327.3253,2:45:02:141488,5539
347.9278,330.7068,2:45:02:145499,5551
347.6327,334.3796,2:45:02:149498,5556
347.4851,338.2274,2:45:02:153517,5570
347.3621,342.1918,2:45:02:157625,5569
347.19,346.1563,2:45:02:160635,5571
347.0916,350.1206,2:45:02:165635,5558
347.0916,353.8518,2:45:02:168636,5524
347.0916,357.379,2:45:02:172635,5452
347.0916,360.7021,2:45:02:176637,5321
347.0916,363.792,2:45:02:181339,5151
347.731,366.5904,2:45:02:185290,4926
347.731,369.0973,2:45:02:189370,4652
348.4442,371.3419,2:45:02:193377,4300
348.4442,373.2075,2:45:02:197401,3808
349.1083,374.7816,2:45:02:201378,3149
349.1083,375.9184,2:45:02:205388,2213
349.551,376.618,2:45:02:209394,1304
349.551,376.9678,2:45:02:213505,590
349.551,376.9678,2:45:02:217539,0
349.551,376.9678,2:45:02:221442,0
348.9361,375.7435,2:45:02:225479,0
348.3213,374.5775,2:45:02:229278,0
347.4851,373.1783,2:45:02:233212,0
346.4767,371.5168,2:45:02:237214,0
345.1733,369.622,2:45:02:241212,0
343.6485,367.4358,2:45:02:245504,0
341.8039,364.9872,2:45:02:248508,0
339.7381,362.4219,2:45:02:253305,0
337.3525,359.711,2:45:02:257331,0
334.6718,356.9417,2:45:02:261437,0
331.6713,354.1142,2:45:02:264967,0
328.302,351.1992,2:45:02:269493,0
324.5637,348.3134,2:45:02:272503,0
320.4566,345.5732,2:45:02:276718,0
315.9313,342.9497,2:45:02:280684,0
310.9388,340.4428,2:45:02:284675,0
305.5528,338.1108,2:45:02:288663,0
299.847,335.9829,2:45:02:292666,0
293.6248,334.059,2:45:02:297663,0
287.0091,332.3975,2:45:02:300527,0
280.0736,330.9108,2:45:02:305537,0
272.8185,329.5991,2:45:02:309537,0
265.2682,328.4913,2:45:02:312537,0
257.5211,327.6169,2:45:02:316536,0
249.5774,326.9464,2:45:02:321491,0
241.5352,326.5092,2:45:02:324501,0
233.4931,326.1302,2:45:02:329492,0
225.4017,325.8679,2:45:02:332500,0
217.3596,325.8095,2:45:02:336848,0
209.3666,325.8095,2:45:02:340839,0
201.5458,325.8095,2:45:02:344964,0
193.8971,325.8095,2:45:02:348836,0
186.396,326.7132,2:45:02:353439,0
179.2147,326.7132,2:45:02:357342,0
172.3038,327.4128,2:45:02:361489,0
165.7127,327.4128,2:45:02:364501,0
159.4659,328.0833,2:45:02:369500,0
153.6126,328.0833,2:45:02:372497,0
148.1282,328.6954,2:45:02:377500,0
143.0864,328.6954,2:45:02:380499,0
138.389,329.2492,2:45:02:384847,0
134.0851,329.2492,2:45:02:388887,0
130.1993,329.7156,2:45:02:393494,0
126.9037,329.7156,2:45:02:396504,0
124.0509,329.7156,2:45:02:400812,1641
121.8128,329.7156,2:45:02:404811,1656
120.1159,329.7156,2:45:02:409812,1679
119.0829,329.7156,2:45:02:412813,1694
118.7632,329.7156,2:45:02:417496,1721
118.7632,328.7245,2:45:02:420506,1737
120.4356,328.7245,2:45:02:425505,1775
122.3785,327.5294,2:45:02:428515,1862
124.9854,326.7132,2:45:02:433583,1974
128.3302,325.8095,2:45:02:436597,2114
132.5111,324.731,2:45:02:441584,2257
137.5774,323.5067,2:45:02:444583,2378
143.4308,322.1367,2:45:02:449498,2468
150.0465,320.7375,2:45:02:453508,2541
157.6213,319.2508,2:45:02:457319,2585
166.057,317.7642,2:45:02:461235,2613
175.4026,316.2484,2:45:02:465353,2637
185.6582,314.7325,2:45:02:469237,2650
196.4303,313.2459,2:45:02:472948,2655
207.9156,311.7592,2:45:02:476949,2661
219.9419,310.2726,2:45:02:481003,2664
232.4109,308.8442,2:45:02:485011,2660
245.1013,307.3867,2:45:02:489013,2660
257.8655,305.9584,2:45:02:494013,2655
270.8264,304.4717,2:45:02:497013,2651
283.6889,302.9268,2:45:02:501011,2655
296.6006,301.3527,2:45:02:505284,2689
309.2172,299.7203,2:45:02:509294,2748
321.5879,298.0296,2:45:02:513441,2839
333.7864,296.3972,2:45:02:517134,2948
345.6898,294.7648,2:45:02:521115,3054
357.2242,293.1324,2:45:02:525116,3163
368.3652,291.5875,2:45:02:529145,3257
379.0881,290.0717,2:45:02:533119,3358
389.2699,288.6725,2:45:02:537493,3454
398.7385,287.3607,2:45:02:541502,3543
407.6414,286.1947,2:45:02:545511,3624
415.659,284.9704,2:45:02:549527,3679
422.8403,283.921,2:45:02:553513,3714
429.2101,282.9882,2:45:02:557512,3733
434.5962,282.172,2:45:02:561492,3740
439.023,281.4432,2:45:02:564502,3745
442.5645,280.8019,2:45:02:569502,3749
445.2698,280.3355,2:45:02:573502,3757
447.2127,279.9566,2:45:02:577638,3772
448.4916,279.6942,2:45:02:580647,3788
449.1557,279.5193,2:45:02:585402,3800
449.2048,279.4027,2:45:02:589401,3805
449.2048,279.3736,2:45:02:593400,3801
447.8276,279.3736,2:45:02:597400,3795
446.5241,279.3736,2:45:02:601274,3792
444.8026,279.3736,2:45:02:605282,3790
442.6629,280.1024,2:45:02:609387,3790
440.1544,280.1024,2:45:02:613284,3769
437.3752,280.9185,2:45:02:617284,3715
434.3994,280.9185,2:45:02:621284,3564
431.276,281.9971,2:45:02:625417,3260
428.0542,282.6675,2:45:02:629420,2740
424.7341,283.3088,2:45:02:633419,1846
421.3155,283.9501,2:45:02:637417,1050
417.8724,284.708,2:45:02:641483,0
414.4047,285.4077,2:45:02:645494,0
410.814,286.1072,2:45:02:649213,0
407.0511,286.7777,2:45:02:653219,0
403.1407,287.4482,2:45:02:657313,0
398.9844,288.0603,2:45:02:661222,0
394.7051,288.7016,2:45:02:665217,0
390.229,289.3429,2:45:02:669492,0
385.5562,289.8384,2:45:02:673502,0
380.4407,290.3048,2:45:02:676989,0
374.8333,291.0336,2:45:02:680996,0
374.8333,291.0336,2:45:02:699055,0
