241.8303,365.5702,2:46:00:233351,0
241.8303,365.5702,2:46:00:237337,0
243.306,365.5702,2:46:00:241300,0
244.4127,364.6956,2:46:00:245302,0
245.6424,364.6956,2:46:00:249290,0
247.118,363.8795,2:46:00:253300,0
248.6428,363.8795,2:46:00:257327,0
250.2414,362.9758,2:46:00:261210,0
251.9384,362.9758,2:46:00:265266,0
252.9959,362.3636,2:46:00:269301,0
253.8567,362.3636,2:46:00:273308,0
254.5945,362.3636,2:46:00:277327,0
255.0864,362.3636,2:46:00:281314,0
255.0864,363.2673,2:46:00:285308,0
255.3569,363.2673,2:46:00:289308,0
255.3569,364.3459,2:46:00:293312,0
255.3569,365.0454,2:46:00:297326,0
255.3569,365.7742,2:46:00:301705,0
254.5453,366.5612,2:46:00:305733,0
253.9305,367.3774,2:46:00:308732,0
253.2173,368.2228,2:46:00:312731,0
252.4548,369.0973,2:46:00:316732,0
251.5449,370.0592,2:46:00:321334,0
250.5365,371.0795,2:46:00:325278,0
249.4052,371.9832,2:46:00:329285,0
248.1755,373.0326,2:46:00:333287,0
246.8967,374.0819,2:46:00:337285,0
245.5194,375.0731,2:46:00:341288,0
244.1176,376.035,2:46:00:345332,0
242.6911,376.9095,2:46:00:349277,0
241.3631,377.7257,2:46:00:353242,0
240.035,378.4836,2:46:00:357252,0
238.7069,379.1832,2:46:00:361281,0
237.4772,379.7079,2:46:00:365254,0
236.223,380.116,2:46:00:369252,0
235.0671,380.4366,2:46:00:373292,0
234.0095,380.699,2:46:00:376814,0
232.9766,380.8448,2:46:00:380839,0
231.9191,380.9905,2:46:00:384878,0
230.9599,381.0779,2:46:00:388878,0
230.1237,381.1654,2:46:00:392878,0
229.3367,381.2528,2:46:00:396879,0
228.6481,381.282,2:46:00:400878,0
228.0578,381.3694,2:46:00:405327,0
227.5414,381.3986,2:46:00:409302,0
227.0987,381.4277,2:46:00:413310,0
226.7544,381.4277,2:46:00:417313,0
226.4838,381.4277,2:46:00:421310,0
226.2625,381.4277,2:46:00:425586,0
226.1395,381.4277,2:46:00:428598,0
226.0658,381.4277,2:46:00:432596,0
226.0658,381.4277,2:46:00:436595,0
226.0658,381.4277,2:46:00:440595,0
226.0658,380.7281,2:46:00:445240,0
226.0658,380.7281,2:46:00:449456,0
226.0658,380.7281,2:46:00:453444,0
226.6068,380.0577,2:46:00:456448,0
226.6068,380.0577,2:46:00:461333,0
226.6068,379.6496,2:46:00:465343,0
227.0741,379.6496,2:46:00:469343,0
227.0741,379.3289,2:46:00:473376,0
227.0741,379.3289,2:46:00:476341,0
227.4922,379.3289,2:46:00:481466,0
227.4922,379.0374,2:46:00:484476,0
227.4922,379.0374,2:46:00:488476,0
227.8365,379.0374,2:46:00:492476,0
227.8365,379.0374,2:46:00:496478,0
228.0332,378.8334,2:46:00:500476,0
228.0332,378.8334,2:46:00:504476,0
228.1808,378.7459,2:46:00:509477,0
228.1808,378.6877,2:46:00:512485,0
228.3284,378.6002,2:46:00:516460,0
228.4022,378.4836,2:46:00:520489,0
228.4759,378.3379,2:46:00:525232,0
228.5251,378.1338,2:46:00:529252,0
228.5989,377.9589,2:46:00:533300,0
228.6481,377.784,2:46:00:537261,0
228.7219,377.58,2:46:00:541263,0
228.7957,377.3759,2:46:00:545401,0
228.8448,377.1427,2:46:00:549384,0
228.8448,376.9095,2:46:00:553417,0
228.8694,376.7054,2:46:00:556397,0
228.9186,376.4723,2:46:00:560394,0
228.9432,376.2099,2:46:00:564394,0
228.9432,375.9475,2:46:00:569393,0
228.9678,375.6852,2:46:00:573395,0
228.9678,375.452,2:46:00:576420,0
228.9678,375.1896,2:46:00:580394,0
228.9924,374.8982,2:46:00:584394,0
228.9924,374.5775,2:46:00:589259,0
229.0416,374.2568,2:46:00:593216,0
229.0908,373.9362,2:46:00:597184,0
229.1646,373.5573,2:46:00:601191,0
229.2629,373.12,2:46:00:605194,0
229.3121,372.6245,2:46:00:609192,0
229.4105,372.1581,2:46:00:613192,0
229.4843,371.5459,2:46:00:617192,0
229.5089,370.8755,2:46:00:621028,0
229.5335,370.2342,2:46:00:624944,884
229.5335,369.5054,2:46:00:628946,906
229.5335,368.8058,2:46:00:633014,936
229.5335,368.1353,2:46:00:636946,985
229.5335,367.5232,2:46:00:641332,1059
229.5335,366.911,2:46:00:644342,1150
229.5335,366.3572,2:46:00:649040,1283
229.5335,365.9491,2:46:00:653041,1435
229.5335,365.5993,2:46:00:657044,1589
229.5335,365.3369,2:46:00:661063,1711
229.5335,365.1038,2:46:00:665028,1790
230.0745,364.9288,2:46:00:669048,1824
230.0745,364.8414,2:46:00:673338,1830
230.0745,364.7831,2:46:00:677337,1827
230.0745,364.7831,2:46:00:681357,1824
230.468,364.7831,2:46:00:684349,1831
230.468,364.7831,2:46:00:689273,1843
230.7878,365.4827,2:46:00:693285,1858
231.0337,365.4827,2:46:00:697284,1877
231.2796,366.707,2:46:00:700897,1891
231.501,367.5815,2:46:00:704901,1908
231.7223,368.6309,2:46:00:708900,1924
231.9436,369.8552,2:46:00:712900,1935
232.0912,371.2253,2:46:00:717277,1943
232.1896,372.7411,2:46:00:720961,1955
232.1896,374.286,2:46:00:725333,1955
232.1896,375.9184,2:46:00:728346,1958
232.1896,377.58,2:46:00:733330,1969
231.501,379.2123,2:46:00:736340,1972
231.501,380.8448,2:46:00:741340,1981
230.4926,382.4771,2:46:00:745342,1988
229.804,384.0804,2:46:00:749340,1994
228.9924,385.5379,2:46:00:753338,1998
228.107,386.9954,2:46:00:757327,2006
227.0987,388.278,2:46:00:761337,2012
226.0166,389.5023,2:46:00:764336,2020
224.7869,390.5808,2:46:00:769350,2025
223.508,391.6302,2:46:00:773611,2031
222.1553,392.4756,2:46:00:776621,2035
220.7781,393.1752,2:46:00:780621,2039
219.4254,393.729,2:46:00:785621,2041
217.9744,394.1371,2:46:00:788619,2054
216.5726,394.4286,2:46:00:792867,2068
215.1707,394.5453,2:46:00:796877,2082
213.8181,394.5453,2:46:00:801457,2104
212.5392,394.5453,2:46:00:804446,2113
211.2849,394.5453,2:46:00:809450,2132
210.1044,393.5541,2:46:00:812448,2149
209.0469,393.5541,2:46:00:817328,2156
208.1369,392.2424,2:46:00:821338,2171
207.3499,391.3679,2:46:00:824519,2165
206.6367,390.4059,2:46:00:828450,2164
206.071,389.3274,2:46:00:832448,2167
205.5792,388.1031,2:46:00:836449,2163
205.2103,386.7914,2:46:00:841316,2169
204.9643,385.5088,2:46:00:844832,2166
204.7676,384.1387,2:46:00:849263,2163
204.62,382.7978,2:46:00:853274,2158
204.5462,381.5152,2:46:00:857271,2156
204.5462,380.2909,2:46:00:861276,2162
204.5462,379.2123,2:46:00:865528,2185
204.5462,378.2795,2:46:00:869043,2215
204.5462,377.5508,2:46:00:872613,2244
205.1365,376.9095,2:46:00:876622,2262
205.1365,376.4723,2:46:00:880622,2265
205.1365,376.2099,2:46:00:884623,2260
205.6037,376.0641,2:46:00:889312,2256
205.6037,376.0641,2:46:00:893322,2259
205.6037,376.0641,2:46:00:896784,2270
206.2432,376.0641,2:46:00:900690,2283
206.7105,377.2593,2:46:00:905689,2301
207.2761,377.9589,2:46:00:908690,2316
207.9402,378.8334,2:46:00:913327,2324
208.8501,379.912,2:46:00:917340,2331
209.8339,381.1363,2:46:00:921270,2335
210.916,382.5063,2:46:00:924889,2339
212.0719,383.993,2:46:00:929335,2341
213.3016,385.5379,2:46:00:932345,2348
214.5805,387.1995,2:46:00:937461,2354
215.8593,388.9193,2:46:00:940462,2360
217.1874,390.6683,2:46:00:944462,2367
218.5647,392.4464,2:46:00:948462,2372
219.9665,394.312,2:46:00:953328,2376
221.3929,396.1776,2:46:00:957338,2381
222.7948,398.1016,2:46:00:961338,2387
224.1966,400.0546,2:46:00:964338,2391
225.5985,402.0659,2:46:00:969639,2395
226.9757,404.019,2:46:00:972650,2346
228.3284,405.9429,2:46:00:976667,2226
229.6319,407.8085,2:46:00:980652,2017
230.9353,409.4992,2:46:00:984649,1634
232.2142,411.015,2:46:00:988650,1114
233.4193,412.2393,2:46:00:992865,633
234.5998,413.1138,2:46:00:996874,244
235.7311,413.7842,2:46:01:000728,0
236.7886,414.134,2:46:01:004742,0
237.7478,414.1632,2:46:01:008744,0
238.6332,414.1632,2:46:01:012744,0
239.3956,413.347,2:46:01:017270,0
240.0596,412.6183,2:46:01:021281,0
240.6252,411.6855,2:46:01:025331,0
241.0679,410.5778,2:46:01:028330,0
241.3631,409.2077,2:46:01:033328,0
241.5598,407.8085,2:46:01:037331,0
241.6336,406.2344,2:46:01:041269,0
241.6336,404.5146,2:46:01:044441,0
241.6336,402.6781,2:46:01:049270,0
241.6336,400.8416,2:46:01:053024,0
240.6744,398.9178,2:46:01:057320,0
240.6744,397.0522,2:46:01:061331,0
239.6169,395.3323,2:46:01:065332,0
239.0513,393.6125,2:46:01:069331,0
238.4118,392.1258,2:46:01:073350,0
237.7232,390.8723,2:46:01:076330,0
236.9608,389.9104,2:46:01:081376,0
236.1246,389.24,2:46:01:084382,0
235.3376,388.7444,2:46:01:089317,0
234.5998,388.3363,2:46:01:092327,0
233.8866,387.9865,2:46:01:097327,1568
233.1487,387.8408,2:46:01:101327,1567
232.5585,387.7242,2:46:01:105325,1557
232.0912,387.6659,2:46:01:109328,1546
231.7469,387.6075,2:46:01:113361,1532
231.6485,387.5784,2:46:01:116370,1515
231.5993,387.5784,2:46:01:121277,1519
231.5993,387.5784,2:46:01:124722,1519
231.5993,387.5784,2:46:01:129326,1526
232.3126,387.5784,2:46:01:132335,1539
232.9028,388.3654,2:46:01:137403,1536
233.6652,388.3654,2:46:01:141404,1543
234.6244,388.3654,2:46:01:145403,1546
235.8049,388.3654,2:46:01:149404,1546
237.2559,388.3654,2:46:01:152838,1553
238.9775,388.3654,2:46:01:156785,1550
240.8712,388.3654,2:46:01:160810,1550
242.8633,388.3654,2:46:01:164784,1550
244.9292,387.2869,2:46:01:169320,1550
247.0934,386.7039,2:46:01:173331,1557
249.1593,386.0334,2:46:01:177328,1561
251.1514,385.1881,2:46:01:181330,1565
252.9959,384.2845,2:46:01:185484,1569
254.6683,383.2642,2:46:01:189495,1570
256.1439,382.0982,2:46:01:192624,1568
257.4228,380.8448,2:46:01:196494,1570
258.5295,379.5038,2:46:01:201495,1576
259.4149,378.0172,2:46:01:205494,1586
260.1773,376.5597,2:46:01:209269,1662
260.743,374.9565,2:46:01:212509,1782
261.1118,373.4115,2:46:01:217442,1932
261.3332,371.8083,2:46:01:221451,2107
261.4315,370.3216,2:46:01:225451,2256
261.4315,368.9515,2:46:01:228455,2375
261.4315,367.6981,2:46:01:232533,2490
261.4315,366.5612,2:46:01:236453,2602
260.7184,365.5702,2:46:01:241469,2701
260.7184,364.6665,2:46:01:244468,2819
259.9805,363.9377,2:46:01:249324,2939
259.9805,363.3839,2:46:01:253349,3052
259.2181,362.8883,2:46:01:258333,3163
259.2181,362.5094,2:46:01:261332,3246
258.5541,362.247,2:46:01:265332,3289
258.5541,362.0721,2:46:01:269423,3307
258.1114,362.0139,2:46:01:273456,3306
258.1114,362.0139,2:46:01:276436,3294
257.8655,362.0139,2:46:01:280432,3299
257.8655,363.2673,2:46:01:284437,3302
257.8655,364.2001,2:46:01:289448,3305
257.8655,365.4827,2:46:01:292860,3314
257.8655,367.1151,2:46:01:296872,3315
257.8655,369.0973,2:46:01:301133,3322
257.8655,371.371,2:46:01:305502,3329
258.5787,373.8488,2:46:01:309505,3334
258.5787,376.4431,2:46:01:313504,3338
259.3903,379.1541,2:46:01:316504,3343
259.9067,381.8358,2:46:01:320507,3348
260.4232,384.576,2:46:01:325262,3348
260.9889,387.316,2:46:01:328538,3347
261.5791,390.027,2:46:01:333317,3341
262.1202,392.7379,2:46:01:337327,3271
262.6367,395.3906,2:46:01:341420,3100
263.1777,398.1016,2:46:01:344421,2783
263.645,400.8708,2:46:01:348531,2227
264.0385,403.64,2:46:01:352421,1538
264.4812,406.3802,2:46:01:356422,873
264.8009,409.062,2:46:01:360422,355
265.0468,411.5397,2:46:01:365261,0
265.1944,413.8426,2:46:01:368432,0
265.2928,415.9413,2:46:01:372431,0
265.2928,417.7487,2:46:01:376430,0
265.2928,419.3228,2:46:01:380432,0
265.2928,420.5179,2:46:01:385431,0
264.6534,421.5673,2:46:01:389318,0
264.6534,422.3543,2:46:01:393330,0
263.8663,422.9665,2:46:01:397329,0
263.3745,423.5204,2:46:01:400328,0
262.7596,423.9868,2:46:01:405323,0
262.1448,424.3074,2:46:01:409336,0
261.4807,424.5697,2:46:01:412573,0
260.7921,424.8029,2:46:01:417571,0
260.0297,424.9487,2:46:01:420570,0
259.1689,425.007,2:46:01:424569,0
258.259,425.0361,2:46:01:429325,0
257.2998,425.0361,2:46:01:432840,0
256.3653,425.0361,2:46:01:437326,0
255.3077,425.0361,2:46:01:440842,0
254.2502,425.0361,2:46:01:444900,0
253.1189,425.0361,2:46:01:448842,0
251.9384,424.2199,2:46:01:452842,0
250.7087,424.2199,2:46:01:457417,0
249.5036,423.6078,2:46:01:460705,0
248.2739,423.6078,2:46:01:464705,0
246.9212,423.054,2:46:01:468708,0
245.5932,423.054,2:46:01:472705,0
244.1913,423.054,2:46:01:476705,0
242.7403,423.054,2:46:01:480703,0
241.3631,423.054,2:46:01:484705,0
240.035,423.054,2:46:01:488706,0
238.7069,423.054,2:46:01:492718,0
237.4281,423.8993,2:46:01:497704,0
236.2722,423.8993,2:46:01:500984,0
235.2146,424.8321,2:46:01:505328,0
234.3047,424.8321,2:46:01:509338,1368
233.5668,425.9106,2:46:01:513338,1364
232.9766,426.5519,2:46:01:517338,1360
232.5339,427.2807,2:46:01:521335,1356
232.288,428.0095,2:46:01:524337,1357
232.2142,428.8257,2:46:01:529328,1361
232.2142,429.7585,2:46:01:533339,1372
232.2142,430.7787,2:46:01:536582,1404
233.1487,431.8572,2:46:01:540474,1465
233.8866,432.9649,2:46:01:544473,1539
234.7227,434.0727,2:46:01:548474,1606
235.7803,435.1512,2:46:01:553335,1665
237.0838,436.1423,2:46:01:557345,1689
238.6823,437.046,2:46:01:561074,1701
240.5023,437.7747,2:46:01:565083,1718
242.4944,438.416,2:46:01:569177,1726
244.6832,438.8532,2:46:01:573080,1737
246.9704,439.1156,2:46:01:577079,1742
249.3314,439.1156,2:46:01:581079,1742
251.717,439.1156,2:46:01:585289,1739
253.9797,439.1156,2:46:01:589299,1741
256.1439,437.9788,2:46:01:593304,1749
258.136,437.25,2:46:01:597308,1757
260.0297,436.4046,2:46:01:601399,1766
261.7021,435.4427,2:46:01:605400,1771
263.2023,434.4225,2:46:01:609399,1771
264.5058,433.2564,2:46:01:613399,1774
265.6371,432.1196,2:46:01:617325,1779
266.5471,430.837,2:46:01:620338,1773
267.2357,429.5252,2:46:01:625268,1787
267.7768,428.126,2:46:01:629294,1843
268.1457,426.6685,2:46:01:633279,1921
268.2932,425.2985,2:46:01:637291,2036
268.3178,423.9284,2:46:01:641594,2163
268.3178,422.675,2:46:01:644605,2264
268.3178,421.5673,2:46:01:648607,2355
267.4324,420.6345,2:46:01:653607,2434
267.4324,419.9349,2:46:01:656604,2493
266.2274,419.4977,2:46:01:660605,2535
265.4157,419.2644,2:46:01:665267,2563
264.5796,419.2644,2:46:01:669276,2585
263.6942,419.2644,2:46:01:673275,2608
262.8088,420.1972,2:46:01:677276,2622
261.9234,420.926,2:46:01:681278,2638
261.1118,421.8297,2:46:01:685276,2642
260.374,422.9082,2:46:01:688697,2638
259.7592,424.0159,2:46:01:692710,2639
259.2673,425.2402,2:46:01:697026,2636
258.8984,426.4645,2:46:01:701059,2630
258.7017,427.6888,2:46:01:705572,2622
258.7017,428.8548,2:46:01:708572,2581
258.7017,429.9625,2:46:01:712574,2435
258.7017,430.9244,2:46:01:716572,2096
259.833,431.7407,2:46:01:721324,1525
260.5708,432.382,2:46:01:725335,908
261.4807,432.79,2:46:01:729269,396
262.5875,432.9649,2:46:01:733282,0
263.7926,432.9649,2:46:01:737277,0
265.0714,432.9649,2:46:01:741280,0
266.4979,431.8281,2:46:01:745277,0
267.9243,430.8953,2:46:01:749280,0
269.4245,429.7876,2:46:01:753319,0
270.9001,428.4175,2:46:01:756329,0
272.3512,426.8143,2:46:01:761331,0
273.8022,425.0361,2:46:01:765327,0
275.2041,423.0831,2:46:01:769329,0
276.5321,420.9843,2:46:01:772328,0
277.7618,418.6523,2:46:01:777322,0
278.9915,416.1746,2:46:01:781347,0
280.049,413.5802,2:46:01:785318,0
281.0328,410.8693,2:46:01:788668,0
281.9673,408.1,2:46:01:793010,0
282.7789,405.2433,2:46:01:796940,0
283.5414,402.4157,2:46:01:801044,0
284.1562,399.6757,2:46:01:804963,0
284.7218,397.1104,2:46:01:809267,0
285.1399,394.691,2:46:01:813955,0
285.4105,392.4756,2:46:01:817217,0
285.5334,390.4642,2:46:01:821217,0
285.5826,388.6861,2:46:01:825280,0
285.5826,387.1411,2:46:01:829234,0
285.5826,385.7711,2:46:01:833320,0
284.9432,384.5468,2:46:01:836649,0
284.9432,383.4391,2:46:01:840634,0
284.1316,382.448,2:46:01:844635,0
284.1316,381.5443,2:46:01:848723,0
283.197,380.699,2:46:01:852635,0
282.7543,379.8536,2:46:01:857408,0
282.3608,379.0666,2:46:01:860431,0
281.9673,378.2795,2:46:01:864537,0
281.623,377.5216,2:46:01:868418,0
281.623,376.7054,2:46:01:872417,0
281.1312,375.9184,2:46:01:877418,0
281.1312,375.1022,2:46:01:880456,0
280.8852,374.2277,2:46:01:884450,0
280.8852,373.3532,2:46:01:889319,0
280.8852,372.4496,2:46:01:892680,0
280.8852,371.5168,2:46:01:897088,0
280.8852,370.584,2:46:01:901098,0
280.8852,369.622,2:46:01:905137,0
281.4509,368.6892,2:46:01:909085,0
281.4509,367.7856,2:46:01:913192,0
282.0165,366.8819,2:46:01:916531,0
282.0165,365.9491,2:46:01:920533,0
282.6314,365.0454,2:46:01:924531,0
282.6314,364.1418,2:46:01:928533,0
283.2954,363.209,2:46:01:933531,0
283.5905,362.4219,2:46:01:937327,0
283.8857,361.6057,2:46:01:940337,0
284.1316,360.8478,2:46:01:945324,0
284.1316,360.1483,2:46:01:948366,0
284.3775,359.4778,2:46:01:953360,0
284.3775,358.8657,2:46:01:956359,1486
284.3775,358.3118,2:46:01:961360,1548
284.3775,357.8163,2:46:01:965358,1637
284.3775,357.4373,2:46:01:968356,1722
283.7381,357.1166,2:46:01:972357,1805
283.7381,356.8543,2:46:01:977267,1827
283.7381,356.7377,2:46:01:980665,1828
283.197,356.7377,2:46:01:984662,1846
283.197,356.7377,2:46:01:988661,1893
283.197,356.7377,2:46:01:992662,1930
282.8527,357.962,2:46:01:996661,1975
282.8527,358.6616,2:46:02:001324,2008
282.8527,359.507,2:46:02:005442,2015
282.8527,360.5563,2:46:02:009425,2034
282.8527,361.6349,2:46:02:012425,2041
283.443,362.8592,2:46:02:017426,2048
283.443,364.1418,2:46:02:020427,2057
284.5743,365.5702,2:46:02:025500,2063
285.3859,366.9694,2:46:02:028510,2072
286.3204,368.3686,2:46:02:033330,2076
287.378,369.7094,2:46:02:037339,2080
288.5339,370.9629,2:46:02:040871,2077
289.7635,372.1581,2:46:02:044877,2076
291.0916,373.0617,2:46:02:048973,2079
292.4689,373.8488,2:46:02:052872,2073
293.9691,374.3152,2:46:02:057267,2074
295.4201,374.5775,2:46:02:061288,2073
296.9203,374.5775,2:46:02:065266,2069
298.396,374.5775,2:46:02:069299,2075
299.8962,374.5775,2:46:02:072983,2074
301.3718,373.324,2:46:02:076984,2073
302.7737,372.5078,2:46:02:080981,2072
304.0525,371.5459,2:46:02:084984,2070
305.2084,370.3799,2:46:02:088983,2079
306.2906,369.1848,2:46:02:092981,2089
307.1759,367.9313,2:46:02:096976,2102
307.9384,366.5612,2:46:02:100461,2175
308.5286,365.1912,2:46:02:105460,2276
308.9221,363.8503,2:46:02:108461,2428
309.2172,362.5969,2:46:02:113266,2631
309.3402,361.46,2:46:02:117439,2828
309.3402,360.498,2:46:02:121323,3036
309.3402,359.5944,2:46:02:125333,3236
309.3402,358.8657,2:46:02:129333,3421
309.3402,358.3409,2:46:02:133334,3569
308.6024,357.9911,2:46:02:137333,3671
308.6024,357.7871,2:46:02:140336,3723
308.6024,357.6996,2:46:02:144705,3734
307.9384,357.6996,2:46:02:149609,3735
307.9384,357.6996,2:46:02:153608,3737
307.9384,358.8073,2:46:02:156608,3748
307.4465,359.6819,2:46:02:161471,3763
307.4465,360.6729,2:46:02:164484,3779
307.4465,362.043,2:46:02:168479,3792
307.4465,363.792,2:46:02:173480,3802
307.1759,365.8033,2:46:02:176882,3812
307.1759,368.1062,2:46:02:180890,3815
307.1759,370.584,2:46:02:184892,3820
307.1759,373.2657,2:46:02:188892,3827
307.1759,376.0059,2:46:02:192892,3832
307.1759,378.95,2:46:02:196892,3828
307.1759,381.8358,2:46:02:201762,3818
307.1759,384.6925,2:46:02:204769,3760
307.1759,387.4326,2:46:02:209258,3634
307.1759,390.1144,2:46:02:213952,3426
307.1759,392.6213,2:46:02:217485,3111
306.3152,394.9825,2:46:02:221486,2706
306.3152,397.1688,2:46:02:225483,2143
305.4052,399.1801,2:46:02:228486,1465
304.9379,400.9583,2:46:02:233322,834
304.446,402.4741,2:46:02:237332,338
303.9296,403.7858,2:46:02:241290,0
303.4377,404.8061,2:46:02:245261,0
302.995,405.5348,2:46:02:249286,0
302.6507,405.9138,2:46:02:253259,0
302.6507,405.972,2:46:02:257318,0
302.3064,405.972,2:46:02:261328,0
302.3064,405.2141,2:46:02:265338,0
302.3064,404.3979,2:46:02:268328,0
302.3064,403.2903,2:46:02:273515,0
302.8966,401.9202,2:46:02:276525,0
302.8966,400.4044,2:46:02:280601,0
303.659,398.6845,2:46:02:284580,0
303.659,396.9355,2:46:02:289573,0
304.3231,395.2157,2:46:02:292573,0
304.3231,393.4376,2:46:02:297266,0
304.8149,391.776,2:46:02:301278,0
304.8149,390.3185,2:46:02:305275,0
304.8149,389.065,2:46:02:309293,0
304.8149,388.0157,2:46:02:313314,0
304.0279,387.1411,2:46:02:316320,1426
303.4377,386.4998,2:46:02:321740,1483
302.7491,386.0917,2:46:02:324750,1555
301.9375,385.946,2:46:02:328750,1651
301.0029,385.946,2:46:02:333750,1783
300.0438,385.946,2:46:02:336749,1886
298.8878,386.7622,2:46:02:340773,2017
297.5844,387.5493,2:46:02:344819,2154
296.2809,388.5403,2:46:02:348823,2275
294.8791,389.7355,2:46:02:352913,2390
293.3051,391.1638,2:46:02:356828,2472
291.6573,392.7671,2:46:02:361392,2529
289.9849,394.4578,2:46:02:365402,2565
288.2141,396.2943,2:46:02:369197,2588
286.5418,398.2473,2:46:02:373205,2598
284.9186,400.2878,2:46:02:377205,2607
283.3446,402.4157,2:46:02:381207,2614
281.8936,404.5728,2:46:02:385207,2610
280.5655,406.7299,2:46:02:389205,2607
279.385,408.7122,2:46:02:392850,2558
278.3521,410.6943,2:46:02:396864,2410
277.5405,412.5308,2:46:02:400860,2075
276.9256,414.0757,2:46:02:404861,1517
276.4829,415.3875,2:46:02:409325,910
276.1386,416.3786,2:46:02:412338,405
276.0648,417.1365,2:46:02:417266,0
276.0648,417.5446,2:46:02:420905,0
276.0648,417.6903,2:46:02:424874,0
277.024,417.6903,2:46:02:428872,0
277.7372,417.6903,2:46:02:432875,0
278.6472,416.1746,2:46:02:436872,0
279.8031,415.0377,2:46:02:441317,0
281.2049,413.6093,2:46:02:444327,0
282.7543,411.8604,2:46:02:448985,0
284.5005,409.9073,2:46:02:452995,0
286.4188,407.6919,2:46:02:456998,0
288.5585,405.2433,2:46:02:460996,0
290.8211,402.5906,2:46:02:465317,0
293.1821,399.7631,2:46:02:469327,0
295.6169,396.8773,2:46:02:473316,0
298.15,393.9622,2:46:02:477326,0
300.757,390.989,2:46:02:481327,0
303.3393,388.0739,2:46:02:484329,0
305.9463,385.1881,2:46:02:489327,0
308.4056,382.448,2:46:02:492327,0
310.8404,379.8536,2:46:02:497318,0
313.1522,377.4342,2:46:02:501328,0
315.3411,375.1896,2:46:02:505266,0
317.3086,373.12,2:46:02:509032,0
319.0793,371.2544,2:46:02:513352,0
320.6533,369.6512,2:46:02:516354,0
321.9322,368.252,2:46:02:521353,0
323.0143,366.9694,2:46:02:525354,0
323.8751,365.8033,2:46:02:529326,0
324.5637,364.7539,2:46:02:533637,0
325.1048,363.6754,2:46:02:537637,0
325.5721,362.7426,2:46:02:540637,0
325.8918,361.7806,2:46:02:544669,0
326.1377,360.7896,2:46:02:548635,0
326.3345,359.7693,2:46:02:553321,1596
326.482,358.8948,2:46:02:556334,1599
326.605,358.1078,2:46:02:560988,1649
326.728,357.4373,2:46:02:564986,1765
326.7772,356.9417,2:46:02:569061,1931
326.8018,356.5337,2:46:02:572986,2127
326.8018,356.2713,2:46:02:577329,2284
326.8018,356.1255,2:46:02:581340,2376
326.8018,356.1255,2:46:02:585340,2430
326.8018,356.1255,2:46:02:588339,2473
326.8018,356.1255,2:46:02:593339,2524
326.8018,357.0001,2:46:02:597349,2581
326.8018,357.6705,2:46:02:601143,2631
326.8018,358.5158,2:46:02:605173,2661
326.8018,359.5944,2:46:02:609323,2683
326.8018,360.8478,2:46:02:612840,2704
326.8018,362.4219,2:46:02:617366,2734
326.8018,364.2001,2:46:02:620368,2780
326.8018,366.1823,2:46:02:625323,2822
326.8018,368.2811,2:46:02:629333,2864
326.8018,370.5256,2:46:02:632833,2899
326.1869,372.7993,2:46:02:636742,2918
326.1869,375.1022,2:46:02:640849,2934
326.1869,377.4342,2:46:02:644725,2946
325.6704,379.6205,2:46:02:649276,2956
325.6704,381.6609,2:46:02:652736,2956
325.3753,383.5557,2:46:02:657192,2961
325.3753,385.2173,2:46:02:661199,2959
325.3753,386.6456,2:46:02:665201,2958
325.0556,387.9282,2:46:02:669202,2962
325.0556,388.9193,2:46:02:673439,2960
324.8834,389.7355,2:46:02:676449,2965
324.8834,390.3477,2:46:02:680450,2965
324.8834,390.8141,2:46:02:684451,2974
324.8834,391.1056,2:46:02:688448,2997
324.8834,391.2513,2:46:02:692482,3023
324.8834,391.2513,2:46:02:697051,3050
324.8834,391.2513,2:46:02:701088,3068
324.8834,391.2513,2:46:02:705349,3071
324.8834,390.1436,2:46:02:708359,3070
324.8834,389.3565,2:46:02:713358,3071
324.8834,388.3654,2:46:02:716357,3066
324.8834,387.0245,2:46:02:721359,3059
325.5475,385.3922,2:46:02:724357,3050
325.5475,383.4099,2:46:02:729327,3042
326.0885,381.0197,2:46:02:732340,3034
326.0885,378.2795,2:46:02:737327,3035
326.7034,375.3062,2:46:02:740337,3032
326.7034,372.0706,2:46:02:745334,3024
327.3428,368.66,2:46:02:749337,3019
327.6379,365.0746,2:46:02:753334,3004
327.6379,361.2851,2:46:02:757335,2988
328.0806,357.2915,2:46:02:761326,2969
328.0806,353.0939,2:46:02:765336,2950
328.2282,348.6631,2:46:02:769341,2941
328.2282,344.1158,2:46:02:773336,2935
328.2282,339.4809,2:46:02:777399,2929
327.4658,334.8752,2:46:02:780409,2923
326.8018,330.3861,2:46:02:785317,2904
325.9164,326.1594,2:46:02:789326,2884
324.8097,322.3407,2:46:02:792874,2867
323.4078,319.0468,2:46:02:796882,2853
321.7108,316.365,2:46:02:800901,2834
319.7188,314.1787,2:46:02:804887,2812
317.407,312.5172,2:46:02:809326,2785
314.8492,311.3511,2:46:02:813354,2757
312.0455,310.6224,2:46:02:817335,2741
309.2172,310.2726,2:46:02:821336,2731
306.3643,310.2726,2:46:02:825344,2728
303.5607,310.2726,2:46:02:829353,2724
300.9291,311.4677,2:46:02:833354,2718
298.5681,312.4297,2:46:02:837340,2709
296.4777,313.6248,2:46:02:842362,2695
294.7315,315.024,2:46:02:845339,2687
293.3051,316.6273,2:46:02:849337,2680
292.1492,318.4055,2:46:02:853048,2670
291.2638,320.3876,2:46:02:857047,2674
290.6244,322.6031,2:46:02:861048,2675
290.2308,325.0808,2:46:02:865047,2653
290.0341,327.8209,2:46:02:868936,2591
290.0341,330.765,2:46:02:872879,2441
290.0341,333.8258,2:46:02:876681,2158
290.8703,336.974,2:46:02:880695,1685
291.6327,340.1222,2:46:02:884674,1084
292.641,343.1246,2:46:02:888674,563
293.8707,346.0105,2:46:02:892806,0
295.3463,348.634,2:46:02:896816,0
297.0925,350.9951,2:46:02:901135,0
299.06,353.2397,2:46:02:904736,0
301.2488,355.1927,2:46:02:908981,0
303.6344,357.0001,2:46:02:912941,0
306.0938,358.7199,2:46:02:917310,0
308.5532,360.294,2:46:02:921320,0
311.1109,361.6641,2:46:02:925257,0
313.6441,362.83,2:46:02:929281,0
316.1772,363.8211,2:46:02:933265,0
318.6366,364.579,2:46:02:937265,0
321.0468,365.162,2:46:02:941415,0
323.4078,365.5702,2:46:02:944426,0
325.7934,365.7159,2:46:02:948426,0
328.2036,365.7451,2:46:02:952424,0
330.6138,365.7451,2:46:02:957644,0
333.024,365.7451,2:46:02:960657,0
335.3358,365.7451,2:46:02:964654,0
337.5984,365.7451,2:46:02:968698,0
339.8364,364.8414,2:46:02:972674,0
341.9515,364.8414,2:46:02:976665,0
343.9436,364.0835,2:46:02:981256,0
345.7881,364.0835,2:46:02:984700,0
347.4851,363.0341,2:46:02:988668,0
349.0345,362.5094,2:46:02:992695,0
350.4855,362.043,2:46:02:997317,0
351.6906,361.6057,2:46:03:000327,0
352.7482,361.1977,2:46:03:005262,0
353.6335,360.7896,2:46:03:008841,0
354.3713,360.4398,2:46:03:012848,0
354.9862,360.1774,2:46:03:016841,0
355.4043,359.9734,2:46:03:021320,0
355.724,359.7693,2:46:03:024330,0
355.9207,359.6235,2:46:03:029401,0
356.0683,359.4486,2:46:03:032376,0
356.1913,359.2737,2:46:03:037375,0
356.3142,359.0406,2:46:03:041375,0
356.4372,358.8073,2:46:03:045323,0
356.6094,358.545,2:46:03:048393,0
356.8061,358.3118,2:46:03:053327,0
357.0767,358.0494,2:46:03:056338,0
357.3718,357.7871,2:46:03:061339,0
357.6915,357.5247,2:46:03:065345,0
358.0604,357.2915,2:46:03:069338,0
358.4785,357.0292,2:46:03:072651,0
358.8474,356.8543,2:46:03:077345,0
359.2901,356.6794,2:46:03:081352,0
359.7328,356.5337,2:46:03:085339,0
360.1509,356.3296,2:46:03:089352,0
360.6182,356.1838,2:46:03:093349,0
361.0854,356.0673,2:46:03:096349,0
361.6019,355.9215,2:46:03:101349,0
362.0692,355.8049,2:46:03:104349,0
362.5611,355.6591,2:46:03:109375,0
363.0529,355.5717,2:46:03:112385,0
363.4956,355.3676,2:46:03:117385,0
363.9629,355.2219,2:46:03:120390,0
364.4056,355.047,2:46:03:125387,0
364.8237,354.843,2:46:03:128390,0
365.2172,354.6389,2:46:03:133323,0
365.5861,354.3474,2:46:03:136333,0
365.9796,354.0851,2:46:03:141320,0
366.3239,353.7353,2:46:03:145331,0
366.6682,353.4438,2:46:03:149379,0
367.0125,353.1231,2:46:03:152387,0
367.2831,352.715,2:46:03:157389,0
367.5044,352.2777,2:46:03:160389,1439
367.7257,351.7822,2:46:03:164392,1456
367.9471,351.3158,2:46:03:168387,1546
368.0947,350.8494,2:46:03:173324,1709
368.2176,350.4121,2:46:03:176855,1944
368.3406,350.0041,2:46:03:180855,2226
368.4144,349.6251,2:46:03:184855,2492
368.439,349.3919,2:46:03:188854,2714
368.4636,349.1878,2:46:03:192853,2875
368.4882,349.1295,2:46:03:197306,2969
368.4882,349.1295,2:46:03:201316,3019
368.4882,349.1295,2:46:03:204777,3072
368.4882,349.1295,2:46:03:208467,3133
368.4882,350.0041,2:46:03:212468,3213
368.4882,350.7036,2:46:03:216469,3290
368.4882,351.549,2:46:03:220538,3348
368.4882,352.6275,2:46:03:224482,3394
368.0209,353.9684,2:46:03:229317,3424
368.0209,355.5134,2:46:03:233327,3455
368.0209,357.2624,2:46:03:237258,3481
368.0209,359.1571,2:46:03:241146,3510
367.7257,361.2268,2:46:03:245314,3544
367.7257,363.4713,2:46:03:249324,3568
367.7257,365.8908,2:46:03:253324,3584
367.5044,368.456,2:46:03:257324,3594
367.5044,371.0212,2:46:03:261323,3599
367.5044,373.6739,2:46:03:264324,3601
367.3076,376.2099,2:46:03:268923,3601
367.3076,378.7459,2:46:03:272812,3597
367.2093,381.1363,2:46:03:276790,3573
367.1601,383.2933,2:46:03:280798,3505
367.0863,385.2755,2:46:03:284799,3376
367.0371,387.0245,2:46:03:288799,3168
366.9388,388.5403,2:46:03:292869,2874
366.8404,389.8521,2:46:03:296881,2478
366.742,390.9598,2:46:03:301895,1910
366.6928,391.8051,2:46:03:304877,1221
366.5945,392.359,2:46:03:309262,638
366.4715,392.7671,2:46:03:312476,0
366.3977,392.942,2:46:03:317266,0
366.3485,392.942,2:46:03:321275,0
366.2747,392.942,2:46:03:325275,0
366.2501,392.942,2:46:03:329275,0
366.2255,391.776,2:46:03:333312,0
366.1763,391.1056,2:46:03:337322,0
366.1763,390.3185,2:46:03:341276,0
366.1763,389.3857,2:46:03:344286,0
366.1763,388.3946,2:46:03:349286,0
366.1763,387.316,2:46:03:353288,0
366.1763,386.2083,2:46:03:357286,0
366.1763,385.0715,2:46:03:361284,0
366.6928,383.9055,2:46:03:365318,0
366.6928,382.7686,2:46:03:368331,0
366.6928,381.6609,2:46:03:373069,0
366.6928,380.6115,2:46:03:376977,0
366.6928,379.5913,2:46:03:380991,0
366.6928,378.6585,2:46:03:384977,0
366.6928,377.8131,2:46:03:389266,0
366.6928,377.0261,2:46:03:393999,0
366.0534,376.3265,2:46:03:397284,0
366.0534,375.6852,2:46:03:401292,0
365.4631,375.1022,2:46:03:405322,0
365.4631,374.5483,2:46:03:408333,0
364.9467,374.0237,2:46:03:413334,0
364.9467,373.5573,2:46:03:416332,0
364.4302,373.0617,2:46:03:421334,0
364.4302,372.5953,2:46:03:424333,0
364.0613,372.0998,2:46:03:429314,0
364.0613,371.6334,2:46:03:433322,0
363.8153,371.1086,2:46:03:437323,0
363.8153,370.5548,2:46:03:441344,0
363.6186,370.0592,2:46:03:444897,0
363.6186,369.5928,2:46:03:448910,0
363.5694,369.039,2:46:03:452909,0
363.471,368.456,2:46:03:456934,0
363.3481,367.9022,2:46:03:461008,551
363.2251,367.3192,2:46:03:464909,564
363.0284,366.8528,2:46:03:469324,598
362.8808,366.4155,2:46:03:472357,661
362.684,365.9491,2:46:03:477319,742
362.4135,365.4536,2:46:03:480330,832
361.9954,365.0454,2:46:03:485331,951
361.5035,364.6665,2:46:03:489331,1084
360.9133,364.375,2:46:03:493329,1231
360.2247,364.0252,2:46:03:497331,1371
359.3885,363.7337,2:46:03:501198,1498
358.3801,363.5297,2:46:03:505236,1629
357.2242,363.3839,2:46:03:509416,1759
355.9945,363.2673,2:46:03:512426,1903
354.6911,363.209,2:46:03:517265,2043
353.4122,363.209,2:46:03:520474,2152
352.1333,363.209,2:46:03:525264,2251
350.8544,363.209,2:46:03:528476,2332
349.6248,363.209,2:46:03:533482,2384
348.4442,364.0835,2:46:03:536489,2425
347.3621,364.0835,2:46:03:541314,2458
346.3538,364.8997,2:46:03:544590,2491
345.4192,365.5118,2:46:03:549592,2523
344.583,366.3572,2:46:03:552591,2554
343.796,367.3774,2:46:03:556593,2586
343.0336,368.5435,2:46:03:561590,2622
342.4188,369.9718,2:46:03:565589,2666
341.8531,371.5168,2:46:03:568589,2711
341.3858,373.2657,2:46:03:573267,2745
341.0415,375.0439,2:46:03:577282,2773
340.771,376.8803,2:46:03:581275,2790
340.648,378.7751,2:46:03:585278,2803
340.5988,380.6115,2:46:03:589275,2816
340.5988,382.3897,2:46:03:593278,2827
340.5988,384.1387,2:46:03:597018,2831
341.2383,385.7711,2:46:03:601026,2835
341.2383,387.3744,2:46:03:605313,2836
342.1729,388.8318,2:46:03:609349,2824
342.7631,390.2893,2:46:03:613314,2734
343.4271,391.572,2:46:03:616357,2503
344.042,392.8254,2:46:03:621324,1992
344.7306,393.904,2:46:03:625322,1293
345.3946,394.8659,2:46:03:629322,677
345.9357,395.7404,2:46:03:633324,0
346.4521,396.4983,2:46:03:637320,0
346.8211,397.0522,2:46:03:641341,0
346.8211,397.4602,2:46:03:645265,0
347.1408,397.7226,2:46:03:649276,0
347.1408,397.7517,2:46:03:653273,0
347.1408,397.7517,2:46:03:657275,0
347.1408,397.7517,2:46:03:661314,0
346.3538,396.9355,2:46:03:665314,0
346.3538,396.2943,2:46:03:669318,0
345.2963,395.5072,2:46:03:672328,0
344.583,394.5744,2:46:03:677265,0
343.6977,393.5541,2:46:03:680477,0
342.6155,392.359,2:46:03:684590,0
341.1891,391.1347,2:46:03:688513,0
339.4183,389.7938,2:46:03:692622,0
337.2541,388.3654,2:46:03:697533,0
334.6964,386.7914,2:46:03:701313,0
331.7943,385.1881,2:46:03:705324,0
328.4987,383.4974,2:46:03:709321,0
324.8343,381.8067,2:46:03:713331,0
320.8255,380.0285,2:46:03:716399,0
316.4724,378.3379,2:46:03:720408,0
311.8734,376.5888,2:46:03:724500,0
307.0038,374.8982,2:46:03:728407,0
301.9621,373.324,2:46:03:733390,0
296.7728,371.954,2:46:03:737400,0
291.2638,370.584,2:46:03:741329,0
285.5334,369.3305,2:46:03:744339,0
279.7539,368.3394,2:46:03:749340,0
273.9006,367.494,2:46:03:753339,0
268.0227,366.8236,2:46:03:757339,0
262.1448,366.328,2:46:03:760664,0
256.3653,365.92,2:46:03:764897,0
250.4628,365.6284,2:46:03:768895,0
244.88,365.5702,2:46:03:772897,0
239.371,365.4827,2:46:03:776897,0
234.1817,365.4827,2:46:03:781253,0
229.2629,365.4827,2:46:03:785262,0
224.5655,365.4827,2:46:03:789325,0
220.0895,365.4827,2:46:03:792337,0
215.9577,365.4827,2:46:03:797335,0
212.2932,365.4827,2:46:03:800335,0
208.9485,366.0657,2:46:03:805335,0
205.9235,366.0657,2:46:03:809136,0
203.169,366.0657,2:46:03:813011,0
200.7588,366.0657,2:46:03:817008,0
198.6191,366.0657,2:46:03:821067,0
196.7746,366.0657,2:46:03:825086,0
195.053,365.4536,2:46:03:829112,0
193.5528,365.4536,2:46:03:833122,0
192.1756,365.4536,2:46:03:837128,0
190.8967,364.8997,2:46:03:841122,0
189.667,364.8997,2:46:03:845142,0
188.4865,364.375,2:46:03:849125,0
187.306,364.375,2:46:03:853318,0
186.0517,363.9961,2:46:03:856665,0
184.7974,363.9961,2:46:03:861512,0
183.4694,363.6754,2:46:03:864522,0
182.0921,363.6754,2:46:03:869523,0
180.5919,363.6754,2:46:03:872529,0
179.0671,363.6754,2:46:03:876523,0
177.4439,363.6754,2:46:03:880522,0
175.6732,363.6754,2:46:03:885270,0
173.927,363.6754,2:46:03:888278,0
172.0579,364.4041,2:46:03:893279,0
170.1642,364.4041,2:46:03:897279,0
168.1967,364.9288,2:46:03:901278,0
166.2292,364.9288,2:46:03:905289,0
164.1633,365.3952,2:46:03:909324,0
162.0728,365.3952,2:46:03:913332,0
160.0069,365.8908,2:46:03:917264,0
157.9411,365.8908,2:46:03:920570,0
155.8506,366.2989,2:46:03:925317,0
153.8093,366.2989,2:46:03:928327,0
151.8172,366.6195,2:46:03:933346,0
149.9235,366.6195,2:46:03:937326,0
148.2265,366.6195,2:46:03:941591,0
146.6771,366.6195,2:46:03:944609,0
145.2507,366.6195,2:46:03:948669,0
144.021,366.6195,2:46:03:952602,0
142.9881,366.6195,2:46:03:956635,0
142.0781,365.9491,2:46:03:960601,0
141.3157,365.9491,2:46:03:965485,0
140.7254,365.3661,2:46:03:968734,0
140.1598,365.3661,2:46:03:972570,0
139.6679,364.6665,2:46:03:976449,0
139.2252,364.6665,2:46:03:980450,0
138.8809,363.9961,2:46:03:984454,0
138.5366,363.9961,2:46:03:989261,0
138.2415,363.4131,2:46:03:992690,0
137.9464,363.1216,2:46:03:997264,0
137.7004,363.1216,2:46:04:000563,0
137.4791,362.7426,2:46:04:005165,0
137.2577,362.7426,2:46:04:009123,0
137.0856,362.5969,2:46:04:013231,0
136.9134,362.5969,2:46:04:017145,0
136.8396,362.4511,2:46:04:021389,0
136.7658,362.3636,2:46:04:024399,313
136.7413,362.3636,2:46:04:029206,315
136.7413,362.3345,2:46:04:033205,317
136.7413,362.3054,2:46:04:037205,319
136.7413,362.247,2:46:04:041206,317
136.7413,362.2179,2:46:04:045317,316
137.5528,362.1596,2:46:04:048327,317
137.5528,362.1013,2:46:04:053265,331
138.5366,362.043,2:46:04:057210,372
139.2744,361.9264,2:46:04:061285,418
140.0368,361.8972,2:46:04:065208,464
141.1435,361.7515,2:46:04:069321,504
142.5208,361.6057,2:46:04:073332,526
144.1932,361.4017,2:46:04:077212,541
146.2344,361.1393,2:46:04:081212,556
148.6692,360.8478,2:46:04:085212,563
151.4483,360.498,2:46:04:089230,564
154.5717,360.0899,2:46:04:092881,569
158.1378,359.5652,2:46:04:096889,580
161.999,359.0114,2:46:04:101203,590
166.3029,358.3701,2:46:04:105239,607
171.0741,357.6996,2:46:04:109067,624
176.1158,356.9709,2:46:04:113078,638
181.4527,356.1547,2:46:04:117078,652
187.2814,355.3385,2:46:04:121078,666
193.5774,354.4057,2:46:04:125077,671
200.3407,353.4438,2:46:04:129079,662
207.4729,352.4235,2:46:04:133317,657
214.974,351.3449,2:46:04:136327,655
222.844,350.179,2:46:04:141262,637
231.0583,348.9838,2:46:04:145278,644
239.6907,347.7012,2:46:04:149271,645
248.7166,346.4186,2:46:04:153270,673
257.9392,345.1068,2:46:04:157274,741
267.1619,343.8242,2:46:04:161270,796
276.7043,342.5417,2:46:04:165261,857
286.2221,341.3174,2:46:04:169277,892
295.5677,340.1513,2:46:04:173268,936
304.7166,339.0436,2:46:04:177276,986
313.7179,338.0526,2:46:04:181271,1065
322.3011,337.1198,2:46:04:185272,1147
330.417,336.3327,2:46:04:188687,1226
338.2133,335.6914,2:46:04:193697,1313
345.3454,335.0793,2:46:04:197030,1387
352.0349,334.6129,2:46:04:201039,1472
358.2326,334.2339,2:46:04:205321,1560
363.9383,333.9132,2:46:04:208361,1647
368.98,333.6801,2:46:04:213356,1747
373.3823,333.5052,2:46:04:216358,1854
377.2435,333.3885,2:46:04:221358,1954
380.5145,333.2719,2:46:04:225357,2066
383.2444,333.2137,2:46:04:229260,2175
385.3103,333.1262,2:46:04:233632,2286
386.8105,333.097,2:46:04:236622,2417
387.868,333.0388,2:46:04:240623,2569
388.5321,333.0388,2:46:04:244694,2733
388.901,333.0388,2:46:04:248705,2893
389.0485,333.0388,2:46:04:252704,3017
389.0485,333.0388,2:46:04:256723,3095
389.0485,333.0388,2:46:04:261258,3132
389.0485,333.0388,2:46:04:265275,3145
389.0485,333.0388,2:46:04:269535,3149
388.4829,333.0388,2:46:04:272545,3152
388.4829,333.0388,2:46:04:276544,3155
388.4829,333.0388,2:46:04:280548,3156
388.4829,333.0388,2:46:04:284545,3157
388.4829,333.0388,2:46:04:288556,3157
388.4829,333.0388,2:46:04:293588,3161
388.4829,333.0388,2:46:04:296577,3165
388.4829,333.0388,2:46:04:301360,3170
388.4829,333.6801,2:46:04:305359,3171
388.4829,333.6801,2:46:04:309357,3165
388.4829,334.0881,2:46:04:312362,3148
388.4829,334.0881,2:46:04:317263,3082
388.4829,334.6129,2:46:04:320633,2958
388.4829,334.9044,2:46:04:325962,2725
388.4829,335.1959,2:46:04:328960,2264
388.4829,335.4873,2:46:04:332969,1551
387.8434,335.7206,2:46:04:336961,884
387.2286,335.9537,2:46:04:341308,329
386.3432,336.1287,2:46:04:345316,0
385.1873,336.2452,2:46:04:349314,0
383.6871,336.2744,2:46:04:353339,0
381.8672,336.2744,2:46:04:357324,0
379.7029,336.2744,2:46:04:360325,0
377.2435,336.2744,2:46:04:365325,0
374.3661,335.429,2:46:04:368325,0
371.3164,335.429,2:46:04:374462,0
367.9471,334.5254,2:46:04:377465,0
364.3072,333.9424,2:46:04:380464,0
360.4706,333.9424,2:46:04:384473,0
360.4706,333.9424,2:46:04:403148,0
