501.442,413.8426,2:23:16:277523,0
501.442,413.8426,2:23:16:281524,0
500.3844,412.9389,2:23:16:285520,0
499.7204,412.9389,2:23:16:289524,0
498.8104,412.2684,2:23:16:292522,0
498.0726,412.2684,2:23:16:297616,0
497.2856,412.2684,2:23:16:301240,0
496.4986,411.598,2:23:16:305332,0
495.6624,411.598,2:23:16:309246,0
495.6624,411.598,2:23:16:312726,0
494.9738,411.598,2:23:16:317728,0
494.9738,412.7057,2:23:16:320747,0
494.5065,412.7057,2:23:16:325726,0
494.0638,413.4636,2:23:16:329627,0
493.7195,413.4636,2:23:16:332647,0
493.326,414.1632,2:23:16:336648,0
493.0063,414.1632,2:23:16:340710,0
492.6866,414.8628,2:23:16:344647,0
492.2439,414.8628,2:23:16:348616,0
491.9734,415.3875,2:23:16:352666,0
491.752,415.3875,2:23:16:357615,0
491.752,416.058,2:23:16:360617,0
491.5553,416.5826,2:23:16:365190,0
491.211,416.9908,2:23:16:369061,0
490.7191,417.3988,2:23:16:373063,0
490.1534,417.7778,2:23:16:377060,0
489.7354,418.1567,2:23:16:381158,0
489.2435,418.594,2:23:16:385641,0
488.7024,418.9438,2:23:16:388897,0
488.0138,419.3228,2:23:16:392979,0
487.3252,419.6725,2:23:16:396847,0
486.6365,420.0807,2:23:16:400839,0
485.8741,420.4305,2:23:16:405231,0
485.2839,420.8386,2:23:16:409600,0
484.4723,421.2466,2:23:16:412627,0
483.6361,421.5964,2:23:16:416619,0
482.7507,421.9463,2:23:16:420656,0
481.8899,422.2669,2:23:16:424654,0
481.1275,422.5292,2:23:16:429627,0
480.5373,422.7625,2:23:16:432664,0
480.0208,423.0248,2:23:16:436672,0
479.3814,423.2289,2:23:16:441648,0
478.9141,423.4329,2:23:16:444664,0
478.4714,423.5786,2:23:16:448736,0
478.1271,423.7244,2:23:16:453114,0
477.7828,423.8993,2:23:16:457612,0
477.3893,423.9868,2:23:16:460704,0
477.0204,424.0742,2:23:16:465630,0
476.7007,424.1617,2:23:16:468648,0
476.3564,424.2783,2:23:16:473630,0
476.0612,424.424,2:23:16:477652,0
475.7415,424.5989,2:23:16:480688,0
475.348,424.8029,2:23:16:484765,0
474.9791,425.0361,2:23:16:488671,0
474.6102,425.3568,2:23:16:492688,0
474.1921,425.59,2:23:16:497777,0
473.7248,425.9981,2:23:16:501296,0
473.2575,426.377,2:23:16:505300,0
472.7657,426.7852,2:23:16:509296,0
472.2246,427.1932,2:23:16:513301,0
471.6589,427.6013,2:23:16:517792,0
471.0687,428.0386,2:23:16:520829,0
470.4784,428.4467,2:23:16:524891,0
469.8636,428.9423,2:23:16:529811,0
469.2979,429.2921,2:23:16:532845,0
468.7077,429.7585,2:23:16:537635,0
468.1174,430.1957,2:23:16:540732,0
467.5518,430.6038,2:23:16:545653,0
466.9861,430.9828,2:23:16:549654,0
466.4451,431.3326,2:23:16:553654,0
465.9532,431.6823,2:23:16:556739,0
465.5351,431.9447,2:23:16:561237,0
465.1416,432.2654,2:23:16:565255,0
464.7973,432.4402,2:23:16:569257,0
464.5268,432.6443,2:23:16:573252,0
464.2562,432.9066,2:23:16:577260,0
464.0103,433.169,2:23:16:581458,0
463.8381,433.373,2:23:16:584568,0
463.6168,433.6063,2:23:16:588601,0
463.3954,433.8686,2:23:16:593478,0
463.1987,434.131,2:23:16:597573,0
462.9528,434.3641,2:23:16:601337,0
462.7314,434.6265,2:23:16:605359,0
462.4855,434.8889,2:23:16:609355,0
462.2395,435.122,2:23:16:613357,0
461.9444,435.2969,2:23:16:617359,0
461.6985,435.5302,2:23:16:621241,0
461.4771,435.6759,2:23:16:625848,0
461.2312,435.8508,2:23:16:628868,0
461.059,435.9966,2:23:16:632873,0
460.8377,436.1423,2:23:16:636943,0
460.6409,436.2297,2:23:16:640869,0
460.4442,436.2881,2:23:16:645021,0
460.3704,436.3755,2:23:16:648853,0
460.2474,436.463,2:23:16:653656,0
460.149,436.4921,2:23:16:656740,0
460.0753,436.5212,2:23:16:660825,0
460.0261,436.5504,2:23:16:664817,0
459.9523,436.5504,2:23:16:668801,0
459.9277,436.6087,2:23:16:673091,0
459.8293,436.6087,2:23:16:677397,0
459.7064,436.6087,2:23:16:680483,0
459.5834,436.6087,2:23:16:684420,0
459.4359,436.6087,2:23:16:688433,0
459.2883,436.6087,2:23:16:692464,0
459.1407,435.9674,2:23:16:697477,225
458.9932,435.9674,2:23:16:701533,251
458.8702,435.9674,2:23:16:704990,299
458.7964,435.4427,2:23:16:709054,354
458.7718,435.4427,2:23:16:712932,421
458.7472,435.4427,2:23:16:716927,481
458.7472,434.918,2:23:16:721230,515
458.698,434.918,2:23:16:725188,572
458.698,434.5974,2:23:16:729248,626
458.698,434.5974,2:23:16:733248,688
458.698,434.131,2:23:16:737248,766
458.698,433.9269,2:23:16:741248,826
458.698,433.6646,2:23:16:744993,887
458.698,433.4897,2:23:16:749039,969
459.2145,433.2273,2:23:16:753149,1075
459.2145,433.0815,2:23:16:757010,1214
459.2145,432.9066,2:23:16:761628,1350
459.2145,432.79,2:23:16:764684,1519
459.2145,432.7609,2:23:16:769644,1661
459.2145,432.7026,2:23:16:772648,1746
459.2145,432.6443,2:23:16:777654,1840
459.2145,432.6443,2:23:16:781230,1861
459.2145,432.6443,2:23:16:784955,1896
459.2145,432.6443,2:23:16:788729,1952
459.2145,432.6443,2:23:16:792735,1997
459.2145,432.6443,2:23:16:796852,2072
459.2145,432.6443,2:23:16:800730,2156
459.2145,433.4605,2:23:16:805081,2238
458.6488,433.4605,2:23:16:809309,2323
458.6488,434.1892,2:23:16:813451,2359
458.1815,434.7431,2:23:16:817451,2372
458.1815,435.2969,2:23:16:820452,2390
457.6405,435.8508,2:23:16:824449,2413
457.6405,436.4046,2:23:16:829076,2451
457.1486,437.046,2:23:16:833076,2531
457.1486,437.7747,2:23:16:837076,2596
456.8535,438.5909,2:23:16:841077,2649
456.6813,439.378,2:23:16:845076,2689
456.6813,440.2233,2:23:16:849071,2698
456.46,441.2144,2:23:16:853571,2716
456.3616,442.4095,2:23:16:857592,2709
456.2632,443.6047,2:23:16:861588,2728
456.2632,444.8582,2:23:16:864730,2725
456.0911,446.0825,2:23:16:869729,2724
456.0911,447.3651,2:23:16:872449,2741
456.0911,448.7059,2:23:16:877410,2750
456.0911,449.9594,2:23:16:880411,2769
456.0911,451.2129,2:23:16:885412,2783
456.0911,452.3788,2:23:16:889456,2777
456.6567,453.4865,2:23:16:892979,2786
456.6567,454.5651,2:23:16:897037,2804
456.6567,455.5854,2:23:16:901026,2821
457.247,456.5182,2:23:16:904969,2865
457.247,457.3926,2:23:16:909161,2889
457.9602,458.1797,2:23:16:913586,2898
458.3537,458.9084,2:23:16:916585,2918
458.7964,459.5789,2:23:16:921584,2923
459.2883,460.1328,2:23:16:924585,2930
459.9277,460.6574,2:23:16:929081,2949
460.6409,461.0656,2:23:16:933095,2965
461.4771,461.4153,2:23:16:937136,2984
462.2887,461.7068,2:23:16:941113,3009
463.2971,461.8817,2:23:16:945485,3014
464.3792,461.9984,2:23:16:949504,3021
465.5105,462.0275,2:23:16:952630,3036
466.7402,462.0275,2:23:16:956505,3039
467.9945,462.0275,2:23:16:960508,3037
469.2242,462.0275,2:23:16:965473,3028
470.4784,462.0275,2:23:16:968517,3013
471.7573,461.153,2:23:16:972506,2996
472.987,461.153,2:23:16:977500,3004
474.1675,460.4534,2:23:16:980510,3015
475.3234,460.4534,2:23:16:985105,3023
476.381,459.404,2:23:16:989128,3036
477.3893,458.821,2:23:16:993143,3033
478.3484,458.2089,2:23:16:997125,3031
479.2338,457.4801,2:23:17:001128,3025
480.07,456.8097,2:23:17:005133,3030
480.8324,456.0226,2:23:17:008631,3038
481.5456,455.1481,2:23:17:012545,3032
482.2343,454.2444,2:23:17:017550,3034
482.8491,453.3408,2:23:17:020561,3031
483.4148,452.3206,2:23:17:025017,3052
483.9804,451.2711,2:23:17:029180,3050
484.4969,450.076,2:23:17:033180,3044
485.0379,448.8225,2:23:17:037181,3024
485.5298,447.4525,2:23:17:041176,2990
485.9479,445.995,2:23:17:045341,2993
486.2922,444.5958,2:23:17:049361,2993
486.4644,443.1383,2:23:17:053359,3010
486.6857,441.71,2:23:17:057357,3010
486.8579,440.369,2:23:17:061390,3005
486.8825,439.1156,2:23:17:065213,3010
486.8825,437.9204,2:23:17:069255,2998
486.8825,436.9294,2:23:17:073320,2979
486.8825,436.1423,2:23:17:077326,2981
486.0463,435.3844,2:23:17:081320,2955
486.0463,434.7431,2:23:17:085320,2962
485.4068,434.2767,2:23:17:089789,2962
484.8166,433.8686,2:23:17:092868,2956
484.2509,433.5479,2:23:17:096860,2972
483.6607,433.3439,2:23:17:100819,2960
482.9966,433.1982,2:23:17:104808,2965
482.2834,433.1107,2:23:17:109243,2977
481.5456,433.1107,2:23:17:112620,2979
480.7832,433.1107,2:23:17:116889,2976
480.07,433.1107,2:23:17:120408,2979
479.5043,433.1107,2:23:17:125410,2955
479.0125,433.1107,2:23:17:129151,2951
478.5698,433.1107,2:23:17:133163,2944
478.2993,433.1107,2:23:17:137149,2939
478.1025,433.7228,2:23:17:141152,2929
478.0041,433.7228,2:23:17:144995,2922
477.9795,433.7228,2:23:17:149515,2929
477.9795,433.7228,2:23:17:152552,2919
477.9795,433.7228,2:23:17:156535,2926
477.9795,434.1601,2:23:17:160606,2914
478.7665,434.1601,2:23:17:164534,2914
478.7665,434.1601,2:23:17:168608,2913
479.7995,434.1601,2:23:17:173102,2914
480.4881,434.1601,2:23:17:177167,2906
481.3243,434.1601,2:23:17:181120,2882
482.2343,434.1601,2:23:17:185121,2870
483.2672,434.1601,2:23:17:189124,2847
484.2263,433.3439,2:23:17:194874,2835
485.3823,433.3439,2:23:17:196902,2832
486.5381,432.6443,2:23:17:200897,2802
487.7187,432.6443,2:23:17:204902,2792
488.8254,431.8864,2:23:17:208898,2789
489.9321,431.8864,2:23:17:213138,2770
491.0388,431.1285,2:23:17:217031,2792
492.0963,430.6329,2:23:17:221492,2793
493.1293,430.1957,2:23:17:224493,2811
494.0638,429.7585,2:23:17:228497,2811
494.8508,429.2629,2:23:17:232560,2807
495.5395,428.709,2:23:17:237194,2790
496.2281,428.1552,2:23:17:240721,2761
496.7938,427.5722,2:23:17:244722,2759
497.2856,427.0183,2:23:17:248723,2748
497.7283,426.4937,2:23:17:252782,2744
498.1464,425.9106,2:23:17:257281,2761
498.5399,425.2985,2:23:17:261313,2766
498.8842,424.7155,2:23:17:265297,2774
499.1548,424.2199,2:23:17:269298,2790
499.4007,423.7535,2:23:17:273298,2790
499.5974,423.3163,2:23:17:277017,2816
499.745,422.9373,2:23:17:281074,2829
499.8434,422.5584,2:23:17:285155,2850
499.9417,422.3543,2:23:17:289158,2860
499.9417,422.092,2:23:17:293158,2857
499.9417,421.9463,2:23:17:297158,2862
499.9417,421.8297,2:23:17:301209,2866
499.9417,421.8005,2:23:17:304990,2868
499.9417,421.7422,2:23:17:309218,2874
499.9417,421.7422,2:23:17:313216,2874
499.9417,421.7422,2:23:17:316218,2876
499.9417,421.7422,2:23:17:321219,2880
499.9417,421.7422,2:23:17:326028,2881
499.9417,422.5584,2:23:17:329036,2903
499.9417,422.5584,2:23:17:334029,2931
499.4991,423.5786,2:23:17:337037,2955
499.4991,424.1908,2:23:17:341611,3006
499.4991,424.8904,2:23:17:344628,3048
499.4991,425.6775,2:23:17:348629,3106
499.4991,426.4937,2:23:17:352659,3184
499.1794,427.3098,2:23:17:356627,3230
499.1794,428.126,2:23:17:361086,3286
499.1794,429.0005,2:23:17:365148,3322
499.1794,429.9042,2:23:17:369167,3348
499.1794,430.8661,2:23:17:373179,3396
499.1794,431.8864,2:23:17:377202,3440
499.1794,432.9066,2:23:17:381193,3487
499.1794,434.0143,2:23:17:385545,3528
499.1794,435.1804,2:23:17:388594,3563
499.1794,436.2589,2:23:17:393560,3598
499.1794,437.5124,2:23:17:396742,3619
499.1794,438.7366,2:23:17:400561,3645
499.1794,439.9318,2:23:17:405327,3672
499.7204,441.3018,2:23:17:409347,3673
499.7204,442.6719,2:23:17:413347,3686
499.7204,444.1003,2:23:17:417345,3698
500.0893,445.4412,2:23:17:421346,3693
500.0893,446.9569,2:23:17:425134,3694
500.4336,448.3853,2:23:17:429462,3697
500.4336,449.7845,2:23:17:432495,3702
500.7534,451.2129,2:23:17:436484,3708
500.7534,452.4663,2:23:17:440481,3732
500.9747,453.778,2:23:17:444486,3752
501.0731,454.8857,2:23:17:449331,3742
501.1223,456.0809,2:23:17:453352,3735
501.196,457.1011,2:23:17:457353,3725
501.196,458.0631,2:23:17:461346,3724
501.2206,458.9959,2:23:17:465352,3732
501.2452,459.8412,2:23:17:469239,3768
501.2452,460.5408,2:23:17:473231,3785
501.2452,461.2113,2:23:17:476774,3778
501.2452,461.7651,2:23:17:482822,3798
501.2452,462.2607,2:23:17:484819,3782
501.2452,462.6688,2:23:17:488819,3766
501.2452,462.9894,2:23:17:492857,3733
501.2452,463.2518,2:23:17:497667,3652
501.2452,463.3684,2:23:17:500706,3533
501.2452,463.5142,2:23:17:504778,3382
501.2452,463.5724,2:23:17:508687,3160
501.2452,463.6307,2:23:17:512686,2870
501.2452,463.6307,2:23:17:517709,2464
500.6796,463.6307,2:23:17:520745,1876
500.6796,463.6307,2:23:17:524784,1191
500.1631,463.6307,2:23:17:528745,610
499.745,462.9312,2:23:17:532732,0
499.3023,462.9312,2:23:17:537817,0
498.8842,461.9109,2:23:17:540842,0
498.4661,461.1822,2:23:17:544836,0
498.0972,460.2494,2:23:17:548957,0
497.7529,459.1708,2:23:17:552854,0
497.507,458.0048,2:23:17:557215,0
497.3102,456.6931,2:23:17:561236,0
497.3102,455.2647,2:23:17:565236,0
497.3102,453.6906,2:23:17:569233,0
497.3102,452.1457,2:23:17:573260,0
497.3102,450.6299,2:23:17:576812,0
497.3102,449.0266,2:23:17:581237,0
498.0726,447.4817,2:23:17:585237,0
498.0726,445.9659,2:23:17:589023,0
498.8104,444.4792,2:23:17:593133,0
498.8104,443.1092,2:23:17:597121,0
499.5974,441.8265,2:23:17:601008,0
499.5974,440.4565,2:23:17:605607,0
500.2123,439.1447,2:23:17:608627,0
500.2123,437.8913,2:23:17:612631,0
500.6796,436.667,2:23:17:616649,0
500.6796,435.5302,2:23:17:620626,0
500.9747,434.3641,2:23:17:625237,0
500.9747,433.2273,2:23:17:628734,0
500.9747,432.0905,2:23:17:633569,0
501.1469,431.041,2:23:17:637588,0
501.1469,430.0208,2:23:17:640607,0
501.1469,429.0588,2:23:17:644618,0
501.1469,428.126,2:23:17:648606,0
501.1469,427.1641,2:23:17:653700,0
501.1469,426.2313,2:23:17:656737,0
501.1469,425.2693,2:23:17:660720,0
501.1469,424.2783,2:23:17:664719,0
500.5074,423.1706,2:23:17:668721,540
500.5074,422.0628,2:23:17:673271,559
499.8188,420.8677,2:23:17:676923,586
499.8188,419.5559,2:23:17:680628,642
498.9334,418.2442,2:23:17:684638,714
498.4415,416.7575,2:23:17:689614,778
497.9496,415.2709,2:23:17:693615,842
497.4578,413.726,2:23:17:697492,904
497.0643,412.1227,2:23:17:701510,973
496.6216,410.3445,2:23:17:704509,1098
496.2527,408.6538,2:23:17:708528,1244
495.933,407.0215,2:23:17:713512,1379
495.5887,405.3599,2:23:17:717184,1495
495.3427,403.7567,2:23:17:720594,1565
495.1952,402.3283,2:23:17:724582,1575
495.023,400.9583,2:23:17:728587,1601
494.9738,399.6757,2:23:17:732583,1635
494.9738,398.6554,2:23:17:736580,1635
494.9738,397.5768,2:23:17:741474,1684
495.5641,396.4983,2:23:17:744487,1712
495.5641,395.5655,2:23:17:748492,1729
496.72,394.6035,2:23:17:752686,1757
497.5316,393.6999,2:23:17:756508,1783
498.5645,392.7671,2:23:17:760568,1776
499.6466,391.9218,2:23:17:765271,1799
500.9009,391.1056,2:23:17:769272,1822
502.229,390.3477,2:23:17:773272,1837
503.6308,389.648,2:23:17:777273,1890
505.0081,388.9776,2:23:17:781214,1893
506.3607,388.4237,2:23:17:785279,1901
507.7134,387.9282,2:23:17:788706,1920
508.9677,387.4618,2:23:17:792776,1935
510.1236,387.1411,2:23:17:796782,1968
511.2057,386.8788,2:23:17:800791,1990
512.1403,386.7331,2:23:17:805178,1996
512.9518,386.7039,2:23:17:809723,2001
513.7388,386.7039,2:23:17:812839,2013
514.3783,386.7039,2:23:17:816723,2048
514.9685,386.7039,2:23:17:820727,2112
515.4358,387.8116,2:23:17:824968,2189
515.9031,388.4237,2:23:17:828342,2244
516.2966,389.2108,2:23:17:833369,2304
516.7147,390.1144,2:23:17:837342,2351
517.059,391.1056,2:23:17:841340,2360
517.3295,392.1841,2:23:17:844849,2414
517.6492,393.3501,2:23:17:848936,2439
517.8706,394.6035,2:23:17:852849,2470
518.0427,395.9736,2:23:17:856877,2550
518.3133,397.3437,2:23:17:860847,2602
518.4608,398.772,2:23:17:866011,2673
518.5838,400.4044,2:23:17:870026,2729
518.7314,402.1242,2:23:17:873025,2759
518.9035,404.019,2:23:17:878033,2772
519.0757,405.972,2:23:17:881045,2795
519.2725,408.0125,2:23:17:885233,2822
519.5922,410.1405,2:23:17:889505,2845
519.7397,412.3268,2:23:17:892541,2922
519.9365,414.5713,2:23:17:897521,2970
520.1086,416.6701,2:23:17:900528,3006
520.3054,418.7106,2:23:17:905521,3020
520.5267,420.6928,2:23:17:909620,3027
520.6251,422.5584,2:23:17:913342,3047
520.7972,424.424,2:23:17:917342,3057
520.8956,426.1147,2:23:17:921342,3108
521.0923,427.7471,2:23:17:925342,3116
521.3137,429.4087,2:23:17:929343,3123
521.4367,431.0119,2:23:17:932682,3138
521.5596,432.586,2:23:17:937702,3134
521.6826,434.1892,2:23:17:940698,3148
521.8302,435.7342,2:23:17:944699,3169
521.9532,437.3374,2:23:17:949095,3177
522.0761,438.9698,2:23:17:953233,3191
522.2483,440.6606,2:23:17:957273,3198
522.2975,442.2638,2:23:17:961274,3208
522.4942,443.867,2:23:17:965274,3215
522.6418,445.3828,2:23:17:969274,3220
522.7894,446.8404,2:23:17:973297,3229
522.9615,448.2687,2:23:17:977063,3213
523.0845,449.5804,2:23:17:981049,3217
523.2321,450.863,2:23:17:985115,3222
523.3304,451.8833,2:23:17:989054,3217
523.5272,452.9327,2:23:17:993078,3228
523.6501,453.8947,2:23:17:997608,3233
523.7731,454.74,2:23:18:000644,3247
523.8715,455.527,2:23:18:004625,3248
524.019,456.2558,2:23:18:008679,3248
524.1174,456.8971,2:23:18:012625,3246
524.1666,457.4801,2:23:18:016700,3229
524.2404,458.0048,2:23:18:021332,3230
524.2896,458.3546,2:23:18:025348,3240
524.3633,458.7336,2:23:18:029348,3246
524.3633,459.0251,2:23:18:033353,3255
524.3879,459.3748,2:23:18:037356,3256
524.3879,459.5789,2:23:18:041602,3258
524.3879,459.8121,2:23:18:044623,3260
524.3879,459.9579,2:23:18:048680,3230
524.3879,460.0744,2:23:18:052724,3234
524.3879,460.2202,2:23:18:056621,3213
524.3879,460.3659,2:23:18:060586,3220
524.3879,460.4825,2:23:18:065231,3235
524.3879,460.5117,2:23:18:068989,3198
524.3879,460.5408,2:23:18:072934,3148
524.3879,460.5992,2:23:18:076803,3055
524.3879,460.5992,2:23:18:080811,2913
524.3879,460.5992,2:23:18:085235,2722
524.3879,460.5992,2:23:18:089235,2419
524.3879,460.5992,2:23:18:092942,1902
524.3879,460.5992,2:23:18:096982,1254
524.3879,459.8704,2:23:18:101221,671
524.3879,459.8704,2:23:18:105237,223
524.3879,458.9667,2:23:18:108304,0
524.3879,458.2963,2:23:18:113258,0
524.3879,457.451,2:23:18:117237,0
524.929,456.4307,2:23:18:121478,0
524.929,455.2064,2:23:18:124496,0
525.6668,453.9529,2:23:18:128498,0
526.2325,452.6412,2:23:18:132545,0
526.8965,451.1837,2:23:18:136516,0
527.7327,449.7262,2:23:18:141103,0
528.6426,448.2979,2:23:18:145159,0
529.6756,447.0444,2:23:18:148899,0
530.8069,445.8201,2:23:18:152916,0
531.9874,444.7415,2:23:18:156916,0
533.2417,443.7796,2:23:18:160907,0
534.5452,442.9634,2:23:18:165237,0
535.8486,442.1764,2:23:18:169170,0
537.1275,441.5934,2:23:18:173561,0
538.4064,441.0686,2:23:18:177787,0
539.6606,440.5731,2:23:18:180864,0
540.8903,440.0775,2:23:18:184859,0
542.0709,439.6111,2:23:18:188854,0
543.2021,439.0865,2:23:18:192818,0
544.2843,438.5909,2:23:18:197081,0
545.3418,438.1537,2:23:18:200968,0
546.3502,437.7455,2:23:18:205149,0
547.3585,437.3083,2:23:18:209130,0
548.3176,436.871,2:23:18:213131,0
549.326,436.5212,2:23:18:217120,0
550.3098,436.2006,2:23:18:221211,0
551.3181,435.9966,2:23:18:225236,0
552.3264,435.7342,2:23:18:229339,0
553.3594,435.5593,2:23:18:233360,0
554.4169,435.3261,2:23:18:237359,0
555.4498,435.122,2:23:18:241360,0
556.4336,434.8889,2:23:18:245359,0
557.3436,434.714,2:23:18:249277,0
558.1797,434.4807,2:23:18:253754,0
558.8683,434.2184,2:23:18:256775,0
559.5078,433.9561,2:23:18:260781,0
559.9505,433.7228,2:23:18:264774,0
560.3194,433.373,2:23:18:268777,0
560.5654,433.0815,2:23:18:273801,0
560.7621,432.7026,2:23:18:277242,0
560.8359,432.2362,2:23:18:281114,0
560.8359,431.7407,2:23:18:285058,586
560.8359,431.2159,2:23:18:288950,578
560.8359,430.6621,2:23:18:292993,609
560.8359,430.0791,2:23:18:297051,662
560.8359,429.4669,2:23:18:301013,712
560.2948,428.7965,2:23:18:305027,784
560.2948,428.126,2:23:18:309024,877
560.2948,427.4847,2:23:18:313025,928
559.6554,426.8726,2:23:18:317025,1027
559.6554,426.2021,2:23:18:321000,1128
559.1389,425.5317,2:23:18:325081,1168
558.7454,424.9778,2:23:18:329079,1284
558.3273,424.424,2:23:18:333075,1370
557.7617,423.8701,2:23:18:337078,1438
557.196,423.3746,2:23:18:341205,1516
556.532,423.054,2:23:18:345223,1547
555.8187,422.7625,2:23:18:349250,1593
555.0317,422.5584,2:23:18:353221,1618
554.1956,422.4418,2:23:18:357470,1648
553.2856,422.4127,2:23:18:360757,1686
552.4494,422.4127,2:23:18:364756,1719
551.564,422.4127,2:23:18:368753,1786
550.6295,422.4127,2:23:18:372751,1863
549.6212,423.462,2:23:18:378417,1922
548.6374,423.462,2:23:18:381423,1987
547.6044,424.5989,2:23:18:385427,2069
546.5715,425.3568,2:23:18:389011,2145
545.514,426.1439,2:23:18:393029,2244
544.3335,427.0475,2:23:18:397028,2335
543.1776,428.0386,2:23:18:401024,2385
542.0463,429.088,2:23:18:405029,2435
540.9395,430.1665,2:23:18:409306,2472
539.9558,431.2743,2:23:18:412323,2467
539.0212,432.4111,2:23:18:417321,2492
538.2342,433.5188,2:23:18:421326,2497
537.5948,434.714,2:23:18:425726,2496
537.1767,435.8508,2:23:18:428743,2516
536.857,436.9002,2:23:18:433741,2517
536.7094,437.8622,2:23:18:436744,2536
536.7094,438.8532,2:23:18:440742,2550
536.7094,439.6986,2:23:18:444444,2561
536.7094,440.6314,2:23:18:448464,2589
537.398,441.535,2:23:18:452465,2580
537.398,442.1472,2:23:18:456447,2581
538.3818,442.7302,2:23:18:461633,2604
539.0458,443.3132,2:23:18:465243,2605
539.8328,443.8087,2:23:18:469243,2627
540.6936,444.042,2:23:18:473239,2628
541.6774,444.1877,2:23:18:477240,2620
542.6611,444.1877,2:23:18:481405,2625
543.6694,444.1877,2:23:18:485271,2630
544.7516,443.4881,2:23:18:488275,2641
545.8583,443.4881,2:23:18:493271,2639
546.8174,442.3221,2:23:18:497273,2629
547.752,441.6808,2:23:18:501332,2620
548.7603,440.9229,2:23:18:504448,2619
549.6212,440.1067,2:23:18:508457,2625
550.5065,439.2614,2:23:18:512466,2633
551.3918,438.4452,2:23:18:516446,2621
552.2035,437.5124,2:23:18:521376,2623
552.9167,436.6378,2:23:18:525432,2632
553.7775,435.6759,2:23:18:529287,2623
554.5399,434.6265,2:23:18:532313,2647
555.2531,433.5188,2:23:18:537282,2651
556.0401,432.3528,2:23:18:541281,2649
556.7533,431.0702,2:23:18:545324,2657
557.442,429.7585,2:23:18:548340,2649
558.106,428.3301,2:23:18:552344,2645
558.8192,426.8726,2:23:18:556400,2633
559.434,425.2985,2:23:18:560341,2618
560.0735,423.7244,2:23:18:564643,2633
560.59,422.0628,2:23:18:568646,2636
561.1064,420.4596,2:23:18:573641,2634
561.4999,418.9438,2:23:18:576662,2642
561.8196,417.5446,2:23:18:581597,2628
562.0901,416.262,2:23:18:584611,2616
562.2623,415.1543,2:23:18:588618,2629
562.3361,414.3381,2:23:18:592681,2667
562.4099,413.726,2:23:18:596614,2696
562.4344,413.3178,2:23:18:600776,2744
562.4344,413.0555,2:23:18:604828,2779
562.4344,412.968,2:23:18:608776,2806
562.4344,412.8806,2:23:18:612785,2809
562.4344,412.8806,2:23:18:617438,2819
562.4344,412.8806,2:23:18:620475,2822
562.4344,412.8806,2:23:18:624529,2824
562.4344,413.6968,2:23:18:628456,2861
562.4344,413.6968,2:23:18:633458,2902
561.918,414.8045,2:23:18:636547,2930
561.918,415.5624,2:23:18:640679,2966
561.918,416.5244,2:23:18:644667,3014
561.3524,417.6029,2:23:18:648705,3050
561.3524,418.798,2:23:18:653670,3108
561.0081,419.9349,2:23:18:657720,3184
561.0081,421.1884,2:23:18:661391,3255
561.0081,422.4418,2:23:18:665388,3334
560.7621,423.7244,2:23:18:668427,3411
560.7621,425.0361,2:23:18:673387,3455
560.7621,426.4062,2:23:18:677114,3495
560.7621,427.7762,2:23:18:680983,3512
560.59,429.1463,2:23:18:684915,3531
560.59,430.5746,2:23:18:688965,3561
560.59,431.8864,2:23:18:692914,3567
560.467,433.3439,2:23:18:697273,3583
560.4178,434.7722,2:23:18:700290,3618
560.344,436.2006,2:23:18:704289,3616
560.2948,437.5706,2:23:18:709293,3642
560.2948,439.0281,2:23:18:713592,3671
560.2948,440.5731,2:23:18:717612,3665
560.2948,442.0306,2:23:18:721611,3696
560.2948,443.6047,2:23:18:724611,3720
560.2948,445.1205,2:23:18:728610,3720
560.2948,446.5489,2:23:18:733081,3768
560.2948,447.9189,2:23:18:736492,3759
560.8113,449.2889,2:23:18:741479,3756
560.8113,450.455,2:23:18:744477,3780
560.8113,451.5043,2:23:18:748559,3768
561.2786,452.5537,2:23:18:753452,3783
561.2786,453.4283,2:23:18:756522,3785
561.2786,454.3027,2:23:18:761471,3765
561.6967,455.0606,2:23:18:765476,3773
561.6967,455.8477,2:23:18:769478,3776
561.6967,456.489,2:23:18:773873,3777
561.9426,457.1011,2:23:18:776892,3786
561.9426,457.655,2:23:18:780910,3772
561.9426,458.1214,2:23:18:784975,3766
561.9426,458.4712,2:23:18:788889,3772
561.9426,458.8502,2:23:18:793011,3761
561.9426,459.1125,2:23:18:797519,3748
561.9426,459.3748,2:23:18:800662,3751
561.9426,459.5497,2:23:18:804537,3733
561.9426,459.6955,2:23:18:808580,3692
561.9426,459.8412,2:23:18:812573,3610
561.9426,459.8704,2:23:18:816627,3450
561.9426,459.9579,2:23:18:821332,3260
561.9426,459.9579,2:23:18:825234,3016
561.9426,459.9579,2:23:18:828427,2730
561.9426,459.9579,2:23:18:832446,2337
561.9426,459.9579,2:23:18:837444,1753
561.9426,459.9579,2:23:18:841443,1108
561.9426,459.2582,2:23:18:845335,543
561.9426,459.2582,2:23:18:849558,0
561.9426,458.4129,2:23:18:853553,0
562.7296,457.7425,2:23:18:856554,0
562.7296,456.9262,2:23:18:860616,0
563.5412,455.8769,2:23:18:865448,0
564.0823,454.6526,2:23:18:869468,0
564.6971,453.3408,2:23:18:873467,0
565.4103,451.8833,2:23:18:877464,0
566.1973,450.2509,2:23:18:881469,0
567.0827,448.531,2:23:18:886453,0
568.0173,446.6946,2:23:18:888451,0
569.0256,444.9748,2:23:18:893456,0
570.0831,443.1966,2:23:18:896486,0
571.1652,441.4185,2:23:18:901451,0
572.2474,439.7569,2:23:18:905501,0
573.2803,438.1245,2:23:18:909524,0
574.2149,436.5504,2:23:18:912517,0
575.0511,435.1512,2:23:18:917518,0
575.8135,433.8686,2:23:18:921517,0
576.4037,432.586,2:23:18:925233,0
576.9202,431.4783,2:23:18:929200,0
577.3137,430.6038,2:23:18:933755,0
577.5596,429.8167,2:23:18:936782,0
577.7809,429.2921,2:23:18:940774,0
577.9285,428.8839,2:23:18:944773,0
578.0761,428.6799,2:23:18:948845,0
578.1745,428.5924,2:23:18:953634,0
578.2728,428.5924,2:23:18:956653,0
578.3712,428.5924,2:23:18:960653,0
578.4696,428.5924,2:23:18:964671,1095
578.5188,428.5924,2:23:18:968807,1110
578.5926,428.5924,2:23:18:972728,1142
578.6171,428.5924,2:23:18:977710,1154
578.7155,428.5924,2:23:18:980736,1164
578.8631,428.5924,2:23:18:984783,1153
579.0353,428.5924,2:23:18:988742,1116
579.2074,428.5924,2:23:18:992729,1130
579.4534,429.4087,2:23:18:997330,1150
579.6747,429.4087,2:23:19:001350,1169
579.9698,430.254,2:23:19:005349,1188
580.2158,430.7787,2:23:19:009351,1201
580.4371,431.42,2:23:19:013352,1235
580.5847,432.0321,2:23:19:017526,1257
580.7076,432.79,2:23:19:021179,1315
580.7814,433.5479,2:23:19:025196,1391
580.8306,434.4516,2:23:19:029196,1456
580.9044,435.2969,2:23:19:033196,1547
580.9044,436.2006,2:23:19:036218,1619
580.9044,437.046,2:23:19:040801,1673
580.9044,437.8622,2:23:19:044795,1729
580.9044,438.6783,2:23:19:048805,1793
580.9044,439.378,2:23:19:053797,1882
580.9044,440.0484,2:23:19:057644,1956
580.9044,440.6606,2:23:19:060660,2039
580.9044,441.1852,2:23:19:065660,2120
580.3633,441.5934,2:23:19:068717,2183
580.3633,442.0306,2:23:19:072662,2261
579.8961,442.4387,2:23:19:076581,2340
579.8961,442.7885,2:23:19:080598,2420
579.3058,442.9926,2:23:19:084678,2493
579.3058,443.1966,2:23:19:088600,2571
578.6171,443.2549,2:23:19:093098,2621
578.1745,443.3132,2:23:19:097122,2664
577.7072,443.3132,2:23:19:101595,2699
577.2399,443.3132,2:23:19:104632,2745
576.7972,443.3132,2:23:19:108710,2790
576.33,442.5262,2:23:19:112617,2841
575.9119,442.5262,2:23:19:116692,2910
575.42,441.8849,2:23:19:121009,2933
575.0019,441.8849,2:23:19:125097,2971
574.5592,441.0686,2:23:19:128806,2991
574.1903,441.0686,2:23:19:132649,2999
573.7968,440.1067,2:23:19:136698,3030
573.5016,440.1067,2:23:19:140645,3077
573.2065,439.1447,2:23:19:145006,3114
572.9606,438.5326,2:23:19:149023,3121
572.7393,437.8622,2:23:19:153029,3137
572.5671,437.3083,2:23:19:157029,3113
572.4687,436.6378,2:23:19:161636,3110
572.4442,435.9674,2:23:19:164697,3124
572.4442,435.3261,2:23:19:168712,3118
572.4442,434.714,2:23:19:172652,3130
572.4442,434.0727,2:23:19:177658,3120
572.4442,433.4897,2:23:19:181009,3128
572.4442,432.9941,2:23:19:185171,3119
573.2803,432.4402,2:23:19:188714,3100
573.2803,432.003,2:23:19:193720,3121
574.1411,431.5949,2:23:19:197716,3113
574.7559,431.2159,2:23:19:200765,3129
575.42,430.8661,2:23:19:204779,3137
576.207,430.4872,2:23:19:209218,3131
577.1169,430.1665,2:23:19:213206,3141
578.1499,429.8167,2:23:19:217207,3137
579.2812,429.4961,2:23:19:221208,3147
580.4617,429.1463,2:23:19:225559,3145
581.8881,428.7382,2:23:19:229575,3148
583.4867,428.4175,2:23:19:232578,3154
585.1345,427.9803,2:23:19:236606,3151
586.8315,427.5722,2:23:19:240683,3150
588.6022,427.0767,2:23:19:244923,3122
590.373,426.5519,2:23:19:248955,3110
592.0699,425.9398,2:23:19:252942,3102
593.8407,425.2693,2:23:19:256942,3094
595.3901,424.6281,2:23:19:261630,3101
596.7427,423.8993,2:23:19:264671,3106
598.0462,423.1122,2:23:19:268649,3110
599.2021,422.2378,2:23:19:272683,3109
600.2104,421.2758,2:23:19:276729,3127
601.1696,420.2847,2:23:19:281388,3105
601.9812,419.3519,2:23:19:284406,3097
602.6699,418.39,2:23:19:288411,3094
603.2601,417.428,2:23:19:293404,3096
603.752,416.4952,2:23:19:297406,3113
604.17,415.679,2:23:19:301110,3115
604.4898,414.9503,2:23:19:305316,3113
604.7357,414.3381,2:23:19:309338,3100
604.8587,413.7551,2:23:19:313338,3096
604.8833,413.2012,2:23:19:317337,3084
604.9079,412.7057,2:23:19:321338,3106
604.9816,412.385,2:23:19:325313,3100
604.9816,412.0644,2:23:19:329181,3133
604.9816,411.7437,2:23:19:333182,3170
604.9816,411.5397,2:23:19:337185,3195
604.9816,411.2482,2:23:19:341181,3245
604.9816,411.1316,2:23:19:345411,3251
604.9816,411.1316,2:23:19:349424,3251
604.4898,411.1316,2:23:19:352425,3242
604.4898,411.1316,2:23:19:357426,3230
604.4898,411.1316,2:23:19:361429,3224
604.4898,411.1316,2:23:19:365581,3227
604.4898,411.1316,2:23:19:368639,3257
604.4898,411.1316,2:23:19:374598,3307
604.1454,412.1227,2:23:19:376598,3351
604.1454,412.1227,2:23:19:381600,3419
603.8995,413.4636,2:23:19:385367,3456
603.8995,414.3964,2:23:19:389383,3511
603.5798,415.3875,2:23:19:392383,3574
603.3831,416.4952,2:23:19:397384,3612
603.1617,417.632,2:23:19:401704,3685
602.9404,418.798,2:23:19:404901,3737
602.7928,419.9349,2:23:19:408723,3812
602.6453,421.0426,2:23:19:412723,3884
602.5469,422.2378,2:23:19:416791,3946
602.3501,423.3746,2:23:19:421348,3986
602.2272,424.5697,2:23:19:424364,3968
602.1042,425.7649,2:23:19:428364,3987
601.9566,426.8726,2:23:19:432364,3998
601.8583,427.9803,2:23:19:436366,4017
601.7107,429.1172,2:23:19:441010,4085
601.5385,430.3123,2:23:19:445277,4104
601.4156,431.4783,2:23:19:449276,4129
601.3664,432.7026,2:23:19:453275,4116
601.2926,433.9269,2:23:19:457277,4101
601.268,435.0929,2:23:19:460543,4113
601.268,436.3755,2:23:19:464587,4082
601.268,437.5124,2:23:19:468624,4104
601.268,438.8824,2:23:19:472580,4121
601.268,440.165,2:23:19:477564,4108
601.268,441.3601,2:23:19:480627,4103
601.268,442.6428,2:23:19:485113,4093
601.8583,443.8087,2:23:19:489167,4091
601.8583,445.0039,2:23:19:493138,4094
601.8583,446.0825,2:23:19:497144,4097
602.301,447.1027,2:23:19:501615,4092
602.301,447.9189,2:23:19:504675,4099
602.301,448.7351,2:23:19:508694,4093
602.6699,449.2889,2:23:19:512634,4054
602.6699,449.7262,2:23:19:516801,3968
602.6699,450.0468,2:23:19:521435,3811
602.6699,450.2217,2:23:19:525456,3612
602.9158,450.3675,2:23:19:529455,3418
602.9158,450.5132,2:23:19:532541,3190
602.9158,450.5132,2:23:19:537456,2891
602.9158,450.5132,2:23:19:541523,2516
602.9158,450.5132,2:23:19:544881,1917
602.9158,450.5132,2:23:19:548984,1214
602.3501,449.6971,2:23:19:552955,625
602.3501,449.6971,2:23:19:557057,0
601.6123,448.531,2:23:19:560946,0
601.0466,447.7148,2:23:19:565703,0
600.4318,446.6654,2:23:19:568729,0
599.6448,445.5869,2:23:19:572786,0
598.7349,444.3626,2:23:19:576806,0
597.7265,443.1092,2:23:19:581735,0
596.6689,441.7682,2:23:19:585211,0
595.636,440.3982,2:23:19:589230,0
594.5047,438.8824,2:23:19:593233,0
593.398,437.3666,2:23:19:597235,0
592.2175,435.9091,2:23:19:601599,0
590.9878,434.4225,2:23:19:605614,0
589.6351,432.9649,2:23:19:609618,0
588.2579,431.5366,2:23:19:613619,0
586.7823,430.254,2:23:19:616662,0
585.0607,429.0005,2:23:19:621664,0
583.2162,427.9803,2:23:19:624743,0
581.1257,427.0183,2:23:19:628771,0
578.8877,426.1147,2:23:19:633680,0
576.6251,425.2985,2:23:19:636689,0
574.2886,424.5697,2:23:19:641844,0
571.7801,423.8993,2:23:19:644875,0
569.1732,423.3163,2:23:19:648862,0
566.6154,422.7625,2:23:19:653508,0
563.9593,422.2378,2:23:19:656570,0
561.2786,421.8005,2:23:19:661624,0
558.5978,421.3924,2:23:19:665643,0
555.8433,421.0426,2:23:19:668670,0
553.0643,420.722,2:23:19:672647,0
550.2852,420.4887,2:23:19:676653,0
547.5306,420.2264,2:23:19:681439,0
544.8253,420.0515,2:23:19:684582,0
542.1938,419.8766,2:23:19:688458,0
539.636,419.6725,2:23:19:692458,0
537.0537,419.5559,2:23:19:696458,0
534.5452,419.4685,2:23:19:701195,0
532.0366,419.3519,2:23:19:705214,0
529.528,419.2353,2:23:19:709239,0
527.0441,419.1479,2:23:19:713245,0
524.5847,419.1187,2:23:19:717216,0
522.0761,419.0604,2:23:19:721585,0
519.6414,419.0604,2:23:19:725116,0
517.2311,419.0604,2:23:19:729127,0
514.9194,419.0604,2:23:19:733120,0
512.7059,419.0604,2:23:19:737162,0
510.64,419.0604,2:23:19:741288,0
508.6479,419.0604,2:23:19:745842,0
506.7788,419.0604,2:23:19:748892,0
505.0327,419.0604,2:23:19:752914,0
503.3849,419.0604,2:23:19:756858,0
501.8109,419.0604,2:23:19:760858,0
500.2861,419.6143,2:23:19:765167,0
498.7613,419.6143,2:23:19:769183,0
497.261,419.6143,2:23:19:773181,0
495.6624,419.6143,2:23:19:777197,0
494.0638,419.9641,2:23:19:781196,0
492.539,419.9641,2:23:19:785466,0
490.965,420.3138,2:23:19:789527,0
489.4156,420.3138,2:23:19:792588,0
487.8908,420.7511,2:23:19:796547,0
486.3906,421.0135,2:23:19:800551,0
484.915,421.2758,2:23:19:804547,0
483.6361,421.4799,2:23:19:809656,0
482.4064,421.6839,2:23:19:812763,0
481.2505,421.8297,2:23:19:816674,0
480.193,421.9463,2:23:19:820727,240
479.2338,421.9754,2:23:19:824676,244
478.3484,421.9754,2:23:19:828510,269
477.5368,422.0045,2:23:19:832501,309
476.8236,422.0045,2:23:19:836500,355
476.2088,422.0045,2:23:19:840492,427
475.6677,422.0045,2:23:19:845686,500
475.225,422.0045,2:23:19:849386,588
474.8807,422.0628,2:23:19:853386,675
474.6594,422.092,2:23:19:857390,728
474.5118,422.1212,2:23:19:861388,761
474.438,422.1212,2:23:19:864412,751
474.438,422.1212,2:23:19:869001,747
474.438,422.1503,2:23:19:872999,768
474.438,422.1503,2:23:19:876991,847
475.1758,422.1503,2:23:19:880992,954
475.1758,422.1503,2:23:19:885481,1100
476.3318,422.1503,2:23:19:889594,1220
477.1679,422.1503,2:23:19:892635,1309
478.2255,422.1503,2:23:19:896631,1416
479.4552,422.1503,2:23:19:900614,1479
480.8324,421.4215,2:23:19:904636,1555
482.2343,421.4215,2:23:19:909011,1597
483.8575,420.8969,2:23:19:913029,1643
485.6528,420.8969,2:23:19:918966,1711
487.5957,420.3138,2:23:19:921965,1792
489.6862,420.3138,2:23:19:924965,1883
491.8996,419.6434,2:23:19:929965,1941
494.3098,419.3228,2:23:19:933399,1984
496.8429,418.9438,2:23:19:936493,2040
499.5974,418.5357,2:23:19:940416,2097
502.3765,418.1276,2:23:19:945417,2144
505.1802,417.6903,2:23:19:949418,2192
508.0577,417.2239,2:23:19:953198,2189
511.0335,416.7575,2:23:19:956700,2204
514.0831,416.3203,2:23:19:960722,2215
517.2803,415.7956,2:23:19:964796,2217
520.5513,415.2709,2:23:19:968723,2251
523.8961,414.8045,2:23:19:973566,2260
527.29,414.2798,2:23:19:977587,2299
530.7086,413.7551,2:23:19:980672,2322
534.0779,413.2304,2:23:19:984658,2351
537.4226,412.764,2:23:19:988586,2382
540.669,412.2393,2:23:19:993217,2380
543.8416,411.7437,2:23:19:997659,2404
547.1125,411.3065,2:23:20:000678,2397
550.3589,410.8693,2:23:20:004748,2399
553.6053,410.3737,2:23:20:008676,2408
556.8271,409.9948,2:23:20:012677,2411
559.9751,409.5284,2:23:20:017228,2415
563.1231,409.1786,2:23:20:020755,2432
566.2219,408.7704,2:23:20:024755,2433
569.1486,408.4207,2:23:20:028737,2428
571.8293,408.1,2:23:20:032651,2427
574.4608,407.721,2:23:20:037234,2421
576.9694,407.4587,2:23:20:041228,2414
579.5025,407.1381,2:23:20:044792,2435
582.0111,406.9048,2:23:20:049792,2456
584.5197,406.6425,2:23:20:052793,2459
587.0282,406.4676,2:23:20:056811,2501
589.5122,406.2927,2:23:20:060602,2499
592.0453,406.0887,2:23:20:065049,2504
594.5047,405.972,2:23:20:069065,2516
596.9887,405.768,2:23:20:073074,2511
599.3251,405.6805,2:23:20:077067,2533
601.5877,405.5348,2:23:20:081066,2548
603.8257,405.4765,2:23:20:085111,2563
605.867,405.3599,2:23:20:088722,2576
607.9083,405.2433,2:23:20:092811,2566
609.9988,405.1559,2:23:20:097700,2555
611.9663,405.0975,2:23:20:100812,2556
613.86,405.0975,2:23:20:105003,2552
615.7045,405.0975,2:23:20:109051,2548
617.4015,405.0975,2:23:20:113020,2553
618.9017,405.0975,2:23:20:117093,2557
620.4511,405.0975,2:23:20:121072,2567
621.6808,405.0975,2:23:20:125174,2614
622.7137,405.0975,2:23:20:128692,2657
623.5253,405.0975,2:23:20:132704,2695
624.1648,404.4271,2:23:20:136688,2776
624.6075,404.4271,2:23:20:141688,2861
624.9026,404.4271,2:23:20:144999,2963
625.0994,404.4271,2:23:20:149284,3035
625.2223,404.4271,2:23:20:153301,3086
625.2223,404.4271,2:23:20:157306,3120
625.2223,404.4271,2:23:20:160396,3128
625.2223,404.4271,2:23:20:165301,3151
625.2223,404.4271,2:23:20:169208,3168
625.2223,403.7858,2:23:20:173774,3187
625.2223,403.7858,2:23:20:177790,3185
625.2223,403.7858,2:23:20:180809,3207
625.2223,403.7858,2:23:20:185791,3197
625.2223,403.3194,2:23:20:188806,3164
625.2223,403.3194,2:23:20:193325,3159
625.2223,403.3194,2:23:20:197822,3139
625.2223,403.3194,2:23:20:201318,3117
625.2223,403.3194,2:23:20:205177,3104
625.2223,403.3194,2:23:20:209194,3041
625.2223,403.3194,2:23:20:213217,2883
625.2223,403.3194,2:23:20:217195,2667
625.2223,403.3194,2:23:20:221193,2283
625.2223,403.3194,2:23:20:225644,1744
625.2223,403.3194,2:23:20:228663,1118
625.2223,403.3194,2:23:20:232681,566
625.2223,403.3194,2:23:20:236665,0
625.2223,403.8441,2:23:20:240809,0
625.2223,403.8441,2:23:20:245164,0
625.7634,403.8441,2:23:20:249179,0
625.7634,403.8441,2:23:20:253177,0
625.7634,403.8441,2:23:20:257243,0
625.7634,403.8441,2:23:20:261218,0
625.7634,403.8441,2:23:20:265199,0
625.7634,403.1736,2:23:20:269200,0
625.7634,403.1736,2:23:20:273656,0
625.7634,403.1736,2:23:20:276741,0
625.7634,402.5323,2:23:20:280676,0
625.7634,402.5323,2:23:20:284794,0
625.7634,402.5323,2:23:20:288772,0
626.3536,402.5323,2:23:20:293326,0
626.3536,402.2117,2:23:20:297708,0
626.3536,402.2117,2:23:20:301240,0
626.8209,402.2117,2:23:20:305240,0
626.8209,401.9202,2:23:20:309240,0
626.8209,401.9202,2:23:20:313238,0
626.8209,401.7162,2:23:20:317648,0
626.0093,401.7162,2:23:20:321184,0
626.0093,401.5121,2:23:20:325175,0
625.1977,401.2789,2:23:20:329181,0
625.1977,401.104,2:23:20:333176,0
624.2878,400.6376,2:23:20:337712,0
623.8696,400.4044,2:23:20:341255,0
623.5007,399.938,2:23:20:345242,0
623.1072,399.5299,2:23:20:349258,0
622.7137,399.1801,2:23:20:353239,0
622.3694,398.772,2:23:20:357293,0
622.0251,398.2765,2:23:20:361319,0
621.8284,397.8101,2:23:20:365314,0
621.8284,397.4019,2:23:20:369313,0
621.8284,396.9064,2:23:20:373602,0
621.8284,396.9064,2:23:20:390887,0
