253.9059,291.3542,3:59:01:602154,0
253.9059,291.3542,3:59:01:605997,0
254.7667,291.3542,3:59:01:610453,0
254.7667,291.3542,3:59:01:613479,0
255.5782,291.3542,3:59:01:617463,0
255.5782,290.6547,3:59:01:622462,0
256.2177,290.6547,3:59:01:625463,0
256.2177,290.6547,3:59:01:630467,0
256.7342,290.6547,3:59:01:634473,0
256.7342,290.6547,3:59:01:638472,0
256.7342,290.6547,3:59:01:642350,0
255.9718,290.6547,3:59:01:645360,0
255.9718,290.6547,3:59:01:650361,0
255.9718,290.6547,3:59:01:654360,0
255.2094,291.4709,3:59:01:657362,0
255.2094,291.4709,3:59:01:661615,0
254.7421,292.4911,3:59:01:665626,0
254.7421,293.1907,3:59:01:669626,0
254.2502,294.0069,3:59:01:673625,0
254.2502,295.0563,3:59:01:678312,0
253.6845,296.368,3:59:01:681322,0
253.3894,297.913,3:59:01:686320,0
252.9959,299.6912,3:59:01:689322,0
252.5286,301.5859,3:59:01:693341,0
251.963,303.3349,3:59:01:698320,0
251.3481,304.9673,3:59:01:701325,0
250.6841,306.5706,3:59:01:706322,305
249.9955,308.1447,3:59:01:710125,310
249.3068,309.7188,3:59:01:714135,323
248.569,311.322,3:59:01:718135,341
247.8312,312.8669,3:59:01:721554,363
247.1918,314.6159,3:59:01:725554,382
246.6261,316.7148,3:59:01:729554,401
246.208,319.2508,3:59:01:734565,434
245.8637,322.2824,3:59:01:738122,471
245.7408,325.6346,3:59:01:742123,522
245.7162,329.1909,3:59:01:745468,584
245.7162,332.893,3:59:01:750371,649
245.7162,336.6534,3:59:01:753371,738
246.8721,340.2971,3:59:01:758375,834
247.6099,343.9117,3:59:01:761393,950
248.5198,347.3806,3:59:01:765447,1072
249.6266,350.5287,3:59:01:769480,1197
250.7825,353.5312,3:59:01:774256,1323
252.1105,356.3296,3:59:01:777266,1442
253.5124,359.3029,3:59:01:782267,1535
254.988,362.3636,3:59:01:785266,1600
256.4882,365.5702,3:59:01:790264,1648
258.0622,368.8058,3:59:01:793266,1670
259.587,372.0998,3:59:01:797847,1690
261.1118,375.3937,3:59:01:801848,1708
262.6859,378.6585,3:59:01:805969,1721
264.0877,381.8358,3:59:01:809845,1733
265.4895,384.8383,3:59:01:813466,1738
266.8914,387.5784,3:59:01:817459,1719
268.2932,390.1144,3:59:01:821458,1646
269.6459,392.5048,3:59:01:825461,1521
270.9739,394.8076,3:59:01:830182,1342
272.302,396.9938,3:59:01:834190,1117
273.5563,399.1218,3:59:01:837885,874
274.8597,401.2498,3:59:01:841887,605
276.114,403.3485,3:59:01:845885,351
277.2945,405.3599,3:59:01:849887,162
278.3521,407.1964,3:59:01:853890,0
279.3112,408.8579,3:59:01:858129,0
280.0982,410.1988,3:59:01:861611,0
280.7622,411.1899,3:59:01:866185,0
281.2049,411.6855,3:59:01:869701,0
281.4755,411.6855,3:59:01:873701,0
281.5984,410.8693,3:59:01:877701,0
281.5984,409.645,3:59:01:881701,0
281.5984,407.9543,3:59:01:885720,0
281.5984,405.6805,3:59:01:890122,0
280.9098,403.0279,3:59:01:894366,0
280.9098,399.938,3:59:01:897881,0
280.295,396.644,3:59:01:901885,0
280.295,393.0586,3:59:01:905882,0
279.7047,389.2108,3:59:01:909885,0
279.7047,385.1006,3:59:01:913882,0
279.1637,380.8156,3:59:01:917882,0
279.1637,376.2099,3:59:01:921492,0
278.721,371.4293,3:59:01:925523,0
278.721,366.5904,3:59:01:929438,0
278.2537,361.6641,3:59:01:933457,0
277.8848,356.796,3:59:01:937440,0
277.5159,351.9279,3:59:01:941438,0
277.0732,347.0891,3:59:01:945438,0
276.4583,342.3376,3:59:01:949438,0
275.6959,337.7028,3:59:01:954454,0
274.8351,333.2719,3:59:01:957469,0
273.9006,328.9286,3:59:01:961497,0
272.8185,324.7602,3:59:01:965470,0
271.8347,320.7666,3:59:01:969449,0
270.6296,317.0354,3:59:01:973449,0
269.4245,313.4791,3:59:01:977447,0
268.2686,310.1269,3:59:01:982422,0
267.1127,307.0661,3:59:01:986432,0
265.9568,304.1511,3:59:01:989432,0
264.8255,301.2944,3:59:01:993431,0
263.7926,298.5543,3:59:01:997430,0
262.7104,295.8142,3:59:02:002134,0
261.7267,293.2198,3:59:02:005443,0
260.743,290.3632,3:59:02:010617,0
259.587,287.1858,3:59:02:013641,0
258.4803,283.7169,3:59:02:017824,924
257.3736,279.8983,3:59:02:021856,925
256.2423,275.7299,3:59:02:026824,928
255.2094,271.3282,3:59:02:029825,947
254.2748,266.8974,3:59:02:033953,958
253.4632,262.4083,3:59:02:037978,964
252.8975,258.2982,3:59:02:041972,970
252.6516,254.5961,3:59:02:045964,959
252.6516,251.4187,3:59:02:049963,940
252.6516,248.7661,3:59:02:053545,908
253.4878,246.5215,3:59:02:057551,866
254.201,244.6559,3:59:02:062551,815
255.1848,242.9361,3:59:02:065551,784
256.2423,241.3037,3:59:02:070130,761
257.3982,239.613,3:59:02:073571,754
258.6771,237.9223,3:59:02:078183,748
259.9559,236.1441,3:59:02:081208,742
261.2594,234.2785,3:59:02:086242,739
262.5875,232.3838,3:59:02:090243,733
263.8663,230.5473,3:59:02:094241,740
265.0222,228.7401,3:59:02:098242,742
266.2274,226.9619,3:59:02:102242,751
267.58,225.2712,3:59:02:106257,757
269.0064,223.7554,3:59:02:110253,758
270.4821,222.4436,3:59:02:113271,759
272.0561,221.2776,3:59:02:118271,757
273.7284,220.4032,3:59:02:121271,759
275.5238,219.7036,3:59:02:125269,758
277.4175,219.2372,3:59:02:129269,760
279.3112,219.0623,3:59:02:134271,765
281.1066,219.0623,3:59:02:137271,765
282.8527,219.0623,3:59:02:141558,764
284.5005,219.8784,3:59:02:146359,760
286.0745,220.578,3:59:02:150116,760
287.4518,221.5108,3:59:02:154093,762
288.706,222.6477,3:59:02:158146,765
289.8373,223.9012,3:59:02:162092,770
290.8211,225.3586,3:59:02:166139,773
291.6819,226.991,3:59:02:170090,768
292.3705,228.7692,3:59:02:174178,766
292.9362,230.664,3:59:02:178188,775
293.3051,232.6753,3:59:02:182471,789
293.5756,234.8324,3:59:02:185473,811
293.6002,237.1061,3:59:02:189475,841
293.6002,239.4673,3:59:02:193473,867
293.6002,241.9742,3:59:02:198183,888
292.6656,244.6851,3:59:02:202193,924
292.0754,247.7458,3:59:02:205489,951
291.4113,251.1272,3:59:02:209490,980
290.6981,254.7419,3:59:02:213523,1010
290.0095,258.5022,3:59:02:217490,1027
289.3701,262.35,3:59:02:222130,1053
288.8536,266.227,3:59:02:226141,1082
288.8536,270.0456,3:59:02:230138,1113
288.2879,273.8059,3:59:02:234162,1153
288.2879,277.304,3:59:02:238141,1203
288.2879,280.627,3:59:02:242151,1268
288.2879,283.9501,3:59:02:245718,1334
289.2471,287.3315,3:59:02:249728,1397
289.9111,290.7712,3:59:02:254109,1451
290.6981,294.2109,3:59:02:258134,1483
291.6081,297.6506,3:59:02:262169,1516
292.6656,301.0904,3:59:02:266175,1536
293.8461,304.4717,3:59:02:270178,1562
295.1004,307.6783,3:59:02:274173,1586
296.5269,310.6516,3:59:02:278208,1602
298.1008,313.3333,3:59:02:282200,1626
299.847,315.7237,3:59:02:286185,1642
301.7161,317.9391,3:59:02:290193,1654
303.782,320.0087,3:59:02:293490,1668
305.9709,321.9034,3:59:02:297371,1681
308.2581,323.6233,3:59:02:301453,1690
310.6928,325.2266,3:59:02:305371,1706
313.1276,326.7132,3:59:02:310131,1719
315.4886,328.025,3:59:02:313478,1727
317.8742,329.1327,3:59:02:318477,1731
320.063,329.9489,3:59:02:321478,1727
322.1781,330.4153,3:59:02:325479,1725
324.1456,330.561,3:59:02:329499,1725
325.9164,330.561,3:59:02:333860,1724
327.6871,330.561,3:59:02:337867,1710
329.3349,329.1618,3:59:02:341868,1701
330.8843,328.025,3:59:02:345869,1687
332.3845,326.6549,3:59:02:349873,1672
333.8602,325.0225,3:59:02:353890,1667
335.2374,323.2444,3:59:02:358181,1650
336.5409,321.3204,3:59:02:361217,1633
337.8198,319.1342,3:59:02:366120,1617
338.951,316.773,3:59:02:370128,1606
339.984,314.1787,3:59:02:374128,1590
340.8448,311.2928,3:59:02:378148,1573
341.6072,308.1447,3:59:02:382138,1561
342.222,304.7632,3:59:02:386136,1563
342.7631,301.3235,3:59:02:390179,1584
343.1566,297.8839,3:59:02:394206,1629
343.4517,294.5899,3:59:02:397487,1696
343.5993,291.5875,3:59:02:401382,1776
343.6485,288.9348,3:59:02:406183,1875
343.6485,286.6902,3:59:02:410191,1981
343.6485,285.0287,3:59:02:414193,2077
343.6485,283.8627,3:59:02:418193,2143
343.6485,282.9882,3:59:02:422465,2181
343.0336,282.5218,3:59:02:425475,2188
343.0336,282.3469,3:59:02:429474,2182
343.0336,282.3469,3:59:02:433476,2176
342.5663,282.3469,3:59:02:437475,2169
342.5663,283.6295,3:59:02:441475,2169
342.5663,284.7372,3:59:02:445534,2182
342.0007,286.1364,3:59:02:449552,2203
342.0007,288.0603,3:59:02:454526,2234
341.6564,290.4506,3:59:02:457535,2274
341.6564,293.249,3:59:02:462247,2313
341.4104,296.368,3:59:02:465771,2363
341.4104,299.7786,3:59:02:469873,2407
341.4104,303.3349,3:59:02:473831,2455
341.4104,306.9786,3:59:02:477836,2494
341.4104,310.7973,3:59:02:481828,2521
342.1729,314.6451,3:59:02:486185,2564
342.1729,318.5512,3:59:02:489193,2598
343.009,322.5739,3:59:02:493571,2633
343.5747,326.5966,3:59:02:497571,2662
344.1895,330.6776,3:59:02:501585,2676
344.9519,334.642,3:59:02:505572,2688
345.6898,338.519,3:59:02:510174,2696
346.5013,342.221,3:59:02:514198,2705
347.3867,345.7481,3:59:02:517844,2719
348.2475,348.8964,3:59:02:521845,2729
349.2067,351.7239,3:59:02:525896,2745
350.0674,354.2891,3:59:02:529845,2758
350.9528,356.7377,3:59:02:534098,2763
351.789,359.0697,3:59:02:538109,2750
352.576,361.4017,3:59:02:542130,2691
353.3138,363.7046,3:59:02:546108,2576
354.027,365.92,3:59:02:550108,2392
354.6665,368.1353,3:59:02:554107,2121
355.183,370.2633,3:59:02:558106,1749
355.6256,372.1872,3:59:02:562126,1294
355.9945,373.9362,3:59:02:566195,793
356.2651,375.452,3:59:02:570206,391
356.388,376.5597,3:59:02:574175,127
356.388,377.3176,3:59:02:578184,0
356.388,377.5508,3:59:02:582185,0
355.724,377.5508,3:59:02:585185,0
355.724,376.0641,3:59:02:590185,0
354.6419,374.3152,3:59:02:593522,0
353.9041,371.9248,3:59:02:598236,0
353.1417,368.8641,3:59:02:601496,0
352.2809,365.1912,3:59:02:605554,0
351.4693,360.877,3:59:02:609498,0
350.6577,356.1838,3:59:02:613495,0
349.8953,351.0534,3:59:02:618496,0
349.1575,345.5732,3:59:02:621498,0
348.4688,339.6849,3:59:02:625495,0
347.7802,333.5343,3:59:02:631496,0
347.19,327.2379,3:59:02:633496,0
346.5997,320.7957,3:59:02:637497,0
346.0095,314.237,3:59:02:641496,0
345.5176,307.3576,3:59:02:645726,0
345.0503,300.449,3:59:02:649507,0
344.9273,293.5114,3:59:02:654205,0
334.9177,234.6866,3:59:02:695455,0
334.9177,234.6866,3:59:02:699455,0
333.9585,234.6866,3:59:02:703550,0
333.3683,233.8705,3:59:02:707455,0
332.7043,233.8705,3:59:02:712176,0
331.991,233.1709,3:59:02:716186,0
331.2286,233.1709,3:59:02:720177,0
330.417,232.617,3:59:02:723510,0
329.5562,232.617,3:59:02:728132,0
329.1136,232.617,3:59:02:731539,0
328.5233,231.83,3:59:02:735737,0
327.9576,230.7222,3:59:02:739747,0
327.3674,229.0316,3:59:02:743747,1244
326.8264,227.1077,3:59:02:747748,1280
326.3099,224.9214,3:59:02:752190,1332
325.8426,222.5894,3:59:02:756207,1392
325.4245,220.0533,3:59:02:760254,1448
325.0802,217.6631,3:59:02:763264,1468
324.9326,215.914,3:59:02:768264,1476
324.9326,214.9229,3:59:02:771266,1477
324.9326,214.6315,3:59:02:776263,1487
324.9326,214.6315,3:59:02:780264,1507
325.7688,214.6315,3:59:02:784266,1520
325.7688,216.0598,3:59:02:787262,1540
326.7034,217.1675,3:59:02:791621,1554
327.269,218.4792,3:59:02:795631,1562
327.9331,219.8784,3:59:02:799728,1570
328.4987,221.3942,3:59:02:803740,1570
329.089,222.9392,3:59:02:808139,1574
329.5808,224.5133,3:59:02:811677,1584
330.0235,226.1457,3:59:02:816192,1594
330.5154,227.7198,3:59:02:820202,1551
331.0565,229.323,3:59:02:824202,1448
331.5729,230.9554,3:59:02:828202,1267
332.114,232.617,3:59:02:832202,1017
332.6059,234.2785,3:59:02:836202,728
333.1223,235.9693,3:59:02:839329,436
333.6634,237.7182,3:59:02:843342,212
334.2291,239.4673,3:59:02:847368,0
334.7947,241.0997,3:59:02:851339,0
335.4096,242.6446,3:59:02:856180,0
336.0736,244.0438,3:59:02:859517,0
336.836,245.239,3:59:02:863462,0
337.7214,246.2009,3:59:02:867462,0
338.7297,246.9879,3:59:02:871563,0
339.8364,247.6001,3:59:02:875462,0
341.0415,248.0082,3:59:02:880126,0
342.3204,248.358,3:59:02:883477,0
343.6977,248.5329,3:59:02:888176,0
345.1241,248.7078,3:59:02:891184,0
346.5997,248.9702,3:59:02:896124,0
348.1245,249.4366,3:59:02:900135,0
349.8215,249.9321,3:59:02:904134,0
351.7152,250.6317,3:59:02:908144,0
353.7565,251.3604,3:59:02:912132,0
356.0437,252.2058,3:59:02:916132,0
358.3555,253.1969,3:59:02:920176,0
360.7903,254.3046,3:59:02:923186,0
363.3235,255.558,3:59:02:928284,0
365.9058,256.7532,3:59:02:931290,0
368.4636,258.0067,3:59:02:935432,0
370.8983,259.231,3:59:02:939347,0
373.4069,260.5427,3:59:02:944344,0
375.7433,261.7961,3:59:02:948344,0
378.1535,263.1662,3:59:02:952184,0
380.5883,264.5363,3:59:02:955194,0
383.0231,265.9063,3:59:02:960241,0
385.3349,267.3055,3:59:02:963245,0
387.7451,268.7047,3:59:02:968151,0
390.0569,270.1039,3:59:02:972057,0
392.2703,271.5614,3:59:02:976060,0
394.3854,273.1064,3:59:02:980082,0
396.3037,274.7387,3:59:02:984129,0
397.9515,276.4586,3:59:02:988069,0
399.4025,278.2659,3:59:02:991730,0
400.6814,280.1606,3:59:02:995743,0
401.6405,282.172,3:59:02:999784,0
402.5259,283.9501,3:59:03:003743,0
403.2391,285.4659,3:59:03:008188,0
403.8294,286.836,3:59:03:011793,902
404.4934,288.1477,3:59:03:015794,908
405.1082,289.3429,3:59:03:019797,912
405.7969,290.6255,3:59:03:023881,922
406.5347,292.1122,3:59:03:027798,931
407.4201,293.8029,3:59:03:031390,943
408.3055,296.1931,3:59:03:035359,961
409.1416,299.0207,3:59:03:039385,976
409.9778,302.2272,3:59:03:043357,995
410.814,305.6086,3:59:03:048133,1013
411.5518,309.2523,3:59:03:052366,1026
412.265,312.8087,3:59:03:055735,1038
412.8307,316.2484,3:59:03:059740,1060
413.3226,319.5132,3:59:03:063748,1078
413.6915,322.6613,3:59:03:067741,1099
414.0112,325.7221,3:59:03:072188,1125
414.2079,328.6954,3:59:03:075701,1153
414.2817,331.4938,3:59:03:079702,1182
414.2817,334.2339,3:59:03:083703,1219
414.2817,336.7408,3:59:03:088028,1251
414.2817,339.1311,3:59:03:092054,1269
413.3226,341.259,3:59:03:096037,1286
412.7323,343.1246,3:59:03:100043,1293
411.9699,344.6988,3:59:03:104038,1297
411.0353,346.0396,3:59:03:108037,1310
409.9532,347.1473,3:59:03:112060,1320
408.7727,348.0801,3:59:03:116062,1333
407.3463,348.7798,3:59:03:120188,1343
405.8461,349.3044,3:59:03:124198,1346
404.2721,349.6251,3:59:03:128138,1353
402.6981,349.7126,3:59:03:131809,1359
401.0749,349.7126,3:59:03:136191,1366
399.5255,349.7126,3:59:03:139720,1372
398.0498,348.634,3:59:03:143723,1375
396.7464,347.7886,3:59:03:147730,1372
395.5905,346.7101,3:59:03:151719,1373
394.5821,345.3401,3:59:03:155721,1366
393.6967,343.6494,3:59:03:160124,1360
392.9589,341.5214,3:59:03:164141,1349
392.4671,339.0728,3:59:03:167706,1345
392.0736,336.3036,3:59:03:171628,1345
391.9506,333.2719,3:59:03:175627,1338
391.9506,329.978,3:59:03:180626,1332
391.9506,326.5674,3:59:03:184468,1316
391.9506,323.0986,3:59:03:188478,1289
393.2295,319.6006,3:59:03:191477,1272
394.1394,316.3066,3:59:03:195478,1261
395.1724,313.2167,3:59:03:199526,1260
396.4513,310.3309,3:59:03:203477,1276
397.8285,307.7657,3:59:03:208192,1303
399.3287,305.5503,3:59:03:212230,1339
401.0503,303.6555,3:59:03:216125,1371
402.7964,302.1689,3:59:03:219502,1397
404.641,301.1487,3:59:03:224676,1415
406.6085,300.5365,3:59:03:227686,1436
408.6989,300.449,3:59:03:231771,1446
410.814,300.449,3:59:03:235687,1469
413.0028,301.3527,3:59:03:239686,1497
415.2655,302.4021,3:59:03:243687,1538
417.4543,303.7722,3:59:03:247686,1611
419.594,305.4629,3:59:03:251686,1690
421.6844,307.445,3:59:03:256178,1782
423.6519,309.6605,3:59:03:260189,1881
425.5703,312.109,3:59:03:263465,1986
427.4148,314.7909,3:59:03:267462,2089
429.1609,317.735,3:59:03:271466,2198
430.7104,321.1455,3:59:03:275477,2288
432.2106,324.9059,3:59:03:279691,2352
433.5878,328.9286,3:59:03:283700,2407
434.7683,333.1262,3:59:03:287456,2432
435.7766,337.3821,3:59:03:292464,2452
436.5637,341.638,3:59:03:295784,2466
437.1293,345.7773,3:59:03:299819,2476
437.4244,349.8292,3:59:03:303794,2483
437.572,353.4729,3:59:03:307797,2498
437.572,356.796,3:59:03:312176,2513
437.572,359.8276,3:59:03:316187,2528
436.785,362.7134,3:59:03:320163,2546
436.1456,365.4827,3:59:03:324165,2551
435.4077,368.0771,3:59:03:328165,2548
434.4978,370.4673,3:59:03:331163,2524
433.4648,372.7411,3:59:03:336088,2462
432.3089,374.7232,3:59:03:340099,2337
431.0055,376.5888,3:59:03:344162,2121
429.6774,378.1046,3:59:03:348167,1789
428.3739,379.3289,3:59:03:352162,1336
427.0705,380.2617,3:59:03:356157,822
425.7916,380.8156,3:59:03:360252,406
424.6603,380.9613,3:59:03:363262,0
423.6273,380.9613,3:59:03:367571,0
422.8158,379.6205,3:59:03:371572,0
422.2255,377.8715,3:59:03:375571,0
421.8566,375.5103,3:59:03:379571,0
421.6844,372.4787,3:59:03:384177,0
421.6844,368.7475,3:59:03:387518,0
421.6844,364.4916,3:59:03:391521,0
422.7666,359.711,3:59:03:395518,0
423.6028,354.5223,3:59:03:399620,0
424.7587,349.0421,3:59:03:403518,0
426.1851,343.4453,3:59:03:408124,0
427.7591,337.6736,3:59:03:411837,0
429.5052,331.9311,3:59:03:416178,0
431.4482,326.3634,3:59:03:420189,0
433.5632,320.9124,3:59:03:424189,0
435.8012,315.7528,3:59:03:427188,0
438.1623,310.9431,3:59:03:432382,0
440.4987,306.658,3:59:03:435392,0
442.8596,302.781,3:59:03:440170,0
445.2698,299.5746,3:59:03:444171,0
447.5817,296.8344,3:59:03:448173,0
449.7705,294.619,3:59:03:452187,0
451.861,292.8701,3:59:03:456182,0
453.8039,291.6166,3:59:03:460192,0
455.5255,290.6255,3:59:03:464184,0
457.0503,289.4304,3:59:03:467192,0
458.5505,288.2061,3:59:03:472194,0
459.9277,286.8943,3:59:03:475192,2232
461.2312,285.5826,3:59:03:480195,2259
462.4117,284.3291,3:59:03:484195,2287
463.543,283.1923,3:59:03:488338,2313
464.6497,282.2303,3:59:03:491348,2340
465.8302,281.589,3:59:03:495436,2341
467.0107,281.589,3:59:03:500371,2337
468.1174,283.0465,3:59:03:504349,2353
469.175,285.1453,3:59:03:507348,2376
470.1587,288.1477,3:59:03:512260,2398
471.1179,291.8498,3:59:03:515271,2425
471.8803,296.1931,3:59:03:520130,2440
472.4705,300.8863,3:59:03:524140,2449
472.8148,305.9293,3:59:03:528140,2457
472.8148,311.2054,3:59:03:532148,2480
472.8148,316.8314,3:59:03:536180,2510
472.1754,322.4282,3:59:03:540196,2539
471.5114,327.7917,3:59:03:544232,2574
470.7736,332.893,3:59:03:548229,2598
469.9866,337.7902,3:59:03:552229,2617
469.2979,342.425,3:59:03:556229,2639
468.6339,346.7975,3:59:03:560452,2658
468.1174,350.8494,3:59:03:563462,2680
467.6747,354.4057,3:59:03:567568,2693
467.3058,357.5539,3:59:03:571565,2708
467.3058,360.5272,3:59:03:575565,2724
466.8632,363.3839,3:59:03:579563,2734
466.8632,366.0366,3:59:03:584564,2739
466.5188,368.6017,3:59:03:588581,2719
466.5188,370.9629,3:59:03:591562,2660
466.1991,373.1783,3:59:03:595564,2554
466.027,375.1896,3:59:03:599943,2390
465.7564,377.0261,3:59:03:603954,2177
465.5105,378.5419,3:59:03:608187,1920
465.1662,379.7662,3:59:03:612224,1625
464.7973,380.699,3:59:03:616174,1297
464.33,381.3403,3:59:03:620188,940
463.7643,381.6318,3:59:03:624184,569
463.0757,381.6318,3:59:03:629189,283
462.2395,381.6318,3:59:03:632208,0
461.2558,380.1451,3:59:03:635184,0
460.1982,378.6877,3:59:03:640177,0
459.0178,376.7637,3:59:03:644536,0
457.6405,374.4901,3:59:03:647632,0
456.1157,371.7791,3:59:03:651533,0
454.4925,368.6892,3:59:03:655533,0
452.7709,365.4536,3:59:03:659531,0
451.0002,361.9264,3:59:03:664124,0
449.2048,358.2243,3:59:03:667560,0
447.3111,354.2891,3:59:03:672272,0
445.3436,350.1498,3:59:03:676278,0
443.4007,345.6898,3:59:03:679281,0
441.3594,341.055,3:59:03:683280,0
439.3181,336.2452,3:59:03:687388,0
437.1539,331.3481,3:59:03:691398,0
434.9159,326.3634,3:59:03:695663,0
432.6533,320.9415,3:59:03:699671,0
430.5382,315.0532,3:59:03:703773,0
428.5707,309.0483,3:59:03:707672,703
426.7016,303.1309,3:59:03:712177,742
424.9308,297.2134,3:59:03:715190,813
423.4306,291.1502,3:59:03:719527,901
422.1517,284.8246,3:59:03:723563,1014
421.2172,278.1784,3:59:03:727582,1120
420.4055,271.8238,3:59:03:731583,1196
419.7907,266.0521,3:59:03:735582,1266
419.3726,260.5718,3:59:03:739586,1309
419.2497,255.2957,3:59:03:744186,1333
419.2497,250.2236,3:59:03:748195,1353
419.2497,245.3555,3:59:03:752177,1368
420.381,240.8373,3:59:03:756190,1399
421.1188,236.7854,3:59:03:759850,1420
422.0287,232.9959,3:59:03:763850,1446
423.0617,229.3813,3:59:03:767852,1498
424.193,226.0582,3:59:03:771850,1548
425.3981,223.0266,3:59:03:776178,1606
426.6524,220.4032,3:59:03:780189,1670
427.9804,218.1295,3:59:03:783248,1700
429.4069,216.3513,3:59:03:788189,1727
431.0055,215.0687,3:59:03:792369,1740
432.7762,214.2525,3:59:03:796380,1745
434.6208,213.8736,3:59:03:799378,1751
436.5391,213.8736,3:59:03:804396,1751
438.4574,213.8736,3:59:03:808381,1762
440.4741,215.3893,3:59:03:811379,1784
442.4416,216.9635,3:59:03:816179,1803
444.2861,219.1497,3:59:03:819190,1828
446.0323,221.8315,3:59:03:824178,1850
447.6063,225.038,3:59:03:828189,1864
449.0573,228.6817,3:59:03:831767,1890
450.2624,232.7628,3:59:03:835764,1904
451.2461,237.3393,3:59:03:839797,1943
451.9839,242.6738,3:59:03:843765,1985
452.525,248.3871,3:59:03:848172,2006
452.8939,254.3046,3:59:03:852184,1990
453.1153,260.2803,3:59:03:856173,1894
453.2628,266.3144,3:59:03:860184,1697
453.4596,272.261,3:59:03:864184,1447
453.6563,278.3825,3:59:03:868200,1161
454.0006,284.3,3:59:03:872183,846
454.3449,289.5178,3:59:03:875187,564
454.6892,294.1818,3:59:03:880184,309
455.1073,298.3503,3:59:03:884185,135
455.4517,302.1106,3:59:03:887455,0
455.7468,305.3463,3:59:03:891465,0
455.8698,308.2613,3:59:03:895385,0
455.8698,310.4183,3:59:03:899654,0
455.8698,312.0508,3:59:03:903776,0
454.8614,313.2167,3:59:03:907654,0
454.0498,313.9455,3:59:03:911696,0
452.8447,314.3245,3:59:03:915654,0
451.3937,314.3828,3:59:03:920174,0
449.6229,314.3828,3:59:03:924187,0
447.4587,313.5374,3:59:03:928209,0
445.0239,312.692,3:59:03:931213,0
442.3186,311.5844,3:59:03:935635,0
439.2444,310.2434,3:59:03:939651,0
435.9242,308.6985,3:59:03:943635,0
432.2843,306.8912,3:59:03:947630,0
428.3739,304.8799,3:59:03:952181,0
424.2422,302.6936,3:59:03:956207,0
419.9137,300.3616,3:59:03:960285,0
415.3884,297.8839,3:59:03:963295,0
410.5189,295.2603,3:59:03:967395,0
405.4771,292.666,3:59:03:971295,0
400.2633,290.0425,3:59:03:976540,0
394.9265,287.4773,3:59:03:979550,0
389.3437,285.087,3:59:03:983551,0
383.4904,282.9008,3:59:03:987566,0
377.2681,280.8894,3:59:03:991549,0
370.8492,279.2278,3:59:03:995553,0
364.3564,277.887,3:59:04:000592,0
357.4702,276.8084,3:59:04:003879,0
350.2888,275.9922,3:59:04:007439,0
342.8861,275.555,3:59:04:011449,0
335.385,275.3509,3:59:04:016450,0
327.6871,275.3509,3:59:04:019448,0
319.8909,275.3509,3:59:04:024179,0
312.0947,276.0797,3:59:04:028207,0
304.2247,276.0797,3:59:04:032128,0
296.4777,277.5663,3:59:04:035462,0
288.9766,278.4699,3:59:04:040128,0
281.7706,279.5193,3:59:04:043521,0
274.7614,280.6562,3:59:04:048178,0
268.1703,281.6181,3:59:04:052189,0
261.8988,282.2303,3:59:04:056186,0
255.9718,282.2303,3:59:04:060189,0
250.7087,282.2303,3:59:04:064476,658
246.1834,282.2303,3:59:04:067486,658
242.2238,282.2303,3:59:04:071806,655
238.8545,281.0352,3:59:04:075806,655
236.1246,280.3355,3:59:04:079803,655
234.0587,279.6942,3:59:04:083803,652
232.8536,279.6942,3:59:04:087803,652
232.3126,279.6942,3:59:04:091803,656
232.288,279.6942,3:59:04:095804,662
232.288,279.6942,3:59:04:099804,674
234.0095,279.6942,3:59:04:103884,687
236.0016,279.6942,3:59:04:107890,695
238.7561,280.3355,3:59:04:112128,702
242.1747,280.3355,3:59:04:115871,711
246.3064,280.3355,3:59:04:119874,725
250.9054,280.3355,3:59:04:123916,744
256.3653,279.4902,3:59:04:127943,769
262.6859,279.4902,3:59:04:131940,806
269.5229,278.1784,3:59:04:135943,841
276.7043,277.3622,3:59:04:139939,884
284.4759,276.4878,3:59:04:144075,927
292.764,275.555,3:59:04:148085,977
301.3718,274.5638,3:59:04:151645,1039
310.7174,273.5728,3:59:04:155654,1102
320.309,272.5525,3:59:04:159768,1182
329.9006,271.5323,3:59:04:163652,1269
339.8364,270.5703,3:59:04:167652,1380
350.1412,269.6375,3:59:04:171652,1522
360.2492,268.7921,3:59:04:176175,1668
370.4311,268.0342,3:59:04:180184,1813
380.8342,267.4221,3:59:04:183232,1940
390.9177,266.9265,3:59:04:188242,2043
400.7552,266.6059,3:59:04:191311,2129
410.6418,266.4601,3:59:04:196243,2204
420.135,266.4601,3:59:04:200241,2269
429.0134,266.4601,3:59:04:204240,2323
437.5228,266.4601,3:59:04:208241,2375
445.565,266.4601,3:59:04:212242,2426
452.9923,267.5387,3:59:04:216248,2476
459.9769,267.5387,3:59:04:219254,2536
466.3221,268.3257,3:59:04:224177,2606
471.7573,268.3257,3:59:04:227701,2682
476.4793,269.1128,3:59:04:232175,2758
480.6602,269.1128,3:59:04:235696,2832
484.2263,269.7541,3:59:04:239745,2899
487.1284,269.7541,3:59:04:243747,2960
489.3419,270.1622,3:59:04:247744,3027
490.965,270.1622,3:59:04:251745,3094
492.1701,270.4537,3:59:04:256121,3169
493.1047,270.4537,3:59:04:259758,3255
493.6949,270.4537,3:59:04:264120,3347
494.0638,270.4537,3:59:04:268131,3441
494.2114,270.4537,3:59:04:272128,3524
494.2606,270.6286,3:59:04:276136,3589
494.2606,270.6286,3:59:04:280131,3634
494.2606,270.6286,3:59:04:284142,3658
494.2606,270.6286,3:59:04:288139,3664
494.2606,270.6286,3:59:04:292141,3666
493.6949,270.6286,3:59:04:296354,3661
493.6949,270.6286,3:59:04:300367,3658
493.1785,270.6286,3:59:04:303367,3657
493.1785,269.8707,3:59:04:308367,3643
492.5144,269.8707,3:59:04:311362,3614
492.0963,269.3752,3:59:04:315366,3553
491.6537,269.3752,3:59:04:320172,3438
491.2602,268.8504,3:59:04:324180,3252
490.8421,268.8504,3:59:04:328209,2987
490.3748,268.4132,3:59:04:332181,2639
489.8829,268.4132,3:59:04:336182,2203
489.3173,268.4132,3:59:04:340183,1705
488.7762,268.4132,3:59:04:344203,1170
488.1859,268.4132,3:59:04:347210,666
487.5465,268.4132,3:59:04:352254,303
486.7841,269.0836,3:59:04:356264,0
486.0709,269.0836,3:59:04:360264,0
485.4068,269.8124,3:59:04:363264,0
484.8166,269.8124,3:59:04:368445,0
484.3001,269.8124,3:59:04:371457,0
483.7837,270.308,3:59:04:375454,0
483.341,270.308,3:59:04:379458,0
482.9721,270.308,3:59:04:383457,0
482.7015,270.308,3:59:04:387455,0
482.3572,269.2877,3:59:04:392128,0
481.9145,269.2877,3:59:04:396154,0
481.4472,268.5006,3:59:04:400130,0
480.7586,268.5006,3:59:04:403531,0
479.947,267.6262,3:59:04:408181,0
478.9879,267.6262,3:59:04:411190,0
477.7828,266.8099,3:59:04:416191,0
476.4793,266.4019,3:59:04:419192,0
