203.3903,207.6646,5:44:51:382511,0
203.3903,207.6646,5:44:51:385504,0
203.3903,207.6646,5:44:51:389433,0
203.3903,208.4516,5:44:51:393433,0
203.3903,208.4516,5:44:51:397436,0
202.8001,209.7343,5:44:51:401454,0
202.8001,210.6962,5:44:51:405470,0
201.9885,211.8331,5:44:51:409471,0
201.5212,213.0573,5:44:51:413477,0
200.9555,214.3983,5:44:51:417353,0
200.9555,215.71,5:44:51:421462,0
200.0702,216.9052,5:44:51:425412,0
200.0702,218.3335,5:44:51:429420,0
199.2586,219.5578,5:44:51:433424,0
199.2586,220.7238,5:44:51:437420,0
198.9142,221.8315,5:44:51:441421,0
198.9142,223.0266,5:44:51:445420,0
198.9142,224.1052,5:44:51:449370,0
198.9142,225.2421,5:44:51:453371,0
198.9142,226.3497,5:44:51:457371,0
199.5291,227.3117,5:44:51:461372,0
200.1193,228.2737,5:44:51:465337,0
200.7588,229.2065,5:44:51:469464,0
201.4966,230.0518,5:44:51:473475,0
202.3082,230.868,5:44:51:477475,0
203.0706,231.655,5:44:51:481472,0
203.9806,232.3546,5:44:51:485475,0
204.8659,233.0251,5:44:51:489562,0
205.8005,233.6373,5:44:51:492572,0
206.6367,234.2494,5:44:51:497570,0
207.4483,234.7741,5:44:51:500572,0
208.2353,235.2697,5:44:51:504575,0
208.8993,235.7652,5:44:51:509589,0
209.4896,236.1733,5:44:51:513572,0
209.9814,236.5814,5:44:51:517844,0
210.3257,236.9895,5:44:51:520856,0
210.4487,237.3976,5:44:51:525033,0
210.4487,237.7474,5:44:51:529046,0
210.4487,238.0972,5:44:51:533034,0
210.4487,238.4762,5:44:51:537030,0
209.6371,238.7968,5:44:51:541400,0
209.6371,239.1174,5:44:51:545446,0
208.555,239.4673,5:44:51:549457,0
208.0139,239.8462,5:44:51:553456,0
207.3991,240.1669,5:44:51:557455,0
206.6613,240.4583,5:44:51:560460,0
205.9235,240.7207,5:44:51:565458,0
205.0873,241.0122,5:44:51:569467,0
204.3003,241.2746,5:44:51:573468,0
203.4641,241.5078,5:44:51:577493,0
202.5787,241.6826,5:44:51:581371,0
201.6441,241.8284,5:44:51:585384,0
200.6358,241.945,5:44:51:589381,0
199.6767,242.0616,5:44:51:593381,0
198.7175,242.1199,5:44:51:597544,0
197.7337,242.1782,5:44:51:600554,0
196.75,242.2074,5:44:51:604554,0
195.7908,242.2074,5:44:51:609365,0
194.8563,242.2074,5:44:51:613425,0
193.9955,242.2074,5:44:51:617385,0
193.1347,242.2074,5:44:51:621375,0
192.3231,242.2074,5:44:51:625433,0
191.6345,242.2074,5:44:51:629682,0
190.9951,241.5661,5:44:51:632694,0
190.4048,241.5661,5:44:51:636692,0
189.8638,241.5661,5:44:51:640692,0
189.3719,241.0997,5:44:51:644708,0
188.8554,241.0997,5:44:51:649586,0
188.3389,241.0997,5:44:51:653314,0
187.7733,240.7207,5:44:51:657326,0
187.2076,240.7207,5:44:51:661353,0
186.5928,240.7207,5:44:51:665353,0
185.8796,240.7207,5:44:51:669352,0
185.068,240.7207,5:44:51:673365,0
184.1826,240.7207,5:44:51:677373,0
183.2234,240.7207,5:44:51:681373,0
182.1905,240.7207,5:44:51:685373,0
181.0592,240.7207,5:44:51:689699,0
179.8787,240.7207,5:44:51:692728,0
178.7474,240.7207,5:44:51:696709,0
177.6161,240.7207,5:44:51:700709,0
176.5093,240.7207,5:44:51:704736,0
175.378,241.3911,5:44:51:708712,0
174.2467,241.3911,5:44:51:712709,0
173.1154,241.3911,5:44:51:717366,0
172.0825,241.8575,5:44:51:721370,0
171.0249,241.8575,5:44:51:725381,0
169.9674,241.8575,5:44:51:729379,0
168.9345,242.2657,5:44:51:733381,0
167.9507,242.2657,5:44:51:737668,0
167.0408,242.6154,5:44:51:741678,0
166.18,242.7903,5:44:51:744678,0
165.4176,243.0235,5:44:51:748866,0
164.6552,243.2276,5:44:51:752846,0
163.9419,243.5482,5:44:51:756846,0
163.2287,243.7814,5:44:51:760873,0
162.5401,244.1313,5:44:51:764876,0
161.8269,244.4227,5:44:51:768846,0
161.0399,244.6851,5:44:51:773848,0
160.2283,244.9474,5:44:51:777461,0
159.3429,245.1515,5:44:51:780490,0
158.4083,245.3847,5:44:51:785344,0
157.4492,245.5304,5:44:51:788766,0
156.4408,245.6762,5:44:51:793557,0
155.4571,245.7636,5:44:51:796580,1561
154.4733,245.7928,5:44:51:800571,1577
153.5634,245.8219,5:44:51:804572,1630
152.7272,245.8219,5:44:51:809324,1743
152.0386,245.8219,5:44:51:813335,1910
151.4729,245.8219,5:44:51:817335,2085
151.0302,245.8219,5:44:51:821332,2227
150.7843,245.8219,5:44:51:825358,2309
150.6121,245.8219,5:44:51:829332,2340
150.6121,245.8219,5:44:51:833302,2380
150.6121,245.8219,5:44:51:837355,2448
150.6121,245.8219,5:44:51:841326,2532
151.891,245.8219,5:44:51:845360,2630
152.9485,245.8219,5:44:51:849360,2704
154.4242,245.8219,5:44:51:853333,2752
156.2687,245.8219,5:44:51:857393,2790
158.5805,245.8219,5:44:51:861015,2817
161.3104,245.8219,5:44:51:864999,2837
164.4338,245.1223,5:44:51:869000,2855
167.9507,245.1223,5:44:51:873003,2871
171.7873,244.3645,5:44:51:877059,2878
175.8453,244.3645,5:44:51:881069,2892
180.0508,243.315,5:44:51:885101,2905
184.4039,242.6738,5:44:51:889069,2923
188.8308,242.0325,5:44:51:893461,2949
193.3561,241.3037,5:44:51:896470,2967
198.0289,240.575,5:44:51:901249,2985
202.6033,239.8462,5:44:51:905196,2998
207.104,239.0883,5:44:51:909196,3008
211.5063,238.3595,5:44:51:913196,3013
215.761,237.6599,5:44:51:916748,3021
219.8189,237.0186,5:44:51:920803,3021
223.6064,236.4357,5:44:51:925779,3018
227.0987,235.9401,5:44:51:929777,3020
230.1483,235.5029,5:44:51:933325,3016
232.8536,235.1239,5:44:51:937357,3016
235.2146,234.8615,5:44:51:941324,3014
237.2067,234.6575,5:44:51:945358,3012
238.9037,234.4534,5:44:51:949432,3011
240.2072,234.366,5:44:51:953406,3021
241.1909,234.2494,5:44:51:957403,3070
241.9041,234.1619,5:44:51:961406,3141
242.4452,234.0453,5:44:51:965460,3216
242.6911,233.9579,5:44:51:969470,3287
242.7157,233.8121,5:44:51:973083,3338
242.7157,233.6081,5:44:51:977107,3377
242.7157,233.4041,5:44:51:981416,3423
241.9779,233.1417,5:44:51:985417,3481
241.9779,232.9085,5:44:51:989424,3537
240.8958,232.6753,5:44:51:993417,3586
240.2072,232.5296,5:44:51:997455,3627
239.4939,232.4713,5:44:52:000509,3660
238.6823,232.4713,5:44:52:005068,3688
237.7478,232.4713,5:44:52:009020,3711
236.7148,232.4713,5:44:52:013019,3737
235.6573,233.5789,5:44:52:017019,3756
234.5752,234.2785,5:44:52:021520,3768
233.4439,235.1822,5:44:52:025531,3782
232.2634,236.2899,5:44:52:029239,3796
231.0091,237.5434,5:44:52:033250,3808
229.7548,239.03,5:44:52:037249,3820
228.5005,240.6915,5:44:52:041250,3837
227.2216,242.528,5:44:52:045391,3849
225.9674,244.5394,5:44:52:048922,3861
224.6885,246.7256,5:44:52:053364,3881
223.4342,249.1742,5:44:52:057374,3895
222.2045,251.856,5:44:52:061373,3906
221.0732,254.7419,5:44:52:065374,3911
220.0649,257.7443,5:44:52:069374,3908
219.2287,260.8633,5:44:52:073372,3905
218.5647,264.0115,5:44:52:076872,3901
218.1958,267.0723,5:44:52:080781,3907
218.0974,270.0747,5:44:52:084782,3907
218.0974,272.8148,5:44:52:088780,3904
218.8106,275.2635,5:44:52:093450,3904
219.6222,277.4497,5:44:52:097460,3904
220.6551,279.4027,5:44:52:100458,3902
221.9094,281.0643,5:44:52:105458,3897
223.385,282.4926,5:44:52:109458,3896
224.9836,283.7169,5:44:52:112460,3900
226.7298,284.708,5:44:52:117032,3901
228.5989,285.4659,5:44:52:121032,3906
230.5664,286.049,5:44:52:125704,3905
232.6815,286.3405,5:44:52:129712,3890
235.0425,286.3405,5:44:52:133722,3876
237.5264,286.3405,5:44:52:136717,3856
240.1826,285.4659,5:44:52:140794,3829
243.0354,284.6206,5:44:52:144714,3797
245.9621,283.3672,5:44:52:149462,3752
249.0363,281.8513,5:44:52:153470,3690
252.2089,280.0149,5:44:52:157455,3619
255.4553,277.7704,5:44:52:160466,3549
258.5787,275.1469,5:44:52:165465,3486
261.7759,272.2027,5:44:52:168465,3429
264.9977,268.8213,5:44:52:173465,3383
268.1703,265.2067,5:44:52:177466,3332
271.2445,261.4172,5:44:52:181457,3278
274.1957,257.4819,5:44:52:185467,3233
277.0486,253.5175,5:44:52:189519,3188
279.631,249.5823,5:44:52:192526,3164
282.0657,245.7345,5:44:52:197520,3156
284.1316,242.0325,5:44:52:200522,3157
285.8531,238.5636,5:44:52:205457,3159
287.2304,235.1822,5:44:52:209532,3162
288.2141,231.9174,5:44:52:213057,3170
288.9028,228.7401,5:44:52:217069,3194
289.3209,225.7668,5:44:52:221054,3230
289.4438,222.9392,5:44:52:225055,3272
289.4438,220.3157,5:44:52:229409,3324
289.4438,217.8671,5:44:52:233450,3378
288.7798,215.6225,5:44:52:237405,3442
288.7798,213.6112,5:44:52:241184,3514
288.042,211.8913,5:44:52:245466,3584
288.042,210.3755,5:44:52:249476,3650
287.4026,209.0347,5:44:52:253183,3720
287.4026,207.927,5:44:52:257184,3804
287.4026,206.965,5:44:52:261214,3902
287.0091,206.2071,5:44:52:265181,4001
287.0091,205.7115,5:44:52:268942,4079
287.0091,205.3035,5:44:52:272940,4121
287.0091,205.0411,5:44:52:276939,4131
287.0091,204.9245,5:44:52:280942,4128
287.0091,204.9245,5:44:52:284779,4131
287.0091,204.9245,5:44:52:288777,4148
287.0091,205.6241,5:44:52:292779,4178
287.0091,205.6241,5:44:52:296779,4211
287.0091,207.1107,5:44:52:300908,4245
287.0091,208.2184,5:44:52:304918,4281
287.0091,209.5885,5:44:52:309084,4316
286.7877,211.2209,5:44:52:313092,4367
286.7877,213.2031,5:44:52:317094,4424
286.6648,215.506,5:44:52:321099,4475
286.5664,218.1003,5:44:52:325113,4522
286.4434,220.957,5:44:52:329123,4558
286.2958,224.076,5:44:52:333299,4581
286.0745,227.4283,5:44:52:337331,4596
285.8531,230.9554,5:44:52:341595,4609
285.6072,234.7158,5:44:52:344605,4608
285.2629,238.6219,5:44:52:348724,4618
284.8448,242.5863,5:44:52:352607,4634
284.4267,246.7256,5:44:52:357604,4644
283.9348,250.9523,5:44:52:360605,4654
283.4676,255.2083,5:44:52:364644,4658
283.0003,259.4059,5:44:52:369602,4663
282.533,263.5743,5:44:52:373397,4669
282.1395,267.5678,5:44:52:377407,4679
281.7214,271.3865,5:44:52:381407,4684
281.4263,274.972,5:44:52:385408,4683
281.1066,278.2659,5:44:52:389457,4688
280.8606,281.3849,5:44:52:393467,4690
280.6393,284.1833,5:44:52:398479,4699
280.3933,286.8943,5:44:52:402468,4704
280.1966,289.5178,5:44:52:405467,4709
279.9507,292.083,5:44:52:409465,4709
279.7539,294.5024,5:44:52:413484,4696
279.5818,296.8928,5:44:52:417811,4666
279.3604,299.079,5:44:52:420821,4631
279.1391,301.0904,5:44:52:425458,4591
278.9915,303.0725,5:44:52:429471,4542
278.8439,304.7341,5:44:52:433489,4483
278.7701,306.1624,5:44:52:436455,4401
278.6472,307.3576,5:44:52:441397,4308
278.5488,308.3487,5:44:52:444467,4203
278.475,309.1357,5:44:52:449456,4094
278.4504,309.6896,5:44:52:453467,3977
278.4258,310.0977,5:44:52:457520,3819
278.3521,310.3309,5:44:52:460519,3600
278.3029,310.3892,5:44:52:465517,3318
278.2045,310.3892,5:44:52:468519,2959
278.0815,310.3892,5:44:52:473899,2536
277.9094,309.5439,5:44:52:476910,2002
277.7864,308.8734,5:44:52:480937,1369
277.6635,307.9114,5:44:52:484913,782
277.5159,306.6288,5:44:52:488967,323
277.3929,304.9965,5:44:52:492913,0
277.3437,303.0143,5:44:52:497468,0
277.3437,300.7697,5:44:52:501482,0
277.3437,298.2628,5:44:52:505219,0
277.3437,295.4061,5:44:52:509105,0
277.3437,292.3745,5:44:52:513524,0
277.3437,289.168,5:44:52:516530,0
277.9832,285.8741,5:44:52:520548,0
277.9832,282.5801,5:44:52:524553,0
277.9832,279.3445,5:44:52:529453,0
277.9832,276.0505,5:44:52:532463,0
277.9832,272.7566,5:44:52:537464,0
277.9832,269.4043,5:44:52:540466,0
277.2699,266.1686,5:44:52:545455,0
276.7043,262.9622,5:44:52:548466,0
276.0403,259.6682,5:44:52:553465,0
275.2533,256.3742,5:44:52:556466,0
274.3925,252.9637,5:44:52:561597,0
273.4825,249.6406,5:44:52:564610,0
272.5725,246.3175,5:44:52:568646,0
271.6134,243.0235,5:44:52:572656,0
270.6296,239.6713,5:44:52:577656,0
269.6951,236.2899,5:44:52:580656,0
268.6621,232.8502,5:44:52:585458,0
267.58,229.4397,5:44:52:589485,0
266.4241,226,5:44:52:593260,0
265.342,222.3562,5:44:52:597259,0
264.1369,218.6541,5:44:52:601306,0
262.8088,215.0396,5:44:52:605266,0
261.4807,211.4832,5:44:52:609403,0
260.0543,207.9561,5:44:52:613272,0
258.7017,204.6913,5:44:52:617402,0
257.3244,201.3974,5:44:52:620751,0
255.9963,198.3658,5:44:52:625461,0
254.5207,195.4507,5:44:52:628977,0
253.0451,192.7398,5:44:52:633008,0
251.5941,189.9997,5:44:52:636977,0
250.1922,187.4053,5:44:52:640979,0
248.7166,184.8693,5:44:52:644997,0
247.2656,182.2749,5:44:52:648980,0
245.8145,179.7097,5:44:52:653460,0
244.3389,177.2029,5:44:52:656798,0
242.9617,174.8125,5:44:52:660902,0
241.6582,172.4514,5:44:52:664802,0
240.4777,170.236,5:44:52:668799,0
239.3464,167.9915,5:44:52:672800,0
238.4118,165.8635,5:44:52:677461,0
237.4035,163.9104,5:44:52:680478,0
236.5919,162.0157,5:44:52:685167,0
236.0016,160.2667,5:44:52:689081,0
235.4114,158.5468,5:44:52:693172,0
234.9441,156.827,5:44:52:697081,0
234.4276,155.2529,5:44:52:701458,0
234.0341,153.7371,5:44:52:705468,0
233.6652,152.3087,5:44:52:709461,0
233.3701,150.9095,5:44:52:712471,0
233.1242,149.627,5:44:52:717582,0
232.8782,148.3152,5:44:52:720608,0
232.7307,147.1201,5:44:52:725592,0
232.5339,146.129,5:44:52:728593,0
232.4109,145.1378,5:44:52:733592,0
232.3372,144.2342,5:44:52:736592,0
232.3126,143.3889,5:44:52:741585,0
232.3126,142.631,5:44:52:745099,0
232.3126,141.9022,5:44:52:749102,0
232.3126,141.2901,5:44:52:753102,0
232.3126,140.707,5:44:52:757103,0
232.9028,140.0658,5:44:52:761615,0
232.9028,139.541,5:44:52:764897,0
233.3701,139.1038,5:44:52:768897,0
233.3701,138.7249,5:44:52:773408,0
234.0341,138.4042,5:44:52:776864,0
234.4276,138.1418,5:44:52:781021,0
234.8457,137.9961,5:44:52:785022,0
235.313,137.9086,5:44:52:789031,0
235.7557,137.8795,5:44:52:793022,0
236.1984,137.8795,5:44:52:797585,0
236.6902,137.8795,5:44:52:800595,0
237.2067,137.8795,5:44:52:804594,0
237.7478,137.8795,5:44:52:808595,0
238.338,138.7249,5:44:52:812663,0
238.9037,138.7249,5:44:52:816781,0
239.3956,138.7249,5:44:52:821409,0
239.912,139.541,5:44:52:825420,1665
240.4039,139.541,5:44:52:829433,1708
240.822,140.2406,5:44:52:833417,1818
241.1171,140.707,5:44:52:837420,1999
241.4122,141.1734,5:44:52:841418,2220
241.6336,141.6982,5:44:52:845471,2453
241.7812,142.3978,5:44:52:848481,2659
241.9041,143.2431,5:44:52:853100,2828
241.9779,144.205,5:44:52:857070,2983
241.9779,145.2545,5:44:52:861079,3104
241.9779,146.333,5:44:52:865096,3209
241.9779,147.4698,5:44:52:869465,3300
241.9779,148.6942,5:44:52:873475,3376
240.9696,149.9476,5:44:52:877232,3432
240.3793,151.1719,5:44:52:881200,3477
239.6661,152.3671,5:44:52:885200,3510
238.8053,153.4747,5:44:52:889201,3540
237.8216,154.5242,5:44:52:893630,3566
236.6656,155.5152,5:44:52:896640,3584
235.3376,156.3023,5:44:52:900639,3595
233.9112,157.0602,5:44:52:904642,3595
232.3863,157.5849,5:44:52:908639,3600
230.8123,157.9347,5:44:52:912638,3591
229.0908,158.0804,5:44:52:916661,3567
227.3446,158.0804,5:44:52:920693,3523
225.5739,158.0804,5:44:52:925176,3450
223.7785,157.3517,5:44:52:929187,3365
221.934,156.6521,5:44:52:933234,3275
220.0895,155.7484,5:44:52:937238,3186
218.3187,154.6116,5:44:52:941256,3104
216.5972,153.2707,5:44:52:945239,3020
214.9494,151.6966,5:44:52:949572,2911
213.4492,149.9767,5:44:52:952583,2794
212.1457,148.1694,5:44:52:956585,2654
211.0144,146.333,5:44:52:962582,2515
210.129,144.4382,5:44:52:965595,2406
209.5142,142.5143,5:44:52:968583,2324
209.1698,140.707,5:44:52:973459,2278
209.0469,138.9872,5:44:52:976575,2257
209.0469,137.4422,5:44:52:981220,2253
209.0469,135.9848,5:44:52:985220,2258
209.8339,134.7313,5:44:52:989297,2274
210.4241,133.6236,5:44:52:993218,2305
211.1373,132.72,5:44:52:997460,2348
211.9735,131.9621,5:44:53:001469,2395
212.9081,131.3499,5:44:53:005472,2462
213.941,130.9126,5:44:53:008470,2522
215.0723,130.6212,5:44:53:013470,2584
216.3758,130.4462,5:44:53:017470,2661
217.7531,130.388,5:44:53:021016,2747
219.3271,130.388,5:44:53:025485,2853
220.9994,130.388,5:44:53:029404,2975
222.8932,131.3499,5:44:53:033463,3093
224.9344,131.3499,5:44:53:037458,3214
227.1725,132.8949,5:44:53:041468,3341
229.5335,134.0025,5:44:53:045410,3471
232.0666,135.3143,5:44:53:049455,3613
234.6982,136.8884,5:44:53:052619,3737
237.4281,138.754,5:44:53:056618,3843
240.1826,140.9402,5:44:53:060647,3924
242.9125,143.3889,5:44:53:064618,3987
245.5686,146.1581,5:44:53:069643,4036
248.0772,149.1606,5:44:53:072654,4065
250.5365,152.3087,5:44:53:076654,4085
252.7992,155.6027,5:44:53:080679,4088
254.8896,158.9841,5:44:53:084678,4087
256.808,162.3363,5:44:53:089465,4089
258.5787,165.6886,5:44:53:093486,4089
260.2265,168.9825,5:44:53:097558,4099
261.7759,172.1891,5:44:53:100601,4108
263.2761,175.3956,5:44:53:104558,4117
264.5796,178.5729,5:44:53:108559,4126
265.8584,181.7211,5:44:53:112558,4126
267.1127,184.7818,5:44:53:117559,4123
268.3178,187.7843,5:44:53:121558,4108
269.4737,190.641,5:44:53:125559,4077
270.5804,193.2645,5:44:53:129411,4027
271.638,195.7714,5:44:53:133446,3961
272.5971,198.0451,5:44:53:137459,3866
273.5563,200.0273,5:44:53:141476,3743
274.4171,201.7763,5:44:53:145469,3586
275.1795,203.2921,5:44:53:149469,3384
275.8189,204.6039,5:44:53:153469,3132
276.36,205.7115,5:44:53:157469,2821
276.8272,206.586,5:44:53:161456,2429
277.1962,207.2565,5:44:53:165466,1937
277.4913,207.6646,5:44:53:169534,1345
277.6635,207.7812,5:44:53:172535,778
277.7864,207.7812,5:44:53:177534,345
277.8848,207.7812,5:44:53:180534,0
277.9586,206.2946,5:44:53:185532,0
278.0078,205.0994,5:44:53:188542,0
278.1061,203.5544,5:44:53:192544,0
278.2291,201.6014,5:44:53:196596,0
278.3521,199.3277,5:44:53:200728,0
278.4996,196.8208,5:44:53:204738,0
278.6718,194.0807,5:44:53:208836,0
278.8439,191.1949,5:44:53:212738,0
279.0161,188.2215,5:44:53:217401,0
279.1145,185.3065,5:44:53:220748,0
279.1391,182.4498,5:44:53:225450,0
279.1391,179.7097,5:44:53:228720,0
279.1391,177.0862,5:44:53:232724,0
279.1391,174.6376,5:44:53:236722,0
278.3029,172.3931,5:44:53:240802,0
277.7618,170.2652,5:44:53:244723,0
277.1962,168.2829,5:44:53:249833,0
276.5075,166.3591,5:44:53:252814,0
275.8189,164.4935,5:44:53:257445,0
275.1303,162.657,5:44:53:260447,0
274.4171,160.8206,5:44:53:265443,0
273.753,159.0132,5:44:53:269442,0
273.212,157.2059,5:44:53:273528,0
272.7447,155.3403,5:44:53:277069,0
272.425,153.5039,5:44:53:281146,0
272.425,151.6091,5:44:53:285044,0
272.2036,149.8018,5:44:53:289043,0
272.2036,148.1111,5:44:53:293046,0
272.2036,146.537,5:44:53:297157,0
273.3595,145.0213,5:44:53:301198,0
274.1465,143.6803,5:44:53:305451,0
275.1303,142.5143,5:44:53:308965,0
276.2616,141.465,5:44:53:312716,0
277.5651,140.6196,5:44:53:316729,0
278.8931,139.8326,5:44:53:320740,0
280.0982,139.1329,5:44:53:324730,2176
281.3279,138.5208,5:44:53:328729,2179
282.4346,138.0544,5:44:53:332731,2205
283.4676,137.7046,5:44:53:337466,2290
284.3775,137.4714,5:44:53:341476,2428
285.1399,137.3548,5:44:53:345475,2609
285.7056,137.3548,5:44:53:348479,2800
286.2221,137.3548,5:44:53:353407,2970
286.6893,137.3548,5:44:53:357420,3127
287.132,138.2585,5:44:53:361432,3279
287.4763,138.2585,5:44:53:365418,3413
287.7469,139.3661,5:44:53:369418,3524
287.9436,139.9783,5:44:53:373415,3615
287.9682,140.707,5:44:53:377415,3684
287.9682,141.4066,5:44:53:381417,3747
287.9682,142.1646,5:44:53:385450,3802
287.3288,142.9807,5:44:53:389474,3841
286.7631,143.797,5:44:53:393459,3869
285.9761,144.584,5:44:53:397474,3884
284.9432,145.4002,5:44:53:401708,3895
283.7381,146.129,5:44:53:404721,3903
282.2625,146.8286,5:44:53:408797,3901
280.6147,147.499,5:44:53:413799,3901
278.7701,148.0237,5:44:53:416876,3902
276.8272,148.4026,5:44:53:420799,3896
274.9089,148.5775,5:44:53:424797,3880
273.1382,148.5775,5:44:53:429800,3848
271.5396,148.5775,5:44:53:434024,3794
270.0886,148.5775,5:44:53:437034,3727
268.8589,147.6447,5:44:53:441401,3641
267.9489,146.9743,5:44:53:444847,3547
267.3095,146.2164,5:44:53:449456,3432
266.8914,145.2545,5:44:53:453466,3299
266.6454,144.1467,5:44:53:457661,3162
266.5471,142.9225,5:44:53:461672,3026
266.5471,141.6107,5:44:53:465671,2912
266.5471,140.2115,5:44:53:469671,2830
267.3095,138.8123,5:44:53:472699,2780
267.8997,137.4422,5:44:53:476671,2755
268.6375,136.0722,5:44:53:481452,2745
269.5475,134.8188,5:44:53:485468,2746
270.605,133.7402,5:44:53:489461,2755
271.7364,132.8074,5:44:53:492464,2777
272.8922,132.0786,5:44:53:497461,2818
274.1465,131.5248,5:44:53:500461,2861
275.3762,131.1458,5:44:53:504992,2915
276.6059,130.9418,5:44:53:509002,2966
277.8356,130.9126,5:44:53:513001,3022
278.9915,130.9126,5:44:53:517000,3090
280.1474,130.9126,5:44:53:521000,3163
281.3033,131.9621,5:44:53:526003,3255
282.4838,132.6617,5:44:53:529577,3347
283.6643,133.5361,5:44:53:532583,3444
284.8448,134.6438,5:44:53:537453,3547
286.0007,135.9848,5:44:53:541463,3646
287.2058,137.4714,5:44:53:545458,3754
288.3125,139.2204,5:44:53:549469,3858
289.3701,141.2026,5:44:53:553466,3953
290.3538,143.4763,5:44:53:556468,4046
291.2146,145.9541,5:44:53:561468,4125
291.977,148.5775,5:44:53:564468,4213
292.641,151.4051,5:44:53:569447,4291
293.1575,154.291,5:44:53:573457,4353
293.5756,157.3226,5:44:53:577455,4403
293.8707,160.3542,5:44:53:581455,4424
294.0921,163.3566,5:44:53:585454,4440
294.2642,166.3591,5:44:53:589457,4444
294.3134,169.4198,5:44:53:593392,4458
294.338,172.4805,5:44:53:597391,4470
294.338,175.687,5:44:53:601249,4475
294.338,179.0393,5:44:53:605250,4485
294.338,182.4498,5:44:53:609297,4474
293.6248,185.8895,5:44:53:613335,4455
293.6248,189.3875,5:44:53:617334,4415
293.0345,192.7398,5:44:53:621353,4348
293.0345,196.0338,5:44:53:625332,4257
292.3459,199.2111,5:44:53:629358,4144
292.3459,202.1552,5:44:53:633472,3997
291.7802,204.8954,5:44:53:637480,3826
291.7802,207.4314,5:44:53:641460,3641
291.3867,209.8217,5:44:53:645470,3451
291.3867,212.0371,5:44:53:649556,3251
291.1408,214.1068,5:44:53:652569,3027
291.1408,216.0307,5:44:53:656568,2762
291.1408,217.8088,5:44:53:660568,2441
291.1408,219.3537,5:44:53:664568,2002
291.1408,220.6072,5:44:53:668568,1401
291.1408,221.5692,5:44:53:673447,829
291.1408,222.2104,5:44:53:676458,350
291.1408,222.5894,5:44:53:681400,0
291.1408,222.5894,5:44:53:685411,0
291.8294,222.5894,5:44:53:689410,0
291.8294,221.6274,5:44:53:693410,0
292.5919,220.8404,5:44:53:697410,0
293.1083,219.8784,5:44:53:701411,0
293.7969,218.8291,5:44:53:705450,0
294.6085,217.7796,5:44:53:708469,0
295.5677,216.672,5:44:53:713425,0
296.7482,215.6517,5:44:53:717426,0
298.1254,214.7772,5:44:53:721423,0
299.6502,214.0776,5:44:53:725426,0
301.3718,213.4363,5:44:53:729452,0
303.2409,213.0573,5:44:53:732565,0
305.2822,213.0573,5:44:53:737562,0
307.4465,213.0573,5:44:53:740565,0
309.7583,213.0573,5:44:53:744568,0
312.1439,213.0573,5:44:53:748564,0
314.5786,214.0776,5:44:53:752564,0
317.1118,214.6897,5:44:53:756597,0
319.7679,215.3311,5:44:53:761454,0
322.4241,216.0598,5:44:53:764464,0
325.0802,216.8177,5:44:53:769462,0
327.7363,217.6339,5:44:53:773470,0
330.3924,218.4792,5:44:53:777554,0
333.024,219.2955,5:44:53:780563,0
335.6063,220.1408,5:44:53:784564,0
338.1149,221.0153,5:44:53:789564,0
340.4759,222.0356,5:44:53:792580,0
342.7877,222.9392,5:44:53:796563,0
345.0503,223.9012,5:44:53:801129,0
347.1654,224.9214,5:44:53:805135,0
349.2067,226,5:44:53:809451,0
351.1004,227.0493,5:44:53:813462,0
352.9449,228.1279,5:44:53:817227,0
354.6911,229.2939,5:44:53:821227,0
356.3142,230.4016,5:44:53:825224,0
357.7899,231.5676,5:44:53:829227,0
359.118,232.7628,5:44:53:833451,0
360.3476,233.8996,5:44:53:836796,0
361.5035,235.0656,5:44:53:840857,0
362.5611,236.2025,5:44:53:844847,0
363.3972,237.3102,5:44:53:848944,0
364.1597,238.3595,5:44:53:852848,0
364.7499,239.3506,5:44:53:857452,0
365.3156,240.2543,5:44:53:860479,0
365.7582,241.0122,5:44:53:865613,0
366.1272,241.7701,5:44:53:868624,0
366.3731,242.3822,5:44:53:872694,0
366.5699,242.9944,5:44:53:876624,0
366.742,243.4608,5:44:53:880623,0
366.9142,243.9855,5:44:53:884623,0
367.0617,244.4227,5:44:53:888777,0
367.2831,244.9183,5:44:53:892788,0
367.529,245.3847,5:44:53:897528,0
367.8733,245.9094,5:44:53:901539,0
368.2914,246.4341,5:44:53:904715,0
368.7095,246.9879,5:44:53:908716,0
369.226,247.5418,5:44:53:912761,0
369.7424,248.0082,5:44:53:916715,0
370.2835,248.562,5:44:53:920742,0
370.7754,249.0576,5:44:53:924712,0
371.3164,249.5823,5:44:53:928589,0
371.7591,249.9904,5:44:53:932634,0
372.1772,250.3985,5:44:53:937458,0
372.5707,250.7775,5:44:53:940469,0
372.8658,251.0398,5:44:53:945466,0
373.1118,251.3604,5:44:53:949469,0
373.3085,251.5354,5:44:53:953468,0
373.4561,251.7686,5:44:53:956471,0
373.5299,251.9143,5:44:53:961455,0
373.5299,252.06,5:44:53:964480,0
373.5299,252.1183,5:44:53:969463,0
373.5299,252.2058,5:44:53:973466,0
373.5299,252.2641,5:44:53:977465,0
373.5299,252.3224,5:44:53:981465,0
373.5299,252.3807,5:44:53:985456,0
373.5299,252.3807,5:44:53:989503,0
373.5299,252.4099,5:44:53:993502,0
373.5299,252.4099,5:44:53:996506,0
373.5299,252.4099,5:44:54:001500,0
373.5299,252.4099,5:44:54:004504,0
373.5299,252.4099,5:44:54:009465,0
373.5299,252.4099,5:44:54:012487,0
373.5299,252.4099,5:44:54:016667,0
373.5299,252.4099,5:44:54:020675,0
373.5299,252.4099,5:44:54:024679,0
373.5299,252.4099,5:44:54:028677,0
373.5299,252.4099,5:44:54:033492,0
373.5299,252.4099,5:44:54:036627,0
372.9888,252.4099,5:44:54:041449,0
372.9888,253.0803,5:44:54:045459,0
372.9888,253.0803,5:44:54:049459,0
372.9888,253.5759,5:44:54:053459,0
372.5215,253.5759,5:44:54:057459,0
372.5215,254.0131,5:44:54:061459,0
372.5215,254.0131,5:44:54:065520,0
372.251,254.392,5:44:54:068531,0
372.251,254.392,5:44:54:073448,0
372.251,254.6835,5:44:54:077458,0
372.1034,254.8876,5:44:54:081459,0
372.1034,255.1208,5:44:54:084766,0
372.0051,255.354,5:44:54:088799,0
372.0051,255.558,5:44:54:092768,0
372.0051,255.7912,5:44:54:097915,0
372.0051,256.0244,5:44:54:100927,0
372.0051,256.1993,5:44:54:105403,0
372.0051,256.4326,5:44:54:109413,0
372.0051,256.4908,5:44:54:113411,0
372.6199,256.5783,5:44:54:117413,0
372.6199,256.6657,5:44:54:121413,0
372.6199,256.7532,5:44:54:125412,0
373.2593,256.8698,5:44:54:129434,0
373.2593,256.899,5:44:54:133413,0
373.6283,256.9864,5:44:54:137906,0
373.6283,256.9864,5:44:54:140916,0
373.6283,257.0155,5:44:54:144989,0
373.9726,257.0155,5:44:54:148922,0
373.9726,257.0155,5:44:54:152918,0
374.2185,257.0155,5:44:54:156914,0
374.2185,257.0155,5:44:54:160652,0
374.4644,257.0155,5:44:54:164929,0
374.612,256.1993,5:44:54:169545,0
374.7841,256.1993,5:44:54:172821,0
374.9563,255.558,5:44:54:176932,0
375.1776,255.0916,5:44:54:180809,0
375.3744,254.5961,5:44:54:184808,0
375.5958,254.0131,5:44:54:188809,0
375.8417,253.4301,5:44:54:193407,0
376.1122,252.7596,5:44:54:196823,0
376.4319,252.0018,5:44:54:201456,0
376.7516,251.3022,5:44:54:204653,0
377.096,250.4276,5:44:54:209536,0
377.4403,249.5823,5:44:54:212548,0
377.8092,248.6786,5:44:54:217544,0
378.1535,247.8042,5:44:54:221545,0
378.4978,246.9005,5:44:54:224565,0
378.8421,245.9386,5:44:54:228792,0
379.1618,245.064,5:44:54:232830,0
379.4078,244.0438,5:44:54:236840,0
379.6537,243.1693,5:44:54:240949,0
379.8751,242.2365,5:44:54:244838,0
380.0964,241.3037,5:44:54:249449,0
380.3423,240.4001,5:44:54:253459,0
380.5883,239.4673,5:44:54:256922,0
380.908,238.5345,5:44:54:260932,0
381.2031,237.6017,5:44:54:264934,0
381.5474,236.698,5:44:54:268932,0
381.9655,235.6777,5:44:54:273451,0
382.359,234.6866,5:44:54:276797,0
382.7771,233.6955,5:44:54:280886,0
383.2198,232.6461,5:44:54:284797,0
383.6133,231.5676,5:44:54:288799,0
384.0314,230.5473,5:44:54:292800,0
384.4249,229.4688,5:44:54:297449,0
384.7938,228.4194,5:44:54:300796,0
385.1873,227.4283,5:44:54:304877,0
385.5808,226.4372,5:44:54:308877,0
385.9251,225.5044,5:44:54:312879,0
386.2694,224.5716,5:44:54:316877,0
386.5891,223.7554,5:44:54:321456,0
386.8597,222.9975,5:44:54:324891,0
387.1056,222.2104,5:44:54:329401,0
387.3024,221.5108,5:44:54:333043,0
387.4991,220.8112,5:44:54:336981,0
387.6221,220.1408,5:44:54:340994,0
387.7697,219.4995,5:44:54:345455,0
387.9664,218.9456,5:44:54:349466,0
388.0894,218.3627,5:44:54:353466,0
388.2369,217.7796,5:44:54:357466,0
388.4583,217.2258,5:44:54:361465,0
388.6796,216.6136,5:44:54:364465,0
388.9256,216.0307,5:44:54:369405,0
389.1715,215.3893,5:44:54:373064,0
389.5158,214.748,5:44:54:377402,0
389.7617,214.0193,5:44:54:380806,0
390.1552,213.378,5:44:54:385183,0
390.4996,212.7367,5:44:54:389070,0
390.7701,212.0954,5:44:54:393147,0
391.0898,211.4832,5:44:54:397157,0
391.3604,210.8711,5:44:54:401156,0
391.6063,210.3172,5:44:54:405160,0
391.8276,209.8508,5:44:54:409377,0
392.0244,209.3553,5:44:54:413408,0
392.1965,208.8889,5:44:54:417321,0
392.3441,208.4808,5:44:54:421328,0
392.4671,208.0727,5:44:54:425331,0
392.5408,207.6646,5:44:54:429329,0
392.6392,207.3439,5:44:54:433331,0
392.7376,206.9359,5:44:54:437328,0
392.836,206.4695,5:44:54:441458,0
392.8606,206.1196,5:44:54:444468,1566
392.9589,205.7115,5:44:54:449468,1589
392.9835,205.3326,5:44:54:452468,1667
393.0573,204.9245,5:44:54:457469,1811
393.1065,204.633,5:44:54:461466,2010
393.1557,204.3707,5:44:54:465469,2228
393.1803,204.1958,5:44:54:470468,2406
393.2049,204.0791,5:44:54:473405,2526
393.2295,203.9917,5:44:54:477385,2593
393.2295,203.9917,5:44:54:481389,2636
393.2295,203.9917,5:44:54:485402,2706
393.2295,203.9917,5:44:54:489543,2821
393.2295,203.9917,5:44:54:492833,2977
393.2295,204.9536,5:44:54:497162,3155
393.2295,205.595,5:44:54:501089,3321
393.2295,206.3237,5:44:54:505088,3465
393.2295,207.3439,5:44:54:509092,3584
393.2295,208.5099,5:44:54:513340,3690
393.2295,209.9091,5:44:54:517354,3796
392.7622,211.4249,5:44:54:521354,3895
392.7622,213.2614,5:44:54:525352,3993
392.7622,215.3893,5:44:54:529351,4076
392.2457,217.7796,5:44:54:533349,4144
392.2457,220.4323,5:44:54:537300,4196
391.6555,223.3181,5:44:54:541313,4230
391.3112,226.3497,5:44:54:545451,4251
390.8931,229.5562,5:44:54:549460,4256
390.4012,232.9085,5:44:54:553396,4252
389.8847,236.319,5:44:54:557422,4257
389.3683,239.613,5:44:54:560621,4263
388.8026,242.907,5:44:54:564634,4276
388.2369,246.1134,5:44:54:568691,4297
387.6713,249.4366,5:44:54:572629,4303
387.1548,252.7305,5:44:54:577400,4314
386.5891,256.0536,5:44:54:581413,4318
386.0235,259.3767,5:44:54:585538,4317
385.4579,262.6707,5:44:54:588549,4325
384.9414,265.9063,5:44:54:593548,4323
384.3757,268.9962,5:44:54:596548,4321
383.8347,271.9987,5:44:54:601548,4320
383.3428,274.7679,5:44:54:604548,4312
382.8755,277.304,5:44:54:608576,4311
382.4328,279.636,5:44:54:612589,4309
382.0147,281.7639,5:44:54:616677,4310
381.6704,283.7461,5:44:54:621587,4314
381.3261,285.5243,5:44:54:624635,4315
381.0802,287.0692,5:44:54:629585,4313
380.8588,288.381,5:44:54:633591,4306
380.6866,289.4886,5:44:54:636598,4295
380.5637,290.3632,5:44:54:641597,4281
380.4407,291.0627,5:44:54:644623,4272
380.3423,291.5875,5:44:54:649396,4267
380.2686,291.8789,5:44:54:653416,4265
380.2686,292.0247,5:44:54:657544,4265
380.2686,292.0247,5:44:54:660544,4273
380.2686,292.0247,5:44:54:665544,4272
380.2686,292.0247,5:44:54:669544,4270
380.2686,291.1794,5:44:54:673449,4270
380.2686,291.1794,5:44:54:676683,4264
380.2686,289.751,5:44:54:680742,4264
380.9818,288.7891,5:44:54:684732,4265
380.9818,287.623,5:44:54:688796,4268
381.5229,286.2821,5:44:54:692734,4272
381.5229,284.8246,5:44:54:696731,4273
382.1377,283.2214,5:44:54:700734,4274
382.482,281.4724,5:44:54:705426,4270
382.9001,279.636,5:44:54:709424,4265
383.2936,277.6246,5:44:54:713251,4266
383.7117,275.4966,5:44:54:717259,4263
384.1052,273.1938,5:44:54:721261,4263
384.5233,270.7452,5:44:54:725262,4262
384.966,268.18,5:44:54:729893,4256
385.3349,265.5565,5:44:54:732903,4266
385.6546,262.933,5:44:54:737051,4272
385.9251,260.3387,5:44:54:741051,4277
386.1219,257.8026,5:44:54:745051,4286
386.1711,255.2957,5:44:54:749051,4279
386.1711,252.9637,5:44:54:753456,4277
386.1711,250.7191,5:44:54:757466,4276
385.5808,248.6495,5:44:54:761404,4271
385.0152,246.6964,5:44:54:765412,4269
384.3265,244.7434,5:44:54:769414,4264
383.4412,242.907,5:44:54:773437,4262
382.359,241.1288,5:44:54:777414,4255
381.1293,239.4964,5:44:54:781414,4247
379.6783,237.9514,5:44:54:785419,4243
378.0551,236.4939,5:44:54:789426,4237
376.2352,235.2405,5:44:54:793472,4241
374.2431,234.1619,5:44:54:797473,4246
372.0543,233.3457,5:44:54:801470,4246
369.8162,232.7628,5:44:54:805472,4251
367.4798,232.4421,5:44:54:809573,4251
365.0204,232.3838,5:44:54:812583,4252
362.5365,232.3838,5:44:54:816671,4265
360.0033,233.2,5:44:54:821595,4274
357.4702,234.0162,5:44:54:825582,4284
354.9862,235.0947,5:44:54:829585,4291
352.5022,236.3773,5:44:54:833594,4296
350.0182,237.9514,5:44:54:836583,4305
347.5343,239.6713,5:44:54:841450,4317
345.1241,241.6535,5:44:54:844460,4331
342.8123,243.7231,5:44:54:849461,4343
340.5988,245.9386,5:44:54:853460,4350
338.5822,248.4163,5:44:54:857460,4362
336.6638,251.0981,5:44:54:860463,4370
335.0161,253.9839,5:44:54:865568,4373
333.5896,257.0155,5:44:54:868552,4375
332.2862,260.1929,5:44:54:873472,4375
331.204,263.516,5:44:54:876478,4380
330.2941,266.8974,5:44:54:881461,4384
329.6054,270.3371,5:44:54:885471,4384
329.089,273.7185,5:44:54:889469,4384
328.7447,277.0125,5:44:54:893469,4382
328.4987,280.3064,5:44:54:897471,4387
328.4249,283.4837,5:44:54:900474,4395
328.4249,286.6902,5:44:54:905438,4401
328.4249,289.9259,5:44:54:909425,4399
329.3103,293.1324,5:44:54:913156,4393
329.8514,296.3389,5:44:54:917165,4376
330.663,299.3997,5:44:54:921166,4340
331.6221,302.4021,5:44:54:925166,4292
332.7289,305.2005,5:44:54:929367,4216
334.0077,307.8823,5:44:54:933437,4124
335.4096,310.2143,5:44:54:937171,4012
336.9836,312.2839,5:44:54:941185,3876
338.7297,314.0912,5:44:54:944730,3711
340.5742,315.6653,5:44:54:948728,3494
342.4926,316.9771,5:44:54:952729,3221
344.4109,318.0265,5:44:54:956730,2879
346.3784,318.8427,5:44:54:961631,2445
348.3951,319.3674,5:44:54:964641,1841
350.4363,319.6006,5:44:54:969640,1160
352.576,319.6006,5:44:54:972641,590
354.7157,319.6006,5:44:54:976647,0
357.0029,318.4346,5:44:54:980641,0
359.4131,317.3269,5:44:54:985515,0
361.9462,315.8111,5:44:54:989033,0
364.6024,313.9164,5:44:54:994032,0
367.3814,311.701,5:44:54:997300,0
370.1851,309.1357,5:44:55:001291,0
372.9888,306.3665,5:44:55:005292,0
375.9647,303.3932,5:44:55:009291,0
378.8667,300.449,5:44:55:013396,0
381.818,297.5923,5:44:55:017304,0
384.6462,294.8814,5:44:55:021354,0
387.45,292.4037,5:44:55:025361,0
390.3028,290.2174,5:44:55:029360,0
393.1803,288.2935,5:44:55:033383,0
395.984,286.632,5:44:55:037367,0
398.7631,285.2328,5:44:55:041378,0
401.493,283.8918,5:44:55:045396,0
404.0753,282.6675,5:44:55:049404,0
406.6577,281.5598,5:44:55:053403,0
409.1908,280.4521,5:44:55:057416,0
411.5764,279.3445,5:44:55:061403,0
413.8882,278.2659,5:44:55:065406,0
416.0279,277.1873,5:44:55:069446,0
418.0938,276.1379,5:44:55:073456,0
420.0612,275.0886,5:44:55:077448,0
421.9796,273.9808,5:44:55:080964,0
423.7503,272.8148,5:44:55:084966,0
425.4965,271.6488,5:44:55:088967,0
427.1935,270.4828,5:44:55:092963,0
428.7429,269.2877,5:44:55:096973,0
430.2922,268.1217,5:44:55:101346,0
431.7925,266.8974,5:44:55:105345,0
433.1451,265.7022,5:44:55:109344,0
434.4732,264.5945,5:44:55:113376,0
435.6537,263.4868,5:44:55:117344,0
436.7604,262.4666,5:44:55:121454,0
437.7196,261.5046,5:44:55:125465,0
438.6295,260.6302,5:44:55:128467,0
439.3919,259.8723,5:44:55:133473,0
440.0314,259.1726,5:44:55:137467,0
440.597,258.5022,5:44:55:140827,0
441.0889,257.89,5:44:55:145504,0
441.5562,257.3362,5:44:55:148511,0
441.9251,256.8406,5:44:55:153455,0
442.2694,256.2577,5:44:55:157728,0
442.6629,255.8204,5:44:55:160741,0
443.0318,255.4123,5:44:55:164771,0
443.4007,255.0916,5:44:55:168741,0
443.7696,254.7419,5:44:55:172737,0
444.114,254.4795,5:44:55:176738,0
444.4583,254.2463,5:44:55:181457,0
444.7534,253.9839,5:44:55:184491,0
444.9993,253.7507,5:44:55:189758,0
445.2206,253.4592,5:44:55:192839,0
445.442,253.1386,5:44:55:196875,0
445.6388,252.7888,5:44:55:200839,0
445.9093,252.4973,5:44:55:204845,0
446.1798,252.2058,5:44:55:208839,0
446.4995,251.9726,5:44:55:213640,0
446.8684,251.7686,5:44:55:216683,0
447.2127,251.5936,5:44:55:220877,0
447.5571,251.5062,5:44:55:224865,0
447.9014,251.3896,5:44:55:228849,0
448.2211,251.273,5:44:55:232849,0
448.5162,251.1855,5:44:55:236849,0
448.7621,251.1272,5:44:55:240849,0
449.0819,251.0107,5:44:55:244885,0
449.377,250.894,5:44:55:248882,0
449.6229,250.7191,5:44:55:252909,0
449.9181,250.5443,5:44:55:256883,0
450.2132,250.3111,5:44:55:260906,0
450.5575,250.0779,5:44:55:264886,0
450.8772,249.8155,5:44:55:268883,0
451.2215,249.4948,5:44:55:272883,0
451.5167,249.2034,5:44:55:277403,0
451.8364,248.8244,5:44:55:281004,0
452.1561,248.4454,5:44:55:285004,0
452.525,248.0956,5:44:55:289007,0
452.8447,247.6875,5:44:55:293003,0
453.2136,247.3086,5:44:55:297104,0
453.5825,246.9005,5:44:55:301105,0
453.9268,246.4924,5:44:55:305130,0
454.3449,246.0843,5:44:55:309134,0
454.7138,245.6762,5:44:55:313105,0
455.1565,245.2681,5:44:55:317105,0
455.5746,244.86,5:44:55:321105,0
456.0911,244.5102,5:44:55:325136,0
456.6076,244.1313,5:44:55:329401,0
457.1486,243.7814,5:44:55:333119,0
457.7389,243.4899,5:44:55:336853,0
458.2799,243.2276,5:44:55:340852,0
458.8702,243.0527,5:44:55:344852,0
459.4604,242.907,5:44:55:348855,0
460.0261,242.7612,5:44:55:353451,0
460.5426,242.6738,5:44:55:357860,0
461.059,242.6446,5:44:55:360870,0
461.5509,242.6154,5:44:55:364872,0
461.9444,242.6154,5:44:55:368870,1250
462.3379,242.6154,5:44:55:372870,1309
462.7068,242.6154,5:44:55:376870,1451
463.0265,242.6154,5:44:55:380538,1662
463.3217,243.6066,5:44:55:384569,1934
463.5676,243.6066,5:44:55:389547,2195
463.7889,244.5977,5:44:55:392548,2426
463.9611,245.3264,5:44:55:397453,2630
464.1086,246.0551,5:44:55:401462,2815
464.207,246.8714,5:44:55:405339,2986
464.2562,247.8333,5:44:55:409339,3133
464.2562,248.8244,5:44:55:413342,3263
464.2562,249.8738,5:44:55:417342,3366
464.2562,250.9523,5:44:55:421086,3455
463.6414,252.0892,5:44:55:425099,3522
463.6414,253.226,5:44:55:429099,3565
462.8544,254.4503,5:44:55:433474,3602
462.3379,255.6455,5:44:55:436484,3617
461.6739,256.8406,5:44:55:441483,3636
460.9361,257.9483,5:44:55:445485,3664
460.0753,258.9977,5:44:55:449509,3683
459.1653,260.0471,5:44:55:452519,3705
458.2061,260.9217,5:44:55:457394,3716
457.1732,261.6795,5:44:55:460898,3718
456.0911,262.2917,5:44:55:465451,3722
454.9598,262.8164,5:44:55:469461,3724
453.8531,263.0787,5:44:55:473461,3727
452.7955,263.2537,5:44:55:477461,3722
451.6888,263.2537,5:44:55:481461,3714
450.5575,263.2537,5:44:55:485460,3692
449.4262,263.2537,5:44:55:489125,3658
448.3687,262.2334,5:44:55:493134,3621
447.3357,262.2334,5:44:55:496562,3570
446.3766,260.7467,5:44:55:500570,3518
445.442,259.8139,5:44:55:504572,3463
444.5812,258.7646,5:44:55:510573,3405
443.8188,257.5985,5:44:55:513572,3347
443.1548,256.3159,5:44:55:517572,3296
442.5645,254.9751,5:44:55:520570,3257
442.1219,253.6924,5:44:55:525150,3231
441.8021,252.3515,5:44:55:529163,3215
441.63,251.0398,5:44:55:533727,3207
441.5562,249.7863,5:44:55:536735,3203
441.5562,248.562,5:44:55:541445,3198
441.5562,247.4252,5:44:55:545454,3199
442.3432,246.3466,5:44:55:549395,3201
442.9334,245.3555,5:44:55:553429,3207
443.6713,244.4227,5:44:55:557461,3222
444.6304,243.4899,5:44:55:561462,3244
445.7125,242.6738,5:44:55:565462,3279
446.9914,241.945,5:44:55:569462,3324
448.4424,241.2746,5:44:55:573446,3375
449.9673,240.6624,5:44:55:576457,3429
451.7134,240.0794,5:44:55:581535,3487
453.6563,239.613,5:44:55:585536,3546
455.7714,239.2049,5:44:55:589534,3612
458.0094,238.8842,5:44:55:592536,3688
460.395,238.6219,5:44:55:597583,3762
462.8052,238.3595,5:44:55:600593,3840
465.2892,238.1263,5:44:55:605593,3912
467.8223,237.9806,5:44:55:608593,3971
470.3063,237.8349,5:44:55:612592,4029
472.7657,237.7182,5:44:55:616623,4083
475.1266,237.6017,5:44:55:621637,4129
477.4385,237.5434,5:44:55:624647,4171
479.6765,237.4267,5:44:55:629653,4203
481.8899,237.3976,5:44:55:633648,4226
484.0296,237.3976,5:44:55:636647,4243
486.1938,237.3393,5:44:55:640647,4249
488.3089,237.3393,5:44:55:645455,4256
490.2764,237.3393,5:44:55:649464,4255
492.1209,237.3393,5:44:55:653478,4257
493.8425,237.3393,5:44:55:656489,4257
495.3673,237.3393,5:44:55:661465,4252
496.6954,237.3393,5:44:55:665463,4255
497.7529,237.3393,5:44:55:669407,4252
498.5891,237.3393,5:44:55:673408,4243
499.1794,237.3393,5:44:55:677407,4209
499.5974,237.3393,5:44:55:681410,4106
499.868,237.3393,5:44:55:685430,3927
500.0647,237.3393,5:44:55:689400,3685
500.1631,237.3393,5:44:55:693421,3382
500.2123,236.4939,5:44:55:697117,3040
500.2615,236.4939,5:44:55:701091,2628
500.2615,235.7652,5:44:55:705090,2074
500.3107,235.2697,5:44:55:709091,1359
500.409,234.6866,5:44:55:712751,739
500.4582,234.1037,5:44:55:716761,267
500.532,233.4915,5:44:55:720760,0
500.6304,232.8793,5:44:55:724761,0
500.7534,232.1214,5:44:55:728760,0
500.9255,231.3636,5:44:55:732764,0
501.2206,230.5473,5:44:55:737446,0
501.5403,229.7603,5:44:55:740459,0
501.9338,229.0316,5:44:55:745460,0
502.4995,228.332,5:44:55:748765,0
503.1635,227.6615,5:44:55:753250,0
503.9997,227.1077,5:44:55:757207,0
504.9589,226.6121,5:44:55:761311,0
506.0656,226.2332,5:44:55:765210,0
507.2461,226,5:44:55:769207,0
508.5496,225.7959,5:44:55:773393,0
509.9514,225.6501,5:44:55:777239,0
511.427,225.5336,5:44:55:781395,0
512.9272,225.4461,5:44:55:784931,0
514.3291,225.3586,5:44:55:788969,0
515.7064,225.2712,5:44:55:792966,0
517.0836,225.1837,5:44:55:796966,0
518.3379,225.0672,5:44:55:800967,0
519.543,224.9505,5:44:55:805446,0
520.6497,224.834,5:44:55:808769,0
521.5596,224.6882,5:44:55:812771,0
522.3959,224.5424,5:44:55:816769,0
523.1337,224.3676,5:44:55:820820,0
523.7485,224.1635,5:44:55:824769,0
524.2158,223.9886,5:44:55:828772,0
524.5601,223.7262,5:44:55:832778,0
524.7568,223.4348,5:44:55:837453,0
524.929,223.1432,5:44:55:841461,0
524.9782,222.7934,5:44:55:845477,0
525.0274,222.4728,5:44:55:849461,0
525.1011,222.0938,5:44:55:853463,0
525.1995,221.7732,5:44:55:857466,0
525.2979,221.3942,5:44:55:861472,0
525.4209,221.0153,5:44:55:865472,0
525.5438,220.6655,5:44:55:869451,0
525.716,220.2574,5:44:55:872787,0
525.839,219.8201,5:44:55:876789,0
525.9619,219.412,5:44:55:880787,0
526.0849,219.0331,5:44:55:885820,0
526.2325,218.625,5:44:55:888830,0
526.4046,218.2752,5:44:55:892833,0
526.5768,217.9837,5:44:55:896885,0
526.749,217.6922,5:44:55:900830,0
526.9949,217.4299,5:44:55:904830,0
527.29,217.1384,5:44:55:908802,0
527.6343,216.876,5:44:55:912841,0
528.0278,216.5553,5:44:55:916806,0
528.3967,216.2639,5:44:55:920789,0
528.8394,215.8849,5:44:55:924805,0
529.2575,215.506,5:44:55:928786,0
529.774,215.127,5:44:55:932786,0
530.2905,214.748,5:44:55:936786,0
530.8315,214.3691,5:44:55:941791,0
531.3234,213.9901,5:44:55:945455,0
531.8398,213.6695,5:44:55:949467,0
532.3563,213.2614,5:44:55:952810,0
532.8236,212.9116,5:44:55:956803,0
533.2909,212.5035,5:44:55:960927,0
533.7336,212.0954,5:44:55:964807,0
534.1763,211.7456,5:44:55:968807,0
534.619,211.3667,5:44:55:972808,0
535.037,210.9585,5:44:55:976807,0
535.4797,210.6379,5:44:55:980807,0
535.947,210.3172,5:44:55:984678,0
536.3897,209.9966,5:44:55:990897,0
536.8324,209.7343,5:44:55:992905,0
537.2013,209.5011,5:44:55:996907,1644
537.521,209.3261,5:44:56:000908,1682
537.767,209.1804,5:44:56:005399,1764
537.9145,209.0638,5:44:56:008920,1880
538.0375,209.0055,5:44:56:012919,2024
538.0867,208.918,5:44:56:016917,2161
538.0867,208.918,5:44:56:020966,2305
538.0867,208.918,5:44:56:024917,2463
538.0867,208.918,5:44:56:029357,2638
538.0867,209.6176,5:44:56:033145,2828
538.0867,209.6176,5:44:56:037586,3011
538.0867,210.6379,5:44:56:040596,3188
538.0867,211.3958,5:44:56:045596,3350
538.0867,212.3286,5:44:56:048596,3504
537.521,213.378,5:44:56:052599,3637
537.521,214.5732,5:44:56:056597,3744
536.8816,216.0307,5:44:56:061532,3830
536.4143,217.6631,5:44:56:065533,3886
535.824,219.3537,5:44:56:069532,3921
535.1354,221.161,5:44:56:072532,3942
534.3238,223.0266,5:44:56:077360,3957
533.3155,224.9505,5:44:56:081245,3964
532.1595,226.9036,5:44:56:085439,3966
530.8315,228.7984,5:44:56:088479,3965
529.3559,230.5473,5:44:56:093449,3960
527.6835,232.2089,5:44:56:096448,3959
525.839,233.7538,5:44:56:101606,3957
523.8223,235.2113,5:44:56:104616,3958
521.7318,236.5814,5:44:56:108615,3961
519.5184,237.864,5:44:56:112615,3960
517.2803,239.03,5:44:56:116625,3959
515.0177,240.0794,5:44:56:120616,3958
512.7551,241.0414,5:44:56:125767,3946
510.6154,241.8575,5:44:56:128775,3918
508.6479,242.528,5:44:56:133462,3884
506.828,243.0818,5:44:56:136501,3838
505.254,243.4608,5:44:56:140497,3796
503.9013,243.694,5:44:56:145513,3746
502.77,243.7231,5:44:56:149498,3689
501.8846,243.7231,5:44:56:152501,3627
501.1469,243.7231,5:44:56:157453,3560
500.5812,242.7321,5:44:56:161463,3515
500.1139,242.0325,5:44:56:165760,3485
499.745,241.2162,5:44:56:168762,3467
499.4745,240.2834,5:44:56:173761,3461
499.2531,239.2341,5:44:56:176762,3457
499.1302,238.1263,5:44:56:181398,3467
499.1056,237.0186,5:44:56:184814,3483
499.1056,235.9109,5:44:56:189271,3507
499.1056,234.8324,5:44:56:193268,3544
499.1056,233.8121,5:44:56:197269,3591
499.745,232.8793,5:44:56:201269,3659
499.745,232.0632,5:44:56:204959,3745
500.3107,231.3636,5:44:56:208966,3832
500.3107,230.8097,5:44:56:212970,3907
500.7534,230.4016,5:44:56:216969,3952
500.7534,230.1101,5:44:56:221097,3973
500.7534,229.9352,5:44:56:224614,3997
501.196,229.9352,5:44:56:229769,4028
501.196,229.9352,5:44:56:232782,4079
501.7125,230.664,5:44:56:236779,4151
502.1552,230.664,5:44:56:240779,4223
502.6963,232.0632,5:44:56:244832,4301
503.4095,233.0834,5:44:56:248805,4381
504.2457,234.3077,5:44:56:253455,4461
505.254,235.6777,5:44:56:256464,4540
506.3607,237.1644,5:44:56:261531,4608
507.492,238.7677,5:44:56:264558,4658
508.7217,240.3418,5:44:56:269532,4694
509.9514,241.9742,5:44:56:272531,4713
511.2057,243.6357,5:44:56:277390,4731
512.4846,245.3264,5:44:56:280783,4748
513.7634,247.0171,5:44:56:285061,4757
514.9685,248.7078,5:44:56:289063,4767
516.1736,250.4568,5:44:56:293086,4771
517.4279,252.3515,5:44:56:297062,4773
518.7314,254.2755,5:44:56:301384,4781
520.1086,256.1993,5:44:56:304887,4783
521.5596,258.1233,5:44:56:308945,4783
523.0845,259.9597,5:44:56:312942,4790
524.7076,261.6504,5:44:56:316943,4791
526.5768,263.1079,5:44:56:320943,4792
528.4951,264.2739,5:44:56:325198,4796
530.5364,265.0318,5:44:56:329098,4790
532.676,265.4399,5:44:56:333900,4783
534.9879,265.4399,5:44:56:336900,4782
537.398,265.4399,5:44:56:340970,4773
539.9066,264.1281,5:44:56:344897,4755
542.489,262.8747,5:44:56:349452,4734
545.268,261.3297,5:44:56:352462,4702
548.0717,259.5225,5:44:56:357405,4657
550.9492,257.4528,5:44:56:361403,4590
553.8267,255.2083,5:44:56:365402,4493
556.5566,252.7888,5:44:56:369402,4354
559.1881,250.3111,5:44:56:373309,4196
561.5983,247.7458,5:44:56:377319,4033
563.8855,245.1223,5:44:56:381319,3894
565.7546,242.3531,5:44:56:385318,3798
567.3532,239.5838,5:44:56:389319,3744
568.6321,236.7563,5:44:56:393390,3728
569.6158,233.987,5:44:56:397400,3733
570.329,231.1304,5:44:56:401397,3747
570.8701,228.3902,5:44:56:405400,3760
571.2144,225.7959,5:44:56:409400,3782
571.362,223.4348,5:44:56:413400,3804
571.4112,221.2776,5:44:56:417386,3831
571.4112,219.4412,5:44:56:421395,3866
571.4112,217.8088,5:44:56:425395,3909
571.4112,216.4388,5:44:56:429395,3964
570.7717,215.3893,5:44:56:433406,4037
570.7717,214.6315,5:44:56:437395,4095
570.7717,214.1068,5:44:56:441391,4138
570.2061,213.6987,5:44:56:445400,4159
570.2061,213.5237,5:44:56:449395,4150
570.2061,213.5237,5:44:56:453418,4158
570.2061,213.5237,5:44:56:457446,4192
569.788,213.5237,5:44:56:460786,4249
569.788,214.8064,5:44:56:464993,4332
569.788,215.7392,5:44:56:469991,4428
569.4437,216.9926,5:44:56:472989,4517
569.4437,218.5376,5:44:56:476990,4594
569.124,220.4323,5:44:56:480825,4659
568.9764,222.6185,5:44:56:484824,4710
568.7797,225.038,5:44:56:488824,4753
568.5829,227.6615,5:44:56:492823,4790
568.337,230.5473,5:44:56:496825,4816
568.0665,233.4332,5:44:56:500824,4840
567.6975,236.3482,5:44:56:505435,4852
567.304,239.3215,5:44:56:509453,4852
566.9105,242.3822,5:44:56:513445,4869
566.4432,245.5304,5:44:56:517457,4878
565.9022,248.8244,5:44:56:521462,4888
565.3365,252.2641,5:44:56:525443,4895
564.8201,255.7912,5:44:56:529730,4890
564.3528,259.3184,5:44:56:532734,4879
563.8855,262.8747,5:44:56:537445,4867
563.4428,266.3144,5:44:56:540456,4855
563.0247,269.6083,5:44:56:545453,4828
562.7296,272.64,5:44:56:549455,4777
562.4344,275.3509,5:44:56:553475,4710
562.2131,277.7412,5:44:56:557454,4627
562.041,279.84,5:44:56:561446,4523
561.8196,281.6765,5:44:56:565456,4404
561.6229,283.2505,5:44:56:568927,4253
561.4016,284.5623,5:44:56:572927,4057
561.1556,285.6408,5:44:56:576924,3826
560.8851,286.4862,5:44:56:580925,3560
560.5654,287.04,5:44:56:585455,3249
560.1473,287.3607,5:44:56:589465,2873
559.68,287.3607,5:44:56:593466,2380
559.1635,287.3607,5:44:56:596465,1701
558.6224,286.5445,5:44:56:601736,1017
558.0076,285.6992,5:44:56:604746,466
557.2944,284.5623,5:44:56:608745,0
556.4828,283.0465,5:44:56:612745,0
555.5236,281.1809,5:44:56:616750,0
554.4415,278.9947,5:44:56:620749,0
553.2118,276.5461,5:44:56:625349,0
551.7608,273.9225,5:44:56:629364,0
549.9655,271.1533,5:44:56:633361,0
547.8749,268.2675,5:44:56:637357,0
545.391,265.2358,5:44:56:641411,0
542.4398,262.2917,5:44:56:645357,0
539.0458,259.3475,5:44:56:648774,0
535.1354,256.4908,5:44:56:652777,0
530.6102,253.6924,5:44:56:656774,0
525.6176,250.894,5:44:56:660791,0
520.1824,248.1539,5:44:56:665441,0
514.3783,245.5013,5:44:56:669449,0
508.1807,242.907,5:44:56:673390,0
501.5895,240.3126,5:44:56:677399,0
494.7771,237.9223,5:44:56:681401,0
487.7924,235.532,5:44:56:685400,0
480.857,233.3457,5:44:56:689400,0
473.5772,231.2469,5:44:56:693412,0
466.2237,229.2356,5:44:56:697401,0
458.9686,227.4283,5:44:56:701399,0
451.5904,225.7376,5:44:56:705443,0
444.3599,224.1635,5:44:56:708454,0
437.1785,222.7643,5:44:56:713452,0
430.2185,221.4234,5:44:56:717454,0
423.3568,220.17,5:44:56:721452,0
416.7165,219.0623,5:44:56:724456,0
410.1992,218.1003,5:44:56:729498,0
403.6326,217.1675,5:44:56:732508,0
397.3366,216.3221,5:44:56:737447,0
391.0898,215.4476,5:44:56:740457,0
384.843,214.5732,5:44:56:745509,0
378.4978,213.7569,5:44:56:749522,0
372.1526,212.8824,5:44:56:753518,0
365.9304,212.0371,5:44:56:756519,0
359.8803,211.1043,5:44:56:761517,0
353.9778,210.1715,5:44:56:764519,0
348.2967,209.3261,5:44:56:769547,0
342.9598,208.4808,5:44:56:773063,0
338.0411,207.6646,5:44:56:777087,0
333.5896,206.8775,5:44:56:781062,0
329.6054,206.2654,5:44:56:785146,0
326.1131,205.6241,5:44:56:789063,0
323.0881,205.0411,5:44:56:793397,0
320.5303,204.429,5:44:56:797407,0
318.2431,203.8459,5:44:56:801408,0
316.2018,203.263,5:44:56:805407,0
314.3573,202.6508,5:44:56:809438,0
312.562,202.0678,5:44:56:813416,0
310.9142,201.4848,5:44:56:817381,0
309.1434,200.8435,5:44:56:821380,0
307.2989,200.2605,5:44:56:825381,0
305.479,199.6775,5:44:56:829418,0
303.4377,199.1236,5:44:56:833401,0
301.3226,198.599,5:44:56:837444,0
299.1338,197.9868,5:44:56:841454,0
296.9449,197.433,5:44:56:845096,0
294.6331,196.9374,5:44:56:848991,0
292.3213,196.4418,5:44:56:853018,0
290.1079,196.0046,5:44:56:856975,0
287.8206,195.5674,5:44:56:861397,0
285.7302,195.1884,5:44:56:864986,0
283.7627,194.7803,5:44:56:869679,0
281.9182,194.5179,5:44:56:873201,0
280.1966,194.2847,5:44:56:877247,0
278.598,194.139,5:44:56:881201,0
277.1716,193.9933,5:44:56:885201,0
275.8927,193.935,5:44:56:889201,0
274.7368,193.9058,5:44:56:893327,0
273.7284,193.9058,5:44:56:897335,0
272.7693,193.9058,5:44:56:901337,0
271.9085,193.9058,5:44:56:905336,0
271.1461,193.9058,5:44:56:909337,0
270.4575,193.9058,5:44:56:913731,0
269.7934,194.6929,5:44:56:916741,0
269.0802,194.6929,5:44:56:920741,0
268.3178,195.305,5:44:56:924741,0
267.5554,195.305,5:44:56:928743,0
266.793,195.9171,5:44:56:932923,0
266.0552,195.9171,5:44:56:937447,0
265.2682,196.5293,5:44:56:940486,0
264.4566,196.5293,5:44:56:944720,0
263.6696,196.9957,5:44:56:948694,0
263.0302,196.9957,5:44:56:952693,0
262.3661,197.258,5:44:56:956691,0
261.8005,197.258,5:44:56:961449,0
261.3332,197.258,5:44:56:964965,0
260.9643,197.258,5:44:56:969454,0
260.7184,197.258,5:44:56:973465,0
260.5216,197.258,5:44:56:976754,0
260.3986,197.258,5:44:56:980756,0
260.3248,196.4418,5:44:56:984759,0
260.3248,196.4418,5:44:56:988843,0
260.3248,195.8297,5:44:56:992756,0
260.3248,195.8297,5:44:56:997453,0
260.3248,195.1884,5:44:57:001463,0
260.3248,195.1884,5:44:57:005464,0
260.3248,194.6054,5:44:57:009467,0
260.3248,194.6054,5:44:57:012463,0
260.3248,193.9641,5:44:57:017469,0
260.3248,193.9641,5:44:57:020475,0
259.8084,193.4102,5:44:57:025442,0
259.8084,193.1479,5:44:57:030453,0
259.2919,192.8564,5:44:57:033948,0
259.2919,192.5649,5:44:57:036948,0
258.7509,192.3026,5:44:57:040996,0
258.7509,192.0402,5:44:57:044949,0
258.0622,191.807,5:44:57:048927,0
257.6195,191.6321,5:44:57:052959,0
257.1523,191.4863,5:44:57:057396,0
256.6112,191.3698,5:44:57:061429,0
256.0455,191.3406,5:44:57:064611,0
255.4307,191.3406,5:44:57:068610,0
254.7667,191.3406,5:44:57:072609,0
254.1272,191.3406,5:44:57:076613,0
253.4386,191.3406,5:44:57:080607,0
252.7008,191.3406,5:44:57:085566,0
252.0122,192.0402,5:44:57:089577,0
251.2743,192.0402,5:44:57:093577,0
250.4874,192.5941,5:44:57:096576,0
249.7495,192.5941,5:44:57:100579,0
248.9871,193.177,5:44:57:104576,0
248.2985,193.177,5:44:57:109396,0
247.6099,193.5851,5:44:57:113451,0
246.9704,193.5851,5:44:57:117396,1707
246.4048,193.5851,5:44:57:121421,1707
245.9375,193.5851,5:44:57:125460,1696
245.5932,193.9058,5:44:57:129457,1685
245.3718,193.9058,5:44:57:133388,1700
245.2489,193.9058,5:44:57:137316,1754
245.2489,193.9058,5:44:57:141443,1854
245.2489,193.9058,5:44:57:144456,1976
245.8637,193.9058,5:44:57:150518,2088
246.5032,194.6054,5:44:57:153497,2185
247.3639,194.6054,5:44:57:156512,2265
248.569,194.6054,5:44:57:160496,2339
250.1184,195.3633,5:44:57:165494,2406
251.9876,195.3633,5:44:57:168497,2464
254.2502,195.3633,5:44:57:173443,2517
256.9555,195.3633,5:44:57:177453,2567
260.0543,195.3633,5:44:57:181446,2631
263.645,195.3633,5:44:57:185454,2696
267.6292,195.3633,5:44:57:189456,2775
272.0561,194.5471,5:44:57:192459,2863
276.8026,194.5471,5:44:57:197457,2949
281.9182,193.4977,5:44:57:200454,3047
287.4763,192.8564,5:44:57:205468,3142
293.4034,192.2151,5:44:57:209469,3237
299.6011,191.603,5:44:57:213454,3336
305.9709,190.9617,5:44:57:217456,3426
312.4882,190.4078,5:44:57:221781,3518
319.2515,189.8539,5:44:57:225792,3622
326.1377,189.3875,5:44:57:229356,3734
333.0732,188.9211,5:44:57:233366,3859
339.9594,188.5714,5:44:57:237394,3979
346.8948,188.309,5:44:57:241363,4083
353.8795,188.0466,5:44:57:245444,4165
360.8395,187.9009,5:44:57:249455,4225
367.8733,187.7551,5:44:57:253369,4269
374.8087,187.6677,5:44:57:257378,4306
381.818,187.6385,5:44:57:261477,4337
388.8272,187.6385,5:44:57:265483,4360
395.861,187.6094,5:44:57:269447,4389
402.5997,187.5511,5:44:57:272458,4406
409.2892,187.5511,5:44:57:276699,4423
415.9049,187.5511,5:44:57:280696,4440
422.3731,187.5511,5:44:57:284696,4449
428.5953,187.5219,5:44:57:288694,4461
434.5224,187.5219,5:44:57:293451,4472
440.1298,187.5219,5:44:57:297461,4484
445.4912,187.5219,5:44:57:301462,4493
450.5575,187.5219,5:44:57:305461,4496
455.1811,187.5219,5:44:57:309461,4498
459.3621,187.5219,5:44:57:312461,4495
463.0757,187.5219,5:44:57:317462,4486
466.3221,187.5219,5:44:57:321472,4463
469.052,187.5219,5:44:57:325488,4416
471.2654,187.5219,5:44:57:329471,4361
472.9378,187.5219,5:44:57:333489,4312
474.1429,187.5219,5:44:57:336473,4265
474.9299,187.5219,5:44:57:341445,4219
475.348,187.5219,5:44:57:345456,4146
475.5693,187.5219,5:44:57:349444,4026
475.6431,187.5219,5:44:57:353454,3850
475.6431,187.5219,5:44:57:357453,3607
475.6431,187.5219,5:44:57:360454,3301
475.6431,187.5219,5:44:57:365454,2935
475.6431,187.5219,5:44:57:368474,2495
475.6431,187.5219,5:44:57:373449,1967
475.6431,187.5219,5:44:57:376965,1366
475.6431,187.5219,5:44:57:381349,783
476.3564,187.5219,5:44:57:385353,347
476.9466,187.0847,5:44:57:389369,0
477.709,187.0847,5:44:57:393353,0
478.6927,186.4142,5:44:57:397388,0
479.947,185.9187,5:44:57:400581,0
481.4472,185.4231,5:44:57:405441,0
483.2672,184.9276,5:44:57:408451,0
485.3823,184.4904,5:44:57:413451,0
487.817,184.1114,5:44:57:417451,0
490.4977,183.8199,5:44:57:421451,0
493.449,183.6741,5:44:57:424451,0
496.4986,183.6741,5:44:57:429439,0
499.7696,183.6741,5:44:57:432954,0
503.2127,183.6741,5:44:57:437184,0
506.6313,184.6361,5:44:57:441193,0
510.0498,184.6361,5:44:57:445278,0
513.4683,185.7438,5:44:57:449193,0
516.8376,186.3268,5:44:57:453321,0
520.1086,186.9389,5:44:57:457271,0
523.2812,187.5219,5:44:57:461305,0
526.2079,188.0175,5:44:57:465338,0
528.9624,188.4839,5:44:57:469323,0
531.4955,188.4839,5:44:57:473311,0
533.709,189.1252,5:44:57:477327,0
535.7256,189.1252,5:44:57:481311,0
537.521,189.5333,5:44:57:485568,0
539.0704,189.5333,5:44:57:488578,0
540.423,189.5333,5:44:57:493309,0
541.6774,189.7957,5:44:57:497363,0
542.7349,189.7957,5:44:57:501309,0
543.6448,189.7957,5:44:57:505343,0
544.4564,189.7957,5:44:57:509312,0
545.0713,189.7957,5:44:57:513345,0
545.637,189.7957,5:44:57:517514,0
546.1288,189.7957,5:44:57:520514,0
546.5469,189.7957,5:44:57:525518,0
546.8912,189.7957,5:44:57:530535,0
547.1863,189.7957,5:44:57:533516,0
547.4814,189.7957,5:44:57:537526,0
547.7028,189.7957,5:44:57:540531,0
547.9487,189.7957,5:44:57:545503,0
548.1701,189.7957,5:44:57:548516,0
548.3422,189.7957,5:44:57:552889,0
548.539,189.7957,5:44:57:556882,0
548.662,189.7957,5:44:57:560881,0
548.7358,189.7957,5:44:57:564881,0
548.7603,190.2621,5:44:57:568906,0
548.8587,190.2621,5:44:57:572879,0
548.8587,190.2621,5:44:57:577312,0
548.8587,190.2621,5:44:57:580923,0
548.8587,190.2621,5:44:57:585438,0
548.8587,190.6702,5:44:57:589367,0
548.2931,190.6702,5:44:57:593462,0
548.2931,190.9617,5:44:57:597348,0
547.629,191.1657,5:44:57:601404,0
547.629,191.3406,5:44:57:605415,0
546.6945,191.603,5:44:57:609444,0
546.1288,191.9236,5:44:57:612450,0
545.514,192.3609,5:44:57:617312,0
544.8253,192.8273,5:44:57:621359,0
544.1121,193.3811,5:44:57:625309,0
543.4235,193.9641,5:44:57:629364,0
542.7595,194.6346,5:44:57:632514,0
542.1692,195.2467,5:44:57:636536,0
541.6774,195.8297,5:44:57:640542,0
541.2593,196.2961,5:44:57:644525,2060
541.0133,196.7042,5:44:57:649310,2062
540.8166,197.0248,5:44:57:653342,2087
540.8166,197.2872,5:44:57:657309,2153
540.8166,197.4912,5:44:57:661343,2264
540.8166,197.5495,5:44:57:665309,2414
540.8166,197.6662,5:44:57:668605,2584
541.7511,197.7827,5:44:57:673002,2747
542.3906,197.9285,5:44:57:676976,2901
543.2267,198.0451,5:44:57:680985,3037
544.2843,198.1617,5:44:57:684975,3163
545.5386,198.22,5:44:57:689288,3280
547.1125,198.3366,5:44:57:693317,3388
548.9079,198.3949,5:44:57:697288,3499
550.9984,198.4823,5:44:57:700716,3610
553.384,198.5698,5:44:57:704717,3721
555.9663,198.6572,5:44:57:708718,3828
558.6962,198.7447,5:44:57:712717,3917
561.5983,198.8613,5:44:57:716717,3992
564.6971,198.9487,5:44:57:721364,4053
567.8205,199.0654,5:44:57:725371,4100
570.8947,199.1528,5:44:57:729431,4144
573.9935,199.2694,5:44:57:733482,4176
577.0186,199.3277,5:44:57:737468,4202
579.9944,199.4443,5:44:57:741475,4224
582.8719,199.5318,5:44:57:745487,4235
585.6264,199.59,5:44:57:749466,4242
588.2333,199.6775,5:44:57:753308,4246
590.7173,199.765,5:44:57:757341,4246
593.0291,199.8815,5:44:57:761018,4251
595.1688,199.969,5:44:57:764991,4256
597.1116,200.0273,5:44:57:769014,4259
598.8332,200.1147,5:44:57:772990,4262
600.3334,200.173,5:44:57:777001,4262
601.5877,200.2605,5:44:57:781041,4263
602.5469,200.2605,5:44:57:785041,4267
603.2601,200.2896,5:44:57:789300,4275
603.8257,200.2896,5:44:57:793312,4282
604.1946,200.2896,5:44:57:797334,4286
604.416,200.3188,5:44:57:801313,4290
604.5144,200.3188,5:44:57:805337,4287
604.5144,200.3188,5:44:57:809335,4286
604.5144,200.3188,5:44:57:813288,4283
604.5144,200.3188,5:44:57:817338,4267
604.5144,200.3188,5:44:57:821537,4236
604.5144,200.3188,5:44:57:824579,4179
604.5144,200.3188,5:44:57:828582,4084
604.5144,200.3188,5:44:57:832547,3959
604.5144,200.3188,5:44:57:836550,3810
604.5144,200.3188,5:44:57:841465,3641
604.5144,200.3188,5:44:57:844475,3455
604.5144,200.3188,5:44:57:848775,3240
604.5144,200.3188,5:44:57:852742,2984
604.5144,199.765,5:44:57:856769,2678
604.5144,199.765,5:44:57:860741,2295
604.5144,199.765,5:44:57:864764,1782
604.5144,199.765,5:44:57:868768,1165
604.5144,199.765,5:44:57:872954,628
604.5144,199.4151,5:44:57:876957,224
604.0225,199.4151,5:44:57:880953,0
604.0225,199.1236,5:44:57:884953,0
603.4814,199.1236,5:44:57:889528,0
603.4814,198.7738,5:44:57:893520,0
602.7437,198.5698,5:44:57:896533,0
602.2272,198.3658,5:44:57:901529,0
601.7107,198.22,5:44:57:904530,0
601.0712,198.1034,5:44:57:908769,0
600.4564,198.0742,5:44:57:912769,0
599.817,198.0742,5:44:57:916769,0
599.1776,198.0742,5:44:57:920769,0
598.4643,198.0742,5:44:57:925308,0
597.7019,198.0742,5:44:57:928875,0
596.8657,198.0742,5:44:57:932873,0
595.9312,199.0362,5:44:57:937875,0
594.9474,199.0362,5:44:57:940885,0
593.8653,199.8232,5:44:57:944913,0
592.5864,199.8232,5:44:57:948885,0
591.2338,200.6978,5:44:57:952885,0
589.6843,201.3391,5:44:57:957476,0
587.9628,202.0095,5:44:57:960991,0
586.3888,202.7383,5:44:57:965002,0
584.3721,203.5253,5:44:57:969007,0
584.3721,203.5253,5:44:57:988241,0
