188.4865,167.9915,1:45:15:762287,0
186.9617,167.9915,1:45:15:765305,0
185.3631,167.9915,1:45:15:769305,0
183.6415,167.9915,1:45:15:774308,0
181.7478,167.9915,1:45:15:778306,0
179.7557,167.0878,1:45:15:782211,0
177.4931,167.0878,1:45:15:786187,0
175.1321,166.3008,1:45:15:789348,0
172.4268,166.3008,1:45:15:794348,0
171.2463,165.4845,1:45:15:797349,0
169.9182,165.4845,1:45:15:802679,0
168.4918,164.7267,1:45:15:805733,0
167.1637,164.3185,1:45:15:810694,0
165.6635,163.9688,1:45:15:813698,0
164.2125,163.6772,1:45:15:817784,0
162.7122,163.4149,1:45:15:821697,0
161.3596,163.2108,1:45:15:826705,0
159.884,162.9776,1:45:15:830536,0
158.3837,162.8319,1:45:15:833537,0
156.8589,162.7153,1:45:15:838102,0
155.3587,162.7153,1:45:15:842119,0
153.8585,162.657,1:45:15:846121,0
152.2845,162.5987,1:45:15:850120,0
150.7843,162.5695,1:45:15:854121,0
149.2349,162.5404,1:45:15:858353,0
147.7838,162.5112,1:45:15:862323,0
146.4066,162.4238,1:45:15:865341,0
145.0047,162.3363,1:45:15:870341,0
143.6275,162.2489,1:45:15:873342,0
142.2994,162.1323,1:45:15:878339,0
141.1189,161.9283,1:45:15:881363,0
139.8893,161.6951,1:45:15:886628,0
138.8071,161.3744,1:45:15:889649,0
137.6758,161.0246,1:45:15:893647,0
136.6429,160.5291,1:45:15:897655,0
135.7329,159.9752,1:45:15:901647,0
134.8967,159.2756,1:45:15:905648,0
134.1835,158.4886,1:45:15:910645,0
133.5441,157.5849,1:45:15:913653,0
132.9784,156.4772,1:45:15:918171,0
132.4865,155.3112,1:45:15:922191,0
132.0193,153.9703,1:45:15:926483,0
131.5766,152.5128,1:45:15:929507,0
131.1093,150.7638,1:45:15:934502,1141
130.5928,149.0731,1:45:15:937521,1142
130.0517,147.295,1:45:15:941580,1191
129.4369,145.5459,1:45:15:945503,1273
128.8221,143.9135,1:45:15:950326,1354
128.2072,142.2811,1:45:15:953344,1429
127.5432,140.7362,1:45:15:958343,1461
126.9037,139.3661,1:45:15:961343,1460
126.3135,138.2585,1:45:15:966340,1459
125.7724,137.1508,1:45:15:969343,1466
125.3052,136.1013,1:45:15:974340,1486
124.8625,135.1394,1:45:15:977343,1524
124.469,134.1774,1:45:15:982687,1559
124.1247,133.3029,1:45:15:985706,1604
123.8295,132.4868,1:45:15:989706,1642
123.5836,131.6997,1:45:15:993705,1686
123.436,130.9418,1:45:15:998324,1741
123.3377,130.3005,1:45:16:001368,1801
123.2639,129.7466,1:45:16:005343,1873
123.2393,129.2511,1:45:16:009342,1919
123.2393,128.8721,1:45:16:014205,1957
123.2393,128.6681,1:45:16:018227,1950
123.2393,128.4641,1:45:16:022226,1921
123.2393,128.4641,1:45:16:026226,1895
123.2393,128.4641,1:45:16:030224,1876
123.8541,128.4641,1:45:16:034226,1891
123.8541,129.5426,1:45:16:038227,1921
124.7641,130.3297,1:45:16:042226,1962
125.4281,131.3208,1:45:16:045916,2014
126.2397,132.6325,1:45:16:049939,2080
127.2727,134.3232,1:45:16:053994,2147
128.404,136.3345,1:45:16:057957,2223
129.6091,138.8123,1:45:16:062425,2301
130.8879,141.6107,1:45:16:065441,2372
132.2406,144.7881,1:45:16:069475,2435
133.5686,148.2569,1:45:16:074732,2496
134.9459,151.9007,1:45:16:078347,2540
136.3232,155.6902,1:45:16:081358,2578
137.7004,159.4505,1:45:16:086363,2611
139.0039,163.2983,1:45:16:089363,2633
140.3073,167.0878,1:45:16:093363,2665
141.5862,170.819,1:45:16:098363,2691
142.7913,174.6085,1:45:16:102360,2712
143.898,178.4854,1:45:16:106392,2732
144.9064,182.4207,1:45:16:109357,2735
145.7917,186.3268,1:45:16:113358,2739
146.505,190.2912,1:45:16:118026,2743
147.046,194.1973,1:45:16:122040,2748
147.4395,197.9285,1:45:16:126124,2751
147.5625,201.5139,1:45:16:130138,2759
147.5625,204.8954,1:45:16:134138,2761
147.5625,207.9561,1:45:16:138143,2767
146.6033,210.8711,1:45:16:142365,2777
145.8655,213.6987,1:45:16:146379,2781
144.9064,216.4096,1:45:16:150122,2788
143.7751,219.004,1:45:16:154136,2788
142.3486,221.4817,1:45:16:158138,2778
140.7254,223.8137,1:45:16:162137,2761
138.8809,225.9417,1:45:16:166137,2739
136.7904,227.953,1:45:16:170136,2713
134.454,229.702,1:45:16:174552,2690
131.7979,231.1595,1:45:16:177572,2660
128.9204,232.3546,1:45:16:181570,2631
125.8462,233.2874,1:45:16:185570,2597
122.649,233.987,1:45:16:189570,2569
119.4027,234.4243,1:45:16:193570,2549
116.1317,234.7158,1:45:16:197592,2532
112.8361,234.8033,1:45:16:201569,2525
109.6143,234.8033,1:45:16:206485,2518
106.5647,234.8033,1:45:16:209516,2513
103.6381,233.987,1:45:16:213518,2516
100.9082,233.987,1:45:16:218041,2516
98.27663,232.7919,1:45:16:222043,2513
95.89103,232.0923,1:45:16:226042,2514
93.6284,231.3053,1:45:16:230043,2515
91.63631,230.5182,1:45:16:234043,2521
89.89016,229.702,1:45:16:238049,2534
88.38994,228.9733,1:45:16:242041,2553
87.16025,228.332,1:45:16:246042,2574
86.22569,227.8073,1:45:16:250043,2587
85.53706,227.37,1:45:16:254041,2575
85.06978,227.0493,1:45:16:258041,2545
84.84843,227.0493,1:45:16:262043,2514
84.84843,227.0493,1:45:16:266387,2484
84.84843,227.0493,1:45:16:269405,2474
85.83218,227.9821,1:45:16:274406,2476
86.69297,228.7692,1:45:16:277411,2478
87.84888,229.8477,1:45:16:281405,2489
89.34909,231.1595,1:45:16:285405,2515
91.11984,232.7628,1:45:16:289411,2542
93.23491,234.5409,1:45:16:293411,2575
95.57131,236.5522,1:45:16:297405,2613
98.15366,238.6802,1:45:16:301411,2645
100.9819,241.0122,1:45:16:305405,2681
104.0316,243.694,1:45:16:309405,2722
107.3763,246.6382,1:45:16:314349,2763
110.8932,249.903,1:45:16:317392,2809
114.6315,253.5175,1:45:16:321385,2854
118.5173,257.4236,1:45:16:325367,2892
122.6244,261.5338,1:45:16:330379,2921
126.83,265.8188,1:45:16:333402,2943
131.1093,270.2788,1:45:16:337399,2964
135.487,274.7096,1:45:16:342394,2999
139.8647,279.2278,1:45:16:346111,3033
144.2423,283.7752,1:45:16:350125,3057
148.5708,288.381,1:45:16:354055,3081
152.8256,292.9575,1:45:16:358070,3087
156.9327,297.5049,1:45:16:362073,3087
160.9661,302.0232,1:45:16:366070,3089
164.8273,306.5414,1:45:16:370073,3087
168.4426,310.9139,1:45:16:374069,3069
171.8365,315.1407,1:45:16:378069,3025
175.0583,319.2508,1:45:16:382074,2932
178.0341,323.2152,1:45:16:386068,2761
180.7887,327.0047,1:45:16:390088,2502
183.2726,330.765,1:45:16:394126,2112
185.4861,334.3214,1:45:16:398144,1571
187.5273,337.6736,1:45:16:402141,970
189.2489,340.7926,1:45:16:406145,473
190.6753,343.6494,1:45:16:410145,0
191.7821,346.0105,1:45:16:414146,0
192.5199,347.8178,1:45:16:418145,0
192.9626,349.1295,1:45:16:422145,0
193.0855,349.8292,1:45:16:426274,0
193.0855,350.0041,1:45:16:430292,0
192.3723,350.0041,1:45:16:434061,0
191.6345,348.9838,1:45:16:438079,0
190.6508,347.847,1:45:16:442079,0
189.544,346.4769,1:45:16:446080,0
188.3143,344.7862,1:45:16:450334,0
186.9863,342.8914,1:45:16:453352,0
185.5598,340.9092,1:45:16:457357,0
184.035,338.6356,1:45:16:461352,0
182.461,336.3327,1:45:16:465372,0
180.8378,333.8549,1:45:16:469357,0
179.1163,331.1148,1:45:16:474364,0
177.2717,328.1707,1:45:16:477382,0
175.2797,325.0808,1:45:16:481385,0
173.0908,321.8743,1:45:16:486378,0
170.8528,318.4346,1:45:16:490129,0
168.5656,315.024,1:45:16:494143,0
166.18,311.3511,1:45:16:498063,0
163.696,307.5325,1:45:16:502082,0
161.212,303.743,1:45:16:506077,0
158.6543,299.8077,1:45:16:510082,0
156.2687,295.6685,1:45:16:514405,0
153.6617,291.4417,1:45:16:517423,0
151.1778,287.2149,1:45:16:522423,0
148.4725,282.9299,1:45:16:525424,0
145.6934,278.7032,1:45:16:529424,0
142.9881,274.6222,1:45:16:534424,0
140.209,270.6286,1:45:16:537424,0
137.5037,266.7808,1:45:16:541428,0
134.7737,263.2537,1:45:16:546373,0
132.216,259.9305,1:45:16:549416,0
129.5599,256.6657,1:45:16:553393,0
127.1497,253.6342,1:45:16:558393,0
124.6903,250.7483,1:45:16:561392,0
122.2801,248.1248,1:45:16:565392,0
119.9683,245.6762,1:45:16:569392,0
117.5827,243.4899,1:45:16:573392,0
115.1725,241.5369,1:45:16:578128,0
112.8607,239.8754,1:45:16:581407,0
110.5981,238.4178,1:45:16:586122,0
108.4338,237.1935,1:45:16:590145,0
106.4663,236.1733,1:45:16:594142,0
104.5234,235.2113,1:45:16:598137,0
102.6789,234.1328,1:45:16:602137,0
101.0065,232.8502,1:45:16:606187,2508
99.43253,231.3927,1:45:16:610212,2503
98.0061,229.9352,1:45:16:614213,2499
96.77641,228.6234,1:45:16:618219,2494
95.79266,227.3117,1:45:16:622214,2468
95.03025,226.0582,1:45:16:626212,2437
94.58756,225.038,1:45:16:630213,2392
94.53838,224.3676,1:45:16:634212,2347
94.53838,224.1052,1:45:16:638217,2319
95.81725,224.1052,1:45:16:642245,2303
97.24369,224.1052,1:45:16:646267,2302
99.18659,224.1052,1:45:16:650268,2306
101.5722,225.0963,1:45:16:654268,2317
104.5972,225.0963,1:45:16:657267,2333
108.2371,226.1457,1:45:16:661267,2347
112.3934,226.7578,1:45:16:666264,2336
116.9433,227.4574,1:45:16:669268,2319
121.862,228.2737,1:45:16:674268,2298
127.0267,229.1481,1:45:16:678264,2277
132.5603,230.0226,1:45:16:682259,2278
138.4136,230.9263,1:45:16:686261,2284
144.3653,231.83,1:45:16:690266,2288
150.2924,232.6753,1:45:16:693269,2298
156.2195,233.4915,1:45:16:697267,2307
162.3433,234.1619,1:45:16:702176,2323
168.5901,234.8033,1:45:16:706195,2342
174.9599,235.2697,1:45:16:710199,2368
181.2068,235.7652,1:45:16:714181,2409
187.3306,236.1441,1:45:16:718196,2452
193.4544,236.4648,1:45:16:722200,2504
199.6029,236.7271,1:45:16:726196,2553
205.7759,236.9603,1:45:16:730205,2593
211.6784,237.0478,1:45:16:734196,2633
217.3596,237.0478,1:45:16:738164,2665
222.8194,237.0478,1:45:16:742168,2687
228.1808,237.0478,1:45:16:746168,2705
233.4193,237.0478,1:45:16:750164,2715
238.4118,236.0567,1:45:16:754167,2722
243.1338,236.0567,1:45:16:758167,2733
247.4869,234.7741,1:45:16:762334,2739
251.6187,233.8705,1:45:16:765348,2744
255.4799,232.7628,1:45:16:769352,2749
258.9968,231.4801,1:45:16:774349,2747
262.1448,229.9935,1:45:16:779353,2747
264.9977,228.2153,1:45:16:781351,2745
267.457,226.204,1:45:16:786227,2753
269.5721,224.1052,1:45:16:790227,2759
271.4166,221.8024,1:45:16:794228,2761
272.9168,219.412,1:45:16:798227,2761
274.0974,216.8468,1:45:16:801231,2740
275.1057,214.1651,1:45:16:805231,2717
275.7697,211.3958,1:45:16:810397,2692
276.114,208.5099,1:45:16:813415,2664
276.1632,205.4783,1:45:16:817413,2641
276.1632,202.097,1:45:16:821444,2619
276.1632,198.4532,1:45:16:825413,2604
274.9581,194.6346,1:45:16:829415,2604
274.1711,190.6702,1:45:16:833428,2606
273.2857,186.6766,1:45:16:837439,2609
272.302,182.683,1:45:16:841472,2608
271.3182,178.7186,1:45:16:845436,2598
270.3345,174.8125,1:45:16:849439,2589
269.3016,171.0522,1:45:16:853439,2585
268.2686,167.3793,1:45:16:858053,2586
267.2603,163.7647,1:45:16:862070,2582
266.2274,160.0918,1:45:16:866067,2583
265.2682,156.4772,1:45:16:870071,2602
264.309,152.95,1:45:16:874069,2628
263.3007,149.5395,1:45:16:877859,2668
262.2924,146.333,1:45:16:881878,2718
261.3824,143.3597,1:45:16:885879,2767
260.5216,140.7362,1:45:16:889969,2823
259.71,138.4333,1:45:16:893974,2887
258.9968,136.5969,1:45:16:897971,2950
258.3328,135.1102,1:45:16:901969,3004
257.7425,133.886,1:45:16:905976,3046
257.2752,132.9823,1:45:16:909970,3062
256.9309,132.3118,1:45:16:914332,3058
256.6358,131.9621,1:45:16:918351,3045
256.4636,131.8454,1:45:16:921351,3028
256.3653,131.8454,1:45:16:925349,3014
256.3407,132.6325,1:45:16:930353,3003
256.3407,133.5361,1:45:16:933353,3002
256.3407,134.9645,1:45:16:938062,3009
256.3407,136.8884,1:45:16:942081,3028
257.0539,139.4827,1:45:16:946081,3057
257.0539,142.7184,1:45:16:950081,3087
258.0622,146.5662,1:45:16:954080,3116
258.7755,150.8221,1:45:16:958080,3154
259.587,155.457,1:45:16:961858,3196
260.5216,160.5291,1:45:16:965876,3269
261.5791,166.0967,1:45:16:969875,3352
262.7596,172.1308,1:45:16:973876,3430
264.0385,178.3689,1:45:16:977871,3509
265.4649,184.811,1:45:16:981873,3561
267.0143,191.603,1:45:16:986768,3620
268.7359,199.0362,1:45:16:989786,3668
270.605,207.0233,1:45:16:993785,3703
272.5725,215.3311,1:45:16:998255,3725
274.663,223.7262,1:45:17:001273,3740
276.8272,232.3838,1:45:17:005277,3758
279.1391,241.362,1:45:17:010274,3773
281.4755,250.4859,1:45:17:013274,3785
283.8119,259.7265,1:45:17:018273,3795
286.1237,268.8213,1:45:17:022062,3798
288.4847,277.887,1:45:17:026299,3799
290.7473,286.9235,1:45:17:029299,3804
292.9362,295.8142,1:45:17:034332,3808
295.0266,304.4426,1:45:17:037357,3798
297.0925,312.9253,1:45:17:041350,3757
299.0108,321.233,1:45:17:046348,3663
300.8062,329.2784,1:45:17:050352,3480
302.4785,336.7408,1:45:17:053352,3231
304.0034,343.7368,1:45:17:058375,2902
305.4052,350.5287,1:45:17:061391,2499
306.7086,357.0875,1:45:17:065390,1995
307.8646,363.209,1:45:17:070393,1386
308.8483,368.7475,1:45:17:074393,807
309.5861,373.8196,1:45:17:078394,358
310.1272,378.5128,1:45:17:081880,0
310.4223,382.7978,1:45:17:085891,0
310.4961,386.7622,1:45:17:089896,0
310.4961,390.2893,1:45:17:094059,0
309.8813,393.4084,1:45:17:098079,0
309.2172,396.061,1:45:17:102078,0
308.3073,398.4805,1:45:17:106349,0
307.2497,400.6376,1:45:17:110350,0
305.9463,402.5906,1:45:17:114351,0
304.5936,404.2522,1:45:17:118351,0
303.0196,405.6514,1:45:17:122119,0
301.3472,406.7299,1:45:17:126137,0
299.5027,407.4879,1:45:17:130121,0
297.5844,408.0417,1:45:17:134139,0
295.5923,408.2458,1:45:17:138136,0
293.4526,408.2458,1:45:17:142136,0
291.2884,408.2458,1:45:17:146139,0
288.8536,407.1964,1:45:17:150136,0
286.4188,406.3802,1:45:17:154447,0
283.9102,405.389,1:45:17:157466,0
281.1558,404.2522,1:45:17:161467,0
278.4996,402.9113,1:45:17:165466,0
275.5238,401.308,1:45:17:169465,0
272.425,399.7339,1:45:17:173466,0
269.1294,398.0724,1:45:17:177471,0
265.8338,396.2943,1:45:17:181461,0
262.3661,394.5453,1:45:17:190060,0
259.2427,392.7379,1:45:17:191079,0
256.2669,391.0764,1:45:17:194074,0
256.2669,391.0764,1:45:17:211578,0
164.0403,380.32,1:45:17:266224,0
163.2533,380.32,1:45:17:269762,0
162.0236,380.32,1:45:17:273757,0
160.4004,380.32,1:45:17:278309,0
158.2854,380.32,1:45:17:281800,0
155.949,380.32,1:45:17:285815,0
153.2682,380.32,1:45:17:290212,0
150.2186,380.32,1:45:17:294210,0
146.8493,380.32,1:45:17:298210,0
143.9718,381.3403,1:45:17:302210,0
141.2911,381.3403,1:45:17:306213,0
138.8317,382.448,1:45:17:310210,0
136.6921,383.031,1:45:17:314751,0
134.7246,383.7306,1:45:17:318286,0
132.9784,384.4594,1:45:17:322286,0
131.552,385.2755,1:45:17:326327,0
130.4453,386.2083,1:45:17:330286,0
129.6828,387.1703,1:45:17:334283,0
129.1418,388.2488,1:45:17:338286,0
128.8958,389.3857,1:45:17:342286,0
128.7729,390.6974,1:45:17:347498,0
128.7729,391.8634,1:45:17:349518,0
128.7729,392.942,1:45:17:353521,0
128.7729,393.9622,1:45:17:357517,1689
129.7074,394.9242,1:45:17:361520,1683
129.7074,395.9153,1:45:17:365518,1679
130.642,397.023,1:45:17:370524,1679
131.306,398.1599,1:45:17:373536,1685
132.2652,399.355,1:45:17:377536,1708
133.4211,400.8125,1:45:17:382687,1734
134.9213,402.5032,1:45:17:385699,1764
136.6921,404.4271,1:45:17:389708,1785
138.8809,406.4967,1:45:17:394226,1800
141.4141,408.6538,1:45:17:398244,1806
144.2915,410.7527,1:45:17:402245,1821
147.4149,412.9389,1:45:17:406190,1838
150.7597,415.0085,1:45:17:410188,1850
154.2274,417.0199,1:45:17:414188,1871
157.8427,418.9146,1:45:17:418137,1896
161.6301,420.722,1:45:17:422161,1940
165.5405,422.4127,1:45:17:426158,2017
169.5985,423.9868,1:45:17:429640,2113
173.7794,425.386,1:45:17:433586,2213
178.1325,426.6103,1:45:17:437586,2309
182.5348,427.6305,1:45:17:441585,2399
187.0355,428.5341,1:45:17:445584,2479
191.5115,429.2046,1:45:17:450633,2542
196.1843,429.7001,1:45:17:454170,2608
200.8326,430.0208,1:45:17:458190,2678
205.4316,430.1665,1:45:17:462189,2750
209.9568,430.1665,1:45:17:466188,2824
214.3837,430.1665,1:45:17:469187,2890
218.7368,429.3503,1:45:17:474188,2933
222.9423,429.3503,1:45:17:477904,2963
227.0741,427.8637,1:45:17:481928,2993
230.9599,426.7852,1:45:17:485923,3013
234.6982,425.5025,1:45:17:491452,3027
238.1905,424.0159,1:45:17:493922,3037
241.4122,422.2961,1:45:17:498304,3041
244.4127,420.4305,1:45:17:502302,3040
247.0688,418.3025,1:45:17:505304,3039
249.3806,415.9705,1:45:17:510304,3036
251.3973,413.4636,1:45:17:513304,3038
253.0205,410.9858,1:45:17:518303,3042
254.2502,408.4498,1:45:17:522304,3050
255.0126,405.9429,1:45:17:526541,3056
255.4061,403.5526,1:45:17:529560,3057
255.4061,401.1623,1:45:17:533560,3059
255.4061,398.976,1:45:17:537560,3051
253.9797,397.023,1:45:17:541593,3038
252.6762,395.2157,1:45:17:545560,3022
250.93,393.4958,1:45:17:549564,3004
248.7412,391.9509,1:45:17:553560,2988
246.2818,390.5517,1:45:17:557564,2983
243.5027,389.3857,1:45:17:561559,2978
240.4777,388.3946,1:45:17:565560,2973
237.2067,387.6659,1:45:17:569525,2976
233.8374,387.1411,1:45:17:573548,2974
230.3697,386.8788,1:45:17:577543,2976
226.9511,386.8788,1:45:17:581632,2984
223.5326,386.8788,1:45:17:585634,2990
220.1387,387.7824,1:45:17:589633,3007
216.8923,388.5695,1:45:17:593655,3028
213.9164,389.648,1:45:17:597638,3045
211.2357,390.9598,1:45:17:602385,3066
208.8255,392.4756,1:45:17:605403,3085
206.7597,394.2538,1:45:17:610402,3109
205.0873,396.0902,1:45:17:614405,3143
203.8576,398.1599,1:45:17:617403,3174
203.1444,400.4335,1:45:17:621403,3202
202.8984,402.7947,1:45:17:625351,3219
202.8984,405.1559,1:45:17:629352,3235
203.8084,407.5753,1:45:17:633352,3245
205.1611,409.8781,1:45:17:638271,3257
207.2761,412.0644,1:45:17:642290,3262
210.0798,414.1632,1:45:17:645290,3234
213.5229,415.9705,1:45:17:649285,3156
217.5071,417.4863,1:45:17:654288,2960
222.0816,418.594,1:45:17:658285,2550
227.3446,419.3519,1:45:17:662287,1826
233.0996,419.6725,1:45:17:666285,1090
239.248,419.6725,1:45:17:670286,468
245.5932,419.6725,1:45:17:673288,0
252.2089,418.3025,1:45:17:677294,0
258.9968,416.9033,1:45:17:681289,0
265.8093,415.1543,1:45:17:686059,0
272.5971,412.968,1:45:17:690077,0
279.2374,410.5778,1:45:17:694074,0
285.7302,407.8668,1:45:17:698074,0
292.0262,404.9518,1:45:17:702077,0
298.0763,401.8619,1:45:17:706322,0
303.8804,398.772,1:45:17:710343,0
309.4386,395.6238,1:45:17:713341,0
314.7016,392.5339,1:45:17:718058,0
319.8909,389.5898,1:45:17:721568,0
324.8343,386.6165,1:45:17:725569,0
329.507,383.7306,1:45:17:729565,0
333.8602,380.9322,1:45:17:733565,0
337.8689,377.9589,1:45:17:737682,0
337.8689,377.9589,1:45:17:755739,0
349.8461,183.7616,1:45:17:938291,0
349.8461,183.7616,1:45:17:941312,0
350.8544,182.0417,1:45:17:945311,0
350.8544,180.6134,1:45:17:950411,0
351.7152,178.7186,1:45:17:953431,0
351.7152,176.5324,1:45:17:957435,0
352.5268,174.0546,1:45:17:962412,0
353.0433,171.3145,1:45:17:965436,0
353.5352,168.3412,1:45:17:969432,0
353.5352,165.8344,1:45:17:974431,0
353.5352,163.4732,1:45:17:977431,0
353.9041,161.2869,1:45:17:981449,0
353.9041,159.3631,1:45:17:987198,0
354.5681,157.5266,1:45:17:989539,0
354.9862,155.7193,1:45:17:993503,0
355.4535,153.912,1:45:17:997507,0
355.9699,152.1047,1:45:18:001511,0
356.5602,150.2391,1:45:18:006502,0
357.1996,148.4026,1:45:18:010288,0
357.7653,146.5079,1:45:18:013304,0
358.3801,144.6131,1:45:18:017304,0
358.9704,142.7184,1:45:18:022306,0
359.6098,140.9111,1:45:18:026304,0
360.2001,139.1621,1:45:18:030304,0
360.7165,137.5005,1:45:18:034860,0
361.1838,135.8681,1:45:18:037879,0
361.6511,134.3232,1:45:18:041879,0
362.1922,132.8949,1:45:18:045879,0
362.7332,131.5248,1:45:18:049878,0
363.2251,130.213,1:45:18:053879,0
363.6924,128.9596,1:45:18:058320,0
364.1597,127.8519,1:45:18:061923,0
364.7007,126.7733,1:45:18:065919,0
365.2172,125.8114,1:45:18:070332,0
365.7091,124.9078,1:45:18:073351,0
366.1763,124.1207,1:45:18:077351,0
366.5699,123.3336,1:45:18:081357,0
366.8158,122.5466,1:45:18:085356,1141
367.0125,121.8178,1:45:18:089352,1182
367.1355,121.1766,1:45:18:094210,1265
367.1601,120.6227,1:45:18:098230,1344
367.1847,120.1854,1:45:18:102230,1420
367.1847,119.8065,1:45:18:106234,1458
367.1847,119.6024,1:45:18:110230,1451
367.1847,119.6024,1:45:18:114230,1443
367.1847,119.6024,1:45:18:118386,1435
367.1847,120.4478,1:45:18:122405,1438
367.1847,121.264,1:45:18:125405,1449
366.619,122.2842,1:45:18:130402,1463
366.619,123.596,1:45:18:134405,1477
366.1763,125.141,1:45:18:138409,1485
366.1763,126.9482,1:45:18:142472,1497
365.6353,128.9596,1:45:18:146476,1511
365.291,131.2041,1:45:18:149489,1530
364.8483,133.6819,1:45:18:154477,1556
364.3564,136.5094,1:45:18:158476,1578
363.8645,139.8034,1:45:18:161473,1602
363.3972,143.4763,1:45:18:166296,1630
362.9792,147.4407,1:45:18:170307,1653
362.5365,151.6091,1:45:18:173312,1680
362.1676,156.0108,1:45:18:177657,1699
361.774,160.5874,1:45:18:181638,1722
361.5281,165.2805,1:45:18:185658,1759
361.4052,170.2068,1:45:18:189656,1799
361.356,175.1332,1:45:18:193638,1858
361.356,180.0013,1:45:18:197639,1923
361.356,184.811,1:45:18:202411,1979
361.356,189.6207,1:45:18:205430,2043
362.4135,194.3722,1:45:18:209430,2105
363.2251,199.0362,1:45:18:213428,2171
364.3072,203.5836,1:45:18:217434,2245
365.7091,207.927,1:45:18:221430,2315
367.406,212.1537,1:45:18:225445,2386
369.4473,216.293,1:45:18:229445,2447
371.7837,220.374,1:45:18:233447,2498
374.489,224.3967,1:45:18:238427,2540
377.4649,228.3902,1:45:18:241445,2571
380.6866,232.2089,1:45:18:245445,2594
384.0806,235.9109,1:45:18:249970,2611
387.7697,239.3215,1:45:18:254236,2621
391.6801,242.3822,1:45:18:258254,2634
395.7872,245.239,1:45:18:262255,2648
400.1157,247.7458,1:45:18:266254,2657
404.518,250.0779,1:45:18:270255,2674
408.9695,252.235,1:45:18:273624,2678
413.5439,254.2463,1:45:18:277643,2681
418.2905,256.1119,1:45:18:281643,2688
423.1109,257.8026,1:45:18:285640,2688
427.9066,259.2601,1:45:18:289640,2694
432.6533,260.4553,1:45:18:294114,2697
437.3752,261.4464,1:45:18:298133,2697
441.9251,262.1459,1:45:18:302133,2699
446.5487,262.4666,1:45:18:306134,2701
451.0494,262.4666,1:45:18:310134,2703
455.4025,262.4666,1:45:18:314129,2703
459.5588,261.0966,1:45:18:318167,2703
463.4938,259.9597,1:45:18:322133,2709
467.2321,258.5605,1:45:18:326059,2712
470.6998,256.8406,1:45:18:330075,2719
474.0691,254.8293,1:45:18:334078,2722
477.0941,252.6431,1:45:18:338077,2717
479.8241,250.2236,1:45:18:342077,2713
482.2834,247.6875,1:45:18:346292,2703
484.4477,244.9183,1:45:18:350307,2697
486.3906,241.8284,1:45:18:353306,2692
488.0876,238.5053,1:45:18:358310,2686
489.5878,234.8033,1:45:18:362307,2694
490.8667,230.9846,1:45:18:367306,2701
491.998,226.991,1:45:18:370310,2711
492.9817,222.8809,1:45:18:373311,2718
493.7933,218.6833,1:45:18:377314,2709
494.4327,214.4857,1:45:18:382310,2698
494.9,210.2298,1:45:18:386310,2689
495.2935,205.9156,1:45:18:389311,2679
495.5395,201.6014,1:45:18:393323,2674
495.687,197.1414,1:45:18:398307,2684
495.7608,192.6815,1:45:18:402310,2689
495.7608,188.1633,1:45:18:405311,2693
495.7608,183.6741,1:45:18:410026,2698
495.7608,179.185,1:45:18:414044,2689
495.1952,174.8125,1:45:18:418045,2680
495.1952,170.5275,1:45:18:422403,2674
494.6295,166.3008,1:45:18:425422,2670
494.6295,162.1906,1:45:18:430421,2666
494.0392,158.1387,1:45:18:433424,2675
494.0392,154.1452,1:45:18:437419,2685
493.4736,150.2682,1:45:18:441419,2695
493.4736,146.6537,1:45:18:445424,2716
492.9079,143.3306,1:45:18:450422,2733
492.9079,140.299,1:45:18:454357,2757
492.3669,137.7046,1:45:18:457408,2784
492.1209,135.5475,1:45:18:461375,2806
491.8504,133.7985,1:45:18:465371,2822
491.6045,132.3993,1:45:18:469375,2834
491.4077,131.3208,1:45:18:473379,2836
491.211,130.5629,1:45:18:478517,2831
491.0634,129.9798,1:45:18:481941,2817
490.9404,129.6884,1:45:18:485947,2802
490.8175,129.6884,1:45:18:489938,2790
490.7191,129.6884,1:45:18:493944,2782
490.5469,130.7961,1:45:18:497941,2780
490.3748,131.8746,1:45:18:502072,2780
490.2026,133.3321,1:45:18:506090,2783
490.0059,135.2269,1:45:18:510090,2798
489.7599,137.7629,1:45:18:514086,2816
489.514,140.9111,1:45:18:518098,2840
489.2435,144.584,1:45:18:522086,2870
489.0467,148.665,1:45:18:526116,2895
488.8746,153.125,1:45:18:530130,2926
488.7762,157.9347,1:45:18:534135,2948
488.727,163.2108,1:45:18:538133,2989
488.6532,169.0992,1:45:18:542133,3030
488.6532,175.2789,1:45:18:546134,3061
488.6532,181.6045,1:45:18:550134,3097
488.6532,188.0758,1:45:18:554133,3106
489.391,194.9552,1:45:18:558134,3127
489.391,202.3593,1:45:18:562133,3153
490.1042,210.2589,1:45:18:566134,3170
490.1042,218.2752,1:45:18:570134,3187
490.965,226.2332,1:45:18:573622,3206
491.4077,234.4534,1:45:18:577641,3215
491.8504,242.907,1:45:18:581641,3231
492.2439,251.5062,1:45:18:585695,3246
492.6374,259.9305,1:45:18:589712,3255
492.9325,268.2383,1:45:18:593714,3268
493.2277,276.4878,1:45:18:597713,3277
493.449,284.6789,1:45:18:601714,3286
493.6703,292.7243,1:45:18:605712,3278
493.6703,300.3325,1:45:18:610340,3285
493.8179,307.6199,1:45:18:614356,3295
493.8179,314.9074,1:45:18:618358,3299
493.8179,322.1075,1:45:18:621357,3305
493.8179,328.9286,1:45:18:626745,3301
493.8179,335.3124,1:45:18:630283,3293
493.0063,341.3465,1:45:18:634049,3292
493.0063,347.1182,1:45:18:638055,3298
492.2931,352.715,1:45:18:642055,3303
491.8504,358.0786,1:45:18:645481,3310
491.4323,363.0341,1:45:18:649478,3309
491.0142,367.5815,1:45:18:653481,3282
490.6207,371.8374,1:45:18:657477,3231
490.2518,375.7726,1:45:18:661477,3149
489.9075,379.2998,1:45:18:665477,3031
489.5386,382.3897,1:45:18:670093,2881
489.2927,385.0424,1:45:18:674107,2691
489.0467,387.0537,1:45:18:678111,2476
488.8254,388.6278,1:45:18:682186,2227
488.6286,389.7064,1:45:18:686181,1915
488.4319,390.2893,1:45:18:690182,1509
488.2351,390.4351,1:45:18:694186,1011
488.063,390.4351,1:45:18:698187,556
487.9154,389.3274,1:45:18:702187,217
487.7433,388.1322,1:45:18:706462,0
487.6203,386.4998,1:45:18:710480,0
487.4973,384.5176,1:45:18:714480,0
487.4235,382.0691,1:45:18:717480,0
487.3252,379.2415,1:45:18:721476,0
487.276,376.1516,1:45:18:725481,0
487.2268,372.7993,1:45:18:729990,0
487.2268,369.3014,1:45:18:733964,0
487.2268,365.5993,1:45:18:737964,0
487.2268,361.7806,1:45:18:741966,0
487.2268,357.8454,1:45:18:745963,0
487.2268,353.8227,1:45:18:750906,0
487.2268,349.7126,1:45:18:753983,0
487.2268,345.3401,1:45:18:757986,0
487.2268,340.9384,1:45:18:761982,0
486.5627,336.3327,1:45:18:765986,0
486.5627,331.6687,1:45:18:769985,0
485.825,326.9464,1:45:18:774113,0
485.2593,322.1075,1:45:18:778127,0
484.669,317.0937,1:45:18:782131,0
484.0296,311.9925,1:45:18:786374,0
483.3902,306.9203,1:45:18:789413,0
482.7015,301.7317,1:45:18:794392,0
481.9391,296.5721,1:45:18:798392,0
481.1767,291.4709,1:45:18:802419,0
480.4143,286.4571,1:45:18:806349,0
479.6765,281.5598,1:45:18:809367,0
478.9141,276.8084,1:45:18:813367,0
478.1763,272.2902,1:45:18:818129,0
477.4877,268.0342,1:45:18:822148,0
476.8236,263.8658,1:45:18:826148,0
476.258,259.8723,1:45:18:830147,0
475.6923,256.0244,1:45:18:834151,0
475.1758,252.3515,1:45:18:838151,0
474.7332,248.8535,1:45:18:842156,0
474.2659,245.647,1:45:18:846171,0
473.8478,242.7321,1:45:18:850171,0
473.4543,239.8754,1:45:18:854518,0
473.0854,237.3976,1:45:18:857534,0
472.7657,235.0656,1:45:18:861533,0
472.4705,232.9085,1:45:18:865539,0
472.2738,230.9554,1:45:18:870533,0
472.077,229.1481,1:45:18:874534,0
471.9541,227.4283,1:45:18:878537,0
471.7819,225.6793,1:45:18:881537,0
471.6589,223.9012,1:45:18:885567,2293
471.4868,222.2396,1:45:18:890693,2301
471.29,220.8112,1:45:18:893713,2331
471.0195,219.4995,1:45:18:897713,2365
470.6998,218.3918,1:45:18:901748,2396
470.4293,217.5173,1:45:18:905717,2417
470.0357,216.9052,1:45:18:909717,2422
469.6668,216.8468,1:45:18:914713,2425
469.1996,216.8468,1:45:18:917712,2431
468.6585,218.5084,1:45:18:921717,2450
468.0682,220.1116,1:45:18:925741,2461
467.3304,222.1813,1:45:18:929751,2474
466.4943,224.6882,1:45:18:933712,2491
465.4613,227.6032,1:45:18:938226,2501
464.2562,230.9263,1:45:18:941821,2510
462.8298,234.5409,1:45:18:945766,2516
461.305,238.3304,1:45:18:949694,2531
459.5834,242.3531,1:45:18:953740,2543
457.6651,246.6964,1:45:18:957712,2564
455.55,251.3604,1:45:18:961714,2581
453.2136,256.2285,1:45:18:965712,2587
450.6559,261.2715,1:45:18:969716,2587
447.8276,266.4893,1:45:18:973712,2580
444.9009,271.8529,1:45:18:977717,2593
441.63,277.508,1:45:18:981715,2606
438.1623,283.4837,1:45:18:986119,2650
434.6208,289.4304,1:45:18:990139,2724
430.9071,295.3186,1:45:18:994139,2800
427.0951,301.2069,1:45:18:998228,2887
423.2584,307.0952,1:45:19:002094,2968
419.348,313.1293,1:45:19:006090,3023
415.3884,319.2799,1:45:19:010245,3062
411.4534,325.314,1:45:19:014113,3088
407.5676,331.0857,1:45:19:018113,3092
403.7556,336.6534,1:45:19:022117,3095
400.0665,342.0461,1:45:19:026118,3071
396.525,347.3806,1:45:19:030117,3018
393.1557,352.5692,1:45:19:034368,2898
389.9831,357.4956,1:45:19:037894,2695
387.0564,362.0721,1:45:19:041898,2368
384.4003,366.328,1:45:19:045915,1841
382.0639,370.1467,1:45:19:049891,1187
379.9734,373.5573,1:45:19:053890,617
378.1535,376.4723,1:45:19:058054,0
376.6779,378.8334,1:45:19:062073,0
375.5958,380.5533,1:45:19:066073,0
374.7841,381.5152,1:45:19:070073,0
374.3415,381.6609,1:45:19:074074,0
374.3169,381.6609,1:45:19:078496,0
374.3169,379.7953,1:45:19:081513,0
375.1776,377.9297,1:45:19:086514,0
376.2106,375.4811,1:45:19:089513,0
377.5878,372.4787,1:45:19:093514,0
379.334,369.2139,1:45:19:097514,0
381.5229,365.6576,1:45:19:102116,0
383.9822,361.9264,1:45:19:106134,0
386.8351,358.0786,1:45:19:110301,0
390.0323,354.1433,1:45:19:113324,0
393.4508,350.2372,1:45:19:117327,0
397.1153,346.1271,1:45:19:121319,0
400.9273,342.0461,1:45:19:125324,0
404.8869,337.6736,1:45:19:129319,0
408.8957,333.2719,1:45:19:134363,0
413.052,328.7537,1:45:19:137401,0
417.233,324.1188,1:45:19:141381,0
421.3155,319.4548,1:45:19:145382,0
425.3981,314.7034,1:45:19:149381,0
429.5544,309.8354,1:45:19:153382,0
433.5878,304.7632,1:45:19:157381,0
437.6212,299.6912,1:45:19:162383,0
441.5562,294.5024,1:45:19:166381,0
445.319,289.2263,1:45:19:169382,0
448.9835,283.8627,1:45:19:174378,0
452.6234,278.4408,1:45:19:178396,0
456.1157,272.9897,1:45:19:181396,0
459.4604,267.597,1:45:19:185397,0
462.6084,262.35,1:45:19:190394,0
465.5351,257.307,1:45:19:194397,0
468.3634,252.4973,1:45:19:197402,0
470.9457,247.9499,1:45:19:202221,0
473.3313,243.6357,1:45:19:206241,0
475.5201,239.4964,1:45:19:210242,0
477.5122,235.5029,1:45:19:214315,0
479.3814,231.7133,1:45:19:217310,0
481.0291,228.1279,1:45:19:221311,0
482.5786,224.6299,1:45:19:226316,0
483.8083,221.0736,1:45:19:229310,0
484.9396,217.6339,1:45:19:233311,0
485.8741,214.2525,1:45:19:237429,0
486.6365,210.9585,1:45:19:241402,0
487.2514,207.8103,1:45:19:246401,0
487.7433,204.7496,1:45:19:250402,0
488.0876,201.6888,1:45:19:253402,0
488.3089,198.7447,1:45:19:257404,0
488.5056,195.888,1:45:19:262405,0
488.604,192.9147,1:45:19:265405,0
488.604,189.9997,1:45:19:270404,0
488.604,187.0555,1:45:19:273859,0
488.604,184.1989,1:45:19:278249,0
487.6695,181.2547,1:45:19:282267,0
487.1284,178.2814,1:45:19:286266,0
486.4398,175.2789,1:45:19:289267,1884
485.6036,172.2473,1:45:19:294268,1892
484.5952,169.2449,1:45:19:298263,1920
483.5377,166.2133,1:45:19:302266,1945
482.3572,163.1525,1:45:19:306266,1980
481.1275,159.946,1:45:19:310263,1998
479.8241,156.6521,1:45:19:314212,2007
478.5452,153.4164,1:45:19:318211,2010
477.2171,150.2099,1:45:19:322216,2010
475.8891,147.0618,1:45:19:326224,2018
474.6348,143.9135,1:45:19:330214,2013
473.4297,140.7945,1:45:19:334210,2014
472.2,137.6463,1:45:19:338305,2011
471.0441,134.4981,1:45:19:342301,2003
469.8636,131.3499,1:45:19:346302,1992
468.7077,127.8811,1:45:19:350306,1980
467.5764,124.1498,1:45:19:354302,1977
466.4943,120.1854,1:45:19:358302,1977
465.4121,116.1044,1:45:19:362216,1983
464.3546,111.936,1:45:19:366234,1983
463.3217,107.6218,1:45:19:370235,1965
462.3379,103.2201,1:45:19:374237,1951
461.4034,98.67275,1:45:19:378234,1932
460.5917,94.1545,1:45:19:382231,1916
459.8539,89.57795,1:45:19:387364,1903
459.2391,84.9431,1:45:19:390400,1904
458.7718,80.30825,1:45:19:393379,1908
458.4521,75.7317,1:45:19:397381,1920
458.3045,71.21345,1:45:19:401387,1933
458.3045,66.84095,1:45:19:405383,1929
458.3045,62.6142,1:45:19:409382,1920
458.8948,58.5915,1:45:19:414454,1907
458.8948,54.77285,1:45:19:417474,1896
460.0753,51.0708,1:45:19:421472,1883
460.9361,47.42705,1:45:19:425472,1884
461.9198,43.92905,1:45:19:429477,1898
463.1003,40.5185,1:45:19:433472,1914
464.3792,37.2537,1:45:19:438990,1926
465.8302,34.2221,1:45:19:442008,1933
467.4534,31.482,1:45:19:446008,1921
469.2242,29.0334,1:45:19:450335,1919
471.1179,26.96375,1:45:19:454337,1914
473.1591,25.33135,1:45:19:458337,1903
475.3234,23.93215,1:45:19:461339,1898
477.6106,22.82445,1:45:19:466333,1888
479.8733,22.00825,1:45:19:469336,1882
482.3326,21.5127,1:45:19:474406,1882
484.8412,21.3378,1:45:19:477409,1883
487.4727,21.3378,1:45:19:482409,1874
490.2272,21.3378,1:45:19:486446,1865
493.0555,22.70785,1:45:19:490459,1859
495.933,23.8447,1:45:19:493445,1850
498.8842,25.33135,1:45:19:498446,1865
501.9584,27.37185,1:45:19:501444,1877
505.0327,29.87875,1:45:19:505444,1894
508.0577,32.9395,1:45:19:510404,1912
510.9352,36.3792,1:45:19:513422,1929
513.7634,40.1687,1:45:19:517422,1957
516.5179,44.33715,1:45:19:521453,1979
519.1987,48.8554,1:45:19:525454,2003
521.8302,53.9275,1:45:19:529454,2050
524.3387,59.43685,1:45:19:533455,2105
526.7981,65.2377,1:45:19:538113,2182
529.2329,71.27175,1:45:19:542127,2266
531.6431,77.539,1:45:19:546125,2319
534.0041,84.15605,1:45:19:549474,2378
536.2421,91.4144,1:45:19:553473,2430
538.3572,99.08085,1:45:19:557470,2489
540.3985,106.7765,1:45:19:561471,2555
542.3168,114.472,1:45:19:565470,2636
544.1121,122.4883,1:45:19:570650,2713
545.7353,130.7961,1:45:19:573664,2785
547.2355,139.3661,1:45:19:578668,2848
548.662,147.9362,1:45:19:581707,2907
550.0146,156.5063,1:45:19:585669,2963
551.2443,165.2805,1:45:19:589668,3021
552.3756,174.2004,1:45:19:593668,3077
553.384,183.0912,1:45:19:597670,3135
554.3185,192.0402,1:45:19:602310,3186
555.1547,201.0767,1:45:19:605330,3226
555.9171,210.1715,1:45:19:609334,3262
556.4828,219.2955,1:45:19:613329,3260
556.9747,228.3902,1:45:19:618376,3279
557.319,237.4267,1:45:19:621393,3300
557.4911,246.4632,1:45:19:625393,3315
557.5895,255.4123,1:45:19:629398,3332
557.5895,264.0699,1:45:19:633393,3346
557.5895,272.64,1:45:19:638393,3356
557.5895,281.1226,1:45:19:641394,3373
556.9009,289.4304,1:45:19:645393,3380
556.9009,297.4466,1:45:19:650124,3320
556.1631,305.0256,1:45:19:654139,3246
556.1631,312.4589,1:45:19:658497,3117
555.3514,319.688,1:45:19:661520,2932
555.3514,326.6549,1:45:19:665516,2699
554.6874,332.9513,1:45:19:670516,2337
554.6874,338.6647,1:45:19:674518,1836
554.6874,343.9117,1:45:19:677517,1216
554.6874,348.6049,1:45:19:682521,659
554.6874,352.6859,1:45:19:685548,248
555.4744,356.0381,1:45:19:689516,0
556.1877,358.6033,1:45:19:693526,0
557.1714,360.498,1:45:19:698122,0
558.2781,361.6641,1:45:19:702172,0
559.6308,362.1888,1:45:19:706100,0
561.1064,362.1888,1:45:19:710114,0
562.8034,361.3726,1:45:19:714114,0
564.7463,360.1191,1:45:19:718114,0
566.9105,358.3409,1:45:19:722114,0
569.2715,356.1547,1:45:19:726114,0
571.7801,353.7061,1:45:19:730432,0
574.5346,350.966,1:45:19:733472,0
577.4858,347.9636,1:45:19:737446,0
580.6584,344.8153,1:45:19:741450,0
583.9048,341.4631,1:45:19:745462,0
587.2004,337.8193,1:45:19:749450,0
590.5451,334.0007,1:45:19:754005,0
593.9145,330.0655,1:45:19:757533,0
597.3822,325.897,1:45:19:761532,0
600.7269,321.6119,1:45:19:765539,0
604.0963,317.2686,1:45:19:769533,0
607.3918,312.7212,1:45:19:773536,0
610.6628,308.0863,1:45:19:777532,0
613.8846,303.3349,1:45:19:781532,0
617.008,298.3211,1:45:19:785977,0
620.033,293.1032,1:45:19:789555,0
623.0089,287.7979,1:45:19:793551,0
625.9355,282.3469,1:45:19:797550,0
628.7884,276.6335,1:45:19:801552,0
631.7151,270.891,1:45:19:805550,0
634.4449,264.7986,1:45:19:809551,0
637.2487,258.6771,1:45:19:814058,0
640.1261,252.6139,1:45:19:818076,0
643.0282,246.5215,1:45:19:822113,0
645.8318,240.5458,1:45:19:826131,0
648.611,234.5117,1:45:19:830127,0
651.2917,228.4194,1:45:19:834136,0
653.8248,222.3853,1:45:19:838131,0
656.3334,216.7594,1:45:19:842127,0
658.6452,211.25,1:45:19:846172,0
660.834,205.9156,1:45:19:850127,0
662.8508,200.552,1:45:19:854128,0
664.6953,195.3342,1:45:19:858127,0
666.2939,190.0289,1:45:19:862165,0
667.9171,185.015,1:45:19:866127,0
669.2205,180.0013,1:45:19:870135,0
670.5978,175.1332,1:45:19:874406,0
671.7045,170.4109,1:45:19:877425,0
672.5161,165.6012,1:45:19:881428,0
673.1309,161.0246,1:45:19:885913,0
673.7212,156.4772,1:45:19:889912,0
674.1885,152.0464,1:45:19:893915,0
674.5082,147.7322,1:45:19:897915,0
674.8771,143.5054,1:45:19:901920,0
675.0493,139.3661,1:45:19:905915,0
675.3198,135.256,1:45:19:909913,0
675.6149,131.4373,1:45:19:913916,0
676.0084,127.8519,1:45:19:918362,0
676.5003,124.4705,1:45:19:922380,0
677.0413,121.4389,1:45:19:927379,0
677.5332,118.6988,1:45:19:929379,0
678.0743,116.2502,1:45:19:933380,0
678.6646,114.2097,1:45:19:938378,0
679.2302,112.4315,1:45:19:941401,0
679.7958,111.0032,1:45:19:945395,0
680.3123,109.8955,1:45:19:950393,0
680.755,109.1376,1:45:19:953396,0
681.0993,108.8169,1:45:19:957396,0
681.542,108.7295,1:45:19:962865,0
681.8617,108.7295,1:45:19:965888,0
682.0585,108.7295,1:45:19:969889,1622
682.2798,108.7295,1:45:19:973902,1618
682.452,109.8955,1:45:19:977883,1609
682.575,110.8575,1:45:19:981889,1609
682.7225,112.1983,1:45:19:986043,1621
682.9684,113.7724,1:45:19:990176,1644
683.2144,115.9004,1:45:19:993902,1684
683.5341,118.4364,1:45:19:998168,1705
683.9522,121.5264,1:45:20:002165,1726
684.4686,125.0826,1:45:20:006163,1738
685.0589,128.9888,1:45:20:010162,1766
685.723,133.4778,1:45:20:014166,1827
686.4362,138.3459,1:45:20:018161,1899
687.1985,143.5346,1:45:20:022162,1984
687.9118,148.9565,1:45:20:026169,2053
688.6496,154.6116,1:45:20:030599,2121
689.3874,160.4707,1:45:20:033623,2194
690.076,166.7088,1:45:20:037617,2284
690.7155,173.2093,1:45:20:041617,2392
691.3549,179.5932,1:45:20:046338,2502
691.8714,185.8895,1:45:20:049358,2596
692.3878,192.1859,1:45:20:053385,2697
692.8059,198.599,1:45:20:057398,2791
693.2241,205.3035,1:45:20:061357,2876
693.593,212.0954,1:45:20:066353,2964
693.8881,218.7416,1:45:20:070387,3032
694.1586,225.1837,1:45:20:074352,3088
694.3799,231.5676,1:45:20:077354,3151
694.5521,238.0098,1:45:20:081804,3205
694.7488,244.5394,1:45:20:085826,3247
694.8718,250.9523,1:45:20:089827,3288
694.9948,256.9864,1:45:20:094330,3311
695.0931,262.6998,1:45:20:097363,3329
695.1669,268.2383,1:45:20:101329,3337
695.2161,273.5728,1:45:20:106335,3354
695.2161,278.5865,1:45:20:109329,3367
695.2161,283.4837,1:45:20:113357,3379
695.2161,288.002,1:45:20:118387,3394
695.2161,292.287,1:45:20:121406,3393
695.2161,296.2806,1:45:20:125421,3391
695.2161,300.0701,1:45:20:130342,3390
694.5029,303.5973,1:45:20:133440,3387
694.5029,306.6871,1:45:20:137436,3387
693.9619,309.5147,1:45:20:142360,3384
693.9619,311.8467,1:45:20:145355,3372
693.3716,313.6831,1:45:20:149362,3353
693.3716,315.1407,1:45:20:154361,3330
692.9043,316.2192,1:45:20:157359,3317
692.9043,316.9479,1:45:20:162361,3317
692.5354,317.356,1:45:20:166326,3326
692.5354,317.4435,1:45:20:169354,3333
692.2403,317.4435,1:45:20:173344,3326
692.2403,316.4524,1:45:20:178340,3309
691.896,315.4322,1:45:20:181344,3280
691.6992,313.9455,1:45:20:186340,3252
691.4041,312.1382,1:45:20:189344,3230
691.0598,309.8062,1:45:20:194341,3209
690.6909,307.037,1:45:20:198361,3197
690.2236,303.9471,1:45:20:201396,3195
689.7563,300.624,1:45:20:206380,3198
689.1907,297.1551,1:45:20:209380,3205
688.5758,293.5988,1:45:20:213379,3215
687.838,289.9259,1:45:20:218400,3218
687.0264,286.253,1:45:20:221400,3222
686.0673,282.5509,1:45:20:225399,3220
684.9851,278.8489,1:45:20:229405,3214
683.7554,275.0886,1:45:20:233432,3207
682.3536,271.1533,1:45:20:237402,3208
680.7796,267.2763,1:45:20:242129,3212
679.1072,263.3411,1:45:20:246144,3213
677.1889,259.4641,1:45:20:250358,3209
675.0984,255.6747,1:45:20:253379,3177
672.8604,252.0018,1:45:20:257375,3133
670.4256,248.5329,1:45:20:262377,3074
667.7695,245.239,1:45:20:265374,2998
664.9904,242.2074,1:45:20:270377,2913
662.0146,239.2341,1:45:20:274376,2824
658.842,236.3773,1:45:20:277378,2743
655.5464,233.6955,1:45:20:281382,2672
652.1771,231.1012,1:45:20:286375,2617
648.7339,228.6817,1:45:20:289379,2573
645.217,226.4955,1:45:20:293374,2540
641.5771,224.5716,1:45:20:298440,2521
637.8635,222.91,1:45:20:301485,2512
634.1006,221.5692,1:45:20:305464,2513
630.2886,220.6655,1:45:20:309464,2517
626.4028,220.1116,1:45:20:313459,2524
622.5416,219.9076,1:45:20:317460,2540
618.6312,219.9076,1:45:20:321464,2560
614.7946,220.9861,1:45:20:325458,2589
610.9825,222.1813,1:45:20:330461,2629
607.2689,223.8137,1:45:20:334455,2671
603.7028,225.8833,1:45:20:337459,2726
600.2596,228.2737,1:45:20:341463,2786
597.0133,231.0137,1:45:20:346386,2846
593.9145,234.0162,1:45:20:349405,2906
591.1108,237.281,1:45:20:353405,2958
588.5284,240.8373,1:45:20:357404,3026
586.2412,244.5685,1:45:20:361404,3094
584.2,248.6786,1:45:20:365400,3161
582.503,253.0511,1:45:20:369404,3230
581.0765,257.6277,1:45:20:373409,3283
579.9944,262.3792,1:45:20:377404,3327
579.2074,267.218,1:45:20:382400,3365
578.7647,272.261,1:45:20:385404,3400
578.6417,277.3622,1:45:20:390401,3428
578.6417,282.6967,1:45:20:394405,3454
578.6417,287.9728,1:45:20:397402,3472
579.9698,293.1324,1:45:20:401404,3478
581.0273,298.2045,1:45:20:405417,3484
582.4292,303.2183,1:45:20:409465,3484
584.077,308.1447,1:45:20:413429,3491
585.9953,312.8378,1:45:20:417427,3502
588.1841,317.3269,1:45:20:421429,3501
590.6189,321.4662,1:45:20:425423,3481
593.275,325.3431,1:45:20:429423,3408
596.0787,328.9869,1:45:20:433427,3278
599.0054,332.4266,1:45:20:437423,3077
602.0058,335.5748,1:45:20:442455,2788
605.08,338.4315,1:45:20:446474,2366
608.2034,340.9384,1:45:20:449472,1736
611.376,343.0955,1:45:20:453471,1062
614.5732,344.7862,1:45:20:457474,500
617.7458,346.0396,1:45:20:462384,0
620.82,346.8558,1:45:20:465400,0
623.7467,347.1182,1:45:20:469403,0
626.575,347.1182,1:45:20:473403,0
629.0836,346.1563,1:45:20:478401,0
631.2724,344.9611,1:45:20:481401,0
633.1169,343.3578,1:45:20:486341,0
634.5679,341.259,1:45:20:489356,0
635.6009,338.8396,1:45:20:494358,0
636.0928,335.9829,1:45:20:497359,0
636.1174,332.8347,1:45:20:502452,0
636.1174,329.4241,1:45:20:505476,0
634.7893,325.7221,1:45:20:509471,0
633.412,321.8743,1:45:20:513471,0
631.3953,317.7933,1:45:20:518107,0
628.936,313.5374,1:45:20:522122,0
625.8126,309.1066,1:45:20:526129,0
622.2219,304.4717,1:45:20:530125,0
618.0164,299.5162,1:45:20:534124,0
613.2944,294.4442,1:45:20:538129,0
608.0313,289.168,1:45:20:542122,0
602.1042,283.7752,1:45:20:546121,0
595.5869,278.295,1:45:20:550108,0
588.9465,272.7857,1:45:20:553508,0
588.9465,272.7857,1:45:20:572044,0
189.1259,117.0664,1:45:20:706266,0
186.0517,117.0664,1:45:20:710268,0
182.3135,117.0664,1:45:20:714275,0
177.6898,115.9878,1:45:20:718418,0
172.1317,115.9878,1:45:20:721436,0
165.6881,114.8218,1:45:20:725436,0
158.4083,114.1222,1:45:20:730434,0
150.4154,113.3352,1:45:20:733442,0
141.66,112.4899,1:45:20:738441,0
135.2164,111.9651,1:45:20:741441,0
128.6991,111.9651,1:45:20:745437,0
122.4523,111.1781,1:45:20:749437,0
116.5252,111.1781,1:45:20:754132,0
110.967,111.1781,1:45:20:758147,0
105.7285,111.1781,1:45:20:762161,0
100.6376,111.1781,1:45:20:766180,0
95.89103,111.1781,1:45:20:770180,0
91.39037,111.1781,1:45:20:774179,0
87.13566,111.9651,1:45:20:778175,0
83.20065,111.9651,1:45:20:782180,0
79.5116,112.7813,1:45:20:786185,0
76.06847,112.7813,1:45:20:790179,0
72.82209,113.7141,1:45:20:794529,0
69.92003,114.2097,1:45:20:797548,0
67.23931,114.7344,1:45:20:801548,0
64.85372,115.2591,1:45:20:805553,0
62.76325,115.813,1:45:20:810086,0
60.91872,116.396,1:45:20:814105,0
59.34472,117.0081,1:45:20:818105,0
57.96747,117.6786,1:45:20:822104,0
56.86075,118.3198,1:45:20:826347,0
55.99997,119.0486,1:45:20:829366,0
55.43431,119.6316,1:45:20:834486,0
55.11459,120.0106,1:45:20:837497,0
54.99163,120.2438,1:45:20:841497,1706
54.99163,120.3312,1:45:20:846498,1709
55.65565,120.3312,1:45:20:849498,1713
56.56562,120.3312,1:45:20:853507,1721
57.89369,120.3312,1:45:20:858084,1729
59.68903,119.2526,1:45:20:862104,1732
61.90247,119.2526,1:45:20:866100,1733
64.55859,118.0284,1:45:20:870099,1741
67.73119,117.3579,1:45:20:874104,1745
71.49403,116.6292,1:45:20:878103,1749
75.82253,115.813,1:45:20:882108,1764
80.54453,114.9676,1:45:20:886099,1770
85.61085,114.0639,1:45:20:890100,1779
91.04607,113.1895,1:45:20:895099,1793
96.89938,112.2567,1:45:20:898104,1802
103.3183,111.3821,1:45:20:902103,1812
110.1554,110.4202,1:45:20:906104,1829
117.2138,109.5165,1:45:20:910135,1841
124.5919,108.5837,1:45:20:914135,1845
132.339,107.7093,1:45:20:918477,1847
140.4303,106.7473,1:45:20:921496,1833
148.8168,105.8145,1:45:20:925495,1826
157.6705,104.8817,1:45:20:929505,1825
166.721,104.0072,1:45:20:933495,1827
176.0667,103.191,1:45:20:937501,1831
185.9042,102.3456,1:45:20:942660,1836
195.963,101.5294,1:45:20:945659,1848
206.2924,100.7132,1:45:20:949663,1856
217.0644,99.9845,1:45:20:953659,1879
228.1316,99.25575,1:45:20:957658,1912
239.371,98.61445,1:45:20:961656,1952
250.9054,97.97315,1:45:20:966653,2010
262.5383,97.3027,1:45:20:969656,2069
274.3925,96.6614,1:45:20:974437,2126
286.4188,96.04925,1:45:20:978452,2180
298.5927,95.40795,1:45:20:981455,2235
310.865,94.7958,1:45:20:985455,2290
323.1865,94.18365,1:45:20:989458,2340
335.6309,93.60065,1:45:20:993455,2384
348.0999,93.07595,1:45:20:997473,2419
360.8149,92.5804,1:45:21:002567,2448
373.5053,92.08485,1:45:21:006586,2472
386.2202,91.67675,1:45:21:009585,2497
399.0582,91.2978,1:45:21:014584,2513
411.7486,90.97715,1:45:21:017585,2527
424.7341,90.62735,1:45:21:021590,2543
437.5966,90.33585,1:45:21:026048,2549
450.4099,90.04435,1:45:21:030515,2560
463.1987,89.75285,1:45:21:034513,2567
475.7661,89.4905,1:45:21:037513,2570
488.4319,89.22815,1:45:21:041512,2577
500.9009,88.9658,1:45:21:046517,2576
513.2961,88.7909,1:45:21:049515,2582
525.4209,88.616,1:45:21:053516,2594
537.4226,88.47025,1:45:21:058514,2607
549.1539,88.35365,1:45:21:061516,2623
560.7129,88.2662,1:45:21:065515,2641
572.1736,88.2079,1:45:21:070349,2664
583.1424,88.2079,1:45:21:074366,2691
593.8407,88.2079,1:45:21:078364,2727
604.3176,88.2079,1:45:21:081365,2760
614.3519,88.2079,1:45:21:086367,2785
624.0418,88.2079,1:45:21:090363,2822
633.4612,89.0241,1:45:21:094272,2857
642.4871,89.0241,1:45:21:097290,2896
650.9966,89.63625,1:45:21:101290,2934
659.1371,89.63625,1:45:21:106290,2955
666.7858,90.33585,1:45:21:109290,2968
673.9179,90.33585,1:45:21:113291,2973
680.6566,91.0063,1:45:21:118057,2978
686.8542,91.0063,1:45:21:122061,2964
692.3141,91.56015,1:45:21:126057,2911
697.1591,91.85165,1:45:21:130061,2785
701.463,92.1723,1:45:21:134061,2532
705.2258,92.4638,1:45:21:138061,2084
708.3738,92.66785,1:45:21:142038,1443
710.9561,92.66785,1:45:21:146635,825
712.8745,92.9302,1:45:21:149644,333
714.1779,92.9302,1:45:21:153644,0
715.0141,92.9302,1:45:21:157678,0
715.1863,92.9302,1:45:21:161672,0
715.1863,91.79335,1:45:21:165673,0
713.4893,90.948,1:45:21:169670,0
711.6448,89.8986,1:45:21:173677,0
709.1116,88.6743,1:45:21:178047,0
706.0374,87.2751,1:45:21:181692,0
702.4221,85.8176,1:45:21:185692,0
702.4221,85.8176,1:45:21:204045,0
