160.7939,109.3999,1:44:21:366880,0
162.0236,109.3999,1:44:21:369898,0
162.9828,109.3999,1:44:21:373897,0
164.2863,109.3999,1:44:21:377903,0
165.4913,109.3999,1:44:21:381917,0
166.6964,109.3999,1:44:21:385899,0
167.7786,109.3999,1:44:21:390808,0
168.9099,110.1579,1:44:21:393851,0
169.9674,110.1579,1:44:21:398827,0
169.9674,111.0907,1:44:21:401827,0
169.9674,111.6445,1:44:21:406827,0
169.9674,112.1109,1:44:21:409827,0
169.9674,112.6356,1:44:21:414978,0
169.9674,113.2186,1:44:21:417997,0
169.9674,113.8016,1:44:21:421997,0
169.9674,114.3846,1:44:21:425997,0
171.0004,114.9676,1:44:21:430020,0
171.0004,115.5798,1:44:21:433615,0
172.1563,116.3085,1:44:21:437631,0
172.7465,117.0081,1:44:21:441627,0
173.4597,117.7368,1:44:21:445632,0
174.1237,118.4364,1:44:21:450537,0
174.9599,119.0778,1:44:21:453650,0
175.6732,119.7774,1:44:21:458917,0
176.3618,120.477,1:44:21:461935,0
177.1242,121.1182,1:44:21:466018,0
177.7882,121.7887,1:44:21:469936,0
178.4768,122.4008,1:44:21:473954,0
179.1163,122.9547,1:44:21:477935,0
179.7065,123.5086,1:44:21:481954,0
180.2722,124.0624,1:44:21:485940,0
180.7887,124.5871,1:44:21:490826,0
181.2559,125.0826,1:44:21:493846,0
181.6494,125.5199,1:44:21:497914,0
182.0183,125.928,1:44:21:501958,0
182.3627,126.2778,1:44:21:505946,0
182.6086,126.5984,1:44:21:509933,0
182.9037,126.8608,1:44:21:513934,0
183.1251,127.0357,1:44:21:517961,0
183.3464,127.1523,1:44:21:521940,0
183.5923,127.2106,1:44:21:525933,0
183.8383,127.2397,1:44:21:530731,0
184.0842,127.2397,1:44:21:534265,0
184.281,127.2397,1:44:21:538260,0
184.4531,127.2397,1:44:21:542265,0
184.5761,127.2397,1:44:21:546262,0
184.6499,126.4527,1:44:21:550256,1673
184.6499,126.4527,1:44:21:554376,1697
184.6499,125.5199,1:44:21:558343,1780
184.6499,125.5199,1:44:21:562341,1892
184.6499,124.5288,1:44:21:566343,2019
184.6499,123.9458,1:44:21:570226,2129
184.6499,123.4502,1:44:21:574246,2183
184.1088,122.9838,1:44:21:578246,2218
184.1088,122.634,1:44:21:582242,2244
184.1088,122.634,1:44:21:586258,2260
184.1088,122.1968,1:44:21:590242,2269
184.1088,122.1968,1:44:21:594820,2265
184.1088,121.9344,1:44:21:597838,2240
184.1088,121.9344,1:44:21:601836,2195
184.1088,121.9344,1:44:21:605838,2143
184.1088,121.9344,1:44:21:609915,2093
184.1088,121.9344,1:44:21:613844,2060
184.1088,121.9344,1:44:21:618835,2051
184.1088,123.0713,1:44:21:621838,2056
184.1088,123.7418,1:44:21:626351,2060
184.1088,124.558,1:44:21:630400,2067
184.1088,125.5782,1:44:21:634336,2070
184.1088,126.8025,1:44:21:638357,2070
184.1088,128.26,1:44:21:642357,2073
184.6253,129.8341,1:44:21:646364,2069
184.6253,131.6122,1:44:21:650386,2077
184.6253,133.5361,1:44:21:654399,2096
185.1909,135.5766,1:44:21:658400,2135
185.1909,137.8503,1:44:21:662398,2179
185.732,140.3864,1:44:21:666395,2221
186.0763,143.1265,1:44:21:670399,2257
186.4944,146.0706,1:44:21:673784,2289
186.8879,149.1022,1:44:21:677808,2331
187.3552,152.1922,1:44:21:681809,2373
187.8717,155.3112,1:44:21:685807,2415
188.3881,158.5468,1:44:21:690341,2436
188.9538,161.6367,1:44:21:694382,2453
189.544,164.61,1:44:21:698681,2472
190.1097,167.4668,1:44:21:701700,2489
190.6999,170.1485,1:44:21:706704,2512
191.2656,172.6555,1:44:21:709700,2539
191.8313,175.1624,1:44:21:713699,2563
192.3723,177.6401,1:44:21:717698,2589
192.8642,180.0596,1:44:21:722225,2612
193.3315,182.3916,1:44:21:725966,2623
193.7496,184.6069,1:44:21:729963,2632
194.1185,186.6766,1:44:21:733969,2633
194.4874,188.6588,1:44:21:738008,2633
194.7579,190.5535,1:44:21:741970,2634
195.0776,192.2151,1:44:21:745966,2628
195.299,193.6726,1:44:21:749965,2629
195.5203,194.8678,1:44:21:753965,2628
195.6679,195.8589,1:44:21:757970,2625
195.7908,196.675,1:44:21:762294,2630
195.8892,197.258,1:44:21:766318,2626
195.963,197.6953,1:44:21:770109,2633
195.963,197.9868,1:44:21:774133,2646
195.963,198.22,1:44:21:778108,2667
195.963,198.2491,1:44:21:782122,2691
195.963,198.2491,1:44:21:786117,2707
195.963,198.2491,1:44:21:790111,2715
195.3236,198.2491,1:44:21:794109,2709
195.3236,197.0831,1:44:21:798111,2705
194.4874,196.3253,1:44:21:802112,2696
193.8971,195.4507,1:44:21:806110,2691
193.1101,194.3722,1:44:21:810117,2691
192.2001,193.1187,1:44:21:814601,2689
191.1672,191.7778,1:44:21:817620,2694
189.9867,190.2912,1:44:21:821620,2702
188.7078,188.7754,1:44:21:825621,2710
187.2322,187.2305,1:44:21:829622,2721
185.6582,185.7146,1:44:21:833620,2738
183.9121,184.2572,1:44:21:838620,2743
182.0675,182.858,1:44:21:841637,2750
180.1492,181.5753,1:44:21:846297,2753
178.0833,180.351,1:44:21:850315,2746
175.9929,179.2725,1:44:21:854314,2746
173.804,178.3689,1:44:21:858311,2740
171.566,177.6109,1:44:21:862316,2737
169.2788,176.9988,1:44:21:866319,2727
166.967,176.5324,1:44:21:870685,2715
164.6306,176.1826,1:44:21:873705,2702
162.1958,176.0368,1:44:21:878704,2680
159.7118,176.0368,1:44:21:881703,2665
157.2278,176.0368,1:44:21:885708,2647
154.7685,176.7365,1:44:21:889726,2627
152.2845,176.7365,1:44:21:894425,2620
149.9727,178.1648,1:44:21:898444,2609
147.7592,179.1268,1:44:21:901448,2601
145.595,180.3802,1:44:21:905442,2595
143.6275,181.7502,1:44:21:910442,2581
141.8322,183.3535,1:44:21:914439,2573
140.209,185.0442,1:44:21:918442,2564
138.7088,186.8806,1:44:21:922443,2562
137.4299,188.8337,1:44:21:926533,2559
136.2248,190.845,1:44:21:930553,2560
135.1673,192.8855,1:44:21:934553,2563
134.3311,194.8678,1:44:21:937552,2562
133.667,196.8208,1:44:21:942553,2564
133.1752,198.7155,1:44:21:945565,2559
132.9046,200.552,1:44:21:949580,2555
132.8062,202.3593,1:44:21:953561,2556
132.8062,204.1083,1:44:21:958179,2560
132.8062,205.799,1:44:21:962175,2565
133.79,207.5188,1:44:21:966179,2569
134.577,209.2679,1:44:21:970312,2571
135.5362,210.9294,1:44:21:974311,2578
136.7413,212.5618,1:44:21:978309,2582
138.1431,214.2233,1:44:21:982306,2591
139.7663,216.0015,1:44:21:986306,2598
141.66,217.8088,1:44:21:990370,2595
143.8242,219.6452,1:44:21:994388,2598
146.259,221.5108,1:44:21:998389,2599
148.866,223.4056,1:44:22:002389,2600
151.6451,225.3586,1:44:22:006389,2609
154.5717,227.4283,1:44:22:009504,2611
157.6951,229.498,1:44:22:013460,2613
160.8431,231.5093,1:44:22:017460,2615
163.9911,233.4915,1:44:22:022358,2613
167.2129,235.532,1:44:22:026360,2616
170.5331,237.5434,1:44:22:030360,2617
173.9024,239.5255,1:44:22:034360,2613
177.2717,241.5661,1:44:22:038359,2611
180.6411,243.694,1:44:22:042359,2604
183.9858,245.8219,1:44:22:046526,2600
187.2814,248.0082,1:44:22:049547,2599
190.5278,250.4276,1:44:22:053544,2590
193.602,252.9346,1:44:22:057544,2587
196.5287,255.6455,1:44:22:061545,2587
199.1848,258.5313,1:44:22:065541,2583
201.6933,261.5046,1:44:22:070540,2589
204.0543,264.5363,1:44:22:074544,2593
206.2432,267.597,1:44:22:077544,2590
208.2353,270.716,1:44:22:081554,2592
210.006,273.7477,1:44:22:086545,2591
211.58,276.7792,1:44:22:090545,2580
212.8835,279.7817,1:44:22:093544,2582
213.9902,282.755,1:44:22:098282,2582
214.8264,285.7866,1:44:22:101810,2581
215.3921,288.964,1:44:22:105810,2590
215.638,292.1704,1:44:22:109811,2592
215.638,295.4644,1:44:22:113815,2594
215.638,298.7584,1:44:22:118282,2600
214.728,302.0232,1:44:22:122302,2603
213.8427,305.2879,1:44:22:126301,2604
212.7605,308.4362,1:44:22:130301,2608
211.4817,311.4386,1:44:22:134301,2610
210.0552,314.2079,1:44:22:138297,2613
208.4074,316.8605,1:44:22:142293,2615
206.6613,319.4548,1:44:22:146315,2619
204.8659,321.8452,1:44:22:150282,2622
202.923,324.2063,1:44:22:154382,2626
200.9801,326.5383,1:44:22:157923,2632
199.0126,328.7828,1:44:22:161922,2634
197.0205,330.9399,1:44:22:165926,2640
195.0776,332.9804,1:44:22:169927,2640
193.2085,334.8169,1:44:22:173928,2640
191.4623,336.5076,1:44:22:177926,2643
189.8146,337.9651,1:44:22:181929,2647
188.3635,339.2477,1:44:22:186923,2654
187.1584,340.1513,1:44:22:189923,2660
186.1747,340.8218,1:44:22:193923,2668
185.4369,341.3174,1:44:22:197922,2687
184.8712,341.6089,1:44:22:202293,2716
184.5269,341.7546,1:44:22:206316,2744
184.4039,341.7546,1:44:22:210282,2758
184.4039,341.7546,1:44:22:214300,2757
184.4039,340.7635,1:44:22:218297,2740
185.0188,339.9764,1:44:22:222301,2725
185.5844,338.9271,1:44:22:226680,2716
186.2731,337.557,1:44:22:229699,2706
187.1584,335.9537,1:44:22:233699,2708
188.216,334.1173,1:44:22:237699,2711
189.4702,332.1642,1:44:22:241699,2714
190.8721,330.0655,1:44:22:245699,2720
192.3723,327.8209,1:44:22:250792,2722
193.9955,325.5764,1:44:22:253784,2725
195.6187,323.2444,1:44:22:257783,2732
197.3648,320.8249,1:44:22:261860,2746
199.0864,318.4346,1:44:22:265866,2754
200.7588,315.8402,1:44:22:269861,2760
202.3574,313.1584,1:44:22:273860,2765
203.9314,310.3892,1:44:22:277861,2769
205.3824,307.3867,1:44:22:281865,2768
206.7351,304.2968,1:44:22:286858,2778
207.9402,301.0904,1:44:22:289886,2784
209.0223,297.8839,1:44:22:293874,2786
209.9568,294.7065,1:44:22:297866,2790
210.7684,291.5,1:44:22:301861,2781
211.3833,288.4101,1:44:22:305861,2768
211.7522,285.3202,1:44:22:309861,2754
211.9735,282.3469,1:44:22:313865,2742
211.9735,279.4319,1:44:22:317865,2728
211.9735,276.4586,1:44:22:321857,2717
211.3587,273.3979,1:44:22:325863,2706
210.6701,270.2788,1:44:22:329867,2698
209.8585,267.014,1:44:22:334285,2698
208.8255,263.8366,1:44:22:338307,2701
207.5712,260.6884,1:44:22:342302,2704
206.1448,257.6277,1:44:22:346299,2708
204.4724,254.7127,1:44:22:350285,2710
202.6771,251.9435,1:44:22:354300,2710
200.685,249.3783,1:44:22:358300,2714
198.4962,247.0754,1:44:22:362300,2725
195.9876,245.0058,1:44:22:366300,2736
193.2823,243.0818,1:44:22:370309,2758
190.3064,241.362,1:44:22:374865,2783
187.1584,239.7587,1:44:22:378882,2807
183.8629,238.3887,1:44:22:381881,2832
180.4444,237.2518,1:44:22:385880,2847
176.8291,236.319,1:44:22:389883,2858
173.1892,235.6486,1:44:22:394879,2862
169.4755,235.2405,1:44:22:397887,2861
165.6881,235.0947,1:44:22:401883,2859
161.8269,235.0947,1:44:22:405927,2857
157.9165,235.0947,1:44:22:409944,2855
154.0307,236.2899,1:44:22:413949,2850
150.0957,237.2518,1:44:22:417949,2852
146.259,238.4178,1:44:22:421945,2851
142.4224,239.9045,1:44:22:425951,2845
138.7088,241.5661,1:44:22:429944,2847
135.0689,243.5774,1:44:22:433946,2840
131.6012,245.7636,1:44:22:437944,2844
128.3056,248.358,1:44:22:442284,2852
125.0592,251.3604,1:44:22:446304,2859
122.0342,254.7419,1:44:22:450305,2869
119.2551,258.5022,1:44:22:454303,2869
116.7219,262.4958,1:44:22:458301,2873
114.4347,266.7516,1:44:22:462304,2873
112.4918,271.2408,1:44:22:466427,2876
110.8932,275.963,1:44:22:469450,2892
109.6143,281.006,1:44:22:474444,2909
108.6798,286.2238,1:44:22:478446,2926
108.0649,291.5,1:44:22:482442,2941
107.7452,296.8344,1:44:22:486445,2945
107.7206,302.2855,1:44:22:490370,2946
107.7206,307.7657,1:44:22:494383,2961
108.6798,313.3625,1:44:22:498408,2974
109.7127,319.1634,1:44:22:502430,2989
111.1637,324.8476,1:44:22:506422,3006
112.9591,330.3569,1:44:22:509431,3014
115.1725,335.6914,1:44:22:513430,3028
117.7795,340.8218,1:44:22:517431,3045
120.6815,345.7773,1:44:22:522425,3068
123.9279,350.5579,1:44:22:527339,3113
127.5432,355.0179,1:44:22:529472,3167
131.3552,359.0406,1:44:22:534473,3233
135.4624,362.7134,1:44:22:537475,3300
139.8647,366.0074,1:44:22:541475,3351
144.5375,369.0099,1:44:22:545479,3401
149.4808,371.6917,1:44:22:550419,3433
154.6209,374.1111,1:44:22:553434,3455
159.9332,376.0933,1:44:22:557434,3469
165.5405,377.7257,1:44:22:562453,3477
171.3201,378.9208,1:44:22:566725,3483
177.1734,379.7079,1:44:22:569745,3486
183.1251,380.1451,1:44:22:573777,3478
189.0276,380.2035,1:44:22:577745,3442
195.0284,380.2035,1:44:22:581768,3359
201.0539,379.4456,1:44:22:586745,3226
207.0056,378.6293,1:44:22:590385,3042
212.7851,377.6382,1:44:22:594406,2812
218.3925,376.4139,1:44:22:598407,2546
223.7785,374.9273,1:44:22:602403,2229
228.9432,373.1783,1:44:22:606399,1819
233.9112,371.3419,1:44:22:610652,1324
238.5348,369.3014,1:44:22:613670,801
242.8387,367.1151,1:44:22:617675,381
246.7983,364.7831,1:44:22:621670,0
250.4382,362.3054,1:44:22:625672,0
253.7337,359.6819,1:44:22:629674,0
256.7342,356.9417,1:44:22:634282,0
259.4149,354.0851,1:44:22:637816,0
261.8005,350.9951,1:44:22:642795,0
263.8417,347.8178,1:44:22:645811,0
265.6371,344.4947,1:44:22:649806,0
267.2603,341.0841,1:44:22:653807,0
268.7359,337.5279,1:44:22:657806,0
270.0886,333.9132,1:44:22:661801,0
271.2937,330.2404,1:44:22:665803,0
272.425,326.5674,1:44:22:669839,0
273.4825,322.8946,1:44:22:673858,0
274.6138,319.2508,1:44:22:677859,0
275.6714,315.6653,1:44:22:682286,0
276.7043,311.9633,1:44:22:686309,0
277.688,308.2029,1:44:22:690311,0
278.6472,304.4717,1:44:22:694307,0
279.5818,300.6531,1:44:22:698223,0
280.5163,296.6595,1:44:22:701759,0
281.4263,292.6368,1:44:22:705753,0
282.2625,288.5267,1:44:22:709755,0
283.0987,284.3582,1:44:22:713753,0
283.9102,280.1898,1:44:22:717755,0
284.7464,276.0505,1:44:22:721756,0
285.6564,271.7363,1:44:22:725754,0
286.6402,267.6844,1:44:22:730224,0
287.6239,263.516,1:44:22:734239,0
288.6323,259.3184,1:44:22:738239,0
289.6652,255.0625,1:44:22:742262,0
290.7227,250.894,1:44:22:746259,0
291.854,246.7547,1:44:22:750258,0
293.0345,242.6446,1:44:22:754258,0
294.3872,238.6802,1:44:22:758258,0
295.5923,234.6575,1:44:22:762258,0
296.7482,230.8097,1:44:22:766223,0
298.1008,227.0493,1:44:22:769772,0
299.5027,223.4056,1:44:22:773776,0
300.9045,219.7036,1:44:22:778290,0
302.3802,216.1472,1:44:22:782310,0
303.8312,212.5909,1:44:22:786289,0
305.1592,209.1804,1:44:22:790311,0
306.5611,205.9156,1:44:22:794307,0
308.0367,202.7674,1:44:22:798304,0
309.4386,199.765,1:44:22:802304,0
310.8158,196.9374,1:44:22:806311,0
312.1931,194.1973,1:44:22:810280,0
313.4965,191.4863,1:44:22:814295,0
314.8492,188.9211,1:44:22:818221,0
316.2018,186.3851,1:44:22:822235,0
317.5791,183.7616,1:44:22:826236,0
318.9318,181.1673,1:44:22:830240,0
320.2352,178.6021,1:44:22:834240,0
321.5879,176.1243,1:44:22:838239,0
322.9651,173.7048,1:44:22:842430,0
324.244,171.3728,1:44:22:845448,0
325.4983,169.0992,1:44:22:849449,0
326.7034,166.9712,1:44:22:854444,0
327.8101,165.0181,1:44:22:858452,0
328.7939,163.2108,1:44:22:861449,0
329.7284,161.4619,1:44:22:866445,0
330.5892,159.8295,1:44:22:869447,0
331.3024,158.3136,1:44:22:874744,0
331.9664,156.827,1:44:22:877763,0
332.5075,155.3987,1:44:22:881763,0
332.9502,153.9703,1:44:22:885936,0
333.4175,152.6003,1:44:22:889766,0
333.8356,151.201,1:44:22:893767,0
334.1799,149.831,1:44:22:898513,0
334.4258,148.461,1:44:22:901531,0
334.598,147.1201,1:44:22:905532,0
334.7701,145.8083,1:44:22:910483,0
334.8193,144.4674,1:44:22:914508,0
334.8193,143.0682,1:44:22:919335,0
334.8193,141.7273,1:44:22:922356,0
334.8193,140.3864,1:44:22:927349,0
334.8193,139.1038,1:44:22:930355,0
333.9585,137.8503,1:44:22:934354,0
333.9585,136.5094,1:44:22:937624,0
332.9748,135.2852,1:44:22:942644,0
332.4829,134.1774,1:44:22:945644,0
331.9172,133.0697,1:44:22:950645,0
331.3516,131.9329,1:44:22:953664,0
330.7122,130.7669,1:44:22:957648,1592
329.9989,129.6009,1:44:22:962564,1605
329.2611,128.4057,1:44:22:965584,1658
328.5725,127.2397,1:44:22:969583,1727
327.8347,126.1029,1:44:22:973831,1809
327.1461,124.9078,1:44:22:977614,1892
326.4574,123.8584,1:44:22:981602,1934
325.8672,122.8964,1:44:22:986398,1964
325.3753,122.0802,1:44:22:990397,1989
325.031,121.4389,1:44:22:994401,1997
324.7605,120.9142,1:44:22:998400,2004
324.6129,120.5644,1:44:23:002402,1993
324.5145,120.2438,1:44:23:006402,1968
324.5145,120.1563,1:44:23:010400,1942
324.5145,120.1563,1:44:23:014401,1914
324.5145,120.1563,1:44:23:018401,1901
324.5145,121.3223,1:44:23:022401,1904
325.2032,122.2842,1:44:23:026400,1915
325.2032,123.5086,1:44:23:030402,1946
326.1869,125.0826,1:44:23:034400,1983
326.851,127.0357,1:44:23:037425,2024
327.6133,129.3385,1:44:23:042401,2065
328.4003,131.9621,1:44:23:046400,2124
329.2365,134.9645,1:44:23:050400,2196
330.1957,138.4042,1:44:23:054403,2270
331.204,142.1062,1:44:23:058401,2360
332.2616,146.0706,1:44:23:062735,2438
333.3191,150.1808,1:44:23:065752,2506
334.4258,154.3784,1:44:23:069751,2580
335.5817,158.6926,1:44:23:073954,2657
336.8606,162.9485,1:44:23:077976,2730
338.0657,167.2044,1:44:23:081978,2824
339.2954,171.4312,1:44:23:085974,2911
340.4513,175.687,1:44:23:089973,2984
341.5334,179.8846,1:44:23:093973,3055
342.5172,184.0531,1:44:23:097973,3104
343.4271,188.1633,1:44:23:102005,3143
344.1404,192.0694,1:44:23:105973,3175
344.7306,195.888,1:44:23:110481,3194
345.1733,199.5318,1:44:23:114001,3206
345.4684,202.8257,1:44:23:118002,3213
345.5668,205.8573,1:44:23:122461,3215
345.5668,208.6557,1:44:23:126476,3223
345.5668,211.3667,1:44:23:130479,3226
344.9273,213.9901,1:44:23:134486,3227
344.3125,216.5845,1:44:23:137480,3228
343.5009,219.1497,1:44:23:141479,3222
342.5172,221.5692,1:44:23:145703,3215
341.3367,223.9012,1:44:23:149704,3205
339.9594,226.1457,1:44:23:153705,3188
338.3362,228.2737,1:44:23:158708,3164
336.6638,230.1684,1:44:23:161705,3135
334.7947,231.8882,1:44:23:165704,3105
332.778,233.3457,1:44:23:170600,3078
330.6384,234.6575,1:44:23:173631,3056
328.4495,235.7652,1:44:23:177611,3040
326.2361,236.698,1:44:23:181585,3030
323.9489,237.4267,1:44:23:186577,3027
321.7354,237.9806,1:44:23:190582,3026
319.4974,238.3887,1:44:23:193582,3024
317.3086,238.6219,1:44:23:197581,3026
315.2427,238.7094,1:44:23:201578,3023
313.349,238.7094,1:44:23:205578,3026
311.5782,238.7094,1:44:23:210281,3032
310.0534,238.7094,1:44:23:214294,3037
308.6761,238.0098,1:44:23:218299,3048
307.5694,238.0098,1:44:23:222298,3059
306.6349,237.3976,1:44:23:226303,3070
305.9709,237.3976,1:44:23:230298,3080
305.479,236.8729,1:44:23:234158,3085
305.1592,236.8729,1:44:23:238161,3080
304.9871,236.8729,1:44:23:242161,3070
304.9871,236.8729,1:44:23:246161,3060
304.9871,236.8729,1:44:23:250289,3050
304.9871,236.8729,1:44:23:253874,3046
306.0692,236.8729,1:44:23:258219,3046
306.7824,237.7474,1:44:23:262239,3045
307.7908,238.5053,1:44:23:266234,3045
308.9959,239.4673,1:44:23:270234,3043
310.4715,240.6624,1:44:23:274239,3043
312.1931,242.0616,1:44:23:278235,3040
314.1606,243.7231,1:44:23:282238,3040
316.3002,245.647,1:44:23:286235,3047
318.6366,247.8042,1:44:23:290371,3054
321.1206,250.2819,1:44:23:294387,3063
323.6783,253.0511,1:44:23:298525,3078
326.3837,256.1702,1:44:23:301543,3100
329.2611,259.5225,1:44:23:305558,3131
332.2862,263.1662,1:44:23:309542,3171
335.3604,266.9557,1:44:23:313544,3214
338.5084,270.8618,1:44:23:317543,3253
341.7302,274.972,1:44:23:321543,3299
344.9765,279.1987,1:44:23:325575,3338
348.2475,283.7169,1:44:23:329544,3368
351.4693,288.4101,1:44:23:333543,3396
354.6419,293.2198,1:44:23:338545,3415
357.7653,298.0587,1:44:23:341544,3434
360.8887,302.956,1:44:23:346539,3449
363.9629,307.8531,1:44:23:349574,3460
367.0371,312.7212,1:44:23:353540,3475
370.0376,317.6184,1:44:23:358655,3483
372.9888,322.2532,1:44:23:361673,3493
375.9401,326.7132,1:44:23:365673,3501
378.7683,331.0565,1:44:23:369670,3479
381.4737,335.2833,1:44:23:373678,3430
384.056,339.3351,1:44:23:377673,3335
386.3924,343.2704,1:44:23:381674,3184
388.6058,346.9433,1:44:23:386669,2981
390.6717,350.2664,1:44:23:389673,2717
392.5408,353.2397,1:44:23:393674,2369
394.2624,355.9798,1:44:23:397673,1877
395.7872,358.3701,1:44:23:404673,1289
397.1645,360.4398,1:44:23:406672,728
398.2958,362.1888,1:44:23:409672,296
399.3287,363.6754,1:44:23:413673,0
400.1157,364.8414,1:44:23:418063,0
400.706,365.7742,1:44:23:422081,0
401.0749,366.3572,1:44:23:426080,0
401.2224,366.5612,1:44:23:430116,0
401.2224,366.5612,1:44:23:434086,0
401.2224,366.5612,1:44:23:438279,0
400.5584,365.7159,1:44:23:442293,0
399.8698,364.8414,1:44:23:446294,0
399.009,363.8211,1:44:23:450294,0
397.9761,362.5094,1:44:23:454811,0
396.894,361.0811,1:44:23:457830,0
395.5905,359.4778,1:44:23:461852,0
394.1394,357.6705,1:44:23:465826,0
392.59,355.7466,1:44:23:469825,0
390.8931,353.7353,1:44:23:473825,0
389.1469,351.6364,1:44:23:477907,0
387.3024,349.4211,1:44:23:481847,0
385.4087,347.0599,1:44:23:486288,0
383.3674,344.5238,1:44:23:490306,0
381.2769,341.8712,1:44:23:494305,0
379.1127,339.0728,1:44:23:498306,0
376.9976,336.1578,1:44:23:502750,0
374.7104,333.097,1:44:23:505766,0
372.4232,329.8322,1:44:23:509769,0
370.1851,326.4508,1:44:23:513772,0
367.8733,323.0111,1:44:23:517768,0
365.5369,319.5423,1:44:23:521768,0
363.1513,316.0151,1:44:23:525768,0
360.8395,312.4589,1:44:23:529974,0
358.4785,308.8442,1:44:23:534281,0
356.1913,305.2005,1:44:23:538821,0
354.0024,301.7317,1:44:23:541819,0
351.789,298.2045,1:44:23:545825,0
349.6002,294.7065,1:44:23:549820,0
347.5097,291.2668,1:44:23:553822,0
345.4438,287.8563,1:44:23:557825,0
343.4271,284.5623,1:44:23:561830,0
341.3367,281.4141,1:44:23:566365,0
339.2708,278.3825,1:44:23:569383,0
337.2541,275.4092,1:44:23:574384,0
335.2374,272.7566,1:44:23:578383,0
333.1961,270.2205,1:44:23:582382,0
331.1794,267.8593,1:44:23:585383,0
329.2365,265.644,1:44:23:590380,0
327.2936,263.5743,1:44:23:593382,0
325.4983,261.5921,1:44:23:598289,0
323.8013,259.8723,1:44:23:602307,0
322.0797,258.2398,1:44:23:606289,0
320.4566,256.6657,1:44:23:610308,0
318.9809,255.2374,1:44:23:614303,0
317.5791,253.8965,1:44:23:618311,0
316.2756,252.7596,1:44:23:622315,0
315.0459,251.6519,1:44:23:626303,0
313.89,250.5443,1:44:23:630307,2641
312.8079,249.3491,1:44:23:634308,2636
311.775,248.2122,1:44:23:638288,2635
310.8404,247.192,1:44:23:642303,2665
310.078,246.2883,1:44:23:646302,2704
309.5369,245.5304,1:44:23:650306,2747
309.1188,244.7434,1:44:23:654309,2779
308.9221,244.1313,1:44:23:658310,2756
308.9221,243.6357,1:44:23:662310,2714
308.9221,243.315,1:44:23:666311,2668
310.078,243.0527,1:44:23:670659,2626
311.1847,242.8195,1:44:23:673677,2605
312.6603,242.6446,1:44:23:677683,2592
314.5049,242.4697,1:44:23:682674,2574
316.7183,242.2657,1:44:23:686675,2544
319.3253,242.2074,1:44:23:689678,2513
322.3749,242.1782,1:44:23:693683,2479
325.7934,242.1199,1:44:23:698696,2458
329.6054,242.0907,1:44:23:701707,2453
333.7618,242.0616,1:44:23:705707,2448
338.2133,242.0325,1:44:23:709782,2453
342.9106,241.9742,1:44:23:713717,2459
347.7802,241.9158,1:44:23:717717,2460
352.9449,241.7701,1:44:23:722670,2472
358.3801,241.6243,1:44:23:725669,2487
363.8645,241.4203,1:44:23:729669,2511
369.3981,241.2162,1:44:23:734670,2548
374.9071,240.983,1:44:23:737669,2585
380.4407,240.6915,1:44:23:741669,2631
385.9989,240.3418,1:44:23:746933,2676
391.6063,240.0211,1:44:23:749956,2727
397.1153,239.613,1:44:23:753983,2787
402.4521,239.2049,1:44:23:757950,2837
407.6168,238.7094,1:44:23:761951,2892
412.6093,238.2138,1:44:23:765951,2936
417.5281,237.6599,1:44:23:769818,2973
422.2747,237.0186,1:44:23:774185,3006
426.7753,236.319,1:44:23:778185,3029
431.0547,235.5903,1:44:23:781748,3048
435.0634,234.7158,1:44:23:786719,3060
438.8017,233.8413,1:44:23:790719,3069
442.3924,232.8502,1:44:23:793725,3070
445.6879,231.7133,1:44:23:797718,3070
448.6392,230.5182,1:44:23:802968,3065
451.2953,229.1481,1:44:23:805986,3053
453.6809,227.6032,1:44:23:809987,3022
455.7468,225.9125,1:44:23:814514,2979
457.5421,224.1635,1:44:23:818057,2936
459.1407,222.2979,1:44:23:822045,2881
460.4196,220.2865,1:44:23:826618,2840
461.4771,218.2169,1:44:23:829615,2803
462.3379,216.0598,1:44:23:834615,2766
462.9528,213.8736,1:44:23:837614,2738
463.3708,211.6581,1:44:23:841616,2716
463.543,209.3553,1:44:23:846541,2693
463.543,206.9359,1:44:23:849559,2668
463.543,204.2832,1:44:23:853559,2653
463.543,201.5431,1:44:23:858555,2631
462.5593,198.599,1:44:23:862473,2619
461.9198,195.4507,1:44:23:865575,2616
461.2312,192.1568,1:44:23:870577,2618
460.4196,188.7754,1:44:23:873572,2629
459.5588,185.3357,1:44:23:878574,2643
458.698,181.8669,1:44:23:882573,2661
457.8372,178.4272,1:44:23:886573,2681
456.9519,175.0457,1:44:23:889573,2711
456.1157,171.7227,1:44:23:893574,2755
455.3287,168.3704,1:44:23:898101,2809
454.5417,165.0473,1:44:23:902110,2873
453.8285,161.6076,1:44:23:906111,2942
453.1398,158.0513,1:44:23:910110,3016
452.4512,154.495,1:44:23:914111,3082
451.7626,150.997,1:44:23:918111,3140
451.1723,147.499,1:44:23:922111,3191
450.6559,144.1467,1:44:23:926116,3233
450.1394,140.9986,1:44:23:931108,3271
449.7459,138.0544,1:44:23:934111,3306
449.377,135.4017,1:44:23:939111,3332
449.0819,133.0406,1:44:23:942110,3345
448.8605,130.8835,1:44:23:946110,3355
448.713,128.9305,1:44:23:950110,3356
448.6146,127.2106,1:44:23:954109,3357
448.59,125.6656,1:44:23:958136,3361
448.59,124.3248,1:44:23:962113,3360
448.59,123.217,1:44:23:966150,3360
448.59,122.3426,1:44:23:970112,3354
448.59,121.6721,1:44:23:974701,3331
448.59,121.264,1:44:23:978719,3304
449.0819,121.06,1:44:23:981719,3281
449.0819,121.06,1:44:23:986716,3259
449.5492,121.06,1:44:23:989719,3253
449.5492,122.226,1:44:23:993720,3249
450.3607,123.217,1:44:23:997717,3249
450.9264,124.4705,1:44:24:001720,3254
451.5904,126.1029,1:44:24:005724,3267
452.402,128.056,1:44:24:009720,3299
453.189,130.388,1:44:24:013719,3340
454.0252,133.0697,1:44:24:017720,3413
454.8614,136.2471,1:44:24:021719,3491
455.6976,139.8909,1:44:24:025719,3576
456.5584,143.9135,1:44:24:029719,3664
457.3946,148.2861,1:44:24:033721,3739
458.3045,152.95,1:44:24:038278,3806
459.2145,157.8472,1:44:24:042292,3868
460.149,163.0068,1:44:24:046296,3936
461.1082,168.866,1:44:24:050292,3986
462.092,174.9292,1:44:24:054296,4035
463.0265,181.1964,1:44:24:058292,4081
463.9611,187.5219,1:44:24:062295,4114
464.9203,194.0807,1:44:24:066296,4165
465.8302,201.1059,1:44:24:070657,4218
466.691,208.4808,1:44:24:073674,4264
467.601,215.9432,1:44:24:078671,4311
468.4618,223.1141,1:44:24:081675,4349
469.2242,230.1101,1:44:24:086676,4416
469.9128,237.3102,1:44:24:089680,4486
470.5522,244.7434,1:44:24:093675,4551
471.0195,252.2058,1:44:24:097676,4603
471.3884,259.3767,1:44:24:101676,4621
471.6589,266.4601,1:44:24:105680,4646
471.8311,273.5728,1:44:24:110426,4665
471.9787,280.7728,1:44:24:114442,4675
472.077,287.9728,1:44:24:118444,4681
472.2,294.7357,1:44:24:121444,4665
472.2738,301.1778,1:44:24:126444,4649
472.3476,307.5034,1:44:24:130443,4658
472.4459,313.7415,1:44:24:134287,4661
472.5689,319.8047,1:44:24:138307,4667
472.6673,325.6055,1:44:24:142281,4667
472.7411,331.0565,1:44:24:146300,4632
472.7903,336.2452,1:44:24:150296,4581
472.8148,341.1716,1:44:24:154303,4504
472.8148,345.8647,1:44:24:158722,4398
472.8148,350.2664,1:44:24:161737,4267
472.8148,354.2891,1:44:24:165738,4102
472.8148,358.0494,1:44:24:169738,3888
472.8148,361.46,1:44:24:173745,3624
472.8148,364.6374,1:44:24:178737,3312
472.8148,367.5232,1:44:24:181737,2952
472.8148,370.1176,1:44:24:185740,2525
472.8148,372.3912,1:44:24:189741,1981
472.3476,374.286,1:44:24:193741,1350
472.3476,375.8893,1:44:24:197741,759
472.3476,376.9678,1:44:24:201737,311
472.3476,377.6382,1:44:24:206722,0
472.3476,377.8715,1:44:24:209746,0
473.2575,377.8715,1:44:24:213741,0
473.7986,377.8715,1:44:24:217740,0
474.438,376.3557,1:44:24:221741,0
475.2496,375.1896,1:44:24:226741,0
476.1596,373.8196,1:44:24:229740,0
477.2171,372.2163,1:44:24:234499,0
478.4222,370.5256,1:44:24:237522,0
479.7503,368.6309,1:44:24:241518,0
481.1767,366.6195,1:44:24:245517,0
482.6523,364.4916,1:44:24:249522,0
484.3001,362.1888,1:44:24:253518,0
485.9971,359.8276,1:44:24:258475,0
487.7924,357.379,1:44:24:261493,0
489.6616,354.8138,1:44:24:265493,0
491.6291,352.1028,1:44:24:269497,0
493.572,349.3336,1:44:24:273493,0
495.5395,346.4769,1:44:24:277521,0
497.6545,343.5619,1:44:24:282274,0
499.745,340.6177,1:44:24:285676,0
501.8355,337.6153,1:44:24:289676,0
504.0243,334.4671,1:44:24:294215,0
506.3607,331.0857,1:44:24:297698,0
508.7955,327.6169,1:44:24:302694,0
511.7713,323.9439,1:44:24:305696,0
511.7713,323.9439,1:44:24:324718,0
601.391,217.459,1:44:24:416848,0
602.7437,217.459,1:44:24:422381,0
604.5144,215.3311,1:44:24:426388,0
606.7032,213.4363,1:44:24:430363,0
609.0396,211.2209,1:44:24:434419,0
611.6957,208.6266,1:44:24:437420,0
614.5978,205.595,1:44:24:442121,0
617.6967,202.2135,1:44:24:446138,0
621.0414,198.4823,1:44:24:450145,0
623.2302,194.9552,1:44:24:455131,0
625.2469,191.8945,1:44:24:458133,0
627.0668,188.7462,1:44:24:462131,0
628.8868,185.6272,1:44:24:466469,0
630.6329,182.4498,1:44:24:469487,0
632.2561,179.3017,1:44:24:474488,0
633.8301,176.0952,1:44:24:477955,0
635.3303,172.8887,1:44:24:481977,0
636.7568,169.7988,1:44:24:485980,0
638.1832,166.7963,1:44:24:490977,0
639.4129,163.823,1:44:24:493976,0
640.4705,160.908,1:44:24:497976,0
641.3066,158.0513,1:44:24:502464,0
642.192,155.1946,1:44:24:505489,0
642.7822,152.4545,1:44:24:509483,0
643.3725,149.6561,1:44:24:514491,0
643.766,146.8869,1:44:24:518517,0
643.9628,144.0593,1:44:24:521513,0
644.1841,141.2901,1:44:24:526582,0
644.2825,138.5791,1:44:24:530580,0
644.3071,135.9848,1:44:24:533580,0
644.3071,133.5361,1:44:24:538583,0
644.3071,131.2041,1:44:24:541609,0
644.3071,129.1345,1:44:24:545595,0
643.6184,127.2397,1:44:24:550784,0
643.6184,125.549,1:44:24:553803,0
642.7085,124.0332,1:44:24:557803,0
642.192,122.7798,1:44:24:562803,0
641.6509,121.7304,1:44:24:565807,0
641.0361,120.9725,1:44:24:569805,0
640.3721,120.3604,1:44:24:574524,0
639.6097,120.0397,1:44:24:577549,0
638.921,119.9231,1:44:24:581544,0
638.2816,119.8356,1:44:24:586444,0
637.593,119.7774,1:44:24:589975,0
636.9536,119.6899,1:44:24:593973,2407
636.3633,119.6316,1:44:24:597962,2407
635.773,119.5442,1:44:24:602008,2407
635.2074,119.515,1:44:24:606007,2408
634.6909,119.515,1:44:24:610056,2407
634.1744,119.515,1:44:24:614077,2404
633.7072,120.5061,1:44:24:618076,2408
633.2891,121.5555,1:44:24:622095,2410
632.8956,122.9547,1:44:24:626080,2419
632.6005,124.7328,1:44:24:630076,2432
632.3545,126.8608,1:44:24:634713,2440
632.1824,129.2802,1:44:24:637733,2446
632.0348,132.1078,1:44:24:641731,2462
631.961,135.2852,1:44:24:645737,2483
631.9364,138.9872,1:44:24:649731,2503
631.9364,143.039,1:44:24:653757,2531
631.9364,147.3241,1:44:24:657983,2551
631.9364,151.8715,1:44:24:661997,2571
631.9364,156.5647,1:44:24:666002,2598
631.9364,161.491,1:44:24:670008,2647
632.6005,166.5631,1:44:24:674002,2701
632.6005,171.8976,1:44:24:678001,2773
633.0923,177.232,1:44:24:682029,2860
633.0923,182.5956,1:44:24:686057,2946
633.7809,188.0175,1:44:24:690058,3040
634.1498,193.556,1:44:24:694513,3121
634.5187,199.2111,1:44:24:697547,3208
634.9122,205.1577,1:44:24:701531,3284
635.2811,211.2209,1:44:24:706326,3362
635.6747,217.1384,1:44:24:710347,3437
636.019,222.9392,1:44:24:714347,3495
636.4125,228.7401,1:44:24:718499,3545
636.7568,234.5409,1:44:24:721517,3600
637.1011,240.4292,1:44:24:725518,3641
637.47,246.4341,1:44:24:729518,3673
637.8389,252.2058,1:44:24:733520,3703
638.1832,257.8026,1:44:24:737531,3707
638.5521,263.1953,1:44:24:742452,3718
638.9702,268.4424,1:44:24:746561,3724
639.3391,273.631,1:44:24:749561,3740
639.7572,278.7323,1:44:24:753560,3751
640.1507,283.7461,1:44:24:757562,3761
640.5197,288.5267,1:44:24:761561,3769
640.864,293.1907,1:44:24:766612,3766
641.1099,297.6506,1:44:24:769628,3763
641.3312,301.994,1:44:24:774630,3761
641.5034,306.1042,1:44:24:778632,3761
641.6263,310.0394,1:44:24:781632,3759
641.7247,313.6248,1:44:24:785636,3759
641.7247,316.8605,1:44:24:790342,3757
641.7247,319.8047,1:44:24:794362,3757
641.7247,322.5447,1:44:24:798363,3756
641.7247,325.0516,1:44:24:802357,3746
641.7247,327.4128,1:44:24:806374,3731
641.7247,329.6573,1:44:24:810373,3703
641.7247,331.6396,1:44:24:814377,3663
641.7247,333.4468,1:44:24:818374,3618
641.7247,334.9626,1:44:24:821373,3563
641.7247,336.2744,1:44:24:826217,3511
641.7247,337.2072,1:44:24:830616,3471
641.7247,337.9068,1:44:24:833617,3445
641.7247,338.3441,1:44:24:838285,3444
641.7247,338.6064,1:44:24:842303,3452
641.7247,338.6356,1:44:24:846303,3462
641.7247,338.6356,1:44:24:850300,3469
641.7247,338.6356,1:44:24:854299,3465
641.7247,337.3821,1:44:24:858304,3456
641.282,336.4201,1:44:24:861400,3444
641.282,335.1375,1:44:24:866419,3441
641.282,333.6509,1:44:24:869452,3438
640.9377,331.8436,1:44:24:874420,3435
640.9377,329.8322,1:44:24:878419,3439
640.6426,327.6169,1:44:24:882419,3435
640.6426,325.314,1:44:24:886217,3428
640.2983,322.9529,1:44:24:889641,3424
640.1753,320.5042,1:44:24:893645,3418
640.0278,317.9973,1:44:24:899574,3408
639.9048,315.2573,1:44:24:901592,3406
639.7818,312.4005,1:44:24:905597,3400
639.6834,309.369,1:44:24:909591,3391
639.5605,306.0167,1:44:24:913592,3394
639.4375,302.6353,1:44:24:917592,3396
639.3391,299.1373,1:44:24:922519,3398
639.2407,295.6101,1:44:24:925542,3400
639.1178,292.1704,1:44:24:929537,3390
639.0194,288.8182,1:44:24:934534,3381
638.8718,285.5534,1:44:24:937542,3374
638.6751,282.4052,1:44:24:942537,3366
638.4537,279.4319,1:44:24:945536,3358
638.257,276.5461,1:44:24:949561,3343
637.9127,273.6602,1:44:24:955534,3332
637.5192,270.7452,1:44:24:957542,3327
637.0273,267.7719,1:44:24:961542,3317
636.4371,264.8569,1:44:24:965542,3317
635.773,261.971,1:44:24:969633,3314
634.986,259.1726,1:44:24:974648,3308
634.0515,256.4908,1:44:24:978647,3309
633.0186,253.9839,1:44:24:981860,3306
631.838,251.5936,1:44:24:985860,3307
630.5099,249.4366,1:44:24:989856,3307
629.059,247.4252,1:44:24:993854,3304
627.4357,245.5304,1:44:24:997851,3301
625.6896,243.7814,1:44:25:001851,3295
623.8205,242.1199,1:44:25:006290,3294
621.7792,240.4875,1:44:25:009821,3291
619.6641,238.9717,1:44:25:013821,3288
617.3277,237.5142,1:44:25:017819,3287
614.8438,236.0858,1:44:25:021827,3285
612.1384,234.7741,1:44:25:025824,3287
609.1872,233.4915,1:44:25:030283,3289
606.0638,232.3255,1:44:25:034305,3289
602.6945,231.2469,1:44:25:038302,3287
599.1284,230.2558,1:44:25:042302,3284
595.3655,229.3813,1:44:25:046298,3281
591.4797,228.6234,1:44:25:050303,3283
587.3972,227.953,1:44:25:054286,3284
583.2162,227.3992,1:44:25:058309,3285
578.8631,226.9619,1:44:25:062308,3286
574.4608,226.6413,1:44:25:066304,3286
569.9109,226.4664,1:44:25:070309,3288
565.4349,226.4372,1:44:25:074308,3290
560.8851,226.4372,1:44:25:078328,3290
556.2614,226.4372,1:44:25:082323,3293
551.6378,226.4372,1:44:25:086328,3294
547.0388,227.5157,1:44:25:090375,3293
542.5381,227.5157,1:44:25:093904,3296
538.1359,228.7401,1:44:25:097908,3296
533.9549,229.4397,1:44:25:102276,3298
529.8723,230.1976,1:44:25:106291,3303
525.9619,231.1012,1:44:25:110291,3302
522.2729,232.034,1:44:25:114294,3301
518.8544,232.9959,1:44:25:118291,3299
515.7802,234.0162,1:44:25:122290,3295
512.9518,235.0947,1:44:25:126057,3297
510.4679,236.2899,1:44:25:130103,3294
508.2544,237.5142,1:44:25:134068,3290
506.3115,238.7677,1:44:25:138049,3281
504.7375,240.0794,1:44:25:142050,3270
503.5078,241.5078,1:44:25:146055,3261
502.5487,242.9944,1:44:25:150050,3251
501.9584,244.5685,1:44:25:154050,3242
501.7125,246.23,1:44:25:159057,3227
501.7125,247.979,1:44:25:162049,3217
501.7125,249.8738,1:44:25:166050,3209
502.8684,251.9726,1:44:25:170628,3204
503.9013,254.2463,1:44:25:173651,3207
505.2786,256.6366,1:44:25:178642,3205
506.9756,259.1143,1:44:25:181644,3206
508.9677,261.5921,1:44:25:186646,3207
511.1565,264.0699,1:44:25:189664,3208
513.5913,266.5768,1:44:25:193449,3212
516.272,268.9379,1:44:25:197473,3214
519.1741,271.0659,1:44:25:201473,3225
522.2729,272.9606,1:44:25:206364,3246
525.4209,274.7096,1:44:25:209388,3277
528.6672,276.2254,1:44:25:214383,3320
531.9628,277.508,1:44:25:218382,3367
535.3568,278.6448,1:44:25:221388,3415
538.6769,279.6068,1:44:25:225390,3463
541.8495,280.3355,1:44:25:230290,3508
544.9237,280.8894,1:44:25:234310,3556
547.8749,281.2683,1:44:25:238310,3603
550.7032,281.4141,1:44:25:242216,3650
553.2856,281.4141,1:44:25:246216,3699
555.7204,281.4141,1:44:25:250215,3749
557.8846,281.4141,1:44:25:254824,3796
559.9505,280.044,1:44:25:257823,3847
561.7458,279.1404,1:44:25:261825,3887
563.3444,278.0035,1:44:25:265402,3910
564.6479,276.5461,1:44:25:270689,3925
565.7546,274.8845,1:44:25:273692,3924
566.5662,272.9023,1:44:25:278546,3922
567.1319,270.5995,1:44:25:282560,3920
567.4024,267.976,1:44:25:286561,3913
567.4024,265.1484,1:44:25:289562,3916
567.4024,262.2334,1:44:25:293564,3920
566.5416,259.1726,1:44:25:298564,3924
565.6317,256.0536,1:44:25:302289,3921
564.4266,252.9637,1:44:25:306308,3898
563.0247,249.9321,1:44:25:310308,3862
561.377,246.9296,1:44:25:314375,3813
559.4832,244.0146,1:44:25:318372,3761
557.442,241.0122,1:44:25:322376,3702
555.2777,237.9806,1:44:25:326371,3640
552.9659,234.949,1:44:25:330376,3570
550.6049,231.8008,1:44:25:334376,3479
548.1209,228.6526,1:44:25:338286,3376
545.514,225.621,1:44:25:342304,3233
542.8333,222.6477,1:44:25:346304,3042
540.1033,219.8784,1:44:25:349823,2800
537.2997,217.2841,1:44:25:353823,2482
534.4222,214.9812,1:44:25:357819,2066
531.5447,212.8824,1:44:25:361821,1550
528.7164,211.0751,1:44:25:365817,962
525.9619,209.4719,1:44:25:369816,484
523.2812,208.0435,1:44:25:373809,0
520.6251,206.7318,1:44:25:378835,0
517.9936,205.5658,1:44:25:381837,0
515.3866,204.3998,1:44:25:386291,0
512.8781,203.3212,1:44:25:390305,0
510.3941,202.3302,1:44:25:394306,0
507.9839,201.3682,1:44:25:397901,0
505.5983,200.4354,1:44:25:401896,0
503.2127,199.5318,1:44:25:405912,0
500.9747,198.6572,1:44:25:409933,0
498.7859,197.841,1:44:25:413897,0
496.6462,197.1123,1:44:25:417899,0
494.5557,196.4418,1:44:25:422484,0
492.5636,195.8589,1:44:25:426502,0
490.4977,195.2467,1:44:25:430506,0
488.4073,194.7511,1:44:25:433499,0
486.2922,194.2847,1:44:25:437503,0
484.128,193.9058,1:44:25:441502,0
481.9391,193.4977,1:44:25:446506,0
479.6273,193.1187,1:44:25:452502,0
477.2663,192.7398,1:44:25:454504,0
474.6348,192.3609,1:44:25:458493,0
471.9787,192.0694,1:44:25:461512,0
469.1012,191.6613,1:44:25:465516,0
466.1499,191.224,1:44:25:469511,0
462.9282,190.7576,1:44:25:473511,0
459.3621,190.2621,1:44:25:477512,0
455.6976,189.7082,1:44:25:482293,0
451.7626,189.0669,1:44:25:486313,0
447.6554,188.4256,1:44:25:490312,0
443.204,187.6677,1:44:25:493587,0
438.6541,186.8806,1:44:25:497583,0
433.5878,186.0936,1:44:25:502583,0
428.3739,185.2774,1:44:25:505617,0
422.9141,184.2572,1:44:25:509583,0
417.1346,183.4118,1:44:25:513584,0
411.1091,182.5373,1:44:25:517588,0
404.7639,181.6045,1:44:25:522583,0
398.2712,180.5551,1:44:25:525583,0
391.4833,179.564,1:44:25:529616,0
384.6462,178.4563,1:44:25:533626,0
377.6616,177.3777,1:44:25:537627,0
370.554,176.2992,1:44:25:541720,0
363.3972,175.0457,1:44:25:545719,0
356.2159,173.7632,1:44:25:549718,0
348.9853,172.4223,1:44:25:553720,0
341.7056,171.1105,1:44:25:557719,0
334.5488,169.8279,1:44:25:562719,0
327.392,168.5453,1:44:25:565720,0
320.309,167.1752,1:44:25:569719,0
313.2998,165.7177,1:44:25:574269,0
306.4135,164.2311,1:44:25:578287,0
299.6011,162.7153,1:44:25:582284,0
293.0099,161.1412,1:44:25:585838,0
286.5172,159.4505,1:44:25:589839,0
280.0982,157.7307,1:44:25:593854,0
273.9252,155.8942,1:44:25:597839,0
267.8997,153.9703,1:44:25:601848,0
262.0218,151.9881,1:44:25:605839,0
256.2915,149.9767,1:44:25:609647,0
250.8071,147.9071,1:44:25:613658,0
245.4702,145.8083,1:44:25:617663,0
240.3055,143.6512,1:44:25:621659,0
235.3376,141.4941,1:44:25:625662,0
230.5418,139.3661,1:44:25:629658,0
225.8444,137.2382,1:44:25:633658,0
221.3192,135.1685,1:44:25:638445,0
217.0152,133.0989,1:44:25:641468,0
212.8343,131.1167,1:44:25:645471,0
208.8009,129.222,1:44:25:650744,0
204.9151,127.3272,1:44:25:653768,0
201.1769,125.549,1:44:25:657763,0
197.5862,123.7709,1:44:25:662764,0
194.1431,122.0219,1:44:25:665768,0
190.8229,120.3604,1:44:25:669762,0
187.5027,118.7862,1:44:25:674755,0
184.4039,117.2704,1:44:25:677802,0
181.2068,115.7838,1:44:25:681773,0
178.1325,114.3846,1:44:25:686256,0
175.0091,113.0729,1:44:25:690276,0
171.9349,111.8485,1:44:25:694277,0
168.9099,110.77,1:44:25:698274,0
165.934,109.8081,1:44:25:702276,0
163.0566,108.9919,1:44:25:706276,0
160.0561,108.2631,1:44:25:710813,0
157.2278,107.6801,1:44:25:713831,0
154.4242,107.272,1:44:25:717831,0
151.768,106.9222,1:44:25:721960,0
149.0627,106.7181,1:44:25:725942,0
146.4558,106.5724,1:44:25:729942,0
143.9226,106.4558,1:44:25:734946,0
141.4878,106.4558,1:44:25:737942,0
139.1514,106.4558,1:44:25:741942,0
136.8888,106.4558,1:44:25:746411,0
134.7737,106.4558,1:44:25:750433,0
132.7079,107.1554,1:44:25:753434,0
130.7896,107.1554,1:44:25:758893,0
128.9942,107.8841,1:44:25:761911,0
127.2481,107.8841,1:44:25:765911,0
125.5757,108.8461,1:44:25:769996,0
124.0263,108.8461,1:44:25:773911,0
122.5507,109.7789,1:44:25:777911,0
121.2226,109.7789,1:44:25:782444,0
119.9683,110.3036,1:44:25:785499,0
118.7632,110.3036,1:44:25:789468,1485
117.6565,110.3036,1:44:25:794465,1493
116.7465,110.3036,1:44:25:798463,1517
116.0333,110.3036,1:44:25:802464,1549
115.4922,109.3999,1:44:25:806314,1573
115.1233,109.3999,1:44:25:810332,1581
114.8282,108.6712,1:44:25:814332,1557
114.779,108.6712,1:44:25:818557,1513
114.779,108.6712,1:44:25:821576,1481
115.4677,108.1757,1:44:25:825576,1461
116.1563,108.1757,1:44:25:830494,1457
117.0663,108.1757,1:44:25:833607,1462
118.173,107.7384,1:44:25:837607,1466
119.5256,107.7384,1:44:25:842612,1479
121.1488,107.3886,1:44:25:845605,1511
122.9933,107.3886,1:44:25:849610,1568
124.9854,107.0388,1:44:25:854609,1637
127.1497,106.8639,1:44:25:857610,1708
129.4615,106.8639,1:44:25:861611,1791
131.8963,106.6307,1:44:25:865555,1863
134.4294,106.5724,1:44:25:869574,1943
137.2577,106.4849,1:44:25:874575,2018
140.4303,106.4558,1:44:25:878059,2075
143.898,106.4558,1:44:25:882079,2141
147.7101,106.3683,1:44:25:886097,2186
151.8418,106.3392,1:44:25:890436,2239
156.3425,106.1935,1:44:25:893456,2278
161.2612,106.0477,1:44:25:897460,2311
166.7456,105.7853,1:44:25:903684,2356
172.5989,105.523,1:44:25:906679,2393
178.7228,105.1441,1:44:25:909678,2445
185.1418,104.7068,1:44:25:913679,2498
192.028,104.1821,1:44:25:917679,2547
199.3078,103.5991,1:44:25:921676,2596
206.9318,103.0161,1:44:25:926996,2639
214.8264,102.4039,1:44:25:930015,2671
223.0653,101.7335,1:44:25:934011,2687
231.5748,101.0922,1:44:25:938015,2704
240.3055,100.4218,1:44:25:942016,2720
249.4544,99.72215,1:44:25:946016,2735
258.8,99.08085,1:44:25:950017,2753
268.1949,98.4104,1:44:25:956014,2762
277.9094,97.7108,1:44:25:958012,2763
287.8452,97.0695,1:44:25:962012,2767
297.7319,96.4282,1:44:25:966020,2777
307.8154,95.7869,1:44:25:970016,2783
318.0956,95.2039,1:44:25:974381,2795
328.2282,94.6792,1:44:25:978395,2804
338.5084,94.24195,1:44:25:982396,2808
348.9361,93.83385,1:44:25:986399,2816
359.2901,93.4549,1:44:25:990395,2818
369.6195,93.13425,1:44:25:993396,2824
380.1456,92.8719,1:44:25:998640,2829
390.4996,92.60955,1:44:26:001658,2839
400.7552,92.37635,1:44:26:005655,2855
411.1337,92.1723,1:44:26:009657,2876
421.3401,91.9391,1:44:26:013659,2904
431.4482,91.7642,1:44:26:017663,2933
441.5316,91.6476,1:44:26:022281,2965
451.4675,91.531,1:44:26:026300,2988
461.0836,91.50185,1:44:26:030300,3013
470.6752,91.50185,1:44:26:034164,3036
480.07,91.50185,1:44:26:038165,3059
489.1943,91.50185,1:44:26:042630,3091
498.1956,91.50185,1:44:26:045727,3119
507.0002,91.50185,1:44:26:049722,3147
515.6572,91.50185,1:44:26:053726,3178
524.019,91.50185,1:44:26:058284,3204
532.3071,92.08485,1:44:26:062298,3226
540.4476,92.08485,1:44:26:066302,3249
548.3914,92.08485,1:44:26:070301,3261
556.1385,92.08485,1:44:26:074307,3270
563.6887,92.5804,1:44:26:078307,3280
571.0177,92.5804,1:44:26:082312,3285
578.1253,92.9302,1:44:26:086319,3289
585.0607,92.9302,1:44:26:090322,3296
591.6027,93.36745,1:44:26:094500,3304
597.8987,93.60065,1:44:26:097516,3313
603.8503,93.83385,1:44:26:101518,3330
609.6053,94.0962,1:44:26:105516,3356
615.0651,94.30025,1:44:26:109523,3379
620.2544,94.53345,1:44:26:113522,3405
625.0994,94.7958,1:44:26:118211,3427
629.5508,94.99985,1:44:26:122230,3438
633.8301,95.23305,1:44:26:126231,3451
637.8143,95.46625,1:44:26:130281,3459
641.528,95.6703,1:44:26:134295,3464
644.9219,95.87435,1:44:26:138295,3468
648.0207,96.0784,1:44:26:142300,3468
650.7998,96.28245,1:44:26:146299,3454
653.2592,96.45735,1:44:26:150303,3414
655.5464,96.63225,1:44:26:153990,3342
657.5139,96.8363,1:44:26:157985,3232
659.1617,96.92375,1:44:26:162024,3079
660.5389,97.0695,1:44:26:165399,2869
661.621,97.1861,1:44:26:169418,2565
662.4327,97.3027,1:44:26:174413,2105
663.0229,97.39015,1:44:26:178418,1545
663.3918,97.4776,1:44:26:182418,925
663.5394,97.56505,1:44:26:186417,435
663.5394,97.68165,1:44:26:190283,0
663.5394,97.8274,1:44:26:193818,0
662.4819,97.85655,1:44:26:197817,0
661.621,97.85655,1:44:26:202782,0
660.4897,97.85655,1:44:26:205793,0
659.0141,97.85655,1:44:26:209793,0
657.1942,97.85655,1:44:26:213796,0
655.0545,97.85655,1:44:26:217793,0
652.6198,97.1278,1:44:26:221794,0
649.8406,97.1278,1:44:26:226281,0
646.8156,97.1278,1:44:26:230300,0
643.5201,96.34075,1:44:26:234298,0
640.1261,96.34075,1:44:26:237899,0
640.1261,96.34075,1:44:26:256278,0
188.3143,167.9915,1:44:33:552826,0
188.3143,167.9915,1:44:33:555845,0
187.4536,167.9915,1:44:33:559878,0
187.4536,167.9915,1:44:33:563850,0
186.4944,167.9915,1:44:33:567846,0
185.9288,167.9915,1:44:33:571845,0
185.3631,167.9915,1:44:33:576668,0
184.8958,168.6036,1:44:33:579692,0
184.3302,168.6036,1:44:33:583686,0
184.3302,168.6036,1:44:33:587713,0
184.3302,168.6036,1:44:33:591687,0
184.3302,168.6036,1:44:33:595686,0
184.3302,168.6036,1:44:33:599685,0
184.3302,168.6036,1:44:33:603686,0
184.3302,168.6036,1:44:33:607707,0
184.3302,168.6036,1:44:33:611687,0
184.3302,168.6036,1:44:33:615685,0
184.3302,168.6036,1:44:33:619686,0
184.8466,168.6036,1:44:33:623685,0
184.8466,168.6036,1:44:33:628686,0
185.5844,168.6036,1:44:33:631692,0
186.0271,168.0206,1:44:33:635691,0
186.519,168.0206,1:44:33:639701,0
