161.7777,239.9045,3:04:09:511198,0
161.7777,239.9045,3:04:09:515206,0
162.786,239.9045,3:04:09:519208,0
163.3763,239.1758,3:04:09:522210,0
164.1633,239.1758,3:04:09:527208,0
164.9995,238.1555,3:04:09:531303,0
165.9832,237.5434,3:04:09:534312,0
166.967,236.7563,3:04:09:539313,0
168.1475,235.8818,3:04:09:542348,0
169.0574,234.9781,3:04:09:546312,0
169.869,234.1037,3:04:09:551104,0
170.779,233.1417,3:04:09:555131,0
171.5906,232.1214,3:04:09:559103,0
172.3776,231.1012,3:04:09:563129,0
173.0662,229.9352,3:04:09:567133,0
173.7794,228.7692,3:04:09:571131,0
174.4435,227.5741,3:04:09:575113,0
175.0091,226.2914,3:04:09:579177,0
175.5994,224.9214,3:04:09:582187,0
176.0667,223.5222,3:04:09:587186,0
176.5093,222.0356,3:04:09:591189,0
176.9028,220.4323,3:04:09:594189,0
177.3455,218.7416,3:04:09:599409,0
177.7144,216.9052,3:04:09:602419,0
178.0341,214.9812,3:04:09:606418,0
178.2555,212.9991,3:04:09:610419,0
178.5014,210.9877,3:04:09:614419,0
178.6736,208.8889,3:04:09:618416,0
178.8457,206.7318,3:04:09:622419,0
178.9687,204.5455,3:04:09:627096,0
179.0671,202.4467,3:04:09:631106,0
179.1901,200.2896,3:04:09:635092,0
179.2392,198.1617,3:04:09:639101,0
179.3622,196.0338,3:04:09:643104,0
179.4606,193.9058,3:04:09:647102,0
179.6328,191.807,3:04:09:651100,0
179.7557,189.7957,3:04:09:655101,0
179.9033,187.7843,3:04:09:659090,0
180.0017,185.977,3:04:09:662103,0
180.0508,184.2572,3:04:09:667037,0
180.1246,182.7413,3:04:09:671048,0
180.1246,181.3421,3:04:09:675047,0
180.1246,180.1178,3:04:09:679048,0
180.1246,179.0976,3:04:09:683045,0
179.3376,178.1648,3:04:09:687282,0
179.3376,177.4069,3:04:09:691326,0
178.4277,176.5907,3:04:09:694842,0
177.7882,175.7453,3:04:09:698842,0
177.1734,174.9292,3:04:09:702842,1300
176.5339,174.1712,3:04:09:706843,1300
175.8453,173.5008,3:04:09:710843,1296
175.1813,172.8012,3:04:09:714854,1292
174.5664,172.1891,3:04:09:719162,1288
173.927,171.6352,3:04:09:722176,1284
173.4597,171.3145,3:04:09:726172,1279
173.0908,171.0813,3:04:09:731170,1263
172.7711,171.0231,3:04:09:735171,1250
172.5252,171.0231,3:04:09:739110,1233
172.3776,171.0231,3:04:09:743126,1220
172.2792,171.0231,3:04:09:746757,1220
172.2792,171.8392,3:04:09:750763,1214
172.2792,171.8392,3:04:09:755004,1217
172.2792,173.151,3:04:09:759036,1219
172.2792,174.1129,3:04:09:763015,1215
172.2792,175.3081,3:04:09:767036,1235
172.2792,176.7948,3:04:09:771031,1257
172.8203,178.5729,3:04:09:775020,1285
172.8203,180.6425,3:04:09:778949,1323
172.8203,183.0329,3:04:09:782983,1351
172.8203,185.6855,3:04:09:786982,1378
173.2138,188.5714,3:04:09:790997,1404
173.2138,191.6321,3:04:09:794980,1429
173.5581,194.8969,3:04:09:798952,1450
173.5581,198.2491,3:04:09:802985,1473
173.9024,201.6306,3:04:09:806801,1493
174.0992,205.0703,3:04:09:810774,1525
174.3205,208.5974,3:04:09:814781,1550
174.5173,212.212,3:04:09:818773,1575
174.8124,215.9432,3:04:09:822812,1605
175.1813,219.7036,3:04:09:826834,1629
175.5994,223.4348,3:04:09:830717,1686
176.0912,227.1368,3:04:09:834688,1744
176.6569,230.6931,3:04:09:838722,1801
177.3701,233.987,3:04:09:842689,1851
178.2063,237.1061,3:04:09:846993,1872
179.1901,239.8754,3:04:09:851004,1882
180.2722,242.3239,3:04:09:855004,1910
181.4281,244.5102,3:04:09:859017,1955
182.6824,246.3758,3:04:09:863001,1991
183.9858,248.1248,3:04:09:866899,2041
185.3877,249.6406,3:04:09:870788,2063
186.8879,250.894,3:04:09:874814,2090
188.4619,251.9726,3:04:09:878787,2141
190.0605,252.8179,3:04:09:883119,2190
191.7821,253.4592,3:04:09:886129,2244
193.5282,253.8674,3:04:09:890537,2277
195.3236,254.0131,3:04:09:894416,2284
197.2419,254.0131,3:04:09:898419,2290
199.1356,254.0131,3:04:09:902416,2294
201.2015,253.022,3:04:09:906416,2291
203.3903,252.3224,3:04:09:910416,2297
205.6775,251.3896,3:04:09:915022,2294
208.0385,250.2236,3:04:09:918334,2291
210.5471,248.9702,3:04:09:922232,2290
213.0311,247.571,3:04:09:926233,2280
215.6134,246.0551,3:04:09:930231,2274
218.1958,244.3936,3:04:09:934233,2272
220.7535,242.6154,3:04:09:939301,2265
223.2621,240.6915,3:04:09:942300,2265
225.6723,238.651,3:04:09:946168,2257
227.9349,236.4939,3:04:09:950181,2254
230.1237,234.2202,3:04:09:955103,2256
232.2142,231.8008,3:04:09:959115,2252
234.2555,229.2939,3:04:09:963121,2257
236.1492,226.7287,3:04:09:967125,2267
237.9937,224.1635,3:04:09:971114,2277
239.7153,221.6274,3:04:09:975113,2294
241.3139,219.1497,3:04:09:979106,2302
242.7895,216.7303,3:04:09:982235,2299
244.1422,214.4857,3:04:09:986288,2291
245.3964,212.2411,3:04:09:990257,2284
246.5032,210.1715,3:04:09:995418,2281
247.4623,208.1019,3:04:09:998428,2282
248.2985,206.0614,3:04:10:002428,2301
249.0363,204.0791,3:04:10:006428,2322
249.6512,202.0387,3:04:10:010542,2349
250.143,200.0273,3:04:10:014428,2385
250.5857,198.0451,3:04:10:019268,2414
250.93,196.0338,3:04:10:022282,2436
251.2006,194.139,3:04:10:026398,2455
251.4219,192.3317,3:04:10:030422,2486
251.5449,190.6702,3:04:10:035396,2520
251.6432,189.1252,3:04:10:038401,2566
251.6924,187.7843,3:04:10:043085,2609
251.6924,186.6474,3:04:10:046096,2633
251.6924,185.7438,3:04:10:050385,2653
251.6924,185.0442,3:04:10:054430,2656
251.6924,184.5486,3:04:10:058434,2663
251.6924,184.228,3:04:10:063432,2656
251.6924,184.0822,3:04:10:067092,2640
251.6924,184.0822,3:04:10:071100,2634
251.6924,184.0822,3:04:10:075100,2626
251.2498,184.8985,3:04:10:078103,2621
251.2498,185.6855,3:04:10:083100,2625
251.2498,186.8223,3:04:10:087103,2625
251.2498,188.3673,3:04:10:091083,2627
251.2498,190.2912,3:04:10:095093,2636
250.93,192.6232,3:04:10:099201,2644
250.93,195.3633,3:04:10:102202,2648
250.5857,198.3949,3:04:10:106216,2653
250.3644,201.7763,3:04:10:110204,2657
250.1184,205.5075,3:04:10:114200,2672
249.7987,209.7051,3:04:10:118847,2693
249.5282,214.2525,3:04:10:123144,2715
249.2085,219.1788,3:04:10:126260,2735
248.8887,224.3676,3:04:10:130246,2747
248.6428,229.8477,3:04:10:134248,2752
248.3723,235.6194,3:04:10:138248,2773
248.1509,241.7701,3:04:10:143071,2791
247.9296,248.1248,3:04:10:147069,2808
247.7328,254.4212,3:04:10:151106,2826
247.5853,260.601,3:04:10:155121,2830
247.4623,266.635,3:04:10:159126,2835
247.3639,272.5525,3:04:10:163117,2853
247.3393,278.5283,3:04:10:166996,2871
247.3393,284.4165,3:04:10:171021,2887
247.3393,289.9842,3:04:10:175051,2899
247.3393,295.2603,3:04:10:179044,2896
247.9542,300.2741,3:04:10:183055,2896
247.9542,305.113,3:04:10:187045,2900
248.815,309.6896,3:04:10:191363,2904
249.3068,314.0621,3:04:10:194373,2918
249.8479,317.9973,3:04:10:198493,2929
250.4382,321.6119,3:04:10:202384,2937
250.9546,324.9059,3:04:10:206418,2946
251.4957,327.9375,3:04:10:210376,2945
252.0122,330.8233,3:04:10:215096,2945
252.504,333.4468,3:04:10:218115,2947
252.8975,335.8954,3:04:10:223105,2948
253.2418,338.1108,3:04:10:227108,2948
253.5124,340.1222,3:04:10:231105,2945
253.7337,341.8129,3:04:10:234106,2898
253.9305,343.2704,3:04:10:238907,2817
254.0534,344.4073,3:04:10:242905,2698
254.1272,345.2817,3:04:10:247030,2545
254.1518,345.8939,3:04:10:251042,2370
254.1518,346.2437,3:04:10:255041,2123
254.1518,346.302,3:04:10:259041,1765
254.1518,346.302,3:04:10:263040,1301
253.5862,345.3692,3:04:10:267056,783
253.5862,344.3781,3:04:10:271087,375
252.7992,342.9789,3:04:10:274085,0
252.3073,341.0841,3:04:10:279064,0
251.717,338.8396,3:04:10:282062,0
251.1268,336.1287,3:04:10:287115,0
250.4874,333.0096,3:04:10:290122,0
249.8479,329.5407,3:04:10:294999,0
249.1839,325.693,3:04:10:299000,0
248.5198,321.5245,3:04:10:303000,0
247.905,317.0937,3:04:10:306999,0
247.241,312.2839,3:04:10:310962,0
246.6261,307.2993,3:04:10:315012,0
245.9867,302.0523,3:04:10:319021,0
245.3718,296.8053,3:04:10:323014,0
244.757,291.4709,3:04:10:327297,0
244.093,286.2238,3:04:10:330308,0
243.4289,281.0643,3:04:10:334310,0
242.8387,276.1088,3:04:10:338308,0
242.2484,271.3865,3:04:10:342327,0
241.6828,266.9265,3:04:10:346470,0
241.0925,262.8164,3:04:10:351087,0
240.5269,259.0852,3:04:10:354095,0
239.9612,255.558,3:04:10:358804,0
239.3956,252.3515,3:04:10:362802,0
238.8791,249.3491,3:04:10:366818,1421
238.2397,246.609,3:04:10:370802,1417
237.6248,244.2478,3:04:10:375035,1421
236.9116,242.0616,3:04:10:379050,1425
236.1984,240.0502,3:04:10:383045,1437
235.4114,238.2721,3:04:10:387056,1474
234.5998,236.7271,3:04:10:391248,1520
233.7636,235.4737,3:04:10:394259,1581
232.8782,234.4534,3:04:10:399258,1633
232.042,233.7538,3:04:10:402259,1668
231.1812,233.2874,3:04:10:407260,1687
230.3451,233.0251,3:04:10:410260,1690
229.4843,233.0251,3:04:10:415085,1694
228.5251,233.0251,3:04:10:418303,1692
227.566,233.0251,3:04:10:422384,1695
226.4347,234.2785,3:04:10:427388,1709
225.2296,235.2113,3:04:10:430484,1746
223.8277,236.3482,3:04:10:434383,1803
222.2045,237.7182,3:04:10:438378,1884
220.36,239.3798,3:04:10:442388,1957
218.2695,241.3037,3:04:10:446387,2009
215.9085,243.5482,3:04:10:450388,2048
213.4246,246.026,3:04:10:454946,2075
210.6947,248.8535,3:04:10:458979,2103
207.8172,252.0892,3:04:10:462831,2155
204.7676,255.6455,3:04:10:466841,2201
201.5212,259.4059,3:04:10:470897,2236
198.1027,263.4286,3:04:10:474840,2268
194.4874,267.5387,3:04:10:478878,2276
190.6508,271.678,3:04:10:482842,2284
186.6912,275.9048,3:04:10:487035,2303
182.5594,280.0732,3:04:10:490350,2316
178.3047,284.1833,3:04:10:495089,2338
174.0254,288.2061,3:04:10:499097,2375
169.6477,292.1413,3:04:10:503037,2404
165.3192,295.96,3:04:10:506398,2440
161.0399,299.6912,3:04:10:510432,2483
156.8835,303.2474,3:04:10:514400,2523
152.801,306.5706,3:04:10:518402,2561
148.8906,309.7188,3:04:10:523417,2594
145.1031,312.5463,3:04:10:526170,2614
141.5124,315.1407,3:04:10:530191,2615
138.1185,317.4727,3:04:10:536179,2618
134.9213,319.6006,3:04:10:539183,2619
131.9947,321.6119,3:04:10:542183,2623
129.2402,323.4193,3:04:10:547182,2630
126.7316,325.1682,3:04:10:551001,2632
124.3952,326.8007,3:04:10:555012,2639
122.3293,328.3456,3:04:10:559048,2633
120.4602,329.8322,3:04:10:563051,2629
118.9108,331.2023,3:04:10:567050,2630
117.5581,332.4266,3:04:10:571048,2620
116.5006,333.5343,3:04:10:575145,2602
115.7136,334.6129,3:04:10:578151,2547
115.1725,335.4873,3:04:10:583227,2455
114.8774,336.2452,3:04:10:586743,2328
114.8036,336.8574,3:04:10:590743,2158
114.8036,337.3821,3:04:10:594742,1924
114.8036,337.7028,3:04:10:598742,1603
116.0579,337.9359,3:04:10:602743,1194
116.9679,337.9651,3:04:10:607006,728
118.0992,337.9651,3:04:10:611346,361
119.501,337.1198,3:04:10:614472,0
121.1488,336.2452,3:04:10:618348,0
123.0179,334.9626,3:04:10:622349,0
125.1822,333.3885,3:04:10:626348,0
127.5186,331.4647,3:04:10:631079,0
130.0763,329.1618,3:04:10:634594,0
132.8554,326.5674,3:04:10:639049,0
135.8805,323.7982,3:04:10:643055,0
139.1022,320.7666,3:04:10:647055,0
142.5454,317.5309,3:04:10:651055,0
146.1115,314.0621,3:04:10:655089,0
149.8005,310.2726,3:04:10:659462,0
153.6863,306.3373,3:04:10:663081,0
157.7935,302.1106,3:04:10:667108,0
161.999,297.6506,3:04:10:671098,0
166.3029,293.1032,3:04:10:674092,0
170.7544,288.4684,3:04:10:679092,0
175.2059,283.7752,3:04:10:682091,0
179.7803,279.0821,3:04:10:687078,0
184.4531,274.4181,3:04:10:690089,0
189.1997,269.7541,3:04:10:695081,0
193.9217,265.2067,3:04:10:698093,0
198.6683,260.7176,3:04:10:703027,0
203.3657,256.2285,3:04:10:707037,0
207.9402,251.7977,3:04:10:711035,0
212.5392,247.4543,3:04:10:715037,0
217.0644,243.2276,3:04:10:719038,0
221.5159,239.0883,3:04:10:723022,0
225.7952,234.9781,3:04:10:727050,0
229.9516,231.0137,3:04:10:731090,0
233.9603,227.1368,3:04:10:735100,0
237.8707,223.3181,3:04:10:739099,0
241.6828,219.6452,3:04:10:743097,0
245.3472,216.1181,3:04:10:747100,0
248.8642,212.6201,3:04:10:751088,0
252.2827,209.3553,3:04:10:755098,0
255.5782,206.3237,3:04:10:759089,0
258.7755,203.5253,3:04:10:763100,0
261.8251,200.9601,3:04:10:767098,0
264.7763,198.599,3:04:10:771101,0
267.58,196.4127,3:04:10:775112,0
270.2115,194.4014,3:04:10:779103,0
272.6463,192.5649,3:04:10:783094,0
274.8597,190.9034,3:04:10:787104,0
276.8518,189.3001,3:04:10:791095,0
278.598,187.8426,3:04:10:795105,0
280.0982,186.5309,3:04:10:799479,0
281.3771,185.2774,3:04:10:802490,0
282.3854,184.1114,3:04:10:806489,0
283.1724,182.9745,3:04:10:810489,0
283.6643,181.7794,3:04:10:814492,0
283.9102,180.6134,3:04:10:818490,2139
283.984,179.4474,3:04:10:823087,2133
283.984,178.3397,3:04:10:827113,2129
283.984,177.3486,3:04:10:831087,2124
283.984,176.3866,3:04:10:835097,2122
283.1233,175.5704,3:04:10:839179,2131
283.1233,174.9,3:04:10:842177,2139
282.6068,174.4919,3:04:10:846181,2146
282.6068,174.2296,3:04:10:851196,2147
282.6068,174.0838,3:04:10:854581,2137
282.1887,174.0255,3:04:10:858591,2128
282.1887,174.0255,3:04:10:862590,2125
282.1887,174.0255,3:04:10:866591,2118
282.1887,174.0255,3:04:10:871314,2115
282.1887,174.0255,3:04:10:874324,2117
282.1887,175.1332,3:04:10:878325,2111
282.1887,175.1332,3:04:10:882324,2106
282.1887,176.4449,3:04:10:886326,2113
281.8936,177.2612,3:04:10:890327,2112
281.8936,178.2814,3:04:10:895088,2123
281.7214,179.4765,3:04:10:899099,2140
281.5984,180.8466,3:04:10:903085,2165
281.5984,182.4498,3:04:10:907105,2217
281.4755,184.1989,3:04:10:911220,2265
281.4263,186.1519,3:04:10:914220,2315
281.4263,188.2215,3:04:10:918220,2390
281.4263,190.5535,3:04:10:922219,2442
281.4263,193.0313,3:04:10:927236,2495
281.4263,195.5965,3:04:10:930220,2544
281.4263,198.2491,3:04:10:935021,2558
281.4263,201.0767,3:04:10:939051,2576
281.9427,203.9917,3:04:10:943028,2615
281.9427,207.1107,3:04:10:947030,2689
281.9427,210.463,3:04:10:951030,2761
282.6068,214.1068,3:04:10:955049,2827
282.6068,217.9545,3:04:10:958715,2867
283.1233,221.9481,3:04:10:962725,2873
283.1233,226.0582,3:04:10:967064,2878
283.8119,230.2558,3:04:10:971117,2883
284.23,234.4534,3:04:10:974865,2889
284.6235,238.6802,3:04:10:978875,2907
285.0908,242.7903,3:04:10:982935,2923
285.6072,246.9296,3:04:10:986875,2934
286.1237,251.0981,3:04:10:991014,2949
286.6893,255.2374,3:04:10:995022,2949
287.255,259.4059,3:04:10:999080,2953
287.8206,263.6035,3:04:11:003090,2957
288.4109,267.8302,3:04:11:007088,2959
288.9766,271.9695,3:04:11:011091,2963
289.5176,276.0797,3:04:11:015090,2963
290.0341,279.9566,3:04:11:019105,2972
290.5014,283.7752,3:04:11:023084,2988
290.9933,287.623,3:04:11:027095,2994
291.4113,291.4125,3:04:11:031094,3005
291.7556,295.1146,3:04:11:035093,3005
292.0262,298.6709,3:04:11:039110,3002
292.2229,302.2272,3:04:11:043108,3002
292.3705,305.5794,3:04:11:047093,3002
292.4443,308.8442,3:04:11:051093,3007
292.4443,311.7884,3:04:11:054929,3007
292.4443,314.4994,3:04:11:058936,3011
292.4443,316.9479,3:04:11:062939,3013
292.4443,319.1634,3:04:11:066936,3012
291.854,321.233,3:04:11:071065,3013
291.854,323.0695,3:04:11:075073,3018
291.854,324.5852,3:04:11:078972,3018
291.1408,325.9844,3:04:11:082992,3019
291.1408,327.2379,3:04:11:086971,3019
291.1408,328.3456,3:04:11:090979,2962
290.5998,329.2784,3:04:11:094932,2854
290.5998,329.978,3:04:11:098995,2679
290.5998,330.5027,3:04:11:102828,2426
290.5998,330.8233,3:04:11:106801,2113
290.5998,331.1148,3:04:11:110805,1695
290.5998,331.2023,3:04:11:114798,1161
290.5998,331.2023,3:04:11:118805,660
290.5998,331.2023,3:04:11:122804,273
290.5998,329.7448,3:04:11:126837,0
291.313,328.7245,3:04:11:130799,0
291.8294,327.4128,3:04:11:134801,0
292.4443,325.8387,3:04:11:138801,0
293.2559,323.9148,3:04:11:142798,0
294.215,321.7577,3:04:11:146798,0
295.3463,319.5132,3:04:11:150801,0
296.6498,316.9771,3:04:11:154802,0
298.1992,314.3536,3:04:11:158801,0
299.97,311.6426,3:04:11:162801,0
301.9129,308.7277,3:04:11:166695,0
304.0525,305.6086,3:04:11:170695,0
306.3643,302.4021,3:04:11:174698,0
308.8483,298.9624,3:04:11:178698,0
311.5536,295.2603,3:04:11:182693,0
314.4065,291.4125,3:04:11:186697,0
317.3578,287.4482,3:04:11:190693,0
320.432,283.3088,3:04:11:194698,0
323.6537,279.0821,3:04:11:198693,0
326.9493,274.7096,3:04:11:202695,0
330.417,270.1913,3:04:11:206695,0
333.9585,265.5565,3:04:11:210698,0
337.5492,260.8633,3:04:11:214692,0
341.1399,256.0536,3:04:11:218694,0
344.8044,251.0981,3:04:11:222698,0
348.5426,246.1718,3:04:11:226695,0
352.2809,241.2162,3:04:11:230695,0
356.0929,236.2316,3:04:11:234696,0
359.9295,231.2469,3:04:11:238695,0
363.7416,226.2914,3:04:11:242698,0
367.652,221.3942,3:04:11:246695,0
371.587,216.6136,3:04:11:250694,0
375.5466,212.0079,3:04:11:254693,0
379.5554,207.4897,3:04:11:258693,0
383.5641,203.1463,3:04:11:262695,0
387.5729,199.0654,3:04:11:266695,0
391.6555,195.1884,3:04:11:271096,0
395.7134,191.6321,3:04:11:274106,0
399.6976,188.4256,3:04:11:278828,0
403.731,185.3649,3:04:11:282838,0
407.666,182.5956,3:04:11:286800,0
411.5764,179.9721,3:04:11:290750,0
415.2901,177.6401,3:04:11:294749,0
418.9545,175.4247,3:04:11:298753,0
422.4468,173.53,3:04:11:302750,0
425.8162,171.7518,3:04:11:307073,0
429.0134,170.1485,3:04:11:311084,0
431.9646,168.7785,3:04:11:315078,0
434.7191,167.6125,3:04:11:318594,0
437.1785,166.6505,3:04:11:323085,0
439.5395,165.6886,3:04:11:326098,0
441.4578,164.7849,3:04:11:331097,0
443.0564,163.8813,3:04:11:334095,2028
444.4091,163.0943,3:04:11:339096,2028
445.4666,162.4529,3:04:11:343096,2027
446.2536,161.9283,3:04:11:346973,2020
446.7946,161.491,3:04:11:351005,2013
447.2127,161.1703,3:04:11:354982,2003
447.4341,161.1412,3:04:11:359005,1990
447.6554,161.1412,3:04:11:362983,1989
447.8768,162.0157,3:04:11:366984,1992
448.0981,162.8611,3:04:11:371087,1999
448.2703,163.9688,3:04:11:374615,2011
448.4916,165.3388,3:04:11:379078,2024
448.6884,167.0004,3:04:11:382088,2042
448.8605,169.0117,3:04:11:387081,2066
448.9589,171.2854,3:04:11:391090,2101
448.9835,173.8506,3:04:11:395140,2136
448.9835,176.7948,3:04:11:398144,2184
448.9835,180.0887,3:04:11:403142,2260
448.9835,183.5867,3:04:11:406144,2320
448.4424,187.3762,3:04:11:411079,2379
448.4424,191.2531,3:04:11:415087,2423
447.8768,195.2467,3:04:11:419025,2435
447.8768,199.4443,3:04:11:422992,2469
447.2865,203.5836,3:04:11:427100,2543
447.2865,207.7812,3:04:11:431102,2615
446.6717,212.0371,3:04:11:435098,2680
446.6717,216.3513,3:04:11:439098,2726
446.2782,220.6655,3:04:11:443070,2736
446.2782,224.9505,3:04:11:447068,2772
446.2782,229.2065,3:04:11:451067,2813
446.2782,233.4041,3:04:11:455067,2857
446.2782,237.5142,3:04:11:458727,2900
446.2782,241.5078,3:04:11:462737,2922
446.2782,245.3264,3:04:11:466736,2967
446.8438,249.0284,3:04:11:470739,3021
446.8438,252.6722,3:04:11:474735,3071
447.4587,256.2577,3:04:11:478740,3114
447.4587,259.7556,3:04:11:482737,3135
448.1719,263.2537,3:04:11:486737,3144
448.1719,266.7225,3:04:11:490737,3152
448.9097,269.9582,3:04:11:494738,3165
449.2048,273.0772,3:04:11:498740,3181
449.5738,275.9922,3:04:11:502737,3201
449.8935,278.8198,3:04:11:506738,3220
450.2132,281.4724,3:04:11:510735,3229
450.4837,284.0085,3:04:11:514738,3238
450.7788,286.3405,3:04:11:518737,3243
451.0248,288.5267,3:04:11:523081,3250
451.2461,290.6255,3:04:11:526126,3254
451.4921,292.6368,3:04:11:531111,3251
451.7134,294.415,3:04:11:534091,3252
451.9348,295.96,3:04:11:539105,3246
452.1069,297.33,3:04:11:543092,3242
452.3282,298.4377,3:04:11:546458,3239
452.5496,299.3122,3:04:11:550457,3236
452.7463,299.9826,3:04:11:554477,3242
452.9185,300.449,3:04:11:558457,3255
453.1153,300.6823,3:04:11:562895,3276
453.2628,300.7697,3:04:11:566914,3296
453.4596,300.7697,3:04:11:570525,3306
453.6071,300.7697,3:04:11:574536,3315
453.7793,299.6328,3:04:11:578535,3312
453.9514,298.7584,3:04:11:582536,3309
454.1728,297.6215,3:04:11:587078,3311
454.3941,296.2223,3:04:11:591090,3312
454.6401,294.5899,3:04:11:595087,3322
454.886,292.6952,3:04:11:599097,3326
455.1073,290.6255,3:04:11:603249,3324
455.3041,288.381,3:04:11:607259,3320
455.4517,285.9323,3:04:11:611258,3309
455.5746,283.338,3:04:11:614259,3299
455.6484,280.5688,3:04:11:618258,3287
455.6976,277.5663,3:04:11:622259,3273
455.6976,274.2723,3:04:11:627069,3258
455.6976,270.7452,3:04:11:631079,3246
455.6976,267.0723,3:04:11:635078,3246
455.6976,263.2245,3:04:11:639087,3243
455.6976,259.3475,3:04:11:643314,3242
455.6976,255.4998,3:04:11:646327,3242
455.6976,251.6811,3:04:11:650333,3229
455.0828,248.0665,3:04:11:654419,3219
455.0828,244.6559,3:04:11:658419,3208
454.6401,241.4203,3:04:11:662418,3202
454.6401,238.4762,3:04:11:667420,3200
453.9514,235.7652,3:04:11:670433,3200
453.4842,233.2583,3:04:11:675080,3199
452.8939,230.9263,3:04:11:679091,3192
452.1807,228.7692,3:04:11:683426,3186
451.2707,226.7578,3:04:11:686446,3180
450.2378,224.9797,3:04:11:690551,3171
449.0819,223.4348,3:04:11:694438,3173
447.7538,222.0647,3:04:11:698557,3173
446.3028,220.8696,3:04:11:702438,3171
444.6796,219.8784,3:04:11:707109,3171
442.958,219.0914,3:04:11:711108,3168
441.0889,218.5084,3:04:11:715108,3168
439.146,218.1003,3:04:11:719108,3166
437.0555,217.9254,3:04:11:723143,3167
434.8421,217.838,3:04:11:726156,3167
432.6287,217.838,3:04:11:730210,3163
430.3168,217.838,3:04:11:734229,3161
427.9066,218.5959,3:04:11:738207,3161
425.4719,218.5959,3:04:11:742208,3155
423.0125,219.6452,3:04:11:746996,3152
420.5285,220.374,3:04:11:750279,3152
418.0692,221.1028,3:04:11:754550,3150
415.6098,221.9189,3:04:11:758558,3148
413.1012,222.7643,3:04:11:762559,3149
410.6418,223.668,3:04:11:766560,3147
408.3055,224.5424,3:04:11:771102,3143
405.9936,225.3878,3:04:11:774620,3141
403.8786,226.1749,3:04:11:779024,3134
401.9602,226.9036,3:04:11:782540,3133
400.2387,227.5741,3:04:11:786574,3133
398.7631,228.1862,3:04:11:790539,3132
397.6071,228.6526,3:04:11:794542,3130
396.6726,229.0898,3:04:11:798539,3127
396.0086,229.4688,3:04:11:803080,3125
395.6151,229.8477,3:04:11:806448,3115
395.3937,230.1976,3:04:11:810453,3113
395.3691,230.6057,3:04:11:814449,3109
395.3691,231.1012,3:04:11:818453,3108
395.3691,231.6259,3:04:11:822448,3114
396.2791,232.2089,3:04:11:827026,3115
396.9185,232.8793,3:04:11:830996,3118
397.7055,233.6955,3:04:11:834996,3118
398.6647,234.5701,3:04:11:838994,3120
399.8206,235.532,3:04:11:843078,3124
401.1487,236.5814,3:04:11:846597,3129
402.5997,237.6891,3:04:11:850596,3130
404.1737,238.9426,3:04:11:854598,3135
405.8461,240.2834,3:04:11:858685,3140
407.543,241.7118,3:04:11:863600,3143
409.2646,243.3442,3:04:11:867070,3152
410.9124,245.1223,3:04:11:870588,3154
412.4864,247.0171,3:04:11:875024,3163
413.9374,249.1742,3:04:11:879032,3172
415.2901,251.5645,3:04:11:883035,3182
416.4706,254.2463,3:04:11:887038,3196
417.4789,257.1321,3:04:11:891082,3201
418.2659,260.1638,3:04:11:894114,3209
418.7824,263.3411,3:04:11:899147,3213
419.1267,266.5768,3:04:11:902146,3214
419.2005,269.8998,3:04:11:907145,3219
419.2005,273.0772,3:04:11:911146,3219
418.5364,276.1088,3:04:11:915150,3222
417.7986,279.1112,3:04:11:918159,3226
416.7657,281.9388,3:04:11:922246,3230
415.4868,284.5623,3:04:11:926247,3235
413.9128,287.04,3:04:11:930246,3240
412.0191,289.4304,3:04:11:935245,3245
409.8303,291.7332,3:04:11:939077,3241
407.2725,293.8903,3:04:11:943105,3242
404.4934,295.8725,3:04:11:947098,3240
401.4438,297.7381,3:04:11:950097,3236
398.1728,299.3705,3:04:11:954197,3235
394.7051,300.8863,3:04:11:959096,3233
391.016,302.2272,3:04:11:962900,3230
387.2286,303.2766,3:04:11:966911,3229
383.3428,304.0928,3:04:11:971101,3227
379.334,304.6466,3:04:11:974138,3226
375.3006,304.9673,3:04:11:979061,3225
371.2672,304.9673,3:04:11:983094,3226
367.3322,304.9673,3:04:11:987030,3224
363.4464,304.0637,3:04:11:991042,3224
359.659,303.0725,3:04:11:995205,3224
356.0437,301.8191,3:04:11:999221,3222
352.5022,300.1867,3:04:12:003205,3220
349.1329,298.4085,3:04:12:007205,3221
345.8619,296.368,3:04:12:011205,3221
342.6893,294.1818,3:04:12:014208,3219
339.6643,291.8498,3:04:12:019070,3220
336.7622,289.4886,3:04:12:023066,3208
334.0077,287.04,3:04:12:027065,3203
331.4254,284.5623,3:04:12:031065,3200
329.0398,282.0845,3:04:12:035023,3195
326.9247,279.6068,3:04:12:039040,3195
324.9818,277.0999,3:04:12:043031,3188
323.2603,274.7096,3:04:12:047032,3183
321.7354,272.2902,3:04:12:051033,3179
320.4566,269.929,3:04:12:055034,3177
319.3253,267.597,3:04:12:058797,3171
318.3907,265.3524,3:04:12:062799,3166
317.6529,263.0787,3:04:12:066806,3162
317.0626,260.9799,3:04:12:070798,3154
316.6445,258.9686,3:04:12:075006,3140
316.4724,257.0155,3:04:12:079017,3111
316.3986,255.1208,3:04:12:083077,3051
316.3986,253.3427,3:04:12:087088,2959
316.3986,251.6519,3:04:12:091089,2847
317.3332,250.0487,3:04:12:095088,2693
317.9972,248.562,3:04:12:099426,2495
318.858,247.0462,3:04:12:103437,2253
319.9401,245.5596,3:04:12:106436,1920
321.1698,244.1313,3:04:12:112436,1511
322.6454,242.6738,3:04:12:114435,1044
324.2686,241.2746,3:04:12:118436,593
325.9901,239.8754,3:04:12:123039,263
327.9331,238.4178,3:04:12:126050,0
330.0235,236.9603,3:04:12:131042,0
332.2616,235.4737,3:04:12:135049,0
334.5734,233.9579,3:04:12:139040,0
336.9836,232.3838,3:04:12:143043,0
339.4429,230.8389,3:04:12:147023,0
341.9761,229.2356,3:04:12:151191,0
344.6322,227.6615,3:04:12:155074,0
347.3129,226.0291,3:04:12:159073,0
350.0674,224.3967,3:04:12:162072,0
352.8711,222.8517,3:04:12:167101,0
355.847,221.2193,3:04:12:171021,0
358.9704,219.6161,3:04:12:175030,0
362.2413,217.9545,3:04:12:178170,0
365.6845,216.293,3:04:12:182167,0
369.2505,214.6606,3:04:12:186213,0
372.915,213.0573,3:04:12:190167,0
376.7025,211.4832,3:04:12:195074,0
380.6129,209.8217,3:04:12:198416,0
384.6708,208.1893,3:04:12:202164,0
388.7042,206.5569,3:04:12:206179,0
392.7622,204.9536,3:04:12:210164,0
396.8694,203.3795,3:04:12:214165,0
401.0257,201.6888,3:04:12:219026,0
405.2312,199.9982,3:04:12:223447,0
409.4122,198.3074,3:04:12:227074,0
413.6669,196.5876,3:04:12:231085,0
417.7986,194.8678,3:04:12:235074,0
421.8812,193.1187,3:04:12:238087,0
425.9391,191.3698,3:04:12:243085,0
429.8987,189.5333,3:04:12:247085,0
433.7846,187.6385,3:04:12:251022,0
437.572,185.7729,3:04:12:254204,0
441.2856,183.849,3:04:12:259075,0
444.9009,181.8669,3:04:12:262086,0
448.467,179.8555,3:04:12:267083,0
452.0331,177.8733,3:04:12:270086,0
455.5009,175.862,3:04:12:275085,0
458.9932,173.9672,3:04:12:278086,0
462.4117,172.1891,3:04:12:283079,0
465.7564,170.4692,3:04:12:286089,0
469.0028,168.9534,3:04:12:291078,0
472.2,167.6125,3:04:12:294196,0
475.3234,166.3882,3:04:12:298205,0
478.2255,165.3388,3:04:12:302198,0
480.9554,164.5226,3:04:12:306196,0
483.5623,163.6481,3:04:12:310199,0
485.9479,162.7153,3:04:12:315080,0
488.063,161.7533,3:04:12:319090,2120
489.8829,160.7623,3:04:12:323083,2115
491.4077,159.8003,3:04:12:327115,2112
492.662,158.8967,3:04:12:330515,2107
493.6212,158.0804,3:04:12:334515,2099
494.4819,157.3226,3:04:12:338517,2096
495.023,156.7979,3:04:12:342515,2090
495.4903,156.623,3:04:12:346220,2088
495.933,156.623,3:04:12:350231,2086
496.4002,156.623,3:04:12:354564,2089
496.9167,157.5849,3:04:12:358575,2092
497.4086,158.3136,3:04:12:362702,2090
497.9988,159.2464,3:04:12:366575,2096
498.6137,160.3833,3:04:12:371103,2099
499.2777,161.7825,3:04:12:374673,2106
499.9417,163.3566,3:04:12:379670,2110
500.532,165.0764,3:04:12:382671,2110
501.1223,167.0004,3:04:12:387083,2114
501.6633,169.1575,3:04:12:390612,2116
502.0814,171.4603,3:04:12:394663,2140
502.4257,174.0838,3:04:12:398611,2172
502.7455,177.0571,3:04:12:402614,2223
502.9422,180.2636,3:04:12:406612,2280
503.0652,183.7908,3:04:12:410611,2324
503.0898,187.5219,3:04:12:414612,2366
503.0898,191.4863,3:04:12:419075,2420
503.0898,195.5674,3:04:12:423104,2465
503.0898,199.8232,3:04:12:427104,2508
503.0898,204.0791,3:04:12:431103,2557
503.0898,208.4516,3:04:12:435352,2573
503.0898,212.795,3:04:12:438365,2590
503.0898,217.1675,3:04:12:442364,2610
503.0898,221.6566,3:04:12:446364,2619
503.0898,226.1457,3:04:12:450364,2627
503.0898,230.6057,3:04:12:454362,2669
503.68,235.0656,3:04:12:458715,2711
503.68,239.5255,3:04:12:462726,2765
504.4916,243.8981,3:04:12:467181,2817
504.9589,248.2997,3:04:12:471202,2835
505.4261,252.7305,3:04:12:475024,2847
505.9426,257.0447,3:04:12:479038,2846
506.4345,261.3881,3:04:12:483031,2849
506.9264,265.644,3:04:12:487034,2852
507.4674,269.8707,3:04:12:491034,2857
507.9347,273.8934,3:04:12:495035,2872
508.402,277.8286,3:04:12:499015,2896
508.8939,281.4432,3:04:12:502788,2927
509.3611,284.9121,3:04:12:507065,2954
509.8776,288.2643,3:04:12:511076,2972
510.3449,291.4125,3:04:12:515015,2978
510.8368,294.4442,3:04:12:518747,2978
511.3286,297.3592,3:04:12:522974,2976
511.8943,300.0992,3:04:12:526494,2978
512.4354,302.6645,3:04:12:530495,2981
513.001,305.0547,3:04:12:534494,2980
513.5913,307.2119,3:04:12:538492,2963
514.2307,309.1357,3:04:12:542492,2898
514.9685,310.8264,3:04:12:546494,2779
515.6572,312.2839,3:04:12:550389,2600
516.3458,313.4791,3:04:12:554372,2347
517.0836,314.4702,3:04:12:558504,1970
517.9198,315.2573,3:04:12:563502,1475
518.8052,315.7528,3:04:12:567502,911
519.7643,316.0151,3:04:12:570502,439
520.8218,316.0151,3:04:12:574432,0
521.9532,316.0151,3:04:12:578445,0
523.2321,314.7617,3:04:12:583441,0
524.7076,313.6248,3:04:12:586442,0
526.3063,312.0508,3:04:12:591077,0
527.9786,310.1852,3:04:12:595104,0
529.7986,307.8823,3:04:12:599087,0
531.7415,305.2005,3:04:12:603087,0
533.8074,302.2563,3:04:12:607099,0
535.9716,298.9333,3:04:12:611415,0
538.3326,295.2895,3:04:12:614414,0
540.8657,291.4125,3:04:12:619415,0
543.571,287.3024,3:04:12:623208,0
546.4977,282.959,3:04:12:626218,0
549.6212,278.4408,3:04:12:631220,0
552.9167,273.7477,3:04:12:634221,0
556.3844,268.967,3:04:12:638292,0
559.9505,264.0407,3:04:12:642447,0
563.6887,259.0852,3:04:12:647115,0
567.5254,254.1006,3:04:12:651124,0
571.485,249.1159,3:04:12:655115,0
575.5675,244.1895,3:04:12:659113,0
579.6747,239.2923,3:04:12:662832,0
583.8557,234.5117,3:04:12:667130,0
588.0612,229.7312,3:04:12:671020,0
592.3651,225.0963,3:04:12:675033,0
596.6198,220.6072,3:04:12:679075,0
600.9237,216.2639,3:04:12:682424,0
605.08,212.0079,3:04:12:686476,0
609.138,207.927,3:04:12:690474,0
613.0976,204.0791,3:04:12:694479,0
617.0326,200.4354,3:04:12:698474,0
620.8692,196.9666,3:04:12:702602,0
624.6075,193.7309,3:04:12:706384,0
628.2719,190.6702,3:04:12:711075,0
631.7397,187.9301,3:04:12:715085,0
635.2074,185.3065,3:04:12:719085,0
638.6751,182.8288,3:04:12:723086,0
642.0198,180.526,3:04:12:727247,0
645.2416,178.3689,3:04:12:730260,0
648.3159,176.4449,3:04:12:734998,0
651.2179,174.7542,3:04:12:739006,0
653.874,173.355,3:04:12:743043,0
656.4318,171.985,3:04:12:747007,0
658.7682,170.819,3:04:12:751023,0
660.8094,169.9153,3:04:12:755074,0
662.7278,169.0992,3:04:12:759085,0
664.4247,168.4579,3:04:12:763077,0
665.8512,167.904,3:04:12:767090,0
667.1301,167.1752,3:04:12:771000,0
668.2122,166.3008,3:04:12:774984,0
669.0484,165.3096,3:04:12:778986,2524
669.6878,164.3185,3:04:12:782984,2524
670.1797,163.2983,3:04:12:786982,2525
670.4748,162.3947,3:04:12:790994,2525
670.647,161.4619,3:04:12:794994,2520
670.7946,160.6165,3:04:12:798997,2513
670.7946,160.0627,3:04:12:802983,2502
670.8192,159.7711,3:04:12:806982,2488
670.8192,159.7128,3:04:12:810989,2476
670.8437,159.7128,3:04:12:814984,2468
670.8929,159.7128,3:04:12:819084,2463
670.9421,160.8206,3:04:12:823083,2461
670.9913,161.5784,3:04:12:827064,2461
671.0405,162.5695,3:04:12:831059,2459
671.0405,163.823,3:04:12:835063,2458
671.0405,165.3971,3:04:12:839077,2457
671.0405,167.2336,3:04:12:843367,2461
671.0405,169.4198,3:04:12:846376,2466
670.4748,171.8392,3:04:12:850375,2479
670.4748,174.6668,3:04:12:854378,2498
669.6632,177.9316,3:04:12:858428,2511
669.073,181.517,3:04:12:862378,2527
668.4581,185.3649,3:04:12:867063,2534
667.6957,189.4458,3:04:12:871074,2537
666.8842,193.6726,3:04:12:875077,2544
666.0479,197.9576,3:04:12:879087,2550
665.1625,202.3593,3:04:12:883074,2568
664.3018,206.7318,3:04:12:887085,2588
663.441,211.1043,3:04:12:891085,2603
662.6786,215.4476,3:04:12:895102,2620
661.9162,219.7619,3:04:12:899086,2628
661.2767,223.9886,3:04:12:903093,2627
660.6619,228.0988,3:04:12:907065,2633
660.17,232.0923,3:04:12:911074,2635
659.7274,235.9401,3:04:12:914848,2636
659.3831,239.5838,3:04:12:918844,2647
659.1617,242.907,3:04:12:922846,2660
658.9895,245.9677,3:04:12:926846,2676
658.8912,248.8535,3:04:12:931019,2720
658.842,251.6519,3:04:12:935029,2770
658.842,254.2755,3:04:12:939028,2815
658.842,256.7823,3:04:12:943035,2851
658.842,259.2018,3:04:12:947030,2860
658.842,261.4172,3:04:12:951030,2861
658.842,263.4577,3:04:12:955028,2862
658.842,265.3524,3:04:12:959030,2867
659.3831,266.9557,3:04:12:963033,2872
659.3831,268.2966,3:04:12:967027,2873
659.3831,269.4043,3:04:12:971154,2877
659.3831,270.2205,3:04:12:974161,2884
659.8011,270.7452,3:04:12:979074,2891
659.8011,271.1533,3:04:12:982607,2912
659.8011,271.3865,3:04:12:987077,2936
659.8011,271.4156,3:04:12:990087,2959
659.8011,271.4156,3:04:12:995087,2979
659.8011,271.4156,3:04:12:999088,2984
659.8011,270.4828,3:04:13:003087,2989
660.0471,269.7832,3:04:13:007104,2986
660.0471,268.7339,3:04:13:010329,2985
660.0471,267.4221,3:04:13:014291,2982
660.0471,265.7022,3:04:13:018377,2975
660.0471,263.6617,3:04:13:022291,2977
660.0471,261.4464,3:04:13:027074,2979
660.0471,258.9977,3:04:13:031084,2981
660.0471,256.3742,3:04:13:034678,2981
659.1371,253.6342,3:04:13:038676,2975
658.6452,250.7775,3:04:13:042677,2965
657.9812,247.8916,3:04:13:046678,2957
657.1942,244.9183,3:04:13:050677,2944
656.2596,241.9158,3:04:13:054678,2933
655.1775,238.6802,3:04:13:058725,2925
653.9478,235.4737,3:04:13:062765,2915
652.6443,232.2089,3:04:13:067236,2911
651.1441,228.9441,3:04:13:070246,2909
649.5209,225.9125,3:04:13:075233,2911
647.8978,223.1432,3:04:13:078234,2914
646.1516,220.578,3:04:13:082217,2914
644.3071,218.3918,3:04:13:087243,2910
642.4379,216.5845,3:04:13:091022,2903
640.4951,215.1853,3:04:13:094496,2898
638.4537,214.1359,3:04:13:099016,2892
636.4617,213.5237,3:04:13:102692,2891
634.4449,213.1156,3:04:13:107402,2891
632.3053,213.0282,3:04:13:110433,2891
630.1902,213.0282,3:04:13:114410,2895
628.0014,213.7569,3:04:13:118420,2901
625.788,214.5732,3:04:13:123411,2907
623.5253,215.7392,3:04:13:127410,2916
621.2873,217.2258,3:04:13:130413,2925
619.123,219.0331,3:04:13:135410,2929
616.9834,221.1028,3:04:13:139221,2931
614.8438,223.4348,3:04:13:142230,2933
612.8517,226,3:04:13:147230,2932
610.9825,228.6526,3:04:13:150262,2936
609.261,231.3927,3:04:13:154231,2939
607.7361,234.0453,3:04:13:159230,2943
606.4081,236.6105,3:04:13:162891,2949
605.2522,239.03,3:04:13:166905,2952
604.3176,241.2162,3:04:13:171070,2958
603.629,243.1693,3:04:13:175072,2959
603.1125,244.86,3:04:13:179072,2962
602.7928,246.3466,3:04:13:183072,2966
602.6453,247.571,3:04:13:187072,2968
602.5715,248.6495,3:04:13:191088,2976
602.5715,249.4948,3:04:13:195143,2978
602.5715,250.1362,3:04:13:198156,2980
602.5715,250.6026,3:04:13:203151,2982
602.5715,250.9523,3:04:13:206154,2987
603.1371,251.1564,3:04:13:211203,2996
603.1371,251.3022,3:04:13:214214,3023
603.1371,251.3604,3:04:13:219021,3050
603.1371,251.3604,3:04:13:222464,3071
603.1371,251.3604,3:04:13:226512,3089
603.5552,250.5734,3:04:13:230398,3089
603.5552,250.5734,3:04:13:234397,3086
603.5552,249.3199,3:04:13:238399,3086
603.8257,248.3871,3:04:13:243019,3084
603.8257,247.2794,3:04:13:247039,3076
603.8257,245.9094,3:04:13:251029,3070
603.8257,244.3936,3:04:13:255031,3058
603.8257,242.6738,3:04:13:259030,3038
603.8257,240.7498,3:04:13:264030,3012
603.0634,238.651,3:04:13:267027,2983
602.4731,236.3482,3:04:13:271091,2954
601.7599,233.8705,3:04:13:274101,2933
600.8253,231.2178,3:04:13:279020,2917
599.7432,228.536,3:04:13:283033,2915
598.5135,225.9125,3:04:13:287027,2913
597.0379,223.4348,3:04:13:291048,2907
595.3655,221.1319,3:04:13:295178,2905
593.4964,219.1788,3:04:13:298204,2895
591.3813,217.5464,3:04:13:302187,2885
589.1678,216.3221,3:04:13:306191,2881
586.7823,215.5934,3:04:13:310229,2879
584.1508,215.3019,3:04:13:314188,2876
581.47,215.3019,3:04:13:319021,2880
578.6171,215.3019,3:04:13:322469,2885
575.8135,216.7303,3:04:13:326404,2890
572.936,218.0712,3:04:13:330406,2899
570.0831,219.8784,3:04:13:334404,2903
567.1811,222.0647,3:04:13:338405,2904
564.3774,224.6299,3:04:13:342406,2907
561.5983,227.4574,3:04:13:346404,2909
558.9913,230.5765,3:04:13:351034,2911
556.5566,233.8705,3:04:13:355045,2914
554.3185,237.3102,3:04:13:358255,2920
552.2772,240.8665,3:04:13:363258,2934
550.4819,244.5102,3:04:13:367257,2951
548.9571,248.2122,3:04:13:370255,2969
547.6536,252.0018,3:04:13:374254,2981
546.7191,255.8204,3:04:13:378258,2987
546.0797,259.6099,3:04:13:383076,2992
545.637,263.3411,3:04:13:386089,3000
545.514,266.9265,3:04:13:391198,3011
545.514,270.3662,3:04:13:394208,3019
546.2272,273.6019,3:04:13:399205,3030
546.965,276.6043,3:04:13:402209,3039
548.0471,279.3736,3:04:13:407207,3044
549.3752,281.8805,3:04:13:410211,3041
551.0475,284.1833,3:04:13:415073,3016
552.9413,286.2238,3:04:13:419083,2974
555.1301,288.002,3:04:13:423084,2901
557.4911,289.5178,3:04:13:427084,2798
560.0243,290.7712,3:04:13:431083,2663
562.7788,291.6749,3:04:13:435093,2467
565.6317,292.2579,3:04:13:438426,2200
568.5337,292.5786,3:04:13:442434,1808
571.4112,292.5786,3:04:13:446436,1324
574.2886,292.5786,3:04:13:450436,799
577.0677,291.8498,3:04:13:454920,377
579.6993,291.0045,3:04:13:458928,0
582.2324,289.8384,3:04:13:462833,0
584.4951,288.4101,3:04:13:467406,0
586.4872,286.632,3:04:13:470722,0
588.1104,284.5915,3:04:13:474722,0
589.463,282.172,3:04:13:478768,0
590.3976,279.4902,3:04:13:482725,0
590.8895,276.4878,3:04:13:487075,0
591.0124,273.1064,3:04:13:491086,0
591.0124,269.4043,3:04:13:495022,0
590.1516,265.4399,3:04:13:499036,0
589.1433,261.184,3:04:13:503031,0
587.8644,256.6366,3:04:13:507032,0
586.3396,251.856,3:04:13:511032,0
584.618,246.8422,3:04:13:515033,0
582.6505,241.6243,3:04:13:519069,0
580.5355,236.319,3:04:13:523094,0
578.2482,230.9263,3:04:13:526881,0
575.9119,225.3878,3:04:13:530891,0
573.4525,219.9951,3:04:13:534987,0
570.9931,214.748,3:04:13:538895,0
568.3616,209.6176,3:04:13:542979,0
565.6317,204.7496,3:04:13:546312,0
562.8034,200.1439,3:04:13:551073,0
559.9505,195.7714,3:04:13:554106,0
556.9009,191.807,3:04:13:559083,0
553.7037,188.1633,3:04:13:562112,0
550.4081,184.6361,3:04:13:567084,0
547.0634,181.313,3:04:13:571084,0
543.6694,178.1648,3:04:13:574408,0
540.3001,175.1624,3:04:13:578409,0
536.9307,172.3348,3:04:13:582442,0
533.4876,169.7404,3:04:13:586412,0
530.1183,167.2336,3:04:13:591072,0
526.7981,164.9307,3:04:13:594414,0
523.5764,162.8611,3:04:13:598415,0
520.3546,160.9663,3:04:13:602414,0
517.2311,159.2173,3:04:13:606415,0
514.1569,157.5266,3:04:13:610414,0
511.2057,155.9525,3:04:13:614476,0
508.3774,154.3784,3:04:13:619488,0
505.5983,152.8626,3:04:13:622490,0
502.9422,151.0553,3:04:13:627490,0
500.3107,149.1314,3:04:13:630355,0
497.7529,147.0326,3:04:13:634368,2459
495.3181,144.7881,3:04:13:638367,2457
492.9325,142.5143,3:04:13:642365,2457
490.6207,140.2115,3:04:13:647072,2454
488.3581,137.9086,3:04:13:651086,2450
486.2184,135.5475,3:04:13:654262,2450
484.1034,133.4487,3:04:13:658201,2446
482.1605,131.4082,3:04:13:662290,2444
480.2914,129.4843,3:04:13:667199,2440
478.5206,127.5604,3:04:13:671018,2442
476.799,125.549,3:04:13:675026,2443
475.225,123.4794,3:04:13:678220,2444
473.7986,121.264,3:04:13:682259,2445
472.4705,118.8737,3:04:13:687126,2433
471.29,116.3376,3:04:13:690128,2437
470.2325,113.7724,3:04:13:695129,2444
469.2979,111.1198,3:04:13:698128,2445
468.4864,108.3505,3:04:13:703080,2451
467.8469,105.523,3:04:13:707090,2439
467.355,102.6663,3:04:13:710732,2426
467.0845,99.66385,3:04:13:714687,2417
466.9861,96.6614,3:04:13:718682,2405
466.9861,93.5715,3:04:13:722681,2399
466.9861,90.21925,3:04:13:727884,2391
468.0191,86.72125,3:04:13:730399,2384
468.8553,83.0775,3:04:13:734417,2388
469.8882,79.4629,3:04:13:738399,2389
471.1917,75.81915,3:04:13:742399,2386
472.7657,72.32115,3:04:13:746398,2386
474.5856,68.99805,3:04:13:750820,2383
476.6269,65.79155,3:04:13:754829,2388
478.8157,62.8474,3:04:13:758827,2400
481.2259,60.1656,3:04:13:762830,2413
483.8575,57.7753,3:04:13:767553,2418
486.6857,55.47245,3:04:13:770563,2416
489.6616,53.4028,3:04:13:774563,2416
492.785,51.4789,3:04:13:778563,2410
496.0067,49.7299,3:04:13:782664,2406
499.2777,48.24325,3:04:13:786666,2403
502.6963,46.9898,3:04:13:790666,2401
506.0656,46.02785,3:04:13:794666,2405
509.4103,45.32825,3:04:13:799074,2405
512.6813,44.9493,3:04:13:802086,2408
515.9523,44.891,3:04:13:807071,2410
519.1987,44.891,3:04:13:811071,2409
522.3959,45.73635,3:04:13:815071,2416
525.4946,46.61085,3:04:13:818069,2421
528.5443,47.806,3:04:13:823076,2426
531.5447,49.29265,3:04:13:827083,2434
534.5206,51.04165,3:04:13:830573,2439
537.398,53.053,3:04:13:834573,2441
540.1279,55.3267,3:04:13:838573,2444
542.6611,57.8336,3:04:13:842573,2459
545.1697,60.71945,3:04:13:847015,2473
547.629,63.9551,3:04:13:851044,2488
550.0392,67.54055,3:04:13:855026,2503
552.3756,71.38835,3:04:13:859044,2506
554.7612,75.46935,3:04:13:863023,2514
557.0976,79.6961,3:04:13:867024,2521
559.5078,84.0103,3:04:13:871044,2528
562.041,88.3828,3:04:13:875070,2536
564.6233,92.72615,3:04:13:879148,2547
567.2794,97.04035,3:04:13:882149,2557
570.0339,101.3254,3:04:13:887149,2570
572.7885,105.5521,3:04:13:890149,2577
575.5921,109.6623,3:04:13:894663,2580
578.568,113.7433,3:04:13:898710,2582
581.5438,117.7077,3:04:13:902196,2588
584.618,121.5264,3:04:13:906206,2590
587.6431,125.2284,3:04:13:911206,2593
590.6435,128.6098,3:04:13:914206,2597
593.6439,131.8454,3:04:13:919082,2594
596.6443,134.8188,3:04:13:922092,2607
599.571,137.6463,3:04:13:927023,2609
602.3501,140.4447,3:04:13:930922,2580
605.0062,143.1265,3:04:13:934922,2508
607.5394,145.75,3:04:13:938921,2351
609.925,148.2569,3:04:13:943019,2103
612.1384,150.6763,3:04:13:946750,1765
614.1552,152.95,3:04:13:950815,1336
615.9504,155.1071,3:04:13:954815,834
617.4753,157.0311,3:04:13:958815,430
618.705,158.6926,3:04:13:962818,0
619.6641,160.121,3:04:13:967063,0
620.2544,161.3161,3:04:13:971099,0
620.4019,162.278,3:04:13:974821,0
620.4019,163.0068,3:04:13:978834,0
619.4182,163.5023,3:04:13:983073,0
618.2623,163.7647,3:04:13:986412,0
616.5407,163.823,3:04:13:990408,0
614.3273,163.823,3:04:13:994409,0
611.5728,163.823,3:04:13:998422,0
608.3018,163.1234,3:04:14:003378,0
604.5389,163.1234,3:04:14:006415,0
600.235,162.1615,3:04:14:010945,0
595.4147,162.1615,3:04:14:014958,0
590.0287,161.0246,3:04:14:019026,0
584.2491,160.3542,3:04:14:023036,0
577.8055,159.7128,3:04:14:027034,0
570.9685,159.0424,3:04:14:031048,0
563.5904,158.4011,3:04:14:035071,0
555.7941,157.7307,3:04:14:038402,0
547.506,157.0602,3:04:14:043024,0
538.7015,156.4772,3:04:14:047034,0
529.6018,155.9525,3:04:14:051032,0
519.8135,155.5152,3:04:14:055034,0
509.7055,155.0488,3:04:14:059032,0
499.1056,154.5824,3:04:14:063040,0
487.817,154.1743,3:04:14:067049,0
476.8236,153.8828,3:04:14:071024,0
476.8236,153.8828,3:04:14:088450,0
196.7746,173.2384,3:04:14:150450,0
194.389,173.2384,3:04:14:154451,0
191.0197,174.1129,3:04:14:159044,0
186.7649,174.1129,3:04:14:163049,0
181.797,175.5704,3:04:14:167049,0
176.1896,176.3575,3:04:14:171051,0
169.992,177.2612,3:04:14:175075,0
163.2287,178.2231,3:04:14:178408,0
155.8506,179.185,3:04:14:182409,0
150.4154,179.9721,3:04:14:186407,0
145.6934,180.526,3:04:14:190406,0
141.5124,181.0506,3:04:14:194420,0
137.8972,181.0506,3:04:14:199074,0
134.7246,181.7211,3:04:14:202944,0
132.1176,181.7211,3:04:14:207944,0
130.0763,182.0709,3:04:14:210944,0
128.6499,182.0709,3:04:14:214979,0
127.7153,182.0709,3:04:14:218944,0
127.1989,182.0709,3:04:14:222997,0
127.0513,181.2256,3:04:14:226997,0
127.0513,180.3802,3:04:14:231080,2761
127.8137,179.3308,3:04:14:234108,2757
128.6253,178.2231,3:04:14:239092,2755
129.8058,177.0862,3:04:14:243092,2746
131.2569,175.9494,3:04:14:247253,2736
133.1752,174.6085,3:04:14:250264,2732
135.4624,173.5591,3:04:14:255168,2726
138.3398,172.7137,3:04:14:259179,2731
141.7584,172.0433,3:04:14:262178,2736
145.6934,171.4603,3:04:14:267185,2735
150.1448,170.9648,3:04:14:271181,2739
155.039,170.4984,3:04:14:274181,2736
160.4004,170.1194,3:04:14:279324,2702
166.2538,169.8279,3:04:14:282331,2663
172.5006,169.5656,3:04:14:287073,2613
178.9933,169.3907,3:04:14:291083,2561
185.6828,169.274,3:04:14:295072,2528
192.7166,169.274,3:04:14:299083,2503
199.9472,169.1866,3:04:14:303080,2480
207.4237,169.1575,3:04:14:307082,2460
214.9494,169.1575,3:04:14:311080,2454
222.6226,169.1575,3:04:14:315082,2446
230.4434,169.1575,3:04:14:319070,2444
238.338,169.1575,3:04:14:323100,2444
246.4048,169.1575,3:04:14:327043,2444
254.4961,169.1575,3:04:14:331031,2448
262.7596,169.1575,3:04:14:335016,2450
271.0723,169.1575,3:04:14:339014,2451
279.6555,169.1575,3:04:14:343079,2456
288.4109,169.1575,3:04:14:347089,2455
297.3138,168.6036,3:04:14:351089,2458
306.4381,168.6036,3:04:14:355089,2461
315.8083,168.6036,3:04:14:359089,2460
325.3753,168.6036,3:04:14:363087,2465
335.1144,168.0789,3:04:14:366735,2472
345.2717,168.0789,3:04:14:370732,2481
355.5027,168.0789,3:04:14:374845,2489
366.0042,167.6708,3:04:14:378733,2499
376.7516,167.6708,3:04:14:383078,2504
387.6221,167.4959,3:04:14:386091,2512
398.7631,167.4959,3:04:14:391077,2518
410.0762,167.3501,3:04:14:395088,2522
421.5123,167.3501,3:04:14:399121,2531
433.0222,167.3501,3:04:14:403126,2537
444.655,167.3501,3:04:14:407121,2545
456.2386,167.3501,3:04:14:411142,2554
467.7731,167.3501,3:04:14:415072,2561
479.2584,167.3501,3:04:14:419083,2570
490.5961,167.3501,3:04:14:423238,2581
501.8109,167.3501,3:04:14:426242,2598
512.7797,167.3501,3:04:14:430238,2610
523.478,167.3501,3:04:14:434238,2625
533.9795,167.9332,3:04:14:439038,2654
544.2597,167.9332,3:04:14:442909,2688
554.1956,167.9332,3:04:14:446168,2721
563.8855,167.9332,3:04:14:450176,2751
573.1819,167.9332,3:04:14:454558,2773
582.2078,168.2829,3:04:14:459080,2790
590.914,168.2829,3:04:14:463164,2813
599.3005,168.2829,3:04:14:467138,2840
607.3427,168.2829,3:04:14:471156,2862
615.0897,168.2829,3:04:14:474136,2881
622.5662,168.2829,3:04:14:479078,2898
629.7722,168.2829,3:04:14:483086,2912
636.683,168.2829,3:04:14:487018,2924
643.2987,168.2829,3:04:14:491037,2938
649.6685,168.2829,3:04:14:495072,2947
655.6694,168.2829,3:04:14:499082,2955
661.2275,167.7583,3:04:14:502387,2960
666.4169,167.7583,3:04:14:506350,2962
671.2618,167.7583,3:04:14:510350,2966
675.6149,167.7583,3:04:14:514350,2965
679.5007,167.7583,3:04:14:518561,2966
682.8701,167.7583,3:04:14:522585,2964
685.7476,167.7583,3:04:14:526617,2962
688.1823,167.7583,3:04:14:530564,2962
690.1498,167.7583,3:04:14:535063,2963
691.65,167.7583,3:04:14:538609,2970
692.7322,167.7583,3:04:14:543058,2975
693.3962,167.7583,3:04:14:547075,2975
693.7405,167.7583,3:04:14:551059,2972
693.8143,167.7583,3:04:14:555059,2952
693.8143,167.7583,3:04:14:559067,2909
693.1257,167.7583,3:04:14:563077,2826
692.3878,167.7583,3:04:14:567076,2681
691.3795,167.0004,3:04:14:570094,2461
690.0023,167.0004,3:04:14:575077,2149
688.2561,166.2716,3:04:14:579077,1709
686.0919,166.2716,3:04:14:583102,1202
683.5587,165.3388,3:04:14:587075,696
680.5582,164.7558,3:04:14:591071,306
677.0905,164.1145,3:04:14:595082,0
673.1555,163.3857,3:04:14:598497,0
668.8024,162.5404,3:04:14:602498,0
663.9821,161.5784,3:04:14:606595,0
658.7928,160.5291,3:04:14:610500,0
653.2346,159.3922,3:04:14:615069,0
647.3075,158.1679,3:04:14:618082,0
641.0361,156.9436,3:04:14:622214,0
634.3958,155.5735,3:04:14:626214,0
627.4603,154.2035,3:04:14:630324,0
620.2298,152.7168,3:04:14:634214,0
612.6549,151.2885,3:04:14:639067,0
604.7357,149.7727,3:04:14:642077,0
596.5214,148.3152,3:04:14:647115,0
587.9382,146.8286,3:04:14:652140,0
578.9615,145.371,3:04:14:655117,0
569.7142,143.8844,3:04:14:659113,0
560.2456,142.3686,3:04:14:663116,0
550.3835,140.9402,3:04:14:667171,0
540.2509,139.541,3:04:14:671184,0
529.9215,138.2585,3:04:14:675181,0
519.2971,136.9467,3:04:14:678181,0
508.4758,135.7224,3:04:14:682194,0
497.6053,134.5856,3:04:14:686407,0
486.4644,133.5361,3:04:14:690438,0
475.225,132.6908,3:04:14:695072,0
464.0595,131.8746,3:04:14:698458,0
452.8447,131.1458,3:04:14:702462,0
441.8021,130.5629,3:04:14:706458,0
430.9809,130.0381,3:04:14:710517,0
420.1842,129.5134,3:04:14:714458,0
409.6089,129.1053,3:04:14:719094,0
399.3287,128.7264,3:04:14:723094,0
389.2453,128.4057,3:04:14:727077,0
379.5062,128.1434,3:04:14:730090,0
369.9884,127.8811,3:04:14:735224,0
360.7165,127.5604,3:04:14:738225,0
351.5923,127.298,3:04:14:742321,0
342.8861,127.0357,3:04:14:746228,0
334.352,126.8025,3:04:14:751231,0
326.1377,126.6567,3:04:14:754237,0
318.1693,126.4818,3:04:14:759070,0
310.3977,126.2778,3:04:14:762417,0
302.9704,126.1903,3:04:14:766483,0
295.8136,126.0737,3:04:14:770417,0
289.0995,126.0446,3:04:14:774486,0
282.533,125.9571,3:04:14:778416,0
276.3846,125.8988,3:04:14:783015,0
270.605,125.7822,3:04:14:786460,0
265.3911,125.6656,3:04:14:791069,0
260.6692,125.4324,3:04:14:794413,0
256.439,125.141,3:04:14:799005,0
252.627,124.8494,3:04:14:803005,0
249.2085,124.3539,3:04:14:807005,0
246.4294,123.7709,3:04:14:811005,0
244.1422,123.0713,3:04:14:815022,0
242.2238,122.2551,3:04:14:819051,0
240.6744,121.3223,3:04:14:823073,0
239.4447,120.4186,3:04:14:827084,0
238.4118,119.3401,3:04:14:831098,0
237.6494,118.145,3:04:14:835084,0
237.1329,116.9498,3:04:14:839082,0
236.8378,115.6672,3:04:14:843089,0
236.6656,114.3846,3:04:14:847099,0
236.5919,113.0437,3:04:14:851084,0
236.5919,111.7028,3:04:14:855087,0
236.5919,110.4493,3:04:14:859089,0
236.5919,109.3125,3:04:14:863121,0
236.5919,108.2339,3:04:14:867055,0
236.5919,107.1554,3:04:14:870357,0
237.2067,106.0769,3:04:14:874356,1855
237.2067,105.0857,3:04:14:878357,1842
237.2067,104.2404,3:04:14:882358,1818
237.2067,103.5699,3:04:14:886357,1797
237.2067,102.9286,3:04:14:891022,1766
237.2067,102.3165,3:04:14:894808,1742
237.2067,101.7918,3:04:14:899023,1715
237.2067,101.5294,3:04:14:902808,1675
237.2067,101.442,3:04:14:906519,1638
237.2067,101.442,3:04:14:910520,1606
237.2067,101.442,3:04:14:914614,1591
237.2067,101.442,3:04:14:918544,1585
237.2067,102.3165,3:04:14:923015,1583
237.2067,102.3165,3:04:14:927035,1577
237.8216,103.4533,3:04:14:931022,1588
237.8216,104.2404,3:04:14:935026,1597
237.8216,105.2607,3:04:14:939023,1612
238.461,106.5141,3:04:14:943025,1630
238.461,108.0007,3:04:14:947014,1637
239.0267,109.6623,3:04:14:951025,1644
239.0267,111.4696,3:04:14:955023,1651
239.5923,113.4518,3:04:14:959045,1666
239.5923,115.5798,3:04:14:963042,1677
240.2809,117.8243,3:04:14:967025,1687
240.7236,120.0106,3:04:14:971046,1700
241.2401,122.1385,3:04:14:975041,1708
241.8795,124.179,3:04:14:979015,1720
242.6419,126.1029,3:04:14:983034,1744
243.5519,127.8811,3:04:14:987137,1777
244.6586,129.426,3:04:14:990143,1809
245.9375,130.7669,3:04:14:995017,1857
247.3393,131.8746,3:04:14:999045,1902
248.9379,132.6908,3:04:15:003026,1947
250.6595,133.2446,3:04:15:007027,1999
252.504,133.5361,3:04:15:011027,2028
254.4223,133.5945,3:04:15:015028,2057
256.439,133.5945,3:04:15:019009,2068
258.5295,132.8365,3:04:15:022534,2072
260.6446,132.1078,3:04:15:026899,2077
262.735,131.1458,3:04:15:030900,2076
264.8255,129.9507,3:04:15:035001,2077
266.8914,128.5515,3:04:15:038899,2078
268.8589,126.9191,3:04:15:043014,2081
270.728,125.1118,3:04:15:047043,2100
272.4496,123.1004,3:04:15:051024,2131
273.9252,120.9725,3:04:15:055025,2178
275.1057,118.728,3:04:15:059025,2240
276.0403,116.3376,3:04:15:063024,2295
276.6305,114.0056,3:04:15:067063,2343
276.8518,111.6445,3:04:15:071082,2378
276.8518,109.3125,3:04:15:075037,2394
276.1632,107.0388,3:04:15:079035,2397
275.2533,104.8817,3:04:15:083186,2397
274.0974,102.8703,3:04:15:086197,2395
272.7447,101.0048,3:04:15:090196,2413
271.0969,99.4015,3:04:15:094197,2429
269.3261,97.97315,3:04:15:098299,2444
267.457,96.74885,3:04:15:102197,2454
265.5141,95.7869,3:04:15:106196,2451
263.522,95.0873,3:04:15:110199,2447
261.4807,94.65005,3:04:15:115203,2445
259.3657,94.5043,3:04:15:118230,2441
257.1768,94.5043,3:04:15:122778,2434
255.0126,94.5043,3:04:15:126790,2428
252.8729,95.75775,3:04:15:130896,2423
250.6841,96.778,3:04:15:134802,2418
248.569,98.1189,3:04:15:138790,2353
246.5278,99.78045,3:04:15:142791,2169
244.5848,101.9084,3:04:15:147829,1787
242.8387,104.3279,3:04:15:150841,1185
241.3385,107.0679,3:04:15:155359,644
240.0104,110.0413,3:04:15:158372,0
238.9283,113.1603,3:04:15:162836,0
238.1167,116.221,3:04:15:166846,0
237.5264,119.2235,3:04:15:170849,0
237.2067,122.0802,3:04:15:174847,0
237.0346,124.6746,3:04:15:178984,0
237.0346,127.0648,3:04:15:182995,0
237.0346,129.3385,3:04:15:187014,0
238.0183,131.4373,3:04:15:190977,0
238.8053,133.4487,3:04:15:195017,0
239.8383,135.4601,3:04:15:198995,0
241.0188,137.3839,3:04:15:203058,0
242.519,139.3953,3:04:15:206096,0
244.2405,141.4358,3:04:15:210941,0
246.1096,143.3597,3:04:15:214944,0
248.028,145.2545,3:04:15:218941,0
249.6266,147.3533,3:04:15:222940,0
249.6266,147.3533,3:04:15:241031,0
