217.4825,245.9386,3:28:56:278876,0
217.4825,245.9386,3:28:56:281896,0
217.4825,245.9386,3:28:56:285878,0
217.4825,245.9386,3:28:56:289876,0
218.0728,247.0171,3:28:56:294666,0
218.0728,247.0171,3:28:56:298680,0
219.0073,247.8333,3:28:56:302686,0
219.6222,247.8333,3:28:56:306686,0
220.4092,248.6786,3:28:56:310686,0
221.2946,248.6786,3:28:56:314396,0
222.1553,248.6786,3:28:56:318762,0
222.9669,248.6786,3:28:56:321800,0
223.8769,248.6786,3:28:56:326750,0
224.7131,248.6786,3:28:56:329769,0
225.6231,247.5418,3:28:56:334827,0
226.533,246.9296,3:28:56:337847,0
227.3446,246.1718,3:28:56:342847,0
228.1562,245.4138,3:28:56:345844,0
228.8448,244.6559,3:28:56:349850,0
229.6319,243.8981,3:28:56:353843,0
230.3205,243.0527,3:28:56:358842,0
230.9353,242.2657,3:28:56:361863,0
231.5748,241.4494,3:28:56:366721,0
232.0666,240.6624,3:28:56:369822,0
232.5585,239.9045,3:28:56:374614,0
232.9766,239.1174,3:28:56:378631,0
233.4193,238.4178,3:28:56:382632,0
233.7636,237.8057,3:28:56:386634,0
233.9603,237.1644,3:28:56:390861,0
234.0833,236.5522,3:28:56:393879,0
234.1325,235.9401,3:28:56:398799,0
234.2309,235.3571,3:28:56:401823,0
234.2309,234.8324,3:28:56:406818,0
234.2309,234.3077,3:28:56:409816,0
234.2309,233.6955,3:28:56:414607,0
234.2309,233.0834,3:28:56:418519,0
234.2309,232.4421,3:28:56:422531,0
234.2309,231.8008,3:28:56:426550,0
234.2309,231.1012,3:28:56:430552,0
233.6898,230.3433,3:28:56:434551,0
233.6898,229.5562,3:28:56:438550,0
233.6898,228.7401,3:28:56:442550,0
233.6898,227.8364,3:28:56:446702,0
233.1979,226.9036,3:28:56:450716,0
233.1979,226,3:28:56:454699,0
233.1979,224.9797,3:28:56:458717,0
233.1979,223.9886,3:28:56:462727,0
233.1979,223.0266,3:28:56:466718,0
233.1979,222.1521,3:28:56:469718,0
233.1979,221.336,3:28:56:474713,0
233.1979,220.6655,3:28:56:478692,0
233.1979,220.0533,3:28:56:482711,0
233.1979,219.4412,3:28:56:486602,0
233.1979,219.004,3:28:56:490619,0
233.1979,218.625,3:28:56:494619,0
233.7144,218.3335,3:28:56:498617,0
233.7144,218.0712,3:28:56:502617,0
234.2801,217.8671,3:28:56:506617,0
234.2801,217.6631,3:28:56:510659,0
234.7719,217.4299,3:28:56:514509,0
234.7719,217.3716,3:28:56:518509,0
235.2884,217.2841,3:28:56:522514,0
235.6573,217.1384,3:28:56:527128,0
236.0262,216.9052,3:28:56:530152,0
236.3214,216.7011,3:28:56:534637,0
236.6656,216.3513,3:28:56:538528,0
237.01,216.0307,3:28:56:542528,0
237.3789,215.7683,3:28:56:546529,0
237.7724,215.3019,3:28:56:550595,0
238.1167,214.9229,3:28:56:554591,0
238.461,214.5732,3:28:56:558595,0
238.7807,214.2816,3:28:56:562596,0
239.1004,213.9319,3:28:56:566593,0
239.4447,213.7278,3:28:56:570577,0
239.7153,213.5237,3:28:56:574111,0
240.035,213.2614,3:28:56:578807,0
240.2072,213.1156,3:28:56:581804,0
240.4285,212.9116,3:28:56:585803,0
240.6007,212.7076,3:28:56:590806,0
240.7482,212.5909,3:28:56:594700,0
240.945,212.5035,3:28:56:598718,0
241.0679,212.416,3:28:56:602718,0
241.1663,212.2411,3:28:56:606715,0
241.2401,212.1828,3:28:56:610640,0
241.4122,212.0663,3:28:56:614661,0
241.5598,211.9205,3:28:56:618663,0
241.7074,211.7747,3:28:56:622660,0
242.0025,211.5124,3:28:56:627112,0
242.2484,211.1917,3:28:56:630130,0
242.4698,210.7253,3:28:56:634131,0
242.6911,210.1715,3:28:56:638130,0
242.9371,209.5593,3:28:56:643127,727
243.0846,208.918,3:28:56:646159,754
243.2814,208.2476,3:28:56:650130,794
243.4043,207.548,3:28:56:653750,865
243.4535,206.8775,3:28:56:658308,981
243.5519,206.2654,3:28:56:662347,1138
243.6257,205.7407,3:28:56:666363,1330
243.7487,205.3035,3:28:56:670327,1532
243.8716,204.9536,3:28:56:674350,1727
244.0192,204.633,3:28:56:678341,1874
244.1422,204.429,3:28:56:682347,1972
244.2159,204.254,3:28:56:686325,2030
244.3143,204.1375,3:28:56:690327,2042
244.3389,204.1083,3:28:56:694332,2083
244.4373,204.1083,3:28:56:698719,2149
244.4865,204.1083,3:28:56:701771,2235
244.6094,204.1083,3:28:56:705741,2344
244.7816,204.9536,3:28:56:711071,2425
245.0275,204.9536,3:28:56:714071,2491
245.2981,206.0322,3:28:56:718071,2550
245.7162,206.7318,3:28:56:723068,2603
246.1588,207.5771,3:28:56:726104,2663
246.6753,208.5099,3:28:56:730071,2736
247.241,209.5885,3:28:56:734089,2805
247.8804,210.7836,3:28:56:738132,2882
248.569,212.0954,3:28:56:742134,2958
249.2823,213.6112,3:28:56:746806,3028
250.0447,215.3893,3:28:56:749826,3099
250.8316,217.4007,3:28:56:753826,3154
251.6432,219.6161,3:28:56:758828,3189
252.4548,221.9772,3:28:56:761825,3210
253.2418,224.4841,3:28:56:765825,3232
253.9797,227.0493,3:28:56:770481,3255
254.7421,229.7312,3:28:56:774497,3282
255.4061,232.3255,3:28:56:778496,3305
255.9963,234.7741,3:28:56:782496,3320
256.5128,237.0478,3:28:56:786497,3336
256.9801,239.2341,3:28:56:790496,3343
257.3736,241.3037,3:28:56:794496,3349
257.7179,243.1985,3:28:56:798773,3357
258.013,244.9766,3:28:56:801798,3362
258.259,246.609,3:28:56:806792,3368
258.4557,248.0665,3:28:56:811102,3372
258.6033,249.4366,3:28:56:814099,3374
258.7755,250.69,3:28:56:818099,3373
258.8738,251.7103,3:28:56:822137,3375
258.9968,252.5556,3:28:56:826102,3385
259.046,253.2843,3:28:56:830104,3393
259.0952,253.7507,3:28:56:835152,3398
259.1443,254.1297,3:28:56:838161,3407
259.1443,254.392,3:28:56:842165,3414
259.1689,254.5378,3:28:56:846165,3452
259.1689,254.5378,3:28:56:850170,3498
259.1689,254.5378,3:28:56:854165,3539
259.1689,254.5378,3:28:56:858192,3573
259.1689,254.5378,3:28:56:862600,3573
259.1689,253.3135,3:28:56:866615,3570
259.1689,252.6139,3:28:56:870615,3560
258.6525,251.6811,3:28:56:874618,3557
258.6525,250.5734,3:28:56:878615,3552
258.1114,249.2325,3:28:56:882619,3545
258.1114,247.7458,3:28:56:886619,3541
257.2998,246.2009,3:28:56:890615,3530
256.7834,244.5394,3:28:56:894906,3522
256.1439,242.7321,3:28:56:898925,3510
255.4553,240.7498,3:28:56:902920,3499
254.6437,238.6802,3:28:56:906925,3484
253.7091,236.4357,3:28:56:910921,3473
252.6762,234.0162,3:28:56:913927,3464
251.5449,231.4218,3:28:56:917924,3451
250.3398,228.7692,3:28:56:922684,3456
249.0609,226.1457,3:28:56:926687,3448
247.7328,223.668,3:28:56:929688,3444
246.2818,221.2485,3:28:56:934684,3447
244.8062,219.0623,3:28:56:938686,3433
243.306,217.1384,3:28:56:942684,3427
241.9041,215.4476,3:28:56:946625,3422
240.5023,213.9901,3:28:56:950644,3413
239.1496,212.8824,3:28:56:954648,3403
237.8953,211.8913,3:28:56:958752,3393
236.6902,211.0751,3:28:56:962894,3385
235.5835,210.3755,3:28:56:965893,3379
234.5752,209.8217,3:28:56:970985,3373
233.5914,209.4136,3:28:56:973980,3364
232.6323,209.0929,3:28:56:977980,3352
231.7223,208.8889,3:28:56:982984,3341
230.8369,208.8015,3:28:56:985981,3328
229.9516,208.8015,3:28:56:989981,3325
229.0662,208.8015,3:28:56:994990,3326
228.23,208.8015,3:28:56:997998,3322
227.4184,209.7343,3:28:57:001997,3324
226.5576,209.7343,3:28:57:007008,3324
225.746,210.9877,3:28:57:010007,3320
224.9099,211.9205,3:28:57:014013,3315
224.1228,212.9699,3:28:57:018013,3319
223.3112,214.2233,3:28:57:023010,3324
222.5734,215.71,3:28:57:026004,3328
221.8602,217.459,3:28:57:030005,3343
221.1716,219.4704,3:28:57:034007,3344
220.5322,221.744,3:28:57:039008,3348
220.0157,224.1052,3:28:57:042004,3359
219.5976,226.5829,3:28:57:046004,3361
219.3517,229.1481,3:28:57:050420,3372
219.2287,231.6842,3:28:57:054439,3373
219.2287,234.1619,3:28:57:058440,3374
219.2287,236.4357,3:28:57:062614,3379
219.8435,238.5053,3:28:57:066445,3383
220.4338,240.3418,3:28:57:071847,3390
221.1716,242.0325,3:28:57:073891,3393
222.0078,243.4899,3:28:57:077873,3392
222.9669,244.8017,3:28:57:082944,3393
224.0737,245.9094,3:28:57:085943,3393
225.2296,246.8714,3:28:57:089943,3396
226.4838,247.6875,3:28:57:094945,3398
227.7873,248.3871,3:28:57:097944,3391
229.0908,248.941,3:28:57:101953,3387
230.4188,249.3491,3:28:57:105944,3381
231.7469,249.5823,3:28:57:109980,3381
233.0258,249.6698,3:28:57:114847,3384
234.2309,249.6698,3:28:57:117865,3387
235.4114,249.6698,3:28:57:121866,3390
236.5673,249.6698,3:28:57:126829,3393
237.6248,248.6495,3:28:57:129847,3396
238.7069,247.979,3:28:57:133847,3397
239.7153,247.192,3:28:57:137848,3397
240.7236,246.3466,3:28:57:142849,3393
241.7566,245.3555,3:28:57:145848,3386
242.8141,244.1895,3:28:57:149922,3379
243.8716,242.9361,3:28:57:154944,3369
244.9046,241.5369,3:28:57:158944,3365
245.9375,240.0502,3:28:57:162945,3368
246.9704,238.4178,3:28:57:165940,3365
248.028,236.6397,3:28:57:169939,3363
249.1101,234.7158,3:28:57:174795,3350
250.2414,232.6461,3:28:57:178336,3332
251.3481,230.4308,3:28:57:182336,3318
252.5286,228.0988,3:28:57:186850,3307
253.7091,225.7668,3:28:57:189866,3312
254.9388,223.5222,3:28:57:193869,3311
256.1439,221.336,3:28:57:198846,3316
257.3982,219.3246,3:28:57:201865,3319
258.6033,217.459,3:28:57:205870,3306
259.833,215.8849,3:28:57:210866,3298
261.0135,214.5148,3:28:57:214864,3294
262.1694,213.4072,3:28:57:218864,3286
263.3253,212.4743,3:28:57:222748,3276
264.432,211.6873,3:28:57:225769,3278
265.4157,211.0751,3:28:57:230748,3273
266.3503,210.6379,3:28:57:234750,3268
267.2603,210.2881,3:28:57:238748,3269
268.1457,210.1132,3:28:57:241751,3264
268.9818,210.0549,3:28:57:246763,3253
269.7688,210.0549,3:28:57:250774,3253
270.5804,210.0549,3:28:57:253774,3252
271.3674,210.7836,3:28:57:258641,3253
272.1299,210.7836,3:28:57:262660,3259
272.9906,211.9205,3:28:57:266665,3267
273.8022,212.7367,3:28:57:271138,3278
274.5646,213.6695,3:28:57:274135,3297
275.3762,214.7772,3:28:57:278141,3330
276.1632,216.1472,3:28:57:283136,3357
276.9256,217.6922,3:28:57:287140,3383
277.6389,219.412,3:28:57:292219,3404
278.3766,221.2193,3:28:57:294235,3415
279.0653,223.1724,3:28:57:298234,3423
279.7293,225.2129,3:28:57:302238,3433
280.3933,227.3117,3:28:57:307235,3442
281.0082,229.3813,3:28:57:311896,3449
281.5739,231.3636,3:28:57:313914,3463
282.0411,233.2,3:28:57:317915,3475
282.5084,234.949,3:28:57:322914,3480
282.8527,236.5814,3:28:57:325921,3447
283.1233,238.0681,3:28:57:329915,3319
283.32,239.4673,3:28:57:333913,3067
283.3938,240.7498,3:28:57:337912,2637
283.3938,241.9158,3:28:57:343106,1973
283.3938,242.9944,3:28:57:346130,1229
283.3938,243.9563,3:28:57:350159,609
282.4838,244.8017,3:28:57:354130,0
281.8198,245.5013,3:28:57:358123,0
280.9098,246.0551,3:28:57:362125,0
279.8277,246.4924,3:28:57:367142,0
278.4996,246.7547,3:28:57:370162,0
277.024,246.8422,3:28:57:374161,0
275.2533,246.8422,3:28:57:379162,0
273.3595,246.8422,3:28:57:382162,0
271.2445,246.8422,3:28:57:386161,0
269.0556,246.8422,3:28:57:391201,0
266.6946,245.9677,3:28:57:394200,0
264.2599,245.9677,3:28:57:398200,0
261.8251,245.9677,3:28:57:402778,0
259.3903,245.2681,3:28:57:405796,0
256.9555,245.2681,3:28:57:410797,0
254.5945,244.7434,3:28:57:414602,0
252.3565,244.7434,3:28:57:418616,0
250.0447,243.9563,3:28:57:422620,0
247.782,243.3734,3:28:57:426616,0
245.7162,242.6738,3:28:57:430623,0
243.5273,241.8575,3:28:57:435125,0
241.2155,241.0414,3:28:57:438149,0
238.8545,240.196,3:28:57:442145,0
236.4443,239.3215,3:28:57:447145,0
233.9357,238.4178,3:28:57:450144,0
231.501,237.6017,3:28:57:454145,0
229.1646,236.7563,3:28:57:458185,0
226.7298,236.0858,3:28:57:462220,0
224.4672,235.4737,3:28:57:466214,0
222.3275,234.8615,3:28:57:471013,0
220.3108,234.3951,3:28:57:474032,0
218.2941,233.987,3:28:57:478039,0
216.3266,233.6373,3:28:57:482662,0
214.4575,233.4332,3:28:57:485682,0
212.613,233.2874,3:28:57:490678,0
210.8668,233.1417,3:28:57:494682,0
209.0715,233.0834,3:28:57:498680,0
207.4483,233.0542,3:28:57:502678,0
205.8005,233.0251,3:28:57:506678,0
204.3003,232.9377,3:28:57:509683,0
202.923,232.9377,3:28:57:513681,0
201.6441,232.8793,3:28:57:519050,0
200.4637,232.7919,3:28:57:522069,0
199.3569,232.6753,3:28:57:526068,0
198.3978,232.5296,3:28:57:531065,0
197.5616,232.3838,3:28:57:534069,0
196.8238,232.2089,3:28:57:538615,0
196.2335,232.0632,3:28:57:543036,0
195.7417,231.83,3:28:57:546060,0
195.3728,231.6259,3:28:57:550062,0
195.0776,231.3636,3:28:57:554063,0
194.8563,231.0721,3:28:57:558057,0
194.7087,230.7222,3:28:57:562072,0
194.512,230.1684,3:28:57:566897,0
194.266,229.498,3:28:57:569917,0
193.9463,228.7692,3:28:57:573916,1414
193.6512,227.953,3:28:57:578914,1449
193.2823,227.1368,3:28:57:581916,1518
192.8642,226.2332,3:28:57:585916,1623
192.4707,225.5044,3:28:57:589980,1763
192.0772,224.7757,3:28:57:595017,1931
191.7821,224.2509,3:28:57:597999,2093
191.5853,223.9012,3:28:57:602998,2240
191.4623,223.668,3:28:57:605998,2348
191.364,223.5222,3:28:57:609999,2393
191.3148,223.4348,3:28:57:614941,2406
191.2656,223.4348,3:28:57:617944,2400
191.2656,223.4348,3:28:57:621946,2423
191.2656,224.2801,3:28:57:626945,2465
191.2656,224.9797,3:28:57:630943,2525
191.2656,225.9125,3:28:57:633944,2598
191.8559,227.1077,3:28:57:638527,2663
191.8559,228.536,3:28:57:642546,2738
192.4953,230.1976,3:28:57:646547,2818
192.4953,231.9757,3:28:57:650550,2889
193.3069,233.8705,3:28:57:654542,2956
193.7742,235.7943,3:28:57:658542,3005
194.2906,237.7182,3:28:57:662565,3045
194.8563,239.7296,3:28:57:666556,3079
195.4957,241.6826,3:28:57:670556,3108
196.1352,243.6357,3:28:57:674556,3132
196.8238,245.6179,3:28:57:678598,3148
197.5616,247.571,3:28:57:682614,3167
198.2994,249.6698,3:28:57:686619,3185
199.111,251.9435,3:28:57:690615,3192
199.9226,254.3046,3:28:57:694617,3205
200.7588,256.7241,3:28:57:698618,3211
201.6196,259.2018,3:28:57:702746,3217
202.4312,261.6795,3:28:57:706638,3226
203.1936,264.0699,3:28:57:710639,3230
203.956,266.4601,3:28:57:714398,3238
204.5708,268.5881,3:28:57:718395,3237
205.2103,270.512,3:28:57:722395,3238
205.7267,272.2027,3:28:57:726400,3246
206.194,273.6602,3:28:57:730398,3252
206.5875,274.8553,3:28:57:734396,3264
206.9318,275.8464,3:28:57:738452,3271
207.1777,276.6335,3:28:57:742453,3276
207.4237,277.2165,3:28:57:746451,3284
207.5712,277.6246,3:28:57:751362,3301
207.645,277.887,3:28:57:754378,3315
207.6696,277.9161,3:28:57:758375,3329
207.6696,277.9161,3:28:57:762399,3336
207.6696,277.9161,3:28:57:766380,3334
207.6696,276.6918,3:28:57:770374,3329
206.8826,275.9048,3:28:57:774374,3324
206.8826,274.7387,3:28:57:778374,3316
206.1694,273.3104,3:28:57:782846,3307
205.7021,271.5323,3:28:57:785866,3303
205.2594,269.4043,3:28:57:789869,3296
204.8659,266.9265,3:28:57:794848,3297
204.3987,264.2739,3:28:57:797867,3300
203.956,261.4464,3:28:57:801868,3297
203.5133,258.5313,3:28:57:806865,3288
203.046,255.5289,3:28:57:809866,3271
202.6771,252.4973,3:28:57:814862,3247
202.382,249.4657,3:28:57:819078,3230
202.0868,246.3758,3:28:57:822094,3218
201.7917,243.4317,3:28:57:826089,3208
201.5704,240.2834,3:28:57:830091,3198
201.4228,236.9895,3:28:57:834126,3187
201.3244,233.4041,3:28:57:838090,3188
201.2999,229.7312,3:28:57:842090,3189
201.2999,226.0582,3:28:57:846094,3200
201.2999,222.3853,3:28:57:850887,3197
201.2999,218.7708,3:28:57:854115,3189
202.0377,215.2436,3:28:57:860107,3176
202.0377,211.8331,3:28:57:862129,3159
202.9476,208.5974,3:28:57:866110,3148
203.5379,205.5075,3:28:57:870111,3132
204.2019,202.4759,3:28:57:874531,3114
204.9151,199.3568,3:28:57:878391,3104
205.7759,196.2378,3:28:57:882391,3088
206.6613,193.0313,3:28:57:886394,3087
207.6696,189.9997,3:28:57:890394,3091
208.7272,187.0847,3:28:57:894399,3083
209.8831,184.3737,3:28:57:898394,3089
211.0636,181.9834,3:28:57:902394,3076
212.3178,179.8846,3:28:57:906969,3068
213.6459,178.1065,3:28:57:909988,3059
214.8756,176.6781,3:28:57:913988,3048
216.1545,175.5704,3:28:57:918988,3040
217.5071,174.6376,3:28:57:922988,3027
218.8106,173.938,3:28:57:925988,3021
220.0895,173.4133,3:28:57:931018,3009
221.3438,173.0344,3:28:57:934036,3004
222.5734,172.8304,3:28:57:938037,3002
223.7539,172.8304,3:28:57:942071,2998
224.9344,172.8304,3:28:57:947036,3001
226.0903,172.8304,3:28:57:950036,2998
227.2216,173.938,3:28:57:954032,2993
228.353,174.6668,3:28:57:958042,2994
229.4105,175.687,3:28:57:962563,3001
230.4434,176.9697,3:28:57:966255,3011
231.4026,178.6312,3:28:57:970250,3016
232.3372,180.5551,3:28:57:974250,3021
233.2471,182.683,3:28:57:978647,3025
234.0587,184.9568,3:28:57:982665,3025
234.8211,187.3762,3:28:57:986564,3035
235.4606,189.7957,3:28:57:990288,3041
236.0016,192.1277,3:28:57:994288,3040
236.4443,194.3722,3:28:57:998659,3042
236.7886,196.3253,3:28:58:002680,3043
237.01,198.0742,3:28:58:006678,3045
237.0592,199.6192,3:28:58:010674,3047
237.0592,200.9892,3:28:58:014676,3042
237.0592,202.2719,3:28:58:018674,3019
237.0592,203.3795,3:28:58:022677,2942
237.0592,204.3707,3:28:58:026678,2795
236.3705,205.2451,3:28:58:030836,2552
236.3705,206.0031,3:28:58:033856,2193
236.3705,206.6152,3:28:58:037860,1716
235.7803,207.0816,3:28:58:042852,1121
235.7803,207.3731,3:28:58:045860,606
235.7803,207.5188,3:28:58:049855,228
235.7803,207.5188,3:28:58:055265,0
235.7803,207.5188,3:28:58:058285,0
235.7803,206.3528,3:28:58:062285,0
235.7803,205.3909,3:28:58:067285,0
236.5673,204.1958,3:28:58:070285,0
236.5673,202.7383,3:28:58:074285,0
237.3789,201.1059,3:28:58:078569,0
238.0183,199.2111,3:28:58:082313,0
238.9037,197.1998,3:28:58:086307,0
240.0596,195.2175,3:28:58:090309,0
241.3631,193.3228,3:28:58:094568,0
242.9863,191.5155,3:28:58:098589,0
244.9046,189.8248,3:28:58:102587,0
246.995,188.2507,3:28:58:106588,0
249.2823,186.8806,3:28:58:110586,0
251.717,185.7146,3:28:58:114585,0
254.1518,184.6361,3:28:58:118584,0
256.7096,183.7616,3:28:58:122589,0
259.2919,182.9745,3:28:58:126659,0
261.9972,182.4207,3:28:58:130674,0
264.7763,182.0417,3:28:58:134790,0
267.5554,181.7211,3:28:58:137810,0
270.3345,181.517,3:28:58:142809,0
273.0398,181.517,3:28:58:145811,0
275.7943,181.517,3:28:58:149809,0
278.5734,182.7997,3:28:58:153809,0
281.3033,183.5576,3:28:58:158900,0
283.8857,184.4612,3:28:58:162918,0
286.468,185.4523,3:28:58:166917,0
289.0258,186.6474,3:28:58:170914,0
291.4359,187.9009,3:28:58:174918,0
293.7969,189.0669,3:28:58:177915,0
296.0104,190.3786,3:28:58:182917,0
297.8549,191.7778,3:28:58:186914,0
299.6994,193.2645,3:28:58:189917,0
301.2242,194.6929,3:28:58:194915,0
302.3802,196.2961,3:28:58:198799,0
303.2409,197.9285,3:28:58:201818,0
303.9296,199.6192,3:28:58:206568,0
304.3231,201.2224,3:28:58:210585,0
304.446,202.7383,3:28:58:214584,0
304.4952,204.1083,3:28:58:218591,0
304.4952,205.3326,3:28:58:222585,0
304.4952,206.4111,3:28:58:226587,0
303.7082,207.3439,3:28:58:230589,0
303.7082,208.0727,3:28:58:234585,0
303.0688,208.6557,3:28:58:238586,0
303.0688,209.0638,3:28:58:242594,0
302.3802,209.4427,3:28:58:246586,0
302.3802,209.7051,3:28:58:250589,0
301.8145,209.9675,3:28:58:254586,0
301.8145,210.1715,3:28:58:258592,0
301.3226,210.2881,3:28:58:262590,0
301.3226,210.4047,3:28:58:266592,0
300.8062,210.4339,3:28:58:270591,0
300.8062,210.5213,3:28:58:274587,0
300.4619,210.5213,3:28:58:278519,0
300.2897,210.5213,3:28:58:282533,0
300.2897,210.5213,3:28:58:286634,0
300.0438,210.5213,3:28:58:290589,0
299.8716,210.5213,3:28:58:294824,0
299.6994,209.5885,3:28:58:298842,0
299.5273,209.5885,3:28:58:302843,0
299.3551,208.7431,3:28:58:305843,0
299.0846,208.131,3:28:58:311255,0
298.7895,207.4314,3:28:58:314222,968
298.4698,206.6735,3:28:58:318224,989
298.1008,205.8573,3:28:58:322223,1034
297.7811,204.9536,3:28:58:326606,1134
297.5598,204.0791,3:28:58:330619,1231
297.3876,203.0589,3:28:58:334623,1339
297.2401,202.097,3:28:58:338623,1477
297.2155,201.135,3:28:58:343176,1590
297.2155,200.2314,3:28:58:346193,1732
297.2155,199.2986,3:28:58:350194,1846
297.2155,198.3658,3:28:58:354194,1911
297.2155,197.433,3:28:58:358195,1963
297.8549,196.5876,3:28:58:362195,2005
297.8549,195.8297,3:28:58:366195,2043
298.4698,195.1593,3:28:58:370193,2080
298.4698,194.5179,3:28:58:374195,2102
299.1338,193.9641,3:28:58:378195,2102
299.5519,193.5269,3:28:58:382657,2104
300.0438,193.1479,3:28:58:386676,2107
300.5848,192.9147,3:28:58:390676,2112
301.1996,192.8273,3:28:58:393677,2130
301.8391,192.8273,3:28:58:398564,2165
302.5523,192.8273,3:28:58:402373,2208
303.4131,193.5851,3:28:58:406362,2259
304.2247,193.5851,3:28:58:410368,2323
305.0855,195.0718,3:28:58:414524,2374
305.9709,196.0629,3:28:58:418540,2420
306.807,197.2872,3:28:58:422540,2473
307.6432,198.6281,3:28:58:426543,2515
308.4548,200.0273,3:28:58:430543,2562
309.2172,201.5139,3:28:58:434544,2602
309.9305,203.0589,3:28:58:438842,2635
310.5945,204.633,3:28:58:442867,2666
311.1109,206.2654,3:28:58:445861,2692
311.529,207.927,3:28:58:450862,2726
311.8734,209.6176,3:28:58:454860,2753
312.0455,211.3667,3:28:58:457858,2788
312.1193,213.174,3:28:58:462762,2811
312.1193,215.1853,3:28:58:466780,2827
312.1193,217.2841,3:28:58:469815,2845
311.4553,219.4704,3:28:58:474781,2846
311.4553,221.6566,3:28:58:477786,2863
310.3977,223.9012,3:28:58:482776,2872
309.7091,226.0874,3:28:58:485781,2883
308.9221,228.2445,3:28:58:490782,2889
308.0367,230.1976,3:28:58:494780,2891
307.0284,231.9465,3:28:58:497814,2901
305.9709,233.4915,3:28:58:502780,2903
304.8149,234.8615,3:28:58:506839,2917
303.6836,236.0567,3:28:58:509833,2924
302.5277,237.0478,3:28:58:513834,2927
301.3718,237.9223,3:28:58:517834,2937
300.2159,238.6219,3:28:58:521834,2935
299.1338,239.1758,3:28:58:525834,2940
298.1254,239.613,3:28:58:530832,2943
297.1171,239.8754,3:28:58:534851,2940
296.2809,240.0211,3:28:58:538852,2949
295.4201,240.0211,3:28:58:542854,2948
294.6577,240.0211,3:28:58:545851,2955
293.9691,240.0211,3:28:58:550846,2954
293.3542,239.1174,3:28:58:554860,2955
292.8132,239.1174,3:28:58:557856,2951
292.3213,238.0098,3:28:58:562851,2943
291.8786,237.3393,3:28:58:566850,2944
291.5343,236.6397,3:28:58:569851,2937
291.2638,235.9109,3:28:58:573851,2942
290.9933,235.1239,3:28:58:578789,2941
290.8457,234.366,3:28:58:581801,2941
290.7473,233.6081,3:28:58:586802,2938
290.6981,232.9085,3:28:58:589801,2924
290.6981,232.2672,3:28:58:594598,2918
290.6981,231.7133,3:28:58:598615,2907
290.6981,231.2469,3:28:58:602619,2897
290.6981,230.868,3:28:58:606612,2892
290.6981,230.6057,3:28:58:610612,2880
290.6981,230.4599,3:28:58:614616,2871
291.2638,230.4016,3:28:58:618612,2866
291.2638,230.4016,3:28:58:622612,2862
291.2638,230.4016,3:28:58:626899,2861
291.731,230.4016,3:28:58:629917,2855
291.731,230.4016,3:28:58:633918,2854
292.2229,231.1012,3:28:58:637922,2850
292.5919,231.1012,3:28:58:641919,2853
293.0099,231.7717,3:28:58:646661,2863
293.4526,231.7717,3:28:58:650680,2865
293.9691,232.6461,3:28:58:654681,2870
294.5102,233.1709,3:28:58:658680,2874
295.1496,233.6955,3:28:58:662682,2881
295.9366,234.2494,3:28:58:666680,2896
296.699,234.8324,3:28:58:670524,2915
297.5598,235.4154,3:28:58:674542,2933
298.5681,236.0275,3:28:58:678547,2943
299.6994,236.6397,3:28:58:682545,2954
300.9291,237.281,3:28:58:686543,2961
302.2818,237.9514,3:28:58:690744,2966
303.659,238.5636,3:28:58:694605,2975
305.0609,239.2341,3:28:58:698605,2980
306.5857,239.9337,3:28:58:702604,2988
308.0613,240.6915,3:28:58:706606,2995
309.5369,241.4203,3:28:58:710607,2998
310.9388,242.1199,3:28:58:714604,3010
312.316,242.8195,3:28:58:718664,3015
313.6441,243.4899,3:28:58:722684,3026
315.0213,244.1021,3:28:58:726684,3037
316.3002,244.6559,3:28:58:730682,3039
317.6283,245.064,3:28:58:734681,3049
318.9072,245.3264,3:28:58:738681,3054
320.2106,245.5013,3:28:58:742770,3063
321.4895,245.5304,3:28:58:746775,3076
322.7684,245.5304,3:28:58:750775,3080
324.0472,245.5304,3:28:58:753773,3090
325.2769,244.7434,3:28:58:758768,3095
326.5558,244.7434,3:28:58:762770,3093
327.7117,243.4899,3:28:58:765794,3095
328.8676,242.7612,3:28:58:770861,3089
330.0727,241.8284,3:28:58:774746,3085
331.2778,240.7498,3:28:58:778809,3083
332.4583,239.5255,3:28:58:781814,3080
333.6142,238.1555,3:28:58:785819,3072
334.7947,236.6105,3:28:58:791069,3063
335.9506,234.8324,3:28:58:794085,3048
337.1311,232.8793,3:28:58:798085,3027
338.2625,230.664,3:28:58:803085,3012
339.32,228.2153,3:28:58:806090,2995
340.3037,225.6793,3:28:58:810085,2984
341.1399,223.1724,3:28:58:814803,2978
341.8285,220.6655,3:28:58:818137,2973
342.4434,218.1295,3:28:58:822136,2964
342.9106,215.7683,3:28:58:826137,2958
343.3042,213.5529,3:28:58:830135,2947
343.5009,211.5124,3:28:58:834164,2938
343.6485,209.7051,3:28:58:838838,2934
343.6485,207.9561,3:28:58:842856,2930
343.6485,206.2946,3:28:58:846856,2924
343.6485,204.6913,3:28:58:850853,2920
343.0336,203.1755,3:28:58:855509,2917
343.0336,201.7471,3:28:58:857874,2913
342.2958,200.2896,3:28:58:861875,2909
342.2958,198.9196,3:28:58:865873,2907
341.3612,197.5495,3:28:58:869875,2909
340.8202,196.2961,3:28:58:874839,2918
340.2545,195.101,3:28:58:877858,2937
339.7381,193.9933,3:28:58:881858,2972
339.2216,193.0313,3:28:58:885863,3016
338.7543,192.2151,3:28:58:891380,3080
338.3854,191.5446,3:28:58:894398,3145
338.0657,191.0491,3:28:58:898404,3193
337.8198,190.6702,3:28:58:902455,3222
337.6722,190.4078,3:28:58:906398,3223
337.6722,190.2912,3:28:58:910399,3216
337.5492,190.2912,3:28:58:915078,3211
337.5492,190.2912,3:28:58:918097,3208
337.5492,190.2912,3:28:58:922096,3217
337.5492,191.1949,3:28:58:926098,3233
337.5492,191.1949,3:28:58:930093,3242
338.1149,192.7106,3:28:58:934093,3268
338.1149,193.7309,3:28:58:938101,3303
338.6068,195.0426,3:28:58:942552,3350
338.6068,196.5293,3:28:58:946081,3417
339.2708,198.1617,3:28:58:950081,3502
339.2708,199.8524,3:28:58:956081,3581
339.984,201.6597,3:28:58:958895,3652
340.3775,203.5544,3:28:58:962918,3714
340.8202,205.4783,3:28:58:965919,3745
341.2629,207.548,3:28:58:969914,3771
341.8039,209.6176,3:28:58:975153,3798
342.345,211.8913,3:28:58:978183,3827
342.9844,214.34,3:28:58:982172,3849
343.6731,216.9635,3:28:58:987173,3866
344.3863,219.6161,3:28:58:990171,3865
345.0995,222.3562,3:28:58:994193,3832
345.8619,225.1254,3:28:58:998172,3728
346.5751,227.8073,3:28:59:002175,3529
347.2883,230.4016,3:28:59:006184,3198
347.9278,232.7919,3:28:59:011169,2713
348.5672,234.949,3:28:59:014173,2042
349.1329,236.7854,3:28:59:018171,1274
349.674,238.3887,3:28:59:022717,644
350.0674,239.7296,3:28:59:026751,0
350.4855,240.7498,3:28:59:030719,0
350.8544,241.4203,3:28:59:034717,0
351.2479,241.7993,3:28:59:038718,0
351.789,241.7993,3:28:59:041716,0
352.3546,241.7993,3:28:59:046711,0
353.1417,240.8082,3:28:59:050685,0
354.0762,239.8462,3:28:59:053709,0
355.1584,238.651,3:28:59:057704,0
356.511,237.3102,3:28:59:063203,0
357.962,235.7943,3:28:59:066207,0
359.536,234.1328,3:28:59:070202,0
361.1346,232.3546,3:28:59:074202,0
362.7578,230.5473,3:28:59:078956,0
364.2088,228.536,3:28:59:081975,0
365.7582,226.5829,3:28:59:086001,0
367.2831,224.5716,3:28:59:089974,0
368.6603,222.5894,3:28:59:095020,0
369.9638,220.5489,3:28:59:098043,0
371.218,218.5959,3:28:59:102832,0
372.3002,216.7303,3:28:59:105856,0
373.2839,214.9521,3:28:59:109850,0
374.1939,213.4072,3:28:59:114848,0
374.9317,211.8913,3:28:59:117850,0
375.4728,210.5213,3:28:59:121850,0
375.8417,209.2679,3:28:59:125850,0
376.063,208.2184,3:28:59:129850,0
376.0876,207.3439,3:28:59:134872,0
376.0876,206.5278,3:28:59:137916,0
376.0876,205.8864,3:28:59:142898,0
375.2514,205.4492,3:28:59:145891,0
374.6858,205.0994,3:28:59:149890,0
374.1201,204.8954,3:28:59:153890,0
373.5053,204.7496,3:28:59:158766,0
372.7429,204.633,3:28:59:161784,0
372.1034,204.6039,3:28:59:165785,0
371.4394,204.6039,3:28:59:170785,0
370.8,204.5455,3:28:59:174914,0
370.2097,204.4872,3:28:59:177933,0
369.5949,204.3998,3:28:59:182549,0
369.0292,204.2832,3:28:59:186564,0
368.5374,204.1375,3:28:59:190570,0
368.0209,204.0208,3:28:59:194568,0
367.6028,203.8751,3:28:59:198564,0
367.1601,203.7294,3:28:59:202564,0
366.742,203.5836,3:28:59:206564,0
366.3239,203.4379,3:28:59:210564,0
365.9058,203.2921,3:28:59:214569,0
365.4631,203.1463,3:28:59:219101,0
364.9958,203.0298,3:28:59:222139,0
364.5286,202.9715,3:28:59:226136,0
364.0367,202.8548,3:28:59:230125,0
363.5694,202.7383,3:28:59:234737,0
363.2005,202.6216,3:28:59:237752,0
362.807,202.5051,3:28:59:242751,0
362.4627,202.3593,3:28:59:245755,0
362.1922,202.1844,3:28:59:249755,0
361.9954,201.9512,3:28:59:254756,0
361.8478,201.7471,3:28:59:258489,0
361.7249,201.4556,3:28:59:262524,0
361.6265,201.135,3:28:59:266524,0
361.6019,200.7852,3:28:59:270155,0
361.5773,200.3771,3:28:59:274160,0
361.5773,199.9398,3:28:59:278158,0
361.5773,199.5318,3:28:59:282177,0
361.5773,199.0362,3:28:59:286159,0
361.5773,198.4823,3:28:59:290174,0
361.5773,197.9285,3:28:59:294497,0
361.5773,197.2872,3:28:59:298191,0
361.5773,196.5585,3:28:59:302190,0
361.5773,195.7714,3:28:59:306497,799
361.5773,194.8969,3:28:59:310214,821
361.5773,193.9641,3:28:59:315209,902
361.5773,192.973,3:28:59:318768,1027
361.5773,192.011,3:28:59:321785,1223
361.5773,190.9617,3:28:59:325786,1471
361.5773,189.9414,3:28:59:329798,1723
361.5773,189.0669,3:28:59:333802,2009
361.5773,188.2215,3:28:59:337785,2277
361.5773,187.5511,3:28:59:343087,2506
361.5773,186.9973,3:28:59:347103,2704
361.5773,186.5891,3:28:59:351105,2825
361.5773,186.2685,3:28:59:354102,2885
361.5773,186.0936,3:28:59:360106,2908
361.5773,186.0936,3:28:59:362107,2912
361.5773,186.0936,3:28:59:367032,2950
361.5773,186.0936,3:28:59:370055,3021
361.5773,187.2305,3:28:59:374082,3124
361.5773,188.0758,3:28:59:379050,3247
362.1922,189.1543,3:28:59:382050,3363
362.1922,190.4953,3:28:59:386050,3482
362.7578,192.0694,3:28:59:390050,3607
363.2251,193.8475,3:28:59:394763,3713
363.717,195.7714,3:28:59:397781,3813
364.381,197.7827,3:28:59:401781,3894
365.168,199.765,3:28:59:405781,3946
366.0534,201.8638,3:28:59:410782,4002
366.9633,203.9917,3:28:59:414777,4032
367.9471,206.2071,3:28:59:417786,4054
368.9308,208.5099,3:28:59:422776,4081
369.9146,210.8711,3:28:59:425781,4097
370.8983,213.4655,3:28:59:431759,4114
371.9067,216.2639,3:28:59:434871,4136
372.8658,219.1788,3:28:59:438871,4146
373.8004,222.1521,3:28:59:441869,4136
374.735,225.0963,3:28:59:446316,4074
375.6941,228.0113,3:28:59:450332,3925
376.5795,230.8097,3:28:59:454335,3649
377.4895,233.4623,3:28:59:458499,3229
378.3748,235.7943,3:28:59:462536,2620
379.1864,237.8057,3:28:59:466536,1764
379.9734,239.4381,3:28:59:470586,1001
380.7358,240.6915,3:28:59:474589,396
381.4737,241.5078,3:28:59:478588,0
382.0885,241.9158,3:28:59:482584,0
382.7033,241.9158,3:28:59:486592,0
383.3428,241.9158,3:28:59:490588,0
384.056,240.4292,3:28:59:494895,0
384.843,239.0883,3:28:59:497935,0
385.7038,237.4559,3:28:59:502914,0
386.7613,235.5903,3:28:59:506913,0
387.991,233.4332,3:28:59:509911,0
389.2945,231.1012,3:28:59:513909,0
390.8439,228.5652,3:28:59:518656,0
392.4917,226,3:28:59:522674,0
394.164,223.1432,3:28:59:526674,0
395.9594,220.0533,3:28:59:530653,0
397.7055,216.876,3:28:59:534671,0
399.4271,213.6987,3:28:59:537672,0
401.1487,210.5504,3:28:59:542669,0
402.9932,207.4897,3:28:59:546670,0
404.641,204.6039,3:28:59:550667,0
406.2888,201.7471,3:28:59:554561,0
407.8136,199.1819,3:28:59:558583,0
409.2892,196.9374,3:28:59:562584,0
410.6664,194.8094,3:28:59:566581,0
411.9699,192.8564,3:28:59:570583,0
413.1258,191.0782,3:28:59:574584,0
414.1096,189.475,3:28:59:578833,0
415.0441,187.9009,3:28:59:581852,0
415.7328,186.4434,3:28:59:585853,0
416.2984,185.1317,3:28:59:589860,0
416.7903,183.9365,3:28:59:593852,0
417.1592,182.8288,3:28:59:597852,0
417.3559,181.7502,3:28:59:602934,0
417.4789,180.7592,3:28:59:606743,0
417.5035,179.7972,3:28:59:610756,0
417.5035,178.981,3:28:59:614745,0
417.5035,178.194,3:28:59:618743,0
417.5035,177.4069,3:28:59:621748,0
417.5035,176.6781,3:28:59:627082,0
417.5035,175.8911,3:28:59:630615,0
417.5035,175.2206,3:28:59:634609,0
417.5035,174.5793,3:28:59:638648,0
417.5035,173.8506,3:28:59:642609,0
417.5035,173.2093,3:28:59:646608,0
418.0692,172.5388,3:28:59:650560,0
418.0692,171.8976,3:28:59:654578,0
418.7824,171.3145,3:28:59:658578,0
418.7824,170.7607,3:28:59:663195,0
419.4956,170.1194,3:28:59:666214,0
419.4956,169.4489,3:28:59:670210,0
420.1104,168.7493,3:28:59:674214,1353
420.1104,168.0789,3:28:59:678213,1386
420.5285,167.4084,3:28:59:682214,1470
420.5285,166.7963,3:28:59:686561,1604
420.7499,166.2133,3:28:59:690580,1795
420.7499,165.6012,3:28:59:694579,2007
420.922,165.1931,3:28:59:698620,2203
420.922,164.9016,3:28:59:702649,2353
421.045,164.7267,3:28:59:706646,2449
421.0942,164.61,3:28:59:711016,2515
421.1926,164.61,3:28:59:714035,2581
421.2664,164.61,3:28:59:718035,2673
421.3401,164.61,3:28:59:722111,2802
421.5615,165.8927,3:28:59:726034,2935
421.8074,166.6797,3:28:59:730055,3064
422.1025,167.6416,3:28:59:734894,3194
422.4714,168.8368,3:28:59:738912,3299
422.9387,170.236,3:28:59:742912,3398
423.3568,171.7809,3:28:59:746914,3485
423.8487,173.5008,3:28:59:749912,3570
424.316,175.4538,3:28:59:754912,3656
424.857,177.6401,3:28:59:758765,3733
425.4473,180.0596,3:28:59:761783,3794
426.1359,182.7122,3:28:59:765788,3831
426.8245,185.5106,3:28:59:770782,3860
427.5378,188.4839,3:28:59:774784,3880
428.3493,191.5446,3:28:59:777801,3901
429.0872,194.6637,3:28:59:782952,3918
429.8495,197.7536,3:28:59:785972,3933
430.5136,200.6686,3:28:59:789970,3950
431.0547,203.4087,3:28:59:793971,3940
431.5711,205.9739,3:28:59:797971,3884
431.9154,208.3059,3:28:59:801975,3769
432.1614,210.4339,3:28:59:805970,3581
432.3089,212.2995,3:28:59:810861,3328
432.3089,213.961,3:28:59:814876,3021
432.3089,215.3893,3:28:59:817910,2608
432.3089,216.6136,3:28:59:822877,2056
432.3089,217.5756,3:28:59:827880,1337
431.5219,218.246,3:28:59:829880,716
431.5219,218.625,3:28:59:834721,0
430.6858,218.6833,3:28:59:838740,0
430.2185,218.6833,3:28:59:841740,0
430.2185,218.6833,3:28:59:847003,0
429.5052,217.4007,3:28:59:851047,0
429.5052,216.4096,3:28:59:854047,0
429.0872,215.127,3:28:59:859049,0
429.0872,213.8152,3:28:59:862044,0
429.0872,212.3577,3:28:59:866043,0
429.0872,210.8128,3:28:59:871009,0
429.0872,209.2095,3:28:59:874064,0
429.825,207.6646,3:28:59:879067,0
429.825,206.1196,3:28:59:882068,0
430.3168,204.6039,3:28:59:887063,0
430.3168,203.1755,3:28:59:890067,0
430.3168,201.8055,3:28:59:894883,0
430.3168,200.5811,3:28:59:897899,0
430.7104,199.3568,3:28:59:901897,0
430.7104,198.22,3:28:59:906902,0
430.7104,197.1414,3:28:59:909897,0
430.7104,196.1795,3:28:59:913897,0
430.1201,195.305,3:28:59:918937,0
430.1201,194.4888,3:28:59:921979,0
429.2593,193.8183,3:28:59:925956,0
428.6199,193.2354,3:28:59:929957,0
427.9066,192.6815,3:28:59:934955,0
427.1197,192.2734,3:28:59:937955,0
426.2835,191.7487,3:28:59:943251,0
425.3489,191.1657,3:28:59:946273,0
424.316,190.5535,3:28:59:950274,1897
423.3076,189.8831,3:28:59:954268,1952
422.2747,189.2126,3:28:59:958269,2023
421.3401,188.513,3:28:59:962269,2121
420.3564,187.8426,3:28:59:966332,2261
419.348,187.1138,3:28:59:970323,2380
418.2905,186.56,3:28:59:974318,2509
417.1838,186.1227,3:28:59:978323,2636
416.0279,185.7729,3:28:59:983113,2748
414.749,185.5981,3:28:59:986132,2840
413.3226,185.5689,3:28:59:990132,2917
411.724,185.5689,3:28:59:994560,2981
410.0762,185.5689,3:28:59:998345,3027
408.3055,185.5689,3:29:00:002380,3064
406.4117,186.7349,3:29:00:006467,3103
404.5672,187.4053,3:29:00:010487,3138
402.7227,188.1924,3:29:00:014483,3170
400.9273,189.0669,3:29:00:018482,3200
399.1812,189.9997,3:29:00:022487,3224
397.6317,191.0782,3:29:00:026491,3235
396.1807,192.2151,3:29:00:030488,3243
394.9019,193.4977,3:29:00:034487,3254
393.7459,194.8094,3:29:00:038491,3254
392.713,196.1795,3:29:00:042732,3264
391.8276,197.6662,3:29:00:045754,3272
391.139,199.2111,3:29:00:050751,3285
390.5733,200.8143,3:29:00:054854,3301
390.106,202.4176,3:29:00:057883,3308
389.7372,203.9917,3:29:00:062872,3321
389.4912,205.5075,3:29:00:066874,3322
389.3929,207.0233,3:29:00:069869,3325
389.3929,208.3934,3:29:00:073867,3330
389.3929,209.6176,3:29:00:079014,3325
389.3929,210.7836,3:29:00:082032,3319
390.4258,211.7747,3:29:00:086033,3321
390.9669,212.6201,3:29:00:090561,3322
391.5817,213.3197,3:29:00:094578,3327
392.3687,213.8736,3:29:00:098578,3337
393.2049,214.2525,3:29:00:102579,3344
394.1148,214.4857,3:29:00:106583,3349
395.074,214.5732,3:29:00:110583,3357
396.0577,214.5732,3:29:00:114655,3363
396.9923,214.5732,3:29:00:118673,3364
397.9269,213.8152,3:29:00:122672,3368
398.8615,213.8152,3:29:00:127009,3372
399.6484,212.5909,3:29:00:130029,3371
400.3371,211.8331,3:29:00:134026,3370
400.8535,211.046,3:29:00:138048,3369
401.2224,210.1715,3:29:00:142034,3359
401.493,209.3261,3:29:00:146027,3352
401.5421,208.4808,3:29:00:150040,3347
401.5421,207.548,3:29:00:154037,3344
401.5421,206.7027,3:29:00:158028,3345
400.6322,205.799,3:29:00:162652,3342
399.9436,204.9536,3:29:00:166073,3331
399.132,204.0791,3:29:00:170058,3307
398.1482,203.263,3:29:00:175171,3248
397.1153,202.4759,3:29:00:178182,3140
396.0577,201.7471,3:29:00:182183,2985
394.951,201.1059,3:29:00:187178,2748
393.8689,200.5811,3:29:00:190182,2409
392.836,200.173,3:29:00:194181,1915
391.803,199.9398,3:29:00:198879,1244
390.7455,199.7358,3:29:00:201915,668
389.7126,199.7358,3:29:00:205897,0
388.5567,199.7358,3:29:00:211027,0
387.3024,199.7358,3:29:00:214046,0
385.9005,199.7358,3:29:00:218046,0
384.4003,199.7358,3:29:00:222047,0
382.6787,199.7358,3:29:00:226046,0
380.8342,200.3188,3:29:00:230051,0
378.7437,200.3188,3:29:00:234839,0
376.5303,200.3188,3:29:00:237857,0
374.0955,200.3188,3:29:00:241887,0
371.5624,200.3188,3:29:00:246649,0
368.8325,200.3188,3:29:00:249881,0
365.9304,200.3188,3:29:00:253881,0
362.93,200.3188,3:29:00:260489,0
359.782,200.3188,3:29:00:263693,0
356.5356,200.7852,3:29:00:266693,0
353.1417,200.7852,3:29:00:270692,0
349.6248,200.7852,3:29:00:275388,0
345.8127,200.7852,3:29:00:278412,0
341.9761,200.7852,3:29:00:282425,0
337.9919,200.7852,3:29:00:286468,0
333.9339,200.7852,3:29:00:290488,0
329.8514,200.7852,3:29:00:294488,0
325.7688,200.7852,3:29:00:298548,0
321.76,200.7852,3:29:00:302488,0
317.8004,200.1439,3:29:00:306487,0
313.8409,200.1439,3:29:00:310499,0
309.9305,200.1439,3:29:00:314546,0
305.9709,200.1439,3:29:00:318510,0
301.9621,200.1439,3:29:00:323054,0
297.9041,199.7358,3:29:00:326072,0
293.8707,199.7358,3:29:00:330077,0
289.7881,199.7358,3:29:00:335074,0
285.7794,199.7358,3:29:00:338069,0
281.8936,199.7358,3:29:00:342069,0
277.9094,200.6978,3:29:00:346771,0
274.1711,200.6978,3:29:00:349790,0
270.4575,201.5139,3:29:00:354787,0
266.8914,202.0678,3:29:00:358475,0
263.522,202.5925,3:29:00:362488,0
260.2019,203.1172,3:29:00:366488,0
257.0539,203.6419,3:29:00:370829,0
254.078,204.1958,3:29:00:373848,0
251.3481,204.6913,3:29:00:377848,0
248.7166,205.216,3:29:00:382847,0
246.2572,205.7699,3:29:00:385854,0
244.0192,206.2946,3:29:00:390844,0
241.8795,206.7027,3:29:00:394722,0
239.8383,207.1399,3:29:00:398742,0
237.9445,207.548,3:29:00:401738,0
236.1984,207.8395,3:29:00:407925,0
234.6244,208.1019,3:29:00:409926,0
233.2225,208.3351,3:29:00:413924,0
232.042,208.3934,3:29:00:418924,0
230.8861,208.4808,3:29:00:421924,0
229.9762,208.5099,3:29:00:425922,0
229.2629,208.5099,3:29:00:430918,0
228.6973,208.5099,3:29:00:433935,0
228.2546,208.5099,3:29:00:437929,0
227.9103,208.5099,3:29:00:443130,0
227.6643,207.8978,3:29:00:446148,0
227.4922,207.8978,3:29:00:450153,0
227.4184,207.8978,3:29:00:455146,0
227.3692,207.2274,3:29:00:458149,0
227.32,207.2274,3:29:00:462154,0
227.32,206.6735,3:29:00:466174,0
227.32,206.6735,3:29:00:470148,0
227.32,206.1196,3:29:00:474149,0
227.32,206.1196,3:29:00:478744,0
227.32,205.6532,3:29:00:482758,0
227.32,205.6532,3:29:00:485762,0
227.32,205.216,3:29:00:490851,0
227.8857,205.0411,3:29:00:493863,0
227.8857,204.8954,3:29:00:497863,0
227.8857,204.7496,3:29:00:502781,294
228.4022,204.633,3:29:00:505800,323
228.4022,204.4872,3:29:00:509812,378
228.9432,204.2832,3:29:00:514587,459
228.9432,204.1083,3:29:00:518608,556
229.5089,203.9334,3:29:00:522601,649
229.804,203.7294,3:29:00:526678,748
230.1975,203.5544,3:29:00:530601,869
230.6156,203.3795,3:29:00:534601,997
231.1075,203.2338,3:29:00:538602,1139
231.6239,203.0298,3:29:00:542626,1276
232.288,202.8257,3:29:00:546627,1398
233.1242,202.5925,3:29:00:550872,1533
234.0587,202.3302,3:29:00:553863,1655
235.3376,202.0095,3:29:00:557863,1759
236.9608,201.6014,3:29:00:561872,1849
238.9775,201.1059,3:29:00:565864,1910
241.4368,200.4937,3:29:00:569864,1954
244.3389,199.765,3:29:00:574818,2005
247.6591,198.8904,3:29:00:577837,2064
251.3481,197.841,3:29:00:581838,2129
255.6274,196.7042,3:29:00:586682,2216
260.5216,195.305,3:29:00:590053,2295
265.9568,193.7309,3:29:00:594044,2356
271.7609,192.0402,3:29:00:598602,2415
277.8848,190.1163,3:29:00:602619,2448
284.5989,188.0758,3:29:00:606626,2502
291.9032,186.0353,3:29:00:610646,2543
299.5273,183.9657,3:29:00:614620,2591
307.3481,181.8669,3:29:00:618620,2648
315.3903,179.8264,3:29:00:622610,2690
323.58,177.8733,3:29:00:626638,2745
331.7697,176.0368,3:29:00:630638,2791
340.107,174.3461,3:29:00:634639,2824
348.3459,172.7137,3:29:00:638660,2849
356.4372,171.1105,3:29:00:642661,2877
364.3072,169.5656,3:29:00:646662,2909
371.9067,168.1372,3:29:00:650657,2943
379.0635,166.7672,3:29:00:653656,2969
385.8759,165.3971,3:29:00:658797,2989
392.4179,164.0271,3:29:00:661816,2994
398.5171,162.7153,3:29:00:666816,3000
403.9278,161.491,3:29:00:669816,3011
408.6989,160.325,3:29:00:673816,3024
412.9782,159.2173,3:29:00:677838,3039
416.7657,158.1971,3:29:00:682965,3049
419.9137,157.2643,3:29:00:685979,3061
422.3731,156.4772,3:29:00:689979,3069
424.2422,155.8067,3:29:00:693981,3086
425.6686,155.1946,3:29:00:697979,3118
426.6524,154.7282,3:29:00:701978,3171
427.2918,154.4367,3:29:00:706611,3245
427.6853,154.2035,3:29:00:709889,3329
427.9804,154.0869,3:29:00:713889,3413
428.005,153.9703,3:29:00:719238,3480
428.005,153.9411,3:29:00:722765,3521
428.005,153.9411,3:29:00:726765,3535
428.005,153.9411,3:29:00:730581,3539
428.005,153.9411,3:29:00:734109,3531
428.005,153.9411,3:29:00:738108,3520
427.3164,153.9411,3:29:00:742124,3504
427.3164,153.9411,3:29:00:746114,3462
427.3164,153.9411,3:29:00:751089,3377
426.7753,153.9411,3:29:00:755106,3263
426.7753,153.9411,3:29:00:758104,3153
426.7753,154.4367,3:29:00:762126,3031
426.7753,154.4367,3:29:00:766106,2886
426.7753,154.4367,3:29:00:770104,2693
426.7753,154.8448,3:29:00:775018,2423
426.7753,154.8448,3:29:00:778036,2043
426.7753,155.2529,3:29:00:782041,1531
426.7753,155.5444,3:29:00:787035,963
426.7753,155.5444,3:29:00:790036,479
426.7753,155.8942,3:29:00:794037,0
426.7753,155.8942,3:29:00:799005,0
426.7753,156.0108,3:29:00:802030,0
426.7753,156.0108,3:29:00:806024,0
426.7753,156.0108,3:29:00:810042,0
426.7753,156.0108,3:29:00:814025,0
426.2343,155.1071,3:29:00:818025,0
426.2343,155.1071,3:29:00:822779,0
425.3735,154.1452,3:29:00:825803,0
424.7341,153.5331,3:29:00:829811,0
423.9962,153.0083,3:29:00:835007,0
423.3076,152.4545,3:29:00:838031,0
422.619,151.9007,3:29:00:842025,0
421.9796,151.2885,3:29:00:847024,0
421.2909,150.6763,3:29:00:851016,0
420.3564,150.0934,3:29:00:855036,0
420.3564,150.0934,3:29:00:872648,0
