455.0582,231.8008,4:08:07:611702,0
455.8452,231.8008,4:08:07:613707,0
455.8452,231.3927,4:08:07:617704,0
456.9765,231.1595,4:08:07:619702,0
457.5421,231.1595,4:08:07:619702,0
458.2307,230.8097,4:08:07:620704,0
459.1161,230.5765,4:08:07:622703,0
459.9769,230.3141,4:08:07:624703,0
460.9853,231.5385,4:08:07:625674,0
462.1411,231.5385,4:08:07:626701,0
463.1741,231.5385,4:08:07:626701,0
464.1086,231.5385,4:08:07:627703,0
465.0678,230.5765,4:08:07:627703,0
466.027,230.5765,4:08:07:628701,0
466.9861,230.5765,4:08:07:628701,0
467.8469,229.9352,4:08:07:628701,0
468.6093,228.0988,4:08:07:630702,0
469.3471,228.0988,4:08:07:631701,0
470.0112,228.0988,4:08:07:631701,0
470.5768,227.6032,4:08:07:631701,0
471.1179,227.6032,4:08:07:632701,0
471.5851,227.6032,4:08:07:632701,0
471.9787,227.6032,4:08:07:632701,0
472.2,227.37,4:08:07:632701,0
472.4214,227.37,4:08:07:634719,0
472.5443,227.37,4:08:07:635704,0
472.5689,227.37,4:08:07:635704,0
472.5689,227.37,4:08:07:635704,0
472.5689,228.0113,4:08:07:635704,0
472.5689,228.0113,4:08:07:636701,0
471.8311,228.0113,4:08:07:636701,0
471.8311,228.5652,4:08:07:636701,0
471.1425,228.5652,4:08:07:636701,0
471.1425,228.5652,4:08:07:637701,0
470.2325,229.3522,4:08:07:637701,0
469.7652,229.3522,4:08:07:637701,0
469.2733,229.9935,4:08:07:642890,0
468.6585,230.4016,4:08:07:646920,0
467.9945,230.7514,4:08:07:649916,0
467.2567,231.1012,4:08:07:654009,0
466.5188,231.5385,4:08:07:657915,0
465.6089,231.9465,4:08:07:662244,0
464.6005,232.2672,4:08:07:666025,0
463.543,232.617,4:08:07:670514,0
462.3379,232.9377,4:08:07:674514,0
461.0099,233.2,4:08:07:678523,0
459.6818,233.4623,4:08:07:682533,0
458.1815,233.6373,4:08:07:686838,0
456.583,233.8121,4:08:07:690182,0
454.9352,233.8705,4:08:07:694163,0
453.2382,233.9579,4:08:07:698162,0
451.5904,233.9579,4:08:07:702162,0
449.8935,233.9579,4:08:07:706163,0
448.1719,233.9579,4:08:07:710548,0
446.4995,233.9579,4:08:07:714646,0
444.8763,233.9579,4:08:07:718645,0
443.3023,233.9579,4:08:07:722643,0
441.8513,233.9579,4:08:07:725741,0
440.4741,233.9579,4:08:07:730739,0
439.2198,233.9579,4:08:07:734167,0
438.1131,233.9579,4:08:07:738171,0
437.1785,233.9579,4:08:07:742168,0
436.4407,233.9579,4:08:07:746171,0
435.8012,233.9579,4:08:07:750604,0
435.334,233.9579,4:08:07:753968,0
435.0388,233.9579,4:08:07:757968,0
434.8421,233.9579,4:08:07:761968,0
434.7683,233.9579,4:08:07:765968,0
434.7683,233.9579,4:08:07:770550,0
434.7683,233.9579,4:08:07:774559,0
434.7683,233.9579,4:08:07:778566,0
435.6537,233.9579,4:08:07:782564,0
436.2193,233.9579,4:08:07:786561,0
436.8834,233.9579,4:08:07:790561,0
437.5966,233.9579,4:08:07:794601,0
438.4328,233.9579,4:08:07:797611,0
439.3427,233.9579,4:08:07:801611,0
440.2773,233.9579,4:08:07:806609,0
441.2856,233.9579,4:08:07:809614,0
442.3432,233.9579,4:08:07:814604,0
443.4253,233.9579,4:08:07:817958,0
444.532,233.9579,4:08:07:821958,0
445.7371,233.9579,4:08:07:825961,0
447.016,234.5701,4:08:07:829960,0
448.3441,234.5701,4:08:07:833961,0
449.6475,234.5701,4:08:07:838135,0
450.9018,235.2697,4:08:07:842692,0
452.0823,235.2697,4:08:07:845705,0
453.1153,235.8818,4:08:07:849764,0
454.0252,235.8818,4:08:07:853703,0
454.6892,236.4939,4:08:07:858703,0
455.1073,236.8438,4:08:07:861702,0
455.3041,237.1935,4:08:07:866702,0
455.3533,237.5725,4:08:07:869705,0
455.3533,237.9514,4:08:07:874600,0
455.3533,238.3887,4:08:07:877933,0
454.6401,238.8259,4:08:07:881933,0
454.6401,239.2923,4:08:07:885939,0
453.7793,239.7587,4:08:07:889933,0
453.7793,240.2543,4:08:07:894552,0
452.8693,240.7498,4:08:07:897717,0
452.3036,241.2746,4:08:07:901713,0
451.7134,241.7993,4:08:07:906976,0
451.1232,242.3239,4:08:07:909987,0
450.5329,242.8195,4:08:07:914085,0
449.9673,243.315,4:08:07:917989,0
449.377,243.8398,4:08:07:921986,0
448.7375,244.3936,4:08:07:926896,0
448.0981,244.9183,4:08:07:929913,0
447.4341,245.4722,4:08:07:933968,0
446.7946,246.026,4:08:07:937907,0
446.0815,246.5798,4:08:07:941993,0
445.3928,247.1337,4:08:07:945907,0
444.6304,247.6875,4:08:07:950605,0
443.8434,248.2706,4:08:07:953615,0
443.0564,248.7952,4:08:07:958614,0
442.2448,249.3783,4:08:07:962613,0
441.4086,249.9321,4:08:07:966615,0
440.5479,250.4859,4:08:07:970823,0
439.7117,251.0398,4:08:07:973836,0
438.8509,251.6519,4:08:07:978871,0
437.9655,252.235,4:08:07:981881,0
437.0309,252.7596,4:08:07:985903,0
436.0718,253.3135,4:08:07:989881,0
435.1126,253.7507,4:08:07:993881,0
434.2273,254.2755,4:08:07:998556,0
433.3665,254.7127,4:08:08:001954,0
432.5549,255.2083,4:08:08:005928,0
431.8416,255.558,4:08:08:009934,0
431.1776,255.9079,4:08:08:013839,0
430.7595,256.2285,4:08:08:017839,0
430.366,256.52,4:08:08:021842,0
430.1693,256.8406,4:08:08:025835,0
430.0217,257.0155,4:08:08:029837,0
430.0217,257.0739,4:08:08:034563,0
430.0217,257.1321,4:08:08:038573,0
430.0217,257.1321,4:08:08:042573,0
430.9317,257.1321,4:08:08:045911,0
430.9317,257.1321,4:08:08:049935,0
432.0384,257.1321,4:08:08:053917,0
432.6533,256.4326,4:08:08:058607,0
433.3665,256.4326,4:08:08:062620,0
434.0551,256.4326,4:08:08:066617,0
434.7683,255.7912,4:08:08:069618,0
435.4323,255.7912,4:08:08:074618,0
436.0718,255.7912,4:08:08:078617,0
436.662,255.2666,4:08:08:082607,0
437.1785,255.2666,4:08:08:085616,0
437.695,255.2666,4:08:08:090610,0
438.0885,254.9459,4:08:08:093621,0
438.4574,254.9459,4:08:08:097922,0
438.7771,254.9459,4:08:08:102488,0
439.023,254.9459,4:08:08:106486,0
439.269,254.9459,4:08:08:110485,0
439.4657,254.9459,4:08:08:114576,0
439.6133,254.9459,4:08:08:118485,0
439.7117,254.9459,4:08:08:122606,0
439.7362,254.9459,4:08:08:125649,0
439.7854,254.9459,4:08:08:130036,0
439.7854,255.558,4:08:08:134033,0
439.7854,255.558,4:08:08:138102,0
439.7854,255.558,4:08:08:142034,0
439.7854,256.2285,4:08:08:145868,0
439.146,256.2285,4:08:08:149925,0
439.146,256.7532,4:08:08:154610,0
438.6295,256.7532,4:08:08:158462,0
438.6295,257.2779,4:08:08:162462,0
437.9409,257.5403,4:08:08:166685,0
437.572,257.8318,4:08:08:169698,0
437.1293,258.0941,4:08:08:173694,0
436.662,258.3856,4:08:08:177698,0
436.1456,258.6771,4:08:08:181695,0
435.6291,258.9686,4:08:08:185698,0
435.088,259.2601,4:08:08:190604,0
434.4978,259.6099,4:08:08:194120,0
433.8829,259.9014,4:08:08:198122,0
433.2435,260.222,4:08:08:202119,0
432.6041,260.5427,4:08:08:206160,0
431.94,260.8633,4:08:08:210119,0
431.2268,261.1548,4:08:08:214606,0
430.5136,261.4464,4:08:08:217619,0
429.7758,261.7087,4:08:08:221619,0
429.038,261.9419,4:08:08:226666,0
428.3493,262.1459,4:08:08:229651,0
427.6853,262.35,4:08:08:234559,0
427.0951,262.4958,4:08:08:238570,0
426.5294,262.554,4:08:08:242555,0
426.0621,262.6415,4:08:08:246240,0
425.6932,262.6707,4:08:08:250265,0
425.3735,262.6998,4:08:08:254240,0
425.1276,262.6998,4:08:08:258675,0
424.857,262.6998,4:08:08:261685,0
424.5865,262.6998,4:08:08:266685,0
424.316,262.6998,4:08:08:269685,0
424.07,262.6998,4:08:08:274685,0
423.8241,261.9419,4:08:08:277923,1668
423.5782,261.9419,4:08:08:281923,1716
423.283,261.9419,4:08:08:285923,1813
423.0371,261.184,4:08:08:289923,1964
422.8158,261.184,4:08:08:293923,2155
422.6682,260.6884,4:08:08:297923,2334
422.5452,260.6884,4:08:08:302488,2495
422.4468,260.1638,4:08:08:306488,2622
422.3731,260.1638,4:08:08:310488,2729
422.3485,259.6682,4:08:08:314488,2810
422.3485,259.4059,4:08:08:318617,2869
422.3485,259.2018,4:08:08:321626,2906
422.3485,258.9686,4:08:08:326628,2926
422.3485,258.7062,4:08:08:330627,2939
422.3485,258.5313,4:08:08:334625,2943
423.0371,258.3564,4:08:08:337627,2946
423.0371,258.1815,4:08:08:342460,2951
423.6028,258.0941,4:08:08:346641,2950
423.6028,258.0358,4:08:08:350622,2947
424.3406,258.0358,4:08:08:353652,2952
424.8078,258.0358,4:08:08:358622,2949
425.3243,258.0358,4:08:08:361634,2951
425.8162,258.8228,4:08:08:366606,2964
426.431,258.8228,4:08:08:369615,2971
427.0459,259.8723,4:08:08:374542,2984
427.7099,260.5718,4:08:08:378503,2999
428.3739,261.4464,4:08:08:382577,3007
429.0626,262.4083,4:08:08:386499,3022
429.6528,263.4868,4:08:08:389721,3035
430.2431,264.6237,4:08:08:393719,3047
430.7595,265.848,4:08:08:397721,3058
431.1284,267.1306,4:08:08:401721,3069
431.399,268.4132,4:08:08:406735,3077
431.5957,269.6958,4:08:08:409735,3086
431.5957,270.9784,4:08:08:414603,3095
431.5957,272.2027,4:08:08:418613,3099
431.5957,273.3687,4:08:08:422613,3104
430.4398,274.4764,4:08:08:426614,3096
429.7266,275.555,4:08:08:429738,3083
428.8166,276.6043,4:08:08:434638,3066
427.8575,277.5663,4:08:08:438592,3036
426.7753,278.4117,4:08:08:442577,3014
425.6686,279.1987,4:08:08:446601,2982
424.5373,279.8983,4:08:08:450593,2952
423.4306,280.4813,4:08:08:454557,2933
422.4714,280.9768,4:08:08:458573,2914
421.5369,281.3267,4:08:08:462569,2910
420.7499,281.589,4:08:08:466568,2910
420.0367,281.7347,4:08:08:470607,2912
419.3726,281.7639,4:08:08:473617,2915
418.8807,281.7639,4:08:08:478380,2918
418.4135,281.7639,4:08:08:482275,2923
418.0692,281.7639,4:08:08:486277,2927
417.7986,281.7639,4:08:08:490310,2938
417.6019,281.7639,4:08:08:494532,2953
417.4051,281.1517,4:08:08:498543,2976
417.3313,281.1517,4:08:08:502591,3012
417.233,281.1517,4:08:08:506610,3050
417.1592,281.1517,4:08:08:510591,3081
417.1592,281.1517,4:08:08:514593,3096
417.1592,281.1517,4:08:08:518608,3091
417.1592,281.1517,4:08:08:521942,3081
417.1592,281.1517,4:08:08:526648,3072
417.1592,281.1517,4:08:08:529649,3077
417.1592,281.1517,4:08:08:534646,3098
417.8724,281.1517,4:08:08:538651,3123
417.8724,281.1517,4:08:08:542608,3151
418.8316,281.1517,4:08:08:545618,3172
419.4956,281.1517,4:08:08:550567,3210
420.3072,281.7639,4:08:08:554535,3245
421.1926,281.7639,4:08:08:558563,3281
422.2255,282.2886,4:08:08:562538,3316
423.406,282.2886,4:08:08:566626,3328
424.7587,282.8424,4:08:08:569632,3336
426.2343,282.8424,4:08:08:574624,3354
427.7591,283.3963,4:08:08:578630,3373
429.3577,283.7169,4:08:08:582603,3391
431.0055,284.0376,4:08:08:586614,3409
432.6779,284.4165,4:08:08:590549,3415
434.2764,284.7664,4:08:08:593886,3418
435.8012,285.1453,4:08:08:598328,3382
437.2277,285.5243,4:08:08:602259,3270
438.4082,285.8741,4:08:08:606284,3073
439.4411,286.2238,4:08:08:610269,2770
440.2773,286.5445,4:08:08:614602,2375
440.8922,286.8069,4:08:08:618612,1884
441.4332,287.04,4:08:08:622615,1358
441.7775,287.1858,4:08:08:626613,806
441.9251,287.2149,4:08:08:630613,383
441.9251,287.2149,4:08:08:635612,0
441.9251,287.2149,4:08:08:638613,0
441.9251,287.2149,4:08:08:642611,0
441.1873,287.2149,4:08:08:646611,0
441.1873,286.4571,4:08:08:650614,0
440.4003,286.4571,4:08:08:654605,0
439.9084,285.5826,4:08:08:657619,0
439.3919,285.5826,4:08:08:662623,0
438.9984,284.5623,4:08:08:665621,0
438.5804,284.0085,4:08:08:670604,0
438.1869,283.3963,4:08:08:673644,0
437.8425,282.7841,4:08:08:678614,0
437.4736,282.1137,4:08:08:682614,0
437.1293,281.4724,4:08:08:686875,0
436.8342,280.8603,4:08:08:690390,0
436.5637,280.2481,4:08:08:694392,0
436.2439,279.6942,4:08:08:698393,0
435.8996,279.2278,4:08:08:702390,0
435.5307,278.8198,4:08:08:706598,0
435.1126,278.5283,4:08:08:709608,0
434.6945,278.295,4:08:08:713998,0
434.2273,278.1493,4:08:08:717999,0
433.76,278.0327,4:08:08:721998,0
433.1451,278.0035,4:08:08:725998,0
432.6287,277.9161,4:08:08:730020,0
432.063,277.8286,4:08:08:734033,0
431.5219,277.5955,4:08:08:738036,2286
431.0547,277.3622,4:08:08:742037,2316
430.6366,277.0707,4:08:08:745914,2377
430.3168,276.7792,4:08:08:749927,2449
430.0955,276.4003,4:08:08:753770,2520
430.0217,275.9339,4:08:08:757783,2572
430.0217,275.4966,4:08:08:762779,2603
430.0217,275.0886,4:08:08:765789,2627
430.8333,274.6805,4:08:08:769914,2655
431.4973,274.2723,4:08:08:773883,2673
432.3335,273.8059,4:08:08:777938,2683
433.3665,273.3979,4:08:08:781908,2689
434.5224,272.9606,4:08:08:786607,2689
435.8012,272.6108,4:08:08:790618,2690
437.2277,272.2027,4:08:08:793620,2689
438.6541,271.7946,4:08:08:798624,2688
440.1298,271.3865,4:08:08:802504,2692
441.5316,270.9784,4:08:08:806514,2690
442.9088,270.512,4:08:08:810514,2692
444.2123,270.1039,4:08:08:814529,2695
445.442,269.6667,4:08:08:818517,2693
446.4995,269.2003,4:08:08:822515,2697
447.4833,268.7047,4:08:08:826661,2695
448.3441,268.18,4:08:08:829670,2693
449.0819,267.6844,4:08:08:834670,2696
449.6721,267.1306,4:08:08:838697,2696
450.2132,266.5768,4:08:08:841670,2695
450.6067,265.9646,4:08:08:846671,2695
450.9264,265.3816,4:08:08:850707,2694
451.2215,264.7403,4:08:08:854688,2694
451.3445,264.1573,4:08:08:858672,2704
451.4675,263.5743,4:08:08:862716,2711
451.4921,262.933,4:08:08:866716,2714
451.4921,262.35,4:08:08:869716,2720
451.4921,261.7379,4:08:08:874740,2716
451.4921,261.1548,4:08:08:877781,2717
451.4921,260.5427,4:08:08:882603,2717
450.828,259.9305,4:08:08:886613,2714
450.828,259.3184,4:08:08:890613,2712
450.828,258.6771,4:08:08:894613,2708
450.1886,258.0358,4:08:08:898613,2707
450.1886,257.4236,4:08:08:902611,2711
450.1886,256.7823,4:08:08:906604,2717
449.6721,256.1993,4:08:08:910615,2736
449.6721,255.7621,4:08:08:914612,2764
449.6721,255.2957,4:08:08:918614,2806
449.4016,254.9459,4:08:08:922614,2865
449.4016,254.6544,4:08:08:926614,2932
449.4016,254.3338,4:08:08:929835,3021
449.4016,254.1297,4:08:08:933846,3127
449.2048,253.9256,4:08:08:938605,3243
449.2048,253.7507,4:08:08:942626,3377
449.2048,253.605,4:08:08:946467,3500
449.2048,253.4592,4:08:08:950475,3600
449.2048,253.3135,4:08:08:954477,3671
449.1557,253.226,4:08:08:958477,3699
449.1557,253.1969,4:08:08:962551,3699
449.1557,253.1969,4:08:08:966477,3687
449.1557,253.1969,4:08:08:970599,3689
449.1557,253.1969,4:08:08:973612,3705
449.1557,253.1969,4:08:08:978599,3740
449.1557,254.1297,4:08:08:981609,3793
449.1557,254.1297,4:08:08:986607,3859
449.1557,255.4998,4:08:08:990610,3925
449.1557,256.4326,4:08:08:994344,3987
449.1557,257.5694,4:08:08:998345,4040
449.7459,258.8228,4:08:09:002348,4068
449.7459,260.2803,4:08:09:006345,4083
449.7459,261.8253,4:08:09:010690,4094
450.2132,263.4577,4:08:09:013690,4097
450.2132,265.0901,4:08:09:018690,4099
450.2132,266.7516,4:08:09:022690,4104
450.5821,268.4132,4:08:09:025690,4104
450.5821,269.929,4:08:09:030690,4071
450.828,271.4156,4:08:09:034791,3998
450.828,272.8148,4:08:09:038799,3847
451.074,274.0683,4:08:09:042801,3634
451.074,275.2343,4:08:09:046820,3359
451.2707,276.2254,4:08:09:050801,3024
451.4183,277.0416,4:08:09:053804,2650
451.5659,277.7704,4:08:09:057800,2187
451.738,278.3825,4:08:09:061803,1646
451.8856,278.8489,4:08:09:066605,1028
452.0823,279.1112,4:08:09:070612,526
452.3036,279.2278,4:08:09:074794,0
452.5496,279.2278,4:08:09:077804,0
452.7709,279.2278,4:08:09:081868,0
453.0415,279.2278,4:08:09:085807,0
453.3612,278.4117,4:08:09:089804,0
453.6563,278.4117,4:08:09:093804,0
454.0006,277.2748,4:08:09:098557,0
454.3695,276.6043,4:08:09:103568,0
454.7138,275.8464,4:08:09:106568,0
455.1073,275.0011,4:08:09:110553,0
455.5746,274.0683,4:08:09:114579,0
456.0173,273.0772,4:08:09:118553,0
456.4846,271.9695,4:08:09:122564,0
457.0257,270.716,4:08:09:126563,0
457.5913,269.3752,4:08:09:130563,0
458.1324,267.976,4:08:09:134563,0
458.7718,266.4893,4:08:09:137922,0
459.3621,264.9735,4:08:09:142802,0
459.9523,263.3702,4:08:09:145812,0
460.518,261.7961,4:08:09:149814,0
460.9853,260.222,4:08:09:153812,0
461.4525,258.8228,4:08:09:157886,0
461.8214,257.5985,4:08:09:162822,0
462.1411,256.4617,4:08:09:167821,0
462.3871,255.354,4:08:09:170820,0
462.4855,254.3338,4:08:09:173824,2123
462.5101,253.4884,4:08:09:177821,2175
462.5101,252.7305,4:08:09:182603,2281
462.5101,252.1183,4:08:09:186613,2444
462.5101,251.5062,4:08:09:190548,2660
462.5101,250.894,4:08:09:193885,2874
461.9198,250.4276,4:08:09:198510,3082
461.9198,250.0195,4:08:09:202530,3255
461.9198,249.7572,4:08:09:207512,3374
461.9198,249.524,4:08:09:210531,3437
461.9198,249.3783,4:08:09:214547,3447
461.5509,249.3491,4:08:09:218524,3435
461.5509,249.3491,4:08:09:222590,3419
461.5509,249.3491,4:08:09:226569,3413
461.5509,249.3491,4:08:09:230570,3418
461.5509,250.3985,4:08:09:234568,3423
461.5509,251.0107,4:08:09:238445,3452
462.092,251.6811,4:08:09:242482,3484
462.092,252.4973,4:08:09:246452,3519
462.092,253.5175,4:08:09:250452,3556
462.7068,254.7127,4:08:09:254473,3578
462.7068,256.0828,4:08:09:258482,3596
463.1987,257.5403,4:08:09:262598,3608
463.1987,259.0561,4:08:09:265609,3621
463.7151,260.601,4:08:09:270638,3627
463.7151,262.2625,4:08:09:273637,3635
464.2316,263.9241,4:08:09:278639,3640
464.5268,265.4982,4:08:09:281638,3641
464.7235,266.8974,4:08:09:286657,3643
464.9203,268.1508,4:08:09:289664,3616
465.1416,269.2877,4:08:09:294602,3533
465.2646,270.3371,4:08:09:298612,3411
465.3875,271.2699,4:08:09:302610,3200
465.4859,271.9987,4:08:09:305612,2911
465.4859,272.6108,4:08:09:310780,2542
465.5105,273.0772,4:08:09:314320,2030
465.5105,273.3979,4:08:09:318396,1431
465.5105,273.631,4:08:09:322395,835
465.5105,273.7477,4:08:09:325720,375
465.5105,273.7477,4:08:09:329730,0
465.5105,273.7477,4:08:09:333757,0
464.7235,273.7477,4:08:09:337750,0
464.7235,272.9606,4:08:09:342600,0
464.0841,272.9606,4:08:09:345610,0
463.6414,271.882,4:08:09:350553,0
463.1741,271.1824,4:08:09:354070,0
462.7314,270.308,4:08:09:358067,0
462.2887,269.2585,4:08:09:362068,0
461.8706,268.0342,4:08:09:366610,0
461.4279,266.6642,4:08:09:369957,0
460.9853,265.0318,4:08:09:374003,0
460.5917,263.1662,4:08:09:377939,0
460.149,261.0966,4:08:09:381938,0
459.731,258.7062,4:08:09:385938,0
459.3375,256.1702,4:08:09:390553,0
458.8702,253.4301,4:08:09:393952,0
458.4767,250.6026,4:08:09:398608,0
458.0832,247.7167,4:08:09:401618,0
457.7143,244.9474,4:08:09:406618,0
457.3946,242.2657,4:08:09:410617,0
457.124,239.7296,4:08:09:414759,0
456.8535,237.3393,4:08:09:417769,0
456.7059,235.1822,4:08:09:422147,0
456.6567,233.1709,4:08:09:426073,0
456.6567,231.2761,4:08:09:430629,0
456.583,229.6145,4:08:09:434624,0
456.583,228.0113,4:08:09:438611,0
456.4846,226.4664,4:08:09:442611,0
456.4354,225.0672,4:08:09:446611,0
456.3616,223.6971,4:08:09:449622,0
456.2141,222.3853,4:08:09:454093,0
455.9927,221.2193,4:08:09:458081,0
455.7468,220.1991,4:08:09:462556,0
455.5009,219.2372,4:08:09:466566,0
455.2057,218.4501,4:08:09:470566,0
454.9352,217.8088,4:08:09:474564,0
454.5909,217.1384,4:08:09:478567,0
454.1728,216.5553,4:08:09:482608,0
453.7301,216.1181,4:08:09:485941,1772
453.3366,215.7392,4:08:09:489996,1768
452.8939,215.4476,4:08:09:493938,1768
452.525,215.2436,4:08:09:497968,1769
452.1069,215.127,4:08:09:501938,1767
451.7134,215.0687,4:08:09:506554,1761
451.3691,215.0687,4:08:09:509976,1760
451.074,215.0687,4:08:09:514158,1755
450.9018,215.8849,4:08:09:518157,1754
450.6805,215.8849,4:08:09:522157,1762
450.4837,216.672,4:08:09:526160,1766
450.3607,216.672,4:08:09:530552,1765
450.2132,217.5464,4:08:09:534563,1766
450.0656,217.5464,4:08:09:538259,1764
449.8689,218.4792,4:08:09:542261,1743
449.6475,218.9165,4:08:09:546369,1721
449.377,219.3246,4:08:09:550261,1693
449.0327,219.7327,4:08:09:554370,1666
448.6146,220.0533,4:08:09:558260,1650
448.2211,220.0533,4:08:09:561772,1653
447.7538,220.4615,4:08:09:565778,1658
447.2373,220.4615,4:08:09:570600,1666
446.7701,220.4615,4:08:09:574610,1678
446.3274,220.4615,4:08:09:578718,1676
445.9339,220.4615,4:08:09:581728,1682
445.6142,219.7327,4:08:09:585855,1704
445.3436,219.7327,4:08:09:589729,1753
445.1223,218.9456,4:08:09:593814,1819
444.9747,218.9456,4:08:09:597731,1901
444.8763,218.2169,4:08:09:602605,1977
444.8271,218.2169,4:08:09:605615,2027
444.8271,217.6631,4:08:09:610615,2060
444.8271,217.6631,4:08:09:614614,2079
444.8271,217.2549,4:08:09:618613,2086
444.8271,217.2549,4:08:09:622615,2096
445.565,217.2549,4:08:09:625617,2114
445.565,216.9052,4:08:09:630618,2133
446.3766,216.9052,4:08:09:634056,2157
446.8684,216.9052,4:08:09:638066,2183
447.4341,216.9052,4:08:09:643078,2220
448.0244,216.9052,4:08:09:646066,2265
448.6884,216.9052,4:08:09:651575,2323
449.3278,217.7796,4:08:09:654602,2385
450.0164,218.4792,4:08:09:658587,2438
450.705,219.4412,4:08:09:662585,2486
451.4675,220.6947,4:08:09:666583,2517
452.2053,222.2104,4:08:09:670585,2541
452.9923,224.0177,4:08:09:674606,2563
453.6809,226.0874,4:08:09:678616,2577
454.3449,228.2737,4:08:09:682590,2592
454.9598,230.5765,4:08:09:686594,2606
455.5009,232.9085,4:08:09:690212,2614
455.9189,235.2113,4:08:09:694182,2609
456.2386,237.3393,4:08:09:698293,2551
456.4354,239.4381,4:08:09:702182,2416
456.4846,241.362,4:08:09:706540,2174
456.5584,243.1402,4:08:09:710550,1821
456.5584,244.7142,4:08:09:714548,1359
456.5584,246.1718,4:08:09:718550,838
456.5584,247.396,4:08:09:722548,424
456.5584,248.4163,4:08:09:726551,0
455.7714,249.2325,4:08:09:730579,0
455.7714,249.8738,4:08:09:734587,0
455.2795,250.2819,4:08:09:738587,0
455.2795,250.4276,4:08:09:742590,0
454.8368,250.4276,4:08:09:746849,0
454.8368,250.4276,4:08:09:750857,0
454.8368,249.4948,4:08:09:753857,0
454.8368,248.8244,4:08:09:757870,0
454.8368,247.979,4:08:09:762546,0
454.8368,246.9296,4:08:09:766567,0
454.8368,245.8219,4:08:09:770599,0
455.6484,244.5685,4:08:09:774609,0
455.6484,243.1985,4:08:09:778610,0
456.3616,241.7701,4:08:09:781609,0
456.3616,240.2543,4:08:09:786607,0
457.0748,238.6802,4:08:09:790609,0
457.4684,237.1353,4:08:09:794615,0
457.8864,235.5903,4:08:09:797624,0
458.3045,234.0453,4:08:09:802595,0
458.698,232.617,4:08:09:805956,0
459.1653,231.2761,4:08:09:810544,0
459.608,230.1101,4:08:09:813966,0
460.0507,229.0316,4:08:09:818017,0
460.4442,228.0988,4:08:09:822018,0
460.8623,227.37,4:08:09:826018,0
461.2066,226.6996,4:08:09:830020,0
461.5509,226.1749,4:08:09:834048,0
461.7968,225.7959,4:08:09:838595,0
461.9444,225.5044,4:08:09:842605,0
462.0428,225.1837,4:08:09:846546,0
462.1166,224.9214,4:08:09:850557,1776
462.1166,224.7173,4:08:09:854555,1776
462.1166,224.5424,4:08:09:858571,1786
462.1166,224.4258,4:08:09:862600,1804
462.1166,224.3092,4:08:09:865609,1822
462.1166,224.1635,4:08:09:870704,1836
462.1166,224.1344,4:08:09:873717,1836
462.1166,224.1344,4:08:09:877817,1839
462.1166,224.1344,4:08:09:881715,1842
462.1166,224.1344,4:08:09:885714,1847
462.1166,224.1344,4:08:09:889714,1853
462.1166,224.1344,4:08:09:894600,1851
461.6985,224.8631,4:08:09:898149,1851
461.6985,224.8631,4:08:09:902406,1848
461.6985,224.8631,4:08:09:906334,1857
461.6985,224.8631,4:08:09:910415,1865
461.6985,225.3586,4:08:09:914336,1868
461.4525,225.3586,4:08:09:918334,1861
461.4525,225.3586,4:08:09:922334,1841
461.2312,225.3586,4:08:09:926550,1818
461.059,225.3586,4:08:09:930032,1796
460.8377,224.2801,4:08:09:934500,1784
460.5917,224.2801,4:08:09:938523,1773
460.3212,223.2598,4:08:09:942511,1769
460.0507,222.6185,4:08:09:946513,1768
459.7802,221.9772,4:08:09:950612,1767
459.5588,221.336,4:08:09:954154,1772
459.3621,220.6947,4:08:09:958576,1775
459.2391,220.1116,4:08:09:961582,1773
459.1653,219.5869,4:08:09:966554,1779
459.1161,219.0331,4:08:09:970353,1779
459.1161,218.625,4:08:09:974551,1774
459.1161,218.2752,4:08:09:978532,1776
459.1161,217.9837,4:08:09:982530,1778
459.8047,217.8088,4:08:09:986532,1785
459.8047,217.6339,4:08:09:990048,1797
460.4442,217.6339,4:08:09:993932,1812
460.9361,217.459,4:08:09:997932,1841
461.4034,217.459,4:08:10:001933,1878
461.8952,217.459,4:08:10:006610,1925
462.4609,217.459,4:08:10:010620,1986
462.9774,218.246,4:08:10:014551,2067
463.4938,218.246,4:08:10:018561,2162
464.0103,219.3537,4:08:10:022558,2273
464.5268,220.1408,4:08:10:026559,2392
465.0186,221.1319,4:08:10:030665,2501
465.4121,222.2104,4:08:10:034675,2618
465.7564,223.4056,4:08:10:038235,2738
466.027,224.7757,4:08:10:042264,2852
466.1991,226.2914,4:08:10:046509,2948
466.2975,227.8364,4:08:10:050517,3029
466.2975,229.5562,4:08:10:054544,3082
466.2975,231.2761,4:08:10:058555,3122
466.2975,233.0542,4:08:10:062553,3151
465.5351,234.9198,4:08:10:066555,3162
465.5351,236.7563,4:08:10:070553,3174
464.6743,238.5636,4:08:10:074565,3176
464.1086,240.3126,4:08:10:078600,3143
463.4938,242.0325,4:08:10:082611,3051
462.8544,243.7231,4:08:10:086546,2858
462.1657,245.3555,4:08:10:089769,2532
461.4771,246.9296,4:08:10:094440,2044
460.7393,248.5329,4:08:10:098376,1381
460.0261,249.9321,4:08:10:102347,776
459.2391,251.4187,4:08:10:106346,308
458.5259,252.8179,4:08:10:110536,0
457.8864,254.1588,4:08:10:114549,0
457.3208,255.354,4:08:10:118544,0
456.9273,256.3742,4:08:10:122557,0
456.6076,257.2779,4:08:10:126547,0
456.4846,257.9775,4:08:10:130554,0
456.4846,258.5897,4:08:10:134658,0
456.4846,259.0561,4:08:10:137659,0
457.3208,259.3184,4:08:10:142670,0
457.9848,259.4933,4:08:10:145680,0
458.7718,259.6682,4:08:10:150899,0
459.7802,259.8723,4:08:10:153909,0
460.8869,259.9597,4:08:10:157936,0
462.1166,260.0763,4:08:10:161909,0
463.3708,260.1929,4:08:10:165925,0
464.6989,260.2803,4:08:10:169909,0
466.0761,260.3387,4:08:10:174598,0
467.4288,260.3678,4:08:10:178975,0
468.6585,260.3678,4:08:10:182976,0
469.8882,260.3678,4:08:10:187578,0
471.0441,260.3678,4:08:10:189578,0
472.077,260.3678,4:08:10:194583,0
473.0362,259.639,4:08:10:198604,0
473.897,259.639,4:08:10:202590,0
474.6102,258.9103,4:08:10:205966,0
475.2496,258.9103,4:08:10:210030,0
475.8645,257.8609,4:08:10:213966,0
476.381,257.2779,4:08:10:217965,0
476.8482,256.6366,4:08:10:221966,0
477.3155,256.0536,4:08:10:226047,0
477.7582,255.4123,4:08:10:230061,0
478.2009,254.8002,4:08:10:234598,0
478.6682,254.188,4:08:10:238621,0
479.1846,253.605,4:08:10:241659,0
479.7257,253.0511,4:08:10:246659,0
480.2914,252.5264,4:08:10:250672,0
480.857,252.06,4:08:10:254666,0
481.4472,251.5354,4:08:10:258607,0
481.9883,251.0107,4:08:10:261617,0
482.5048,250.5734,4:08:10:266598,2142
482.9721,250.1362,4:08:10:269929,2158
483.4148,249.7572,4:08:10:274080,2206
483.7837,249.4366,4:08:10:278081,2281
484.1526,249.1742,4:08:10:282145,2363
484.4723,248.9118,4:08:10:286078,2431
484.792,248.8244,4:08:10:290543,2468
485.1117,248.8244,4:08:10:294107,2481
485.4068,248.8244,4:08:10:298571,2490
485.7758,248.8244,4:08:10:302568,2495
486.0709,249.7572,4:08:10:306568,2506
486.3414,249.7572,4:08:10:310569,2518
486.5381,251.0981,4:08:10:313956,2532
486.6611,251.9435,4:08:10:317967,2550
486.6611,252.9637,4:08:10:321969,2564
486.6611,254.1588,4:08:10:325966,2572
486.6611,255.4706,4:08:10:330646,2581
486.0709,256.8406,4:08:10:334654,2582
486.0709,258.269,4:08:10:338218,2578
485.0379,259.7556,4:08:10:342228,2570
484.3493,261.2423,4:08:10:346496,2542
483.5623,262.7581,4:08:10:350511,2506
482.7261,264.1281,4:08:10:354505,2461
481.7916,265.4107,4:08:10:358503,2397
480.7832,266.5768,4:08:10:362505,2334
479.8241,267.597,4:08:10:366505,2263
478.8157,268.4424,4:08:10:370550,2174
477.8812,269.2003,4:08:10:373991,2094
477.045,269.7541,4:08:10:378600,2019
476.2334,270.1913,4:08:10:382610,1964
475.5201,270.512,4:08:10:386011,1933
474.9299,270.716,4:08:10:389999,1921
474.3889,270.7744,4:08:10:393998,1921
473.9708,270.7744,4:08:10:397999,1917
473.6756,270.7744,4:08:10:402602,1914
473.4297,270.7744,4:08:10:406612,1910
473.2575,270.7744,4:08:10:409756,1903
473.1346,269.8707,4:08:10:413708,1923
473.11,269.8707,4:08:10:417707,1954
473.11,269.1419,4:08:10:421706,2014
473.11,269.1419,4:08:10:426550,2106
473.11,268.4424,4:08:10:430560,2203
473.11,268.4424,4:08:10:434543,2312
473.11,267.8885,4:08:10:438540,2406
473.11,267.8885,4:08:10:442540,2477
473.11,267.4513,4:08:10:446544,2524
473.6756,267.4513,4:08:10:450546,2565
473.6756,267.4513,4:08:10:454554,2613
474.0691,267.1889,4:08:10:458548,2674
474.0691,267.1889,4:08:10:462558,2752
474.7332,267.1889,4:08:10:466576,2840
475.1758,267.1889,4:08:10:470603,2931
475.6923,267.1889,4:08:10:474586,3032
476.3564,267.1889,4:08:10:478587,3176
477.1433,268.1217,4:08:10:482672,3326
477.9549,268.1217,4:08:10:486187,3448
478.8649,269.0836,4:08:10:489831,3541
479.7503,269.6667,4:08:10:493749,3571
480.734,270.4246,4:08:10:497751,3575
481.7178,271.2408,4:08:10:501751,3580
482.7507,272.1152,4:08:10:506597,3584
483.7591,273.0772,4:08:10:509785,3587
484.5952,274.1558,4:08:10:513854,3589
485.3823,275.2635,4:08:10:517864,3589
486.1201,276.4586,4:08:10:522863,3580
486.7841,277.5955,4:08:10:525864,3494
487.3252,278.7906,4:08:10:529864,3344
487.7187,279.9566,4:08:10:533863,3133
487.9646,281.1226,4:08:10:538162,2904
488.0876,282.2595,4:08:10:541892,2676
488.1613,283.3088,4:08:10:546556,2388
488.1613,284.2708,4:08:10:550568,2050
488.1613,285.1161,4:08:10:554542,1595
488.1613,285.8741,4:08:10:558552,1116
488.1613,286.5154,4:08:10:562549,656
487.4973,286.9526,4:08:10:566553,310
487.4973,287.2441,4:08:10:570550,0
487.4973,287.3315,4:08:10:574552,0
486.8579,287.3315,4:08:10:578593,0
486.8579,287.3315,4:08:10:581950,0
486.4398,287.3315,4:08:10:585977,0
486.4398,287.3315,4:08:10:589950,0
485.9233,286.3696,4:08:10:593964,0
485.6036,286.3696,4:08:10:599007,0
485.2839,285.5826,4:08:10:602087,0
484.8904,285.5826,4:08:10:606099,0
484.4477,284.7664,4:08:10:610216,0
483.9066,284.7664,4:08:10:614097,0
483.2918,283.8627,4:08:10:618601,0
482.6031,283.338,4:08:10:622611,0
481.8162,282.755,4:08:10:625869,0
480.98,282.1137,4:08:10:630881,0
480.0454,281.4724,4:08:10:633882,0
479.0125,280.7437,4:08:10:638043,0
477.8812,279.9566,4:08:10:642044,0
476.7498,279.1404,4:08:10:646043,0
475.5447,278.2659,4:08:10:650044,0
474.2413,277.3622,4:08:10:654598,0
472.9132,276.4003,4:08:10:658606,0
471.5114,275.4092,4:08:10:662542,0
470.0357,274.3598,4:08:10:666207,0
468.5847,273.2521,4:08:10:670241,0
467.0353,272.1444,4:08:10:674207,0
465.4121,271.0075,4:08:10:678561,0
463.7151,269.8707,4:08:10:681925,0
462.0428,268.7339,4:08:10:685906,0
460.2474,267.6844,4:08:10:689907,0
458.4029,266.635,4:08:10:694907,0
456.4846,265.6731,4:08:10:697907,0
454.6155,264.8278,4:08:10:703094,0
452.6726,264.0407,4:08:10:706097,0
450.6805,263.312,4:08:10:710094,0
448.7621,262.6707,4:08:10:714097,0
446.7455,262.0876,4:08:10:718111,0
444.7534,261.5046,4:08:10:722095,0
442.7121,260.9799,4:08:10:726600,0
440.6954,260.4553,4:08:10:729929,0
438.6295,259.9597,4:08:10:733931,0
436.5391,259.4059,4:08:10:737932,0
434.4978,258.9395,4:08:10:741931,0
432.4811,258.5022,4:08:10:745930,0
430.5628,258.0067,4:08:10:750630,0
428.7183,257.5403,4:08:10:753647,0
426.9967,257.0739,4:08:10:758638,0
425.4473,256.6657,4:08:10:761640,0
424.0454,256.2577,4:08:10:766640,0
422.8158,255.9662,4:08:10:770650,0
421.7828,255.7038,4:08:10:773640,0
420.9712,255.5289,4:08:10:778640,0
420.2826,255.4123,4:08:10:781786,0
419.7907,255.2957,4:08:10:785796,0
419.4218,255.2374,4:08:10:790591,0
419.2005,255.2374,4:08:10:794600,0
419.1021,255.2374,4:08:10:799244,0
419.0283,255.2083,4:08:10:802245,0
419.0037,255.1499,4:08:10:806244,0
419.0037,255.0916,4:08:10:810258,0
419.0037,254.9751,4:08:10:814317,1389
419.0037,254.8584,4:08:10:819008,1393
419.0037,254.8002,4:08:10:822311,1393
419.0037,254.7127,4:08:10:826799,1418
419.0037,254.567,4:08:10:829809,1480
419.6678,254.392,4:08:10:833809,1584
419.6678,254.1588,4:08:10:837809,1735
420.4055,253.9256,4:08:10:841809,1887
421.0696,253.6924,4:08:10:846811,2020
421.8074,253.3427,4:08:10:850610,2120
422.7912,253.022,4:08:10:853647,2190
423.9962,252.5556,4:08:10:858647,2253
425.4473,252.1475,4:08:10:861644,2315
427.0951,251.7103,4:08:10:866644,2377
429.0626,251.3022,4:08:10:870646,2438
431.1776,250.8358,4:08:10:874603,2483
433.5632,250.3402,4:08:10:877657,2514
436.1456,249.8155,4:08:10:882605,2530
438.9001,249.3199,4:08:10:886614,2536
441.8021,248.7952,4:08:10:890273,2538
444.8271,248.2414,4:08:10:894191,2543
447.9998,247.6584,4:08:10:898192,2548
451.2215,247.0754,4:08:10:902190,2553
454.6401,246.5215,4:08:10:906597,2555
458.2061,246.026,4:08:10:910607,2554
461.8706,245.5013,4:08:10:914607,2554
465.6089,244.9766,4:08:10:917606,2551
469.3471,244.5102,4:08:10:922605,2551
473.0854,244.0146,4:08:10:925605,2552
476.6761,243.5774,4:08:10:930545,2551
480.2176,243.1402,4:08:10:934552,2550
483.6115,242.7321,4:08:10:938552,2549
486.7595,242.3239,4:08:10:942559,2547
489.6616,241.9742,4:08:10:946555,2545
492.4161,241.6243,4:08:10:950553,2546
494.9,241.3037,4:08:10:954474,2550
497.1627,241.0414,4:08:10:958485,2548
499.2285,240.8082,4:08:10:962648,2550
500.9255,240.575,4:08:10:966654,2553
502.3028,240.4292,4:08:10:970552,2567
503.4586,240.2834,4:08:10:974574,2607
504.3686,240.1669,4:08:10:978548,2662
505.0081,240.0794,4:08:10:982558,2725
505.4261,240.0211,4:08:10:986558,2782
505.7705,239.9919,4:08:10:990559,2817
505.9918,239.9919,4:08:10:994606,2832
506.164,239.9919,4:08:10:997946,2839
506.3115,239.9919,4:08:11:002741,2847
506.4345,239.9919,4:08:11:005750,2856
506.5821,239.9919,4:08:11:009750,2870
506.7542,239.9919,4:08:11:013754,2882
506.9264,239.9919,4:08:11:017773,2887
507.1477,240.7207,4:08:11:021755,2895
507.3445,240.7207,4:08:11:025995,2898
507.5166,240.7207,4:08:11:030005,2902
507.6888,241.4203,4:08:11:034030,2909
507.8363,241.4203,4:08:11:038008,2910
507.9347,241.9158,4:08:11:042344,2918
507.9593,241.9158,4:08:11:046028,2924
507.9593,242.4114,4:08:11:050553,2930
507.9593,242.4114,4:08:11:054139,2941
507.9593,242.8778,4:08:11:058547,2948
507.9593,243.0818,4:08:11:062500,2961
507.2215,243.315,4:08:11:065838,2969
507.2215,243.5482,4:08:11:069838,2975
506.1886,243.7523,4:08:11:073935,2978
505.5491,243.9563,4:08:11:077838,2978
504.8605,244.1021,4:08:11:081837,2978
504.1227,244.1895,4:08:11:085839,2979
503.4341,244.277,4:08:11:090607,2984
502.7455,244.3062,4:08:11:093849,2987
502.0814,244.3062,4:08:11:097850,2991
501.5403,244.3062,4:08:11:101850,2994
501.0239,244.3062,4:08:11:105957,2998
500.655,244.3062,4:08:11:110852,3010
500.3352,244.3062,4:08:11:114551,3031
500.0893,243.4899,4:08:11:118562,3060
499.9171,243.4899,4:08:11:122559,3089
499.7696,242.9944,4:08:11:126562,3117
499.7696,242.9944,4:08:11:130561,3142
499.7696,242.3531,4:08:11:134563,3164
499.7696,242.3531,4:08:11:138548,3188
499.7696,241.6826,4:08:11:142557,3214
500.3844,241.6826,4:08:11:146558,3234
500.3844,241.0997,4:08:11:150556,3251
501.0977,240.8082,4:08:11:154559,3262
501.0977,240.4875,4:08:11:158557,3271
502.0076,240.2543,4:08:11:162543,3285
502.5241,240.0211,4:08:11:166522,3299
503.0652,239.8462,4:08:11:170653,3317
503.6308,239.6422,4:08:11:174650,3339
504.2211,239.5255,4:08:11:178596,3361
504.8359,239.4673,4:08:11:182606,3390
505.4261,239.4673,4:08:11:186037,3423
506.0656,239.4673,4:08:11:190933,3451
506.6559,239.4673,4:08:11:194921,3484
507.2707,239.4673,4:08:11:198921,3515
507.9347,240.1377,4:08:11:201971,3557
508.5496,240.1377,4:08:11:205921,3609
509.2136,240.9539,4:08:11:210604,3654
509.8776,241.5078,4:08:11:214603,3697
510.5171,242.2074,4:08:11:218604,3724
511.1811,243.0527,4:08:11:222617,3742
511.7713,244.0146,4:08:11:226585,3759
512.337,245.2098,4:08:11:230593,3778
512.7551,246.5215,4:08:11:234596,3791
513.0748,248.0082,4:08:11:238596,3808
513.2715,249.524,4:08:11:242601,3825
513.3453,251.1855,4:08:11:246598,3833
513.3453,252.9054,4:08:11:250666,3849
513.3453,254.5961,4:08:11:253672,3856
512.4846,256.3451,4:08:11:258533,3862
511.9435,257.9483,4:08:11:262544,3870
511.3041,259.4059,4:08:11:266588,3875
510.5663,260.7467,4:08:11:270598,3879
509.7547,262.0585,4:08:11:274585,3881
508.9677,263.0787,4:08:11:278592,3888
508.1807,263.9824,4:08:11:282609,3881
507.4428,264.6237,4:08:11:286625,3875
506.8034,265.1193,4:08:11:290609,3868
506.2378,265.4107,4:08:11:294609,3849
505.7459,265.5273,4:08:11:298594,3829
505.3524,265.5273,4:08:11:302604,3803
504.9343,265.5273,4:08:11:306605,3776
504.6146,265.5273,4:08:11:310605,3751
504.3686,264.3905,4:08:11:314276,3737
504.1473,264.3905,4:08:11:318240,3723
503.9259,263.1953,4:08:11:322240,3713
503.7784,262.4958,4:08:11:326239,3704
503.6554,261.7961,4:08:11:329894,3698
503.5816,261.0966,4:08:11:333904,3698
503.557,260.4261,4:08:11:338172,3692
503.557,259.7848,4:08:11:342692,3690
503.557,259.2018,4:08:11:345948,3682
503.557,258.5897,4:08:11:349956,3670
504.2703,258.0358,4:08:11:354084,3663
504.2703,257.4819,4:08:11:357955,3658
505.2786,256.9281,4:08:11:362540,3654
505.9918,256.4326,4:08:11:366551,3656
506.8034,255.937,4:08:11:370594,3656
507.8117,255.5289,4:08:11:374610,3656
508.9431,255.0916,4:08:11:378596,3655
510.1482,254.6835,4:08:11:382606,3654
511.427,254.2463,4:08:11:386619,3655
512.8289,253.8674,4:08:11:390606,3651
514.2061,253.4592,4:08:11:394606,3652
515.5834,253.0511,4:08:11:398606,3649
517.059,252.6139,4:08:11:402540,3647
518.5592,252.0892,4:08:11:406551,3643
520.0594,251.5645,4:08:11:410600,3638
521.4859,251.0398,4:08:11:414597,3639
522.8631,250.5443,4:08:11:418600,3636
524.1174,250.0487,4:08:11:422600,3635
525.3963,249.524,4:08:11:425711,3635
526.5276,249.0284,4:08:11:429723,3631
527.4868,248.5038,4:08:11:433998,3624
528.3229,247.979,4:08:11:438768,3614
528.987,247.4252,4:08:11:442584,3595
529.5526,246.9005,4:08:11:446587,3580
530.0199,246.3466,4:08:11:450584,3563
530.3642,245.7928,4:08:11:454598,3554
530.5856,245.2098,4:08:11:458642,3542
530.7577,244.5977,4:08:11:462648,3527
530.8561,244.0146,4:08:11:466737,3519
530.8561,243.4317,4:08:11:470052,3508
530.8561,242.8195,4:08:11:474163,3508
530.8561,242.2074,4:08:11:478052,3510
530.8561,241.5661,4:08:11:482057,3506
530.8561,240.983,4:08:11:486054,3505
530.1921,240.3418,4:08:11:490594,3503
530.1921,239.7587,4:08:11:494604,3498
530.1921,239.1758,4:08:11:498601,3499
529.5526,238.6219,4:08:11:502604,3513
529.5526,238.1263,4:08:11:506604,3553
529.5526,237.7182,4:08:11:510604,3616
529.0853,237.3393,4:08:11:514594,3692
529.0853,237.1061,4:08:11:518604,3773
529.0853,236.9021,4:08:11:521752,3833
528.7902,236.7563,4:08:11:525750,3874
528.7902,236.698,4:08:11:529842,3895
528.7902,236.6397,4:08:11:534753,3896
528.7902,236.6397,4:08:11:538592,3881
528.7902,236.6397,4:08:11:542603,3867
528.7902,236.6397,4:08:11:546566,3858
528.7902,236.6397,4:08:11:550577,3855
528.7902,237.281,4:08:11:554574,3863
528.6426,237.281,4:08:11:558576,3877
528.6426,238.2138,4:08:11:562574,3901
528.5688,238.8259,4:08:11:566575,3936
528.5197,239.5838,4:08:11:570788,3980
528.4213,240.4875,4:08:11:573798,4031
528.3229,241.5369,4:08:11:577857,4079
528.2,242.7321,4:08:11:581799,4113
528.077,244.0146,4:08:11:585816,4140
527.9294,245.5013,4:08:11:589798,4157
527.8065,247.1628,4:08:11:594509,4171
527.6097,248.9118,4:08:11:598530,4190
527.5114,250.8649,4:08:11:602558,4206
527.4622,253.022,4:08:11:606519,4218
527.3884,255.2666,4:08:11:610561,4225
527.3884,257.6277,4:08:11:614517,4230
527.3884,260.018,4:08:11:617397,4228
527.3884,262.35,4:08:11:621788,4228
527.3884,264.682,4:08:11:626808,4203
527.3884,266.8974,4:08:11:629819,4105
527.9786,268.9379,4:08:11:633818,3968
527.9786,270.8326,4:08:11:637819,3750
527.9786,272.4359,4:08:11:641821,3442
528.4213,273.8934,4:08:11:646845,3061
528.4213,275.0886,4:08:11:651512,2559
528.4213,276.0505,4:08:11:654512,1925
528.4213,276.8084,4:08:11:658515,1201
528.4213,277.3331,4:08:11:662512,619
528.4213,277.6246,4:08:11:666559,0
528.4213,277.712,4:08:11:670511,0
528.4213,277.712,4:08:11:674604,0
528.4213,277.712,4:08:11:677952,0
528.4213,276.9542,4:08:11:681954,0
528.4213,276.9542,4:08:11:685952,0
528.4213,275.8464,4:08:11:690984,0
528.4213,275.1469,4:08:11:694503,0
528.4213,274.3307,4:08:11:698501,0
528.4213,273.3979,4:08:11:702500,0
528.4213,272.4067,4:08:11:706518,0
528.4213,271.2699,4:08:11:710518,0
528.4213,269.9582,4:08:11:714602,0
529.0115,268.559,4:08:11:717615,0
529.0115,266.9557,4:08:11:721788,0
529.7248,265.265,4:08:11:725785,0
530.1429,263.4286,4:08:11:729783,0
530.5364,261.5046,4:08:11:733785,0
530.9791,259.5516,4:08:11:738687,0
531.3972,257.5694,4:08:11:742697,0
531.7661,255.6163,4:08:11:746673,0
532.1104,253.7216,4:08:11:750683,0
532.4301,251.9143,4:08:11:753766,0
532.6514,250.1653,4:08:11:757686,0
532.799,248.6203,4:08:11:762695,0
532.799,247.0754,4:08:11:765683,0
532.922,245.6762,4:08:11:770593,0
532.922,244.4519,4:08:11:773944,0
532.922,243.3734,4:08:11:778596,0
532.922,242.4114,4:08:11:781606,0
532.922,241.6243,4:08:11:786607,0
532.3563,240.9539,4:08:11:790607,0
532.3563,240.4292,4:08:11:794606,0
532.3563,240.0211,4:08:11:798606,0
531.6923,239.6713,4:08:11:802540,0
531.6923,239.4381,4:08:11:806566,0
531.3234,239.1174,4:08:11:810590,0
531.3234,238.7968,4:08:11:813600,1663
531.3234,238.4762,4:08:11:818538,1669
531.3234,238.0972,4:08:11:822549,1705
531.3234,237.6891,4:08:11:826540,1807
531.3234,237.1935,4:08:11:829820,1964
532.3809,236.698,4:08:11:834821,2148
533.1433,236.1733,4:08:11:837821,2334
534.1025,235.6486,4:08:11:842821,2470
535.283,235.1822,4:08:11:846821,2569
536.6602,234.6866,4:08:11:850611,2649
538.2342,234.2494,4:08:11:853648,2718
539.8574,233.8121,4:08:11:858540,2789
541.579,233.4041,4:08:11:862557,2859
543.3251,233.0251,4:08:11:866548,2935
544.9975,232.6461,4:08:11:870550,3008
546.6945,232.3255,4:08:11:874551,3086
548.3914,231.9757,4:08:11:878558,3168
550.0146,231.655,4:08:11:882593,3246
551.5394,231.2761,4:08:11:885606,3334
553.0151,230.9846,4:08:11:890256,3434
554.3431,230.664,4:08:11:894159,3547
555.5728,230.3433,4:08:11:898159,3671
556.7533,230.0226,4:08:11:902180,3788
557.7863,229.702,4:08:11:906537,3889
558.6962,229.3813,4:08:11:909690,3972
559.4832,229.0607,4:08:11:914690,4043
560.1227,228.7692,4:08:11:918699,4098
560.6637,228.5069,4:08:11:922690,4141
561.131,228.2445,4:08:11:926690,4166
561.5245,228.0113,4:08:11:930587,4176
561.8196,227.8364,4:08:11:934604,4179
562.0901,227.7198,4:08:11:938594,4179
562.2869,227.6032,4:08:11:942596,4177
562.4099,227.5449,4:08:11:946595,4174
562.459,227.5157,4:08:11:950596,4173
562.5082,227.5157,4:08:11:954605,4162
562.5328,227.5157,4:08:11:957635,4132
562.5574,227.5157,4:08:11:962593,4062
562.5574,227.5157,4:08:11:965603,3943
562.5574,227.5157,4:08:11:970591,3763
562.5574,227.5157,4:08:11:974599,3527
562.5574,227.5157,4:08:11:978590,3245
562.5574,227.5157,4:08:11:982600,2927
562.5574,227.5157,4:08:11:986600,2549
562.5574,227.5157,4:08:11:990598,2044
561.9918,227.5157,4:08:11:994833,1421
561.9918,227.5157,4:08:11:997844,816
561.4016,228.0696,4:08:12:002682,339
560.9589,228.0696,4:08:12:005682,0
560.467,228.0696,4:08:12:010681,0
559.8521,228.0696,4:08:12:013682,0
559.1635,228.0696,4:08:12:017726,0
558.3765,228.0696,4:08:12:021916,0
557.4911,228.0696,4:08:12:025743,0
556.4828,227.3992,4:08:12:029778,0
555.4498,227.3992,4:08:12:033756,0
554.3185,226.4955,4:08:12:037753,0
553.1381,225.9417,4:08:12:042538,0
551.81,225.2712,4:08:12:045822,0
550.4081,224.4258,4:08:12:049822,0
549.0063,223.5805,4:08:12:053822,0
547.5798,222.5311,4:08:12:058548,0
546.0059,221.5108,4:08:12:061839,0
544.4564,220.2865,4:08:12:066689,0
542.9808,218.7416,4:08:12:069699,0
542.9808,218.7416,4:08:12:088024,0
