465.8794,228.332,4:12:18:749149,0
465.1662,228.332,4:12:18:751149,0
464.4776,228.332,4:12:18:755148,0
463.7643,227.4283,4:12:18:759888,0
462.9774,227.4283,4:12:18:763680,0
462.0182,226.5829,4:12:18:767197,0
461.1328,226.5829,4:12:18:771198,0
460.149,225.3586,4:12:18:775197,0
459.2145,224.6882,4:12:18:779197,0
459.2145,224.1635,4:12:18:783206,0
458.7964,223.6971,4:12:18:787216,0
458.7964,223.0558,4:12:18:791888,0
458.4521,222.3853,4:12:18:794901,0
458.4521,221.6857,4:12:18:799836,0
458.4521,221.0153,4:12:18:803843,0
458.4521,220.2865,4:12:18:807843,0
458.4521,219.6161,4:12:18:811843,0
458.4521,218.9165,4:12:18:815889,0
458.4521,218.0712,4:12:18:819316,0
457.8618,217.2549,4:12:18:823681,0
457.8618,216.3513,4:12:18:827691,0
457.8618,215.4476,4:12:18:831690,0
457.1978,214.4274,4:12:18:835689,0
457.1978,213.4363,4:12:18:839699,0
456.7059,212.2995,4:12:18:843888,0
456.7059,211.1335,4:12:18:847836,0
456.7059,209.9675,4:12:18:851845,0
456.3862,208.8015,4:12:18:855844,0
456.3862,207.6646,4:12:18:859845,0
456.0419,206.5278,4:12:18:863875,0
456.0419,205.3909,4:12:18:867883,0
455.7714,204.2832,4:12:18:872238,0
455.7714,203.1755,4:12:18:875239,0
455.4517,202.0678,4:12:18:879241,0
455.1565,201.0475,4:12:18:883239,0
454.6892,200.0273,4:12:18:887239,0
454.0498,199.0362,4:12:18:891239,0
453.5334,198.1617,4:12:18:895843,0
452.7217,197.258,4:12:18:899883,0
451.7134,196.4418,4:12:18:903893,0
450.5329,195.6548,4:12:18:907893,0
449.2786,194.9261,4:12:18:911894,0
447.9998,194.2556,4:12:18:916139,0
446.7209,193.6434,4:12:18:919161,0
445.3682,193.1187,4:12:18:923150,0
443.868,192.5941,4:12:18:927150,0
442.3186,192.1568,4:12:18:931736,0
440.72,191.7195,4:12:18:935745,0
439.0476,191.3114,4:12:18:939747,0
437.3752,190.9325,4:12:18:943746,0
435.5553,190.5827,4:12:18:947751,0
433.6862,190.2621,4:12:18:951761,0
431.7187,189.8831,4:12:18:955759,0
429.7512,189.5625,4:12:18:959793,0
427.6607,189.2126,4:12:18:963804,0
425.6194,188.892,4:12:18:967804,0
423.6028,188.5714,4:12:18:971815,0
421.5615,188.2215,4:12:18:975803,0
419.5694,187.8134,4:12:18:979736,0
417.6265,187.4637,4:12:18:983745,0
415.7328,187.0555,4:12:18:987736,0
413.8882,186.7057,4:12:18:991836,0
412.1667,186.2977,4:12:18:995847,0
410.4697,185.8895,4:12:18:999866,0
408.8219,185.4814,4:12:19:003847,0
407.2971,185.1608,4:12:19:007864,0
405.7231,184.7818,4:12:19:011853,0
404.2721,184.4029,4:12:19:015846,0
402.7719,184.1114,4:12:19:019850,0
401.2716,183.8199,4:12:19:023748,0
399.8206,183.5284,4:12:19:028231,0
398.3942,183.2661,4:12:19:031241,0
397.0907,183.0912,4:12:19:035244,0
395.7872,182.858,4:12:19:039241,0
394.6313,182.7997,4:12:19:043914,0
393.623,182.7122,4:12:19:047924,0
392.836,182.5956,4:12:19:050924,0
392.2949,182.5665,4:12:19:054925,0
391.9506,182.5665,4:12:19:060100,0
391.8522,182.5665,4:12:19:063113,0
391.8522,182.5665,4:12:19:067110,0
391.8522,182.5665,4:12:19:072108,0
391.8522,182.5665,4:12:19:075110,0
392.8114,182.5665,4:12:19:079760,0
392.8114,182.5665,4:12:19:083128,0
393.7951,182.5665,4:12:19:087128,0
394.3854,182.5665,4:12:19:091748,0
395.0248,182.5665,4:12:19:095804,0
395.7626,183.0329,4:12:19:099798,0
396.5496,183.0329,4:12:19:103803,0
397.3858,183.0329,4:12:19:107749,0
398.2958,183.0329,4:12:19:111801,0
399.2303,183.0329,4:12:19:115266,0
400.2141,183.0329,4:12:19:119266,0
401.1978,183.2952,4:12:19:123280,0
402.1816,183.2952,4:12:19:127266,0
403.1407,183.2952,4:12:19:131870,0
404.0999,183.5284,4:12:19:135878,0
405.0345,183.5284,4:12:19:139881,0
405.9444,183.6741,4:12:19:143880,0
406.8052,183.7616,4:12:19:147345,0
407.543,183.8199,4:12:19:151348,0
408.2563,183.9073,4:12:19:155358,0
408.8957,183.9365,4:12:19:159348,0
409.4859,183.9365,4:12:19:163349,0
409.9778,183.9657,4:12:19:167759,0
410.4697,183.9657,4:12:19:172128,0
410.8878,183.9657,4:12:19:176138,0
411.2813,183.9657,4:12:19:180138,0
411.6256,183.9657,4:12:19:184138,0
411.9699,183.9657,4:12:19:187138,0
412.265,183.9657,4:12:19:191761,0
412.5356,183.9657,4:12:19:195812,0
412.7569,183.9657,4:12:19:199794,0
412.9782,183.9657,4:12:19:203807,0
413.1996,183.9657,4:12:19:207809,0
413.3963,183.9657,4:12:19:212350,0
413.6423,183.9657,4:12:19:215363,0
413.8144,183.9657,4:12:19:219759,0
413.9866,183.9657,4:12:19:223941,0
414.2079,183.9657,4:12:19:227964,0
414.3801,183.9657,4:12:19:230953,0
414.6014,183.9657,4:12:19:235953,0
414.8474,183.9657,4:12:19:238952,0
415.0933,183.9657,4:12:19:244130,0
415.3884,183.9657,4:12:19:247140,0
415.659,183.9657,4:12:19:251137,0
415.9787,183.9657,4:12:19:256138,0
416.323,183.9657,4:12:19:259141,0
416.6673,183.9657,4:12:19:263149,0
417.0116,183.9657,4:12:19:267140,0
417.3805,183.9657,4:12:19:271748,0
417.7986,183.9657,4:12:19:275780,0
418.1921,183.9657,4:12:19:279749,0
418.6348,183.9657,4:12:19:283292,0
419.1267,183.9657,4:12:19:287292,0
419.594,183.3535,4:12:19:291292,0
420.0612,183.3535,4:12:19:295748,0
420.5285,183.3535,4:12:19:299803,0
420.9958,182.8871,4:12:19:304151,0
421.4631,182.8871,4:12:19:307667,0
421.9058,182.479,4:12:19:311699,0
422.2501,182.479,4:12:19:315667,0
422.5452,181.9252,4:12:19:319667,0
422.7912,181.6337,4:12:19:323670,0
423.0125,181.3421,4:12:19:327667,945
423.1601,181.0798,4:12:19:331749,953
423.2339,180.7883,4:12:19:335684,994
423.2584,180.526,4:12:19:339682,1087
423.283,180.2928,4:12:19:343969,1223
423.283,180.0596,4:12:19:347979,1376
423.283,179.8555,4:12:19:350980,1530
423.283,179.6806,4:12:19:355977,1655
423.283,179.4474,4:12:19:358979,1748
423.283,179.2725,4:12:19:362978,1833
423.283,179.0393,4:12:19:367232,1909
423.283,178.8644,4:12:19:371243,1983
423.283,178.6312,4:12:19:375243,2056
422.7912,178.4854,4:12:19:379332,2118
422.7912,178.3105,4:12:19:383243,2155
422.7912,178.0482,4:12:19:387878,2194
422.2747,177.8733,4:12:19:391233,2238
422.2747,177.6401,4:12:19:395438,2285
421.7582,177.4944,4:12:19:399372,2342
421.4139,177.3194,4:12:19:403372,2388
420.9958,177.2029,4:12:19:407375,2422
420.5039,177.0862,4:12:19:411827,2447
419.9383,177.0571,4:12:19:415741,2462
419.2251,177.0571,4:12:19:419879,2471
418.4135,177.0571,4:12:19:423400,2484
417.4543,177.0571,4:12:19:427399,2502
416.3722,177.0571,4:12:19:431398,2535
415.2163,177.0571,4:12:19:435400,2577
413.9374,178.0482,4:12:19:439398,2615
412.6585,178.0482,4:12:19:443408,2660
411.3551,178.8644,4:12:19:447407,2695
410.1008,178.8644,4:12:19:452060,2720
408.9695,179.8264,4:12:19:455063,2743
407.9611,180.4385,4:12:19:459999,2753
407.0757,181.1089,4:12:19:464023,2755
406.3871,181.896,4:12:19:468011,2755
405.8953,182.6248,4:12:19:472015,2759
405.5755,183.4409,4:12:19:475012,2762
405.4526,184.3446,4:12:19:479012,2768
405.4526,185.2774,4:12:19:483884,2771
405.4526,186.1519,4:12:19:487894,2770
406.2888,186.9681,4:12:19:492095,2775
406.9528,187.6677,4:12:19:496106,2776
407.789,188.2507,4:12:19:499884,2776
408.7235,188.7462,4:12:19:503897,2774
409.8303,189.1252,4:12:19:507894,2766
410.937,189.3293,4:12:19:511895,2757
412.0929,189.4458,4:12:19:515892,2751
413.2242,189.4458,4:12:19:519895,2744
414.3309,189.4458,4:12:19:523602,2738
415.3638,189.4458,4:12:19:527603,2734
416.2246,188.6588,4:12:19:531600,2734
417.0362,188.6588,4:12:19:535600,2732
417.7249,187.6385,4:12:19:539602,2732
418.3151,186.9973,4:12:19:543612,2735
418.8316,186.2685,4:12:19:547485,2731
419.2497,185.4231,4:12:19:551484,2729
419.5694,184.4612,4:12:19:555503,2730
419.8399,183.5576,4:12:19:559485,2726
420.1104,182.5956,4:12:19:563484,2732
420.3072,181.5753,4:12:19:567485,2734
420.5039,180.526,4:12:19:571484,2731
420.6515,179.4474,4:12:19:575487,2726
420.7991,178.3689,4:12:19:579489,2716
420.9712,177.3486,4:12:19:583486,2715
421.0942,176.4158,4:12:19:587866,2713
421.2172,175.4247,4:12:19:591879,2714
421.3401,174.4919,4:12:19:595521,2715
421.4631,173.6174,4:12:19:599396,2717
421.5615,172.8595,4:12:19:603396,2745
421.6353,172.2473,4:12:19:607397,2796
421.6844,171.6935,4:12:19:611817,2872
421.6844,171.2271,4:12:19:615407,2960
421.6844,170.9064,4:12:19:619758,3044
421.6844,170.6149,4:12:19:623758,3121
421.6844,170.4109,4:12:19:627758,3174
421.6844,170.3235,4:12:19:631783,3207
421.6844,170.236,4:12:19:635761,3216
421.6844,170.2068,4:12:19:639778,3200
421.6844,170.2068,4:12:19:644064,3184
421.6844,170.2068,4:12:19:648064,3170
421.6844,170.2068,4:12:19:651063,3162
421.6844,170.2068,4:12:19:655063,3162
421.6844,171.1105,4:12:19:659063,3163
421.6844,171.1105,4:12:19:664072,3163
421.2909,172.2473,4:12:19:668063,3169
421.2909,173.0052,4:12:19:672064,3170
421.2909,173.9089,4:12:19:675065,3169
421.2909,174.9292,4:12:19:680065,3174
420.9466,176.0952,4:12:19:683063,3181
420.9466,177.2612,4:12:19:688064,3192
420.9466,178.5729,4:12:19:691066,3204
420.9466,179.9721,4:12:19:695064,3214
420.9466,181.3713,4:12:19:699640,3215
420.9466,182.7997,4:12:19:703649,3217
420.9466,184.1989,4:12:19:707651,3219
420.9466,185.5106,4:12:19:711649,3216
420.9466,186.8223,4:12:19:715696,3211
420.9466,188.0175,4:12:19:719705,3202
420.9466,189.0378,4:12:19:723656,3185
420.9466,189.8831,4:12:19:727660,3156
420.9466,190.5827,4:12:19:731660,3127
420.9466,191.1949,4:12:19:735660,3093
420.9466,191.6321,4:12:19:739660,3054
420.9466,192.011,4:12:19:743665,3024
420.9466,192.1859,4:12:19:747312,3002
420.9466,192.3317,4:12:19:751320,2989
420.9466,192.3609,4:12:19:756343,2986
420.9466,192.3609,4:12:19:761321,2990
420.9466,192.3609,4:12:19:764324,2987
420.9466,192.3609,4:12:19:767323,2987
421.5615,191.4863,4:12:19:771322,2993
421.5615,191.4863,4:12:19:778322,2989
422.0287,190.4078,4:12:19:780337,2991
422.0287,189.679,4:12:19:783322,2989
422.7174,188.8629,4:12:19:787750,2983
423.1601,187.9301,4:12:19:791776,2981
423.5782,186.9681,4:12:19:795760,2978
424.0454,185.977,4:12:19:799780,2974
424.5373,184.9568,4:12:19:803976,2974
425.0784,183.9657,4:12:19:807987,2978
425.5703,183.0912,4:12:19:810991,2984
426.0867,182.3041,4:12:19:815996,2989
426.554,181.6337,4:12:19:818996,2992
427.0459,181.0798,4:12:19:822996,2995
427.5132,180.6425,4:12:19:826996,2997
427.9312,180.2636,4:12:19:831996,3003
428.3739,179.9721,4:12:19:835135,3015
428.792,179.7389,4:12:19:840171,3024
429.2101,179.5932,4:12:19:843145,3037
429.6282,179.4182,4:12:19:847149,3048
430.0709,179.3308,4:12:19:851145,3056
430.5136,179.3017,4:12:19:856161,3063
430.9809,179.3017,4:12:19:860153,3068
431.4482,179.3017,4:12:19:863163,3090
431.8662,179.3017,4:12:19:868146,3116
432.3335,179.3017,4:12:19:871148,3149
432.7762,180.351,4:12:19:876151,3189
433.2435,180.9341,4:12:19:880144,3212
433.6616,181.6628,4:12:19:883145,3239
434.0551,182.5373,4:12:19:887147,3258
434.3994,183.5284,4:12:19:891976,3267
434.7437,184.5486,4:12:19:894987,3277
435.0634,185.7438,4:12:19:899031,3279
435.2848,186.9681,4:12:19:903039,3289
435.5061,188.2215,4:12:19:907048,3297
435.6291,189.4167,4:12:19:911039,3304
435.7521,190.5827,4:12:19:915985,3316
435.7521,191.6613,4:12:19:918995,3317
435.7521,192.7398,4:12:19:922994,3308
435.7521,193.7892,4:12:19:927009,3272
435.7521,194.7511,4:12:19:931994,3183
435.1126,195.6257,4:12:19:936025,3031
435.1126,196.4418,4:12:19:939574,2804
434.3502,197.1998,4:12:19:943554,2477
433.8091,197.8994,4:12:19:948019,2003
433.2435,198.4823,4:12:19:951026,1397
432.6287,198.9487,4:12:19:955079,806
431.94,199.4151,4:12:19:959078,341
431.1776,199.8232,4:12:19:964080,0
430.4152,200.1147,4:12:19:968083,0
429.6282,200.3771,4:12:19:971886,0
428.8412,200.5228,4:12:19:974896,0
428.0542,200.6395,4:12:19:979877,0
427.2918,200.6978,4:12:19:983396,0
426.554,200.7852,4:12:19:987396,0
425.9146,200.8143,4:12:19:991393,0
425.2751,200.8435,4:12:19:995392,0
424.6849,200.8435,4:12:19:999393,0
424.1192,200.9018,4:12:20:003825,0
423.6519,200.9601,4:12:20:007054,0
423.2584,200.9892,4:12:20:011826,0
422.8158,201.0475,4:12:20:015447,0
422.3485,201.1059,4:12:20:019835,0
421.9058,201.1933,4:12:20:023843,0
421.4631,201.2516,4:12:20:027845,0
421.0696,201.3682,4:12:20:031846,0
420.6269,201.4556,4:12:20:036014,0
420.1596,201.5139,4:12:20:039027,0
419.7169,201.6014,4:12:20:043024,0
419.2989,201.6597,4:12:20:047029,0
418.8807,201.6888,4:12:20:051025,0
418.4872,201.7471,4:12:20:055883,0
418.0938,201.7763,4:12:20:058893,0
417.7003,201.7763,4:12:20:063894,0
417.3805,201.7763,4:12:20:067894,0
417.1346,201.7763,4:12:20:071882,0
416.8395,201.7763,4:12:20:075903,0
416.6673,201.7763,4:12:20:079890,0
416.5197,201.7763,4:12:20:083893,0
416.4214,201.7763,4:12:20:087908,0
416.323,201.7763,4:12:20:091891,0
416.323,201.7763,4:12:20:095900,0
416.323,201.7763,4:12:20:099904,0
416.323,201.2516,4:12:20:103906,0
416.323,201.2516,4:12:20:107884,0
416.323,201.2516,4:12:20:110894,0
416.9132,201.2516,4:12:20:115838,0
416.9132,201.2516,4:12:20:118980,0
417.4789,200.9601,4:12:20:123012,0
417.4789,200.9601,4:12:20:127009,0
418.0692,200.9601,4:12:20:131009,0
418.0692,200.9601,4:12:20:135009,0
418.684,200.7852,4:12:20:139882,0
418.684,200.7852,4:12:20:142892,667
419.2989,200.6395,4:12:20:147883,686
419.5694,200.552,4:12:20:151893,730
419.9137,200.4937,4:12:20:155895,815
420.2826,200.3771,4:12:20:158893,945
420.6515,200.2605,4:12:20:164206,1085
421.0942,200.1147,4:12:20:167216,1228
421.4631,199.969,4:12:20:171291,1367
421.955,199.8524,4:12:20:175219,1486
422.3731,199.7066,4:12:20:179286,1606
422.8158,199.5609,4:12:20:184216,1735
423.2339,199.4443,4:12:20:187891,1850
423.6028,199.3277,4:12:20:191901,1969
423.9225,199.2111,4:12:20:195831,2086
424.1684,199.0654,4:12:20:199327,2201
424.3897,198.9487,4:12:20:203942,2323
424.5373,198.8613,4:12:20:206948,2446
424.6357,198.7738,4:12:20:211921,2576
424.6849,198.7155,4:12:20:214938,2716
424.6849,198.6281,4:12:20:219922,2854
424.7341,198.599,4:12:20:222923,2965
424.7341,198.5115,4:12:20:227881,3043
424.7341,198.4823,4:12:20:231892,3085
424.7341,198.4532,4:12:20:235015,3099
424.7341,198.3949,4:12:20:239028,3107
424.7341,198.3658,4:12:20:243831,3113
424.7341,198.3366,4:12:20:247842,3107
423.8733,198.3366,4:12:20:251840,3104
423.8733,198.3366,4:12:20:255842,3103
422.8403,198.3366,4:12:20:259842,3100
422.1271,198.3366,4:12:20:263841,3104
421.2664,199.007,4:12:20:267852,3109
420.3072,199.007,4:12:20:271857,3123
419.3234,199.6775,4:12:20:275856,3153
418.2167,199.6775,4:12:20:279856,3204
417.0362,200.5811,4:12:20:283880,3273
415.8557,201.1059,4:12:20:287891,3350
414.6752,201.6597,4:12:20:291884,3425
413.4701,202.2719,4:12:20:294894,3486
412.388,202.884,4:12:20:299895,3532
411.3797,203.467,4:12:20:302897,3559
410.5189,204.0791,4:12:20:307908,3576
409.7565,204.6622,4:12:20:311895,3589
409.1416,205.216,4:12:20:315893,3597
408.6989,205.7407,4:12:20:320893,3607
408.3792,206.2654,4:12:20:323896,3614
408.2563,206.7318,4:12:20:327894,3623
408.2563,207.1691,4:12:20:331893,3635
408.2563,207.6355,4:12:20:335895,3649
408.2563,207.9852,4:12:20:338913,3666
409.3138,208.3351,4:12:20:343935,3674
410.0516,208.6266,4:12:20:347947,3678
410.9124,208.8598,4:12:20:350944,3680
411.9699,209.0347,4:12:20:355946,3673
413.1996,209.1512,4:12:20:358946,3657
414.5031,209.2095,4:12:20:363945,3643
415.8803,209.2679,4:12:20:367713,3629
417.3559,209.2679,4:12:20:371750,3620
418.7824,209.2679,4:12:20:375881,3600
420.1596,209.2679,4:12:20:378894,3577
421.4631,209.2679,4:12:20:383878,3551
422.7666,209.2679,4:12:20:387887,3522
423.9471,209.2679,4:12:20:391887,3476
425.0784,208.714,4:12:20:394923,3425
426.0867,208.714,4:12:20:400029,3376
426.9721,208.714,4:12:20:403039,3318
427.7591,208.2184,4:12:20:407083,3289
428.4723,208.2184,4:12:20:411039,3255
429.0872,208.2184,4:12:20:415140,3203
429.6282,207.7229,4:12:20:419057,3145
430.0955,207.7229,4:12:20:423908,3067
430.4644,207.4023,4:12:20:426909,2980
430.7595,207.4023,4:12:20:431253,2889
431.0055,207.1107,4:12:20:435179,2778
431.153,207.1107,4:12:20:440180,2646
431.276,206.8775,4:12:20:443181,2471
431.3498,206.761,4:12:20:447869,2223
431.3744,206.6735,4:12:20:451388,1896
431.3744,206.586,4:12:20:455385,1499
431.3744,206.4695,4:12:20:459386,1046
431.3744,206.3528,4:12:20:463385,606
431.3744,206.2071,4:12:20:467388,284
431.3744,206.0614,4:12:20:471878,0
431.3744,205.8573,4:12:20:475393,0
431.3744,205.6241,4:12:20:479875,0
431.3744,205.3909,4:12:20:483239,0
431.3744,205.1577,4:12:20:487874,0
431.3744,204.8371,4:12:20:491885,0
431.3744,204.5455,4:12:20:495884,0
431.3744,204.2249,4:12:20:498884,0
431.3744,203.9334,4:12:20:503881,0
431.94,203.5544,4:12:20:507238,0
431.94,203.2338,4:12:20:511874,0
432.7762,202.8257,4:12:20:515218,0
433.3173,202.4176,4:12:20:519411,0
433.9075,202.0095,4:12:20:523306,0
434.5224,201.5431,4:12:20:527305,0
435.1618,201.1059,4:12:20:531304,0
435.8012,200.6395,4:12:20:535878,0
436.4899,200.173,4:12:20:539231,0
437.2523,199.7066,4:12:20:543676,0
437.9655,199.1819,4:12:20:547676,0
438.6541,198.6572,4:12:20:551738,0
439.3427,198.1617,4:12:20:555691,0
440.0068,197.6078,4:12:20:559727,0
440.6462,197.0248,4:12:20:563789,0
441.2119,196.4418,4:12:20:567783,0
441.7529,195.8589,4:12:20:571828,0
442.2202,195.2175,4:12:20:574836,0
442.6629,194.6346,4:12:20:579836,0
443.0564,193.9641,4:12:20:583839,0
443.4253,193.3228,4:12:20:587836,0
443.745,192.6815,4:12:20:591849,0
444.0648,192.011,4:12:20:595555,0
444.3599,191.3114,4:12:20:599224,0
444.655,190.5827,4:12:20:603848,0
444.9255,189.8831,4:12:20:607866,0
445.1715,189.1543,4:12:20:611860,0
445.442,188.4256,4:12:20:615861,0
445.6388,187.6385,4:12:20:619861,0
445.8601,186.8806,4:12:20:623865,0
446.0569,186.0936,4:12:20:627880,0
446.2536,185.3065,4:12:20:630890,0
446.4258,184.5486,4:12:20:635880,0
446.5487,183.8199,4:12:20:638893,0
446.6471,183.1203,4:12:20:643890,0
446.7701,182.4498,4:12:20:646890,0
446.8684,181.896,4:12:20:651891,0
446.9422,181.3713,4:12:20:655911,0
446.9914,180.9341,4:12:20:659881,0
447.016,180.4385,4:12:20:662894,0
447.0652,180.0596,4:12:20:667031,0
447.0652,179.6514,4:12:20:671029,0
447.0898,179.2725,4:12:20:675030,0
447.0898,178.8644,4:12:20:679032,0
447.0898,178.4563,4:12:20:683888,0
447.0898,178.0482,4:12:20:686898,0
447.0898,177.5526,4:12:20:691830,0
447.0898,177.1154,4:12:20:695144,0
447.0898,176.6781,4:12:20:699078,1222
447.0898,176.1826,4:12:20:703101,1310
447.0898,175.7162,4:12:20:707871,1473
447.0898,175.2789,4:12:20:711878,1701
446.5241,174.7834,4:12:20:715263,1959
446.5241,174.2587,4:12:20:720264,2166
446.5241,173.8214,4:12:20:723266,2346
446.5241,173.4133,4:12:20:727266,2486
446.5241,173.0052,4:12:20:731882,2636
446.5241,172.5972,4:12:20:734892,2771
446.5241,172.2473,4:12:20:739942,2902
446.5241,171.8684,4:12:20:743942,3047
446.5241,171.4895,4:12:20:747941,3184
446.5241,171.198,4:12:20:751947,3334
446.5241,170.9356,4:12:20:756121,3473
446.5241,170.7024,4:12:20:759157,3604
446.5241,170.4984,4:12:20:763249,3729
446.5241,170.3817,4:12:20:768130,3831
446.5241,170.2652,4:12:20:771177,3909
446.5241,170.2652,4:12:20:775132,3953
446.5241,170.2652,4:12:20:779136,3964
446.5241,170.2652,4:12:20:784141,3961
446.5241,170.2652,4:12:20:787141,3952
445.9339,170.2652,4:12:20:791142,3946
445.9339,170.2652,4:12:20:795154,3950
445.9339,171.0522,4:12:20:799169,3952
445.2452,171.0522,4:12:20:803882,3954
444.8763,171.9267,4:12:20:806894,3959
444.4828,172.4805,4:12:20:812034,3960
444.0894,173.2093,4:12:20:815046,3970
443.6713,173.9672,4:12:20:819695,3975
443.3023,174.7834,4:12:20:823617,3981
443.0072,175.7162,4:12:20:827616,3987
442.7121,176.6781,4:12:20:831616,3993
442.5154,177.6401,4:12:20:835615,4006
442.5154,178.7186,4:12:20:839616,4014
442.3924,179.8555,4:12:20:844105,4028
442.3924,181.0215,4:12:20:848115,4036
442.3924,182.1875,4:12:20:852115,4043
442.3924,183.4118,4:12:20:856113,4047
443.3023,184.5486,4:12:20:859114,4043
443.3023,185.7146,4:12:20:863115,4041
444.4091,186.8223,4:12:20:867205,4032
445.0485,187.8134,4:12:20:872221,4017
445.7863,188.7171,4:12:20:875880,4001
446.5487,189.4167,4:12:20:879219,3971
447.3357,189.9997,4:12:20:883877,3934
448.1719,190.437,4:12:20:887887,3887
448.9835,190.6993,4:12:20:891896,3826
449.8443,190.9034,4:12:20:895888,3761
450.6805,190.9034,4:12:20:899896,3691
451.4921,190.9034,4:12:20:903887,3630
452.3036,190.9034,4:12:20:907887,3581
453.1153,190.9034,4:12:20:911887,3548
453.8285,190.0289,4:12:20:915822,3530
454.4187,190.0289,4:12:20:919834,3518
455.009,189.1252,4:12:20:923830,3515
455.5255,188.5714,4:12:20:927838,3511
455.9681,187.9301,4:12:20:931831,3507
456.3862,187.2596,4:12:20:935833,3507
456.7305,186.5309,4:12:20:939576,3503
456.9765,185.6855,4:12:20:943573,3500
457.2962,184.7818,4:12:20:947360,3494
457.6405,183.849,4:12:20:951371,3478
457.8864,183.0037,4:12:20:955369,3457
458.1324,182.1584,4:12:20:959370,3441
458.3537,181.3421,4:12:20:963443,3425
458.5505,180.526,4:12:20:967454,3418
458.698,179.7972,4:12:20:971825,3417
458.8702,179.0976,4:12:20:975832,3412
458.9194,178.4563,4:12:20:979832,3413
459.0178,177.9025,4:12:20:983837,3414
459.0424,177.3194,4:12:20:987902,3417
459.0915,176.7365,4:12:20:991924,3420
459.0915,176.2409,4:12:20:995875,3437
459.0915,175.7745,4:12:20:999888,3455
459.0915,175.4247,4:12:21:003885,3485
459.0915,175.1332,4:12:21:007886,3531
459.0915,174.8708,4:12:21:011885,3575
459.0915,174.7251,4:12:21:014885,3628
459.0915,174.5793,4:12:21:019819,3675
459.0915,174.4919,4:12:21:023831,3702
459.0915,174.4628,4:12:21:027826,3712
459.0915,174.4044,4:12:21:031827,3709
459.0915,174.4044,4:12:21:035829,3695
459.0915,174.4044,4:12:21:039834,3683
459.0915,174.4044,4:12:21:043824,3671
459.0915,174.4044,4:12:21:047849,3663
459.0915,174.4044,4:12:21:051873,3660
459.0915,174.4044,4:12:21:055395,3660
459.0915,175.2789,4:12:21:059721,3667
459.0915,175.2789,4:12:21:063703,3677
459.0915,176.1534,4:12:21:067700,3685
459.0915,176.7948,4:12:21:071705,3689
459.0915,177.4944,4:12:21:075376,3696
459.0915,178.2231,4:12:21:079389,3702
459.0915,179.1268,4:12:21:083879,3709
459.0915,180.1178,4:12:21:087890,3718
459.0915,181.1964,4:12:21:091912,3721
459.0915,182.3333,4:12:21:094889,3727
459.0915,183.5576,4:12:21:099882,3732
459.0915,184.7818,4:12:21:103398,3738
459.731,186.0353,4:12:21:107395,3729
459.731,187.347,4:12:21:111396,3690
460.1982,188.6297,4:12:21:115395,3597
460.1982,189.7957,4:12:21:119396,3456
460.6655,190.845,4:12:21:124101,3258
460.6655,191.8945,4:12:21:127111,3009
461.182,192.8273,4:12:21:131155,2723
461.182,193.6434,4:12:21:135111,2382
461.4771,194.2847,4:12:21:139110,1974
461.6493,194.8678,4:12:21:143111,1484
461.7722,195.305,4:12:21:146901,927
461.8952,195.5965,4:12:21:151206,474
461.9444,195.7714,4:12:21:155229,0
462.0182,195.8589,4:12:21:159265,0
462.092,195.8589,4:12:21:163242,0
462.1166,195.8589,4:12:21:167242,0
462.1166,195.8589,4:12:21:171884,0
462.1166,195.8589,4:12:21:175906,0
462.1166,195.101,4:12:21:179849,0
462.1166,195.101,4:12:21:183849,0
462.1166,194.5179,4:12:21:187847,0
461.4034,194.5179,4:12:21:191850,0
461.4034,193.7309,4:12:21:195874,0
460.7393,193.2645,4:12:21:199898,0
460.2966,192.7398,4:12:21:203821,0
459.8293,192.1568,4:12:21:207435,0
459.2883,191.4863,4:12:21:211874,0
458.7718,190.7867,4:12:21:215884,0
458.1815,189.9706,4:12:21:219885,0
457.5913,189.1252,4:12:21:223882,0
457.0257,188.1633,4:12:21:227883,0
456.46,187.1138,4:12:21:230884,0
455.9681,186.0936,4:12:21:235873,0
455.4271,184.9276,4:12:21:239884,0
454.9352,183.9073,4:12:21:243822,0
454.3941,182.8871,4:12:21:247854,0
453.8531,181.9834,4:12:21:251830,0
453.312,181.0215,4:12:21:255846,0
452.7463,180.0887,4:12:21:259830,0
452.1069,179.2725,4:12:21:263833,0
451.5167,178.5146,4:12:21:267878,0
450.9264,177.815,4:12:21:271284,0
450.3116,177.1154,4:12:21:276037,0
449.7459,176.4158,4:12:21:279041,0
449.2048,175.7745,4:12:21:284038,0
448.713,175.2206,4:12:21:287051,0
448.2703,174.7834,4:12:21:291038,0
447.926,174.317,4:12:21:296040,0
447.5817,173.8506,4:12:21:299039,0
447.2865,173.4425,4:12:21:303038,2209
447.016,173.0344,4:12:21:307830,2282
446.8438,172.7137,4:12:21:311067,2415
446.6471,172.3931,4:12:21:315060,2601
446.4995,172.0724,4:12:21:319066,2805
446.3766,171.8684,4:12:21:323066,2931
446.2782,171.6935,4:12:21:328069,2995
446.2044,171.606,4:12:21:331828,3005
446.2044,171.606,4:12:21:335852,3001
446.2044,171.606,4:12:21:339839,3006
446.2044,171.606,4:12:21:344838,3021
446.2044,172.3056,4:12:21:347846,3043
446.9668,172.3056,4:12:21:351838,3068
446.9668,173.2093,4:12:21:355868,3093
447.9014,173.7923,4:12:21:359873,3115
448.5162,174.4628,4:12:21:363547,3132
449.2786,175.1624,4:12:21:367558,3146
450.0902,175.8911,4:12:21:372029,3155
451.0002,176.6781,4:12:21:376033,3159
451.9594,177.4944,4:12:21:379873,3168
452.8693,178.2814,4:12:21:383883,3170
453.7793,179.1268,4:12:21:387881,3171
454.6892,179.9721,4:12:21:391882,3160
455.55,180.8466,4:12:21:395625,3099
456.3124,181.7794,4:12:21:399501,2981
457.0257,182.7122,4:12:21:403516,2791
457.6651,183.645,4:12:21:407503,2529
458.2307,184.5486,4:12:21:412050,2206
458.7718,185.4523,4:12:21:415061,1805
459.2883,186.2685,4:12:21:419063,1326
459.8047,186.9973,4:12:21:423061,808
460.272,187.5511,4:12:21:427063,396
460.7393,188.0466,4:12:21:431061,0
461.182,188.4256,4:12:21:435822,0
461.6001,188.6297,4:12:21:439833,0
462.0428,188.7754,4:12:21:443867,0
462.5838,188.8337,4:12:21:447869,0
463.1003,188.892,4:12:21:451867,0
463.7397,188.892,4:12:21:455867,0
464.4284,188.9794,4:12:21:459873,0
465.2154,189.0086,4:12:21:462877,0
466.0761,189.0378,4:12:21:468039,0
467.0107,189.0378,4:12:21:471047,0
468.0191,189.0378,4:12:21:475058,0
469.0028,189.0378,4:12:21:479047,0
470.0357,189.0378,4:12:21:483103,0
471.0441,189.0378,4:12:21:487047,0
472.0524,189.0378,4:12:21:491821,0
472.987,189.0378,4:12:21:495848,0
473.9216,188.1924,4:12:21:499828,0
474.8561,188.1924,4:12:21:503842,0
475.7415,187.4637,4:12:21:507828,0
476.5039,187.4637,4:12:21:511829,0
477.2171,186.5017,4:12:21:515873,0
477.832,185.977,4:12:21:519219,0
478.3239,185.3357,4:12:21:523264,0
478.7173,184.7236,4:12:21:527257,0
478.9387,184.0531,4:12:21:531274,0
479.1108,183.3826,4:12:21:535257,0
479.1354,182.7122,4:12:21:539155,0
479.1354,182.0709,4:12:21:543166,0
479.1354,181.3713,4:12:21:547873,0
479.1354,180.7009,4:12:21:551884,0
479.1354,180.0596,4:12:21:555301,0
479.1354,179.4474,4:12:21:559332,0
478.5944,178.8936,4:12:21:563899,0
478.5944,178.3397,4:12:21:567904,0
478.5944,177.7858,4:12:21:571480,1544
478.5944,177.2612,4:12:21:575493,1625
478.2009,176.853,4:12:21:579880,1770
478.2009,176.5033,4:12:21:583890,1947
478.2009,176.1826,4:12:21:587890,2150
478.2009,175.8911,4:12:21:591891,2305
478.2009,175.687,4:12:21:595891,2413
478.2009,175.5413,4:12:21:598893,2504
478.2009,175.4538,4:12:21:603880,2575
478.2009,175.3956,4:12:21:606891,2615
478.2009,175.3372,4:12:21:611906,2633
478.2009,175.3372,4:12:21:614890,2636
478.2009,175.3372,4:12:21:619892,2631
478.2009,175.3372,4:12:21:623167,2644
478.2009,175.3372,4:12:21:628179,2686
478.2009,175.3372,4:12:21:631169,2751
478.2009,175.3372,4:12:21:635878,2842
478.2009,175.9785,4:12:21:639394,2922
478.2009,175.9785,4:12:21:643438,2994
478.2009,176.6781,4:12:21:647395,3057
478.2009,177.232,4:12:21:651393,3107
478.2009,177.815,4:12:21:655396,3155
478.5698,178.4272,4:12:21:659448,3185
478.5698,179.185,4:12:21:663453,3206
478.5698,180.0596,4:12:21:667740,3215
478.5698,181.0506,4:12:21:671774,3226
478.8157,182.1292,4:12:21:675881,3231
478.8157,183.2369,4:12:21:679430,3236
478.8157,184.4029,4:12:21:683411,3240
478.8157,185.6272,4:12:21:687408,3228
478.8157,186.9973,4:12:21:691496,3172
478.8157,188.2507,4:12:21:695409,3055
478.8157,189.475,4:12:21:699880,2880
478.8157,190.641,4:12:21:702893,2639
478.8157,191.7487,4:12:21:707828,2338
478.8157,192.7398,4:12:21:711345,1932
478.8157,193.6726,4:12:21:715347,1481
478.8157,194.4888,4:12:21:719345,975
478.8157,195.1593,4:12:21:723346,525
478.8157,195.7422,4:12:21:727344,236
478.8157,196.1795,4:12:21:731820,0
478.8157,196.5293,4:12:21:735369,0
478.8157,196.7042,4:12:21:739371,0
478.8157,196.8791,4:12:21:743381,0
478.8157,196.9666,4:12:21:747368,0
479.5043,196.9957,4:12:21:751367,0
479.5043,197.0248,4:12:21:755819,0
480.5127,197.0248,4:12:21:759537,0
481.1275,197.0248,4:12:21:763819,0
481.8408,197.0248,4:12:21:767847,0
482.6277,197.0248,4:12:21:771827,0
483.4148,197.0248,4:12:21:775830,0
484.1526,197.0248,4:12:21:779830,0
484.8904,196.267,4:12:21:783830,0
485.4806,196.267,4:12:21:787775,0
486.0463,195.509,4:12:21:790962,0
486.5627,195.0426,4:12:21:795871,0
486.9808,194.4597,4:12:21:798884,0
487.3498,193.7309,4:12:21:803881,0
487.6941,192.973,4:12:21:806882,0
488.0138,192.0694,4:12:21:811882,0
488.2351,191.0491,4:12:21:815179,0
488.5056,189.9706,4:12:21:820180,0
488.7024,188.8337,4:12:21:825179,0
488.8746,187.6385,4:12:21:827182,0
488.9975,186.4142,4:12:21:831180,0
489.1205,185.1899,4:12:21:835182,0
489.1943,184.0822,4:12:21:839179,0
489.1943,182.9745,4:12:21:843871,0
489.1943,181.9252,4:12:21:846909,0
489.1943,180.9341,4:12:21:851881,0
489.1943,180.1178,4:12:21:855881,0
489.1943,179.3308,4:12:21:860029,0
488.5302,178.6021,4:12:21:863043,0
488.5302,177.9025,4:12:21:867309,2354
488.5302,177.232,4:12:21:871323,2404
488.5302,176.649,4:12:21:875878,2509
488.5302,176.1243,4:12:21:878888,2660
488.5302,175.687,4:12:21:883156,2839
488.5302,175.1915,4:12:21:887149,2990
488.5302,174.7834,4:12:21:891148,3092
488.5302,174.4919,4:12:21:895149,3151
489.0713,174.2587,4:12:21:899115,3179
489.0713,174.1129,4:12:21:903160,3185
489.9075,174.0838,4:12:21:908241,3187
490.3748,174.0838,4:12:21:911261,3182
490.9158,174.0838,4:12:21:915341,3184
491.4077,174.0838,4:12:21:919242,3185
491.9488,174.8708,4:12:21:923819,3182
492.4406,174.8708,4:12:21:927256,3190
492.8833,175.9494,4:12:21:931025,3189
493.2277,176.5907,4:12:21:935010,3190
493.5228,177.3777,4:12:21:940009,3193
493.7441,178.1648,4:12:21:943010,3180
493.7441,179.0393,4:12:21:947565,3160
493.9409,179.9721,4:12:21:951573,3132
493.9409,180.9341,4:12:21:955575,3097
493.9409,181.9252,4:12:21:959575,3054
493.9409,182.8871,4:12:21:963576,3009
493.1539,183.8199,4:12:21:967574,2953
493.1539,184.7236,4:12:21:971828,2897
492.0717,185.5981,4:12:21:975682,2846
491.4077,186.4142,4:12:21:979883,2797
490.6945,187.143,4:12:21:983893,2761
489.9075,187.7843,4:12:21:987880,2732
489.2189,188.3382,4:12:21:991899,2712
488.5302,188.8337,4:12:21:994964,2706
487.8908,189.271,4:12:21:998965,2705
487.276,189.5916,4:12:22:003966,2704
486.8087,189.9414,4:12:22:006965,2700
486.3414,190.2038,4:12:22:011828,2702
485.9725,190.4078,4:12:22:015282,2696
485.702,190.5827,4:12:22:019879,2685
485.4068,190.7576,4:12:22:023890,2678
485.2347,190.845,4:12:22:027889,2656
485.1117,190.9617,4:12:22:031900,2642
485.0379,191.0491,4:12:22:035901,2636
485.0379,191.1657,4:12:22:039892,2632
485.0379,191.224,4:12:22:043127,2636
485.0379,191.3114,4:12:22:047127,2638
485.0379,191.3698,4:12:22:051008,2637
485.6282,191.4572,4:12:22:055267,2635
485.6282,191.5155,4:12:22:059818,2635
486.2184,191.603,4:12:22:063829,2636
486.2184,191.6613,4:12:22:067829,2639
487.1038,191.7195,4:12:22:071830,2641
487.6941,191.7195,4:12:22:075826,2640
488.3581,191.7195,4:12:22:079827,2640
489.0467,191.7195,4:12:22:083809,2637
489.7845,191.7195,4:12:22:087820,2635
490.5961,191.7195,4:12:22:091838,2636
491.5307,191.7195,4:12:22:095817,2640
492.4406,191.7195,4:12:22:099839,2649
493.3506,191.7195,4:12:22:103818,2653
494.3098,191.0782,4:12:22:107872,2654
495.2444,191.0782,4:12:22:111872,2655
496.2527,191.0782,4:12:22:115872,2650
497.261,190.4078,4:12:22:119877,2649
498.2448,190.4078,4:12:22:123878,2649
499.1794,189.7957,4:12:22:127902,2645
500.1139,189.4167,4:12:22:131896,2644
501.0239,189.0086,4:12:22:135896,2646
501.8846,188.6005,4:12:22:139896,2646
502.6225,188.1049,4:12:22:143896,2646
503.3357,187.5511,4:12:22:147863,2643
503.9751,186.9973,4:12:22:151871,2640
504.4916,186.3851,4:12:22:155071,2636
504.9589,185.7146,4:12:22:160081,2633
505.4016,184.9276,4:12:22:163080,2636
505.7705,184.1114,4:12:22:168081,2640
506.0902,183.2952,4:12:22:171876,2641
506.3361,182.479,4:12:22:174916,2638
506.5575,181.6337,4:12:22:179812,2636
506.8034,180.7883,4:12:22:183196,2632
507.0002,179.8846,4:12:22:188244,2628
507.1477,179.0976,4:12:22:191244,2627
507.2707,178.2814,4:12:22:195246,2627
507.369,177.4944,4:12:22:199244,2623
507.4674,176.7073,4:12:22:203872,2625
507.5166,175.8911,4:12:22:207882,2627
507.5166,175.1624,4:12:22:211270,2629
507.5166,174.4628,4:12:22:216267,2638
507.5166,173.8214,4:12:22:219266,2671
507.5166,173.2384,4:12:22:224267,2727
507.5166,172.7429,4:12:22:227872,2807
507.0247,172.3056,4:12:22:231393,2910
507.0247,171.8976,4:12:22:235206,3011
507.0247,171.5769,4:12:22:239207,3115
506.6313,171.3145,4:12:22:243207,3220
506.6313,171.1688,4:12:22:247223,3310
506.6313,171.0231,4:12:22:251840,3380
506.3115,170.9064,4:12:22:255868,3418
506.3115,170.8773,4:12:22:259392,3425
506.3115,170.8773,4:12:22:263403,3423
506.3115,170.8773,4:12:22:267405,3431
506.0656,170.8773,4:12:22:271421,3456
506.0656,170.8773,4:12:22:275873,3497
505.7705,171.6352,4:12:22:278884,3553
505.6229,171.6352,4:12:22:283876,3604
505.4261,172.568,4:12:22:286886,3650
505.2048,173.2384,4:12:22:291884,3697
505.0573,174.0255,4:12:22:295888,3732
504.9097,174.9,4:12:22:300365,3760
504.7867,175.8911,4:12:22:303376,3789
504.713,176.9405,4:12:22:307378,3806
504.6884,178.1648,4:12:22:311379,3820
504.6884,179.5349,4:12:22:315375,3835
504.6884,181.0506,4:12:22:319378,3844
504.6884,182.6248,4:12:22:323378,3851
504.6884,184.3446,4:12:22:327379,3857
504.6884,186.0936,4:12:22:332105,3837
504.6884,187.9009,4:12:22:335116,3783
505.2048,189.7374,4:12:22:339115,3716
505.2048,191.5155,4:12:22:343115,3607
505.2048,193.177,4:12:22:348178,3425
505.6721,194.7803,4:12:22:354187,3165
505.6721,196.2378,4:12:22:356196,2882
506.0164,197.637,4:12:22:360201,2596
506.0164,198.8904,4:12:22:363187,2256
506.5083,200.0273,4:12:22:367671,1757
506.7788,200.9601,4:12:22:371682,1143
506.7788,201.7471,4:12:22:375872,575
507.0247,202.4176,4:12:22:379882,0
507.0247,202.9131,4:12:22:383754,0
507.0247,203.3212,4:12:22:387749,0
507.0247,203.5544,4:12:22:391793,0
507.0247,203.6711,4:12:22:395749,0
506.3607,203.7002,4:12:22:399874,0
506.3607,203.7294,4:12:22:403884,0
505.5245,203.7294,4:12:22:407817,0
505.0081,203.7294,4:12:22:411830,0
504.3932,203.7294,4:12:22:415822,0
503.7046,203.7294,4:12:22:419831,0
502.9422,203.7294,4:12:22:423833,0
502.0568,203.7294,4:12:22:427834,0
501.1223,203.0006,4:12:22:432094,0
500.1139,203.0006,4:12:22:435104,0
499.0072,203.0006,4:12:22:439105,0
497.7775,202.2719,4:12:22:443104,0
496.597,202.2719,4:12:22:447157,0
495.3181,201.6306,4:12:22:451104,0
494.0392,201.2516,4:12:22:455793,0
492.662,200.9018,4:12:22:459805,0
491.3585,200.4354,4:12:22:463852,0
489.9813,199.969,4:12:22:467860,0
488.6286,199.4734,4:12:22:471851,0
487.2514,198.9487,4:12:22:475863,0
485.825,198.3949,4:12:22:479870,0
484.3493,197.7827,4:12:22:483881,0
482.8245,197.1414,4:12:22:487872,0
481.2997,196.4418,4:12:22:490882,0
479.5289,195.7131,4:12:22:495817,0
477.832,194.9552,4:12:22:499006,0
475.9383,194.1973,4:12:22:503872,0
474.0199,193.3811,4:12:22:507885,0
471.9295,192.5649,4:12:22:511882,0
469.7406,191.7195,4:12:22:515899,0
467.3304,190.845,4:12:22:520017,0
464.8711,189.9997,4:12:22:523029,0
462.2641,189.1252,4:12:22:527027,0
459.5588,188.2215,4:12:22:531029,0
456.7305,187.2887,4:12:22:535060,0
453.8285,186.3851,4:12:22:539029,0
450.9018,185.4523,4:12:22:543797,0
447.9998,184.5195,4:12:22:547747,0
445.1223,183.5867,4:12:22:551758,0
442.171,182.7122,4:12:22:555748,0
439.3427,181.8085,4:12:22:559875,0
436.4899,180.9341,4:12:22:563900,0
433.7846,180.0887,4:12:22:567825,0
431.1039,179.2725,4:12:22:571806,0
428.4477,178.4854,4:12:22:575896,0
425.8408,177.7858,4:12:22:579859,0
423.3076,177.0571,4:12:22:583853,0
420.8482,176.3575,4:12:22:587848,0
418.4872,175.7162,4:12:22:591878,0
416.2246,175.0749,4:12:22:594888,0
413.9866,174.5793,4:12:22:599824,0
411.7486,174.0546,4:12:22:602986,0
409.6089,173.6174,4:12:22:608082,0
407.4692,173.151,4:12:22:611111,0
405.3788,172.8012,4:12:22:615154,0
403.2883,172.4223,4:12:22:619084,0
401.1732,172.1308,4:12:22:623873,0
399.1812,171.8684,4:12:22:627211,0
397.2383,171.6352,4:12:22:631342,0
395.2953,171.4312,4:12:22:635211,0
393.4262,171.2854,4:12:22:639212,0
391.6063,171.1688,4:12:22:643211,0
389.8601,171.0813,4:12:22:647178,0
388.2123,171.0522,4:12:22:651233,0
386.6875,171.0231,4:12:22:655823,0
385.1381,171.0231,4:12:22:659252,0
383.6871,171.0231,4:12:22:663873,0
382.3344,171.0231,4:12:22:667191,0
381.1539,171.0231,4:12:22:671194,0
380.0964,171.0231,4:12:22:675191,0
379.211,171.0231,4:12:22:679284,0
378.4732,171.6935,4:12:22:683201,0
377.9076,171.6935,4:12:22:687874,0
377.4649,171.6935,4:12:22:690887,0
377.1451,171.6935,4:12:22:695934,715
376.9976,172.0724,4:12:22:699934,732
376.8992,172.0724,4:12:22:703934,773
376.8746,172.0724,4:12:22:707934,839
376.8746,172.0724,4:12:22:711876,937
376.8746,172.0724,4:12:22:715887,1041
376.8746,172.0724,4:12:22:719822,1117
376.8746,172.0724,4:12:22:722990,1180
376.8746,172.0724,4:12:22:727872,1214
377.5878,172.0724,4:12:22:731879,1244
377.5878,172.0724,4:12:22:735896,1298
378.5962,172.0724,4:12:22:739883,1352
379.3094,172.0724,4:12:22:742882,1435
380.2194,172.0724,4:12:22:747553,1531
381.3015,172.0724,4:12:22:751565,1644
382.5558,172.0724,4:12:22:755566,1783
383.933,172.0724,4:12:22:759563,1920
385.4825,172.0724,4:12:22:763562,2057
387.1548,172.0724,4:12:22:767561,2176
388.8272,171.5186,4:12:22:771772,2284
390.6963,171.5186,4:12:22:775809,2385
392.7622,171.5186,4:12:22:779819,2484
395.0494,171.0813,4:12:22:783655,2571
397.558,171.0813,4:12:22:787726,2638
400.3371,171.0813,4:12:22:791736,2690
403.2883,170.6732,4:12:22:795733,2720
406.5839,170.6732,4:12:22:799736,2765
410.1008,170.4984,4:12:22:804045,2815
413.6915,170.4984,4:12:22:807055,2867
417.4543,170.4984,4:12:22:812057,2919
421.3893,170.4984,4:12:22:815055,2957
425.4473,170.4984,4:12:22:819055,2988
429.6282,170.4984,4:12:22:823055,3014
433.9075,170.4984,4:12:22:827104,3035
438.2114,170.4984,4:12:22:831111,3055
442.5154,170.4984,4:12:22:835771,3070
446.9668,171.0813,4:12:22:839766,3085
451.4675,171.0813,4:12:22:843840,3100
455.9681,171.0813,4:12:22:847770,3108
460.4934,171.7227,4:12:22:851046,3121
464.9449,171.7227,4:12:22:855057,3129
469.3225,172.1891,4:12:22:859396,3131
473.5526,172.1891,4:12:22:863407,3135
477.7828,172.5972,4:12:22:867445,3143
481.8408,172.5972,4:12:22:871410,3166
485.825,172.9761,4:12:22:875407,3203
489.5878,172.9761,4:12:22:879406,3238
493.1539,173.2676,4:12:22:883406,3280
496.5724,173.2676,4:12:22:887432,3321
499.868,173.4425,4:12:22:891874,3365
503.0652,173.53,4:12:22:895886,3430
506.1148,173.6174,4:12:22:899704,3503
509.0906,173.6465,4:12:22:903730,3580
511.7468,173.6757,4:12:22:907721,3661
514.1815,173.6757,4:12:22:911725,3738
516.4196,173.6757,4:12:22:915712,3813
518.3871,173.6757,4:12:22:919731,3896
520.1578,173.6757,4:12:22:923874,3983
521.6826,173.6757,4:12:22:926887,4078
523.0107,173.6757,4:12:22:930960,4173
524.1666,173.6757,4:12:22:935970,4265
525.1995,173.6757,4:12:22:939971,4355
526.1341,173.0344,4:12:22:943970,4440
526.9949,173.0344,4:12:22:946968,4518
527.7327,173.0344,4:12:22:951970,4584
528.4213,173.0344,4:12:22:954973,4633
529.0361,172.5972,4:12:22:958932,4660
529.6018,172.5972,4:12:22:963981,4677
530.1183,172.5972,4:12:22:967733,4679
530.6102,172.5972,4:12:22:971746,4682
531.0529,172.3348,4:12:22:976009,4685
531.4464,172.3348,4:12:22:979008,4682
531.7906,172.3348,4:12:22:983008,4686
532.1104,172.3348,4:12:22:987011,4680
532.3809,172.3348,4:12:22:991818,4677
532.6514,172.3348,4:12:22:995829,4677
532.8236,172.3348,4:12:22:999826,4674
533.0449,172.3348,4:12:23:003829,4661
533.1679,172.3348,4:12:23:007866,4616
533.2909,172.3348,4:12:23:011876,4532
533.463,172.3348,4:12:23:015788,4403
533.5368,172.3348,4:12:23:019834,4216
533.6352,172.3348,4:12:23:023815,3973
533.709,172.3348,4:12:23:027842,3677
533.7582,172.3348,4:12:23:031831,3332
533.7582,172.9761,4:12:23:035824,2962
533.7582,172.9761,4:12:23:039830,2538
533.7582,172.9761,4:12:23:043575,1996
533.7582,173.53,4:12:23:047589,1340
533.7582,173.53,4:12:23:051589,742
532.9957,173.8214,4:12:23:055196,286
532.9957,173.8214,4:12:23:059209,0
532.012,173.8214,4:12:23:063209,0
531.3972,173.8214,4:12:23:067209,0
530.684,173.8214,4:12:23:071964,0
529.8723,173.8214,4:12:23:075974,0
528.987,173.8214,4:12:23:079973,0
528.0524,173.8214,4:12:23:082974,0
527.1671,173.8214,4:12:23:087974,0
526.2079,173.2093,4:12:23:090974,0
525.2487,173.2093,4:12:23:095819,0
524.2404,173.2093,4:12:23:099260,0
523.2321,172.4805,4:12:23:103868,0
522.2483,172.4805,4:12:23:107877,0
521.2399,172.4805,4:12:23:111893,0
520.207,171.8976,4:12:23:115880,0
519.1741,171.8976,4:12:23:119878,0
518.1165,171.8976,4:12:23:123877,0
517.0836,171.4895,4:12:23:126954,0
516.0015,171.4895,4:12:23:130985,0
515.0177,171.2854,4:12:23:135815,0
513.6896,171.2854,4:12:23:139047,0
511.9681,171.2854,4:12:23:143869,0
511.9681,171.2854,4:12:23:162101,0
