372.7675,224.9797,4:08:38:302652,0
372.7675,224.9797,4:08:38:306647,0
371.7591,224.9797,4:08:38:310645,0
371.0951,224.9797,4:08:38:314780,0
370.2589,224.2509,4:08:38:318486,0
369.3489,224.2509,4:08:38:322493,0
368.193,224.2509,4:08:38:326513,0
367.0125,224.2509,4:08:38:330507,0
365.6845,223.5513,4:08:38:334496,0
364.8729,223.5513,4:08:38:338496,0
364.0367,223.5513,4:08:38:342779,0
363.2743,223.5513,4:08:38:346788,0
362.6349,223.5513,4:08:38:349789,0
362.1184,223.5513,4:08:38:353789,0
361.8724,222.91,4:08:38:357789,0
361.6511,222.91,4:08:38:361792,0
361.6511,222.91,4:08:38:365789,0
361.6511,222.327,4:08:38:370521,0
361.6511,222.327,4:08:38:374469,0
361.6511,222.327,4:08:38:377983,0
361.6511,221.8024,4:08:38:381983,0
362.3151,221.8024,4:08:38:385983,0
362.3151,221.8024,4:08:38:390017,0
363.0038,221.4234,4:08:38:394522,0
363.0038,221.4234,4:08:38:398037,0
363.6924,221.2193,4:08:38:402037,0
363.6924,221.2193,4:08:38:406468,0
364.4056,221.0153,4:08:38:410479,0
364.4056,221.0153,4:08:38:414479,0
364.7499,221.0153,4:08:38:418478,0
364.7499,221.0153,4:08:38:422479,0
364.7499,221.0153,4:08:38:426525,0
364.7499,221.6857,4:08:38:430451,0
364.7499,221.6857,4:08:38:434462,0
363.9629,222.4436,4:08:38:438459,0
363.9629,222.9392,4:08:38:442461,0
363.2005,223.4639,4:08:38:446485,0
362.6594,224.1052,4:08:38:450715,0
362.1184,224.7173,4:08:38:454234,0
361.5281,225.3295,4:08:38:458468,0
360.8887,225.8833,4:08:38:462476,0
360.2492,226.4664,4:08:38:466493,0
359.6344,226.9619,4:08:38:470479,0
358.9212,227.3992,4:08:38:474501,0
358.2326,227.8073,4:08:38:478523,0
357.5439,228.1279,4:08:38:481514,0
356.8553,228.3902,4:08:38:486521,0
356.2159,228.6234,4:08:38:490410,0
355.6256,228.7692,4:08:38:494421,0
355.0354,228.9149,4:08:38:498420,0
354.4205,229.0316,4:08:38:502420,0
353.8549,229.0898,4:08:38:506511,0
353.2892,229.0898,4:08:38:510523,0
352.7482,229.0898,4:08:38:514521,0
352.2071,229.0898,4:08:38:518519,0
351.6414,229.0898,4:08:38:522402,0
351.0758,229.0898,4:08:38:526411,0
350.4855,229.0898,4:08:38:530412,0
349.9199,228.332,4:08:38:534474,0
349.3542,228.332,4:08:38:538412,0
348.764,227.7781,4:08:38:542395,0
348.1737,227.7781,4:08:38:546529,0
347.5835,227.0202,4:08:38:549541,0
346.9686,227.0202,4:08:38:554538,0
346.3784,226.2332,4:08:38:558538,0
345.7881,225.8542,4:08:38:562552,0
345.1979,225.3878,4:08:38:566445,0
344.6076,224.9505,4:08:38:570470,0
344.0666,224.5424,4:08:38:574454,0
343.5993,224.1052,4:08:38:578457,0
343.1566,223.6971,4:08:38:582766,0
342.7877,223.289,4:08:38:586776,0
342.4926,222.91,4:08:38:589776,0
342.222,222.5311,4:08:38:593776,0
342.0007,222.2104,4:08:38:597776,0
341.8531,221.9189,4:08:38:601779,0
341.7056,221.6274,4:08:38:605776,0
341.5826,221.3651,4:08:38:610504,0
341.4104,221.1028,4:08:38:614415,0
341.2875,220.9278,4:08:38:618425,0
341.1891,220.6947,4:08:38:622420,0
341.1153,220.4615,4:08:38:626431,0
341.0415,220.374,4:08:38:630430,0
340.9923,220.1991,4:08:38:634430,0
340.894,220.1408,4:08:38:638430,0
340.8202,220.0533,4:08:38:642729,0
340.771,220.0242,4:08:38:645770,0
340.6972,220.0242,4:08:38:649738,0
340.648,219.9951,4:08:38:653739,0
340.5988,219.9951,4:08:38:657739,0
340.5742,219.9951,4:08:38:662427,0
340.5742,219.9951,4:08:38:666601,0
340.5742,219.9951,4:08:38:669611,0
340.5742,219.9951,4:08:38:674609,0
340.5742,219.9951,4:08:38:677611,0
340.5742,219.9951,4:08:38:682636,0
341.2629,219.9951,4:08:38:685945,0
341.2629,219.9951,4:08:38:689965,0
341.7548,219.9951,4:08:38:693945,0
341.7548,219.9951,4:08:38:698969,0
342.345,219.9951,4:08:38:701949,0
342.345,219.9951,4:08:38:705948,0
342.9844,219.9951,4:08:38:709946,0
343.3533,219.9951,4:08:38:713948,0
343.6977,219.9951,4:08:38:717894,0
344.0174,219.9951,4:08:38:721905,0
344.3863,219.9951,4:08:38:725905,0
344.7306,219.9951,4:08:38:729904,0
345.0503,219.9951,4:08:38:734526,0
345.3454,219.5578,4:08:38:738759,0
345.6898,219.5578,4:08:38:741769,0
346.0095,219.5578,4:08:38:746022,0
346.3538,219.5578,4:08:38:750023,0
346.6981,219.5578,4:08:38:754111,0
347.0424,219.2372,4:08:38:758023,0
347.3867,219.2372,4:08:38:762515,0
347.7556,219.0623,4:08:38:766526,0
348.0999,218.9456,4:08:38:770514,0
348.4442,218.7999,4:08:38:773525,0
348.7886,218.6541,4:08:38:778517,0
349.1329,218.5084,4:08:38:781531,0
349.4772,218.3335,4:08:38:786534,0
349.7969,218.1295,4:08:38:790529,0
350.092,217.9545,4:08:38:794543,0
350.3871,217.8088,4:08:38:798516,0
350.6577,217.6922,4:08:38:802544,0
350.9036,217.5173,4:08:38:806526,683
351.1004,217.3132,4:08:38:810521,684
351.2971,217.1384,4:08:38:813532,702
351.4447,216.9052,4:08:38:818531,766
351.6414,216.7011,4:08:38:822532,895
351.789,216.4388,4:08:38:826791,1065
351.912,216.1472,4:08:38:829802,1228
352.0595,215.7975,4:08:38:833889,1372
352.2071,215.4768,4:08:38:837802,1479
352.33,215.2144,4:08:38:841927,1591
352.453,214.8938,4:08:38:846799,1726
352.5022,214.5732,4:08:38:850558,1858
352.6252,214.34,4:08:38:853571,1995
352.699,213.9901,4:08:38:858558,2119
352.7236,213.7278,4:08:38:861561,2244
352.7482,213.4655,4:08:38:866467,2366
352.7482,213.2031,4:08:38:870019,2462
352.7482,212.9116,4:08:38:874524,2533
352.7482,212.7076,4:08:38:878533,2589
352.7482,212.4743,4:08:38:882450,2633
352.7482,212.2995,4:08:38:886455,2663
352.7482,212.1537,4:08:38:890253,2685
352.0103,212.0079,4:08:38:894229,2687
352.0103,211.9205,4:08:38:898261,2677
351.1988,211.8913,4:08:38:902229,2673
350.6085,211.8913,4:08:38:905945,2662
349.8461,211.8913,4:08:38:909945,2656
348.9361,211.8913,4:08:38:914521,2651
347.8786,211.8913,4:08:38:918531,2649
346.7227,212.7367,4:08:38:922530,2650
345.4192,212.7367,4:08:38:926531,2652
344.042,213.6695,4:08:38:929530,2652
342.6401,214.2525,4:08:38:934547,2652
341.1891,214.8938,4:08:38:938553,2652
339.861,215.506,4:08:38:942554,2648
338.533,216.1764,4:08:38:946554,2644
337.3279,216.9926,4:08:38:950552,2637
336.2704,217.7796,4:08:38:954557,2630
335.385,218.625,4:08:38:957561,2622
334.6718,219.4704,4:08:38:962534,2617
334.1799,220.3157,4:08:38:965545,2611
333.7864,221.161,4:08:38:970521,2603
333.6142,222.0938,4:08:38:974038,2597
333.5896,222.9975,4:08:38:978127,2592
333.5896,223.8137,4:08:38:982036,2590
333.5896,224.5424,4:08:38:986038,2592
334.475,225.1837,4:08:38:990035,2589
335.0898,225.7668,4:08:38:994522,2589
335.8031,226.2332,4:08:38:998532,2582
336.6638,226.5829,4:08:39:002532,2578
337.6968,226.8161,4:08:39:005532,2578
338.8281,226.8453,4:08:39:010782,2575
340.0086,226.8453,4:08:39:013824,2572
341.2875,226.8453,4:08:39:017792,2568
342.5417,226.8453,4:08:39:021792,2559
343.796,225.7376,4:08:39:025792,2540
345.0011,225.7376,4:08:39:029791,2516
346.1078,224.5133,4:08:39:033731,2492
347.1408,223.8137,4:08:39:038776,2468
348.0753,222.9975,4:08:39:042443,2461
348.8869,222.0938,4:08:39:046486,2453
349.6002,221.1319,4:08:39:050480,2451
350.215,220.2574,4:08:39:054477,2454
350.7807,219.2372,4:08:39:058481,2449
351.2479,218.2752,4:08:39:062477,2455
351.6906,217.2841,4:08:39:066515,2453
352.0595,216.293,4:08:39:070526,2447
352.3792,215.3602,4:08:39:074515,2445
352.6744,214.4274,4:08:39:078528,2440
352.8465,213.6112,4:08:39:082525,2433
353.0433,212.7367,4:08:39:086535,2431
353.1417,211.9205,4:08:39:090524,2429
353.1909,211.1335,4:08:39:093525,2428
353.2154,210.4047,4:08:39:098374,2428
353.2154,209.6759,4:08:39:102315,2424
353.2154,208.918,4:08:39:106332,2419
353.2154,208.1893,4:08:39:110282,2417
353.2154,207.4314,4:08:39:114813,2414
353.2154,206.7027,4:08:39:117823,2415
353.2154,205.9156,4:08:39:121821,2415
353.2154,205.1868,4:08:39:125822,2410
353.2154,204.429,4:08:39:129825,2415
353.2154,203.8168,4:08:39:133823,2422
353.2154,203.2338,4:08:39:138261,2468
353.2154,202.7674,4:08:39:142272,2535
353.2154,202.3593,4:08:39:146834,2607
353.2154,202.097,4:08:39:149833,2671
353.2154,201.922,4:08:39:153833,2689
353.2154,201.8638,4:08:39:157834,2683
353.2154,201.8055,4:08:39:162834,2664
353.2154,201.8055,4:08:39:165834,2649
353.2154,201.8055,4:08:39:170523,2643
353.2154,201.8055,4:08:39:173533,2640
353.2154,201.8055,4:08:39:178534,2641
353.2154,202.7674,4:08:39:182542,2641
353.2154,202.7674,4:08:39:186657,2642
353.2154,203.8459,4:08:39:189655,2644
353.2154,204.6039,4:08:39:194525,2646
353.2154,205.4492,4:08:39:197536,2646
353.2154,206.4403,4:08:39:202402,2647
353.2154,207.5771,4:08:39:206404,2649
353.2154,208.8598,4:08:39:210473,2653
353.2154,210.2881,4:08:39:214404,2659
353.2154,211.8913,4:08:39:218474,2673
353.2154,213.6987,4:08:39:222415,2682
352.7236,215.71,4:08:39:226369,2689
352.7236,217.8088,4:08:39:230406,2699
352.7236,219.9659,4:08:39:234379,2699
352.7236,222.0647,4:08:39:238379,2700
352.7236,224.1052,4:08:39:242379,2702
352.7236,226.0582,4:08:39:246378,2705
352.7236,227.8656,4:08:39:250509,2701
352.7236,229.4688,4:08:39:254519,2706
352.7236,230.8097,4:08:39:258527,2708
352.7236,231.9465,4:08:39:262537,2702
352.7236,232.9085,4:08:39:266519,2687
352.7236,233.7247,4:08:39:270532,2659
352.7236,234.366,4:08:39:274528,2621
352.7236,234.8324,4:08:39:278530,2591
352.7236,235.1822,4:08:39:282771,2571
352.7236,235.3862,4:08:39:285803,2566
352.7236,235.532,4:08:39:290072,2572
352.7236,235.532,4:08:39:293993,2574
352.7236,235.532,4:08:39:298009,2577
352.7236,235.532,4:08:39:303010,2577
352.7236,234.8615,4:08:39:306997,2574
352.7236,234.8615,4:08:39:309942,2573
352.7236,233.8705,4:08:39:313942,2571
352.7236,233.2,4:08:39:318589,2568
352.7236,232.3838,4:08:39:321604,2566
352.7236,231.5093,4:08:39:325683,2560
352.7236,230.5182,4:08:39:330600,2558
352.7236,229.4688,4:08:39:334761,2550
352.7236,228.332,4:08:39:338771,2542
352.7236,227.166,4:08:39:342908,2538
352.7236,226,4:08:39:346908,2533
353.2892,224.7757,4:08:39:349910,2529
353.2892,223.5513,4:08:39:353906,2526
353.9532,222.3853,4:08:39:358515,2523
353.9532,221.2193,4:08:39:362525,2522
354.7157,220.2574,4:08:39:366573,2524
355.183,219.3246,4:08:39:370571,2530
355.6502,218.4792,4:08:39:374572,2534
356.1667,217.7213,4:08:39:377572,2532
356.6832,217.08,4:08:39:382517,2530
357.1996,216.4971,4:08:39:385527,2527
357.7653,216.0307,4:08:39:390582,2523
358.3555,215.6225,4:08:39:394583,2522
358.9212,215.2436,4:08:39:398582,2519
359.4622,214.8938,4:08:39:401586,2515
360.0771,214.6315,4:08:39:406582,2515
360.5936,214.4274,4:08:39:410583,2513
361.1346,214.3691,4:08:39:414374,2512
361.7249,214.34,4:08:39:418318,2509
362.2905,214.34,4:08:39:422300,2507
362.8562,214.34,4:08:39:426296,2501
363.4464,214.34,4:08:39:429950,2500
364.0367,215.0979,4:08:39:433960,2500
364.5532,215.0979,4:08:39:438009,2503
365.1926,216.0598,4:08:39:441985,2517
365.7582,216.7303,4:08:39:446375,2532
366.2747,217.5173,4:08:39:450385,2545
366.742,218.4501,4:08:39:454516,2558
367.1601,219.4412,4:08:39:457526,2565
367.4798,220.5197,4:08:39:462571,2572
367.7257,221.6566,4:08:39:465584,2583
367.8733,222.8517,4:08:39:470573,2597
367.9471,224.0177,4:08:39:474586,2612
367.9471,225.1254,4:08:39:479581,2624
367.9471,226.204,4:08:39:481590,2639
367.9471,227.2242,4:08:39:486586,2647
367.3814,228.0988,4:08:39:489589,2657
367.3814,228.9441,4:08:39:494681,2667
366.6682,229.702,4:08:39:497983,2672
366.6682,230.4016,4:08:39:501712,2677
365.7091,231.0137,4:08:39:505712,2651
365.2418,231.5676,4:08:39:509713,2560
364.7499,232.1214,4:08:39:513711,2363
364.258,232.5296,4:08:39:517713,1986
363.8153,232.9377,4:08:39:521710,1462
363.3972,233.2583,4:08:39:526515,884
363.0284,233.4332,4:08:39:530526,411
362.7578,233.5498,4:08:39:534525,0
362.5365,233.5498,4:08:39:538527,0
362.3151,233.5498,4:08:39:542524,0
362.1922,233.5498,4:08:39:546540,0
362.1922,233.5498,4:08:39:550543,0
362.0938,232.6461,4:08:39:554550,0
362.0938,232.6461,4:08:39:558550,0
362.0938,231.8008,4:08:39:562509,0
362.0938,231.8008,4:08:39:565850,0
362.9792,230.9263,4:08:39:569975,0
363.5448,230.9263,4:08:39:573974,0
364.258,230.1101,4:08:39:577973,0
365.1188,229.702,4:08:39:581974,0
366.1518,229.323,4:08:39:586516,0
367.2585,228.9733,4:08:39:590031,0
368.439,228.6817,4:08:39:594053,0
369.6932,228.4194,4:08:39:597976,0
370.9721,228.1862,4:08:39:602067,0
372.2264,227.953,4:08:39:605966,0
373.4315,227.7198,4:08:39:610514,0
374.612,227.5741,4:08:39:614030,0
375.7679,227.4283,4:08:39:618577,0
376.9238,227.3117,4:08:39:622093,0
378.0305,227.2242,4:08:39:626216,0
379.0881,227.1368,4:08:39:630096,0
380.0472,227.0493,4:08:39:634141,0
380.908,227.0202,4:08:39:638095,0
381.6458,227.0202,4:08:39:642440,0
382.2852,226.991,4:08:39:646450,0
382.8263,226.991,4:08:39:650879,0
383.2936,226.991,4:08:39:653888,0
383.6379,226.991,4:08:39:657889,0
383.9576,226.991,4:08:39:661906,0
384.2036,226.991,4:08:39:665912,0
384.4987,226.991,4:08:39:670420,0
384.7692,226.991,4:08:39:674429,0
385.0152,227.6032,4:08:39:678429,0
385.3103,227.6032,4:08:39:682429,0
385.5562,227.6032,4:08:39:686417,0
385.7776,228.1862,4:08:39:691442,0
385.9989,228.1862,4:08:39:694429,0
386.1711,228.1862,4:08:39:698427,0
386.3432,228.5652,4:08:39:702429,0
386.417,228.5652,4:08:39:706290,0
386.4908,228.5652,4:08:39:710311,0
386.5154,228.8275,4:08:39:714465,331
386.5646,228.8275,4:08:39:717906,326
386.5646,228.8275,4:08:39:722321,328
386.5646,228.9733,4:08:39:726321,368
386.5646,229.0607,4:08:39:730430,428
386.5646,229.1481,4:08:39:734440,506
386.5646,229.2065,4:08:39:738441,589
386.5646,229.323,4:08:39:742439,640
386.5646,229.4397,4:08:39:746440,685
386.5646,229.498,4:08:39:750440,731
385.9989,229.6145,4:08:39:754317,790
385.9989,229.702,4:08:39:757843,871
385.5562,229.7312,4:08:39:762527,948
385.5562,229.7603,4:08:39:765529,1019
384.9414,229.7603,4:08:39:770528,1081
384.6216,229.7603,4:08:39:773529,1129
384.2036,229.7603,4:08:39:778530,1201
383.8347,229.7603,4:08:39:782539,1282
383.4658,229.0607,4:08:39:786540,1368
383.0231,229.0607,4:08:39:790308,1453
382.6296,228.332,4:08:39:794305,1530
382.2361,228.332,4:08:39:798308,1605
381.8426,227.3117,4:08:39:802305,1677
381.4737,226.7287,4:08:39:806305,1755
381.1539,226.0582,4:08:39:809770,1820
380.8096,225.3586,4:08:39:813780,1889
380.5145,224.6299,4:08:39:817780,1946
380.2686,223.8428,4:08:39:821779,2000
380.0226,223.0558,4:08:39:826518,2065
379.8259,222.2979,4:08:39:829528,2130
379.6783,221.5108,4:08:39:833991,2191
379.5799,220.6655,4:08:39:838001,2239
379.5308,219.9076,4:08:39:842018,2264
379.5062,219.2372,4:08:39:846001,2266
379.5062,218.625,4:08:39:850513,2270
379.5062,218.042,4:08:39:854524,2275
379.5062,217.459,4:08:39:858512,2275
379.5062,216.9052,4:08:39:862522,2278
380.1702,216.4679,4:08:39:866922,2282
380.1702,216.0598,4:08:39:870931,2278
380.8096,215.6517,4:08:39:873934,2282
380.8096,215.1853,4:08:39:877933,2284
381.5966,214.8064,4:08:39:881967,2280
382.0147,214.4274,4:08:39:885932,2277
382.482,214.1068,4:08:39:890506,2274
382.9493,213.8152,4:08:39:894514,2272
383.4412,213.5529,4:08:39:898516,2275
383.933,213.378,4:08:39:902516,2283
384.4249,213.174,4:08:39:906516,2288
384.9414,213.0282,4:08:39:909516,2290
385.4087,212.9116,4:08:39:914459,2292
385.9005,212.8533,4:08:39:918470,2289
386.3678,212.8533,4:08:39:921507,2286
386.8351,212.795,4:08:39:926473,2285
387.2778,212.795,4:08:39:930880,2286
387.7205,212.795,4:08:39:933897,2286
388.114,212.795,4:08:39:937910,2284
388.4829,212.795,4:08:39:941913,2283
388.8272,212.795,4:08:39:945905,2281
389.1715,212.795,4:08:39:949893,2281
389.4912,213.5237,4:08:39:954685,2277
389.7372,213.5237,4:08:39:957698,2282
389.9585,213.5237,4:08:39:961747,2280
390.1798,214.2816,4:08:39:965695,2279
390.352,214.2816,4:08:39:969698,2283
390.5487,215.0396,4:08:39:973696,2278
390.6717,215.3893,4:08:39:978522,2277
390.7947,215.8557,4:08:39:982533,2275
390.8685,216.2056,4:08:39:986459,2276
390.9669,216.5845,4:08:39:990423,2281
390.9914,216.9635,4:08:39:994519,2284
390.9914,217.2841,4:08:39:998526,2294
390.9914,217.6631,4:08:40:002526,2296
390.9914,217.9837,4:08:40:006524,2303
390.9914,218.2752,4:08:40:010526,2309
390.9914,218.5376,4:08:40:013539,2310
390.9914,218.8291,4:08:40:018537,2316
390.9914,219.1497,4:08:40:022537,2318
390.4012,219.412,4:08:40:025763,2320
390.4012,219.6161,4:08:40:029777,2323
390.4012,219.7619,4:08:40:033776,2329
390.0323,219.8784,4:08:40:037774,2342
390.0323,219.9076,4:08:40:042640,2349
390.0323,219.9076,4:08:40:045653,2356
389.7372,219.9076,4:08:40:049652,2362
389.7372,219.9076,4:08:40:053650,2366
389.7372,219.9076,4:08:40:058647,2378
389.5158,219.208,4:08:40:061650,2398
389.5158,219.208,4:08:40:066517,2431
389.3437,218.5959,4:08:40:069527,2462
389.2453,218.5959,4:08:40:074203,2494
389.1715,217.9254,4:08:40:078206,2513
389.1469,217.9254,4:08:40:082269,2521
389.1469,217.1675,4:08:40:086206,2528
389.1469,216.7594,4:08:40:090519,2530
389.1469,216.4096,4:08:40:093529,2535
389.1469,216.0598,4:08:40:098616,2535
389.7372,215.6225,4:08:40:101617,2534
389.7372,215.1853,4:08:40:106617,2533
390.4012,214.7772,4:08:40:110620,2530
390.4012,214.3691,4:08:40:114523,2528
391.3358,213.961,4:08:40:118533,2527
391.803,213.5529,4:08:40:121629,2529
392.3441,213.1448,4:08:40:126669,2528
392.9344,212.7659,4:08:40:129633,2525
393.5492,212.416,4:08:40:134632,2523
394.2378,212.0663,4:08:40:138272,2520
394.951,211.7747,4:08:40:142306,2515
395.6642,211.4832,4:08:40:146526,2517
396.4021,211.2209,4:08:40:150536,2518
397.2137,210.9585,4:08:40:154513,2521
398.0744,210.6962,4:08:40:158025,2529
398.9598,210.463,4:08:40:162027,2532
399.8206,210.2589,4:08:40:166025,2535
400.6814,210.0257,4:08:40:170029,2543
401.5175,209.8217,4:08:40:174025,2551
402.3046,209.5885,4:08:40:178512,2564
403.067,209.3553,4:08:40:182027,2576
403.7556,209.1804,4:08:40:186050,2589
404.395,209.0347,4:08:40:190027,2597
404.8869,208.8889,4:08:40:194026,2608
405.3296,208.7431,4:08:40:198033,2640
405.6739,208.6557,4:08:40:202504,2686
405.9444,208.5391,4:08:40:206515,2744
406.1412,208.4808,4:08:40:209867,2804
406.2642,208.3934,4:08:40:213797,2843
406.3134,208.3642,4:08:40:217797,2865
406.3625,208.3351,4:08:40:221797,2878
406.3871,208.3351,4:08:40:226456,2886
406.3871,208.3351,4:08:40:229974,2893
406.3871,208.3351,4:08:40:233990,2896
406.3871,208.3351,4:08:40:237974,2895
406.3871,208.3351,4:08:40:241974,2894
406.3871,208.3351,4:08:40:246005,2890
406.3871,208.3351,4:08:40:251044,2886
406.3871,208.3351,4:08:40:254055,2886
406.3871,208.3351,4:08:40:258508,2880
406.3871,208.3351,4:08:40:262519,2871
406.3871,208.3351,4:08:40:266646,2853
406.3871,208.3351,4:08:40:270936,2811
405.9936,208.3351,4:08:40:273935,2738
405.9936,208.3351,4:08:40:277947,2623
405.9936,208.3351,4:08:40:281935,2479
405.9936,208.3351,4:08:40:285966,2297
405.6985,208.3351,4:08:40:290002,2054
405.6985,208.3351,4:08:40:293999,1733
405.428,208.3351,4:08:40:298999,1312
405.2312,208.3351,4:08:40:302000,815
405.0345,208.3351,4:08:40:306512,414
404.7885,208.3351,4:08:40:309523,0
404.5672,208.3351,4:08:40:314518,0
404.3459,208.3351,4:08:40:318528,0
404.1737,208.3351,4:08:40:322529,0
404.0261,208.3351,4:08:40:326535,0
403.854,208.3351,4:08:40:330545,0
403.8048,208.3351,4:08:40:334479,0
403.731,208.3351,4:08:40:338482,0
403.731,208.3351,4:08:40:342499,0
403.731,208.3351,4:08:40:346479,0
403.731,208.3351,4:08:40:350502,0
403.731,208.3351,4:08:40:354509,0
404.3459,207.7812,4:08:40:357519,0
404.3459,207.7812,4:08:40:362511,0
404.9853,207.7812,4:08:40:366522,0
404.9853,207.4023,4:08:40:369959,0
405.8461,207.4023,4:08:40:373894,0
406.4117,207.1107,4:08:40:377896,0
407.002,207.1107,4:08:40:383015,0
407.6168,206.8192,4:08:40:387025,0
408.2317,206.6152,4:08:40:390043,0
408.7973,206.4695,4:08:40:394025,0
409.2892,206.2946,4:08:40:398554,0
409.7565,206.1196,4:08:40:401552,0
410.1254,205.9156,4:08:40:406556,0
410.4205,205.7407,4:08:40:409552,0
410.5927,205.5658,4:08:40:414511,0
410.7648,205.3326,4:08:40:417521,0
410.814,205.0994,4:08:40:421753,0
410.8632,204.9245,4:08:40:425756,0
410.8632,204.6622,4:08:40:429777,0
410.8632,204.429,4:08:40:433756,0
410.8632,204.2249,4:08:40:437751,0
410.8632,203.9917,4:08:40:441753,0
410.8632,203.7294,4:08:40:446766,0
410.8632,203.467,4:08:40:449752,0
410.8632,203.2338,4:08:40:454046,0
410.8632,203.0006,4:08:40:457965,0
410.4205,202.7383,4:08:40:461964,0
410.4205,202.4759,4:08:40:465964,0
410.4205,202.2719,4:08:40:470457,0
410.4205,202.0095,4:08:40:473979,0
410.4205,201.7471,4:08:40:478457,0
410.4205,201.5139,4:08:40:482041,0
410.4205,201.2516,4:08:40:486509,0
410.4205,201.0475,4:08:40:489520,0
410.9861,200.8435,4:08:40:494520,0
410.9861,200.6395,4:08:40:498520,0
410.9861,200.4937,4:08:40:502519,0
410.9861,200.2896,4:08:40:505518,0
410.9861,200.1439,4:08:40:510521,0
410.9861,200.0273,4:08:40:514521,0
410.9861,199.8815,4:08:40:518509,0
410.9861,199.7358,4:08:40:521519,0
410.9861,199.59,4:08:40:526509,1575
410.9861,199.4443,4:08:40:530520,1630
410.3959,199.2986,4:08:40:534520,1727
410.3959,199.1528,4:08:40:538520,1854
410.3959,199.0362,4:08:40:542527,1991
410.0024,198.9487,4:08:40:545518,2078
410.0024,198.9487,4:08:40:550516,2123
409.6089,198.9487,4:08:40:553527,2145
409.3138,198.9487,4:08:40:558514,2160
409.0432,198.9487,4:08:40:561525,2178
408.6989,199.8232,4:08:40:566259,2197
408.33,199.8232,4:08:40:570147,2213
407.9119,200.7269,4:08:40:574149,2232
407.4692,201.3099,4:08:40:578150,2245
407.1003,201.8929,4:08:40:582515,2254
406.756,202.5634,4:08:40:586526,2264
406.5101,203.2338,4:08:40:590562,2267
406.2888,203.9626,4:08:40:594569,2270
406.1658,204.6622,4:08:40:598531,2272
406.1166,205.3618,4:08:40:602547,2277
406.1166,206.0614,4:08:40:605652,2281
406.1166,206.761,4:08:40:609653,2288
406.1166,207.4897,4:08:40:614653,2305
406.9528,208.131,4:08:40:617654,2318
406.9528,208.8015,4:08:40:622468,2330
407.9119,209.4427,4:08:40:626476,2339
408.5514,210.0257,4:08:40:629702,2346
409.24,210.5796,4:08:40:634710,2347
409.9532,211.0751,4:08:40:637711,2352
410.7402,211.4832,4:08:40:642712,2356
411.5764,211.7747,4:08:40:645711,2361
412.4126,212.0371,4:08:40:650509,2366
413.3226,212.1537,4:08:40:654519,2368
414.2325,212.1828,4:08:40:658519,2372
415.1425,212.1828,4:08:40:662519,2367
416.0771,212.1828,4:08:40:666519,2369
416.987,212.1828,4:08:40:670520,2367
417.8478,212.1828,4:08:40:674383,2365
418.6594,211.4249,4:08:40:678288,2363
419.4218,211.4249,4:08:40:682384,2357
420.0612,210.7836,4:08:40:686287,2358
420.7007,210.7836,4:08:40:690450,2354
421.2664,210.0257,4:08:40:694305,2352
421.6844,209.5885,4:08:40:698576,2348
422.0042,209.0929,4:08:40:701586,2347
422.2747,208.6266,4:08:40:705580,2346
422.5452,208.1019,4:08:40:709586,2347
422.7174,207.5771,4:08:40:714585,2350
422.8895,206.9942,4:08:40:718595,2350
423.0125,206.4111,4:08:40:721584,2349
423.0617,205.8573,4:08:40:726584,2345
423.1601,205.2451,4:08:40:730617,2343
423.2339,204.633,4:08:40:733586,2340
423.283,204.0208,4:08:40:738736,2342
423.3568,203.4087,4:08:40:742759,2343
423.3814,202.7674,4:08:40:746457,2374
423.4306,202.2135,4:08:40:750273,2429
423.4798,201.6306,4:08:40:753744,2514
423.4798,201.0767,4:08:40:757767,2619
423.5044,200.5811,4:08:40:762511,2732
423.5044,200.1147,4:08:40:766029,2846
423.5044,199.7066,4:08:40:770128,2947
423.529,199.3568,4:08:40:774026,3065
423.529,199.0654,4:08:40:778085,3181
423.529,198.8613,4:08:40:782029,3297
423.529,198.7155,4:08:40:785923,3405
423.529,198.599,4:08:40:789897,3479
423.529,198.5115,4:08:40:793896,3515
423.529,198.4823,4:08:40:797896,3522
423.529,198.4823,4:08:40:802456,3511
423.529,198.4823,4:08:40:806055,3494
423.529,198.4823,4:08:40:810509,3479
423.529,198.4823,4:08:40:814025,3467
423.529,198.4823,4:08:40:818027,3462
423.529,198.4823,4:08:40:822025,3463
423.529,199.4151,4:08:40:826025,3471
423.529,199.4151,4:08:40:830023,3494
423.529,200.3771,4:08:40:834099,3525
423.529,201.0475,4:08:40:838109,3559
423.529,201.7763,4:08:40:842690,3594
423.529,202.5925,4:08:40:845692,3614
423.529,203.4379,4:08:40:849691,3635
423.529,204.3415,4:08:40:854692,3652
423.529,205.2451,4:08:40:857692,3666
423.529,206.2071,4:08:40:862520,3683
423.529,207.2274,4:08:40:866552,3690
423.529,208.2184,4:08:40:870464,3696
423.529,209.2679,4:08:40:874475,3702
423.529,210.2881,4:08:40:878474,3709
423.529,211.3667,4:08:40:882474,3714
423.529,212.4743,4:08:40:886472,3718
423.529,213.582,4:08:40:890475,3726
424.0454,214.6315,4:08:40:893623,3696
424.0454,215.6517,4:08:40:897624,3560
424.3897,216.7303,4:08:40:903623,3318
424.3897,217.838,4:08:40:906639,3017
424.3897,218.8873,4:08:40:909623,2657
424.6603,219.8784,4:08:40:914478,2211
424.6603,220.7821,4:08:40:918470,1609
424.6603,221.5692,4:08:40:922472,974
424.6603,222.4436,4:08:40:926468,431
424.6603,223.1432,4:08:40:929473,0
424.6603,223.6971,4:08:40:934469,0
424.6603,224.1052,4:08:40:938219,0
423.9962,224.4258,4:08:40:942123,0
423.9962,224.6299,4:08:40:946543,0
423.529,224.7173,4:08:40:949553,0
423.529,224.8048,4:08:40:954255,0
423.0617,224.8048,4:08:40:958233,0
423.0617,224.8048,4:08:40:962235,0
423.0617,224.8048,4:08:40:966232,0
423.0617,224.076,4:08:40:970509,0
423.0617,224.076,4:08:40:973871,0
423.0617,223.289,4:08:40:978528,0
423.6273,222.7352,4:08:40:982541,0
423.6273,222.0938,4:08:40:986057,0
424.3897,221.336,4:08:40:990055,0
424.9062,220.5489,4:08:40:994128,0
425.4719,219.7036,4:08:40:998055,0
426.0867,218.7416,4:08:41:002617,0
426.7753,217.6922,4:08:41:005628,0
427.5378,216.5845,4:08:41:009627,0
428.3739,215.506,4:08:41:013628,0
429.3085,214.5148,4:08:41:017715,0
430.2431,213.5529,4:08:41:021628,0
431.153,212.6201,4:08:41:026508,0
431.9892,211.8331,4:08:41:029855,0
432.7762,211.1917,4:08:41:034462,0
433.5632,210.6962,4:08:41:038465,0
434.2764,210.3755,4:08:41:042467,0
434.9405,210.0549,4:08:41:046460,0
435.4323,209.88,4:08:41:050465,0
435.8504,209.7343,4:08:41:053841,0
436.2193,209.6176,4:08:41:058518,0
436.5391,209.5011,4:08:41:061528,1836
436.785,209.4427,4:08:41:066481,1836
437.0063,209.3553,4:08:41:070457,1835
437.1539,209.297,4:08:41:074484,1835
437.2769,209.2679,4:08:41:078458,1836
437.3998,209.2679,4:08:41:082462,1857
437.4982,209.2679,4:08:41:085963,1885
437.572,209.2679,4:08:41:090124,1917
437.6212,209.2679,4:08:41:094124,1952
437.6458,209.9675,4:08:41:098229,1968
437.6458,209.9675,4:08:41:102143,1985
437.6458,210.6379,4:08:41:106511,1998
437.6458,210.6379,4:08:41:110520,2011
437.0309,211.3958,4:08:41:114432,2021
437.0309,211.3958,4:08:41:118443,2027
436.2193,212.1537,4:08:41:122443,2033
435.6537,212.1537,4:08:41:126443,2033
435.0634,212.7659,4:08:41:130443,2034
434.3994,212.7659,4:08:41:134461,2032
433.7846,213.174,4:08:41:138279,2031
433.1451,213.174,4:08:41:142290,2031
432.6287,213.174,4:08:41:146521,2030
432.1368,213.174,4:08:41:149558,2027
431.6941,213.174,4:08:41:154509,2014
431.3498,213.174,4:08:41:158520,2003
431.0547,213.174,4:08:41:162519,1990
430.8825,212.5035,4:08:41:166522,1976
430.7595,212.5035,4:08:41:170519,1972
430.6366,211.7747,4:08:41:173517,1963
430.5628,211.7747,4:08:41:178520,1957
430.5628,210.9294,4:08:41:182541,1951
430.5628,210.9294,4:08:41:186511,1943
430.5628,210.0549,4:08:41:189521,1940
430.5628,210.0549,4:08:41:194575,1934
430.5628,209.3261,4:08:41:198575,1929
431.3252,209.3261,4:08:41:202576,1924
431.3252,208.7431,4:08:41:205575,1920
432.1368,208.4808,4:08:41:210511,1916
432.6779,208.2184,4:08:41:214522,1915
433.3173,207.9852,4:08:41:218455,1912
434.0305,207.8103,4:08:41:222453,1906
434.8667,207.6646,4:08:41:226453,1902
435.8012,207.5188,4:08:41:230456,1892
436.8342,207.3439,4:08:41:234044,1888
437.9409,207.2274,4:08:41:238532,1891
439.0968,207.0233,4:08:41:242444,1890
440.3511,206.8775,4:08:41:246452,1893
441.63,206.7027,4:08:41:250509,1893
442.9088,206.4695,4:08:41:253521,1890
444.1877,206.2946,4:08:41:258519,1892
445.3928,206.0322,4:08:41:261521,1895
446.6717,205.799,4:08:41:266841,1897
447.8768,205.5658,4:08:41:269883,1903
448.9835,205.3326,4:08:41:273940,1903
449.9919,205.0994,4:08:41:277854,1906
450.9264,204.8371,4:08:41:281851,1908
451.7626,204.633,4:08:41:285852,1907
452.5742,204.3707,4:08:41:290515,1906
453.3366,204.1083,4:08:41:293524,1906
453.9514,203.8459,4:08:41:297614,1903
454.4925,203.5836,4:08:41:302628,1903
454.9352,203.2921,4:08:41:306612,1897
455.3287,203.0006,4:08:41:309631,1894
455.6976,202.6508,4:08:41:314510,1894
456.0419,202.3302,4:08:41:318523,1895
456.3124,202.0095,4:08:41:322521,1904
456.46,201.6306,4:08:41:326521,1904
456.583,201.2224,4:08:41:330520,1901
456.7059,200.8143,4:08:41:334521,1899
456.7797,200.4063,4:08:41:338212,1900
456.8043,199.9398,4:08:41:342225,1904
456.8043,199.3568,4:08:41:346221,1908
456.8043,198.803,4:08:41:350222,1905
456.8043,198.22,4:08:41:354642,1897
456.8043,197.6078,4:08:41:358158,1896
456.8043,196.9374,4:08:41:362157,1898
456.8043,196.2378,4:08:41:366158,1926
456.8043,195.4799,4:08:41:370237,1987
456.2632,194.8094,4:08:41:374158,2072
456.2632,194.1973,4:08:41:378324,2174
456.2632,193.5851,4:08:41:382332,2292
456.2632,193.0313,4:08:41:386455,2396
456.2632,192.5941,4:08:41:390439,2502
456.2632,192.2151,4:08:41:394416,2612
456.2632,191.8945,4:08:41:399398,2713
456.2632,191.6613,4:08:41:402386,2808
456.2632,191.4863,4:08:41:406386,2873
456.2632,191.3406,4:08:41:410454,2914
456.2632,191.2531,4:08:41:414417,2926
456.2632,191.2531,4:08:41:418484,2919
456.2632,191.2531,4:08:41:422449,2909
456.2632,191.2531,4:08:41:426454,2900
455.9189,191.2531,4:08:41:430449,2902
455.9189,191.2531,4:08:41:434167,2914
455.9189,192.2151,4:08:41:438176,2930
455.9189,192.2151,4:08:41:442177,2952
455.9189,193.3811,4:08:41:446176,2976
455.7468,194.1098,4:08:41:450485,3005
455.7468,194.9552,4:08:41:454497,3032
455.6238,195.888,4:08:41:458129,3061
455.6238,196.8791,4:08:41:462130,3079
455.5009,197.9576,4:08:41:466168,3090
455.4271,199.0362,4:08:41:470129,3104
455.3533,200.173,4:08:41:474108,3111
455.3533,201.3682,4:08:41:478142,3123
455.3287,202.5925,4:08:41:482556,3130
455.3287,203.8459,4:08:41:486556,3136
455.3287,205.0994,4:08:41:490556,3139
455.3287,206.4111,4:08:41:494556,3136
455.3287,207.7229,4:08:41:498560,3092
455.3287,209.0347,4:08:41:501567,2957
455.3287,210.3755,4:08:41:506447,2752
455.3287,211.6873,4:08:41:510457,2473
455.3287,212.9991,4:08:41:514454,2206
455.3287,214.1359,4:08:41:518459,1897
455.8943,215.3019,4:08:41:522773,1502
455.8943,216.2639,4:08:41:525782,998
455.8943,217.1092,4:08:41:529786,526
456.4354,217.8088,4:08:41:533786,0
456.4354,218.3335,4:08:41:537785,0
456.9027,218.6541,4:08:41:541783,0
457.1978,218.7999,4:08:41:546459,0
457.5421,218.9165,4:08:41:549835,0
457.8864,218.9165,4:08:41:554453,0
458.4029,218.9165,4:08:41:557971,0
458.8702,218.9165,4:08:41:562458,0
459.3867,217.9837,4:08:41:566477,0
459.9031,217.9837,4:08:41:569980,0
460.395,217.1384,4:08:41:574022,0
460.8869,216.5845,4:08:41:577612,0
461.4034,215.9432,4:08:41:581923,0
461.8952,215.2144,4:08:41:585925,0
462.3379,214.3691,4:08:41:589924,0
462.8298,213.378,4:08:41:594029,0
463.3708,212.2995,4:08:41:597930,0
463.9611,211.1043,4:08:41:602504,0
464.5513,209.7634,4:08:41:606533,0
465.1662,208.3351,4:08:41:610515,0
465.8302,206.8484,4:08:41:613516,0
466.4451,205.3035,4:08:41:618513,0
467.1091,203.7294,4:08:41:622515,0
467.6993,202.1844,4:08:41:626511,0
468.2896,200.6978,4:08:41:629855,0
468.8553,199.2986,4:08:41:634331,0
469.3471,198.0451,4:08:41:638299,0
469.8144,196.8791,4:08:41:642311,0
470.2325,195.888,4:08:41:646285,0
470.5768,195.0426,4:08:41:650372,0
470.7982,194.2265,4:08:41:654413,0
470.9457,193.4977,4:08:41:658100,0
471.0687,192.769,4:08:41:661976,1913
471.1425,192.1859,4:08:41:665978,1989
471.1671,191.6321,4:08:41:669976,2128
471.1917,191.224,4:08:41:674458,2324
471.1917,190.8159,4:08:41:678027,2548
471.1917,190.5244,4:08:41:682460,2692
471.1917,190.3495,4:08:41:686491,2770
471.1917,190.3495,4:08:41:690467,2788
471.1917,190.3495,4:08:41:694470,2780
471.1917,190.3495,4:08:41:698470,2776
471.1917,191.3406,4:08:41:702470,2781
471.1917,192.011,4:08:41:706148,2809
471.1917,192.8564,4:08:41:710146,2845
471.1917,193.9058,4:08:41:714161,2894
471.1917,195.0718,4:08:41:718148,2951
471.1917,196.3835,4:08:41:721610,2995
471.1917,197.7827,4:08:41:725615,3031
471.1917,199.2694,4:08:41:729944,3056
471.1917,200.6978,4:08:41:733954,3071
471.1917,202.1844,4:08:41:738006,3081
471.1917,203.6711,4:08:41:741954,3089
471.1917,205.1577,4:08:41:746519,3097
471.1917,206.586,4:08:41:749558,3100
471.1917,208.0727,4:08:41:754454,3089
471.1917,209.5011,4:08:41:757972,3048
471.1917,210.8711,4:08:41:762506,2934
471.1917,212.2411,4:08:41:765516,2764
471.1917,213.5237,4:08:41:770515,2582
471.1917,214.6897,4:08:41:774516,2273
471.1917,215.8557,4:08:41:778516,1902
471.1917,216.9635,4:08:41:782516,1467
471.1917,217.9837,4:08:41:786507,900
471.1917,218.7999,4:08:41:790517,476
471.1917,219.5869,4:08:41:794517,184
471.1917,220.1991,4:08:41:798517,0
470.5768,220.8112,4:08:41:802517,0
470.5768,221.2485,4:08:41:806517,0
470.0112,221.5692,4:08:41:810503,0
469.6422,221.744,4:08:41:814514,0
469.1504,221.8024,4:08:41:818453,0
468.5847,221.8024,4:08:41:822464,0
467.9453,221.8024,4:08:41:826464,0
467.2075,221.8024,4:08:41:830465,0
466.2975,221.8024,4:08:41:834463,0
465.2892,221.1028,4:08:41:838474,0
464.1824,221.1028,4:08:41:842508,0
462.9774,220.374,4:08:41:847518,0
461.6493,220.374,4:08:41:850518,0
460.272,219.4412,4:08:41:853518,0
458.821,219.4412,4:08:41:858526,0
457.3208,218.4501,4:08:41:862516,0
455.7714,217.838,4:08:41:866509,0
454.1236,217.2258,4:08:41:870523,0
452.402,216.4971,4:08:41:874520,0
450.5575,215.7392,4:08:41:878522,0
448.7375,214.9229,4:08:41:882519,0
446.7455,213.9901,4:08:41:885815,0
444.655,212.9991,4:08:41:890602,0
442.4416,211.9496,4:08:41:894610,0
440.056,210.8711,4:08:41:897861,0
437.5228,209.7634,4:08:41:902880,0
434.8667,208.714,4:08:41:905871,0
432.0384,207.5771,4:08:41:909871,0
429.038,206.4695,4:08:41:914556,0
425.8408,205.3618,4:08:41:917566,0
422.4714,204.254,4:08:41:922611,0
419.0775,203.1755,4:08:41:925621,0
415.536,202.1552,4:08:41:929697,0
411.8469,201.1059,4:08:41:933621,0
408.0841,200.1439,4:08:41:937684,0
404.2967,199.2111,4:08:41:941621,0
400.4846,198.3366,4:08:41:946613,0
396.6726,197.5204,4:08:41:950129,0
392.8606,196.7917,4:08:41:954140,0
389.0239,196.1212,4:08:41:958129,0
385.2119,195.509,4:08:41:962128,0
381.4737,195.0135,4:08:41:966129,0
377.7846,194.5471,4:08:41:970453,0
374.2431,194.139,4:08:41:974142,0
370.7508,193.8183,4:08:41:978506,0
367.4798,193.556,4:08:41:982022,0
364.2826,193.2937,4:08:41:986092,0
361.2822,193.0896,4:08:41:990024,0
358.4539,192.8564,4:08:41:994504,0
355.724,192.6815,4:08:41:998514,0
353.2154,192.5358,4:08:42:002562,0
350.7807,192.3317,4:08:42:005562,0
348.4688,192.1859,4:08:42:010563,0
346.2554,192.0694,4:08:42:013562,0
344.1649,191.9236,4:08:42:018506,0
342.1483,191.7778,4:08:42:022516,0
340.2545,191.6321,4:08:42:026567,0
338.533,191.5155,4:08:42:029567,0
336.8852,191.3989,4:08:42:034255,0
335.4096,191.3406,4:08:42:038170,0
334.2045,191.2531,4:08:42:042170,0
333.1715,191.1949,4:08:42:046170,0
332.2616,191.1074,4:08:42:050510,587
331.5483,191.0491,4:08:42:053849,617
330.9581,190.9908,4:08:42:057909,687
330.54,190.9908,4:08:42:061925,778
330.3679,190.9617,4:08:42:065940,888
330.2449,190.9325,4:08:42:069906,971
330.1465,190.9034,4:08:42:074516,1019
330.0727,190.9034,4:08:42:078363,1045
330.0481,190.9034,4:08:42:081956,1046
330.0481,190.9034,4:08:42:085954,1042
330.0481,190.9034,4:08:42:090955,1057
330.0481,190.9034,4:08:42:093954,1110
330.0481,190.9034,4:08:42:098516,1211
330.0481,190.9034,4:08:42:101526,1343
330.5892,190.9034,4:08:42:105608,1485
330.5892,190.9034,4:08:42:109608,1603
331.0073,190.9034,4:08:42:113635,1680
331.0073,190.9034,4:08:42:117623,1742
331.8681,190.9034,4:08:42:122466,1788
332.4583,190.9034,4:08:42:126477,1831
333.1961,190.9034,4:08:42:129652,1884
334.1061,190.9034,4:08:42:134670,1929
335.2374,190.9034,4:08:42:137970,1960
336.5409,190.9034,4:08:42:141984,1988
338.0657,190.9034,4:08:42:146520,2025
339.8364,190.9034,4:08:42:150557,2064
341.8039,190.9034,4:08:42:154557,2100
344.0174,190.2038,4:08:42:157560,2130
346.4521,190.2038,4:08:42:162557,2141
349.0345,190.2038,4:08:42:165557,2144
351.8136,189.5625,4:08:42:170460,2148
354.7648,189.5625,4:08:42:174471,2154
357.9374,189.1835,4:08:42:178525,2165
361.3806,189.1835,4:08:42:182535,2176
365.0696,188.8629,4:08:42:186765,2193
369.0292,188.8629,4:08:42:190787,2205
373.1856,188.6005,4:08:42:193768,2219
377.4895,188.6005,4:08:42:198765,2238
381.9901,188.4839,4:08:42:201764,2243
386.7367,188.4256,4:08:42:205764,2256
391.6063,188.3673,4:08:42:210453,2263
396.5496,188.3382,4:08:42:214462,2266
401.4438,188.309,4:08:42:218460,2277
406.2888,188.2507,4:08:42:222462,2282
411.0353,188.1633,4:08:42:226462,2292
415.8803,188.0466,4:08:42:230463,2305
420.7499,187.9009,4:08:42:233946,2315
425.6686,187.7551,4:08:42:237955,2335
430.5382,187.5511,4:08:42:242023,2365
435.3094,187.347,4:08:42:245954,2399
439.9576,187.1138,4:08:42:250500,2443
444.5566,186.8806,4:08:42:254511,2483
449.2048,186.7057,4:08:42:258455,2517
453.8039,186.5017,4:08:42:262463,2550
458.2799,186.2977,4:08:42:266462,2578
462.5593,186.1227,4:08:42:270467,2602
466.6172,185.9187,4:08:42:274507,2619
470.503,185.8313,4:08:42:278524,2636
474.3151,185.6855,4:08:42:282512,2649
477.7828,185.5689,4:08:42:285522,2673
480.98,185.4814,4:08:42:290522,2700
483.9558,185.4523,4:08:42:294539,2737
486.5873,185.4231,4:08:42:298516,2784
488.9975,185.4231,4:08:42:302516,2831
491.1864,185.4231,4:08:42:306517,2891
493.2769,185.3649,4:08:42:310524,2947
495.1214,185.3649,4:08:42:314445,3010
496.9659,185.3649,4:08:42:318454,3078
498.6137,185.3649,4:08:42:322454,3138
500.1139,185.3649,4:08:42:326454,3204
501.4666,185.3649,4:08:42:330456,3270
502.6225,185.3649,4:08:42:334465,3342
503.6308,185.3649,4:08:42:338251,3427
504.3932,185.3649,4:08:42:342262,3519
505.0573,185.3649,4:08:42:346506,3603
505.5491,185.3649,4:08:42:349897,3678
505.9426,185.3649,4:08:42:353938,3741
506.2378,184.811,4:08:42:358898,3783
506.4345,184.811,4:08:42:361899,3814
506.5821,184.811,4:08:42:365897,3830
506.6559,184.811,4:08:42:370507,3833
506.6805,184.811,4:08:42:373517,3833
506.705,184.811,4:08:42:377885,3834
506.705,184.811,4:08:42:381912,3828
506.705,184.811,4:08:42:386511,3800
506.705,184.811,4:08:42:389521,3734
506.705,184.811,4:08:42:394525,3602
506.705,184.811,4:08:42:398521,3405
506.705,184.811,4:08:42:402522,3142
506.705,184.811,4:08:42:406522,2823
506.705,184.811,4:08:42:410835,2444
506.0902,184.811,4:08:42:413845,1951
506.0902,184.811,4:08:42:417843,1341
505.4016,184.811,4:08:42:421846,768
504.8605,184.811,4:08:42:425845,319
504.2211,184.811,4:08:42:429847,0
503.4341,184.811,4:08:42:434869,0
502.5241,184.811,4:08:42:437867,0
501.5649,184.811,4:08:42:442384,0
500.4582,184.811,4:08:42:446392,0
499.3515,184.811,4:08:42:450455,0
498.1218,184.0531,4:08:42:453993,0
496.8675,184.0531,4:08:42:458452,0
495.5887,183.2952,4:08:42:462465,0
494.2606,182.8288,4:08:42:466503,0
492.8588,182.3041,4:08:42:469514,0
491.4323,181.7502,4:08:42:474512,0
489.9813,181.1089,4:08:42:477511,0
488.4073,180.2928,4:08:42:482514,0
486.7349,179.3891,4:08:42:485514,0
484.9641,178.3105,4:08:42:490508,0
483.095,177.0571,4:08:42:493922,0
480.98,175.687,4:08:42:498501,0
480.98,175.687,4:08:42:516500,0
