435.334,157.1768,4:09:56:594586,0
433.1451,157.1768,4:09:56:597588,0
430.7595,157.1768,4:09:56:602313,0
428.128,156.3606,4:09:56:606258,0
425.0292,156.3606,4:09:56:610459,0
421.6107,155.661,4:09:56:613489,0
417.7986,155.661,4:09:56:618469,0
413.4209,154.6991,4:09:56:622470,0
408.5514,154.6991,4:09:56:626478,0
405.5017,153.8246,4:09:56:630454,0
402.1078,153.8246,4:09:56:633487,0
398.3942,153.3582,4:09:56:638465,0
394.6805,153.3582,4:09:56:642470,0
390.8685,153.0083,4:09:56:646465,0
386.8351,153.0083,4:09:56:649465,0
382.9493,153.0083,4:09:56:653464,0
378.9897,153.0083,4:09:56:658300,0
375.0055,153.0083,4:09:56:662298,0
370.9475,153.0083,4:09:56:666306,0
366.9142,153.0083,4:09:56:670308,0
362.8562,153.6788,4:09:56:674307,0
358.7736,153.6788,4:09:56:678306,0
354.814,154.2327,4:09:56:682299,0
350.7315,154.2327,4:09:56:686308,0
346.6735,154.2327,4:09:56:690308,0
342.6401,154.8739,4:09:56:694308,0
338.7051,154.8739,4:09:56:698306,0
334.8931,155.2529,4:09:56:702647,0
331.1794,155.2529,4:09:56:705657,0
327.5396,155.2529,4:09:56:709657,0
324.121,155.2529,4:09:56:713656,0
320.8747,155.457,4:09:56:717657,0
317.8742,155.457,4:09:56:721656,0
315.0213,155.457,4:09:56:725657,0
312.3652,155.457,4:09:56:730297,0
309.9305,155.457,4:09:56:733659,0
307.594,155.457,4:09:56:737659,0
305.6019,155.457,4:09:56:741658,0
303.7574,155.457,4:09:56:745659,0
302.1588,154.7574,4:09:56:750215,0
300.757,154.7574,4:09:56:754247,0
299.6011,154.7574,4:09:56:758257,0
298.7157,154.2327,4:09:56:762256,0
298.1254,154.2327,4:09:56:766265,0
297.9041,154.2327,4:09:56:770541,0
297.8057,153.6496,4:09:56:774089,0
297.8057,153.6496,4:09:56:778055,0
297.8057,153.2124,4:09:56:782055,0
298.5435,153.2124,4:09:56:786056,0
298.5435,152.6877,4:09:56:790280,0
299.6257,152.3962,4:09:56:794301,0
300.2405,152.0464,4:09:56:798311,0
300.9045,151.7258,4:09:56:801886,0
301.5686,151.4051,4:09:56:805860,0
302.208,151.0262,4:09:56:809857,0
302.9458,150.6472,4:09:56:813858,0
303.659,150.2682,4:09:56:817858,0
304.3477,149.9184,4:09:56:822295,0
304.9625,149.5686,4:09:56:826304,0
305.5282,149.248,4:09:56:830304,0
305.9955,148.9565,4:09:56:833994,0
306.3643,148.665,4:09:56:837511,0
306.6841,148.3443,4:09:56:841509,0
306.9054,148.1111,4:09:56:845509,0
307.1021,147.8779,4:09:56:849508,0
307.1513,147.6156,4:09:56:853508,0
307.2251,147.4407,4:09:56:857511,0
307.2251,147.2075,4:09:56:862210,0
307.2251,147.0326,4:09:56:865987,0
307.2251,146.8869,4:09:56:869996,0
307.2251,146.7702,4:09:56:873995,0
307.2251,146.6245,4:09:56:877995,0
306.5857,146.5079,4:09:56:881996,0
306.5857,146.3913,4:09:56:886248,0
306.5857,146.2164,4:09:56:889599,0
306.0938,146.0123,4:09:56:893600,0
306.0938,145.8666,4:09:56:898600,0
306.0938,145.6626,4:09:56:901600,0
305.6265,145.4585,4:09:56:906205,0
305.6265,145.2545,4:09:56:909558,0
305.6265,144.963,4:09:56:913558,0
305.3314,144.7006,4:09:56:917558,0
305.3314,144.4091,4:09:56:922695,0
305.3314,144.1759,4:09:56:925705,0
305.3314,143.9135,4:09:56:930295,0
305.3314,143.6512,4:09:56:933305,0
305.3314,143.3597,4:09:56:938304,0
305.3314,143.0974,4:09:56:941305,0
305.3314,142.8058,4:09:56:946305,0
305.3314,142.5143,4:09:56:950303,0
305.8725,142.1646,4:09:56:954321,0
305.8725,141.8147,4:09:56:958295,0
305.8725,141.4066,4:09:56:962360,0
305.8725,140.9986,4:09:56:965876,0
305.8725,140.6196,4:09:56:969886,0
306.2414,140.1823,4:09:56:973902,0
306.2414,139.8034,4:09:56:977876,0
306.2414,139.4827,4:09:56:982593,0
306.2414,139.2204,4:09:56:985603,0
306.2414,138.9581,4:09:56:989719,0
306.2414,138.6957,4:09:56:993603,844
306.2414,138.4333,4:09:56:997631,880
306.2414,138.2001,4:09:57:002206,955
306.2414,137.9961,4:09:57:006091,1102
306.2414,137.7629,4:09:57:010100,1317
305.6757,137.5589,4:09:57:014102,1545
305.6757,137.2965,4:09:57:017851,1780
305.6757,137.005,4:09:57:021851,1997
305.6757,136.7426,4:09:57:025851,2170
305.6757,136.4803,4:09:57:029851,2326
305.6757,136.218,4:09:57:034211,2477
305.6757,135.9556,4:09:57:038245,2602
305.6757,135.6933,4:09:57:042245,2741
305.6757,135.4601,4:09:57:046294,2886
305.6757,135.2852,4:09:57:050304,3025
305.6757,135.1102,4:09:57:054358,3162
305.6757,134.9937,4:09:57:057358,3292
305.6757,134.877,4:09:57:062359,3396
305.6757,134.8188,4:09:57:065358,3468
305.6757,134.7313,4:09:57:070291,3508
305.6757,134.7313,4:09:57:074302,3520
305.6757,134.7313,4:09:57:078286,3511
305.6757,134.7313,4:09:57:081296,3496
305.6757,134.7313,4:09:57:086315,3487
305.6757,134.7313,4:09:57:090297,3474
305.6757,134.7313,4:09:57:094296,3470
305.6757,135.4309,4:09:57:098292,3470
305.6757,135.4309,4:09:57:102302,3469
305.6757,136.4803,4:09:57:106325,3475
305.6757,137.209,4:09:57:110336,3478
305.6757,138.171,4:09:57:114337,3485
305.6757,139.2787,4:09:57:117335,3494
305.6757,140.5322,4:09:57:121416,3502
305.2822,142.0479,4:09:57:126349,3512
305.2822,143.7386,4:09:57:130299,3520
305.2822,145.5168,4:09:57:134304,3528
305.2822,147.3533,4:09:57:138235,3536
305.2822,149.248,4:09:57:142243,3543
305.2822,151.0844,4:09:57:146315,3545
305.2822,152.9792,4:09:57:150322,3545
305.7987,154.7282,4:09:57:154290,3524
305.7987,156.2731,4:09:57:158303,3473
306.2906,157.6723,4:09:57:162300,3381
306.2906,158.8967,4:09:57:166301,3236
306.7824,159.9752,4:09:57:170300,3045
306.7824,160.8788,4:09:57:174300,2815
307.2251,161.6367,4:09:57:177540,2532
307.2251,162.2489,4:09:57:181540,2199
307.5694,162.7153,4:09:57:185542,1794
307.5694,163.1234,4:09:57:189539,1366
307.8646,163.3857,4:09:57:194349,942
307.8646,163.5607,4:09:57:197643,535
308.0859,163.5607,4:09:57:201826,264
308.0859,163.5607,4:09:57:205827,0
308.2827,163.5607,4:09:57:209825,0
308.2827,163.5607,4:09:57:213848,0
308.3318,162.5404,4:09:57:218288,0
308.3318,162.5404,4:09:57:222299,0
308.3318,161.3161,4:09:57:226296,0
308.3318,160.5291,4:09:57:230299,0
308.3318,159.7128,4:09:57:234299,0
308.3318,158.8092,4:09:57:238288,0
308.3318,157.789,4:09:57:242314,0
308.3318,156.7104,4:09:57:245299,0
308.3318,155.5444,4:09:57:250601,0
308.3318,154.3492,4:09:57:253614,0
307.84,153.0958,4:09:57:257711,0
307.84,151.8132,4:09:57:261611,0
307.84,150.4723,4:09:57:265737,0
307.4711,149.1022,4:09:57:269612,0
307.4711,147.7905,4:09:57:274315,0
307.4711,146.5079,4:09:57:278319,0
307.053,145.2545,4:09:57:281693,0
307.053,143.9427,4:09:57:285706,0
306.7824,142.6601,4:09:57:289703,1095
306.7824,141.4358,4:09:57:293703,1119
306.4627,140.1823,4:09:57:298369,1222
306.3398,138.9872,4:09:57:301380,1402
306.2168,137.7046,4:09:57:306058,1615
306.2168,136.3929,4:09:57:310054,1878
306.143,135.052,4:09:57:314055,2085
306.143,133.7985,4:09:57:318062,2246
306.143,132.5159,4:09:57:322147,2409
306.143,131.2041,4:09:57:326156,2530
306.143,129.9507,4:09:57:330039,2659
306.9546,128.6973,4:09:57:334050,2782
306.9546,127.4438,4:09:57:338245,2888
307.7416,126.2195,4:09:57:342255,2978
308.2089,125.0244,4:09:57:346298,3057
308.7499,123.8584,4:09:57:349308,3126
309.3648,122.6924,4:09:57:353463,3190
310.0534,121.5555,4:09:57:357501,3245
310.865,120.477,4:09:57:361500,3297
311.7504,119.4567,4:09:57:365501,3342
312.6849,118.4948,4:09:57:370237,3381
313.6933,117.562,4:09:57:374266,3422
314.677,116.7749,4:09:57:377604,3449
315.7346,116.0462,4:09:57:381551,3467
316.7675,115.4923,4:09:57:385550,3484
317.825,115.0259,4:09:57:389552,3485
318.9072,114.7344,4:09:57:394235,3484
319.8909,114.6178,4:09:57:397588,3486
320.8747,114.6178,4:09:57:402289,3487
321.8584,114.6178,4:09:57:405813,3493
322.8914,115.4048,4:09:57:409652,3500
323.8751,116.0753,4:09:57:413652,3506
324.8834,116.9206,4:09:57:417651,3511
325.8918,117.97,4:09:57:421669,3518
326.9001,119.136,4:09:57:425759,3526
327.8593,120.4478,4:09:57:430767,3531
328.7447,121.8178,4:09:57:434337,3532
329.507,123.217,4:09:57:438338,3525
330.2695,124.6746,4:09:57:442335,3498
330.9581,126.0737,4:09:57:446336,3427
331.5237,127.4729,4:09:57:450239,3324
331.991,128.7847,4:09:57:454252,3173
332.3599,130.0381,4:09:57:458236,2963
332.6305,131.2041,4:09:57:461872,2695
332.8272,132.3118,4:09:57:465874,2324
332.9502,133.3904,4:09:57:469871,1827
332.9502,134.4106,4:09:57:474289,1187
332.9502,135.256,4:09:57:478299,643
332.9502,136.0722,4:09:57:482300,233
332.9502,136.8301,4:09:57:486297,0
332.0894,137.5005,4:09:57:490242,0
332.0894,138.171,4:09:57:494253,0
331.2778,138.7249,4:09:57:498250,0
330.7614,139.2495,4:09:57:502258,0
330.1957,139.7159,4:09:57:506279,0
329.6792,140.2406,4:09:57:509631,0
329.1382,140.7362,4:09:57:514291,0
328.6709,141.1734,4:09:57:517301,0
328.179,141.669,4:09:57:522301,0
327.8101,142.1062,4:09:57:525299,0
327.515,142.4561,4:09:57:530301,0
327.269,142.8058,4:09:57:533301,0
327.269,143.1265,4:09:57:538233,0
326.9985,143.418,4:09:57:542242,0
326.9985,143.6803,4:09:57:546288,0
326.9985,143.9135,4:09:57:549298,0
326.9985,144.1467,4:09:57:554262,0
326.9985,144.2925,4:09:57:558275,0
326.9001,144.4966,4:09:57:562316,0
326.851,144.6423,4:09:57:566312,0
326.8018,144.7881,4:09:57:570311,0
326.728,144.8755,4:09:57:573309,0
326.5804,144.9921,4:09:57:578288,0
326.4574,145.0504,4:09:57:582299,0
326.3099,145.1378,4:09:57:585952,0
326.1377,145.1962,4:09:57:589965,0
326.0393,145.1962,4:09:57:593962,0
325.9164,145.2545,4:09:57:597965,0
325.7934,145.2836,4:09:57:602178,0
325.7196,145.3127,4:09:57:606210,0
325.6458,145.3127,4:09:57:610288,0
325.6212,145.3127,4:09:57:613299,0
325.6212,145.3127,4:09:57:617298,0
325.6212,145.3127,4:09:57:622299,0
325.6212,145.3127,4:09:57:626299,0
325.6212,145.3127,4:09:57:631299,0
325.6212,145.3127,4:09:57:634296,0
325.6212,145.3127,4:09:57:638299,0
325.6212,145.3127,4:09:57:642296,0
326.3099,145.3127,4:09:57:646290,0
326.3099,145.3127,4:09:57:650307,0
326.3099,145.3127,4:09:57:654298,0
326.9001,144.7589,4:09:57:658317,0
326.9001,144.7589,4:09:57:661304,0
327.3674,144.7589,4:09:57:665300,0
327.3674,144.3217,4:09:57:669397,529
327.8839,144.3217,4:09:57:673445,545
328.1544,144.001,4:09:57:678380,592
328.4249,144.001,4:09:57:681392,660
328.7693,143.7386,4:09:57:686240,748
329.1136,143.7386,4:09:57:690160,861
329.4825,143.418,4:09:57:694161,977
329.8268,143.2722,4:09:57:698161,1098
330.1219,143.1265,4:09:57:702234,1228
330.3924,142.9516,4:09:57:706171,1343
330.6384,142.8058,4:09:57:710169,1468
330.9335,142.631,4:09:57:714166,1594
331.1302,142.3978,4:09:57:718221,1718
331.3024,142.2229,4:09:57:722168,1849
331.45,141.9897,4:09:57:725817,1961
331.5729,141.7565,4:09:57:730188,2080
331.7697,141.5815,4:09:57:734176,2202
331.9172,141.4066,4:09:57:738183,2317
332.0894,141.1734,4:09:57:742837,2435
332.2124,140.9986,4:09:57:745847,2553
332.2862,140.7654,4:09:57:749850,2664
332.3599,140.5322,4:09:57:753870,2773
332.4583,140.3573,4:09:57:757846,2870
332.4583,140.1823,4:09:57:761846,2944
332.4583,139.9783,4:09:57:766241,3008
332.4583,139.8326,4:09:57:770250,3048
332.4583,139.6577,4:09:57:774248,3077
332.4583,139.5119,4:09:57:778251,3092
331.9172,139.3953,4:09:57:782287,3092
331.9172,139.2787,4:09:57:786298,3096
331.3516,139.2787,4:09:57:790239,3095
331.3516,139.2495,4:09:57:793261,3092
330.54,139.2495,4:09:57:798240,3093
329.9497,139.2495,4:09:57:802251,3095
329.2611,139.2495,4:09:57:806249,3102
328.5479,139.92,4:09:57:810251,3111
327.7117,139.92,4:09:57:814289,3119
326.7772,140.6487,4:09:57:818297,3128
325.7934,140.6487,4:09:57:821713,3134
324.8097,141.6107,4:09:57:825725,3143
323.8259,142.1354,4:09:57:829913,3157
322.9159,142.6601,4:09:57:833923,3167
322.1043,143.2722,4:09:57:837940,3183
321.3665,143.9427,4:09:57:841921,3195
320.7517,144.6131,4:09:57:846294,3202
320.2352,145.3127,4:09:57:849307,3206
319.8663,145.9832,4:09:57:854234,3206
319.6204,146.7702,4:09:57:857882,3214
319.522,147.5282,4:09:57:862028,3219
319.522,148.2861,4:09:57:865928,3230
319.522,148.9565,4:09:57:869930,3241
319.522,149.5686,4:09:57:873928,3246
320.4812,150.1808,4:09:57:878287,3256
321.0222,150.6472,4:09:57:882298,3260
321.7108,151.0553,4:09:57:885836,3263
322.4978,151.3468,4:09:57:889833,3265
323.334,151.5508,4:09:57:893832,3265
324.2194,151.6091,4:09:57:897831,3269
325.1048,151.6091,4:09:57:902286,3271
325.9901,151.6091,4:09:57:905297,3274
326.8264,151.6091,4:09:57:910363,3275
327.6871,151.6091,4:09:57:914364,3276
328.4495,150.5889,4:09:57:917363,3275
329.1136,150.5889,4:09:57:921364,3275
329.6792,149.5395,4:09:57:925874,3273
330.1957,148.9565,4:09:57:929885,3272
330.6384,148.2861,4:09:57:934432,3268
331.0565,147.5282,4:09:57:938445,3266
331.3516,146.6828,4:09:57:941434,3265
331.5483,145.9541,4:09:57:945432,3264
331.6959,145.1962,4:09:57:950284,3267
331.8189,144.4091,4:09:57:953801,3262
331.8927,143.5929,4:09:57:957857,3260
331.9172,142.7184,4:09:57:961856,3253
331.9172,141.873,4:09:57:965900,3248
331.9172,141.0277,4:09:57:969854,3250
331.9172,140.2115,4:09:57:973979,3245
331.9172,139.3661,4:09:57:977855,3247
331.9172,138.4625,4:09:57:982240,3249
331.327,137.6463,4:09:57:986251,3250
331.327,136.9176,4:09:57:990280,3251
331.327,136.218,4:09:57:994278,3269
331.327,135.5766,4:09:57:997674,3299
331.327,135.052,4:09:58:001671,3334
331.327,134.6147,4:09:58:005672,3377
331.327,134.2941,4:09:58:010671,3407
331.327,134.0317,4:09:58:014164,3432
331.327,133.7985,4:09:58:017681,3447
331.327,133.6528,4:09:58:021651,3456
331.327,133.5945,4:09:58:025691,3451
331.327,133.5945,4:09:58:030182,3433
331.327,133.5945,4:09:58:034209,3423
331.327,133.5945,4:09:58:038224,3412
331.327,133.5945,4:09:58:042209,3408
331.327,134.2649,4:09:58:046262,3409
331.327,134.2649,4:09:58:050271,3410
331.327,135.1685,4:09:58:054204,3410
331.327,135.8098,4:09:58:058204,3414
331.327,136.5969,4:09:58:062298,3418
331.327,137.5005,4:09:58:065324,3419
331.327,138.5208,4:09:58:070307,3427
331.327,139.541,4:09:58:074307,3432
331.327,140.6196,4:09:58:078307,3441
331.327,141.8147,4:09:58:082308,3451
331.327,143.039,4:09:58:086308,3460
331.327,144.2925,4:09:58:090307,3465
331.327,145.5459,4:09:58:094289,3470
331.327,146.7411,4:09:58:098298,3474
331.327,147.8779,4:09:58:102299,3478
331.7451,149.0148,4:09:58:106299,3484
331.7451,150.0642,4:09:58:110299,3488
331.7451,150.997,4:09:58:114299,3490
331.7451,151.7549,4:09:58:117363,3489
331.7451,152.3962,4:09:58:121369,3489
331.7451,152.95,4:09:58:125465,3487
331.2286,153.329,4:09:58:130371,3487
331.2286,153.6205,4:09:58:134641,3496
331.2286,153.7954,4:09:58:137651,3505
331.2286,153.912,4:09:58:141653,3526
331.2286,153.912,4:09:58:145652,3549
331.2286,153.912,4:09:58:149699,3563
331.2286,153.912,4:09:58:153654,3575
331.2286,153.912,4:09:58:158238,3573
331.2286,153.125,4:09:58:162661,3571
331.2286,153.125,4:09:58:168034,3569
331.2286,152.163,4:09:58:170034,3565
331.2286,151.5508,4:09:58:174035,3564
331.2286,150.793,4:09:58:178035,3560
331.7451,149.9767,4:09:58:182040,3557
331.7451,149.0148,4:09:58:186045,3553
332.3599,147.9946,4:09:58:189389,3547
332.778,146.9743,4:09:58:193387,3544
333.2453,146.0123,4:09:58:198388,3537
333.7126,145.0213,4:09:58:201386,3533
334.2045,144.0885,4:09:58:206419,3529
334.7455,143.2431,4:09:58:209429,3520
335.2866,142.5143,4:09:58:213429,3514
335.8277,141.9605,4:09:58:217426,3511
336.3687,141.4941,4:09:58:222429,3507
336.836,141.1443,4:09:58:225428,3501
337.3033,140.8819,4:09:58:229991,3499
337.7706,140.707,4:09:58:233503,3493
338.1641,140.6196,4:09:58:238239,3487
338.6068,140.6196,4:09:58:242248,3487
339.0494,140.6196,4:09:58:245594,3485
339.5167,140.6196,4:09:58:249593,3484
339.9594,140.6196,4:09:58:253689,3484
340.4759,141.6107,4:09:58:257628,3488
340.9431,141.6107,4:09:58:262285,3492
341.4596,142.6893,4:09:58:266293,3498
341.9269,143.418,4:09:58:269735,3506
342.3942,144.3217,4:09:58:273738,3514
342.7877,145.3127,4:09:58:277735,3526
343.132,146.4205,4:09:58:281739,3534
343.3779,147.5865,4:09:58:286285,3546
343.5009,148.8982,4:09:58:290293,3555
343.5747,150.3266,4:09:58:293418,3561
343.5747,151.6966,4:09:58:297425,3570
343.5747,153.0083,4:09:58:301424,3577
343.5747,154.291,4:09:58:305424,3584
342.6401,155.5152,4:09:58:310232,3589
342.6401,156.6812,4:09:58:314244,3590
341.6072,157.7598,4:09:58:318243,3549
341.0169,158.6926,4:09:58:322244,3436
340.4267,159.5088,4:09:58:326243,3239
339.8364,160.2375,4:09:58:330243,2928
339.2216,160.8788,4:09:58:334283,2476
338.6313,161.4327,4:09:58:337289,1818
338.0657,161.8408,4:09:58:342279,1118
337.5492,162.1323,4:09:58:345293,532
337.0819,162.278,4:09:58:350296,0
336.6393,162.3072,4:09:58:354317,0
336.3195,162.3072,4:09:58:358306,0
336.1474,162.3072,4:09:58:362306,0
336.1474,161.491,4:09:58:366306,0
336.1474,161.491,4:09:58:369616,0
336.1474,160.325,4:09:58:374245,0
336.1474,159.5671,4:09:58:378443,0
336.959,158.6926,4:09:58:381439,0
336.959,157.7598,4:09:58:385609,0
338.0165,156.7687,4:09:58:389541,0
338.6313,155.7193,4:09:58:393543,0
339.32,154.6116,4:09:58:397543,0
340.0086,153.5039,4:09:58:402542,0
340.7956,152.3962,4:09:58:406546,0
341.5334,151.2885,4:09:58:410552,0
342.2958,150.1808,4:09:58:414237,0
343.0828,149.0731,4:09:58:417561,0
343.796,147.9946,4:09:58:422238,0
344.4846,146.916,4:09:58:425586,0
345.0995,145.9832,4:09:58:429324,0
345.6406,145.1087,4:09:58:433609,0
346.1078,144.2342,4:09:58:437609,0
346.5505,143.418,4:09:58:441609,0
346.9194,142.631,4:09:58:446238,0
347.2392,141.873,4:09:58:450248,0
347.5097,141.1443,4:09:58:454238,0
347.7556,140.3864,4:09:58:457635,0
348.0016,139.6285,4:09:58:462299,0
348.2475,138.8414,4:09:58:465309,0
348.5672,138.1127,4:09:58:470311,0
348.8869,137.4422,4:09:58:473309,0
349.2558,136.7718,4:09:58:478307,0
349.674,136.218,4:09:58:481309,0
350.092,135.6933,4:09:58:486314,0
350.5347,135.1685,4:09:58:490322,0
350.9528,134.7313,4:09:58:494334,1750
351.3463,134.2941,4:09:58:497321,1808
351.7644,133.886,4:09:58:502327,1931
352.1579,133.5361,4:09:58:506332,2109
352.5268,133.2446,4:09:58:510333,2330
352.9449,132.924,4:09:58:514332,2514
353.3138,132.6617,4:09:58:518333,2636
353.6827,132.4868,4:09:58:522333,2710
354.1254,132.3701,4:09:58:525826,2748
354.5927,132.3701,4:09:58:529385,2776
355.0354,132.3701,4:09:58:534344,2806
355.5027,132.3701,4:09:58:538343,2838
355.9453,132.3701,4:09:58:542291,2872
356.4126,132.3701,4:09:58:546300,2900
356.8061,133.3904,4:09:58:550232,2928
357.1996,133.3904,4:09:58:554249,2949
357.5439,134.4398,4:09:58:558240,2963
357.7653,135.052,4:09:58:562242,2971
357.9128,135.7807,4:09:58:566569,2979
357.9374,136.5094,4:09:58:569611,2985
357.9374,137.2965,4:09:58:573703,2992
357.9374,138.1127,4:09:58:577630,3002
357.2488,138.9581,4:09:58:581632,3008
357.2488,139.7742,4:09:58:585630,3011
356.1667,140.6196,4:09:58:590283,3018
355.4781,141.3192,4:09:58:594294,3010
354.7157,142.0188,4:09:58:598351,2992
353.9041,142.6893,4:09:58:602351,2968
353.0925,143.2722,4:09:58:606350,2924
352.33,143.797,4:09:58:609351,2878
351.5923,144.2925,4:09:58:614355,2831
350.9528,144.7006,4:09:58:618354,2783
350.3871,145.0213,4:09:58:622350,2747
349.9199,145.371,4:09:58:626357,2724
349.551,145.6917,4:09:58:630035,2707
349.2313,145.9249,4:09:58:634044,2700
349.0099,146.0998,4:09:58:638394,2691
348.8623,146.2455,4:09:58:641402,2680
348.764,146.3622,4:09:58:647602,2669
348.6902,146.4787,4:09:58:649613,2651
348.6656,146.537,4:09:58:654601,2639
348.6656,146.5662,4:09:58:657608,2628
348.6656,146.6245,4:09:58:661601,2626
348.6656,146.6537,4:09:58:665601,2626
348.6656,146.6828,4:09:58:670286,2625
348.6656,146.6828,4:09:58:673296,2630
349.2558,146.7702,4:09:58:678297,2630
349.2558,146.7702,4:09:58:682296,2630
349.9445,146.7994,4:09:58:686294,2629
350.3871,146.7994,4:09:58:690296,2626
350.9774,146.7994,4:09:58:693675,2626
351.5923,146.7994,4:09:58:697672,2625
352.33,146.7994,4:09:58:701672,2628
353.1417,146.7994,4:09:58:705673,2629
354.0024,146.129,4:09:58:709672,2630
354.937,146.129,4:09:58:713676,2632
355.8716,146.129,4:09:58:717481,2633
356.9045,145.4002,4:09:58:721682,2639
357.8882,145.4002,4:09:58:725797,2643
358.872,144.7589,4:09:58:729807,2649
359.7574,144.7589,4:09:58:733873,2650
360.6919,144.1759,4:09:58:737913,2654
361.6019,144.1759,4:09:58:742027,2654
362.4381,143.6221,4:09:58:745936,2659
363.2497,143.3597,4:09:58:750631,2664
364.0121,143.0974,4:09:58:753642,2661
364.7499,142.835,4:09:58:757641,2660
365.3647,142.631,4:09:58:761648,2662
366.0534,142.3103,4:09:58:765641,2662
366.6682,141.9897,4:09:58:769647,2663
367.1355,141.6107,4:09:58:773647,2666
367.5536,141.2901,4:09:58:777660,2663
367.9471,140.9402,4:09:58:782275,2661
368.2422,140.5322,4:09:58:785660,2662
368.4636,140.1241,4:09:58:790329,2658
368.6849,139.7159,4:09:58:794329,2657
368.8817,139.2787,4:09:58:798329,2662
369.0046,138.8414,4:09:58:802328,2663
369.103,138.3459,4:09:58:806233,2668
369.1522,137.8503,4:09:58:810244,2668
369.1768,137.3548,4:09:58:814242,2666
369.1768,136.8301,4:09:58:818244,2666
369.1768,136.3637,4:09:58:822261,2669
369.1768,135.8681,4:09:58:826622,2675
369.1768,135.4017,4:09:58:829624,2691
369.1768,134.9645,4:09:58:834624,2715
369.1768,134.4689,4:09:58:838295,2748
369.1768,134.0317,4:09:58:841332,2795
369.1768,133.5945,4:09:58:845676,2838
368.6603,133.1864,4:09:58:849686,2884
368.6603,132.72,4:09:58:853755,2931
368.6603,132.3701,4:09:58:857686,2995
368.6603,131.9912,4:09:58:862357,3071
368.193,131.6705,4:09:58:865370,3168
368.193,131.4082,4:09:58:870367,3271
368.193,131.1458,4:09:58:873367,3369
368.193,130.9418,4:09:58:878367,3471
367.8979,130.7961,4:09:58:881367,3557
367.8979,130.7086,4:09:58:885920,3630
367.8979,130.6212,4:09:58:889921,3679
367.8979,130.5629,4:09:58:893937,3704
367.8979,130.5045,4:09:58:897922,3710
367.8979,130.5045,4:09:58:902289,3704
367.8979,130.5045,4:09:58:905300,3692
367.8979,130.5045,4:09:58:910231,3673
367.8979,130.5045,4:09:58:914242,3659
367.7749,130.5045,4:09:58:918241,3648
367.7749,130.5045,4:09:58:922244,3641
367.7749,130.5045,4:09:58:926240,3647
367.7749,131.2625,4:09:58:930242,3656
367.6766,131.2625,4:09:58:934210,3673
367.652,131.9621,4:09:58:938260,3694
367.6028,132.4285,4:09:58:941394,3719
367.5536,132.9823,4:09:58:945392,3743
367.529,133.6528,4:09:58:949392,3762
367.5044,134.3524,4:09:58:954406,3782
367.4306,135.1394,4:09:58:958236,3792
367.4306,135.9848,4:09:58:961706,3805
367.406,136.8884,4:09:58:965398,3812
367.406,137.8795,4:09:58:969409,3815
367.3814,138.9289,4:09:58:974289,3824
367.3322,139.9491,4:09:58:978299,3831
367.3322,141.0569,4:09:58:982042,3830
367.3322,142.2811,4:09:58:986023,3788
367.3322,143.5929,4:09:58:990047,3724
367.3322,144.9046,4:09:58:994012,3587
367.3322,146.2455,4:09:58:998016,3373
367.3322,147.6447,4:09:59:002016,3137
367.3322,149.0148,4:09:59:006230,2875
367.3076,150.4431,4:09:59:010021,2541
367.2585,151.6966,4:09:59:014023,2113
367.2093,152.8043,4:09:59:018020,1586
367.1601,153.7663,4:09:59:022021,992
367.1355,154.5242,4:09:59:026022,500
367.0863,155.1655,4:09:59:030109,189
367.0863,155.661,4:09:59:034143,0
367.0617,155.9525,4:09:59:038115,0
367.0617,156.0983,4:09:59:042115,0
367.0617,156.1274,4:09:59:046293,0
367.0617,156.1274,4:09:59:049303,0
367.0617,156.1274,4:09:59:054305,0
367.0617,156.1274,4:09:59:058307,0
367.8733,155.1946,4:09:59:062307,0
367.8733,155.1946,4:09:59:065307,0
368.6603,154.2327,4:09:59:070282,0
369.1276,153.6496,4:09:59:074292,0
369.6195,153.0083,4:09:59:078230,0
370.1605,152.3087,4:09:59:081410,0
370.677,151.58,4:09:59:085453,0
371.218,150.7346,4:09:59:089408,0
371.7591,149.8602,4:09:59:093421,0
372.251,148.9565,4:09:59:097408,0
372.7429,147.9946,4:09:59:102278,0
373.2101,146.9743,4:09:59:105632,0
373.6528,146.0998,4:09:59:109764,0
374.0955,145.1378,4:09:59:113774,0
374.4644,144.205,4:09:59:117777,0
374.8087,143.2431,4:09:59:121774,0
375.0793,142.3103,4:09:59:126289,0
375.3498,141.4358,4:09:59:130126,0
375.5466,140.5322,4:09:59:134104,0
375.7679,139.7159,4:09:59:138105,0
375.9401,138.8706,4:09:59:142112,0
376.1122,138.0544,4:09:59:146107,0
376.309,137.3257,4:09:59:150497,0
376.5303,136.6552,4:09:59:153500,0
376.6779,136.0722,4:09:59:158289,0
376.8992,135.5184,4:09:59:161634,0
377.0468,135.052,4:09:59:166246,0
377.2435,134.6438,4:09:59:170278,0
377.3911,134.2941,4:09:59:173404,0
377.5387,133.9442,4:09:59:177395,1788
377.6616,133.6528,4:09:59:182395,1866
377.7846,133.3613,4:09:59:187395,2005
377.9076,133.1281,4:09:59:190743,2195
378.006,132.924,4:09:59:193743,2419
378.0797,132.72,4:09:59:197744,2589
378.1781,132.545,4:09:59:201746,2699
378.3011,132.4285,4:09:59:205722,2761
378.3994,132.3701,4:09:59:209732,2787
378.5224,132.3701,4:09:59:213790,2821
378.6454,132.3701,4:09:59:217735,2885
378.7683,132.3701,4:09:59:222235,2980
378.9651,132.3701,4:09:59:225839,3107
379.1618,132.3701,4:09:59:230289,3236
379.334,133.1864,4:09:59:234300,3373
379.5554,133.1864,4:09:59:238298,3512
379.8013,134.0609,4:09:59:242308,3647
379.998,134.6147,4:09:59:246311,3768
380.1702,135.256,4:09:59:249308,3867
380.3669,135.9556,4:09:59:254663,3941
380.5145,136.6844,4:09:59:257673,3994
380.662,137.5589,4:09:59:261762,4030
380.7112,138.4042,4:09:59:265673,4056
380.785,139.337,4:09:59:269793,4069
380.8096,140.2115,4:09:59:273673,4080
380.8342,141.086,4:09:59:278230,4094
380.8342,142.1062,4:09:59:281426,4099
380.8342,143.1265,4:09:59:286199,4107
380.8342,144.1759,4:09:59:290213,4105
380.8342,145.2836,4:09:59:293774,4082
380.8342,146.3622,4:09:59:297764,4019
380.8342,147.4407,4:09:59:301764,3839
380.8342,148.5484,4:09:59:305765,3540
380.8342,149.6852,4:09:59:310296,3111
380.8342,150.7346,4:09:59:313307,2517
380.3669,151.6966,4:09:59:317306,1818
380.3669,152.5711,4:09:59:322324,1093
380.3669,153.329,4:09:59:326304,517
379.9734,153.912,4:09:59:330316,0
379.9734,154.4659,4:09:59:334224,0
379.5799,154.7865,4:09:59:338234,0
379.5799,155.0197,4:09:59:342284,0
379.5799,155.1363,4:09:59:345295,0
379.5799,155.1363,4:09:59:349448,0
379.5799,155.1363,4:09:59:353465,0
379.5799,155.1363,4:09:59:357558,0
380.4899,155.1363,4:09:59:361449,0
381.0556,155.1363,4:09:59:366229,0
381.7688,154.1743,4:09:59:370245,0
382.6296,154.1743,4:09:59:374284,0
383.5149,153.3582,4:09:59:377654,0
384.4987,152.8335,4:09:59:382237,0
385.5316,152.163,4:09:59:386672,0
386.6137,151.4634,4:09:59:389685,0
387.7451,150.6472,4:09:59:393688,0
388.8764,149.8018,4:09:59:397806,0
389.9585,148.869,4:09:59:401686,0
390.9177,147.9946,4:09:59:406452,0
391.8522,147.1201,4:09:59:409491,0
392.7376,146.333,4:09:59:413465,0
393.5492,145.5751,4:09:59:418460,0
394.2378,144.9921,4:09:59:421473,0
394.8035,144.4966,4:09:59:425462,0
395.2953,144.1467,4:09:59:430288,0
395.7626,143.8844,4:09:59:434302,0
396.2791,143.6803,4:09:59:438172,0
396.6972,143.5346,4:09:59:442172,0
397.0907,143.5054,4:09:59:446174,0
397.3612,143.4763,4:09:59:450173,0
397.6071,143.418,4:09:59:454288,0
397.8285,143.418,4:09:59:458305,2751
398.0498,143.418,4:09:59:462351,2756
398.1482,143.418,4:09:59:465352,2766
398.2466,143.418,4:09:59:470351,2779
398.2712,143.418,4:09:59:473355,2795
398.2712,143.3889,4:09:59:478286,2807
398.2712,143.3889,4:09:59:481299,2819
398.2712,143.3889,4:09:59:486288,2832
398.2712,143.3889,4:09:59:489296,2847
398.2712,143.3889,4:09:59:494314,2862
398.2712,144.0593,4:09:59:497301,2872
398.2712,144.0593,4:09:59:502298,2879
398.2712,144.7881,4:09:59:506310,2877
397.558,144.7881,4:09:59:510300,2852
397.558,145.7209,4:09:59:514300,2804
396.6234,146.2164,4:09:59:518235,2725
396.0577,146.2164,4:09:59:522245,2624
395.4921,146.9743,4:09:59:526243,2528
394.9265,146.9743,4:09:59:530268,2435
394.3608,147.4698,4:09:59:534246,2355
393.8935,147.4698,4:09:59:538243,2279
393.4262,147.4698,4:09:59:542290,2208
393.0081,147.4698,4:09:59:545298,2154
392.6392,147.4698,4:09:59:550281,2115
392.4179,147.4698,4:09:59:554291,2096
392.1227,147.4698,4:09:59:558292,2082
391.9014,147.4698,4:09:59:562290,2064
391.6555,146.7994,4:09:59:566444,2048
391.4833,146.7994,4:09:59:569454,2029
391.3604,146.2455,4:09:59:574299,2009
391.3358,146.2455,4:09:59:578313,1993
391.3358,145.6917,4:09:59:582299,1974
391.3358,145.6917,4:09:59:585296,1955
391.3358,145.1962,4:09:59:590280,1946
391.926,145.1962,4:09:59:593309,1946
391.926,144.7589,4:09:59:598310,1947
392.6392,144.7589,4:09:59:601309,1950
393.1803,144.2925,4:09:59:606579,1953
393.7951,144.2925,4:09:59:609588,1949
394.5083,143.9135,4:09:59:613588,1947
395.2953,143.7678,4:09:59:617589,1947
396.1069,143.5929,4:09:59:621590,1949
396.9923,143.3889,4:09:59:625592,1943
397.9269,143.1848,4:09:59:629988,1940
398.8615,143.039,4:09:59:633809,1934
399.796,142.835,4:09:59:638288,1931
400.706,142.5726,4:09:59:641325,1936
401.5667,142.2811,4:09:59:646580,1940
402.4521,141.9897,4:09:59:651587,1948
403.2883,141.6982,4:09:59:653588,1973
404.0999,141.4066,4:09:59:657589,2013
404.9115,141.086,4:09:59:661587,2051
405.6985,140.7654,4:09:59:666273,2086
406.4609,140.4447,4:09:59:670281,2110
407.1495,140.1241,4:09:59:674225,2135
407.8136,139.8326,4:09:59:678235,2162
408.453,139.5119,4:09:59:682232,2192
409.0678,139.1329,4:09:59:686235,2218
409.6581,138.7249,4:09:59:690235,2227
410.1992,138.3167,4:09:59:694235,2234
410.7402,137.9086,4:09:59:700101,2237
411.2321,137.4422,4:09:59:703099,2238
411.6994,137.005,4:09:59:706103,2239
412.1421,136.4803,4:09:59:710099,2245
412.5356,135.8681,4:09:59:714099,2267
412.8553,135.3143,4:09:59:718248,2301
413.1258,134.7313,4:09:59:721765,2366
413.3472,134.09,4:09:59:725848,2455
413.5193,133.507,4:09:59:729765,2548
413.6423,132.8949,4:09:59:733835,2662
413.6669,132.2827,4:09:59:737765,2789
413.6915,131.7289,4:09:59:742280,2915
413.6915,131.2625,4:09:59:746290,3058
413.6915,130.7961,4:09:59:750228,3217
413.6915,130.4462,4:09:59:753549,3372
413.6915,130.0965,4:09:59:758229,3535
413.6915,129.8341,4:09:59:761745,3696
413.6915,129.6592,4:09:59:765745,3842
413.6915,129.5134,4:09:59:769748,3970
413.6915,129.3969,4:09:59:773745,4068
413.6915,129.3677,4:09:59:777746,4134
413.6915,129.3385,4:09:59:782277,4163
413.6915,129.3385,4:09:59:786287,4163
413.6915,129.3385,4:09:59:789869,4151
413.2488,129.3385,4:09:59:793879,4142
413.2488,129.3385,4:09:59:797878,4136
413.2488,129.3385,4:09:59:801879,4139
412.9536,130.1839,4:09:59:806283,4146
412.9536,130.1839,4:09:59:810294,4154
412.5602,131.1458,4:09:59:813398,4162
412.3142,131.758,4:09:59:818431,4175
412.0683,132.5159,4:09:59:822429,4188
411.8224,133.3613,4:09:59:825408,4201
411.5764,134.2941,4:09:59:829411,4210
411.3551,135.2852,4:09:59:834421,4217
411.1337,136.3637,4:09:59:838288,4225
410.9861,137.588,4:09:59:841343,4226
410.814,138.8414,4:09:59:846285,4208
410.691,140.1823,4:09:59:850306,4119
410.5927,141.669,4:09:59:854228,3965
410.5435,143.2139,4:09:59:857989,3702
410.5189,144.9046,4:09:59:861989,3372
410.4451,146.6245,4:09:59:866016,2981
410.4451,148.3443,4:09:59:869988,2491
410.4451,150.035,4:09:59:873989,1857
410.4451,151.6966,4:09:59:878227,1151
410.4205,153.2124,4:09:59:881439,574
410.3221,154.5824,4:09:59:885479,0
410.1992,155.7193,4:09:59:889489,0
410.0024,156.6521,4:09:59:894489,0
409.7811,157.3808,4:09:59:897489,0
409.5105,157.9347,4:09:59:902282,0
409.1416,158.4011,4:09:59:905621,0
408.6743,158.6051,4:09:59:910254,0
408.1087,158.8092,4:09:59:914272,0
407.4447,158.8675,4:09:59:918252,0
406.7314,158.8675,4:09:59:922252,0
405.9198,158.8675,4:09:59:926226,0
404.9607,158.8675,4:09:59:930282,0
403.9523,158.8675,4:09:59:934282,0
402.821,158.2262,4:09:59:938290,0
401.6159,158.2262,4:09:59:942293,0
400.3371,157.6723,4:09:59:946293,0
398.9598,157.6723,4:09:59:950287,0
397.5088,157.0311,4:09:59:954297,0
396.0577,157.0311,4:09:59:958346,0
394.5575,156.2148,4:09:59:961347,0
392.8852,155.7193,4:09:59:966347,0
391.2374,155.1946,4:09:59:969347,0
389.5896,154.6407,4:09:59:974291,0
387.8434,154.0578,4:09:59:977665,0
386.0481,153.3873,4:09:59:981479,0
384.179,152.6586,4:09:59:985498,0
382.2115,151.8423,4:09:59:989489,0
380.1702,150.997,4:09:59:993489,0
378.0551,150.1225,4:09:59:998357,0
375.8171,149.248,4:10:00:002367,0
373.4069,148.3152,4:10:00:006367,0
370.9721,147.3533,4:10:00:010368,0
368.3406,146.4205,4:10:00:014365,0
365.6353,145.6042,4:10:00:018367,0
362.807,144.8463,4:10:00:021367,0
359.8803,144.0302,4:10:00:025367,0
356.8799,143.3306,4:10:00:029367,0
353.7811,142.631,4:10:00:034367,0
350.6577,141.9605,4:10:00:038292,0
347.3867,141.3192,4:10:00:041709,0
344.1404,140.707,4:10:00:046287,0
340.8448,140.0658,4:10:00:050297,0
337.5738,139.4827,4:10:00:054294,0
334.3274,138.8706,4:10:00:057297,0
331.1302,138.3167,4:10:00:062296,0
327.9822,137.7629,4:10:00:066296,0
324.9572,137.2965,4:10:00:070283,0
322.0305,136.8301,4:10:00:074294,0
319.2023,136.3929,4:10:00:078282,0
316.4724,135.9556,4:10:00:082293,0
313.8163,135.5475,4:10:00:086228,0
311.2339,135.1394,4:10:00:090433,0
308.7745,134.7313,4:10:00:093433,0
306.4873,134.3232,4:10:00:097434,0
304.3231,133.9442,4:10:00:102632,0
302.208,133.5945,4:10:00:105645,0
300.2159,133.2446,4:10:00:109642,0
298.3468,132.924,4:10:00:113642,0
296.5269,132.6617,4:10:00:117642,0
294.7807,132.4285,4:10:00:121643,0
293.1329,132.2244,4:10:00:126229,0
291.4359,132.0204,4:10:00:129659,0
289.7635,131.9329,4:10:00:134280,0
288.1404,131.8163,4:10:00:137648,0
286.5172,131.7289,4:10:00:142227,0
284.9432,131.6705,4:10:00:146237,0
283.4184,131.6122,4:10:00:150284,0
281.9673,131.554,4:10:00:154294,0
280.6639,131.5248,4:10:00:158294,0
279.385,131.4665,4:10:00:161299,0
278.2537,131.4665,4:10:00:166614,0
277.1962,131.4373,4:10:00:169655,0
276.3354,131.4082,4:10:00:173690,718
275.5484,131.3499,4:10:00:177626,745
274.9089,131.2916,4:10:00:181630,815
274.4171,131.2625,4:10:00:185625,940
274.0236,131.2041,4:10:00:190414,1135
273.7039,131.1458,4:10:00:193414,1346
273.5071,131.0584,4:10:00:197416,1534
273.4087,131.0001,4:10:00:201415,1701
273.3841,130.9418,4:10:00:206569,1809
273.3841,130.9126,4:10:00:211579,1877
273.3841,130.8544,4:10:00:213580,1928
273.3841,130.7669,4:10:00:218587,1955
274.1957,130.7086,4:10:00:221652,1981
274.1957,130.592,4:10:00:225582,2031
275.2533,130.4462,4:10:00:230065,2108
276.0403,130.3005,4:10:00:234073,2201
276.9502,130.1548,4:10:00:238293,2297
278.0323,129.9798,4:10:00:241332,2380
279.2866,129.8341,4:10:00:246328,2455
280.6885,129.6884,4:10:00:249333,2517
282.287,129.5426,4:10:00:254331,2585
284.0824,129.3969,4:10:00:257366,2649
285.9761,129.2511,4:10:00:262283,2706
287.9682,129.1345,4:10:00:266293,2755
290.1325,128.9888,4:10:00:270279,2791
292.3459,128.8721,4:10:00:274288,2822
294.7315,128.7847,4:10:00:278280,2840
297.2155,128.6681,4:10:00:282290,2861
299.8716,128.5806,4:10:00:286291,2879
302.6753,128.4641,4:10:00:290289,2899
305.7249,128.4057,4:10:00:294537,2920
308.8975,128.2892,4:10:00:297548,2935
312.2177,128.2309,4:10:00:301546,2949
315.7838,128.1142,4:10:00:305548,2955
319.3007,127.9977,4:10:00:309546,2959
322.9651,127.8811,4:10:00:314564,2961
326.7772,127.8227,4:10:00:318236,2964
330.6384,127.6479,4:10:00:321751,2969
334.5734,127.5895,4:10:00:326396,2982
338.5822,127.4729,4:10:00:330404,2998
342.5663,127.3272,4:10:00:334217,3026
346.5997,127.2106,4:10:00:338259,3063
350.6331,127.094,4:10:00:342263,3104
354.6665,127.0065,4:10:00:346254,3153
358.6998,126.8608,4:10:00:350257,3196
362.6594,126.7442,4:10:00:354255,3235
366.619,126.5984,4:10:00:358226,3278
370.5294,126.4818,4:10:00:362237,3321
374.3661,126.3361,4:10:00:366412,3372
378.1781,126.1903,4:10:00:369423,3432
381.8918,126.0737,4:10:00:373422,3487
385.4579,125.928,4:10:00:377422,3540
388.901,125.7822,4:10:00:382427,3580
392.1473,125.6656,4:10:00:385439,3615
395.2953,125.5199,4:10:00:389440,3649
398.4188,125.4033,4:10:00:393438,3674
401.4438,125.2867,4:10:00:398230,3690
404.395,125.2284,4:10:00:402241,3701
407.3463,125.141,4:10:00:406238,3704
410.3221,125.0826,4:10:00:410241,3708
413.175,125.0244,4:10:00:414283,3717
415.9049,124.9952,4:10:00:418292,3722
418.438,124.9952,4:10:00:422297,3724
420.8728,124.9952,4:10:00:426294,3731
423.1601,124.9952,4:10:00:430040,3738
425.2751,124.9952,4:10:00:434050,3742
427.3164,124.9952,4:10:00:438237,3753
429.1855,124.9952,4:10:00:442236,3757
431.0055,124.9952,4:10:00:446236,3763
432.727,124.9952,4:10:00:450251,3770
434.4486,124.9952,4:10:00:454278,3783
436.0226,124.9952,4:10:00:457318,3816
437.5228,124.9952,4:10:00:462277,3855
438.9738,124.9952,4:10:00:465290,3912
440.2773,124.9952,4:10:00:470311,3973
441.507,124.9952,4:10:00:473288,4027
442.6137,124.9952,4:10:00:478301,4075
443.6221,124.9952,4:10:00:482290,4122
444.4828,124.9952,4:10:00:486283,4172
445.319,125.4033,4:10:00:489293,4221
445.9831,125.4033,4:10:00:493501,4267
446.6225,125.4033,4:10:00:497498,4309
447.139,125.4033,4:10:00:501623,4343
447.6554,125.4033,4:10:00:505498,4379
448.049,125.4033,4:10:00:509812,4427
448.4424,125.4033,4:10:00:513822,4471
448.7375,125.4033,4:10:00:517822,4510
448.9835,125.4033,4:10:00:521821,4542
449.2048,125.4033,4:10:00:525819,4564
449.4262,125.4033,4:10:00:529823,4580
449.5738,125.4033,4:10:00:533822,4588
449.7213,125.4033,4:10:00:537822,4593
449.7951,125.4033,4:10:00:542210,4591
449.8689,125.4033,4:10:00:545425,4592
449.8935,125.4033,4:10:00:550344,4586
449.9673,125.4033,4:10:00:553626,4581
450.0164,125.4033,4:10:00:557647,4577
450.0164,125.4033,4:10:00:561626,4561
450.0164,125.4033,4:10:00:565742,4536
450.0164,125.4033,4:10:00:569629,4489
450.0164,125.4033,4:10:00:574205,4410
450.0164,125.4033,4:10:00:578214,4299
450.0164,125.4033,4:10:00:582218,4149
450.0164,125.4033,4:10:00:586213,3988
450.0164,125.4033,4:10:00:590226,3793
450.0164,125.4033,4:10:00:594214,3559
449.5492,125.4033,4:10:00:598226,3288
449.5492,125.4033,4:10:00:602241,2938
449.1065,125.4033,4:10:00:606074,2482
449.1065,125.4033,4:10:00:610074,1865
448.467,125.9863,4:10:00:614074,1168
447.9506,125.9863,4:10:00:618074,583
447.3603,125.9863,4:10:00:622072,0
446.6225,125.9863,4:10:00:626072,0
445.7863,125.9863,4:10:00:630235,0
444.8026,125.9863,4:10:00:634081,0
443.6713,125.9863,4:10:00:638172,0
442.4908,125.9863,4:10:00:642083,0
441.2119,125.0826,4:10:00:646123,0
439.8346,125.0826,4:10:00:650083,0
438.4082,124.0332,4:10:00:654285,0
436.8342,123.392,4:10:00:658305,0
435.1864,122.7506,4:10:00:662147,0
433.4156,121.9928,4:10:00:666161,0
431.5957,121.2057,4:10:00:670585,0
429.6528,120.4186,4:10:00:673585,0
427.5869,119.5442,4:10:00:677587,0
425.3735,118.6696,4:10:00:681585,0
422.8403,117.7368,4:10:00:685586,0
422.8403,117.7368,4:10:00:704044,0
