377.3911,358.166,3:15:56:778919,0
377.3911,358.166,3:15:56:782948,0
376.309,358.166,3:15:56:786916,0
375.5466,358.166,3:15:56:791427,0
374.5874,357.4956,3:15:56:795436,0
373.4069,357.4956,3:15:56:798437,0
372.0297,356.5919,3:15:56:803436,0
370.3081,356.5919,3:15:56:807467,0
368.4882,355.4843,3:15:56:811493,0
367.0371,354.9012,3:15:56:814477,0
365.3401,354.2599,3:15:56:818477,0
363.594,353.7935,3:15:56:823579,0
361.774,353.3271,3:15:56:826588,0
359.9049,353.3271,3:15:56:830588,0
358.0358,352.6275,3:15:56:834588,0
356.2651,352.1903,3:15:56:838588,0
354.3467,351.8113,3:15:56:843445,0
352.4038,351.3741,3:15:56:846457,0
350.6331,350.9951,3:15:56:850469,0
348.8623,350.6454,3:15:56:854466,0
347.1654,350.2664,3:15:56:859466,0
345.5422,349.7708,3:15:56:862489,0
343.9682,349.3044,3:15:56:867148,0
342.4434,348.8964,3:15:56:871022,0
340.9185,348.4008,3:15:56:875326,0
339.3937,347.9344,3:15:56:879336,0
337.8689,347.3806,3:15:56:883335,0
336.3687,346.8267,3:15:56:887336,0
334.9177,346.2437,3:15:56:891336,0
333.4175,345.6898,3:15:56:895379,0
331.9664,345.0486,3:15:56:898389,0
330.4908,344.4073,3:15:56:902389,0
329.1136,343.7368,3:15:56:906389,0
327.7363,343.0955,3:15:56:910389,0
326.4328,342.3084,3:15:56:915265,0
325.154,341.5797,3:15:56:918781,0
323.8751,340.7926,3:15:56:922781,0
322.7192,339.9473,3:15:56:927229,0
321.6125,339.0728,3:15:56:931250,0
320.5549,338.2274,3:15:56:935238,0
319.522,337.3529,3:15:56:939255,0
318.5628,336.4493,3:15:56:943241,0
317.6283,335.5748,3:15:56:947133,0
316.7183,334.642,3:15:56:951404,0
315.8329,333.6801,3:15:56:954414,0
314.9722,332.8055,3:15:56:958415,0
314.1114,331.9311,3:15:56:962414,0
313.2752,331.1148,3:15:56:966417,0
312.439,330.3861,3:15:56:970415,0
311.5782,329.6573,3:15:56:975160,0
310.7666,328.9286,3:15:56:979154,0
309.9305,328.3456,3:15:56:983163,0
309.0697,327.7335,3:15:56:987186,0
308.1843,327.1796,3:15:56:991185,0
307.2743,326.5383,3:15:56:995162,0
306.3398,325.9553,3:15:56:999364,0
305.4298,325.2849,3:15:57:002374,0
304.4706,324.6727,3:15:57:006382,0
303.5361,324.0897,3:15:57:010377,0
302.6507,323.4775,3:15:57:014374,0
301.8145,322.8654,3:15:57:019399,0
301.0029,322.2824,3:15:57:023428,0
300.2159,321.7577,3:15:57:027407,0
299.5273,321.2913,3:15:57:030409,0
298.8141,320.7666,3:15:57:034409,0
298.1992,320.2711,3:15:57:039427,0
297.6336,319.8338,3:15:57:042409,0
297.0925,319.3091,3:15:57:047120,0
296.5269,318.8427,3:15:57:051373,0
296.1088,318.3471,3:15:57:054383,0
295.6906,317.8807,3:15:57:059359,0
295.3217,317.4435,3:15:57:062369,0
295.002,316.9771,3:15:57:066393,0
294.7561,316.5107,3:15:57:070368,0
294.5102,316.0151,3:15:57:074369,0
294.2888,315.6071,3:15:57:078369,0
294.0921,315.1989,3:15:57:082368,0
293.9199,314.8492,3:15:57:087438,0
293.7477,314.4702,3:15:57:090448,0
293.6002,314.0621,3:15:57:094448,0
293.4034,313.7415,3:15:57:098448,0
293.2313,313.3625,3:15:57:103120,0
293.0099,313.0127,3:15:57:107152,0
292.7148,312.692,3:15:57:111150,685
292.4197,312.4005,3:15:57:115160,688
292.1,312.109,3:15:57:119385,704
291.7802,311.8467,3:15:57:122413,727
291.5097,311.6135,3:15:57:126397,754
291.2146,311.4677,3:15:57:130541,786
290.9687,311.322,3:15:57:134524,810
290.7965,311.2346,3:15:57:138546,818
290.6735,311.2054,3:15:57:143522,818
290.5998,311.2054,3:15:57:146524,822
290.526,311.2054,3:15:57:151530,817
290.5014,311.2054,3:15:57:154541,817
290.5014,311.2054,3:15:57:158567,824
290.5014,311.2054,3:15:57:162538,821
290.5014,311.2054,3:15:57:166573,825
290.5014,311.2054,3:15:57:170540,838
291.0916,311.9633,3:15:57:175120,842
291.0916,311.9633,3:15:57:179171,839
291.6819,312.6629,3:15:57:183131,847
291.6819,312.6629,3:15:57:186395,859
292.4935,313.5666,3:15:57:190972,876
292.9854,314.1787,3:15:57:194950,899
293.4772,314.7909,3:15:57:198966,924
294.0429,315.5487,3:15:57:202950,950
294.6331,316.3066,3:15:57:207175,978
295.2726,317.2103,3:15:57:211185,1010
295.9612,318.1431,3:15:57:215188,1043
296.699,319.1634,3:15:57:219186,1075
297.3876,320.2711,3:15:57:223183,1109
298.1254,321.4954,3:15:57:227183,1152
298.9616,322.8362,3:15:57:231155,1182
299.847,324.2354,3:15:57:235167,1210
300.7078,325.7513,3:15:57:239180,1244
301.6669,327.3836,3:15:57:243164,1279
302.6261,329.1618,3:15:57:247629,1306
303.6344,331.0857,3:15:57:250639,1351
304.692,333.097,3:15:57:255424,1398
305.7495,335.1667,3:15:57:258434,1426
306.807,337.3529,3:15:57:263253,1479
307.8646,339.6849,3:15:57:266264,1513
308.9221,342.0461,3:15:57:271263,1550
309.955,344.4655,3:15:57:275261,1601
310.9634,346.8558,3:15:57:279264,1635
311.9717,349.2753,3:15:57:282263,1668
312.9309,351.6364,3:15:57:286921,1702
313.8654,353.9976,3:15:57:290920,1733
314.7754,356.3004,3:15:57:294938,1759
315.6608,358.4867,3:15:57:298920,1802
316.4724,360.5855,3:15:57:303242,1832
317.284,362.626,3:15:57:307267,1862
318.0464,364.579,3:15:57:311261,1905
318.7842,366.5321,3:15:57:315272,1932
319.4482,368.3686,3:15:57:319260,1959
320.1122,370.1467,3:15:57:322259,1982
320.7025,371.8083,3:15:57:327261,2000
321.2928,373.4406,3:15:57:331261,2014
321.8338,374.9856,3:15:57:334748,2028
322.3257,376.3557,3:15:57:339266,2037
322.7684,377.58,3:15:57:343343,2039
323.1373,378.6585,3:15:57:347324,2034
323.4816,379.5621,3:15:57:351242,2031
323.8013,380.32,3:15:57:355253,2029
324.0226,380.9322,3:15:57:359252,2029
324.2194,381.3986,3:15:57:363252,2039
324.367,381.6901,3:15:57:367252,2039
324.4653,381.9525,3:15:57:371259,2043
324.5637,382.0691,3:15:57:375205,2047
324.6129,382.1273,3:15:57:379216,2054
324.6129,382.1273,3:15:57:383214,2062
324.6129,382.1273,3:15:57:387216,2062
324.6129,382.1273,3:15:57:391522,2044
324.6129,382.1273,3:15:57:394554,1998
324.6129,381.1071,3:15:57:398532,1944
323.8751,380.4366,3:15:57:402535,1885
323.8751,379.5913,3:15:57:406535,1842
323.0881,378.5128,3:15:57:410534,1806
322.547,377.2301,3:15:57:415206,1775
321.9568,375.6269,3:15:57:419214,1748
321.2928,373.8488,3:15:57:423214,1720
320.5549,371.954,3:15:57:427216,1707
319.7679,370.0009,3:15:57:431215,1694
318.9318,367.9313,3:15:57:435215,1682
318.0218,365.7451,3:15:57:438929,1685
317.0872,363.5297,3:15:57:442942,1674
316.0789,361.256,3:15:57:447329,1672
315.0951,359.0697,3:15:57:450338,1676
314.0376,356.9417,3:15:57:455249,1678
313.0047,354.6972,3:15:57:459259,1704
311.9717,352.4818,3:15:57:463259,1724
310.9634,350.2664,3:15:57:467276,1730
310.0042,348.1093,3:15:57:471260,1732
309.0942,346.0105,3:15:57:475259,1737
308.2581,343.9117,3:15:57:479252,1756
307.3973,341.8129,3:15:57:482769,1797
306.6349,339.8015,3:15:57:486824,1841
305.8725,337.8193,3:15:57:490822,1882
305.1346,335.9829,3:15:57:494869,1932
304.3723,334.3214,3:15:57:498821,1976
303.659,332.7473,3:15:57:503250,2021
302.9704,331.4647,3:15:57:507261,2049
302.3556,330.4153,3:15:57:510708,2055
301.7407,329.5116,3:15:57:514705,2064
301.2242,328.7828,3:15:57:518706,2065
300.7816,328.2873,3:15:57:522706,2071
300.4373,327.9084,3:15:57:527256,2079
300.1913,327.6751,3:15:57:530284,2072
299.97,327.5586,3:15:57:534777,2067
299.8224,327.5002,3:15:57:538787,2057
299.6502,327.4128,3:15:57:542866,2051
299.5519,327.4128,3:15:57:546790,2054
299.4781,327.4128,3:15:57:551250,2048
299.3059,327.4128,3:15:57:555259,2052
299.1584,327.4128,3:15:57:559248,2041
298.9124,328.3164,3:15:57:563259,2025
298.6911,328.3164,3:15:57:567258,2004
298.3714,329.3367,3:15:57:570259,1979
298.0271,330.0946,3:15:57:575258,1960
297.5598,331.0274,3:15:57:579260,1932
297.0433,332.1351,3:15:57:583248,1917
296.4039,333.3885,3:15:57:586259,1898
295.6906,334.7878,3:15:57:591199,1886
294.9529,336.3036,3:15:57:594403,1876
294.0675,337.8777,3:15:57:598420,1867
293.1083,339.4518,3:15:57:602403,1860
292.0754,341.0841,3:15:57:606403,1858
290.9687,342.7166,3:15:57:610401,1864
289.7881,344.3198,3:15:57:615515,1865
288.5339,345.8939,3:15:57:618526,1872
287.2304,347.5263,3:15:57:622518,1873
285.7794,349.0713,3:15:57:626520,1871
284.2546,350.6745,3:15:57:630516,1866
282.7052,352.2195,3:15:57:634515,1860
281.0328,353.7935,3:15:57:638864,1859
279.262,355.3385,3:15:57:643365,1853
277.4175,356.8543,3:15:57:647205,1860
275.5238,358.3701,3:15:57:650804,1867
273.6055,359.9734,3:15:57:655258,1870
271.6626,361.46,3:15:57:659268,1884
269.7443,363.0049,3:15:57:663267,1886
267.8013,364.579,3:15:57:667269,1886
265.883,366.2115,3:15:57:671267,1892
264.0385,367.9313,3:15:57:675292,1888
262.2432,369.7094,3:15:57:679264,1894
260.4478,371.4293,3:15:57:682277,1895
258.7017,373.1491,3:15:57:687276,1895
257.0293,374.9565,3:15:57:691274,1897
255.4061,376.6763,3:15:57:695356,1892
253.8075,378.3379,3:15:57:698370,1890
252.2827,379.8828,3:15:57:703247,1888
250.8562,381.3403,3:15:57:706257,1910
249.5282,382.5938,3:15:57:710638,1939
248.3723,383.6723,3:15:57:714530,1969
247.3393,384.576,3:15:57:718530,2013
246.4294,385.2755,3:15:57:722530,2031
245.7162,385.8877,3:15:57:727194,2045
245.2243,386.2375,3:15:57:731205,2051
244.8308,386.4998,3:15:57:734765,2029
244.6094,386.5873,3:15:57:738775,1991
244.4865,386.6456,3:15:57:742780,1935
244.4619,386.6456,3:15:57:746774,1867
244.4619,386.6456,3:15:57:751241,1805
244.4619,386.6456,3:15:57:755252,1774
244.4619,386.6456,3:15:57:759199,1758
245.1505,386.7039,3:15:57:763209,1762
245.1505,386.7622,3:15:57:767210,1777
245.9375,386.908,3:15:57:771206,1778
246.454,387.112,3:15:57:775207,1782
247.0934,387.316,3:15:57:779282,1785
247.8312,387.5493,3:15:57:783282,1779
248.7166,387.8116,3:15:57:787210,1772
249.6512,388.0739,3:15:57:791224,1773
250.7087,388.3654,3:15:57:795227,1771
251.84,388.6278,3:15:57:799203,1779
253.0205,388.9193,3:15:57:803246,1784
254.2502,389.2108,3:15:57:807256,1788
255.5291,389.5314,3:15:57:810516,1793
256.8571,389.9104,3:15:57:814526,1801
258.1852,390.2602,3:15:57:818526,1814
259.5624,390.61,3:15:57:822529,1819
260.8905,390.989,3:15:57:827254,1819
262.2186,391.3679,3:15:57:830264,1820
263.5466,391.6885,3:15:57:834350,1825
264.7763,392.0384,3:15:57:839268,1826
265.9814,392.2133,3:15:57:843264,1833
267.1373,392.359,3:15:57:847282,1836
268.244,392.4464,3:15:57:851261,1833
269.1786,392.4464,3:15:57:855260,1836
270.0394,392.4464,3:15:57:859261,1841
270.8018,392.4464,3:15:57:862777,1845
271.4166,392.4464,3:15:57:867249,1861
271.9823,391.572,3:15:57:871267,1880
272.4004,391.572,3:15:57:875197,1917
272.6955,390.8723,3:15:57:879253,1958
272.8676,390.8723,3:15:57:883304,1995
272.9168,389.9978,3:15:57:886307,2025
272.9168,389.4731,3:15:57:890876,2040
272.9168,388.8027,3:15:57:894876,2044
272.9168,388.1031,3:15:57:898876,2050
272.1053,387.2578,3:15:57:903877,2063
272.1053,386.2375,3:15:57:906560,2064
271.0969,385.1881,3:15:57:910544,2062
270.5804,384.0804,3:15:57:914543,2069
270.0148,382.8561,3:15:57:918543,2066
269.3507,381.6318,3:15:57:923258,2069
268.6621,380.4075,3:15:57:926260,2078
267.9489,379.2123,3:15:57:931007,2078
267.2111,378.0172,3:15:57:935016,2077
266.4241,376.9969,3:15:57:939015,2077
265.6371,376.0641,3:15:57:943015,2075
264.7763,375.2188,3:15:57:947215,2069
263.8663,374.5483,3:15:57:950774,2063
262.981,373.9654,3:15:57:955196,2036
262.1694,373.5281,3:15:57:959050,1995
261.3578,373.2075,3:15:57:963001,1918
260.5708,373.0617,3:15:57:967004,1797
259.9313,373.0326,3:15:57:971002,1623
259.2919,373.0326,3:15:57:975002,1370
258.7755,373.0326,3:15:57:979098,1077
258.2344,373.0326,3:15:57:983018,740
257.7917,374.1111,3:15:57:987310,421
257.3982,374.1111,3:15:57:990317,198
256.9801,375.0439,3:15:57:995141,0
256.6358,375.0439,3:15:57:999138,0
256.2915,376.0059,3:15:58:003200,0
255.9963,376.0059,3:15:58:007135,0
255.6766,376.6763,3:15:58:011206,0
255.4307,376.6763,3:15:58:015213,0
255.1848,376.6763,3:15:58:019276,0
254.9388,376.6763,3:15:58:022289,0
254.7421,376.6763,3:15:58:027284,0
254.5945,375.8893,3:15:58:030286,0
254.4715,375.2188,3:15:58:035297,0
254.3978,374.3734,3:15:58:038308,0
254.3978,373.4406,3:15:58:043256,0
254.3978,372.3329,3:15:58:046299,0
254.3978,371.0212,3:15:58:051314,0
254.3978,369.6512,3:15:58:054313,0
254.3978,368.1353,3:15:58:059312,0
254.3978,366.4738,3:15:58:062338,0
254.3978,364.6956,3:15:58:067314,0
254.3978,362.8883,3:15:58:070326,0
254.3978,360.877,3:15:58:075324,0
254.3978,358.7782,3:15:58:078324,0
254.3978,356.6211,3:15:58:083322,0
254.3978,354.2599,3:15:58:086324,0
254.3978,351.8113,3:15:58:091562,0
253.7337,349.1878,3:15:58:094571,0
253.7337,346.4769,3:15:58:098574,0
252.7746,343.591,3:15:58:102572,0
252.2089,340.6177,3:15:58:106576,0
251.6187,337.4695,3:15:58:110582,0
251.0038,334.1756,3:15:58:115371,0
250.3152,330.8233,3:15:58:118381,0
249.6266,327.4128,3:15:58:122383,0
248.8887,324.1772,3:15:58:126381,0
248.2247,320.9415,3:15:58:130413,0
247.5853,317.8807,3:15:58:134381,0
246.9212,314.9366,3:15:58:139249,0
246.331,312.2839,3:15:58:142259,0
245.7162,309.9228,3:15:58:146738,0
245.1751,307.8531,3:15:58:150748,0
244.6832,306.0167,3:15:58:154775,0
244.2405,304.4426,3:15:58:158749,0
243.7978,303.1309,3:15:58:163252,0
243.3306,302.1106,3:15:58:167263,0
242.8633,301.2944,3:15:58:171205,0
242.396,300.6823,3:15:58:174760,0
241.9287,300.2741,3:15:58:179203,0
241.4122,300.0701,3:15:58:182824,0
240.7728,300.0701,3:15:58:186876,0
240.1826,300.0701,3:15:58:190902,0
239.5185,300.0701,3:15:58:194873,0
238.7561,300.0701,3:15:58:198873,1411
237.9445,301.0612,3:15:58:203253,1406
237.0592,301.0612,3:15:58:207263,1401
236.1492,302.2855,3:15:58:210263,1377
235.2146,303.1309,3:15:58:215255,1367
234.3539,304.0637,3:15:58:218273,1357
233.4439,305.1714,3:15:58:223272,1348
232.5585,306.4831,3:15:58:227274,1357
231.7715,307.9114,3:15:58:231273,1348
231.0583,309.3981,3:15:58:235274,1348
230.3697,310.9139,3:15:58:238921,1325
229.7302,312.3714,3:15:58:242932,1301
229.0908,313.7997,3:15:58:246930,1264
228.5005,315.1698,3:15:58:250929,1218
227.9349,316.5107,3:15:58:254932,1181
227.3446,317.735,3:15:58:258931,1130
226.779,318.8719,3:15:58:263202,1092
226.1641,319.9504,3:15:58:266978,1045
225.5247,320.9415,3:15:58:271001,994
224.8853,321.8452,3:15:58:275254,951
224.172,322.6613,3:15:58:278264,906
223.4096,323.3901,3:15:58:283265,869
222.6226,323.9731,3:15:58:287259,848
221.7618,324.4978,3:15:58:291276,833
220.8519,324.9351,3:15:58:295268,811
219.9173,325.314,3:15:58:298268,805
218.9582,325.5472,3:15:58:303268,796
217.9498,325.693,3:15:58:306268,780
216.9169,325.7221,3:15:58:311258,794
215.8593,325.7221,3:15:58:315267,792
214.8264,325.7221,3:15:58:319164,799
213.7689,325.7221,3:15:58:323108,827
212.6868,324.9059,3:15:58:327107,844
211.703,324.9059,3:15:58:331108,873
210.6947,323.8565,3:15:58:334764,907
209.7109,323.2152,3:15:58:338775,941
208.8009,322.4573,3:15:58:343097,974
208.0385,321.5828,3:15:58:347098,998
207.3253,320.6208,3:15:58:351096,1017
206.7351,319.6006,3:15:58:356124,1027
206.194,318.4929,3:15:58:359331,1024
205.7759,317.356,3:15:58:362341,1032
205.4562,316.1026,3:15:58:366342,1041
205.2594,314.7617,3:15:58:370341,1050
205.1365,313.3625,3:15:58:375456,1079
205.0381,311.8759,3:15:58:378467,1091
205.0381,310.36,3:15:58:383195,1115
205.0381,308.8151,3:15:58:386414,1149
205.0381,307.2119,3:15:58:391248,1180
205.7267,305.6086,3:15:58:395259,1224
205.7267,303.9762,3:15:58:399256,1261
206.7597,302.4312,3:15:58:402258,1294
207.5221,300.9446,3:15:58:407258,1323
208.3582,299.4871,3:15:58:411259,1342
209.3666,298.0587,3:15:58:414816,1358
210.5225,296.7762,3:15:58:418823,1368
211.7522,295.6101,3:15:58:422775,1384
213.1294,294.5899,3:15:58:426783,1406
214.5805,293.7445,3:15:58:430785,1427
216.1299,293.045,3:15:58:435796,1453
217.7285,292.4328,3:15:58:438801,1478
219.4254,292.083,3:15:58:442810,1503
221.1224,291.8206,3:15:58:446934,1514
222.9423,291.6749,3:15:58:450943,1519
224.7869,291.5583,3:15:58:455247,1524
226.7298,291.5583,3:15:58:459257,1514
228.7465,291.5583,3:15:58:463257,1528
230.7632,291.5583,3:15:58:467256,1528
232.9274,292.2579,3:15:58:471255,1536
235.19,292.2579,3:15:58:475258,1554
237.551,293.1032,3:15:58:479284,1552
240.0596,293.6571,3:15:58:483300,1573
242.5682,294.2401,3:15:58:486466,1576
245.1259,294.8814,3:15:58:490449,1579
247.6591,295.5518,3:15:58:494539,1592
250.2414,296.2223,3:15:58:498423,1587
252.75,296.8344,3:15:58:503196,1590
255.1356,297.4757,3:15:58:506436,1590
257.5211,298.0587,3:15:58:510435,1589
259.9067,298.6126,3:15:58:514433,1606
262.1202,299.1373,3:15:58:519255,1619
264.3336,299.5746,3:15:58:522257,1635
266.5471,300.041,3:15:58:527255,1655
268.7113,300.3907,3:15:58:530256,1662
270.9247,300.7697,3:15:58:535455,1666
273.0644,301.0904,3:15:58:539463,1665
275.1795,301.411,3:15:58:543297,1661
277.1716,301.7025,3:15:58:547298,1621
279.1883,301.9066,3:15:58:551196,1539
281.2049,302.1397,3:15:58:554957,1379
283.0741,302.2855,3:15:58:559373,1134
284.9186,302.4021,3:15:58:562393,815
286.6648,302.4604,3:15:58:566383,482
288.3617,302.4604,3:15:58:570383,231
289.9849,302.4604,3:15:58:574443,0
291.5589,302.4604,3:15:58:578387,0
293.0345,301.6151,3:15:58:582438,0
294.4364,301.6151,3:15:58:586647,0
295.7644,300.624,3:15:58:591247,0
296.9695,300.041,3:15:58:594257,0
298.15,299.3122,3:15:58:599247,0
299.3059,298.6709,3:15:58:602257,0
300.4127,297.9421,3:15:58:607257,0
301.5194,297.3008,3:15:58:611258,0
302.6507,296.5721,3:15:58:615257,0
303.782,295.9308,3:15:58:619258,0
304.9379,295.2603,3:15:58:623248,0
306.143,294.5899,3:15:58:626611,0
307.2989,293.8903,3:15:58:630371,0
308.5286,293.3365,3:15:58:634420,0
309.7091,292.7243,3:15:58:639468,0
310.9142,292.083,3:15:58:642468,0
312.0947,291.4125,3:15:58:646469,0
313.2752,290.5963,3:15:58:650490,0
314.4557,289.7802,3:15:58:655253,0
315.6116,289.0222,3:15:58:659263,0
316.8167,288.1769,3:15:58:663253,0
317.9234,287.2441,3:15:58:667277,0
319.0793,286.3405,3:15:58:670346,0
320.186,285.3202,3:15:58:674356,0
321.2928,284.4457,3:15:58:679356,0
322.3995,283.5421,3:15:58:682353,0
323.5554,282.6675,3:15:58:687253,0
324.7113,281.7347,3:15:58:691263,0
325.9164,280.8894,3:15:58:695252,0
327.0723,280.0149,3:15:58:698263,0
328.2036,279.0821,3:15:58:703263,0
329.3595,278.2368,3:15:58:707279,0
330.4908,277.304,3:15:58:711262,0
331.6221,276.4586,3:15:58:715261,0
332.7043,275.5841,3:15:58:719252,0
333.7618,274.7387,3:15:58:722607,0
334.6964,273.9808,3:15:58:727011,0
335.6801,273.1938,3:15:58:731014,0
336.5409,272.4359,3:15:58:735079,0
337.4754,271.7946,3:15:58:739011,0
338.3362,271.1241,3:15:58:743077,0
339.1478,270.4828,3:15:58:747088,0
339.861,269.8998,3:15:58:751201,0
340.5742,269.3752,3:15:58:754209,0
341.2875,268.8504,3:15:58:759212,0
341.9761,268.4132,3:15:58:763212,0
342.6401,268.0051,3:15:58:767241,0
343.3042,267.6262,3:15:58:770578,0
343.9436,267.3638,3:15:58:775295,0
344.583,267.1306,3:15:58:778295,0
345.1733,266.8974,3:15:58:783295,0
345.7881,266.7225,3:15:58:786296,0
346.3538,266.635,3:15:58:791250,0
346.8211,266.4893,3:15:58:795261,0
347.19,266.3435,3:15:58:798789,0
347.4851,266.1686,3:15:58:802803,1892
347.7065,266.0521,3:15:58:806882,1862
347.8294,265.9646,3:15:58:810801,1828
347.8786,265.9355,3:15:58:815252,1798
347.9278,265.9355,3:15:58:818263,1764
347.977,265.9355,3:15:58:823278,1759
348.0999,265.9355,3:15:58:826281,1758
348.2967,265.9355,3:15:58:831278,1744
348.5672,266.9265,3:15:58:835281,1739
348.9361,266.9265,3:15:58:839281,1734
349.3788,268.0342,3:15:58:843279,1736
349.8953,268.7047,3:15:58:847257,1739
350.4855,269.5209,3:15:58:850294,1746
351.1004,270.4246,3:15:58:855385,1753
351.7644,271.3865,3:15:58:860394,1748
352.4776,272.4067,3:15:58:864400,1751
353.2154,273.5144,3:15:58:866385,1747
353.9532,274.6805,3:15:58:870387,1746
354.6911,275.8173,3:15:58:874453,1747
355.4535,276.9542,3:15:58:878387,1748
356.1913,278.0327,3:15:58:883245,1745
356.9045,279.1404,3:15:58:886255,1739
357.6177,280.219,3:15:58:890881,1741
358.2817,281.2683,3:15:58:894881,1748
358.9212,282.2595,3:15:58:898908,1751
359.5606,283.2214,3:15:58:902878,1750
360.1263,284.1833,3:15:58:907235,1749
360.6674,285.0287,3:15:58:911245,1744
361.0854,285.8449,3:15:58:915242,1741
361.4789,286.6028,3:15:58:919244,1743
361.7495,287.2149,3:15:58:923244,1748
361.9954,287.7688,3:15:58:927245,1741
362.1922,288.2935,3:15:58:931016,1751
362.3151,288.6725,3:15:58:935026,1749
362.4135,288.9931,3:15:58:939026,1746
362.4627,289.2555,3:15:58:943025,1759
362.5119,289.4886,3:15:58:947029,1764
362.5365,289.6344,3:15:58:950942,1781
362.5365,289.751,3:15:58:955253,1789
362.5365,289.8093,3:15:58:959263,1772
362.5365,289.8384,3:15:58:962980,1741
362.5365,289.8968,3:15:58:966979,1686
362.5365,289.8968,3:15:58:971042,1602
361.6511,289.8968,3:15:58:975032,1534
361.1838,289.8968,3:15:58:980056,1455
360.569,289.8968,3:15:58:983033,1383
359.8557,289.8968,3:15:58:987030,1352
358.9458,289.8968,3:15:58:991032,1321
357.9374,289.955,3:15:58:995251,1300
356.8553,289.955,3:15:58:999260,1295
355.6502,290.0425,3:15:59:002459,1289
354.4205,290.1883,3:15:59:006435,1278
353.0925,290.334,3:15:59:011435,1283
351.7644,290.5381,3:15:59:014461,1293
350.3625,290.8878,3:15:59:019247,1309
348.9115,291.296,3:15:59:023257,1352
347.4359,291.8498,3:15:59:027257,1393
345.9849,292.5786,3:15:59:031257,1434
344.5092,293.453,3:15:59:034334,1473
343.1074,294.4442,3:15:59:039257,1495
341.7302,295.6101,3:15:59:043073,1530
340.4267,297.0385,3:15:59:047370,1559
339.2216,298.5251,3:15:59:051239,1579
338.1149,300.0992,3:15:59:054790,1603
337.1311,301.7608,3:15:59:059247,1605
336.2458,303.5389,3:15:59:062258,1615
335.5079,305.3463,3:15:59:066893,1617
334.8931,307.1827,3:15:59:070902,1616
334.4258,308.99,3:15:59:074955,1607
334.0815,310.739,3:15:59:078908,1599
333.8847,312.4589,3:15:59:083181,1597
333.8356,314.0912,3:15:59:087041,1590
333.8356,315.6653,3:15:59:090440,1582
333.8356,317.0937,3:15:59:094441,1539
334.598,318.4055,3:15:59:098510,1505
334.598,319.5132,3:15:59:102442,1470
335.8277,320.5042,3:15:59:106440,1448
336.6393,321.3204,3:15:59:110458,1443
337.5246,321.9909,3:15:59:115243,1434
338.5084,322.4573,3:15:59:118769,1430
339.5659,322.7488,3:15:59:122758,1425
340.6972,322.8654,3:15:59:126759,1430
341.9515,322.8654,3:15:59:130758,1425
343.2058,322.8654,3:15:59:134759,1420
344.5092,322.1075,3:15:59:138871,1424
345.8619,322.1075,3:15:59:142783,1423
347.2392,320.6791,3:15:59:147202,1427
348.5918,319.7755,3:15:59:150832,1436
350.0182,318.697,3:15:59:154897,1444
351.4201,317.5018,3:15:59:158910,1453
352.8219,316.2192,3:15:59:163200,1471
354.2484,314.8783,3:15:59:167211,1484
355.724,313.4208,3:15:59:171259,1493
357.1996,311.9633,3:15:59:174272,1516
358.6261,310.4767,3:15:59:179270,1521
360.1509,308.99,3:15:59:183269,1535
361.7003,307.5034,3:15:59:187267,1546
363.2743,306.1042,3:15:59:191269,1561
364.8729,304.7924,3:15:59:195202,1589
366.4469,303.5389,3:15:59:198606,1605
367.9963,302.4604,3:15:59:203072,1633
369.5703,301.5568,3:15:59:206943,1648
371.1197,300.7989,3:15:59:210942,1662
372.6199,300.245,3:15:59:214971,1671
374.0709,299.9535,3:15:59:219192,1686
375.399,299.8952,3:15:59:222954,1685
376.7516,299.8952,3:15:59:227017,1692
378.0305,299.8952,3:15:59:231024,1707
379.2356,300.9154,3:15:59:235027,1705
380.3915,301.7025,3:15:59:239027,1715
381.5229,302.6645,3:15:59:243028,1716
382.5312,303.7722,3:15:59:247026,1717
383.5149,305.0256,3:15:59:251028,1723
384.4003,306.3957,3:15:59:255026,1737
385.2119,307.8823,3:15:59:259247,1740
385.9005,309.4272,3:15:59:263274,1744
386.5154,311.0305,3:15:59:267274,1748
387.0564,312.6629,3:15:59:271264,1742
387.45,314.2953,3:15:59:274297,1752
387.7451,315.8402,3:15:59:279247,1750
387.868,317.3269,3:15:59:283257,1746
387.9172,318.7261,3:15:59:287248,1749
387.9172,320.067,3:15:59:290608,1742
387.9172,321.2913,3:15:59:294607,1741
387.3024,322.3407,3:15:59:298612,1744
387.3024,323.361,3:15:59:302605,1751
386.3678,324.2063,3:15:59:307612,1760
385.7776,324.9933,3:15:59:311125,1766
385.1135,325.6055,3:15:59:315157,1767
384.3757,326.1594,3:15:59:319193,1764
383.5641,326.5674,3:15:59:323105,1761
382.6787,326.9464,3:15:59:327103,1762
381.7442,327.2087,3:15:59:331105,1771
380.7112,327.3545,3:15:59:335193,1771
379.6291,327.4128,3:15:59:339205,1776
378.424,327.4128,3:15:59:343068,1779
377.1943,327.4128,3:15:59:347076,1779
375.8663,327.4128,3:15:59:351192,1792
374.489,327.4128,3:15:59:355510,1803
373.038,327.4128,3:15:59:358770,1820
371.5378,326.8007,3:15:59:363779,1822
369.9638,326.8007,3:15:59:366779,1833
368.3406,326.8007,3:15:59:370777,1832
366.7912,326.1302,3:15:59:375239,1835
365.2418,326.1302,3:15:59:379249,1863
363.7416,326.1302,3:15:59:382539,1891
362.2413,325.6055,3:15:59:386539,1927
360.8395,325.6055,3:15:59:390621,1975
359.5114,325.6055,3:15:59:394538,2012
358.3063,325.6055,3:15:59:399250,2036
357.2488,325.6055,3:15:59:403262,2065
356.2159,325.6055,3:15:59:406649,2090
355.3305,325.6055,3:15:59:410604,2097
354.4451,326.6549,3:15:59:414603,2113
353.7319,326.6549,3:15:59:418606,2125
353.0925,327.8792,3:15:59:423193,2118
352.576,328.7245,3:15:59:426809,2120
352.1333,329.8031,3:15:59:430811,2117
351.7644,330.9691,3:15:59:434811,2113
351.5185,332.31,3:15:59:438809,2117
351.3217,333.7967,3:15:59:442809,2121
351.2971,335.3708,3:15:59:447253,2122
351.2971,337.0906,3:15:59:450295,2118
351.2971,338.7813,3:15:59:455191,2115
351.2971,340.5012,3:15:59:458550,2111
352.0349,342.1627,3:15:59:463247,2116
352.0349,343.7951,3:15:59:467257,2120
353.0433,345.3692,3:15:59:471257,2125
353.6827,346.885,3:15:59:475255,2129
354.4205,348.3425,3:15:59:479552,2124
355.2321,349.6834,3:15:59:482589,2125
356.1667,350.9077,3:15:59:486564,2112
357.1505,352.0446,3:15:59:490562,2104
358.1834,353.1231,3:15:59:494654,2089
359.2901,354.0559,3:15:59:498562,2071
360.4706,354.843,3:15:59:502438,2061
361.7003,355.6009,3:15:59:506435,2038
363.0284,356.1838,3:15:59:511194,2020
364.4794,356.6794,3:15:59:515204,2004
365.9304,356.9709,3:15:59:519202,1985
367.4798,357.1458,3:15:59:523218,1974
369.0538,357.175,3:15:59:527241,1942
370.677,357.175,3:15:59:531252,1901
372.374,357.175,3:15:59:534702,1849
374.0709,356.3879,3:15:59:539318,1761
375.7433,356.3879,3:15:59:542665,1671
377.3665,355.0179,3:15:59:547666,1545
378.9897,354.0851,3:15:59:550764,1383
380.5883,353.0356,3:15:59:554666,1198
382.1377,351.8113,3:15:59:559252,970
383.7117,350.4413,3:15:59:563263,734
385.2365,348.9255,3:15:59:566396,482
386.7367,347.2639,3:15:59:570404,268
388.2123,345.4275,3:15:59:574406,118
389.5158,343.4453,3:15:59:578407,0
390.7947,341.4048,3:15:59:583192,0
391.9998,339.1894,3:15:59:587205,0
393.0819,336.9449,3:15:59:591193,0
394.0902,334.642,3:15:59:594667,0
394.951,332.3391,3:15:59:599235,0
395.6396,329.978,3:15:59:603235,0
396.2299,327.646,3:15:59:607235,0
396.7956,325.2266,3:15:59:611233,0
397.1645,322.8071,3:15:59:615598,0
397.5088,320.3293,3:15:59:618609,0
397.7055,317.7933,3:15:59:622640,0
397.8285,315.1407,3:15:59:626611,0
397.9269,312.4005,3:15:59:630650,0
397.9761,309.5439,3:15:59:634611,0
398.0498,306.5122,3:15:59:639244,0
398.0498,303.3932,3:15:59:642598,0
398.0498,300.245,3:15:59:646448,0
398.0498,297.0677,3:15:59:650362,0
398.0498,293.8029,3:15:59:654449,0
398.0498,290.5963,3:15:59:658362,0
398.0498,287.3315,3:15:59:663242,0
398.0498,284.1833,3:15:59:666758,0
398.0498,281.2101,3:15:59:671193,0
397.4842,278.3242,3:15:59:675207,0
397.4842,275.4384,3:15:59:679201,0
396.9431,272.6691,3:15:59:683204,0
396.9431,269.929,3:15:59:687203,0
396.1807,267.2763,3:15:59:691212,0
395.7134,264.6237,3:15:59:695317,0
395.2462,262.1168,3:15:59:698330,0
394.8281,259.7265,3:15:59:703325,0
394.4592,257.4236,3:15:59:706328,0
394.0165,255.2666,3:15:59:711626,0
393.623,253.3135,3:15:59:714645,0
393.2049,251.5645,3:15:59:718720,0
392.836,250.0487,3:15:59:722659,0
392.3933,248.6495,3:15:59:726756,0
391.926,247.3378,3:15:59:730638,1412
391.4587,246.2009,3:15:59:735386,1407
390.9177,245.239,3:15:59:738901,1431
390.4504,244.4519,3:15:59:742900,1482
390.0323,243.8398,3:15:59:746903,1534
389.6142,243.315,3:15:59:750900,1594
389.2945,242.907,3:15:59:754900,1613
389.0731,242.6738,3:15:59:759255,1604
388.9994,242.6154,3:15:59:763268,1595
388.9256,242.6154,3:15:59:767253,1582
388.9256,242.6154,3:15:59:771261,1587
388.9256,242.6154,3:15:59:775254,1592
388.9256,243.7231,3:15:59:779264,1601
389.7126,243.7231,3:15:59:783265,1607
389.7126,245.1223,3:15:59:787264,1610
390.5733,246.1134,3:15:59:791264,1609
391.139,247.3378,3:15:59:795265,1614
391.7292,248.7078,3:15:59:798750,1620
392.4179,250.2819,3:15:59:802621,1632
393.2049,252.06,3:15:59:806681,1651
394.0411,253.9839,3:15:59:810621,1656
394.9265,256.0828,3:15:59:815199,1668
395.8856,258.4147,3:15:59:819645,1685
396.894,260.8925,3:15:59:822913,1713
397.9761,263.4868,3:15:59:826912,1756
399.1812,266.227,3:15:59:830910,1803
400.3617,269.1128,3:15:59:834912,1843
401.6159,272.0278,3:15:59:838922,1882
402.8948,275.0886,3:15:59:842932,1921
404.1983,278.1201,3:15:59:847048,1954
405.5017,281.1226,3:15:59:851071,1985
406.8298,284.1542,3:15:59:855236,2009
408.1333,287.1858,3:15:59:858246,2030
409.4122,290.2466,3:15:59:863248,2055
410.6664,293.249,3:15:59:869248,2079
411.9207,296.2223,3:15:59:871248,2099
413.1012,299.079,3:15:59:876248,2108
414.2817,301.8482,3:15:59:879246,2112
415.4868,304.5592,3:15:59:883246,2119
416.6427,307.0952,3:15:59:887244,2127
417.7495,309.5147,3:15:59:891249,2131
418.8562,311.7301,3:15:59:894732,2135
419.9137,313.8872,3:15:59:898781,2132
420.922,315.8402,3:15:59:902479,2131
421.8812,317.6767,3:15:59:906435,2135
422.7174,319.4257,3:15:59:910438,2137
423.5044,321.029,3:15:59:914435,2140
424.2422,322.4865,3:15:59:919191,2110
424.9062,323.9148,3:15:59:922448,2042
425.4719,325.1391,3:15:59:926449,1915
425.9637,326.1594,3:15:59:930448,1721
426.4064,326.9756,3:15:59:934513,1457
426.7753,327.6751,3:15:59:938449,1141
427.0951,328.1999,3:15:59:943082,807
427.2918,328.6079,3:15:59:947093,468
427.2918,328.8703,3:15:59:951234,225
427.2918,328.8994,3:15:59:955245,0
427.2918,328.8994,3:15:59:959272,0
426.3818,328.8994,3:15:59:963245,0
425.6686,328.8994,3:15:59:967245,0
424.6603,327.9375,3:15:59:971245,0
423.406,327.9375,3:15:59:975245,0
421.955,326.5966,3:15:59:978255,0
420.2334,325.693,3:15:59:983191,0
418.2905,324.6727,3:15:59:987042,0
416.1017,323.4775,3:15:59:991191,0
413.6915,322.2532,3:15:59:994409,0
411.1091,320.9415,3:15:59:999243,0
408.3546,319.6006,3:16:00:003258,0
405.428,318.318,3:16:00:007254,0
402.4521,317.0645,3:16:00:011256,0
399.3533,315.8986,3:16:00:015252,0
396.1807,314.8492,3:16:00:019258,0
392.9589,313.9455,3:16:00:023253,0
389.7372,313.2167,3:16:00:026637,0
386.5154,312.6046,3:16:00:031244,0
383.4412,312.2548,3:16:00:034586,0
380.3423,311.9925,3:16:00:038697,0
377.1451,311.905,3:16:00:042586,0
373.8988,311.905,3:16:00:046673,0
370.6524,311.905,3:16:00:050611,0
367.3814,311.905,3:16:00:055251,0
364.0121,312.9544,3:16:00:058261,0
360.5444,312.9544,3:16:00:062746,0
357.0029,314.033,3:16:00:066757,0
353.486,314.6451,3:16:00:070850,0
349.8461,315.3447,3:16:00:074756,0
346.2554,316.2192,3:16:00:078807,0
342.7631,317.0645,3:16:00:082757,0
339.0986,317.9099,3:16:00:087034,0
335.385,318.7844,3:16:00:091056,0
331.6713,319.7755,3:16:00:095058,0
327.9822,320.7375,3:16:00:099132,0
324.367,321.6411,3:16:00:103240,0
320.8255,322.6905,3:16:00:106250,0
317.3578,323.7108,3:16:00:111250,0
313.89,324.731,3:16:00:115250,0
310.619,325.7513,3:16:00:119250,0
307.5694,326.8589,3:16:00:123250,0
304.6182,327.9084,3:16:00:127422,0
301.6915,329.0161,3:16:00:130422,0
298.8141,330.1237,3:16:00:135243,0
296.0104,331.1732,3:16:00:138253,0
293.3542,332.1642,3:16:00:143189,0
290.8211,333.2428,3:16:00:147198,0
288.3863,334.2631,3:16:00:151202,0
286.0499,335.1959,3:16:00:155207,0
283.7873,336.1578,3:16:00:159272,0
281.623,337.0615,3:16:00:162284,0
279.5326,337.9359,3:16:00:167198,0
277.5651,338.7813,3:16:00:171218,0
275.5976,339.5684,3:16:00:175197,0
273.8022,340.2679,3:16:00:179205,0
272.0807,340.9676,3:16:00:183205,0
270.4575,341.638,3:16:00:187208,0
268.9572,342.2793,3:16:00:191252,0
267.58,342.8623,3:16:00:194625,0
266.4241,343.387,3:16:00:198821,0
265.4157,343.8534,3:16:00:202731,0
264.6042,344.3198,3:16:00:206734,0
263.8909,344.6404,3:16:00:210732,0
263.3253,344.8737,3:16:00:215198,0
262.858,344.9611,3:16:00:218742,0
262.4891,344.9611,3:16:00:223248,962
262.2678,344.9611,3:16:00:227259,956
262.1694,344.9611,3:16:00:231203,952
262.1694,344.9611,3:16:00:235213,943
262.1694,343.9991,3:16:00:239214,939
262.1694,343.9991,3:16:00:243212,943
263.0793,342.9789,3:16:00:247211,937
263.7434,342.3084,3:16:00:251215,942
264.6042,341.4631,3:16:00:255248,942
265.6371,340.5303,3:16:00:258795,934
266.916,339.306,3:16:00:263198,946
268.4162,337.9651,3:16:00:267209,949
270.1132,336.4201,3:16:00:271195,951
272.0069,334.7586,3:16:00:274954,967
274.0974,332.9513,3:16:00:278851,975
276.3846,331.0565,3:16:00:282854,996
278.7947,329.1035,3:16:00:286903,1022
281.3525,326.9756,3:16:00:290852,1061
283.9102,324.9059,3:16:00:295243,1090
286.591,322.7488,3:16:00:298782,1129
289.3701,320.5626,3:16:00:303190,1166
292.2229,318.2888,3:16:00:306903,1181
295.2234,315.9568,3:16:00:310770,1203
298.273,313.4791,3:16:00:314774,1217
301.4948,310.9431,3:16:00:318539,1244
304.8149,308.2904,3:16:00:323556,1266
308.2581,305.5503,3:16:00:326540,1303
311.7258,302.6353,3:16:00:331543,1344
315.2181,299.7203,3:16:00:334864,1390
318.8088,296.747,3:16:00:338863,1458
322.4978,293.7445,3:16:00:342912,1515
326.3345,290.6547,3:16:00:346863,1559
330.2449,287.5648,3:16:00:351241,1592
334.2291,284.3582,3:16:00:355251,1616
338.2625,281.1226,3:16:00:359191,1639
342.3942,277.7704,3:16:00:362828,1673
346.6243,274.2723,3:16:00:367189,1698
350.9528,270.5995,3:16:00:371198,1718
355.3551,266.8974,3:16:00:375200,1759
359.7328,263.1662,3:16:00:379198,1801
364.0859,259.4059,3:16:00:383200,1847
368.4636,255.7038,3:16:00:387198,1887
372.8658,252.0892,3:16:00:391615,1906
377.3173,248.5038,3:16:00:394635,1912
381.6458,245.0058,3:16:00:398706,1923
386.0727,241.6535,3:16:00:402624,1942
390.4258,238.2721,3:16:00:406624,1966
394.7051,234.949,3:16:00:410624,1980
398.9106,231.655,3:16:00:415190,1998
403.0424,228.4194,3:16:00:418636,2018
407.1003,225.3586,3:16:00:422636,2033
411.0107,222.4436,3:16:00:426636,2050
414.7982,219.6452,3:16:00:430636,2062
418.3889,217.1092,3:16:00:434635,2063
421.8566,214.6897,3:16:00:438724,2069
425.1276,212.5035,3:16:00:442731,2079
428.2756,210.5213,3:16:00:447191,2080
431.2268,208.7431,3:16:00:451202,2087
433.9567,207.0816,3:16:00:455201,2081
436.4899,205.5658,3:16:00:459199,2086
438.7771,204.1375,3:16:00:463243,2091
440.8184,202.9131,3:16:00:466254,2095
442.5891,201.8638,3:16:00:471464,2110
444.0894,200.931,3:16:00:474492,2116
445.3436,200.1439,3:16:00:478596,2128
446.3766,199.4734,3:16:00:482475,2142
447.2127,198.9487,3:16:00:486472,2162
447.8276,198.599,3:16:00:490475,2192
448.2949,198.3074,3:16:00:495134,2231
448.6146,198.1034,3:16:00:499124,2291
448.8113,197.9576,3:16:00:503122,2349
448.9097,197.8994,3:16:00:507127,2413
448.9343,197.8119,3:16:00:510786,2472
448.9343,197.8119,3:16:00:514786,2503
448.9343,197.7827,3:16:00:518803,2526
448.9343,197.7827,3:16:00:522786,2531
448.9343,197.7827,3:16:00:527250,2530
448.9343,197.7536,3:16:00:530291,2528
448.9343,197.7536,3:16:00:534261,2500
448.9343,197.6953,3:16:00:539261,2451
448.467,197.6662,3:16:00:543260,2358
448.467,197.6078,3:16:00:546262,2207
448.467,197.5495,3:16:00:551197,2010
448.049,197.5204,3:16:00:555234,1726
448.049,197.4912,3:16:00:559197,1378
448.049,197.433,3:16:00:563208,972
447.7046,197.4038,3:16:00:566650,563
447.7046,197.4038,3:16:00:570522,264
447.4833,197.4038,3:16:00:574588,0
447.4833,197.4038,3:16:00:578523,0
447.2865,197.4038,3:16:00:583197,0
447.1144,197.4038,3:16:00:586646,0
446.9668,197.4038,3:16:00:591533,0
446.7946,197.4038,3:16:00:594534,0
446.6471,197.4038,3:16:00:598572,0
446.4995,198.0451,3:16:00:602532,0
446.3766,198.0451,3:16:00:607252,0
446.3028,198.5115,3:16:00:610265,0
446.2044,198.5115,3:16:00:614963,0
446.2044,199.0654,3:16:00:618586,0
446.2044,199.0654,3:16:00:623244,0
446.2044,199.7358,3:16:00:626255,0
446.2044,200.0856,3:16:00:631273,0
446.7946,200.552,3:16:00:634255,0
446.7946,200.931,3:16:00:639255,0
447.5325,201.2224,3:16:00:643255,0
448.0244,201.4848,3:16:00:647248,0
448.6884,201.6888,3:16:00:651258,0
449.4016,201.8638,3:16:00:655310,0
449.4016,201.8638,3:16:00:673242,0
