99.65388,142.9807,4:20:43:592934,0
99.65388,142.9807,4:20:43:595927,0
100.5393,142.9807,4:20:43:599926,0
101.1541,142.9807,4:20:43:603925,0
101.8673,142.9807,4:20:43:607932,0
102.7773,142.9807,4:20:43:611926,0
103.8348,142.9807,4:20:43:616215,0
105.1137,142.9807,4:20:43:619227,0
106.7123,142.9807,4:20:43:624255,0
107.9666,142.9807,4:20:43:627273,0
109.4668,142.9807,4:20:43:632319,0
111.0408,142.9807,4:20:43:635297,0
112.6886,142.9807,4:20:43:640297,0
114.4347,142.9807,4:20:43:643298,0
116.1563,142.9807,4:20:43:648297,0
117.6811,142.9807,4:20:43:651298,0
119.0829,142.9807,4:20:43:656262,0
120.4602,142.9807,4:20:43:659821,0
121.5669,142.9807,4:20:43:663827,0
122.3785,142.9807,4:20:43:667821,0
122.9196,142.9807,4:20:43:671831,0
123.1901,142.9807,4:20:43:675824,0
123.2393,142.9807,4:20:43:680166,0
123.2393,142.9807,4:20:43:683177,0
123.2393,142.9807,4:20:43:688179,0
122.4523,142.9807,4:20:43:691177,0
122.4523,142.9807,4:20:43:696178,0
121.6407,142.9807,4:20:43:699181,0
121.6407,142.9807,4:20:43:704305,0
120.9275,142.9807,4:20:43:707315,0
120.9275,142.9807,4:20:43:712231,0
120.4602,142.1646,4:20:43:715762,0
120.4602,142.1646,4:20:43:720291,0
120.4602,141.4066,4:20:43:723304,0
120.4602,140.9402,4:20:43:727321,0
120.4602,140.5322,4:20:43:731301,0
120.4602,140.5322,4:20:43:735374,0
120.4602,139.92,4:20:43:739656,0
121.075,139.5702,4:20:43:744308,0
121.075,139.2204,4:20:43:747318,0
121.5669,138.754,4:20:43:752313,0
121.5669,138.4625,4:20:43:755353,0
121.9604,138.2585,4:20:43:760325,0
121.9604,137.9961,4:20:43:763323,0
122.3047,137.7046,4:20:43:768443,0
122.3047,137.4714,4:20:43:771453,0
122.3047,137.2382,4:20:43:775453,0
122.7474,137.0925,4:20:43:779453,0
122.7474,136.9176,4:20:43:784311,0
123.0179,136.8009,4:20:43:787324,0
123.1901,136.5094,4:20:43:792323,0
123.3623,136.2471,4:20:43:795322,0
123.5344,135.9848,4:20:43:799346,0
123.7066,135.6349,4:20:43:803325,0
123.8541,135.2852,4:20:43:808169,0
124.0263,134.8479,4:20:43:811182,0
124.2476,134.4398,4:20:43:816234,0
124.3952,134.0025,4:20:43:819234,0
124.5427,133.6236,4:20:43:824233,0
124.6903,133.2155,4:20:43:827237,0
124.7641,132.7782,4:20:43:832165,0
124.7641,132.4868,4:20:43:835175,0
124.8133,132.1661,4:20:43:840175,0
124.8133,131.8746,4:20:43:843176,0
124.8133,131.6705,4:20:43:848175,0
124.8133,131.5248,4:20:43:852178,0
124.8133,131.4082,4:20:43:856265,0
124.8133,131.3499,4:20:43:859275,0
124.8133,131.3499,4:20:43:864321,0
124.2476,131.3499,4:20:43:867328,0
124.2476,131.3499,4:20:43:871633,0
124.2476,131.3499,4:20:43:875528,0
123.8295,131.9912,4:20:43:879610,0
123.8295,131.9912,4:20:43:883530,0
123.4852,131.9912,4:20:43:888438,0
123.4852,132.6617,4:20:43:891448,0
123.0917,132.6617,4:20:43:895598,0
122.8458,132.6617,4:20:43:899448,0
122.5752,132.6617,4:20:43:904449,1482
122.3293,132.6617,4:20:43:907451,1512
122.1572,132.6617,4:20:43:912438,1554
121.985,132.6617,4:20:43:915448,1596
121.8866,132.6617,4:20:43:920285,1637
121.8374,131.9912,4:20:43:924285,1648
121.7637,131.9912,4:20:43:927286,1645
121.7637,131.9912,4:20:43:932285,1648
121.7637,131.9912,4:20:43:936161,1641
121.7637,131.9912,4:20:43:939305,1634
121.7637,131.9912,4:20:43:943487,1630
121.7637,131.9912,4:20:43:947498,1612
121.7637,131.9912,4:20:43:951529,1611
121.7637,131.9912,4:20:43:955497,1615
121.7637,131.9912,4:20:43:960414,1619
122.1817,131.9912,4:20:43:963941,1634
122.1817,131.9912,4:20:43:968127,1635
122.1817,131.9912,4:20:43:971946,1632
122.5752,132.9532,4:20:43:975994,1637
122.5752,132.9532,4:20:43:979944,1636
122.9196,134.0317,4:20:43:983833,1638
122.9196,134.7605,4:20:43:987667,1657
123.2393,135.6641,4:20:43:991731,1667
123.2393,136.6844,4:20:43:995668,1693
123.3623,137.9086,4:20:43:999992,1734
123.3623,139.3661,4:20:44:004003,1766
123.3623,141.0569,4:20:44:008042,1809
123.3623,143.0974,4:20:44:012054,1845
123.3623,145.371,4:20:44:016045,1872
123.3623,147.8488,4:20:44:020044,1893
123.3623,150.5306,4:20:44:023847,1908
123.3623,153.3582,4:20:44:027853,1923
122.895,156.3898,4:20:44:031853,1931
122.895,159.4505,4:20:44:035853,1942
122.895,162.5695,4:20:44:039619,1945
122.895,165.7469,4:20:44:043629,1939
122.895,168.9825,4:20:44:047632,1959
122.895,172.4514,4:20:44:052460,1973
122.895,176.1826,4:20:44:056463,1986
123.682,180.147,4:20:44:059462,2000
123.682,184.3154,4:20:44:064176,2001
124.3706,188.6005,4:20:44:067187,2003
124.3706,193.0896,4:20:44:072308,2007
125.2314,197.637,4:20:44:075320,2015
125.7724,202.3593,4:20:44:080319,2023
126.3381,207.2565,4:20:44:083318,2029
126.9283,212.2411,4:20:44:087334,2039
127.5432,217.3716,4:20:44:091319,2050
128.2318,222.5894,4:20:44:096320,2048
128.9696,227.953,4:20:44:099321,2050
129.6828,233.4332,4:20:44:103538,2063
130.4207,239.0883,4:20:44:107533,2076
131.1831,245.064,4:20:44:111628,2093
131.8717,251.0398,4:20:44:115533,2110
132.5849,257.0155,4:20:44:120090,2112
133.2735,262.9622,4:20:44:123584,2109
133.8884,268.9962,4:20:44:127551,2131
134.454,275.1177,4:20:44:131551,2165
134.9951,281.4432,4:20:44:135601,2208
135.4132,287.7979,4:20:44:139600,2261
135.8067,294.0652,4:20:44:143599,2293
136.1018,300.1284,4:20:44:147600,2309
136.3723,306.2207,4:20:44:152112,2328
136.4953,312.3131,4:20:44:155158,2348
136.5691,318.4929,4:20:44:160159,2358
136.6183,324.6727,4:20:44:163201,2370
136.6183,330.6484,4:20:44:168209,2370
136.6183,336.4493,4:20:44:171235,2370
136.6183,342.1335,4:20:44:176161,2366
136.6183,347.7012,4:20:44:179172,2374
135.8805,353.3271,4:20:44:184171,2383
135.8805,358.8657,4:20:44:187172,2383
135.4132,364.1418,4:20:44:192171,2389
135.4132,369.2139,4:20:44:195172,2383
134.9213,374.0819,4:20:44:200171,2381
134.9213,378.6585,4:20:44:203173,2380
134.5278,383.0602,4:20:44:208226,2382
134.5278,387.2578,4:20:44:211265,2386
134.1835,391.0764,4:20:44:216020,2389
134.1835,394.3995,4:20:44:220021,2392
134.1835,397.4019,4:20:44:224090,2394
133.9868,400.0837,4:20:44:228020,2395
133.9868,402.4741,4:20:44:232185,2386
133.9868,404.5146,4:20:44:235183,2380
133.9868,406.2053,4:20:44:239593,2369
133.9868,407.5461,4:20:44:243602,2351
134.577,408.5081,4:20:44:247842,2340
134.577,409.266,4:20:44:251855,2337
134.577,409.7324,4:20:44:255734,2348
135.0689,409.9073,4:20:44:259764,2366
135.0689,409.9073,4:20:44:263994,2388
135.5116,409.9073,4:20:44:267994,2412
135.5116,408.7996,4:20:44:272104,2433
136.1018,407.8668,4:20:44:275994,2476
136.4953,406.8466,4:20:44:280190,2517
136.8888,405.4765,4:20:44:283200,2556
137.3315,403.8733,4:20:44:288384,2589
137.8234,402.0077,4:20:44:291395,2598
138.3398,399.9963,4:20:44:296396,2599
138.8563,397.7517,4:20:44:299395,2594
139.3974,395.4197,4:20:44:303558,2586
139.963,392.8837,4:20:44:307396,2576
140.5533,390.0562,4:20:44:312213,2562
141.1681,387.0245,4:20:44:315224,2549
141.7584,383.6723,4:20:44:320223,2531
142.3486,380.0285,4:20:44:323223,2535
143.0126,376.2099,4:20:44:327224,2538
143.6767,372.1872,4:20:44:331224,2533
144.3653,368.0771,4:20:44:335423,2536
145.0539,363.8211,4:20:44:339432,2520
145.7426,359.4778,4:20:44:343658,2505
146.382,355.0761,4:20:44:347445,2493
147.1444,350.7036,4:20:44:352444,2473
147.7838,346.2729,4:20:44:355445,2466
148.4233,341.9004,4:20:44:360142,2459
148.9152,337.557,4:20:44:364159,2455
149.2841,333.3011,4:20:44:368271,2457
149.5792,329.1035,4:20:44:371282,2447
149.7513,324.9933,4:20:44:376283,2441
149.8251,320.9124,4:20:44:379282,2433
149.8251,316.8314,4:20:44:384168,2421
149.8251,312.8378,4:20:44:387179,2412
149.1611,308.5527,4:20:44:392178,2414
149.1611,304.2968,4:20:44:395179,2414
148.079,299.9826,4:20:44:400178,2418
147.3658,295.6101,4:20:44:403179,2417
146.6033,291.2085,4:20:44:408153,2407
145.7917,286.7485,4:20:44:411193,2397
144.9064,282.172,4:20:44:416174,2381
144.0456,277.508,4:20:44:419168,2368
143.2094,272.8148,4:20:44:424168,2367
142.324,268.0342,4:20:44:427168,2362
141.5124,263.2537,4:20:44:431891,2364
140.7009,258.5022,4:20:44:435816,2363
139.8647,253.7799,4:20:44:439645,2346
138.9793,249.1159,4:20:44:443227,2337
138.1431,244.5685,4:20:44:447930,2321
137.3069,240.196,4:20:44:451943,2310
136.4215,236.0275,4:20:44:455985,2302
135.5853,231.9174,4:20:44:459998,2304
134.6508,227.8656,4:20:44:464120,2313
133.6178,223.9594,4:20:44:468131,2317
132.4865,220.1991,4:20:44:471131,2325
131.2077,216.7011,4:20:44:475130,2322
129.7812,213.378,4:20:44:480132,2315
128.1334,210.2881,4:20:44:483133,2312
126.3381,207.5188,4:20:44:488057,2305
124.2722,204.8079,4:20:44:491071,2301
122.1572,202.301,4:20:44:496193,2290
119.8945,199.8815,4:20:44:500207,2273
117.4843,197.5204,4:20:44:503886,2248
115.0496,195.2175,4:20:44:507895,2219
112.5164,193.0896,4:20:44:511919,2191
109.9341,191.0491,4:20:44:515897,2163
107.2288,189.1543,4:20:44:520141,2144
104.4005,187.4928,4:20:44:523151,2127
101.4738,186.0061,4:20:44:528151,2111
98.27663,184.7818,4:20:44:531151,2102
94.98106,183.7908,4:20:44:535154,2090
91.63631,183.1494,4:20:44:539151,2081
88.26697,182.8288,4:20:44:543706,2078
84.84843,182.7413,4:20:44:547188,2078
81.4791,182.7413,4:20:44:552043,2073
78.23272,183.645,4:20:44:555056,2075
74.98634,184.5486,4:20:44:560083,2072
71.91212,185.8604,4:20:44:564055,2066
68.91169,187.4053,4:20:44:568455,2061
65.96043,189.2126,4:20:44:571494,2059
62.98459,191.2531,4:20:44:575481,2064
60.05794,193.5269,4:20:44:579465,2074
57.30344,196.0046,4:20:44:583514,2086
54.67191,198.599,4:20:44:587468,2084
52.18794,201.3391,4:20:44:591955,2080
49.90072,204.1958,4:20:44:595962,2071
47.83484,207.1399,4:20:44:600254,2074
45.99031,210.4047,4:20:44:603253,2086
44.41631,213.8736,4:20:44:608266,2098
43.06366,217.5464,4:20:44:611287,2118
41.88316,221.3942,4:20:44:615642,2124
40.97319,225.3586,4:20:44:619654,2131
40.25997,229.3813,4:20:44:623655,2137
39.81728,233.4041,4:20:44:627654,2133
39.59594,237.4559,4:20:44:631656,2135
39.59594,241.3037,4:20:44:635655,2147
39.59594,245.0932,4:20:44:639647,2159
40.45672,248.7952,4:20:44:643658,2178
41.26831,252.4682,4:20:44:647841,2194
42.35044,256.0536,4:20:44:651862,2201
43.65391,259.5225,4:20:44:656105,2215
45.17872,262.9038,4:20:44:659117,2228
47.02325,266.1104,4:20:44:664442,2241
49.1875,269.1128,4:20:44:667452,2251
51.59769,271.8529,4:20:44:671639,2256
54.25381,274.2141,4:20:44:675453,2267
57.08209,276.2545,4:20:44:679453,2278
60.10712,278.0327,4:20:44:683974,2297
63.27972,279.6068,4:20:44:687578,2306
66.55069,280.8894,4:20:44:691593,2318
69.82166,281.9971,4:20:44:695727,2331
73.191,282.9299,4:20:44:699699,2337
76.63412,283.6295,4:20:44:703702,2347
80.17563,284.1542,4:20:44:707730,2353
83.71712,284.504,4:20:44:711700,2355
87.33241,284.6789,4:20:44:715722,2361
90.94769,284.6789,4:20:44:719980,2368
94.56297,284.6789,4:20:44:723998,2373
98.25203,283.8918,4:20:44:728004,2378
101.7935,283.8918,4:20:44:731990,2383
105.3104,282.376,4:20:44:735989,2385
108.8027,281.2975,4:20:44:739990,2384
112.2705,280.0149,4:20:44:743992,2383
115.7136,278.4408,4:20:44:747999,2375
119.0829,276.6627,4:20:44:752023,2375
122.4031,274.593,4:20:44:755060,2368
125.5757,272.261,4:20:44:760133,2362
128.7483,269.6667,4:20:44:763140,2362
131.6749,266.8099,4:20:44:767212,2370
134.4786,263.895,4:20:44:771225,2381
137.0856,260.8633,4:20:44:776080,2394
139.6679,257.7151,4:20:44:782088,2403
142.1765,254.6544,4:20:44:783092,2403
144.6113,251.5936,4:20:44:788091,2403
146.9722,248.6495,4:20:44:792088,2401
149.3333,245.7636,4:20:44:796088,2396
151.6451,242.9944,4:20:44:800089,2387
153.8585,240.0794,4:20:44:804090,2380
156.0719,237.2518,4:20:44:808161,2371
158.187,234.3951,4:20:44:811171,2366
160.2283,231.4218,4:20:44:815501,2364
162.2204,228.4194,4:20:44:819469,2369
164.1879,225.5336,4:20:44:823468,2378
166.18,222.7352,4:20:44:827469,2388
168.1229,220.0242,4:20:44:831995,2399
170.1642,217.459,4:20:44:836023,2394
172.2792,215.0687,4:20:44:839505,2389
174.4681,212.8824,4:20:44:843515,2381
176.7553,210.8711,4:20:44:848051,2364
179.1163,209.0638,4:20:44:852069,2340
181.5511,207.4023,4:20:44:856213,2317
184.035,205.799,4:20:44:859210,2290
186.6174,204.3415,4:20:44:863232,2273
189.1505,203.0298,4:20:44:867209,2270
191.6345,201.8055,4:20:44:872036,2257
194.0447,200.8143,4:20:44:875048,2257
196.4303,199.969,4:20:44:879207,2249
198.7175,199.3277,4:20:44:883226,2242
200.9309,198.8904,4:20:44:888055,2243
203.169,198.7155,4:20:44:891053,2237
205.4316,198.7155,4:20:44:896054,2238
207.6942,198.7155,4:20:44:899053,2238
209.9568,198.7155,4:20:44:904017,2235
212.2195,200.1147,4:20:44:907027,2231
214.5067,200.9892,4:20:44:911464,2226
216.8923,202.097,4:20:44:915375,2226
219.2287,203.3795,4:20:44:919371,2225
221.5159,204.8371,4:20:44:923375,2226
223.7293,206.4695,4:20:44:927973,2233
225.8444,208.3351,4:20:44:931460,2234
227.9349,210.3172,4:20:44:935624,2250
229.9516,212.5909,4:20:44:939621,2270
231.7469,215.127,4:20:44:943648,2282
233.5423,217.9254,4:20:44:947622,2294
235.19,220.9278,4:20:44:952023,2294
236.7886,224.0177,4:20:44:956071,2295
238.3134,227.3117,4:20:44:959875,2296
239.7153,230.664,4:20:44:963750,2305
240.9942,234.0453,4:20:44:967820,2308
242.1255,237.4267,4:20:44:971750,2312
243.2076,240.7207,4:20:44:975870,2313
244.093,244.0146,4:20:44:979898,2318
244.757,247.3378,4:20:44:983756,2328
245.2243,250.7775,4:20:44:987757,2339
245.421,254.3046,4:20:44:991858,2352
245.4702,257.8609,4:20:44:995754,2352
245.4702,261.5046,4:20:44:999879,2355
245.4702,265.1193,4:20:45:003877,2354
244.1913,268.7047,4:20:45:007882,2351
243.2568,272.261,4:20:45:011879,2352
242.1501,275.6424,4:20:45:015980,2354
240.822,278.8489,4:20:45:019891,2357
239.1742,281.8513,4:20:45:023891,2370
237.2805,284.8538,4:20:45:027891,2377
235.19,287.7105,4:20:45:031890,2383
232.8044,290.5089,4:20:45:035890,2386
230.2959,293.1907,4:20:45:039506,2386
227.5414,295.785,4:20:45:043516,2393
224.5163,298.1462,4:20:45:047907,2394
221.3192,300.3325,4:20:45:051915,2397
218.0482,302.3146,4:20:45:055974,2399
214.6297,303.9471,4:20:45:059996,2401
211.1619,305.2879,4:20:45:064026,2405
207.645,306.2499,4:20:45:067039,2411
204.0789,306.8912,4:20:45:072036,2409
200.4883,307.1827,4:20:45:076037,2406
196.7992,307.1827,4:20:45:080036,2404
193.0855,307.1827,4:20:45:084037,2394
189.2489,306.075,4:20:45:087852,2392
185.3877,305.0256,4:20:45:091901,2388
181.6003,303.6847,4:20:45:096017,2379
177.7882,302.0232,4:20:45:100038,2375
174.0008,300.0992,4:20:45:103970,2382
170.2871,298.0587,4:20:45:107973,2381
166.6227,295.8725,4:20:45:111970,2387
163.0566,293.5988,4:20:45:115982,2393
159.638,291.296,4:20:45:120091,2377
156.1949,288.964,4:20:45:124097,2372
152.9485,286.6611,4:20:45:128098,2365
149.8251,284.4457,4:20:45:131097,2362
146.8001,282.2886,4:20:45:135966,2363
143.898,280.0732,4:20:45:140100,2359
141.1435,277.9161,4:20:45:144101,2353
138.512,275.7299,4:20:45:148099,2343
136.0526,273.6019,4:20:45:152109,2332
133.7408,271.4448,4:20:45:155101,2323
131.4782,269.2585,4:20:45:160027,2294
129.3385,267.1598,4:20:45:164054,2234
127.2972,265.0318,4:20:45:168444,2139
125.4281,262.9622,4:20:45:171452,1990
123.7066,261.0091,4:20:45:176454,1803
122.2309,259.2018,4:20:45:179454,1550
121.0013,257.4819,4:20:45:183455,1246
119.9929,255.937,4:20:45:187457,873
119.2059,254.4795,4:20:45:192025,504
118.7632,253.1969,4:20:45:196035,234
118.6157,252.0018,4:20:45:199876,0
118.6157,251.0107,4:20:45:203863,0
118.6157,250.1653,4:20:45:207863,0
119.8453,249.2325,4:20:45:211994,0
120.7799,248.5329,4:20:45:215861,0
121.8866,247.8916,4:20:45:219861,0
123.2639,247.3378,4:20:45:223864,0
124.8379,246.9296,4:20:45:227489,0
126.6086,246.609,4:20:45:231879,0
128.5761,246.3466,4:20:45:235937,0
130.765,246.23,4:20:45:239878,0
133.2735,246.23,4:20:45:244021,0
135.9789,246.23,4:20:45:247369,0
138.9301,246.23,4:20:45:252028,0
142.0535,246.23,4:20:45:256038,0
145.4228,246.23,4:20:45:260039,0
148.9152,246.9005,4:20:45:264058,0
152.7272,246.9005,4:20:45:268038,0
156.5884,246.9005,4:20:45:271039,0
160.671,247.7167,4:20:45:275535,0
164.9503,247.7167,4:20:45:279563,0
169.3034,247.7167,4:20:45:283532,0
173.804,248.3871,4:20:45:287532,0
178.2801,248.3871,4:20:45:292089,0
182.6824,248.8244,4:20:45:295102,0
186.9371,248.8244,4:20:45:299177,0
192.5445,248.8244,4:20:45:303099,0
197.8813,248.8244,4:20:45:307149,0
197.8813,248.8244,4:20:45:326020,0
255.898,242.8195,4:20:45:355972,0
258.3082,242.8195,4:20:45:359984,0
260.8413,242.8195,4:20:45:363983,0
263.6942,241.7993,4:20:45:367983,0
267.0389,241.7993,4:20:45:372058,0
270.728,240.5458,4:20:45:376069,0
274.786,239.6713,4:20:45:380031,0
279.262,238.6802,4:20:45:383052,0
283.984,237.5434,4:20:45:388082,0
286.6648,236.4357,4:20:45:391082,0
289.5422,235.3279,4:20:45:396082,0
292.1492,234.1619,4:20:45:399113,0
294.5348,232.9377,4:20:45:403979,0
296.822,231.8008,4:20:45:407621,0
298.8878,230.5765,4:20:45:412028,0
300.7078,229.2939,4:20:45:415038,0
302.4294,227.9238,4:20:45:420027,0
303.905,226.5538,4:20:45:423339,0
305.1346,225.0672,4:20:45:427339,0
306.4135,223.5222,4:20:45:431374,0
307.4957,221.9189,4:20:45:435339,0
308.4548,220.0242,4:20:45:440026,0
309.3402,218.1295,4:20:45:443039,0
310.1272,216.1181,4:20:45:447977,0
310.8404,214.0193,4:20:45:450985,0
311.529,211.8039,4:20:45:455985,0
312.316,209.5885,4:20:45:459988,0
313.0538,207.2565,4:20:45:463988,0
313.8654,204.8371,4:20:45:467988,0
314.7508,202.5051,4:20:45:471579,0
315.6608,200.0856,4:20:45:475603,0
316.6445,197.6953,4:20:45:480028,0
317.7021,195.2467,4:20:45:483038,0
318.8334,192.8273,4:20:45:488056,0
319.9893,190.2621,4:20:45:491041,0
321.1698,187.8426,4:20:45:496182,0
322.4241,185.4523,4:20:45:499449,0
323.6537,182.9454,4:20:45:503544,0
324.8589,180.4093,4:20:45:507449,0
326.0885,177.9316,4:20:45:511510,0
327.1707,175.5413,4:20:45:515449,0
328.2282,173.2384,4:20:45:519504,0
329.2365,170.9648,4:20:45:523493,0
330.2449,168.7493,4:20:45:528028,0
331.204,166.6214,4:20:45:531329,0
332.1386,164.61,4:20:45:535393,0
333.1223,162.8027,4:20:45:539403,0
333.9831,161.0538,4:20:45:543402,0
334.8931,159.3631,4:20:45:547403,0
335.8277,157.7307,4:20:45:552028,0
336.713,156.2148,4:20:45:555361,0
337.4754,154.7282,4:20:45:559366,0
338.287,153.329,4:20:45:563362,0
339.0494,151.959,4:20:45:567395,0
339.7873,150.618,4:20:45:571361,0
340.5742,149.3063,4:20:45:576027,0
341.3612,148.1111,4:20:45:579037,0
342.1729,146.9451,4:20:45:583977,0
343.0336,145.9541,4:20:45:587996,0
343.8944,144.9046,4:20:45:591986,0
344.706,143.8261,4:20:45:596010,0
345.4438,142.7184,4:20:45:599986,1370
346.1078,141.7273,4:20:45:603999,1382
346.6243,140.7945,4:20:45:608029,1403
347.067,140.0658,4:20:45:611069,1419
347.4113,139.3661,4:20:45:616089,1431
347.6573,138.7249,4:20:45:620099,1431
347.8294,138.4042,4:20:45:624118,1419
348.0016,138.3167,4:20:45:628091,1416
348.1983,138.3167,4:20:45:631661,1421
348.4442,139.1329,4:20:45:635667,1413
348.764,139.8326,4:20:45:639517,1432
349.1329,140.9111,4:20:45:643644,1449
349.5756,142.4269,4:20:45:647791,1468
350.0182,144.3508,4:20:45:651692,1499
350.4363,146.6828,4:20:45:655813,1514
350.879,149.4229,4:20:45:659826,1525
351.1988,152.5128,4:20:45:663909,1534
351.4447,155.8651,4:20:45:667826,1551
351.5923,159.4505,4:20:45:671823,1560
351.6414,163.24,4:20:45:675823,1577
351.6414,167.0878,4:20:45:679839,1601
351.6414,171.2854,4:20:45:683824,1620
351.6414,175.687,4:20:45:689203,1645
350.879,180.2636,4:20:45:692205,1679
350.879,185.015,4:20:45:695204,1717
350.1658,189.8539,4:20:45:700203,1773
350.1658,194.8969,4:20:45:703204,1832
349.3788,200.0273,4:20:45:708031,1915
349.3788,205.4783,4:20:45:712042,1993
348.6656,210.9585,4:20:45:716042,2072
348.6656,216.4679,4:20:45:719041,2153
348.0508,221.9481,4:20:45:724058,2204
348.0508,227.4283,4:20:45:728050,2252
347.5343,232.9959,4:20:45:731976,2297
347.5343,238.7094,4:20:45:735987,2331
347.19,244.6851,4:20:45:739986,2358
347.19,250.5443,4:20:45:743998,2379
347.0178,256.3159,4:20:45:747984,2384
347.0178,262.0002,4:20:45:751985,2383
346.944,267.6262,4:20:45:755984,2387
346.944,273.223,4:20:45:759958,2395
346.944,278.9363,4:20:45:763994,2404
346.944,284.504,4:20:45:767994,2416
346.944,289.8968,4:20:45:772329,2420
347.5097,295.0272,4:20:45:775848,2414
347.5097,299.9826,4:20:45:779400,2411
347.5097,304.7341,4:20:45:783429,2405
348.1983,309.2232,4:20:45:787521,2403
348.1983,313.5082,4:20:45:791400,2405
348.7886,317.3269,4:20:45:796022,2411
348.7886,320.7957,4:20:45:800038,2420
349.2558,324.0314,4:20:45:803069,2426
349.2558,326.9464,4:20:45:808124,2432
349.674,329.6865,4:20:45:812121,2430
349.674,332.1934,4:20:45:816110,2427
349.9691,334.4088,4:20:45:819109,2426
349.9691,336.4201,4:20:45:824110,2429
350.1658,338.1692,4:20:45:827971,2425
350.1658,339.5975,4:20:45:831997,2424
350.2888,340.7052,4:20:45:835982,2421
350.2888,341.4922,4:20:45:839995,2421
350.3625,341.9878,4:20:45:843981,2427
350.3625,342.221,4:20:45:847982,2431
350.3871,342.221,4:20:45:852657,2432
350.3871,342.221,4:20:45:855667,2428
350.3871,341.1716,4:20:45:860028,2419
350.4117,340.2388,4:20:45:863040,2413
350.4855,338.8979,4:20:45:868037,2408
350.5347,337.1489,4:20:45:871040,2409
350.5593,335.1667,4:20:45:876037,2410
350.7069,332.8055,4:20:45:880052,2408
350.8544,330.2112,4:20:45:883971,2404
351.002,327.3545,4:20:45:887986,2391
351.2234,324.2646,4:20:45:891982,2377
351.4447,321.029,4:20:45:895985,2363
351.666,317.5892,4:20:45:900023,2351
351.8874,313.9746,4:20:45:904049,2335
352.0595,310.0977,4:20:45:907972,2322
352.2071,306.1042,4:20:45:911988,2324
352.2317,301.9648,4:20:45:915980,2322
352.2317,297.709,4:20:45:919983,2326
352.2317,293.3947,4:20:45:923980,2328
352.2317,289.0222,4:20:45:927982,2313
351.4693,284.5915,4:20:45:932101,2293
351.4693,280.0149,4:20:45:935111,2256
350.5593,275.3509,4:20:45:940036,2203
350.0182,270.5995,4:20:45:944047,2149
349.3788,265.8188,4:20:45:947984,2084
348.6902,260.9799,4:20:45:951989,2018
347.9278,256.1119,4:20:45:955977,1961
347.0916,251.273,4:20:45:959223,1893
346.2308,246.4341,4:20:45:964038,1833
345.2717,241.6243,4:20:45:968074,1783
344.1895,236.8438,4:20:45:972050,1760
343.0336,232.2089,4:20:45:976050,1741
341.8039,227.6906,4:20:45:980047,1732
340.4513,223.3473,4:20:45:984050,1727
339.0248,219.208,4:20:45:987863,1707
337.4016,215.3019,4:20:45:991831,1695
335.7293,211.7456,4:20:45:995853,1686
334.0077,208.4808,4:20:45:999830,1674
332.1632,205.6241,4:20:46:004301,1660
330.1711,203.0298,4:20:46:007313,1655
328.056,200.6686,4:20:46:011310,1643
325.7442,198.4532,4:20:46:015311,1646
323.1865,196.4418,4:20:46:019310,1649
320.432,194.6637,4:20:46:023311,1645
317.3332,193.0896,4:20:46:028032,1648
313.89,191.7487,4:20:46:032043,1646
310.3731,190.6993,4:20:46:036042,1647
306.6595,189.9414,4:20:46:040074,1648
302.8474,189.475,4:20:46:044391,1651
298.937,189.3875,4:20:46:047401,1658
295.002,189.3875,4:20:46:052403,1665
291.067,190.1454,4:20:46:055402,1685
287.1566,190.9908,4:20:46:059449,1704
283.3446,192.1859,4:20:46:063401,1720
279.5326,193.6726,4:20:46:068027,1743
275.8189,195.4216,4:20:46:071037,1759
272.2036,197.3746,4:20:46:076094,1772
268.7605,199.5609,4:20:46:079095,1789
265.5387,201.9512,4:20:46:084092,1801
262.5383,204.5455,4:20:46:087093,1822
259.8084,207.3439,4:20:46:092026,1858
257.3736,210.4339,4:20:46:095036,1890
255.1848,213.8152,4:20:46:099817,1922
253.3156,217.3716,4:20:46:103768,1941
251.7662,221.1028,4:20:46:107770,1950
250.5611,224.9505,4:20:46:111768,1962
249.7003,228.8275,4:20:46:115528,1969
249.2085,232.7336,4:20:46:119529,1982
249.1101,236.5814,4:20:46:123861,1991
249.1101,240.196,4:20:46:128858,2000
250.0201,243.6066,4:20:46:131860,2021
251.0776,246.9296,4:20:46:135861,2038
252.5532,250.0779,4:20:46:139948,2057
254.4223,253.0803,4:20:46:143973,2086
256.7834,255.9079,4:20:46:147921,2117
259.4886,258.5022,4:20:46:151953,2167
262.6367,260.8342,4:20:46:155946,2226
266.2274,262.8747,4:20:46:159923,2292
270.2115,264.6237,4:20:46:163923,2357
274.4908,265.9937,4:20:46:167921,2427
279.0653,267.0432,4:20:46:172032,2499
283.8119,267.7719,4:20:46:176042,2565
288.7798,268.18,4:20:46:181576,2626
293.9691,268.3257,4:20:46:183576,2664
299.2321,268.3257,4:20:46:187578,2691
304.4706,268.3257,4:20:46:191577,2701
309.6845,267.3055,4:20:46:196035,2710
314.7754,266.6059,4:20:46:200045,2715
319.7679,265.8188,4:20:46:203516,2714
324.7359,264.9443,4:20:46:207513,2718
329.4825,264.0407,4:20:46:211515,2718
333.8847,263.1662,4:20:46:215514,2715
338.0165,262.2334,4:20:46:219617,2714
341.8531,261.3881,4:20:46:223614,2670
345.3208,260.5427,4:20:46:227993,2567
348.518,259.7265,4:20:46:231993,2389
351.2971,258.9103,4:20:46:235993,2096
353.6827,258.0358,4:20:46:239995,1680
355.6994,257.1905,4:20:46:244498,1158
357.3718,256.2577,4:20:46:247508,658
358.6261,255.2666,4:20:46:252508,276
359.5606,254.188,4:20:46:255507,0
360.1509,253.022,4:20:46:259509,0
360.4214,251.7103,4:20:46:263506,0
360.4214,250.3111,4:20:46:267513,0
359.6836,248.7952,4:20:46:271545,0
358.8228,247.1337,4:20:46:276048,0
357.6177,245.4138,4:20:46:280058,0
356.1913,243.6357,4:20:46:283638,0
354.4943,241.8284,4:20:46:287558,0
352.6252,239.9337,4:20:46:292025,0
350.6331,238.0098,4:20:46:296050,0
348.518,236.0858,4:20:46:299711,0
346.3292,234.2494,4:20:46:303712,0
344.0174,232.3838,4:20:46:307716,0
341.5334,230.6057,4:20:46:311714,0
339.0494,228.8275,4:20:46:315994,0
336.4425,227.1368,4:20:46:320003,0
333.7864,225.5044,4:20:46:324022,0
331.0811,223.9594,4:20:46:328051,0
328.3512,222.4436,4:20:46:332033,0
325.6704,220.957,4:20:46:335035,0
323.0143,219.4412,4:20:46:340033,0
320.4812,217.9254,4:20:46:344033,0
317.9972,216.3221,4:20:46:348023,0
315.6116,214.748,4:20:46:351875,0
313.3736,213.1156,4:20:46:355887,0
311.2339,211.3667,4:20:46:359879,0
309.2664,209.5011,4:20:46:363876,0
307.4711,207.6646,4:20:46:367879,0
305.8725,205.7699,4:20:46:372024,0
304.3969,203.9334,4:20:46:375544,0
303.1671,202.1552,4:20:46:379969,0
302.1342,200.4063,4:20:46:383978,0
301.3226,198.803,4:20:46:387991,0
300.634,197.3746,4:20:46:391986,0
300.0438,196.0338,4:20:46:395987,0
299.5273,194.6929,4:20:46:400004,0
299.0354,193.3811,4:20:46:404024,1199
298.5435,192.1277,4:20:46:407539,1207
298.0271,190.9617,4:20:46:412023,1246
297.4614,189.9414,4:20:46:416034,1284
296.9203,189.0378,4:20:46:420033,1327
296.3547,188.2507,4:20:46:424034,1352
295.8382,187.6677,4:20:46:428292,1352
295.3463,187.4637,4:20:46:431303,1357
294.9037,187.4637,4:20:46:435322,1361
294.5594,188.1924,4:20:46:439317,1378
294.2642,189.0378,4:20:46:443331,1390
293.9937,190.2038,4:20:46:447303,1406
293.8215,191.6321,4:20:46:452088,1422
293.6248,193.4394,4:20:46:456083,1441
293.5756,195.5965,4:20:46:460029,1484
293.5756,197.9868,4:20:46:464038,1542
293.5756,200.6978,4:20:46:468034,1632
293.5756,203.6711,4:20:46:472044,1741
293.5756,206.965,4:20:46:475977,1865
294.338,210.6379,4:20:46:479556,1974
294.338,214.5732,4:20:46:483578,2058
294.9774,218.7416,4:20:46:487555,2141
294.9774,223.0558,4:20:46:491589,2205
295.5677,227.4283,4:20:46:495555,2275
295.5677,231.7717,4:20:46:499976,2355
296.1088,236.0858,4:20:46:504087,2418
296.1088,240.2834,4:20:46:507217,2476
296.6006,244.2478,4:20:46:511217,2526
296.6006,248.0956,4:20:46:515217,2555
296.9695,251.7977,4:20:46:519217,2572
296.9695,255.4123,4:20:46:523982,2581
297.1909,258.9395,4:20:46:527232,2580
297.1909,262.35,4:20:46:531229,2580
297.3384,265.5565,4:20:46:535231,2585
297.3384,268.559,4:20:46:539296,2536
297.4368,271.299,4:20:46:544231,2394
297.5598,273.6602,4:20:46:547315,2050
297.7319,275.6424,4:20:46:552229,1485
298.0025,277.1873,4:20:46:556240,887
298.3222,278.295,4:20:46:559246,384
298.7157,278.9947,4:20:46:563261,0
299.2567,279.1404,4:20:46:567249,0
299.97,279.1404,4:20:46:572023,0
300.8799,277.887,4:20:46:575036,0
301.9621,276.5169,4:20:46:580033,0
303.2163,274.7096,4:20:46:583033,0
304.5936,272.4942,4:20:46:588042,0
306.143,269.8998,4:20:46:592041,0
307.84,267.014,4:20:46:595783,0
309.6599,264.0115,4:20:46:599793,0
311.529,260.8925,4:20:46:603793,0
313.3736,257.7151,4:20:46:607794,0
315.3165,254.5378,4:20:46:611898,0
317.284,251.3604,4:20:46:615742,0
319.2023,248.1539,4:20:46:619838,0
321.2682,245.0932,4:20:46:623745,0
323.2603,242.0325,4:20:46:627840,0
325.154,238.9134,4:20:46:631745,0
327.0231,235.9109,4:20:46:636021,0
328.8922,232.8502,4:20:46:639359,0
330.8351,229.6145,4:20:46:644211,0
332.6305,226.4081,4:20:46:647215,0
334.4504,223.0266,4:20:46:651228,0
336.049,219.4704,4:20:46:655217,0
337.7214,215.8557,4:20:46:659217,0
339.4183,212.0954,4:20:46:663218,0
340.9431,208.2476,4:20:46:668027,0
342.4434,204.3998,4:20:46:671040,0
343.796,200.6395,4:20:46:676032,0
345.0995,196.8791,4:20:46:682040,0
346.28,193.2937,4:20:46:684041,0
347.4359,189.9414,4:20:46:688043,0
348.4442,186.6766,4:20:46:692028,0
349.3788,183.5867,4:20:46:696038,0
350.215,180.6717,4:20:46:700021,0
350.9774,177.9608,4:20:46:704029,0
351.5923,175.483,4:20:46:708031,0
352.1087,173.2676,4:20:46:711031,0
352.5268,171.2271,4:20:46:716031,0
352.8465,169.3907,4:20:46:719031,0
353.0433,167.7583,4:20:46:724023,0
353.0433,166.3008,4:20:46:727034,0
353.0433,165.1348,4:20:46:731933,0
353.0433,164.0853,4:20:46:735944,0
353.0433,163.1234,4:20:46:739944,0
352.2809,162.3072,4:20:46:743963,0
352.2809,161.5493,4:20:46:747944,0
351.4201,160.8206,4:20:46:751953,0
350.9036,160.2084,4:20:46:756007,0
350.3871,159.6546,4:20:46:760017,0
349.7477,159.1299,4:20:46:764020,0
349.0099,158.6343,4:20:46:768030,0
348.2475,158.1971,4:20:46:772024,0
347.4359,157.5849,4:20:46:776042,0
346.5997,156.7979,4:20:46:780034,1637
345.6406,155.8651,4:20:46:784034,1637
344.6322,154.8739,4:20:46:788035,1643
343.5747,153.7371,4:20:46:792034,1662
342.5172,152.4545,4:20:46:796625,1701
341.5088,151.1427,4:20:46:799641,1751
340.4759,149.7727,4:20:46:803974,1791
339.4429,148.3443,4:20:46:808010,1821
338.4592,147.1783,4:20:46:811994,1832
337.5246,146.0123,4:20:46:815997,1832
336.6393,144.8755,4:20:46:819170,1837
335.8031,143.797,4:20:46:823182,1839
334.9423,142.631,4:20:46:827181,1843
334.0815,141.465,4:20:46:832193,1842
333.2699,140.3573,4:20:46:836148,1845
332.4337,139.2204,4:20:46:839158,1845
331.5483,137.9961,4:20:46:843627,1839
330.6138,136.7426,4:20:46:847638,1840
329.6054,135.4017,4:20:46:851683,1838
328.5479,133.9442,4:20:46:855637,1829
327.3674,132.4868,4:20:46:860028,1823
326.1377,130.7961,4:20:46:864038,1817
324.7605,128.9888,4:20:46:868033,1803
323.334,126.9482,4:20:46:872054,1800
321.8338,124.7328,4:20:46:876028,1788
320.309,122.2551,4:20:46:879039,1773
318.7842,119.515,4:20:46:884037,1765
317.284,116.6292,4:20:46:888039,1760
315.8083,113.6267,4:20:46:892279,1764
314.4065,110.5951,4:20:46:895290,1762
313.0538,107.5927,4:20:46:899317,1755
311.7996,104.5902,4:20:46:904290,1735
310.6928,101.7043,4:20:46:907288,1716
309.6845,98.96425,4:20:46:911289,1698
308.7991,96.34075,4:20:46:915975,1682
308.1105,93.7464,4:20:46:919297,1682
307.5694,91.1229,4:20:46:923297,1678
307.1513,88.47025,4:20:46:927299,1675
306.9054,85.73015,4:20:46:931297,1667
306.8316,82.9026,4:20:46:935297,1653
306.8316,80.01675,4:20:46:940068,1643
306.8316,77.1309,4:20:46:943584,1640
307.5694,74.24505,4:20:46:947938,1634
307.5694,71.4758,4:20:46:951961,1634
308.6761,68.88145,4:20:46:955987,1631
309.4632,66.43285,4:20:46:959946,1617
310.3731,64.13,4:20:46:963986,1619
311.3815,62.0312,4:20:46:967942,1601
312.4882,60.1073,4:20:46:971944,1586
313.7425,58.2417,4:20:46:975942,1581
315.1197,56.551,4:20:46:980321,1578
316.6199,54.88945,4:20:46:983334,1581
318.2185,53.25705,4:20:46:987417,1574
319.8909,51.68295,4:20:46:991331,1568
321.6371,50.16715,4:20:46:995333,1556
323.4816,48.76795,4:20:46:999331,1547
325.3261,47.42705,4:20:47:003564,1551
327.1953,46.1736,4:20:47:007562,1552
329.1382,45.0076,4:20:47:011564,1550
331.1794,43.92905,4:20:47:015598,1547
333.2699,42.99625,4:20:47:019968,1540
335.4096,42.2092,4:20:47:023576,1533
337.6476,41.6262,4:20:47:028020,1530
339.9102,41.13065,4:20:47:032018,1526
342.3204,40.89745,4:20:47:036018,1533
344.7552,40.83915,4:20:47:040019,1536
347.1654,40.83915,4:20:47:043630,1538
349.5018,40.83915,4:20:47:047640,1544
351.8136,42.1509,4:20:47:052048,1546
354.0762,43.0254,4:20:47:056070,1545
356.2159,44.10395,4:20:47:060052,1557
358.2817,45.44485,4:20:47:063054,1568
360.2738,46.9315,4:20:47:068152,1573
362.1922,48.59305,4:20:47:071162,1582
364.0613,50.3712,4:20:47:075195,1593
365.8812,52.2951,4:20:47:079163,1589
367.6028,54.36475,4:20:47:084265,1586
369.226,56.58015,4:20:47:088273,1594
370.8492,59.02875,4:20:47:092001,1611
372.374,61.6814,4:20:47:096011,1646
373.8742,64.68385,4:20:47:100012,1680
375.3006,68.00695,4:20:47:104011,1712
376.6533,71.6507,4:20:47:108009,1722
377.9568,75.4985,4:20:47:112012,1728
379.211,79.5795,4:20:47:116009,1739
380.4407,83.80625,4:20:47:119011,1745
381.5474,88.1496,4:20:47:124025,1760
382.6787,92.7553,4:20:47:128036,1787
383.7117,97.4776,4:20:47:132139,1810
384.6708,102.4039,4:20:47:135139,1844
385.6054,107.4469,4:20:47:139252,1866
386.4908,112.6065,4:20:47:144155,1874
387.327,117.8534,4:20:47:147851,1875
388.0894,123.217,4:20:47:151897,1888
388.8026,128.8138,4:20:47:155861,1902
389.3929,134.5856,4:20:47:159863,1920
389.9585,140.3573,4:20:47:164151,1939
390.4012,146.0706,4:20:47:168162,1937
390.7701,151.7549,4:20:47:172161,1935
391.0406,157.4975,4:20:47:175160,1925
391.262,163.3857,4:20:47:180163,1937
391.3849,169.5364,4:20:47:183165,1944
391.4341,175.7162,4:20:47:188021,1955
391.4341,181.7794,4:20:47:192032,1974
391.4341,187.7843,4:20:47:196028,1972
391.4341,193.8475,4:20:47:199299,1997
390.6717,200.0273,4:20:47:203357,2019
390.6717,206.4695,4:20:47:207299,2036
389.688,212.9699,4:20:47:211295,2064
388.9994,219.2372,4:20:47:215296,2069
388.2369,225.3878,4:20:47:220600,2075
387.4254,231.5093,4:20:47:224609,2105
386.5154,237.6017,4:20:47:227609,2119
385.5808,243.8398,4:20:47:231609,2136
384.6216,249.9904,4:20:47:235608,2152
383.6379,255.8204,4:20:47:240217,2146
382.6787,261.4172,4:20:47:243248,2145
381.7688,266.8099,4:20:47:247229,2141
380.8342,272.0861,4:20:47:252242,2134
379.9734,277.0999,4:20:47:255230,2139
379.1127,281.9971,4:20:47:259230,2144
378.3011,286.6611,4:20:47:263227,2156
377.5878,291.0336,4:20:47:268229,2171
376.8746,295.2312,4:20:47:272022,2172
376.2352,299.2248,4:20:47:275032,2176
375.6449,302.9851,4:20:47:279968,2169
375.1531,306.4831,4:20:47:283256,2165
374.7104,309.777,4:20:47:288025,2118
374.3661,312.6629,4:20:47:292040,1990
374.0709,315.1407,4:20:47:296022,1738
373.8988,317.2394,4:20:47:300033,1339
373.7758,318.9884,4:20:47:304033,844
373.7758,320.3585,4:20:47:308033,429
373.7758,321.437,4:20:47:312030,0
373.7758,322.1367,4:20:47:315035,0
373.7758,322.4282,4:20:47:319968,0
374.6612,322.4282,4:20:47:323451,0
375.2514,322.4282,4:20:47:328028,0
375.9647,321.0581,4:20:47:331028,0
376.8992,319.8629,4:20:47:336028,0
378.0305,318.4346,4:20:47:340026,0
379.4078,316.6564,4:20:47:344278,0
380.9326,314.6451,4:20:47:347289,0
382.7033,312.5463,4:20:47:351256,0
384.6462,310.2434,4:20:47:355208,0
386.8105,307.7949,4:20:47:359210,0
389.2207,305.2879,4:20:47:363208,0
391.803,302.6353,4:20:47:368018,0
394.5575,299.8952,4:20:47:371367,0
397.4596,296.951,4:20:47:375256,0
400.5092,293.8903,4:20:47:379266,0
403.7064,290.5963,4:20:47:383270,0
407.002,287.1858,4:20:47:387264,0
410.4697,283.6587,4:20:47:392021,0
414.1096,280.044,4:20:47:395033,0
417.7495,276.3128,4:20:47:400022,0
421.5369,272.4942,4:20:47:403035,0
425.3243,268.5298,4:20:47:408032,0
429.0872,264.2739,4:20:47:412032,0
432.8008,259.8139,4:20:47:416032,0
435.9734,255.2957,4:20:47:419032,0
499.7696,133.6236,4:20:47:566189,0
498.8842,133.6236,4:20:47:570175,0
497.9005,132.7782,4:20:47:574174,0
496.6954,131.9912,4:20:47:578185,0
495.3673,131.0293,4:20:47:581737,0
493.9409,129.8049,4:20:47:585743,0
492.5882,128.3766,4:20:47:589743,0
491.0634,126.7442,4:20:47:593743,0
489.514,124.8786,4:20:47:598394,0
488.85,123.217,4:20:47:601403,0
488.3827,121.6138,4:20:47:605406,0
488.3827,120.0397,4:20:47:609406,0
488.0138,118.5239,4:20:47:613465,0
488.0138,117.1247,4:20:47:617403,0
488.0138,115.8421,4:20:47:621985,0
488.0138,114.6761,4:20:47:625867,0
488.9975,113.6267,4:20:47:630037,0
489.5878,112.7522,4:20:47:634054,0
490.1534,111.9943,4:20:47:638024,0
490.8421,111.4405,4:20:47:641036,0
491.6537,111.0323,4:20:47:646214,0
492.4652,110.8866,4:20:47:649733,0
493.326,110.8283,4:20:47:653740,0
494.1376,110.8283,4:20:47:657729,0
495.023,110.8283,4:20:47:661815,0
495.8838,111.6737,4:20:47:665731,0
496.72,111.6737,4:20:47:669906,0
497.5562,111.6737,4:20:47:673898,1335
498.3432,111.6737,4:20:47:677925,1322
499.1056,111.6737,4:20:47:681923,1300
499.8434,112.3733,4:20:47:685898,1284
500.7534,112.8397,4:20:47:689900,1272
501.7371,113.4518,4:20:47:693697,1269
502.893,114.5303,4:20:47:697707,1283
504.2211,116.0753,4:20:47:702612,1300
505.7213,118.1158,4:20:47:705622,1305
507.369,120.4478,4:20:47:709714,1321
509.1398,123.1004,4:20:47:713622,1333
511.0335,125.9863,4:20:47:717630,1337
512.8043,129.0179,4:20:47:721623,1362
514.4275,132.1369,4:20:47:725977,1388
515.9523,135.5766,4:20:47:730593,1414
517.3295,139.2787,4:20:47:733595,1442
518.5838,143.1265,4:20:47:738593,1456
519.666,147.1201,4:20:47:741919,1461
520.6251,151.201,4:20:47:745928,1474
521.3137,155.2529,4:20:47:749463,1481
521.8302,159.2464,4:20:47:753423,1498
522.1991,163.2108,4:20:47:757512,1508
522.3221,166.8546,4:20:47:761423,1506
522.3221,170.3526,4:20:47:765545,1519
522.3221,173.7923,4:20:47:769424,1526
521.2645,177.2029,4:20:47:774014,1533
520.3546,180.526,4:20:47:778025,1549
519.1741,183.8199,4:20:47:782051,1551
517.7476,187.0555,4:20:47:786051,1547
516.0261,190.2038,4:20:47:789142,1552
513.9848,193.177,4:20:47:794052,1554
511.673,196.0338,4:20:47:797844,1550
509.189,198.5698,4:20:47:801854,1554
506.3607,200.8143,4:20:47:806006,1555
503.4586,202.8257,4:20:47:810016,1556
500.409,204.6039,4:20:47:813963,1569
497.2856,206.1779,4:20:47:817972,1583
494.0884,207.5188,4:20:47:821975,1597
490.8667,208.6557,4:20:47:825984,1606
487.5957,209.5885,4:20:47:830016,1619
484.3493,210.3172,4:20:47:834027,1631
481.0783,210.8419,4:20:47:837772,1642
477.7828,211.1335,4:20:47:841783,1649
474.5856,211.1917,4:20:47:845783,1651
471.3884,211.1917,4:20:47:849782,1653
468.265,211.1917,4:20:47:853783,1654
465.2892,210.1715,4:20:47:857785,1652
462.633,209.4719,4:20:47:861211,1647
460.1245,208.6266,4:20:47:865211,1649
457.8372,207.6646,4:20:47:869210,1647
455.796,206.6152,4:20:47:873211,1646
453.9514,205.4783,4:20:47:878019,1645
452.3282,204.254,4:20:47:882034,1637
450.951,203.0006,4:20:47:886029,1635
449.7705,201.7471,4:20:47:890029,1639
448.7375,200.4937,4:20:47:894052,1641
447.9014,199.2111,4:20:47:898050,1642
447.2373,198.1034,4:20:47:902598,1639
446.7701,197.0831,4:20:47:905609,1647
446.4503,196.1795,4:20:47:910018,1648
446.2782,195.4799,4:20:47:914032,1641
446.1798,194.9552,4:20:47:918048,1633
446.1798,194.6637,4:20:47:921082,1611
446.1798,194.6054,4:20:47:926059,1600
446.7701,194.6054,4:20:47:929061,1591
447.3357,194.6054,4:20:47:934153,1590
448.0244,196.0046,4:20:47:937182,1589
448.9097,197.0248,4:20:47:942017,1592
450.0164,198.3949,4:20:47:946028,1600
451.2461,200.0273,4:20:47:950081,1605
452.7217,201.9512,4:20:47:954082,1614
454.3449,204.1958,4:20:47:958081,1620
456.2141,206.7318,4:20:47:962082,1633
458.2799,209.6759,4:20:47:966020,1652
460.6163,212.9699,4:20:47:970030,1685
463.2479,216.5845,4:20:47:973361,1726
466.0761,220.578,4:20:47:977369,1753
469.2733,224.834,4:20:47:981371,1774
472.6673,229.3522,4:20:47:985369,1794
476.258,234.1037,4:20:47:989370,1822
480.0454,239.03,4:20:47:993370,1878
484.005,244.1895,4:20:47:997697,1946
488.1613,249.524,4:20:48:001729,2007
492.5144,254.9751,4:20:48:005864,2057
496.9905,260.4261,4:20:48:010435,2097
501.5649,265.848,4:20:48:014111,2141
506.3115,271.3282,4:20:48:018122,2199
511.2549,276.9542,4:20:48:022122,2264
516.272,282.6675,4:20:48:025122,2321
521.3629,288.2935,4:20:48:030179,2362
526.5276,293.7445,4:20:48:033195,2384
531.6185,299.079,4:20:48:037799,2395
536.6602,304.326,4:20:48:041818,2399
541.7265,309.5439,4:20:48:045886,2412
546.6945,314.7034,4:20:48:049939,2425
551.5148,319.8047,4:20:48:053892,2436
556.1631,324.7602,4:20:48:057941,2447
560.6145,329.5407,4:20:48:061931,2445
564.8693,334.2047,4:20:48:065944,2445
568.8043,338.723,4:20:48:070223,2446
572.5179,343.0955,4:20:48:073233,2445
575.9856,347.3514,4:20:48:078232,2444
579.1828,351.3741,4:20:48:081236,2434
582.1095,355.1053,4:20:48:085260,2435
584.8148,358.6616,4:20:48:089233,2380
587.2742,362.1013,4:20:48:093181,2242
589.4876,365.3952,4:20:48:098191,1989
591.5781,368.6017,4:20:48:102030,1543
593.4964,371.6042,4:20:48:106065,1001
595.2672,374.286,4:20:48:109886,531
596.8165,376.7054,4:20:48:113915,181
598.2922,378.8043,4:20:48:117965,0
599.6448,380.4075,4:20:48:121974,0
600.8991,381.4861,4:20:48:125976,0
601.9812,382.0399,4:20:48:129976,0
602.9896,382.0691,4:20:48:133976,0
603.8257,382.0691,4:20:48:137980,0
604.4898,380.8156,4:20:48:142015,0
605.0554,379.6205,4:20:48:145532,0
605.4243,378.1921,4:20:48:149121,0
605.6949,376.5597,4:20:48:153125,0
605.867,374.6649,4:20:48:158122,0
605.9162,372.8576,4:20:48:162123,0
605.9162,371.1086,4:20:48:166014,0
605.9162,369.1556,4:20:48:169847,0
605.1292,367.0276,4:20:48:174015,0
605.1292,367.0276,4:20:48:191960,0
128.4286,130.3005,4:20:50:762305,0
128.4286,130.3005,4:20:50:765314,0
127.5186,130.3005,4:20:50:769316,0
126.83,130.3005,4:20:50:773314,0
126.0922,130.3005,4:20:50:778334,0
125.0592,130.9126,4:20:50:781314,0
123.9033,130.9126,4:20:50:785985,0
122.649,130.9126,4:20:50:789995,0
121.3456,130.9126,4:20:50:793986,0
120.1405,130.9126,4:20:50:798019,0
118.9846,130.9126,4:20:50:802044,0
117.8287,130.9126,4:20:50:806052,0
116.6482,130.9126,4:20:50:810090,0
115.6398,130.9126,4:20:50:814066,0
114.5823,130.9126,4:20:50:818079,0
113.5493,130.9126,4:20:50:822058,0
112.4426,130.9126,4:20:50:825988,0
111.4589,130.0965,4:20:50:830010,0
110.4997,130.0965,4:20:50:834296,0
109.5652,129.5426,4:20:50:837305,0
108.6552,129.5426,4:20:50:841356,0
107.696,129.0179,4:20:50:845308,0
106.909,129.0179,4:20:50:849305,0
105.9991,128.5224,4:20:50:853308,0
105.1875,128.5224,4:20:50:858014,0
104.4005,128.1434,4:20:50:862025,0
103.5889,128.1434,4:20:50:866011,0
102.8757,128.1434,4:20:50:869021,0
102.1378,128.1434,4:20:50:874019,0
101.4,128.1434,4:20:50:877021,0
100.6622,128.1434,4:20:50:882018,0
99.949,128.1434,4:20:50:886021,0
99.18659,129.222,4:20:50:890013,0
98.3996,129.8341,4:20:50:894041,0
97.63718,130.5629,4:20:50:898021,0
96.77641,131.4373,4:20:50:902023,0
95.96481,132.3993,4:20:50:906051,0
95.15322,133.4487,4:20:50:909057,0
94.29243,134.4981,4:20:50:914011,0
93.48084,135.6349,4:20:50:917021,0
92.76762,136.7426,4:20:50:922015,0
92.02982,137.7629,4:20:50:925025,0
91.41497,138.8123,4:20:50:930024,0
90.9231,139.6868,4:20:50:933025,0
90.52959,140.4447,4:20:50:938024,0
90.25906,140.9986,4:20:50:942025,0
90.13609,141.4066,4:20:50:946011,0
90.03772,141.6107,4:20:50:949141,274
90.03772,141.7273,4:20:50:954145,269
90.03772,141.7273,4:20:50:957151,264
90.03772,141.7273,4:20:50:962017,263
90.62797,141.7273,4:20:50:966027,256
90.62797,141.7273,4:20:50:970078,254
91.88225,141.7273,4:20:50:973076,256
92.81681,141.7273,4:20:50:978078,258
94.07109,141.7273,4:20:50:982079,269
95.54672,141.7273,4:20:50:986029,287
97.24369,141.7273,4:20:50:989039,303
99.18659,141.7273,4:20:50:994051,317
101.2771,141.7273,4:20:50:998039,324
103.5397,141.7273,4:20:51:002048,331
105.8515,141.7273,4:20:51:006038,337
108.4584,141.7273,4:20:51:010044,346
111.2375,141.7273,4:20:51:013050,357
114.3118,141.7273,4:20:51:018017,366
117.5827,141.7273,4:20:51:022027,380
121.075,141.7273,4:20:51:026015,391
124.7395,141.7273,4:20:51:030026,415
128.5515,141.7273,4:20:51:034143,436
132.5603,141.0569,4:20:51:037156,453
136.6429,141.0569,4:20:51:041154,477
140.8976,141.0569,4:20:51:045153,494
145.2999,140.5905,4:20:51:049270,519
149.8005,140.5905,4:20:51:053156,548
154.3504,140.5905,4:20:51:058008,578
158.9002,140.1241,4:20:51:062019,601
163.6714,140.1241,4:20:51:066017,620
168.6885,140.1241,4:20:51:070019,645
173.7794,139.8326,4:20:51:074436,662
178.9441,139.8326,4:20:51:077446,700
184.0596,139.8326,4:20:51:081447,736
189.1259,139.6577,4:20:51:085444,773
194.3644,139.6577,4:20:51:089448,809
199.9226,139.6577,4:20:51:095451,829
205.5792,139.5702,4:20:51:097833,855
211.2603,139.5119,4:20:51:101840,856
216.9169,139.3953,4:20:51:105893,860
222.5734,139.337,4:20:51:109799,865
228.4759,139.1621,4:20:51:113911,859
234.7473,139.0746,4:20:51:117794,861
241.0679,138.8706,4:20:51:122010,861
247.2656,138.7249,4:20:51:125526,856
253.6107,138.5499,4:20:51:130029,854
260.1527,138.3459,4:20:51:134035,854
266.9897,138.2001,4:20:51:138010,853
273.9744,137.9961,4:20:51:142021,852
280.9098,137.7921,4:20:51:146021,850
287.9682,137.6171,4:20:51:150030,850
295.2234,137.4422,4:20:51:153934,851
302.7491,137.209,4:20:51:157934,856
310.1764,137.0633,4:20:51:161933,861
317.7021,136.8884,4:20:51:165932,871
325.3753,136.6261,4:20:51:170010,886
333.1469,136.422,4:20:51:174031,903
340.9923,136.2471,4:20:51:177532,914
348.8869,135.9848,4:20:51:181541,933
356.8799,135.7807,4:20:51:185542,944
364.8729,135.5766,4:20:51:189540,963
373.0626,135.3726,4:20:51:194217,978
381.3261,135.1394,4:20:51:198241,983
389.688,134.9645,4:20:51:202277,999
397.8531,134.7605,4:20:51:205295,1003
406.2396,134.5856,4:20:51:209278,1011
414.6014,134.4398,4:20:51:213278,1019
422.9387,134.2941,4:20:51:218015,1016
431.1284,134.1483,4:20:51:221545,1020
439.2444,134.0025,4:20:51:226012,1032
447.2127,133.8568,4:20:51:230023,1048
455.009,133.6528,4:20:51:234023,1078
462.7068,133.4487,4:20:51:238022,1109
470.1095,133.2446,4:20:51:242022,1140
477.1679,133.0697,4:20:51:246023,1178
483.9804,132.8365,4:20:51:250302,1202
490.7929,132.6617,4:20:51:253346,1222
497.261,132.4868,4:20:51:257362,1233
503.2865,132.3118,4:20:51:261313,1226
508.8939,132.2244,4:20:51:265312,1227
514.4275,132.1078,4:20:51:269313,1223
519.8135,132.0204,4:20:51:273300,1231
525.0274,131.9329,4:20:51:277310,1239
529.9953,131.8163,4:20:51:281754,1242
534.5698,131.6997,4:20:51:285765,1242
538.8983,131.5831,4:20:51:289764,1239
543.03,131.4665,4:20:51:293764,1239
547.0142,131.3499,4:20:51:297793,1235
550.6541,131.2625,4:20:51:301764,1197
554.048,131.175,4:20:51:305822,1106
557.0976,131.1167,4:20:51:309834,952
559.8521,131.1167,4:20:51:314010,731
562.3853,131.1167,4:20:51:317020,462
564.6479,131.1167,4:20:51:322009,243
566.5908,131.1167,4:20:51:326018,0
568.1156,131.1167,4:20:51:330020,0
569.1732,131.1167,4:20:51:334020,0
569.7142,131.1167,4:20:51:338256,0
569.7142,131.1167,4:20:51:341267,0
568.8781,130.1548,4:20:51:345320,0
567.55,129.1345,4:20:51:349267,0
565.6563,127.8811,4:20:51:353299,0
562.9263,126.3361,4:20:51:357418,0
559.7783,124.4414,4:20:51:362004,0
555.9171,122.4883,4:20:51:365326,0
555.9171,122.4883,4:20:51:384003,0
