245.1259,244.9183,4:28:42:600460,0
245.1259,244.9183,4:28:42:604457,0
243.6257,243.9563,4:28:42:609024,0
242.5682,243.0527,4:28:42:612033,0
241.5352,241.9742,4:28:42:616033,0
240.3055,240.6041,4:28:42:620033,0
239.0267,239.03,4:28:42:624036,0
237.6986,237.1935,4:28:42:629128,0
236.2722,235.2113,4:28:42:632137,0
235.3868,233.2874,4:28:42:636140,0
234.649,231.4801,4:28:42:640137,0
234.0587,229.702,4:28:42:644137,0
233.3209,227.7781,4:28:42:648140,0
232.6815,225.7959,4:28:42:652139,0
232.0666,223.9012,4:28:42:656611,0
231.4518,222.0356,4:28:42:660238,0
230.8369,220.0242,4:28:42:664620,0
230.3205,217.9254,4:28:42:668633,0
229.804,215.7683,4:28:42:672641,0
229.3121,213.6112,4:28:42:676631,0
228.9432,211.5124,4:28:42:680628,0
228.5743,209.5011,4:28:42:684612,0
228.2546,207.4314,4:28:42:688661,0
227.9349,205.4492,4:28:42:692940,0
227.6398,203.5836,4:28:42:696453,0
227.3446,201.8638,4:28:42:700452,0
227.0741,200.1439,4:28:42:704497,0
226.8282,198.4823,4:28:42:708452,0
226.5576,196.9374,4:28:42:712553,0
226.3117,195.4216,4:28:42:716608,0
226.0658,193.9058,4:28:42:720044,0
225.8198,192.3317,4:28:42:724044,0
225.5739,190.7867,4:28:42:728044,0
225.3525,189.1835,4:28:42:732044,0
225.1066,187.6385,4:28:42:736706,0
224.8853,186.0353,4:28:42:740718,0
224.6639,184.4029,4:28:42:743716,0
224.418,182.7122,4:28:42:748714,1494
224.0983,181.0215,4:28:42:751716,1493
223.7539,179.3308,4:28:42:756718,1521
223.4342,177.7858,4:28:42:760716,1575
223.0653,176.3575,4:28:42:763716,1632
222.7456,174.9292,4:28:42:768654,1690
222.3767,173.6465,4:28:42:772775,1718
222.0816,172.568,4:28:42:775758,1720
221.7618,171.6935,4:28:42:779755,1715
221.5651,171.0231,4:28:42:784756,1715
221.3929,170.4692,4:28:42:788462,1722
221.2208,170.0028,4:28:42:792776,1731
221.1224,169.7113,4:28:42:796713,1738
221.0486,169.5072,4:28:42:800745,1734
220.9748,169.4198,4:28:42:804748,1719
220.9257,169.3907,4:28:42:808724,1691
220.8519,169.3907,4:28:42:812725,1672
220.7781,169.3907,4:28:42:815989,1658
220.7043,169.3907,4:28:42:819991,1647
220.6305,169.3907,4:28:42:824603,1644
220.483,170.5275,4:28:42:828894,1639
220.3108,171.198,4:28:42:831892,1643
220.0895,172.0433,4:28:42:835929,1644
219.8435,173.2093,4:28:42:839967,1647
219.5484,174.521,4:28:42:843938,1659
219.2041,176.1826,4:28:42:847942,1668
218.8106,178.2231,4:28:42:853188,1679
218.4171,180.526,4:28:42:856231,1685
217.999,183.1494,4:28:42:860323,1683
217.5809,186.1227,4:28:42:864329,1682
217.1382,189.3001,4:28:42:868375,1684
216.7693,192.6815,4:28:42:872323,1696
216.3512,196.2378,4:28:42:876647,1706
216.0315,199.8524,4:28:42:880662,1724
215.7364,203.6711,4:28:42:884639,1763
215.515,207.6355,4:28:42:888651,1808
215.3183,211.8331,4:28:42:892695,1866
215.1953,216.293,4:28:42:896696,1921
215.1461,220.8404,4:28:42:900694,1962
215.0969,225.5336,4:28:42:903696,1994
215.0969,230.3433,4:28:42:908652,2012
215.0969,235.3571,4:28:42:912672,2045
215.0969,240.4875,4:28:42:916594,2065
215.0969,245.8219,4:28:42:920021,2086
215.0969,251.1564,4:28:42:924020,2111
215.7856,256.52,4:28:42:928021,2107
215.7856,261.8836,4:28:42:932021,2107
215.7856,267.3055,4:28:42:936020,2101
216.3758,272.8148,4:28:42:940581,2103
216.3758,278.4408,4:28:42:944593,2112
216.3758,284.1833,4:28:42:948605,2116
216.7201,289.8093,4:28:42:952589,2122
216.7201,295.3186,4:28:42:956594,2118
216.7201,300.7405,4:28:42:960590,2111
216.7201,306.075,4:28:42:964594,2100
216.7201,311.3511,4:28:42:968608,2098
216.7201,316.7148,4:28:42:972604,2099
216.7201,321.9326,4:28:42:976607,2102
216.0069,326.9756,4:28:42:980604,2110
216.0069,331.8436,4:28:42:984607,2110
215.3429,336.5367,4:28:42:988654,2108
215.3429,341.0841,4:28:42:991665,2104
214.5067,345.4275,4:28:42:995834,2104
214.064,349.6251,4:28:42:999834,2102
213.5967,353.5312,4:28:43:003876,2110
213.1294,357.175,4:28:43:007834,2114
212.6622,360.6729,4:28:43:012647,2121
212.1949,364.0252,4:28:43:016658,2128
211.703,367.29,4:28:43:020657,2126
211.2111,370.4091,4:28:43:023665,2124
210.6947,373.4406,4:28:43:028658,2127
210.2028,376.2682,4:28:43:032658,2132
209.7355,378.9208,4:28:43:036498,2136
209.2682,381.3403,4:28:43:040495,2143
208.8009,383.4099,4:28:43:044495,2143
208.4074,385.1881,4:28:43:048497,2141
208.0385,386.6456,4:28:43:053501,2137
207.7434,387.8116,4:28:43:056598,2135
207.4483,388.6861,4:28:43:060509,2136
207.2761,389.3274,4:28:43:064646,2146
207.0794,389.7355,4:28:43:068659,2159
206.8826,389.9104,4:28:43:072648,2168
206.7351,389.9104,4:28:43:076659,2149
206.5383,389.9104,4:28:43:079783,2099
206.3907,388.657,4:28:43:083780,2035
206.194,387.5784,4:28:43:088782,1960
206.0464,386.1501,4:28:43:091781,1903
205.8497,384.2553,4:28:43:096595,1870
205.7021,381.8358,4:28:43:100511,1847
205.6283,378.95,4:28:43:104185,1848
205.5792,375.7726,4:28:43:108076,1846
205.5054,372.3038,4:28:43:112129,1840
205.5054,368.6017,4:28:43:116077,1839
205.5054,364.6956,4:28:43:120639,1824
205.5054,360.5855,4:28:43:124168,1798
205.5054,356.213,4:28:43:128167,1778
205.5054,351.6364,4:28:43:132170,1747
205.5054,346.9433,4:28:43:136168,1737
205.5054,342.0169,4:28:43:140170,1748
206.0464,337.0031,4:28:43:144200,1747
206.0464,331.9311,4:28:43:148226,1744
206.0464,326.8007,4:28:43:152590,1731
206.0464,321.5245,4:28:43:156149,1710
206.0464,316.2192,4:28:43:160154,1699
206.0464,310.8847,4:28:43:164170,1721
206.0464,305.7252,4:28:43:167830,1725
206.0464,300.7405,4:28:43:171840,1739
206.0464,295.785,4:28:43:175885,1754
206.0464,290.917,4:28:43:179840,1750
205.4316,286.1947,4:28:43:184637,1748
204.7922,281.5598,4:28:43:188648,1750
204.0052,277.0416,4:28:43:192084,1746
203.0214,272.7566,4:28:43:196094,1735
201.7425,268.5006,4:28:43:200093,1758
200.1931,264.3905,4:28:43:204094,1766
198.4224,260.4261,4:28:43:208640,1788
196.4303,256.6657,4:28:43:212649,1811
194.1677,253.1969,4:28:43:216546,1811
191.6345,250.0487,4:28:43:220519,1815
188.9046,247.3378,4:28:43:224518,1808
186.0025,245.064,4:28:43:228519,1806
183.0513,243.1693,4:28:43:232587,1802
180.0017,241.5661,4:28:43:236529,1805
176.8045,240.3418,4:28:43:240527,1808
173.5089,239.4673,4:28:43:244542,1802
169.992,238.9426,4:28:43:248365,1800
166.3767,238.7094,4:28:43:252120,1802
162.6385,238.7094,4:28:43:256251,1804
158.7281,238.7094,4:28:43:260180,1812
154.7931,240.2834,4:28:43:264180,1816
150.7351,241.4494,4:28:43:268182,1810
146.6033,242.907,4:28:43:272648,1802
142.5208,244.6851,4:28:43:276657,1805
138.4874,246.7547,4:28:43:280647,1816
134.5278,249.2034,4:28:43:284656,1831
130.7158,252.0018,4:28:43:287906,1856
127.0759,255.1208,4:28:43:291818,1866
123.559,258.4439,4:28:43:296816,1872
120.3372,262.0002,4:28:43:299818,1876
117.3614,265.6731,4:28:43:304638,1876
114.779,269.3752,4:28:43:308648,1884
112.4918,273.1064,4:28:43:312648,1891
110.6473,276.6918,4:28:43:316648,1899
109.1963,280.1606,4:28:43:320648,1918
108.0649,283.6003,4:28:43:324649,1926
107.3025,287.04,4:28:43:328586,1937
106.8353,290.4797,4:28:43:331936,1948
106.7123,293.8903,4:28:43:336376,1950
106.7123,297.2134,4:28:43:340386,1961
107.4747,300.5074,4:28:43:344386,1969
108.2863,303.6847,4:28:43:348386,1976
109.4668,306.7163,4:28:43:352499,1982
111.0408,309.4272,4:28:43:356548,1985
112.9591,311.8759,4:28:43:360472,1991
115.2463,313.9746,4:28:43:364395,1994
117.8778,315.8111,4:28:43:368649,2002
120.7307,317.356,4:28:43:371659,2012
123.8295,318.6386,4:28:43:376660,2011
127.1743,319.688,4:28:43:379660,2021
130.6174,320.4751,4:28:43:384900,2026
134.1835,321.0581,4:28:43:387913,2026
137.7988,321.3496,4:28:43:391910,2024
141.537,321.4662,4:28:43:395913,2020
145.4228,321.4662,4:28:43:400010,2019
149.3824,321.4662,4:28:43:403910,2022
153.4404,320.2711,4:28:43:408647,2028
157.5968,319.3965,4:28:43:412659,2028
161.7285,318.2306,4:28:43:416108,2023
166.057,316.8022,4:28:43:420106,2013
170.4347,315.0532,4:28:43:424106,2011
174.837,312.9836,4:28:43:428106,2007
179.2392,310.5933,4:28:43:431764,2004
183.6169,307.7949,4:28:43:435777,2005
187.97,304.6466,4:28:43:440496,2007
192.1756,301.411,4:28:43:444503,2012
196.4549,297.9421,4:28:43:448507,2016
200.5866,294.4442,4:28:43:452520,2015
204.6692,290.917,4:28:43:456652,2008
208.7026,287.419,4:28:43:459691,1998
212.6622,283.921,4:28:43:464180,1988
216.5972,280.5104,4:28:43:468186,1981
220.5076,277.1873,4:28:43:472647,1968
224.418,273.7768,4:28:43:476657,1958
228.23,270.3371,4:28:43:480648,1949
232.0666,266.8683,4:28:43:483655,1955
235.9032,263.4577,4:28:43:488657,1952
239.7399,260.1346,4:28:43:491656,1948
243.6011,256.9864,4:28:43:496657,1951
247.4377,254.0423,4:28:43:500656,1940
251.3481,251.3604,4:28:43:504646,1933
255.2339,248.941,4:28:43:508656,1932
259.1689,246.7839,4:28:43:512654,1930
263.0793,244.86,4:28:43:516656,1920
266.9897,243.1693,4:28:43:520925,1921
270.9493,241.6535,4:28:43:523935,1918
274.8843,240.3126,4:28:43:527935,1915
278.8439,239.2049,4:28:43:532933,1916
282.7789,238.2721,4:28:43:535971,1913
286.6893,237.6017,4:28:43:539933,1915
290.5014,237.1644,4:28:43:544746,1911
294.2642,237.0186,4:28:43:548774,1901
297.9041,237.0186,4:28:43:552756,1896
301.4456,237.0186,4:28:43:555756,1882
304.7903,238.243,4:28:43:560594,1876
307.9875,239.1758,4:28:43:563767,1882
311.0372,240.3418,4:28:43:568594,1884
313.9392,241.7701,4:28:43:572209,1890
316.7675,243.3734,4:28:43:576654,1888
319.3253,245.239,4:28:43:580665,1888
321.6862,247.2794,4:28:43:584663,1897
323.7767,249.5823,4:28:43:587668,1896
325.5721,252.1475,4:28:43:592672,1903
327.1215,254.9459,4:28:43:596667,1917
328.3266,257.89,4:28:43:600641,1922
329.3103,260.9799,4:28:43:604650,1938
330.0235,264.0699,4:28:43:608715,1954
330.5154,267.218,4:28:43:612745,1968
330.7122,270.3371,4:28:43:616716,1991
330.7122,273.3104,4:28:43:620714,2013
330.0727,276.0505,4:28:43:624716,2036
329.3595,278.674,4:28:43:629714,2052
328.302,281.1809,4:28:43:631715,2066
326.8264,283.5421,4:28:43:636718,2086
324.8834,285.8741,4:28:43:640245,2108
322.4241,288.1769,4:28:43:644255,2134
319.4974,290.3923,4:28:43:648252,2156
316.0543,292.6368,4:28:43:652274,2168
312.2668,294.7648,4:28:43:656256,2178
308.0367,296.8053,4:28:43:660250,2182
303.3393,298.7,4:28:43:664593,2185
298.2484,300.4782,4:28:43:668269,2198
292.8378,302.1106,4:28:43:673158,2204
287.2058,303.5098,4:28:43:676171,2216
281.3771,304.7341,4:28:43:680192,2222
275.3762,305.7543,4:28:43:684170,2214
269.1048,306.5706,4:28:43:688170,2177
262.7596,307.2119,4:28:43:692168,2071
256.4882,307.6199,4:28:43:696591,1876
250.3644,307.8531,4:28:43:700193,1557
244.3635,307.8531,4:28:43:704739,1116
238.461,307.8531,4:28:43:707748,664
232.7798,306.9203,4:28:43:712746,304
227.3446,305.9875,4:28:43:715745,0
222.2783,304.7341,4:28:43:720745,0
217.7039,303.1017,4:28:43:724012,0
213.3754,301.0612,4:28:43:728590,0
209.4158,298.7292,4:28:43:731756,0
205.8497,296.1057,4:28:43:735756,0
202.6771,293.1907,4:28:43:739753,0
199.898,290.0717,4:28:43:743779,0
197.4878,286.7485,4:28:43:747754,0
195.4465,283.2505,4:28:43:752593,0
193.6758,279.6651,4:28:43:756259,0
192.151,275.963,4:28:43:760642,0
190.8967,272.1152,4:28:43:764654,0
189.9375,268.18,4:28:43:768652,0
189.0768,264.1573,4:28:43:772653,0
188.3881,259.9305,4:28:43:776651,0
187.97,255.6163,4:28:43:780673,0
187.5519,251.2439,4:28:43:784661,0
187.2814,246.7547,4:28:43:788679,0
187.0601,242.4114,4:28:43:792661,0
186.8387,238.0681,4:28:43:795661,0
186.7157,233.6373,4:28:43:800675,0
186.7157,229.0898,4:28:43:804677,0
186.7157,224.5716,4:28:43:808640,0
186.7157,220.1991,4:28:43:811648,0
187.3552,215.7683,4:28:43:816649,0
187.3552,211.4249,4:28:43:819659,0
173.2876,148.7525,4:28:43:875234,0
173.2876,148.7525,4:28:43:878244,0
173.2876,147.0909,4:28:43:882247,0
173.2876,145.8083,4:28:43:886244,0
172.353,144.1759,4:28:43:890247,0
171.7136,142.1646,4:28:43:894247,0
170.9758,139.9491,4:28:43:898650,0
170.2871,137.588,4:28:43:901669,0
169.5001,134.9937,4:28:43:906033,0
168.8115,132.924,4:28:43:910043,0
167.9999,131.0293,4:28:43:914046,0
167.6064,129.3385,4:28:43:918046,0
167.1637,127.8519,4:28:43:922042,0
167.1637,126.6859,4:28:43:926044,0
166.9178,125.6365,4:28:43:930650,0
166.9178,124.7328,4:28:43:934016,0
166.9178,124.0332,4:28:43:938651,0
166.9178,123.5377,4:28:43:942001,0
166.9178,123.3045,4:28:43:946124,0
167.4588,123.3045,4:28:43:950003,0
167.4588,123.3045,4:28:43:954003,0
167.4588,123.3045,4:28:43:958772,0
167.4588,124.4705,4:28:43:961800,0
167.4588,124.4705,4:28:43:965852,0
167.4588,125.5782,4:28:43:969782,1955
167.4588,125.5782,4:28:43:973784,1955
166.8686,126.511,4:28:43:977782,1953
166.1308,126.511,4:28:43:981769,1953
165.147,127.5021,4:28:43:985779,1953
163.9419,128.1142,4:28:43:989913,1957
162.5155,128.7847,4:28:43:994779,1956
160.7939,129.6592,4:28:43:997820,1960
158.851,130.7961,4:28:44:001779,1968
156.7606,132.1078,4:28:44:005986,1971
154.4979,133.4487,4:28:44:010009,1983
152.1615,134.7605,4:28:44:014710,1988
149.8251,136.0722,4:28:44:017734,1999
147.3904,137.2382,4:28:44:022718,2010
144.8572,138.3459,4:28:44:025716,2023
142.2748,139.337,4:28:44:030724,2038
139.5695,140.1241,4:28:44:034148,2034
136.7658,140.7362,4:28:44:038220,2031
133.8392,141.1734,4:28:44:042122,2024
130.7404,141.4066,4:28:44:046227,2013
127.4202,141.4358,4:28:44:050122,2021
124.1247,141.4358,4:28:44:054129,2017
120.9029,141.4358,4:28:44:058107,2011
117.7057,140.1241,4:28:44:062107,2003
114.6807,139.337,4:28:44:066109,1990
111.7786,138.2876,4:28:44:070249,1982
109.1471,137.0925,4:28:44:074156,1968
106.7123,135.7224,4:28:44:078107,1953
104.5972,134.1774,4:28:44:082115,1935
102.6543,132.4285,4:28:44:086116,1914
100.9819,130.5045,4:28:44:090114,1891
99.5555,128.4349,4:28:44:094114,1870
98.44878,126.132,4:28:44:098117,1846
97.68638,123.6543,4:28:44:102533,1819
97.24369,121.0016,4:28:44:106406,1800
97.24369,118.1741,4:28:44:110646,1802
97.24369,115.4048,4:28:44:114656,1790
98.44878,112.6356,4:28:44:118669,1791
99.60469,110.0121,4:28:44:122657,1790
101.1049,107.4761,4:28:44:126845,1771
102.9003,105.2315,4:28:44:130363,1766
104.9415,103.191,4:28:44:134383,1763
107.3025,101.5003,4:28:44:138361,1763
110.0324,100.1302,4:28:44:142360,1761
113.0329,98.9351,4:28:44:146361,1767
116.3284,98.08975,4:28:44:150646,1768
119.8453,97.44845,4:28:44:154656,1766
123.559,97.1278,4:28:44:158579,1769
127.2972,97.04035,4:28:44:162591,1761
131.1339,97.04035,4:28:44:166612,1766
134.9459,97.8274,4:28:44:171596,1770
138.7088,98.7019,4:28:44:176051,1776
142.3486,99.9845,4:28:44:178053,1794
145.9393,101.7043,4:28:44:182053,1804
149.4808,103.9197,4:28:44:186055,1816
152.9485,106.6015,4:28:44:190061,1824
156.4162,109.6623,4:28:44:195052,1831
159.9332,113.102,4:28:44:198374,1842
163.3763,116.7749,4:28:44:203083,1857
166.7948,120.6227,4:28:44:206593,1866
170.2871,124.5871,4:28:44:210396,1873
173.804,128.5806,4:28:44:214397,1893
177.4931,132.6617,4:28:44:218393,1917
181.3051,136.8884,4:28:44:222601,1938
185.2155,141.1443,4:28:44:226611,1951
189.2735,145.4002,4:28:44:230135,1861
193.4052,149.6852,4:28:44:234132,1689
197.6846,153.8246,4:28:44:238131,1407
202.1114,157.8472,4:28:44:242132,992
206.7105,161.5493,4:28:44:246132,594
211.2849,164.8724,4:28:44:250433,272
215.9577,167.7291,4:28:44:254441,0
220.6059,170.1485,4:28:44:258585,0
225.2542,172.1599,4:28:44:262601,0
230.0253,173.7048,4:28:44:266595,0
234.7227,174.9292,4:28:44:270601,0
239.2234,175.862,4:28:44:274642,0
243.4289,176.5324,4:28:44:278655,0
247.4377,176.9405,4:28:44:282652,0
251.2006,177.0571,4:28:44:286653,0
254.8158,177.0571,4:28:44:290645,0
258.1852,177.0571,4:28:44:294656,0
261.2594,177.0571,4:28:44:298655,0
264.2107,175.9785,4:28:44:302655,0
266.9651,175.9785,4:28:44:306591,0
269.4737,174.7834,4:28:44:310107,0
271.8593,174.0838,4:28:44:315107,0
273.9744,173.3842,4:28:44:318107,0
275.8927,172.6555,4:28:44:322140,0
277.6389,171.7809,4:28:44:326107,0
279.1637,170.8773,4:28:44:330637,0
280.4179,169.9153,4:28:44:334152,0
281.4263,168.8368,4:28:44:338166,0
282.287,167.7291,4:28:44:343156,0
282.9511,166.534,4:28:44:346236,0
283.4184,165.2513,4:28:44:350151,0
283.6889,163.8813,4:28:44:354591,0
283.7873,162.5112,4:28:44:358267,0
283.7873,161.0538,4:28:44:362835,0
283.7873,159.5963,4:28:44:365844,0
283.0003,158.1679,4:28:44:370575,0
282.3854,156.6521,4:28:44:374280,0
281.623,155.1655,4:28:44:378639,0
280.7377,153.7663,4:28:44:381647,0
279.6555,152.3671,4:28:44:386563,0
278.3766,150.9095,4:28:44:390583,0
276.9748,149.4812,4:28:44:394611,0
275.45,148.0529,4:28:44:398577,0
273.7284,146.6537,4:28:44:402591,0
271.8839,145.2545,4:28:44:406620,0
269.9164,143.7678,4:28:44:410640,0
267.8259,142.252,4:28:44:413651,0
265.5387,140.7945,4:28:44:418590,0
263.2269,139.3953,4:28:44:422601,0
260.743,138.0544,4:28:44:426598,0
258.0868,136.7426,4:28:44:430600,0
255.2831,135.4601,4:28:44:434642,0
252.3565,134.1483,4:28:44:437651,0
249.3068,132.6908,4:28:44:442643,0
246.2572,131.175,4:28:44:446670,1287
243.1584,129.5134,4:28:44:449956,1299
239.9612,127.7645,4:28:44:453829,1315
236.7148,125.9863,4:28:44:457833,1328
233.4931,124.0332,4:28:44:461828,1348
230.2959,121.9636,4:28:44:466590,1353
227.0741,119.9522,4:28:44:470543,1362
223.9015,117.9992,4:28:44:474518,1366
220.7043,115.9878,4:28:44:478519,1362
217.5809,113.9765,4:28:44:482578,1371
214.6788,111.936,4:28:44:486519,1371
211.9735,109.8955,4:28:44:490602,1371
209.4896,107.8841,4:28:44:494611,1384
207.2269,105.8145,4:28:44:498581,1371
205.1611,103.774,4:28:44:502609,1365
203.3165,101.7918,4:28:44:506696,1353
201.6933,99.8096,4:28:44:510701,1332
200.3653,97.944,4:28:44:514760,1325
199.111,95.9618,4:28:44:517759,1316
198.0781,94.0379,4:28:44:522731,1308
197.2419,91.9974,4:28:44:525742,1292
196.6516,90.0152,4:28:44:530742,1283
196.3073,87.9747,4:28:44:533742,1254
196.2335,85.9342,4:28:44:538742,1245
196.2335,83.86455,4:28:44:541742,1235
196.8976,81.8532,4:28:44:546593,1221
197.5862,79.9876,4:28:44:549828,1210
198.5208,78.20945,4:28:44:554613,1200
199.6521,76.63535,4:28:44:558608,1194
200.9309,75.35275,4:28:44:562612,1185
202.3328,74.3908,4:28:44:566608,1176
203.8822,73.72035,4:28:44:570600,1169
205.5792,73.42885,4:28:44:574609,1161
207.4237,73.42885,4:28:44:578610,1152
209.4404,73.42885,4:28:44:582609,1158
211.58,74.8572,4:28:44:586610,1154
213.7689,76.0815,4:28:44:590609,1161
216.0807,77.6556,4:28:44:594170,1171
218.4171,79.43375,4:28:44:598181,1170
220.6551,81.47425,4:28:44:603064,1176
222.8194,83.68965,4:28:44:606072,1170
224.8115,86.0508,4:28:44:610194,1167
226.6068,88.4994,4:28:44:614074,1173
228.1808,91.03545,4:28:44:618188,1194
229.5581,93.71725,4:28:44:622074,1222
230.714,96.45735,4:28:44:625994,1273
231.6485,99.4015,4:28:44:629994,1323
232.4109,102.608,4:28:44:634646,1382
232.9274,106.0185,4:28:44:638657,1444
233.2717,109.5165,4:28:44:642654,1502
233.4439,113.102,4:28:44:645656,1581
233.4439,116.7458,4:28:44:650850,1644
233.4439,120.2146,4:28:44:653891,1697
233.4439,123.7126,4:28:44:657862,1737
232.4601,126.9191,4:28:44:662874,1755
231.9191,129.9216,4:28:44:665860,1774
231.3042,132.7782,4:28:44:669860,1791
230.6648,135.4309,4:28:44:674075,1814
230.0253,138.1127,4:28:44:678076,1827
229.4351,140.7945,4:28:44:682644,1812
228.8694,143.5054,4:28:44:686661,1701
228.4513,146.1581,4:28:44:690667,1460
228.4513,148.7233,4:28:44:694653,1091
228.0578,151.1427,4:28:44:698903,653
228.0578,153.329,4:28:44:702929,311
228.0578,155.3112,4:28:44:706899,0
229.0662,156.9144,4:28:44:709900,0
229.804,158.1387,4:28:44:714642,0
230.7878,158.955,4:28:44:718652,0
231.9436,159.4214,4:28:44:722643,0
233.2225,159.6546,4:28:44:726660,0
234.5752,159.6546,4:28:44:730654,0
236.0262,159.6546,4:28:44:733654,0
237.5018,159.6546,4:28:44:738654,0
238.9037,158.8092,4:28:44:741651,0
240.2809,158.8092,4:28:44:746756,0
241.486,158.1679,4:28:44:749756,0
242.4944,158.1679,4:28:44:753914,0
243.2814,158.1679,4:28:44:757915,0
243.7978,157.4975,4:28:44:761914,0
244.0684,157.4975,4:28:44:765920,0
244.0684,157.4975,4:28:44:770641,0
243.3306,157.4975,4:28:44:774651,0
242.4452,157.4975,4:28:44:778591,0
241.0925,157.4975,4:28:44:782599,0
239.371,157.4975,4:28:44:786600,0
237.2559,158.1387,4:28:44:790601,0
234.7473,158.1387,4:28:44:794638,0
231.8453,158.8967,4:28:44:798649,0
228.7465,158.8967,4:28:44:802643,0
225.2542,159.946,4:28:44:806656,0
221.3438,160.5874,4:28:44:810746,0
217.2858,161.2287,4:28:44:813782,0
212.9573,162.0157,4:28:44:817755,0
208.4812,162.8319,4:28:44:821756,0
203.8822,163.7647,4:28:44:825755,0
199.1848,164.7849,4:28:44:829756,0
194.266,165.8927,4:28:44:834645,0
189.3719,167.0878,4:28:44:837655,0
184.5023,168.2829,4:28:44:842646,0
179.6819,169.5364,4:28:44:845656,0
175.0337,170.7607,4:28:44:850655,0
170.4593,172.0141,4:28:44:853685,0
166.057,173.2093,4:28:44:858655,0
161.7531,174.3461,4:28:44:862656,0
158.0148,175.1624,4:28:44:866647,0
154.6701,175.7162,4:28:44:870657,0
151.7926,175.9785,4:28:44:874657,2219
149.3333,176.0368,4:28:44:878648,2254
147.4149,176.0368,4:28:44:881656,2294
145.9393,176.0368,4:28:44:886658,2322
144.9064,176.0368,4:28:44:890655,2350
144.5129,174.9,4:28:44:894660,2339
144.4391,174.9,4:28:44:898665,2324
144.4391,174.2587,4:28:44:903062,2322
146.1361,174.2587,4:28:44:906578,2328
147.9806,174.2587,4:28:44:910578,2329
150.44,173.7048,4:28:44:914599,2336
153.5634,173.7048,4:28:44:918578,2348
157.3262,173.2093,4:28:44:922577,2348
161.7531,173.2093,4:28:44:926773,2353
166.9916,172.6555,4:28:44:929783,2352
172.8695,172.3348,4:28:44:933822,2353
179.2392,172.0141,4:28:44:938833,2354
186.0271,171.6935,4:28:44:941832,2349
193.4052,171.3437,4:28:44:946833,2350
201.2999,171.0231,4:28:44:950641,2335
209.6125,170.6732,4:28:44:954652,2318
218.4417,170.3526,4:28:44:958717,2313
227.5906,170.0028,4:28:44:961718,2300
236.9116,169.6821,4:28:44:965717,2294
246.5769,169.3907,4:28:44:969717,2289
256.7342,169.0992,4:28:44:974434,2281
266.8914,168.7785,4:28:44:978434,2275
277.4175,168.5453,4:28:44:982190,2277
288.3125,168.2247,4:28:44:986200,2286
299.2321,167.9915,4:28:44:990198,2289
310.3977,167.7583,4:28:44:994199,2299
321.8092,167.5251,4:28:44:999047,2304
333.2945,167.321,4:28:45:003056,2309
345.0011,167.1169,4:28:45:006059,2330
356.7815,166.942,4:28:45:010057,2355
368.6849,166.8255,4:28:45:014060,2386
380.7112,166.7963,4:28:45:018057,2421
392.713,166.7672,4:28:45:022801,2461
404.641,166.7672,4:28:45:025811,2497
416.5197,166.7672,4:28:45:029837,2536
428.251,166.7672,4:28:45:033814,2578
439.7854,166.7672,4:28:45:037933,2607
451.1232,167.7291,4:28:45:041811,2631
462.0428,167.7291,4:28:45:046635,2647
472.6673,168.5453,4:28:45:050156,2651
483.0704,169.0408,4:28:45:054610,2659
492.8096,169.5947,4:28:45:058612,2659
502.1798,170.2068,4:28:45:062601,2663
511.1811,170.8773,4:28:45:066599,2669
519.6168,171.4603,4:28:45:069760,2673
527.5605,172.1308,4:28:45:074770,2681
534.9633,172.7429,4:28:45:077770,2690
541.7265,173.355,4:28:45:082770,2701
547.9733,173.9089,4:28:45:086631,2707
553.8759,174.4628,4:28:45:090643,2714
559.3356,174.9292,4:28:45:094644,2711
564.2544,175.3956,4:28:45:098642,2707
568.5092,175.7745,4:28:45:102659,2700
572.2966,176.1243,4:28:45:106644,2663
575.6413,176.3866,4:28:45:110662,2604
578.5188,176.5907,4:28:45:114685,2499
580.9044,176.7365,4:28:45:118589,2342
582.7981,176.9113,4:28:45:122614,2145
584.2491,176.9697,4:28:45:126588,1890
585.282,176.9988,4:28:45:129829,1573
586.0936,177.0571,4:28:45:135018,1210
586.6101,177.0862,4:28:45:138026,860
586.8315,177.1154,4:28:45:142028,537
586.8315,177.232,4:28:45:146029,285
586.8315,177.3194,4:28:45:150109,132
585.6509,177.3486,4:28:45:154030,0
584.6672,177.4944,4:28:45:158640,0
583.2654,177.6109,4:28:45:161650,0
581.3962,177.7858,4:28:45:166507,0
579.109,177.9608,4:28:45:170514,0
576.4037,178.1648,4:28:45:174609,0
573.3295,178.3397,4:28:45:178572,0
569.9355,178.5729,4:28:45:182612,0
566.2465,178.7478,4:28:45:186594,0
562.1885,178.8936,4:28:45:190647,0
557.8354,179.0393,4:28:45:193657,0
553.2118,179.1559,4:28:45:198571,0
548.3422,179.2433,4:28:45:202603,0
543.2267,179.2725,4:28:45:206640,0
537.8653,179.2725,4:28:45:209991,0
532.2579,179.2725,4:28:45:214996,0
526.4784,179.2725,4:28:45:217995,0
520.6251,179.2725,4:28:45:223055,0
514.7226,179.2725,4:28:45:226065,0
508.7709,178.5146,4:28:45:230634,0
502.8684,178.5146,4:28:45:233645,0
497.0397,177.9316,4:28:45:237878,0
491.3585,177.9316,4:28:45:241878,0
485.8741,177.3194,4:28:45:245878,0
480.6357,176.9113,4:28:45:249878,0
475.5447,176.4449,4:28:45:254641,0
470.6506,175.9494,4:28:45:257651,0
466.027,175.3956,4:28:45:262649,0
461.6001,174.8125,4:28:45:265662,0
457.5175,174.2587,4:28:45:270641,0
453.6809,173.6757,4:28:45:273651,0
450.0656,173.0927,4:28:45:278651,0
446.6225,172.5972,4:28:45:281651,0
443.4253,172.1599,4:28:45:286651,0
440.4249,171.8392,4:28:45:289651,0
437.7196,171.5186,4:28:45:294641,0
435.1864,171.3145,4:28:45:298012,0
432.8992,171.1688,4:28:45:302170,0
430.8087,171.0813,4:28:45:306083,0
429.0626,170.9356,4:28:45:310083,0
427.5869,170.6149,4:28:45:315099,0
426.3572,170.236,4:28:45:318110,2114
425.3489,169.8279,4:28:45:322514,2120
424.5865,169.4489,4:28:45:326524,2120
424.0946,169.0992,4:28:45:330525,2117
423.8487,168.866,4:28:45:334524,2118
423.7503,168.7785,4:28:45:338569,2108
423.7257,168.7785,4:28:45:341917,2100
423.7257,169.7404,4:28:45:346595,2102
423.7257,170.819,4:28:45:350202,2109
424.5127,172.3056,4:28:45:354650,2131
425.103,174.2296,4:28:45:358660,2158
425.9391,176.5907,4:28:45:362659,2179
426.8737,179.4765,4:28:45:366660,2194
428.005,182.7122,4:28:45:370659,2201
429.2839,186.2393,4:28:45:374658,2208
430.7104,189.9414,4:28:45:377802,2214
432.186,193.7892,4:28:45:381802,2217
433.6616,197.6953,4:28:45:385854,2224
435.0634,201.6597,4:28:45:390802,2227
436.3177,205.4492,4:28:45:394714,2239
437.4244,209.2095,4:28:45:398725,2251
438.4082,212.9116,4:28:45:402723,2254
439.1214,216.672,4:28:45:405724,2272
439.5887,220.2865,4:28:45:410724,2277
439.81,223.8428,4:28:45:413724,2291
439.81,227.2825,4:28:45:418764,2324
439.81,230.5473,4:28:45:421773,2359
438.7525,233.6955,4:28:45:426595,2410
437.7687,236.5522,4:28:45:430555,2463
436.5391,239.0591,4:28:45:434589,2513
434.9651,241.2746,4:28:45:438600,2551
433.0959,243.2276,4:28:45:442597,2581
430.9809,244.9766,4:28:45:446600,2606
428.5953,246.4924,4:28:45:450599,2617
426.0129,247.8042,4:28:45:454600,2627
423.1601,248.8535,4:28:45:458634,2630
420.1104,249.728,4:28:45:462644,2627
416.8149,250.3402,4:28:45:466643,2628
413.4209,250.7191,4:28:45:470647,2627
410.0024,250.9523,4:28:45:474643,2629
406.5101,250.9523,4:28:45:478646,2630
403.067,250.9523,4:28:45:482581,2627
399.6976,250.9523,4:28:45:486098,2622
396.4513,249.8155,4:28:45:490098,2622
393.3279,249.8155,4:28:45:494096,2616
390.352,248.5038,4:28:45:498148,2610
387.4991,247.8042,4:28:45:502097,2606
384.7692,247.0462,4:28:45:506193,2596
382.2361,246.2883,4:28:45:510250,2597
379.8013,245.5304,4:28:45:514582,2589
377.5633,244.8017,4:28:45:517854,2584
375.522,244.1604,4:28:45:522587,2581
373.7512,243.6066,4:28:45:525940,2573
372.2756,243.1402,4:28:45:529982,2568
371.0705,242.7612,4:28:45:533998,2561
370.1605,242.4989,4:28:45:537979,2548
369.4965,242.4989,4:28:45:541978,2536
369.0292,242.4989,4:28:45:546035,2534
368.7833,242.4989,4:28:45:550046,2530
368.6849,243.6066,4:28:45:554048,2536
368.6849,244.5977,4:28:45:558048,2545
368.6849,245.9677,4:28:45:562642,2568
369.9392,247.6875,4:28:45:566168,2596
370.8737,249.903,4:28:45:570499,2629
372.128,252.6722,4:28:45:574539,2669
373.7758,255.8495,4:28:45:578509,2702
375.7679,259.4059,4:28:45:582507,2740
378.1781,263.2537,4:28:45:586509,2775
380.908,267.3638,4:28:45:590509,2800
383.9084,271.6488,4:28:45:594780,2812
387.204,276.1379,4:28:45:597789,2830
390.8439,280.9185,4:28:45:601792,2839
394.8281,285.8157,4:28:45:606808,2850
399.0582,290.8004,4:28:45:609863,2864
403.5342,295.9308,4:28:45:613811,2864
408.2317,301.0029,4:28:45:618734,2867
413.052,306.1333,4:28:45:621746,2863
418.1429,311.2928,4:28:45:626743,2867
423.2584,316.4524,4:28:45:629744,2874
428.4723,321.4662,4:28:45:634745,2879
433.5878,326.3051,4:28:45:638744,2887
438.6541,331.0274,4:28:45:642025,2879
443.5237,335.5457,4:28:45:646030,2863
448.2949,339.889,4:28:45:650025,2803
452.9185,344.0574,4:28:45:654026,2691
457.2962,347.9344,4:28:45:658582,2506
461.4279,351.5198,4:28:45:662037,2228
465.2892,354.8138,4:28:45:665971,1850
468.9536,357.6705,4:28:45:669956,1364
472.3968,360.294,4:28:45:673958,835
475.6677,362.6552,4:28:45:677974,405
478.6436,364.7831,4:28:45:682190,0
481.3735,366.6195,4:28:45:685952,0
483.9066,368.1062,4:28:45:689951,0
486.2676,369.2139,4:28:45:693954,0
488.4319,369.8843,4:28:45:697953,0
490.4731,370.1758,4:28:45:701952,0
492.3177,370.1758,4:28:45:706640,0
494.0392,369.4179,4:28:45:710658,0
495.7116,368.2811,4:28:45:715897,0
497.3348,366.7361,4:28:45:717897,0
498.9088,364.8414,4:28:45:721897,0
500.4336,362.626,4:28:45:725900,0
501.9338,360.1774,4:28:45:730639,0
503.3849,357.4956,4:28:45:733648,0
504.8605,354.6389,4:28:45:737885,0
506.3607,351.4907,4:28:45:741886,0
507.9347,348.255,4:28:45:745986,0
509.4841,344.8737,4:28:45:749885,0
511.0827,341.4048,4:28:45:754116,0
512.6813,337.7028,4:28:45:758130,0
514.3291,333.7675,4:28:45:762641,0
516.0507,329.5991,4:28:45:766652,0
517.6984,325.3431,4:28:45:770668,0
519.4692,321.029,4:28:45:774659,0
521.2399,316.6273,4:28:45:778587,0
523.0107,312.0216,4:28:45:781965,0
524.7322,307.3867,4:28:45:786258,0
526.5276,302.6645,4:28:45:790155,0
528.2983,297.913,4:28:45:794154,0
529.9953,293.1032,4:28:45:798155,0
531.7906,288.2643,4:28:45:802630,0
533.4876,283.4546,4:28:45:806644,0
535.037,278.5865,4:28:45:810639,0
536.6602,273.8643,4:28:45:813670,0
538.3572,269.0545,4:28:45:818650,0
539.9558,264.303,4:28:45:822651,0
541.6036,259.639,4:28:45:826742,0
543.1284,255.0916,4:28:45:829739,0
544.5794,250.6317,4:28:45:834649,0
545.9567,246.2883,4:28:45:838659,0
547.3093,242.0325,4:28:45:841657,0
548.662,237.9223,4:28:45:846643,0
549.8179,233.9579,4:28:45:850670,0
550.9984,230.1393,4:28:45:854652,0
551.9083,226.4372,4:28:45:857653,0
552.9413,222.8517,4:28:45:862778,0
553.7529,219.2955,4:28:45:865786,0
554.5891,215.7975,4:28:45:869772,0
555.3269,212.4452,4:28:45:874960,0
555.8433,209.1804,4:28:45:877967,0
556.409,206.0322,4:28:45:881972,0
556.7779,203.1172,4:28:45:885970,0
557.1222,200.4354,4:28:45:890053,0
557.319,197.9285,4:28:45:893969,0
557.4911,195.5965,4:28:45:897981,0
557.5649,193.3811,4:28:45:901971,0
557.5649,191.3114,4:28:45:905968,0
557.5649,189.3001,4:28:45:909972,0
557.5649,187.4053,4:28:45:913968,0
556.8271,185.6855,4:28:45:918128,0
556.8271,184.0822,4:28:45:922122,0
555.9417,182.8288,4:28:45:926150,0
555.9417,181.4588,4:28:45:930120,0
555.2039,180.0596,4:28:45:934643,0
555.2039,178.6021,4:28:45:937656,2533
554.5645,177.2612,4:28:45:942652,2591
554.5645,176.1243,4:28:45:946666,2662
553.9988,174.9874,4:28:45:950654,2736
553.9988,173.9672,4:28:45:955029,2811
553.9988,172.8887,4:28:45:958042,2823
553.7283,172.1891,4:28:45:962103,2812
553.7283,171.7809,4:28:45:966039,2792
553.7283,171.7227,4:28:45:970143,2767
553.7283,171.7227,4:28:45:974039,2752
553.7283,171.7227,4:28:45:978594,2745
553.7283,172.9469,4:28:45:981996,2745
553.7283,173.9089,4:28:45:986052,2751
554.4661,175.1332,4:28:45:990062,2762
554.4661,176.9113,4:28:45:994061,2775
555.2531,179.1268,4:28:45:998065,2788
555.2531,181.7794,4:28:46:002551,2800
556.0893,184.8693,4:28:46:006572,2800
556.5074,188.1924,4:28:46:010640,2799
556.8763,191.7487,4:28:46:014648,2799
557.2452,195.509,4:28:46:018648,2798
557.5403,199.4443,4:28:46:021650,2795
557.7863,203.4087,4:28:46:026649,2813
558.0568,207.6938,4:28:46:030667,2829
558.3273,212.3286,4:28:46:034586,2841
558.524,217.1675,4:28:46:038180,2869
558.7946,222.2104,4:28:46:042193,2887
559.0897,227.4283,4:28:46:046127,2907
559.434,232.9085,4:28:46:050136,2953
559.8521,238.8842,4:28:46:054158,2999
560.2948,245.2098,4:28:46:058124,3038
560.7867,251.5354,4:28:46:062124,3077
561.3524,257.8609,4:28:46:066176,3092
561.9918,264.1281,4:28:46:070114,3092
562.6558,270.512,4:28:46:074586,3106
563.4182,277.2165,4:28:46:078757,3119
564.156,284.0959,4:28:46:082759,3132
564.9431,290.7712,4:28:46:086757,3147
565.7546,297.1842,4:28:46:090758,3143
566.5662,303.3349,4:28:46:094756,3138
567.4024,309.3106,4:28:46:098329,3144
568.1894,315.4322,4:28:46:102331,3154
569.001,321.4662,4:28:46:106388,3162
569.7388,327.0922,4:28:46:110331,3178
570.5012,332.3391,4:28:46:114329,3177
571.1898,337.2655,4:28:46:118328,3174
571.8047,341.9004,4:28:46:122586,3170
572.3704,346.2437,4:28:46:126368,3163
572.8622,350.179,4:28:46:130673,3161
573.3049,353.6478,4:28:46:133679,3159
573.6246,356.6211,4:28:46:137896,3167
573.8459,359.1571,4:28:46:141887,3171
573.9935,361.2851,4:28:46:145885,3173
574.0919,363.1507,4:28:46:149885,3172
574.1165,364.6665,4:28:46:153954,3167
574.1165,365.8616,4:28:46:157886,3171
574.1165,366.707,4:28:46:161873,3201
574.1165,367.2317,4:28:46:165873,3252
574.1165,367.3192,4:28:46:170580,3301
574.1165,367.3192,4:28:46:174590,3343
574.1165,366.5612,4:28:46:178589,3353
573.4279,365.5118,4:28:46:182587,3334
573.4279,364.0835,4:28:46:186590,3308
572.9114,362.247,4:28:46:190662,3268
572.9114,360.0025,4:28:46:194670,3227
572.272,357.2624,4:28:46:197787,3188
572.272,354.1433,4:28:46:202694,3147
571.6817,350.5579,4:28:46:206671,3116
571.6817,346.5644,4:28:46:209672,3105
571.239,342.3084,4:28:46:214879,3101
571.239,337.8777,4:28:46:217891,3104
570.9439,333.3594,4:28:46:222910,3108
570.9439,328.7245,4:28:46:225919,3095
570.6242,324.0314,4:28:46:231175,3080
570.4028,319.2799,4:28:46:234185,3066
570.0831,314.4702,4:28:46:238193,3044
569.6896,309.6605,4:28:46:242187,3035
569.124,304.909,4:28:46:246303,3015
568.3616,300.2159,4:28:46:250185,2978
567.427,295.6101,4:28:46:254185,2940
566.2465,291.0336,4:28:46:258185,2879
564.7709,286.6028,4:28:46:262492,2815
563.0247,282.2595,4:28:46:266491,2762
560.9343,278.1201,4:28:46:270585,2707
558.647,274.1558,4:28:46:274492,2656
556.0401,270.1913,4:28:46:278643,2629
553.0397,266.4019,4:28:46:281656,2602
549.6212,262.7873,4:28:46:286653,2579
545.8091,259.4059,4:28:46:290655,2572
541.6774,256.2577,4:28:46:294953,2550
537.2013,253.4884,4:28:46:297964,2536
532.5776,251.1272,4:28:46:303018,2527
527.6097,249.2325,4:28:46:306018,2520
522.4204,247.8042,4:28:46:310018,2524
517.1573,246.6382,4:28:46:314022,2524
511.7959,245.8219,4:28:46:318587,2533
506.5821,245.3555,4:28:46:321928,2546
501.6633,245.239,4:28:46:326586,2569
496.9167,245.239,4:28:46:330213,2608
492.3423,245.239,4:28:46:334640,2648
488.063,246.7547,4:28:46:338650,2686
484.1526,247.979,4:28:46:342666,2730
480.734,249.4657,4:28:46:346650,2763
477.7828,251.3604,4:28:46:350650,2798
475.3972,253.5175,4:28:46:353648,2834
473.3805,256.0536,4:28:46:358291,2848
471.9541,258.8228,4:28:46:362292,2869
471.0687,261.7379,4:28:46:366386,2884
470.9211,264.7403,4:28:46:370292,2895
470.9211,267.7427,4:28:46:374287,2917
472.8148,270.716,4:28:46:378288,2928
474.8315,273.4853,4:28:46:382191,2943
477.4385,276.0797,4:28:46:386201,2953
480.6848,278.3825,4:28:46:390199,2958
484.669,280.3939,4:28:46:394201,2968
489.1943,282.2303,4:28:46:399076,2970
494.1622,283.7752,4:28:46:403086,2970
499.3515,285.1161,4:28:46:407106,2974
504.8113,286.253,4:28:46:410086,2970
510.3941,287.2149,4:28:46:414148,2969
516.149,288.0312,4:28:46:418084,2959
521.8302,288.7016,4:28:46:422749,2901
527.29,289.2555,4:28:46:426134,2770
532.5038,289.6927,4:28:46:430136,2532
537.3243,290.0717,4:28:46:434136,2089
541.9233,290.334,4:28:46:438164,1417
546.1288,290.5089,4:28:46:442133,806
549.9655,290.6547,4:28:46:446808,302
553.2856,290.8587,4:28:46:450818,0
556.1631,290.9461,4:28:46:454818,0
558.5732,290.9461,4:28:46:458816,0
560.467,290.9461,4:28:46:462294,0
561.9672,290.1883,4:28:46:466294,0
562.9755,289.5178,4:28:46:470294,0
563.4428,288.7016,4:28:46:474294,0
563.492,287.5648,4:28:46:478588,0
563.6887,286.1947,4:28:46:482199,0
563.6887,286.1947,4:28:46:500579,0
