252.0613,198.599,4:26:37:264879,0
252.0613,198.599,4:26:37:268866,0
252.0613,198.599,4:26:37:272865,0
251.2989,198.599,4:26:37:276863,0
251.2989,197.6078,4:26:37:280887,0
251.2989,197.6078,4:26:37:285029,0
250.6595,196.5876,4:26:37:289494,0
250.6595,196.0046,4:26:37:292500,0
250.6595,195.2175,4:26:37:296500,0
250.6595,194.5471,4:26:37:300499,0
250.6595,193.7892,4:26:37:304499,0
250.6595,193.0022,4:26:37:309874,0
250.6595,192.1859,4:26:37:312897,0
250.6595,191.3114,4:26:37:316977,0
250.6595,190.5244,4:26:37:321019,0
251.2006,189.5625,4:26:37:324880,0
251.2006,188.6588,4:26:37:329277,0
251.2006,187.6677,4:26:37:332304,0
251.2006,186.6474,4:26:37:336304,0
251.2006,185.5689,4:26:37:340302,0
251.2006,184.4904,4:26:37:344302,0
251.2006,183.5284,4:26:37:349017,0
251.2006,182.5373,4:26:37:353017,0
251.2006,181.5753,4:26:37:357028,0
251.2006,180.6425,4:26:37:361025,0
250.6841,179.7389,4:26:37:365027,0
250.6841,178.9227,4:26:37:369027,0
250.2414,178.0482,4:26:37:373016,0
250.2414,177.232,4:26:37:377094,0
249.6758,176.3866,4:26:37:380107,0
249.6758,175.5413,4:26:37:385103,0
249.1101,174.7251,4:26:37:388104,0
248.815,173.9089,4:26:37:393277,0
248.5198,173.2093,4:26:37:396816,0
248.2739,172.5388,4:26:37:400792,0
248.0034,171.8684,4:26:37:404793,0
247.7328,171.2854,4:26:37:408792,0
247.4869,170.7024,4:26:37:413013,0
247.2164,170.2068,4:26:37:416023,0
246.9704,169.6821,4:26:37:421014,0
246.6753,169.1866,4:26:37:425025,0
246.4048,168.6911,4:26:37:429025,0
246.1588,168.2829,4:26:37:433025,0
245.9129,167.8748,4:26:37:437025,0
245.6178,167.4959,4:26:37:441025,0
245.3964,167.0878,4:26:37:444829,0
245.2243,166.7088,4:26:37:448841,0
245.0275,166.3008,4:26:37:453015,0
244.9292,165.8635,4:26:37:456917,0
244.8308,165.3971,4:26:37:460928,0
244.7816,164.8432,4:26:37:464973,0
244.7816,164.2311,4:26:37:468928,0
244.7816,163.5607,4:26:37:473015,0
244.7816,162.8611,4:26:37:476983,0
244.7816,162.1031,4:26:37:480334,0
244.7816,161.3452,4:26:37:484331,0
245.3964,160.5291,4:26:37:488336,0
245.3964,159.6837,4:26:37:492331,0
245.3964,158.8092,4:26:37:496337,0
245.8391,157.9347,4:26:37:500987,0
245.8391,157.0894,4:26:37:504967,0
245.8391,156.2148,4:26:37:508976,0
246.208,155.4278,4:26:37:512976,0
246.208,154.6116,4:26:37:515978,0
246.208,153.912,4:26:37:521317,0
246.208,153.2415,4:26:37:524330,0
246.208,152.6003,4:26:37:528330,0
246.208,151.959,4:26:37:532327,1901
246.208,151.201,4:26:37:536325,1925
246.208,150.5014,4:26:37:540325,2020
245.3964,149.831,4:26:37:544327,2158
245.3964,149.2189,4:26:37:549387,2299
244.8308,148.5775,4:26:37:552399,2415
244.8308,148.0529,4:26:37:556397,2458
244.1913,147.5865,4:26:37:561416,2462
244.1913,147.2366,4:26:37:564397,2456
243.7733,147.0618,4:26:37:569040,2448
243.7733,146.9451,4:26:37:572096,2439
243.7733,146.9451,4:26:37:576425,2430
243.5027,146.9451,4:26:37:580439,2423
243.5027,146.9451,4:26:37:584391,2421
243.5027,147.9071,4:26:37:588402,2425
243.5027,148.6067,4:26:37:592402,2432
243.5027,149.5395,4:26:37:596399,2439
243.5027,150.6763,4:26:37:600404,2445
243.5027,152.1047,4:26:37:604402,2455
243.5027,153.6788,4:26:37:608286,2458
243.5027,155.457,4:26:37:612286,2470
243.5027,157.3808,4:26:37:616315,2487
243.5027,159.4505,4:26:37:620295,2499
243.5027,161.6076,4:26:37:624286,2517
243.5027,163.9104,4:26:37:629040,2539
243.9946,166.3008,4:26:37:633050,2559
243.9946,168.8368,4:26:37:637050,2579
243.9946,171.4895,4:26:37:641050,2609
244.3143,174.4044,4:26:37:644094,2633
244.3143,177.5526,4:26:37:648051,2655
244.5848,180.9632,4:26:37:652825,2680
244.5848,184.5486,4:26:37:656835,2696
244.9538,188.3382,4:26:37:660834,2723
245.1505,192.2734,4:26:37:664834,2751
245.3718,196.2961,4:26:37:668836,2778
245.6424,200.5228,4:26:37:673171,2803
245.9129,204.7496,4:26:37:676205,2827
246.208,209.0929,4:26:37:680711,2850
246.5032,213.6987,4:26:37:684670,2882
246.7983,218.3918,4:26:37:688670,2908
247.0934,223.1724,4:26:37:692699,2924
247.3639,228.0988,4:26:37:696855,2938
247.5853,233.0834,4:26:37:700721,2939
247.782,238.1555,4:26:37:704860,2959
247.9542,243.4899,4:26:37:708870,2976
248.0526,248.8535,4:26:37:712889,2989
248.1509,254.188,4:26:37:716870,3001
248.1509,259.4641,4:26:37:720974,2997
248.1509,264.7112,4:26:37:724982,2989
248.1509,269.929,4:26:37:728918,2984
248.1509,275.0302,4:26:37:732916,2988
247.5607,280.2481,4:26:37:736915,2987
247.5607,285.3202,4:26:37:740934,2994
246.9212,290.2174,4:26:37:744916,3000
246.9212,295.0272,4:26:37:748867,2998
246.0605,299.6912,4:26:37:752875,3004
245.5686,304.2094,4:26:37:756905,3006
245.0029,308.6693,4:26:37:760875,3003
244.3635,312.9544,4:26:37:764897,3004
243.7241,316.8022,4:26:37:768932,3006
243.0354,320.5334,4:26:37:772990,3013
242.2976,324.1188,4:26:37:776998,3020
241.5844,327.5294,4:26:37:780876,3026
240.8958,330.765,4:26:37:784909,3025
240.2072,333.8258,4:26:37:789106,3021
239.5677,336.7116,4:26:37:792107,3020
238.9775,339.3935,4:26:37:796131,3022
238.5102,341.9295,4:26:37:801106,3017
238.0921,344.0866,4:26:37:804875,3012
237.7478,345.923,4:26:37:808907,3008
237.4772,347.4388,4:26:37:813005,3000
237.2559,348.7214,4:26:37:816960,2999
237.1329,349.6834,4:26:37:820932,2997
237.0838,350.383,4:26:37:824931,2994
237.0592,350.8203,4:26:37:828940,2994
237.0346,351.1118,4:26:37:832946,2995
237.0346,351.1409,4:26:37:836955,2997
237.0346,351.1409,4:26:37:840961,2996
237.0346,351.1409,4:26:37:844945,2994
237.0346,349.8583,4:26:37:848946,2988
237.0346,348.9255,4:26:37:852895,2982
237.0346,347.7012,4:26:37:856914,2978
237.551,346.1854,4:26:37:861292,2974
237.551,344.3781,4:26:37:865317,2973
238.0675,342.2793,4:26:37:869298,2968
238.0675,339.8307,4:26:37:872298,2968
238.6577,337.2655,4:26:37:876328,2967
239.0021,334.4962,4:26:37:880298,2960
239.3464,331.6104,4:26:37:884235,2960
239.7153,328.5788,4:26:37:888248,2950
240.035,325.4306,4:26:37:893008,2945
240.3793,322.1949,4:26:37:897025,2943
240.6744,318.9593,4:26:37:900970,2937
241.0188,315.6071,4:26:37:904934,2928
241.3631,312.0508,4:26:37:908975,2920
241.7074,308.407,4:26:37:912931,2913
242.1255,304.6466,4:26:37:917241,2912
242.519,300.8571,4:26:37:920250,2920
242.9617,297.0385,4:26:37:924251,2923
243.4289,293.2198,4:26:37:928251,2924
243.97,289.4304,4:26:37:932250,2921
244.5357,285.6992,4:26:37:936249,2915
245.1259,282.0262,4:26:37:941006,2905
245.7408,278.4117,4:26:37:945021,2897
246.331,274.7387,4:26:37:949016,2892
246.9212,271.0367,4:26:37:953016,2884
247.5361,267.3638,4:26:37:957269,2896
248.028,263.7201,4:26:37:960281,2906
248.4953,260.0763,4:26:37:965047,2911
248.8887,256.5783,4:26:37:969041,2919
249.2085,253.226,4:26:37:973030,2916
249.4052,250.0487,4:26:37:977029,2940
249.4544,247.0754,4:26:37:981050,3001
249.4544,244.3645,4:26:37:984032,3093
249.4544,241.7701,4:26:37:989013,3204
248.815,239.3215,4:26:37:993024,3293
248.815,237.0186,4:26:37:997070,3358
247.6591,234.8033,4:26:38:000102,3402
246.7983,232.7336,4:26:38:005070,3434
245.8145,230.7514,4:26:38:009072,3465
244.6586,228.9441,4:26:38:012956,3490
243.3306,227.2534,4:26:38:017154,3510
241.9287,225.7668,4:26:38:020163,3521
240.3055,224.4258,4:26:38:025121,3530
238.5102,223.2016,4:26:38:029119,3539
236.5427,222.2396,4:26:38:033121,3541
234.3539,221.4234,4:26:38:036121,3548
231.9682,220.8112,4:26:38:040121,3550
229.3859,220.3157,4:26:38:044538,3550
226.656,220.0242,4:26:38:048548,3562
223.631,219.8493,4:26:38:052546,3578
220.5076,219.7327,4:26:38:056546,3596
217.3104,219.7327,4:26:38:060722,3619
214.0394,219.7327,4:26:38:064735,3639
210.7684,219.7327,4:26:38:068662,3664
207.4483,220.4032,4:26:38:072673,3701
204.1773,220.4032,4:26:38:077008,3740
200.8817,220.9861,4:26:38:080019,3772
197.7337,220.9861,4:26:38:085018,3795
194.7087,221.6566,4:26:38:089019,3806
191.7821,221.6566,4:26:38:093019,3806
189.003,222.1813,4:26:38:097018,3813
186.396,222.1813,4:26:38:100108,3816
184.0596,222.706,4:26:38:104127,3821
181.9692,222.706,4:26:38:109075,3824
180.223,223.1141,4:26:38:113066,3817
178.772,223.1141,4:26:38:117066,3811
177.6653,223.4056,4:26:38:120066,3797
176.8045,223.4056,4:26:38:124998,3777
176.288,223.6971,4:26:38:129008,3761
175.9437,223.872,4:26:38:133006,3739
175.8453,224.1635,4:26:38:137018,3727
175.8453,224.6299,4:26:38:141017,3721
175.8453,225.2421,4:26:38:145016,3719
176.8045,226.0582,4:26:38:149227,3717
177.5177,227.1368,4:26:38:152259,3719
178.4031,228.3902,4:26:38:157268,3718
179.4606,229.8769,4:26:38:160278,3702
180.7149,231.5385,4:26:38:165281,3676
182.1413,233.3457,4:26:38:168279,3645
183.7153,235.3279,4:26:38:172352,3606
185.3877,237.3102,4:26:38:176278,3569
187.183,239.4673,4:26:38:180027,3541
189.003,241.6826,4:26:38:185027,3508
190.8229,244.0438,4:26:38:189028,3484
192.6674,246.5215,4:26:38:193029,3477
194.4382,249.2325,4:26:38:197019,3475
196.1106,252.1183,4:26:38:201029,3480
197.6354,255.1499,4:26:38:205016,3489
199.0372,258.3856,4:26:38:208048,3488
200.2669,261.6795,4:26:38:213025,3485
201.2261,265.0318,4:26:38:217026,3482
201.9147,268.3841,4:26:38:221025,3478
202.3328,271.7072,4:26:38:224029,3474
202.5049,274.8553,4:26:38:229013,3477
202.5049,277.887,4:26:38:233038,3482
201.7917,280.8603,4:26:38:237053,3490
200.9309,283.5421,4:26:38:240053,3498
199.6767,286.2238,4:26:38:245053,3502
198.0781,288.7891,4:26:38:249064,3506
196.1352,291.2668,4:26:38:252953,3506
193.8725,293.5988,4:26:38:256962,3508
191.241,295.7267,4:26:38:260964,3511
188.2652,297.6506,4:26:38:264964,3507
185.1418,299.2539,4:26:38:268983,3503
181.7724,300.5948,4:26:38:272961,3497
178.2555,301.4984,4:26:38:276946,3493
174.591,301.994,4:26:38:280998,3493
170.8036,302.0232,4:26:38:284947,3497
166.9916,302.0232,4:26:38:288959,3500
163.1303,300.6823,4:26:38:292957,3496
159.2199,299.3122,4:26:38:296958,3502
155.3095,297.5923,4:26:38:300957,3506
151.4483,295.4352,4:26:38:305957,3512
147.6363,292.9283,4:26:38:308835,3522
143.898,290.1008,4:26:38:312865,3524
140.2336,286.9526,4:26:38:317196,3535
136.6921,283.5129,4:26:38:320200,3553
133.3719,279.7817,4:26:38:324873,3579
130.1747,275.7299,4:26:38:328760,3606
127.1497,271.3865,4:26:38:332866,3647
124.346,266.9265,4:26:38:336757,3684
121.6407,262.4083,4:26:38:340976,3718
119.2797,257.8609,4:26:38:344947,3749
117.2384,253.3135,4:26:38:349132,3752
115.3693,248.7952,4:26:38:352142,3750
113.8199,244.4227,4:26:38:356158,3743
112.5656,240.0794,4:26:38:360142,3731
111.5327,235.9109,4:26:38:365144,3717
110.8194,231.8008,4:26:38:368143,3717
110.3767,227.8656,4:26:38:372998,3667
110.0816,224.076,4:26:38:376159,3551
110.0324,220.5197,4:26:38:380958,3329
110.0324,217.2258,4:26:38:384966,2969
110.0324,214.2233,4:26:38:388969,2459
110.967,211.5415,4:26:38:392966,1761
111.6556,209.2095,4:26:38:397143,1061
112.6148,207.1691,4:26:38:400154,487
113.7707,205.3618,4:26:38:404153,0
115.2709,203.8168,4:26:38:408156,0
116.9925,202.4759,4:26:38:412265,0
118.9846,201.3391,4:26:38:417151,0
121.2964,200.4063,4:26:38:421004,0
123.9525,199.7066,4:26:38:424050,0
126.9037,199.1819,4:26:38:429012,0
130.1747,198.8904,4:26:38:433012,0
133.7162,198.6572,4:26:38:437015,0
137.602,198.599,4:26:38:440014,0
141.783,198.599,4:26:38:445004,0
146.3574,198.599,4:26:38:449025,0
151.3499,199.3277,4:26:38:453007,0
156.6868,199.3277,4:26:38:456017,0
162.4663,200.552,4:26:38:461018,0
168.4672,201.3682,4:26:38:464017,0
174.9353,202.3593,4:26:38:469015,0
181.674,203.5836,4:26:38:472018,0
188.7816,204.9536,4:26:38:477117,0
196.1106,206.3237,4:26:38:481123,0
203.6362,207.8978,4:26:38:484123,0
211.4571,209.4427,4:26:38:488123,0
219.3271,211.1917,4:26:38:492419,0
227.4184,212.795,4:26:38:496953,0
235.5343,214.2233,4:26:38:500140,0
243.6503,215.506,4:26:38:504147,0
251.84,216.5553,4:26:38:509148,0
259.9313,217.8088,4:26:38:513006,0
268.0227,218.8873,4:26:38:517014,0
275.9419,219.7619,4:26:38:521031,0
283.6889,220.2865,4:26:38:524049,0
291.2638,220.7238,4:26:38:529016,0
298.5435,221.2193,4:26:38:533016,0
305.6265,221.6274,4:26:38:537012,0
312.2422,221.9481,4:26:38:541022,0
318.6366,221.9481,4:26:38:545014,0
324.6129,221.9481,4:26:38:549024,0
330.1957,221.9481,4:26:38:553021,0
335.385,221.2193,4:26:38:557024,0
340.2054,221.2193,4:26:38:561024,0
344.583,220.3157,4:26:38:564823,0
348.518,219.5578,4:26:38:569078,0
352.1087,218.8291,4:26:38:572088,0
355.2813,217.8671,4:26:38:576785,0
358.1096,216.7303,4:26:38:580689,0
360.569,215.4476,4:26:38:584787,0
362.7332,214.0193,4:26:38:588689,0
364.4794,212.5035,4:26:38:592958,0
365.8566,210.9294,4:26:38:596452,0
367.0125,209.0929,4:26:38:600961,0
367.8979,207.1691,4:26:38:604786,0
368.562,205.3035,4:26:38:609012,0
368.8817,203.3795,4:26:38:612029,0
369.0046,201.4556,4:26:38:616912,0
369.0046,199.4443,4:26:38:620925,0
369.0046,197.3746,4:26:38:625027,0
369.0046,195.2467,4:26:38:628028,0
368.0209,193.2354,4:26:38:633027,0
367.406,191.0782,4:26:38:636025,0
366.742,188.9211,4:26:38:641010,0
365.9058,186.8515,4:26:38:645019,0
365.0942,184.7236,4:26:38:649011,0
364.1597,182.5665,4:26:38:653021,0
363.2251,180.4385,4:26:38:657038,0
362.1922,178.2814,4:26:38:661021,0
360.9379,176.1826,4:26:38:665020,0
359.7328,174.2004,4:26:38:668053,0
358.4047,172.1891,4:26:38:672959,0
357.1505,170.2652,4:26:38:676969,0
355.6994,168.4579,4:26:38:681012,0
354.2976,166.7088,4:26:38:684022,0
352.8465,165.1348,4:26:38:689022,0
351.4447,163.6481,4:26:38:692022,0
350.1658,162.278,4:26:38:697022,0
348.8623,160.9371,4:26:38:700316,0
347.6081,159.8003,4:26:38:704888,0
346.4276,158.6926,4:26:38:708900,0
345.3208,157.6723,4:26:38:713011,0
344.2879,156.7687,4:26:38:716024,0
343.3042,156.0108,4:26:38:721020,0
342.3942,155.3112,4:26:38:724022,0
341.5088,154.6991,4:26:38:729022,0
340.648,154.1452,4:26:38:732040,0
339.8856,153.6205,4:26:38:737024,0
339.2954,153.1832,4:26:38:740030,0
338.7543,152.7751,4:26:38:744961,0
338.3854,152.3671,4:26:38:748115,0
338.1395,151.9007,4:26:38:753074,0
338.0411,151.4926,4:26:38:756080,0
338.0411,151.0553,4:26:38:761012,0
338.0411,150.5889,4:26:38:765038,0
338.951,150.0642,4:26:38:769022,0
339.5167,149.2771,4:26:38:772049,0
340.1808,148.3152,4:26:38:777314,2363
340.9185,147.295,4:26:38:780323,2357
341.7302,146.2164,4:26:38:784453,2369
342.5417,145.1087,4:26:38:788324,2381
343.4517,143.9427,4:26:38:792324,2390
344.4109,142.7767,4:26:38:797324,2403
345.4192,141.669,4:26:38:800323,2396
346.5505,140.7654,4:26:38:805082,2393
347.7556,140.1241,4:26:38:808092,2388
349.1329,139.541,4:26:38:812191,2388
350.6331,139.1329,4:26:38:816091,2389
352.2317,138.8706,4:26:38:821091,2390
353.9041,138.7249,4:26:38:824091,2391
355.6256,138.7249,4:26:38:829061,2394
357.3226,138.7249,4:26:38:832071,2401
359.0442,138.7249,4:26:38:836784,2406
360.8149,139.6577,4:26:38:840785,2413
362.5857,140.299,4:26:38:845787,2420
364.381,140.9986,4:26:38:848802,2422
366.1763,141.873,4:26:38:852787,2427
367.9963,142.9225,4:26:38:857379,2431
369.7916,144.0885,4:26:38:861381,2430
371.587,145.4585,4:26:38:864840,2430
373.3085,147.0326,4:26:38:868854,2427
374.9563,148.7525,4:26:38:872339,2429
376.4565,150.6472,4:26:38:876339,2429
377.8338,152.7751,4:26:38:880338,2434
379.0881,154.9906,4:26:38:884338,2450
380.121,157.2643,4:26:38:888436,2486
380.9818,159.6546,4:26:38:892449,2546
381.6704,162.1323,4:26:38:897058,2613
382.1131,164.6392,4:26:38:901069,2687
382.3098,167.2044,4:26:38:905071,2748
382.3098,169.9445,4:26:38:908069,2805
382.3098,172.8012,4:26:38:913300,2863
381.3999,175.8911,4:26:38:916310,2907
380.5637,179.2433,4:26:38:920309,2948
379.4078,182.7997,4:26:38:924310,2970
378.0305,186.5017,4:26:38:928325,2983
376.3828,190.2912,4:26:38:932310,2994
374.489,194.2265,4:26:38:937006,2997
372.374,198.22,4:26:38:941002,3006
370.1851,202.2135,4:26:38:944841,3022
367.8979,206.1779,4:26:38:948852,3035
365.5123,210.2589,4:26:38:952440,3042
363.1021,214.4274,4:26:38:956452,3050
360.6674,218.6833,4:26:38:960453,3050
358.3063,222.9392,4:26:38:964450,3048
355.9945,227.2534,4:26:38:968450,3048
353.8795,231.6259,4:26:38:972459,3046
351.8136,235.8818,4:26:38:977088,3044
349.9445,240.1669,4:26:38:980098,3051
348.2967,244.277,4:26:38:985017,3065
346.8948,248.358,4:26:38:988027,3074
345.7635,252.3807,4:26:38:992081,3079
344.9273,256.3742,4:26:38:996082,3077
344.4109,260.3387,4:26:39:001082,3073
344.2879,264.2448,4:26:39:004109,3073
344.2879,268.0051,4:26:39:009006,3074
345.0011,271.5905,4:26:39:012016,3069
345.9357,275.0302,4:26:39:017108,3071
347.2638,278.1784,4:26:39:020112,3070
348.8869,281.1226,4:26:39:024150,3067
350.8544,283.7461,4:26:39:028108,3074
353.0679,286.1364,4:26:39:032108,3074
355.5764,288.4101,4:26:39:037109,3076
358.3555,290.4797,4:26:39:040869,3076
361.4052,292.3745,4:26:39:044875,3075
364.6515,294.0944,4:26:39:048221,3073
367.9963,295.5518,4:26:39:052230,3069
371.4886,296.7762,4:26:39:056230,3071
375.0793,297.7672,4:26:39:061250,3068
378.7683,298.4669,4:26:39:064920,3070
382.4574,298.8167,4:26:39:068927,3070
386.1465,298.8167,4:26:39:072998,3066
389.8601,298.8167,4:26:39:076289,3070
393.623,297.5049,4:26:39:081007,3069
397.3858,296.3972,4:26:39:085018,3083
401.1732,294.9688,4:26:39:088950,3099
405.0099,293.1907,4:26:39:092345,3110
408.8219,291.0627,4:26:39:096174,3117
412.6339,288.7016,4:26:39:100128,3116
416.446,286.0781,4:26:39:105127,3112
420.1842,283.2214,4:26:39:108127,3105
423.8733,280.0732,4:26:39:112998,3103
427.464,276.5169,4:26:39:116009,3093
430.9809,272.5525,4:26:39:121009,3104
434.2764,268.4132,4:26:39:125009,3111
437.4736,264.0407,4:26:39:129234,3116
440.4741,259.5225,4:26:39:132244,3121
443.3023,254.8584,4:26:39:136244,3105
445.8601,250.0195,4:26:39:140244,3089
448.2457,244.9474,4:26:39:144244,3076
450.3116,239.6422,4:26:39:148262,3078
452.1069,234.4243,4:26:39:152375,3075
453.7301,229.1481,4:26:39:156375,3077
455.1811,223.8137,4:26:39:160417,3078
456.3862,218.4501,4:26:39:164376,3063
457.4684,213.0282,4:26:39:169010,3056
458.3045,207.548,4:26:39:173018,3049
458.9932,202.1844,4:26:39:176954,3045
459.608,197.0248,4:26:39:180522,3052
460.1245,192.0402,4:26:39:185055,3076
460.4934,187.2013,4:26:39:189054,3135
460.7393,182.5373,4:26:39:193053,3225
460.8869,178.0482,4:26:39:196054,3337
460.9607,173.8214,4:26:39:201005,3456
460.9853,169.9445,4:26:39:205027,3559
460.9853,166.4465,4:26:39:208664,3654
460.9853,163.2108,4:26:39:212624,3744
460.9853,160.2375,4:26:39:216624,3821
460.9853,157.5849,4:26:39:220624,3897
460.9853,155.1363,4:26:39:224622,3958
460.4196,153.0083,4:26:39:228461,3998
460.4196,151.2885,4:26:39:232461,4026
460.4196,149.9476,4:26:39:236460,4036
460.4196,148.9565,4:26:39:240459,4029
460.0261,148.2861,4:26:39:244107,4017
460.0261,148.0237,4:26:39:248119,4001
460.0261,148.0237,4:26:39:252517,3992
459.6326,148.8399,4:26:39:256527,3991
459.6326,149.9184,4:26:39:260635,3994
459.3375,151.4342,4:26:39:264527,4005
459.1161,153.329,4:26:39:269525,4013
458.821,155.6902,4:26:39:272538,4022
458.5751,158.4886,4:26:39:276539,4025
458.2799,161.6367,4:26:39:280552,4033
457.9848,165.1639,4:26:39:284604,4055
457.7389,169.0408,4:26:39:288604,4087
457.493,173.4133,4:26:39:292606,4126
457.2962,178.2231,4:26:39:296604,4167
457.1732,183.3535,4:26:39:300951,4201
457.0748,188.7462,4:26:39:304334,4237
457.0503,194.4014,4:26:39:309340,4290
457.0503,200.4937,4:26:39:313349,4341
457.0503,206.965,4:26:39:316436,4389
457.0503,213.6695,4:26:39:320333,4430
457.0503,220.3157,4:26:39:324333,4445
457.7143,226.991,4:26:39:328333,4458
457.7143,233.7247,4:26:39:333030,4481
458.1815,240.7498,4:26:39:337028,4502
458.1815,247.9499,4:26:39:341029,4528
458.698,255.0042,4:26:39:345031,4544
458.698,261.8253,4:26:39:349045,4550
459.1407,268.4424,4:26:39:352387,4560
459.1407,275.0011,4:26:39:356130,4562
459.4604,281.5307,4:26:39:361158,4568
459.4604,287.7979,4:26:39:365156,4569
459.4604,293.7445,4:26:39:369161,4537
459.4604,299.2539,4:26:39:372141,4460
459.4604,304.4426,4:26:39:377005,4289
459.4604,309.3106,4:26:39:380018,3990
459.4604,313.7997,4:26:39:385124,3577
458.5259,317.7642,4:26:39:388131,3052
458.5259,321.2039,4:26:39:392344,2312
457.6405,324.0897,4:26:39:396344,1470
457.0503,326.4217,4:26:39:401344,769
456.3862,328.1999,4:26:39:404345,0
455.6238,329.3367,4:26:39:408566,0
454.7384,329.8905,4:26:39:412570,0
453.8285,329.8905,4:26:39:416629,0
452.8693,328.7537,4:26:39:420567,0
451.8364,327.063,4:26:39:424567,0
450.6559,324.6727,4:26:39:428567,0
449.5,321.6411,4:26:39:432567,0
448.3687,318.0265,4:26:39:436581,0
447.3357,313.8289,4:26:39:440567,0
446.4012,309.2523,4:26:39:444570,0
445.4912,304.2386,4:26:39:448567,0
444.7534,298.9624,4:26:39:452567,0
444.114,293.4822,4:26:39:456567,0
443.4991,287.8854,4:26:39:460567,0
442.9088,282.1429,4:26:39:464597,0
442.3186,276.3128,4:26:39:468567,0
441.6546,270.3662,4:26:39:472567,0
440.9905,264.1865,4:26:39:476567,0
440.2773,258.0067,4:26:39:481202,0
439.4657,251.856,4:26:39:484213,0
438.5312,245.647,4:26:39:488999,0
437.572,239.3215,4:26:39:492016,0
436.4899,232.7628,4:26:39:496007,0
435.2848,226.1457,4:26:39:501008,0
433.9321,219.5578,4:26:39:504012,0
432.5303,213.0282,4:26:39:509008,0
430.8087,206.2946,4:26:39:513009,0
429.1855,199.6775,4:26:39:517006,0
427.3164,192.8855,4:26:39:520016,0
425.0292,186.0353,4:26:39:525014,0
422.8403,179.5349,4:26:39:529023,0
420.6023,173.0927,4:26:39:533017,0
418.7578,166.8546,4:26:39:536049,0
417.0362,160.8206,4:26:39:541000,0
415.7328,154.9323,4:26:39:544028,0
414.3309,149.1606,4:26:39:548028,0
413.1996,143.8844,4:26:39:553033,0
412.5356,138.9289,4:26:39:556028,0
411.9207,134.2941,4:26:39:561029,0
411.5026,129.9216,4:26:39:564043,0
410.9124,125.7822,4:26:39:568999,0
410.2729,121.847,4:26:39:573321,0
409.7073,118.4364,4:26:39:576331,0
409.2646,115.434,4:26:39:581001,0
408.8957,112.519,4:26:39:585009,0
408.6006,109.7206,4:26:39:589011,0
408.3546,107.0097,4:26:39:593017,0
408.2317,104.5319,4:26:39:597022,0
408.1087,102.1999,4:26:39:601037,0
408.0103,100.1886,4:26:39:604056,0
407.8873,98.3521,4:26:39:608095,0
407.7644,96.63225,4:26:39:612108,0
407.6906,95.2039,4:26:39:616105,0
407.543,94.1545,4:26:39:620105,0
407.3463,93.4549,4:26:39:624133,0
406.9774,92.95935,4:26:39:629131,0
406.7314,92.60955,4:26:39:633141,0
406.3625,92.31805,4:26:39:636141,0
405.8461,91.96825,4:26:39:641009,2887
405.2312,91.67675,4:26:39:645201,2882
404.4442,91.38525,4:26:39:648211,2879
403.5342,91.15205,4:26:39:652342,2880
402.5505,90.8897,4:26:39:657214,2882
401.493,90.62735,4:26:39:660211,2892
400.1403,90.4816,4:26:39:665235,2896
398.7385,90.45245,4:26:39:668213,2898
397.2874,90.45245,4:26:39:672525,2895
395.738,90.45245,4:26:39:676523,2887
394.0902,91.26865,4:26:39:680524,2883
392.2457,91.26865,4:26:39:684553,2869
390.2782,91.9974,4:26:39:688254,2858
388.0894,91.9974,4:26:39:692261,2844
385.753,92.66785,4:26:39:696262,2830
383.1706,92.66785,4:26:39:700264,2824
380.3915,92.66785,4:26:39:704820,2823
377.4403,92.66785,4:26:39:709291,2827
374.3415,92.66785,4:26:39:712949,2833
371.3164,92.66785,4:26:39:716975,2840
368.2914,92.66785,4:26:39:720957,2840
365.3156,91.4144,4:26:39:724959,2839
362.4627,90.56905,4:26:39:729162,2839
359.8065,89.51965,4:26:39:732464,2835
357.3472,88.29535,4:26:39:736463,2835
355.183,86.9253,4:26:39:740464,2837
353.3876,85.4095,4:26:39:744471,2836
351.8136,83.74795,4:26:39:748464,2841
350.5593,82.05725,4:26:39:752390,2842
349.7477,80.24995,4:26:39:756274,2839
349.2804,78.3552,4:26:39:760274,2833
349.2558,76.46045,4:26:39:764276,2828
349.2558,74.6823,4:26:39:769007,2823
350.3625,73.02075,4:26:39:773016,2821
351.5185,71.4175,4:26:39:776996,2821
353.0679,69.98915,4:26:39:780006,2815
354.937,68.64825,4:26:39:785004,2808
357.2242,67.54055,4:26:39:788014,2797
359.9049,66.66605,4:26:39:793014,2785
362.9792,65.9956,4:26:39:797012,2779
366.3731,65.44175,4:26:39:801014,2774
370.0868,65.1211,4:26:39:804014,2771
374.0709,65.0628,4:26:39:808014,2773
378.1781,65.0628,4:26:39:812013,2772
382.5312,65.0628,4:26:39:816995,2775
386.9827,66.462,4:26:39:821005,2785
391.4833,67.5114,4:26:39:825048,2791
395.9594,68.93975,4:26:39:829046,2801
400.4109,70.80535,4:26:39:833046,2813
404.7639,72.9916,4:26:39:837046,2817
408.9695,75.52765,4:26:39:840997,2825
413.0028,78.38435,4:26:39:845007,2833
416.8149,81.53255,4:26:39:848701,2858
420.4547,84.9431,4:26:39:852709,2897
423.7503,88.5577,4:26:39:857712,2945
426.8245,92.3472,4:26:39:860709,3008
429.6282,96.3116,4:26:39:864720,3067
432.1368,100.5384,4:26:39:868709,3131
434.3994,104.9691,4:26:39:873003,3198
436.5391,109.4874,4:26:39:877014,3249
438.5066,114.0639,4:26:39:880951,3287
440.2773,118.6405,4:26:39:884062,3314
441.9251,123.217,4:26:39:889003,3328
443.4745,127.7353,4:26:39:893014,3349
444.9255,132.1661,4:26:39:896954,3370
446.4012,136.5094,4:26:39:900885,3381
447.8276,140.7362,4:26:39:904885,3358
449.377,144.8755,4:26:39:908885,3247
450.828,148.869,4:26:39:913002,3015
452.402,152.7751,4:26:39:917003,2603
454.0744,156.5063,4:26:39:921002,1923
455.9681,159.9169,4:26:39:925003,1188
457.9848,163.0651,4:26:39:928946,570
460.149,165.8052,4:26:39:932956,0
462.4855,168.0789,4:26:39:936826,0
464.9449,170.0028,4:26:39:940783,0
467.6747,171.5186,4:26:39:944782,0
470.503,172.7137,4:26:39:948804,0
473.6264,173.6174,4:26:39:953003,0
476.7007,174.3753,4:26:39:957013,0
479.9716,174.8708,4:26:39:961013,0
483.4393,175.2789,4:26:39:964013,0
487.0792,175.6288,4:26:39:969013,0
490.8175,176.0368,4:26:39:972016,0
494.6787,176.5033,4:26:39:977002,0
498.6875,176.9697,4:26:39:980012,0
502.77,177.5526,4:26:39:984324,0
507.0493,178.1648,4:26:39:988324,0
511.3778,178.7478,4:26:39:992325,0
515.731,179.2725,4:26:39:996337,0
520.1086,179.7389,4:26:40:000327,0
524.4863,180.2636,4:26:40:005020,0
528.8886,180.6425,4:26:40:009034,0
533.4138,180.9632,4:26:40:012999,0
537.767,181.2256,4:26:40:017010,0
542.1692,181.3421,4:26:40:021027,0
546.5469,181.4879,4:26:40:025007,0
550.777,181.6045,4:26:40:028358,0
554.9088,181.7211,4:26:40:032359,0
559.0651,181.7211,4:26:40:036358,0
563.0739,181.7211,4:26:40:040361,0
566.9105,181.7211,4:26:40:044914,0
570.6734,181.7211,4:26:40:048287,0
574.2886,181.7211,4:26:40:052287,0
577.8055,181.7211,4:26:40:056287,0
581.1503,181.7211,4:26:40:060289,0
584.3721,181.7211,4:26:40:064287,0
587.3972,180.9341,4:26:40:068291,0
590.2746,180.9341,4:26:40:073011,0
592.9553,180.9341,4:26:40:076021,0
595.5131,180.9341,4:26:40:080023,0
597.8249,180.4968,4:26:40:085021,0
600.0875,180.4968,4:26:40:089021,0
602.2272,180.4968,4:26:40:093062,0
604.293,180.4968,4:26:40:096071,0
606.1868,180.4968,4:26:40:101083,0
608.0313,180.4968,4:26:40:105072,0
609.7529,180.4968,4:26:40:109008,0
611.376,181.2256,4:26:40:113065,0
612.95,181.2256,4:26:40:116037,0
614.2781,181.9252,4:26:40:121034,0
615.5078,181.9252,4:26:40:124043,0
616.5407,182.8871,4:26:40:128884,0
617.4507,183.4409,4:26:40:132897,0
618.1639,184.0531,4:26:40:136893,0
618.705,184.6069,4:26:40:140895,0
619.0247,185.0733,4:26:40:144909,0
619.1722,185.4231,4:26:40:148894,2567
619.1722,185.7438,4:26:40:153008,2566
619.1722,186.0353,4:26:40:157018,2565
618.1639,186.2977,4:26:40:161025,2567
617.4015,186.5017,4:26:40:165019,2567
616.5161,186.6474,4:26:40:169285,2568
615.311,186.8515,4:26:40:172283,2569
613.86,187.1138,4:26:40:176333,2574
612.1384,187.4928,4:26:40:180286,2579
610.1464,187.8426,4:26:40:185009,2586
607.9575,188.1633,4:26:40:188022,2595
605.5227,188.4547,4:26:40:192519,2591
602.7928,188.6297,4:26:40:196521,2589
599.817,188.6588,4:26:40:200675,2592
596.6935,188.6588,4:26:40:204584,2586
593.398,188.6588,4:26:40:208713,2587
590.0287,187.9301,4:26:40:212583,2591
586.5855,187.2596,4:26:40:217002,2591
583.0194,186.4142,4:26:40:220537,2597
579.5271,185.3357,4:26:40:224538,2602
576.0594,184.1989,4:26:40:228537,2601
572.6901,182.858,4:26:40:232537,2606
569.5175,181.4296,4:26:40:236998,2608
566.5416,179.8555,4:26:40:241009,2606
563.7871,178.1648,4:26:40:245018,2611
561.3524,176.4158,4:26:40:248009,2610
559.2619,174.6668,4:26:40:253006,2607
557.4911,172.8887,4:26:40:257009,2608
556.1385,171.0522,4:26:40:260020,2610
555.1547,169.1866,4:26:40:265072,2605
554.5399,167.321,4:26:40:268651,2597
554.3185,165.4263,4:26:40:272661,2595
554.3185,163.6189,4:26:40:276650,2577
555.0071,161.7825,4:26:40:280649,2573
555.9663,160.0918,4:26:40:284911,2578
557.3436,158.4594,4:26:40:288921,2572
559.1389,156.9436,4:26:40:292964,2577
561.254,155.6027,4:26:40:296922,2571
563.6887,154.495,4:26:40:300964,2563
566.4924,153.6496,4:26:40:304919,2563
569.4683,153.0958,4:26:40:308635,2564
572.6163,152.8335,4:26:40:312649,2561
575.9119,152.8335,4:26:40:316684,2564
579.2812,152.8335,4:26:40:320633,2566
582.6505,154.3201,4:26:40:324870,2567
586.0445,155.5444,4:26:40:328881,2576
589.3646,157.1185,4:26:40:332919,2578
592.5372,159.1007,4:26:40:336878,2579
595.636,161.3452,4:26:40:340990,2582
598.6365,163.9396,4:26:40:345000,2586
601.391,166.7963,4:26:40:348793,2600
603.9241,170.0028,4:26:40:352804,2637
606.1376,173.6757,4:26:40:356803,2683
608.0313,177.7567,4:26:40:360806,2735
609.7037,182.1292,4:26:40:364804,2784
611.0317,186.7057,4:26:40:369804,2821
612.1384,191.5155,4:26:40:372803,2860
612.9254,196.4418,4:26:40:377823,2907
613.4173,201.4556,4:26:40:381014,2977
613.6633,206.5569,4:26:40:384022,3057
613.6633,211.629,4:26:40:388863,3143
613.6633,216.4971,4:26:40:392873,3223
612.9746,221.2776,4:26:40:396876,3283
612.1138,225.8833,4:26:40:400875,3325
610.8842,230.3141,4:26:40:404876,3347
609.261,234.5409,4:26:40:408876,3361
607.1951,238.5345,4:26:40:412874,3373
604.7111,242.2074,4:26:40:416949,3381
601.7845,245.3555,4:26:40:420886,3392
598.3168,248.1539,4:26:40:424948,3392
594.5047,250.69,4:26:40:428882,3374
590.2746,252.9054,4:26:40:432882,3340
585.5772,254.7419,4:26:40:436882,3284
580.5847,256.3159,4:26:40:440884,3215
575.297,257.4236,4:26:40:444889,3133
569.8372,258.0358,4:26:40:448964,3052
564.2298,258.2982,4:26:40:452969,2969
558.524,258.2982,4:26:40:456692,2899
552.7937,257.4528,4:26:40:460690,2847
547.1617,256.3451,4:26:40:464699,2804
541.7511,254.8584,4:26:40:468695,2780
536.5864,253.022,4:26:40:472943,2760
531.7661,250.8358,4:26:40:476793,2746
527.2654,248.3871,4:26:40:480793,2736
523.1829,245.7345,4:26:40:484997,2727
519.5184,242.907,4:26:40:488008,2726
516.2966,239.8462,4:26:40:492864,2753
513.5175,236.6397,4:26:40:496807,2817
511.2549,233.3457,4:26:40:500923,2916
509.4103,230.0518,4:26:40:504807,3038
507.9347,226.9619,4:26:40:508141,3159
506.8772,223.9886,4:26:40:513144,3258
506.1886,221.2485,4:26:40:516223,3329
505.8197,218.8291,4:26:40:520143,3375
505.7705,216.8177,4:26:40:524991,3405
505.7705,215.0979,4:26:40:528001,3428
505.7705,213.8736,4:26:40:532778,3441
507.0247,213.1448,4:26:40:536778,3449
507.9101,212.7367,4:26:40:540778,3451
508.9922,212.7367,4:26:40:544781,3450
510.3695,212.7367,4:26:40:548292,3457
511.8697,214.4857,4:26:40:553302,3465
513.5175,216.1764,4:26:40:556624,3474
515.3621,218.4792,4:26:40:560668,3489
517.4279,221.3651,4:26:40:564633,3504
519.6414,224.7173,4:26:40:568634,3524
522.0515,228.5652,4:26:40:572637,3556
524.5847,232.8502,4:26:40:576634,3589
527.2654,237.5434,4:26:40:581078,3655
530.1429,242.7321,4:26:40:584085,3745
533.2663,248.2997,4:26:40:589007,3844
536.6356,254.188,4:26:40:593017,3944
540.1771,260.3387,4:26:40:597017,4011
543.9154,266.6642,4:26:40:601017,4070
547.8749,273.3104,4:26:40:604496,4108
552.0805,280.2481,4:26:40:608411,4138
556.532,287.419,4:26:40:612426,4160
561.1802,294.415,4:26:40:617413,4160
565.976,301.2653,4:26:40:620412,4154
570.9439,308.028,4:26:40:624947,4162
576.1086,314.8783,4:26:40:628437,4174
581.4208,321.6994,4:26:40:633000,4180
586.8561,328.1999,4:26:40:637000,4189
592.3896,334.3505,4:26:40:641001,4141
597.8249,340.1222,4:26:40:645000,4009
603.2355,345.5732,4:26:40:648912,3776
608.6707,350.6454,4:26:40:652921,3418
613.9338,355.251,4:26:40:656921,2930
619.0984,359.3612,4:26:40:660923,2250
624.1156,362.9758,4:26:40:664937,1438
628.9114,366.0074,4:26:40:668974,753
633.3137,368.6017,4:26:40:672940,0
637.4946,370.6131,4:26:40:676262,0
641.3066,372.0998,4:26:40:680346,0
644.7498,372.916,4:26:40:684261,0
647.7502,373.0617,4:26:40:688333,0
650.3079,373.0617,4:26:40:692261,0
652.3984,371.4293,4:26:40:696946,0
654.12,369.7386,4:26:40:700320,0
655.5464,367.4358,4:26:40:704946,0
656.6531,364.6665,4:26:40:708380,0
657.4893,361.4891,4:26:40:712503,0
658.1042,357.9329,4:26:40:716514,0
658.6206,354.0851,4:26:40:720513,0
658.9158,349.8583,4:26:40:724512,0
659.1617,345.3401,4:26:40:728599,0
659.3339,340.4137,4:26:40:732513,0
659.4322,335.1959,4:26:40:736513,0
659.4568,329.6865,4:26:40:740513,0
659.4568,323.9148,4:26:40:745005,0
659.4568,317.8807,4:26:40:749132,0
659.4568,311.6426,4:26:40:752141,0
659.4568,305.113,4:26:40:757132,0
659.4568,298.292,4:26:40:760142,0
659.4568,291.5875,4:26:40:764144,0
658.8666,284.7372,4:26:40:768142,0
658.8666,277.8578,4:26:40:773151,0
658.8666,270.7452,4:26:40:776151,0
658.3993,263.6035,4:26:40:781003,0
658.3993,256.52,4:26:40:785013,0
658.3993,249.728,4:26:40:789011,0
658.3993,242.9361,4:26:40:793012,0
658.3993,236.1733,4:26:40:797021,0
658.3993,229.5562,4:26:40:800977,0
658.3993,222.9975,4:26:40:804978,0
658.3993,216.8177,4:26:40:809005,0
658.3993,210.8711,4:26:40:812016,0
659.0879,205.1868,4:26:40:817013,0
659.0879,199.6192,4:26:40:820015,0
659.6044,194.3722,4:26:40:824788,0
659.6044,189.271,4:26:40:828687,0
660.293,184.5486,4:26:40:832686,0
660.293,180.147,4:26:40:836686,0
661.0062,176.0077,4:26:40:841006,0
661.3259,172.1308,4:26:40:845077,0
661.5719,168.487,4:26:40:849087,0
661.7932,165.2805,4:26:40:853109,0
661.99,162.3072,4:26:40:857087,0
661.99,159.8003,4:26:40:861087,0
661.99,157.7307,4:26:40:864326,0
661.99,155.6902,4:26:40:869523,0
661.99,153.6496,4:26:40:874543,0
661.99,151.6966,4:26:40:876523,4046
661.99,149.9184,4:26:40:880544,4059
661.99,148.2861,4:26:40:884997,4076
661.4489,146.9451,4:26:40:889007,4088
661.4489,145.8083,4:26:40:892180,4097
661.4489,144.6131,4:26:40:896152,4084
661.4489,143.8261,4:26:40:900195,4065
661.4489,143.6512,4:26:40:904152,4053
661.4489,143.6512,4:26:40:908154,4048
661.4489,144.8463,4:26:40:912152,4052
661.4489,146.129,4:26:40:917006,4058
661.4489,147.8488,4:26:40:921165,4071
661.4489,150.035,4:26:40:924165,4077
662.0392,152.7751,4:26:40:928169,4083
662.0392,155.9816,4:26:40:932169,4094
662.0392,159.5671,4:26:40:936164,4095
662.5064,163.5315,4:26:40:940999,4109
662.5064,167.8748,4:26:40:945007,4128
662.5064,172.6846,4:26:40:949009,4147
662.5064,177.9316,4:26:40:953009,4165
662.8508,183.5284,4:26:40:957010,4167
662.8508,189.3875,4:26:40:961020,4170
662.8508,195.4799,4:26:40:964888,4185
663.1705,202.097,4:26:40:968199,4201
663.1705,209.0347,4:26:40:972749,4235
663.441,216.0598,4:26:40:976697,4283
663.6378,223.0266,4:26:40:980781,4321
663.8591,229.9061,4:26:40:984698,4402
664.1296,236.9021,4:26:40:988999,4476
664.4001,244.0438,4:26:40:993009,4542
664.6707,251.2439,4:26:40:997070,4605
664.9904,258.1233,4:26:41:000071,4626
665.2855,264.886,4:26:41:005070,4638
665.5806,271.5614,4:26:41:008070,4653
665.925,278.295,4:26:41:013148,4659
666.2447,285.0287,4:26:41:016157,4668
666.5398,291.6166,4:26:41:020848,4675
666.8596,297.8839,4:26:41:024848,4666
667.1301,303.8888,4:26:41:028892,4651
667.4252,309.6896,4:26:41:032848,4646
667.6957,315.403,4:26:41:036243,4602
667.9417,320.8832,4:26:41:040252,4490
668.163,326.0136,4:26:41:044253,4263
668.2859,330.7942,4:26:41:048253,3867
668.3597,335.1959,4:26:41:052334,3345
668.3597,339.2769,4:26:41:056344,2624
668.3597,342.9497,4:26:41:060794,1696
668.3597,346.1271,4:26:41:064803,929
667.5236,348.7798,4:26:41:068867,0
666.9087,350.8203,4:26:41:072795,0
666.0971,352.2777,4:26:41:077069,0
665.0888,353.1231,4:26:41:080079,0
663.8591,353.298,4:26:41:085080,0
662.3835,353.298,4:26:41:089079,0
660.6619,352.0446,4:26:41:093079,0
658.7436,350.6454,4:26:41:096080,0
656.6531,348.7214,4:26:41:100997,0
654.3413,346.4186,4:26:41:104007,0
651.9312,343.6494,4:26:41:109009,0
649.3979,340.6177,4:26:41:112008,0
646.7172,337.2655,4:26:41:117005,0
643.9628,333.5634,4:26:41:121245,0
641.0361,329.5991,4:26:41:124254,0
638.0356,325.4597,4:26:41:128311,0
634.7401,321.1455,4:26:41:132259,0
631.3215,316.6564,4:26:41:137253,0
627.5095,311.905,4:26:41:140255,0
623.3532,306.9786,4:26:41:145001,0
618.9017,301.6442,4:26:41:149013,0
614.2535,296.3389,4:26:41:153110,0
609.3839,290.917,4:26:41:156120,0
604.293,285.2619,4:26:41:160211,0
604.293,285.2619,4:26:41:179002,0
357.4948,165.572,4:26:41:258451,0
355.1338,165.572,4:26:41:262398,0
351.666,164.6392,4:26:41:266403,0
346.9194,163.7939,4:26:41:270400,0
341.1645,162.8611,4:26:41:275008,0
334.4258,161.6951,4:26:41:279231,0
326.605,160.3833,4:26:41:282243,0
317.825,158.8967,4:26:41:286243,0
308.1843,157.3517,4:26:41:290240,0
300.0683,156.0108,4:26:41:294239,0
292.1492,154.7865,4:26:41:298239,0
284.6972,153.7663,4:26:41:303316,0
277.5405,152.8043,4:26:41:306316,0
270.6296,151.959,4:26:41:311008,0
264.1123,151.1427,4:26:41:314319,0
257.8655,150.4431,4:26:41:318324,0
251.8646,149.7727,4:26:41:323295,0
246.0851,149.1022,4:26:41:326320,0
240.6252,148.4318,4:26:41:331648,0
235.436,147.7322,4:26:41:334647,0
230.3697,146.9743,4:26:41:338649,0
225.4755,146.2455,4:26:41:342649,0
220.7781,145.5459,4:26:41:346648,0
216.425,144.7589,4:26:41:351004,0
212.2195,143.8844,4:26:41:355018,0
208.2845,142.8642,4:26:41:358027,1886
204.5462,141.9022,4:26:41:362364,1986
201.0047,140.9402,4:26:41:366369,2163
197.7583,140.0366,4:26:41:370691,2371
194.8563,139.0746,4:26:41:374649,2593
192.2739,138.1127,4:26:41:379650,2724
189.9375,137.209,4:26:41:382648,2787
187.8963,136.5094,4:26:41:387648,2841
186.2731,135.9556,4:26:41:390991,2894
184.9942,135.5184,4:26:41:394506,2937
184.0596,135.1102,4:26:41:398706,2972
183.4694,134.7313,4:26:41:402707,2978
183.248,134.4398,4:26:41:406706,2969
183.248,134.1774,4:26:41:410707,2967
183.9612,134.0025,4:26:41:414722,2963
184.9942,133.8568,4:26:41:418707,2966
186.4206,133.6819,4:26:41:423010,2975
188.3389,133.6236,4:26:41:426031,2976
190.7491,133.5361,4:26:41:431021,2980
193.602,133.4778,4:26:41:435021,2981
197.1189,133.4487,4:26:41:439021,2980
201.1769,133.4487,4:26:41:443021,2978
205.8251,133.3904,4:26:41:446352,2971
210.9898,133.3904,4:26:41:450350,2971
216.5972,133.3613,4:26:41:454358,2969
222.844,133.3029,4:26:41:458364,2958
229.7302,133.2446,4:26:41:462270,2952
237.1575,133.2155,4:26:41:467220,2943
244.9538,133.1281,4:26:41:470219,2936
253.3156,133.0697,4:26:41:474219,2935
262.1202,132.9532,4:26:41:478221,2945
271.4166,132.8949,4:26:41:482567,2961
281.2541,132.72,4:26:41:486566,2981
291.5097,132.5742,4:26:41:490565,3006
302.1588,132.4868,4:26:41:494565,3030
313.2506,132.2827,4:26:41:498221,3061
324.7605,132.1078,4:26:41:502577,3104
336.6638,131.8746,4:26:41:507307,3168
348.8869,131.6997,4:26:41:510321,3241
361.5035,131.4665,4:26:41:515332,3321
374.4153,131.2916,4:26:41:518321,3395
387.4991,131.1458,4:26:41:522317,3453
400.8535,130.9418,4:26:41:526316,3501
414.2817,130.8835,4:26:41:531130,3529
427.9312,130.7961,4:26:41:534137,3550
441.5562,130.7961,4:26:41:539004,3562
455.2057,130.7961,4:26:41:543015,3570
468.8799,130.7961,4:26:41:547014,3579
482.3572,130.7961,4:26:41:551025,3589
495.81,130.7961,4:26:41:555015,3596
508.9922,131.6705,4:26:41:559014,3603
522.0515,131.6705,4:26:41:562970,3609
534.9141,132.3701,4:26:41:566961,3605
547.4814,132.3701,4:26:41:570965,3609
559.7537,133.0697,4:26:41:574963,3612
571.6817,133.0697,4:26:41:579061,3614
583.3392,133.7402,4:26:41:583071,3620
594.6523,133.7402,4:26:41:586757,3624
605.7195,134.3232,4:26:41:590757,3620
616.3931,134.3232,4:26:41:594757,3639
626.5258,134.7605,4:26:41:598755,3683
636.5355,134.7605,4:26:41:602961,3744
646.0532,135.1394,4:26:41:606969,3827
655.1037,135.2852,4:26:41:610974,3898
663.7361,135.4017,4:26:41:614969,3953
671.9258,135.5184,4:26:41:618969,3987
679.5499,135.6349,4:26:41:622972,4001
686.6329,135.7807,4:26:41:626999,4005
693.1257,135.8681,4:26:41:631010,4002
698.9052,135.9556,4:26:41:634999,4000
704.1191,136.0722,4:26:41:638007,3998
708.7427,136.218,4:26:41:643052,3959
712.7023,136.3345,4:26:41:646055,3834
715.9979,136.3929,4:26:41:651052,3598
718.6048,136.4803,4:26:41:654054,3222
720.6707,136.5969,4:26:41:658991,2656
722.1709,136.6261,4:26:41:662001,1892
723.1792,136.6261,4:26:41:666457,1130
723.5481,136.6261,4:26:41:671394,508
723.5481,136.6261,4:26:41:674458,0
722.7119,136.6261,4:26:41:678394,0
721.4822,136.6261,4:26:41:682502,0
719.7115,135.7224,4:26:41:687393,0
717.3997,135.7224,4:26:41:690403,0
714.4484,134.4689,4:26:41:694998,0
710.9069,133.6236,4:26:41:698019,0
706.8735,132.6908,4:26:41:703009,0
702.3483,131.6705,4:26:41:706011,0
697.282,130.6212,4:26:41:711008,0
691.65,129.6009,4:26:41:714009,0
685.6246,128.6973,4:26:41:719007,0
685.6246,128.6973,4:26:41:736998,0
