145.1769,207.9561,4:21:52:532097,0
145.1769,207.9561,4:21:52:535614,0
143.898,206.3528,4:21:52:539617,0
143.1356,205.0411,4:21:52:543620,0
142.1765,203.2921,4:21:52:547614,0
141.0697,201.1933,4:21:52:551622,0
139.963,198.7447,4:21:52:555614,0
138.6104,195.9171,4:21:52:560259,0
137.1839,192.7398,4:21:52:563267,0
136.1756,189.8831,4:21:52:567271,0
135.1427,186.9973,4:21:52:571268,0
134.0113,184.0822,4:21:52:575284,0
132.9538,181.1964,4:21:52:579286,0
131.8717,178.4563,4:21:52:584158,0
130.6666,175.7162,4:21:52:588168,0
129.4861,173.1219,4:21:52:591986,0
128.3302,170.6149,4:21:52:596015,0
127.1251,168.0789,4:21:52:599996,0
125.92,165.7469,4:21:52:603995,0
124.7149,163.5315,4:21:52:606999,0
123.4852,161.4327,4:21:52:612008,0
122.2801,159.3047,4:21:52:615854,0
121.075,157.2059,4:21:52:619879,0
119.9191,155.1071,4:21:52:623853,0
118.8124,152.95,4:21:52:627882,0
117.6811,150.8804,4:21:52:631860,0
116.599,148.7525,4:21:52:635862,0
115.5906,146.537,4:21:52:639863,0
114.6561,144.4091,4:21:52:643863,0
113.6477,142.252,4:21:52:647839,0
112.7132,140.0658,4:21:52:651197,0
111.8524,137.9669,4:21:52:655768,0
110.8932,135.9265,4:21:52:660778,0
110.1308,133.9151,4:21:52:663801,0
109.3438,132.0786,4:21:52:667777,0
108.5568,130.3297,4:21:52:671777,0
107.7698,128.6973,4:21:52:675846,0
107.155,127.2106,4:21:52:679476,0
106.5647,125.928,4:21:52:683486,0
106.0237,124.762,4:21:52:687486,0
105.6302,123.7126,4:21:52:691486,0
105.2121,122.7506,4:21:52:695814,0
104.8678,121.7887,4:21:52:699753,0
104.6956,120.9142,4:21:52:703763,0
104.6218,120.0688,4:21:52:707764,0
104.6218,119.2526,4:21:52:711764,0
104.6218,118.3782,4:21:52:715764,0
104.6218,117.4454,4:21:52:719788,0
104.6218,116.5126,4:21:52:723772,0
105.5072,115.5214,4:21:52:727048,0
105.5072,114.5595,4:21:52:731051,0
106.2696,113.5101,4:21:52:735048,0
106.2696,112.4899,4:21:52:739048,0
107.0812,111.4405,4:21:52:743048,0
107.0812,110.3619,4:21:52:747782,0
107.7698,109.3125,4:21:52:751146,0
107.7698,108.1757,4:21:52:755750,1099
108.1879,107.1263,4:21:52:759759,1112
108.1879,106.0769,4:21:52:763760,1163
108.1879,105.1441,4:21:52:767761,1222
108.1879,104.3279,4:21:52:771758,1286
108.1879,103.6283,4:21:52:775763,1340
108.1879,103.1035,4:21:52:779837,1344
108.1879,102.6954,4:21:52:783848,1344
108.1879,102.4622,4:21:52:787842,1336
108.1879,102.3456,4:21:52:791858,1319
108.1879,102.3165,4:21:52:795853,1314
108.1879,102.3165,4:21:52:799853,1306
108.1879,102.3165,4:21:52:803853,1310
108.1879,102.3165,4:21:52:806853,1323
108.1879,103.0452,4:21:52:811984,1335
108.1879,103.0452,4:21:52:814994,1344
108.7536,103.9781,4:21:52:818997,1348
108.7536,104.5902,4:21:52:822992,1353
109.27,105.4064,4:21:52:826994,1348
109.27,106.3975,4:21:52:830997,1362
109.9095,107.5927,4:21:52:835443,1374
110.2538,108.9627,4:21:52:839987,1386
110.5981,110.4785,4:21:52:842961,1415
110.9424,112.1983,4:21:52:847958,1431
111.2375,114.0639,4:21:52:850961,1453
111.5327,116.1919,4:21:52:855785,1475
111.7786,118.3782,4:21:52:859298,1504
111.9999,120.5936,4:21:52:863299,1530
112.2459,122.8964,4:21:52:867298,1549
112.5656,125.2576,4:21:52:871324,1570
112.9345,127.7353,4:21:52:875298,1581
113.3772,130.2422,4:21:52:879255,1598
113.8937,132.8949,4:21:52:883310,1628
114.4593,135.6933,4:21:52:887410,1653
115.1233,138.754,4:21:52:891312,1677
115.8612,142.1062,4:21:52:895314,1706
116.6482,145.6917,4:21:52:899312,1720
117.4352,149.4229,4:21:52:903691,1726
118.2467,153.2415,4:21:52:907575,1735
118.9846,157.1768,4:21:52:911700,1738
119.747,161.0829,4:21:52:915573,1740
120.534,165.0181,4:21:52:919786,1758
121.2718,168.8951,4:21:52:924311,1792
121.985,172.9469,4:21:52:927323,1832
122.6982,177.1154,4:21:52:931323,1884
123.3623,181.4296,4:21:52:935319,1927
123.9525,185.8604,4:21:52:939386,1959
124.6165,190.4078,4:21:52:943321,1991
125.2314,195.0426,4:21:52:947842,2010
125.8708,199.8232,4:21:52:950879,2047
126.4857,204.6622,4:21:52:955894,2074
127.1251,209.5885,4:21:52:958900,2091
127.7645,214.5732,4:21:52:963779,2114
128.4286,219.5578,4:21:52:967329,2120
129.0926,224.5716,4:21:52:971937,2130
129.732,229.6437,4:21:52:974943,2141
130.3961,234.8615,4:21:52:979161,2170
131.0601,240.1669,4:21:52:983056,2197
131.7487,245.7345,4:21:52:987057,2226
132.3882,251.273,4:21:52:991055,2259
133.0768,256.7823,4:21:52:995338,2262
133.79,262.2625,4:21:52:999231,2268
134.454,267.7427,4:21:53:003231,2264
135.0689,273.2521,4:21:53:007231,2267
135.7083,278.9363,4:21:53:011822,2276
136.2986,284.6206,4:21:53:015338,2280
136.8888,290.1883,4:21:53:019339,2290
137.4545,295.6101,4:21:53:023337,2280
137.9218,300.9154,4:21:53:027337,2275
138.3398,306.1624,4:21:53:031338,2269
138.7579,311.3511,4:21:53:035446,2276
139.176,316.6273,4:21:53:039456,2288
139.5449,321.7285,4:21:53:043456,2297
139.9138,326.6549,4:21:53:047456,2309
140.3073,331.4355,4:21:53:051831,2299
140.6025,336.0995,4:21:53:055842,2294
141.0452,340.6177,4:21:53:059830,2288
141.4141,344.9611,4:21:53:062844,2276
141.8813,349.217,4:21:53:067894,2268
142.2748,353.2397,4:21:53:071893,2267
142.7421,357.0292,4:21:53:075893,2269
143.234,360.7896,4:21:53:078894,2275
143.7751,364.4333,4:21:53:083833,2287
144.3161,368.0479,4:21:53:087846,2290
144.8818,371.6042,4:21:53:091035,2288
145.5458,375.0439,4:21:53:096034,2291
146.2098,378.3961,4:21:53:099038,2290
146.9477,381.6318,4:21:53:103043,2290
147.6609,384.6342,4:21:53:107824,2291
148.3741,387.4035,4:21:53:111835,2287
149.1119,389.9104,4:21:53:115716,2282
149.8251,392.2424,4:21:53:119616,2280
150.5383,394.4286,4:21:53:123609,2279
151.2024,396.44,4:21:53:127610,2281
151.8418,398.2181,4:21:53:131809,2279
152.4566,399.8506,4:21:53:135828,2275
153.0715,401.308,4:21:53:139837,2265
153.6126,402.5906,4:21:53:143834,2251
154.1536,403.6983,4:21:53:147863,2237
154.6209,404.5437,4:21:53:151819,2228
155.0636,405.1559,4:21:53:155829,2227
155.4571,405.6223,4:21:53:159098,2230
155.826,405.9138,4:21:53:163830,2237
156.1703,405.9138,4:21:53:167853,2238
156.4654,405.9138,4:21:53:171832,2237
156.8589,404.8643,4:21:53:175849,2230
157.2278,403.9898,4:21:53:179843,2216
157.5968,402.7655,4:21:53:182843,2195
158.0148,401.2498,4:21:53:187841,2164
158.4821,399.3842,4:21:53:191848,2130
158.9002,397.2562,4:21:53:195833,2098
159.3429,394.8368,4:21:53:199844,2068
159.761,392.1841,4:21:53:203843,2041
160.1545,389.1234,4:21:53:207843,2012
160.4988,385.8003,4:21:53:211843,1989
160.8185,382.1856,4:21:53:214843,1976
161.0645,378.4253,4:21:53:220089,1969
161.2858,374.5483,4:21:53:223100,1967
161.4826,370.6131,4:21:53:227530,1971
161.5318,366.7361,4:21:53:231540,1964
161.5318,362.8592,4:21:53:235538,1960
161.5318,359.128,4:21:53:239538,1957
161.5318,355.4259,4:21:53:243673,1943
160.671,351.7822,4:21:53:247683,1932
160.1053,348.0801,4:21:53:251675,1918
159.3429,344.2324,4:21:53:255676,1919
158.4821,340.3846,4:21:53:259779,1929
157.4738,336.5076,4:21:53:263679,1933
156.3179,332.5724,4:21:53:267829,1938
155.039,328.6371,4:21:53:271839,1927
153.6863,324.7602,4:21:53:275689,1909
152.2599,320.7957,4:21:53:279689,1893
150.7843,316.773,4:21:53:283803,1873
149.2841,312.5463,4:21:53:287689,1857
147.8822,308.1447,4:21:53:291832,1854
146.5542,303.5973,4:21:53:295843,1859
145.2261,298.8749,4:21:53:299840,1862
143.9718,294.0944,4:21:53:303842,1864
142.7913,289.2263,4:21:53:307840,1847
141.66,284.2708,4:21:53:310842,1830
140.6025,279.2278,4:21:53:315834,1813
139.6187,274.2723,4:21:53:319861,1809
138.5366,269.3752,4:21:53:323788,1814
137.4791,264.5945,4:21:53:327790,1818
136.4953,259.9014,4:21:53:331807,1821
135.4132,255.354,4:21:53:335799,1818
134.3311,250.9523,4:21:53:339791,1803
133.1752,246.6964,4:21:53:343764,1792
131.8963,242.6738,4:21:53:347817,1792
130.519,238.9426,4:21:53:351777,1784
128.9696,235.2697,4:21:53:355797,1780
127.2727,231.6259,4:21:53:359787,1789
125.4281,228.0696,4:21:53:363786,1782
123.3868,224.659,4:21:53:367788,1764
121.2472,221.3942,4:21:53:371788,1743
119.0829,218.3335,4:21:53:375777,1707
116.8695,215.5351,4:21:53:379760,1674
114.6561,213.0573,4:21:53:383354,1646
112.3934,210.9294,4:21:53:387311,1627
110.1554,209.1512,4:21:53:391372,1607
107.942,207.548,4:21:53:395280,1591
105.6793,206.2654,4:21:53:399054,1589
103.3675,205.1868,4:21:53:402952,1578
100.9327,204.3707,4:21:53:407225,1570
98.3996,203.7876,4:21:53:411222,1569
95.79266,203.4379,4:21:53:415221,1565
93.08734,203.3212,4:21:53:419222,1564
90.45581,203.3212,4:21:53:423769,1561
87.72591,203.3212,4:21:53:427790,1560
85.06978,204.7787,4:21:53:431779,1554
82.43825,205.799,4:21:53:435792,1552
79.92969,207.1107,4:21:53:439788,1551
77.47031,208.7431,4:21:53:443778,1558
74.98634,210.6962,4:21:53:447841,1572
72.55156,213.1156,4:21:53:451418,1589
70.0676,215.914,4:21:53:455831,1606
67.58363,219.0331,4:21:53:459842,1614
65.14884,222.4728,4:21:53:463841,1625
62.73866,226.0874,4:21:53:467844,1635
60.32847,229.8769,4:21:53:471845,1635
58.06585,233.6955,4:21:53:475845,1643
55.99997,237.5434,4:21:53:479830,1646
54.20462,241.362,4:21:53:483351,1657
52.63063,245.0932,4:21:53:487797,1687
51.37634,248.8535,4:21:53:491778,1710
50.368,252.6139,4:21:53:495774,1731
49.70397,256.3451,4:21:53:499795,1747
49.35966,260.0471,4:21:53:503167,1762
49.31047,263.6617,4:21:53:507105,1780
49.31047,267.1889,4:21:53:511104,1793
50.12206,270.5703,4:21:53:515105,1803
50.98285,273.7185,4:21:53:519830,1802
52.13875,276.6043,4:21:53:523842,1801
53.56519,279.1404,4:21:53:527472,1808
55.21297,281.4724,4:21:53:531471,1816
57.0575,283.5421,4:21:53:535471,1824
59.12337,285.4368,4:21:53:539472,1834
61.26303,287.0692,4:21:53:543472,1842
63.45187,288.4101,4:21:53:548595,1857
65.66531,289.4886,4:21:53:551605,1877
67.85416,290.334,4:21:53:555721,1894
70.0676,290.9461,4:21:53:560622,1912
72.23184,291.3542,4:21:53:564605,1932
74.34691,291.5875,4:21:53:568604,1952
76.48656,291.6166,4:21:53:572607,1978
78.60162,291.6166,4:21:53:576626,2001
80.79047,291.6166,4:21:53:580957,2020
82.97931,290.6255,4:21:53:583981,2047
85.19275,289.8968,4:21:53:586965,2078
87.40619,288.964,4:21:53:590974,2111
89.64422,287.8563,4:21:53:594965,2139
91.85766,286.4862,4:21:53:599959,2161
93.99731,284.8538,4:21:53:602969,2176
96.13697,283.0465,4:21:53:606968,2184
98.15366,280.9768,4:21:53:610969,2192
100.1212,278.5865,4:21:53:615969,2194
102.0395,275.9339,4:21:53:618969,2190
103.884,272.9023,4:21:53:623764,2185
105.7777,269.4918,4:21:53:627797,2197
107.6223,265.9063,4:21:53:631774,2201
109.5652,262.1168,4:21:53:635775,2208
111.5818,258.2398,4:21:53:639787,2216
113.6723,254.2463,4:21:53:643784,2211
115.8366,250.1362,4:21:53:647833,2208
118.05,246.026,4:21:53:651873,2206
120.3618,241.8575,4:21:53:655824,2201
122.6736,237.6891,4:21:53:659834,2184
125.0592,233.4332,4:21:53:663100,2182
127.371,229.1481,4:21:53:667110,2171
129.6337,224.9214,4:21:53:671151,2165
131.8963,220.7821,4:21:53:675110,2164
134.1343,216.7303,4:21:53:679830,2152
136.3232,212.8824,4:21:53:683841,2143
138.635,209.1804,4:21:53:687831,2134
140.9714,205.7115,4:21:53:691851,2124
143.4308,202.3302,4:21:53:695842,2116
145.9393,199.007,4:21:53:699858,2115
148.5708,195.5965,4:21:53:703839,2119
151.2516,192.2734,4:21:53:707843,2129
154.0798,189.0086,4:21:53:711830,2143
157.0065,185.8604,4:21:53:714974,2141
159.9086,182.9454,4:21:53:719800,2138
162.8598,180.2345,4:21:53:723783,2129
165.8111,177.815,4:21:53:727783,2109
168.9099,175.7162,4:21:53:731791,2108
172.1808,173.9672,4:21:53:736249,2103
175.5502,172.568,4:21:53:739263,2096
179.0671,171.3728,4:21:53:743341,2095
182.6578,170.5275,4:21:53:747262,2093
186.2731,169.9445,4:21:53:751259,2089
189.8884,169.653,4:21:53:755260,2085
193.5282,169.5656,4:21:53:759839,2084
196.9959,169.5656,4:21:53:762849,2077
200.3407,170.3526,4:21:53:767830,2075
203.6117,171.1688,4:21:53:771841,2071
206.7843,172.2765,4:21:53:775841,2070
209.8831,173.6757,4:21:53:779841,2081
212.9573,175.4247,4:21:53:783841,2082
215.9577,177.4944,4:21:53:786844,2087
218.909,179.9721,4:21:53:791829,2090
221.811,182.7122,4:21:53:795840,2088
224.5655,185.6855,4:21:53:799860,2101
227.1725,188.8629,4:21:53:803841,2116
229.6073,192.2151,4:21:53:807840,2127
231.9191,195.7131,4:21:53:811841,2138
234.0833,199.1819,4:21:53:815832,2141
236.223,202.7674,4:21:53:819844,2147
238.2397,206.4111,4:21:53:823843,2166
240.2563,210.2589,4:21:53:827842,2179
242.1747,214.34,4:21:53:831845,2191
244.0192,218.5376,4:21:53:835843,2203
245.7408,222.8809,4:21:53:839867,2202
247.3639,227.2825,4:21:53:842874,2211
248.7658,231.7717,4:21:53:847841,2213
249.9955,236.2316,4:21:53:850890,2211
250.9546,240.7207,4:21:53:855775,2222
251.6187,245.2098,4:21:53:859217,2225
251.9876,249.6406,4:21:53:863855,2233
252.0122,254.1006,4:21:53:867861,2248
252.0122,258.5313,4:21:53:871860,2247
251.0776,262.8747,4:21:53:874861,2249
250.0447,267.1306,4:21:53:879862,2259
248.6428,271.1824,4:21:53:882860,2262
246.8475,275.1469,4:21:53:887111,2268
244.757,278.7323,4:21:53:891121,2276
242.2976,281.9971,4:21:53:895121,2286
239.5677,285.087,4:21:53:899122,2304
236.5427,287.9728,4:21:53:903830,2329
233.1979,290.6547,4:21:53:907840,2348
229.5581,293.2198,4:21:53:911447,2367
225.6723,295.5518,4:21:53:915447,2378
221.5405,297.6215,4:21:53:919446,2389
217.2366,299.4288,4:21:53:923447,2398
212.6868,300.9446,4:21:53:927710,2406
208.0877,302.0232,4:21:53:931720,2416
203.2919,302.6645,4:21:53:935722,2424
198.4224,302.8394,4:21:53:939741,2432
193.4298,302.8394,4:21:53:943719,2442
188.6587,301.9066,4:21:53:947718,2459
183.9612,300.8571,4:21:53:951838,2468
179.3376,299.3997,4:21:53:955851,2489
174.837,297.7672,4:21:53:959839,2500
170.4101,295.8434,4:21:53:963853,2505
166.1308,293.7737,4:21:53:967836,2512
161.999,291.6166,4:21:53:970844,2507
158.1378,289.4304,4:21:53:975846,2502
154.375,287.2441,4:21:53:979859,2500
150.7843,285.087,4:21:53:983846,2487
147.4395,282.959,4:21:53:986844,2459
144.3161,280.7728,4:21:53:991214,2412
141.4141,278.6448,4:21:53:995122,2328
138.8317,276.4878,4:21:53:999121,2198
136.5691,274.3307,4:21:54:003121,2013
134.577,272.2027,4:21:54:007777,1730
132.8554,270.0456,4:21:54:011144,1359
131.3552,267.8593,4:21:54:015455,895
130.1747,265.7022,4:21:54:019461,485
129.2893,263.5743,4:21:54:023947,190
128.6745,261.5338,4:21:54:026968,0
128.3548,259.6682,4:21:54:031076,0
128.3056,257.8609,4:21:54:035944,0
128.3056,256.1702,4:21:54:039700,0
128.9204,254.5378,4:21:54:043711,0
129.5845,253.022,4:21:54:047711,0
130.3961,251.5645,4:21:54:051711,0
131.429,250.1944,4:21:54:055791,0
132.7079,248.941,4:21:54:059317,0
134.3065,247.6001,4:21:54:063550,0
136.0526,246.3175,4:21:54:067545,0
138.1677,245.064,4:21:54:071600,0
140.7009,243.7814,4:21:54:075546,0
143.6767,242.5863,4:21:54:079864,0
147.046,241.3911,4:21:54:082871,0
150.8581,240.1669,4:21:54:087782,0
155.2603,238.9717,4:21:54:091793,0
160.1299,237.7182,4:21:54:095833,0
160.1299,237.7182,4:21:54:113947,0
292.4935,211.8913,4:21:54:175260,0
294.8053,211.8913,4:21:54:179286,0
297.4368,210.9585,4:21:54:183780,0
300.634,210.1423,4:21:54:187791,0
304.2493,209.1512,4:21:54:191791,0
308.4302,207.927,4:21:54:194788,0
313.1768,206.5569,4:21:54:199788,0
318.2677,204.9245,4:21:54:203791,0
323.8997,203.1172,4:21:54:207834,0
327.4904,201.5139,4:21:54:211845,0
331.1302,199.8232,4:21:54:215310,0
334.4504,198.1617,4:21:54:219208,0
337.5492,196.5293,4:21:54:223207,0
340.3529,194.8678,4:21:54:227208,0
342.6647,193.0896,4:21:54:231832,0
344.829,191.3698,4:21:54:235154,0
346.5013,189.679,4:21:54:239834,0
347.977,187.8134,4:21:54:242844,0
349.2067,186.1519,4:21:54:247844,0
350.1658,184.3446,4:21:54:250869,0
350.9036,182.479,4:21:54:255844,0
351.4201,180.6717,4:21:54:259135,0
351.8136,178.7769,4:21:54:263832,0
352.0349,176.853,4:21:54:267171,0
352.1579,174.9292,4:21:54:271274,0
352.2071,173.0052,4:21:54:275171,0
352.2071,171.0522,4:21:54:279239,0
352.2071,169.1866,4:21:54:283174,0
352.2071,167.4668,4:21:54:287832,0
352.2071,165.7469,4:21:54:290842,0
352.2071,164.1728,4:21:54:295832,0
352.2071,162.7153,4:21:54:299171,0
352.2071,161.4327,4:21:54:303834,0
352.2071,160.2667,4:21:54:307855,0
352.2071,159.3047,4:21:54:311843,0
352.2071,158.4594,4:21:54:314843,0
352.9203,157.7307,4:21:54:319844,0
352.9203,156.9436,4:21:54:323858,0
352.9203,155.9816,4:21:54:327832,2184
352.9203,155.0197,4:21:54:331157,2192
352.9203,154.0869,4:21:54:335834,2211
352.9203,153.1832,4:21:54:339845,2234
352.3546,152.3087,4:21:54:343842,2255
352.3546,151.4634,4:21:54:347866,2234
351.6414,150.7638,4:21:54:351843,2174
351.6414,150.3557,4:21:54:355845,2110
351.0512,150.3557,4:21:54:359837,2045
351.0512,150.3557,4:21:54:363848,2022
351.0512,151.7258,4:21:54:367833,2024
351.0512,152.9209,4:21:54:371884,2031
351.0512,154.3784,4:21:54:375884,2044
351.0512,156.1566,4:21:54:379886,2045
351.0512,158.3136,4:21:54:383883,2049
351.0512,160.7331,4:21:54:387883,2054
351.5431,163.3566,4:21:54:391883,2054
351.5431,166.155,4:21:54:395838,2062
351.5431,169.1283,4:21:54:399864,2084
351.5431,172.4805,4:21:54:403890,2100
352.0103,176.1534,4:21:54:407898,2119
352.0103,180.0887,4:21:54:411510,2147
352.0103,184.2572,4:21:54:415495,2173
352.4038,188.6297,4:21:54:419494,2209
352.4038,193.1479,4:21:54:423494,2253
352.9449,197.8994,4:21:54:427780,2296
353.3384,202.9131,4:21:54:431788,2356
353.8303,208.131,4:21:54:435797,2422
354.3713,213.5237,4:21:54:439798,2484
355.0108,219.004,4:21:54:443801,2558
355.724,224.5716,4:21:54:447794,2610
356.5356,230.285,4:21:54:452036,2659
357.3718,236.2025,4:21:54:455049,2719
358.2326,242.3822,4:21:54:459830,2765
359.118,248.7078,4:21:54:462842,2802
359.9295,254.8876,4:21:54:467858,2826
360.6919,261.0091,4:21:54:471842,2831
361.4297,267.1598,4:21:54:475841,2845
362.1922,273.3687,4:21:54:479841,2853
362.9054,279.8109,4:21:54:483773,2861
363.5694,286.2821,4:21:54:487182,2863
364.258,292.6368,4:21:54:491827,2852
364.8237,298.8167,4:21:54:495838,2843
365.3647,304.909,4:21:54:499838,2849
365.8566,311.0888,4:21:54:503854,2860
366.2255,317.3852,4:21:54:507838,2863
366.4715,323.6816,4:21:54:511837,2868
366.5945,329.7156,4:21:54:515828,2861
366.5945,335.4873,4:21:54:519839,2852
366.5945,341.0841,4:21:54:523838,2848
366.5945,346.5644,4:21:54:527839,2859
366.0042,351.8697,4:21:54:531838,2865
366.0042,357.0001,4:21:54:535857,2868
365.4139,361.7806,4:21:54:539049,2874
365.4139,366.1823,4:21:54:544081,2874
364.7499,370.2633,4:21:54:547838,2874
364.7499,374.0237,4:21:54:550872,2876
364.1843,377.5216,4:21:54:555773,2876
364.1843,380.5824,4:21:54:559785,2865
363.8153,383.2059,4:21:54:563831,2853
363.8153,385.3339,4:21:54:567841,2830
363.8153,386.9954,4:21:54:571841,2799
363.8153,388.2488,4:21:54:575839,2764
363.8153,389.1234,4:21:54:578841,2738
363.8153,389.7355,4:21:54:582844,2728
363.8153,390.027,4:21:54:587958,2723
363.8153,390.027,4:21:54:590967,2719
364.381,390.027,4:21:54:595299,2704
364.381,388.9485,4:21:54:599300,2678
364.8237,387.9573,4:21:54:603300,2650
364.8237,386.5873,4:21:54:607299,2617
365.4139,384.8383,4:21:54:611825,2582
365.4139,382.652,4:21:54:615364,2547
366.0534,380.0285,4:21:54:619363,2511
366.3977,377.0552,4:21:54:623364,2493
366.742,373.8196,4:21:54:627364,2480
367.0371,370.3799,4:21:54:631400,2471
367.3076,366.7653,4:21:54:636364,2466
367.5044,362.9758,4:21:54:641366,2446
367.652,359.0406,4:21:54:643363,2424
367.8241,354.9304,4:21:54:647393,2399
367.9471,350.6454,4:21:54:651363,2376
367.9963,346.1271,4:21:54:655821,2372
367.9963,341.4048,4:21:54:658831,2365
367.9963,336.6534,4:21:54:663528,2360
367.9963,331.6687,4:21:54:667537,2351
367.9963,326.5383,4:21:54:671586,2324
367.3814,321.2039,4:21:54:675537,2301
367.3814,315.6945,4:21:54:679534,2275
366.4715,310.1269,4:21:54:683534,2278
365.7828,304.705,4:21:54:687955,2284
365.0942,299.3122,4:21:54:691962,2286
364.1843,293.9194,4:21:54:695639,2293
363.1513,288.5558,4:21:54:699547,2276
361.9954,283.1339,4:21:54:703547,2260
360.7165,277.7412,4:21:54:707547,2252
359.3147,272.5525,4:21:54:711461,2259
357.7161,267.4804,4:21:54:715458,2263
355.9945,262.554,4:21:54:719457,2269
354.027,257.7151,4:21:54:723458,2266
351.912,252.9637,4:21:54:727049,2254
349.6002,248.3871,4:21:54:731059,2243
347.0916,243.9563,4:21:54:735437,2225
344.3863,239.7879,4:21:54:739448,2219
341.5334,235.8235,4:21:54:743617,2207
338.5822,231.9757,4:21:54:747626,2208
335.4833,228.3611,4:21:54:751630,2213
332.2616,224.9505,4:21:54:755628,2210
328.966,221.8315,4:21:54:759749,2212
325.4983,219.0914,4:21:54:763628,2208
321.9076,216.7303,4:21:54:767649,2202
318.2185,214.8355,4:21:54:771657,2201
314.3573,213.378,4:21:54:775947,2201
310.4961,212.3577,4:21:54:778958,2200
306.6349,211.7456,4:21:54:782960,2201
302.6753,211.4249,4:21:54:786960,2217
298.7895,211.4249,4:21:54:791957,2231
294.8791,211.4249,4:21:54:794958,2254
291.0424,212.8533,4:21:54:799956,2285
287.2304,214.1068,4:21:54:802958,2313
283.5168,215.8557,4:21:54:806958,2354
279.8769,217.9837,4:21:54:810958,2386
276.3354,220.5489,4:21:54:815777,2423
272.9414,223.4348,4:21:54:819786,2456
269.7934,226.6121,4:21:54:823785,2482
266.916,229.9352,4:21:54:827801,2516
264.3336,233.5498,4:21:54:831787,2541
262.1694,237.1353,4:21:54:835786,2568
260.374,240.7498,4:21:54:839790,2605
258.923,244.3936,4:21:54:843798,2634
257.9392,248.0082,4:21:54:847837,2662
257.3982,251.5936,4:21:54:850848,2682
257.3244,255.2374,4:21:54:855829,2684
257.3244,258.7937,4:21:54:858839,2686
258.7509,262.2917,4:21:54:863839,2690
260.2019,265.7022,4:21:54:867840,2692
262.1448,268.9379,4:21:54:871773,2701
264.6534,271.882,4:21:54:875789,2708
267.703,274.5347,4:21:54:879826,2714
271.1953,276.8667,4:21:54:883837,2723
275.1057,278.8781,4:21:54:887836,2725
279.385,280.5979,4:21:54:891837,2729
283.9102,282.0262,4:21:54:895837,2729
288.7552,283.1339,4:21:54:899846,2727
293.9199,284.0667,4:21:54:903830,2730
299.0846,284.7372,4:21:54:906847,2729
304.3231,285.2619,4:21:54:911451,2725
309.4632,285.5243,4:21:54:915451,2712
314.5049,285.6408,4:21:54:919451,2675
319.4974,285.6408,4:21:54:923454,2596
324.4162,285.6408,4:21:54:927451,2470
329.1382,284.8246,4:21:54:931454,2271
333.5404,284.8246,4:21:54:935443,1975
337.6968,283.3963,4:21:54:939453,1596
341.5088,282.5218,4:21:54:943629,1144
345.0011,281.4724,4:21:54:947669,675
348.2229,280.3064,4:21:54:951827,325
350.9774,278.9363,4:21:54:954837,0
353.2892,277.4206,4:21:54:958859,0
355.1338,275.7007,4:21:54:962837,0
356.5356,273.8059,4:21:54:966838,0
357.4456,271.7072,4:21:54:970840,0
357.9128,269.4043,4:21:54:975825,0
357.9128,266.9557,4:21:54:978836,0
357.9128,264.3322,4:21:54:983824,0
356.7323,261.7379,4:21:54:986835,0
355.5764,259.0852,4:21:54:991835,0
354.0762,256.4617,4:21:54:995835,0
352.33,253.8382,4:21:54:999832,0
350.2888,251.273,4:21:55:002835,0
348.0508,248.7952,4:21:55:007828,0
345.6406,246.3758,4:21:55:011838,0
342.9844,244.1313,4:21:55:015950,0
340.1808,241.8284,4:21:55:018961,0
337.2295,239.6422,4:21:55:022963,0
334.1799,237.5142,4:21:55:026961,0
331.1057,235.4154,4:21:55:031033,0
328.056,233.4332,4:21:55:034961,0
325.0556,231.5093,4:21:55:039053,0
322.0797,229.702,4:21:55:043081,0
319.2761,227.9821,4:21:55:047826,0
316.5953,226.3206,4:21:55:051837,0
314.0376,224.8048,4:21:55:055825,0
311.6274,223.4056,4:21:55:059278,0
309.3156,222.2979,4:21:55:063454,0
307.1267,221.1028,4:21:55:067400,0
305.1592,219.9659,4:21:55:071443,0
303.2163,218.7416,4:21:55:075400,2617
301.3718,217.5464,4:21:55:079824,2645
299.5519,216.4679,4:21:55:083834,2684
297.9287,215.5351,4:21:55:087835,2721
296.576,214.8064,4:21:55:091846,2759
295.4201,214.1359,4:21:55:095846,2767
294.4118,213.8444,4:21:55:099852,2771
293.5264,213.8444,4:21:55:103846,2781
292.9116,214.6315,4:21:55:107846,2794
292.5919,215.7975,4:21:55:110931,2807
292.5427,217.5464,4:21:55:116941,2819
292.5427,219.7619,4:21:55:120947,2827
292.5427,222.4436,4:21:55:122957,2836
293.2313,225.4753,4:21:55:127957,2842
293.2313,228.9149,4:21:55:131268,2828
294.215,232.6461,4:21:55:135279,2802
294.8545,236.7563,4:21:55:139277,2766
295.4939,240.983,4:21:55:143278,2731
296.2317,245.3847,4:21:55:147777,2694
296.9449,249.9321,4:21:55:151799,2651
297.5844,254.5378,4:21:55:155789,2599
298.273,259.0852,4:21:55:160129,2535
298.937,263.516,4:21:55:163135,2476
299.6011,267.7719,4:21:55:167135,2407
300.3143,271.8529,4:21:55:171503,2311
301.0029,275.6715,4:21:55:175502,2178
301.6915,279.1404,4:21:55:179501,1993
302.3802,282.2303,4:21:55:183501,1732
303.1917,284.9995,4:21:55:187921,1403
304.0034,287.5064,4:21:55:191929,1002
304.9133,289.6927,4:21:55:194994,590
305.8971,291.5,4:21:55:198931,278
307.0038,292.9283,4:21:55:203929,0
308.2089,293.8903,4:21:55:206934,0
309.5369,294.3275,4:21:55:211828,0
310.9634,294.3275,4:21:55:215183,0
312.4882,293.5988,4:21:55:219262,0
314.1114,292.3162,4:21:55:223188,0
315.8575,290.4506,4:21:55:227185,0
317.6529,288.0603,4:21:55:231185,0
319.522,285.2328,4:21:55:235772,0
321.4403,282.0262,4:21:55:239296,0
323.4078,278.5283,4:21:55:243824,0
325.3261,274.7679,4:21:55:247157,0
327.3674,270.8326,4:21:55:251793,0
329.3841,266.8974,4:21:55:255749,0
331.4008,262.7873,4:21:55:259750,0
333.4912,258.7062,4:21:55:263748,0
335.5571,254.6835,4:21:55:267749,0
337.5984,250.6317,4:21:55:271756,0
339.6643,246.7256,4:21:55:275825,0
341.7302,242.7903,4:21:55:279835,0
343.6977,238.9717,4:21:55:283777,0
345.6406,235.0656,4:21:55:287252,0
347.4851,231.2469,4:21:55:291864,0
349.2067,227.4283,4:21:55:295887,0
350.8298,223.5222,4:21:55:299341,0
352.33,219.6161,4:21:55:303263,0
353.6581,215.71,4:21:55:307824,0
354.8386,211.7456,4:21:55:311835,0
355.9699,207.8978,4:21:55:315772,0
356.9537,204.1083,4:21:55:319838,0
357.9128,200.4937,4:21:55:323850,0
358.7244,196.9374,4:21:55:326850,0
359.4131,193.6434,4:21:55:331850,0
359.9295,190.4953,4:21:55:334850,0
360.3476,187.4637,4:21:55:339856,0
360.569,184.6361,4:21:55:342863,0
360.5936,181.9252,4:21:55:347835,0
360.5936,179.4182,4:21:55:351350,0
360.5936,177.1445,4:21:55:355830,0
359.6098,174.8708,4:21:55:359173,0
358.9458,172.568,4:21:55:363212,0
358.0604,170.1194,4:21:55:367173,2326
357.0767,167.6708,4:21:55:371206,2339
355.9207,165.1931,4:21:55:375173,2365
354.6665,162.657,4:21:55:379840,2391
353.3384,159.9169,4:21:55:383852,2418
351.9857,156.8853,4:21:55:387780,2429
350.4363,153.912,4:21:55:391264,2437
348.9115,151.0262,4:21:55:395778,2440
347.3867,148.1986,4:21:55:399786,2438
345.8619,145.4294,4:21:55:403786,2439
344.3617,142.6601,4:21:55:407789,2427
342.8123,139.8909,4:21:55:411787,2418
341.2629,137.1799,4:21:55:415788,2410
339.6643,134.4981,4:21:55:419823,2404
338.1149,131.7289,4:21:55:423847,2395
336.5163,128.7847,4:21:55:427833,2386
334.9423,125.5199,4:21:55:430833,2379
333.3929,121.9636,4:21:55:436054,2390
331.8927,118.2616,4:21:55:439064,2414
330.5154,114.4429,4:21:55:443063,2459
329.2119,110.5659,4:21:55:447064,2530
328.0068,106.6599,4:21:55:451066,2600
326.9247,102.812,4:21:55:455064,2677
325.9164,98.96425,4:21:55:459778,2744
325.1048,95.2622,4:21:55:463023,2789
324.4162,91.6476,4:21:55:467832,2823
323.8997,87.94555,4:21:55:470843,2853
323.5308,84.09775,4:21:55:475778,2885
323.334,80.2791,4:21:55:479146,2907
323.334,76.5479,4:21:55:483833,2920
323.334,72.84585,4:21:55:487860,2925
323.334,69.28955,4:21:55:491843,2916
324.4899,65.90815,4:21:55:494843,2911
325.2769,62.75995,4:21:55:499843,2908
326.2115,59.8741,4:21:55:503844,2897
327.2444,57.2506,4:21:55:508073,2891
328.4987,54.6854,4:21:55:511084,2876
329.9006,52.2368,4:21:55:515082,2856
331.4745,49.9048,4:21:55:519082,2839
333.2453,47.6311,4:21:55:523083,2807
335.139,45.44485,4:21:55:528081,2782
337.1803,43.40435,4:21:55:531793,2750
339.32,41.53875,4:21:55:535820,2721
341.6564,39.9355,4:21:55:539827,2707
344.1158,38.56545,4:21:55:543809,2690
346.5505,37.51605,4:21:55:547803,2682
349.0345,36.8456,4:21:55:551805,2678
351.5185,36.58325,4:21:55:555936,2670
353.9041,36.58325,4:21:55:558969,2671
356.2651,36.58325,4:21:55:562946,2673
358.5769,38.21565,4:21:55:566947,2674
360.8149,39.61485,4:21:55:570947,2675
363.1267,41.3347,4:21:55:574949,2673
365.4139,43.3752,4:21:55:579692,2673
367.6766,45.73635,4:21:55:584664,2675
369.9638,48.3307,4:21:55:587720,2679
372.2264,51.1291,4:21:55:591748,2685
374.5628,54.24815,4:21:55:596116,2687
376.85,57.57125,4:21:55:599127,2703
379.0881,61.3899,4:21:55:603140,2721
381.2523,65.61665,4:21:55:607137,2746
383.3674,70.16405,4:21:55:611126,2776
385.4333,75.0321,4:21:55:615124,2791
387.327,80.1042,4:21:55:619281,2801
389.1223,85.4678,4:21:55:623280,2822
390.7947,91.3561,4:21:55:628281,2844
392.4179,97.68165,4:21:55:633277,2860
393.9673,104.1238,4:21:55:635277,2880
395.3937,110.5951,4:21:55:639277,2881
396.6972,117.2122,4:21:55:643279,2899
397.9023,124.3248,4:21:55:647776,2921
399.009,131.9329,4:21:55:651804,2938
400.1157,139.7742,4:21:55:655826,2952
401.0503,147.499,4:21:55:658838,2945
401.8865,155.2529,4:21:55:664121,2958
402.6489,163.2983,4:21:55:667134,2973
403.2637,171.5769,4:21:55:671825,2986
403.8294,179.9429,4:21:55:675836,3000
404.2721,188.1049,4:21:55:679836,3017
404.6164,196.3253,4:21:55:683836,3035
404.8623,204.6913,4:21:55:687950,3056
405.0345,213.1156,4:21:55:690961,3090
405.1574,221.4234,4:21:55:694960,3119
405.2066,229.5854,4:21:55:698963,3184
405.2312,237.8349,4:21:55:702958,3262
405.2558,246.1134,4:21:55:706957,3337
405.2558,254.3046,4:21:55:710955,3395
405.305,262.2043,4:21:55:714957,3438
405.3542,269.8707,4:21:55:719771,3467
405.4526,277.508,4:21:55:723279,3485
405.5017,285.1453,4:21:55:727280,3497
405.6001,292.4328,4:21:55:731277,3485
405.6985,299.2539,4:21:55:735335,3461
405.7723,305.7252,4:21:55:739277,3418
405.8215,311.9925,4:21:55:743781,3324
405.8215,318.0556,4:21:55:747836,3150
405.8215,323.7982,4:21:55:751770,2883
405.8215,329.0161,4:21:55:755527,2464
405.8215,333.7675,4:21:55:759641,1830
405.8215,338.0234,4:21:55:763596,1137
405.8215,341.7838,4:21:55:767600,552
405.1082,345.0486,4:21:55:771598,0
405.1082,347.6429,4:21:55:775825,0
404.641,349.4211,4:21:55:779230,0
404.641,350.4413,4:21:55:783260,0
404.641,350.7911,4:21:55:787288,0
404.641,350.7911,4:21:55:791823,0
404.641,349.5959,4:21:55:795833,0
405.7231,348.2259,4:21:55:799833,0
406.8052,346.4478,4:21:55:803834,0
408.2317,344.2615,4:21:55:807831,0
410.1008,341.7838,4:21:55:811139,0
412.4126,339.0728,4:21:55:815140,0
415.1425,336.0995,4:21:55:819770,0
418.1429,332.8347,4:21:55:823151,0
421.4631,329.3367,4:21:55:827823,0
425.0046,325.693,4:21:55:831834,0
428.6199,321.8452,4:21:55:835833,0
432.3335,317.9391,4:21:55:839837,0
436.0226,313.8872,4:21:55:843833,0
439.6871,309.6605,4:21:55:847839,0
443.3023,305.4337,4:21:55:851833,0
446.893,300.8863,4:21:55:854833,0
450.2624,296.0765,4:21:55:859992,0
453.6809,291.0627,4:21:55:863508,0
457.0748,285.9323,4:21:55:867513,0
460.395,280.4521,4:21:55:871508,0
463.7151,274.8553,4:21:55:875526,0
466.7894,268.9088,4:21:55:879508,0
469.962,262.7581,4:21:55:883691,0
472.864,256.6657,4:21:55:887722,0
475.9137,250.7191,4:21:55:891655,0
478.7173,244.7142,4:21:55:895585,0
481.4472,238.6802,4:21:55:899190,0
484.1034,232.8502,4:21:55:903163,0
486.5873,226.8453,4:21:55:907230,0
488.9975,221.0736,4:21:55:911163,0
491.1372,215.4476,4:21:55:915703,0
493.1539,209.9966,4:21:55:919736,0
494.7525,204.6622,4:21:55:923690,0
496.1543,199.2986,4:21:55:927744,0
497.384,194.0807,4:21:55:931823,0
498.3677,188.8629,4:21:55:935787,0
499.1302,183.9073,4:21:55:939800,0
499.8188,179.1559,4:21:55:942801,0
500.2861,174.521,4:21:55:947702,0
500.7779,170.0903,4:21:55:951734,0
501.2698,165.8344,4:21:55:955691,0
501.7863,161.8699,4:21:55:958967,0
502.3028,158.0804,4:21:55:963862,0
502.77,154.5824,4:21:55:967869,0
503.3849,151.2885,4:21:55:971870,0
503.9751,148.1403,4:21:55:974883,0
504.6146,145.2545,4:21:55:979880,0
505.254,142.5726,4:21:55:982883,0
505.8934,140.1823,4:21:55:987881,0
506.5821,138.1127,4:21:55:990880,0
507.2707,136.3929,4:21:55:995886,0
507.8363,135.1394,4:21:55:998892,0
508.5004,133.9442,4:21:56:003822,0
509.0906,132.6908,4:21:56:007160,0
509.7055,131.4665,4:21:56:011178,3013
510.2465,130.2422,4:21:56:015175,3049
510.7138,129.1053,4:21:56:019175,3088
511.1073,127.9685,4:21:56:023178,3125
511.5254,126.8608,4:21:56:027624,3151
512.0173,125.6656,4:21:56:031632,3126
512.5338,124.8786,4:21:56:035634,3086
513.2224,124.5871,4:21:56:039633,3048
514.0585,124.5871,4:21:56:043648,3025
515.1161,124.5871,4:21:56:047658,3013
516.4196,126.0446,4:21:56:051833,3015
518.0181,127.1814,4:21:56:054846,3016
519.7643,128.6681,4:21:56:059832,3009
521.7318,130.5629,4:21:56:063368,3011
523.7731,132.9532,4:21:56:067352,3026
525.839,135.8098,4:21:56:071350,3043
527.9294,139.2204,4:21:56:075350,3065
529.9953,143.0974,4:21:56:079352,3080
531.9874,147.4407,4:21:56:083929,3080
533.8811,152.1047,4:21:56:086927,3076
535.6273,157.0602,4:21:56:090939,3080
537.2259,162.1906,4:21:56:094932,3099
538.6277,167.6416,4:21:56:099833,3119
539.8574,173.2093,4:21:56:103843,3138
540.8903,178.6895,4:21:56:107296,3151
541.6774,184.1114,4:21:56:111293,3143
542.1938,189.3875,4:21:56:115292,3144
542.5381,194.5471,4:21:56:119293,3145
542.6365,199.6192,4:21:56:123776,3161
542.6365,204.6622,4:21:56:127801,3184
542.6365,209.5593,4:21:56:133785,3205
541.3822,214.2233,4:21:56:135803,3224
540.3985,218.6833,4:21:56:139788,3230
539.0704,223.0558,4:21:56:143788,3236
537.4472,227.2825,4:21:56:146798,3239
535.5535,231.3636,4:21:56:151825,3241
533.3155,235.2113,4:21:56:155847,3248
530.8069,238.8259,4:21:56:159835,3251
528.1016,242.1782,4:21:56:163837,3245
525.1503,245.1515,4:21:56:166966,3255
521.8548,248.0082,4:21:56:171004,3256
518.4608,250.7191,4:21:56:175007,3260
514.7964,253.3135,4:21:56:178976,3268
510.9597,255.7621,4:21:56:183824,3262
507.0002,258.0358,4:21:56:187835,3250
502.893,260.1929,4:21:56:191833,3231
498.6875,262.1168,4:21:56:195835,3205
494.4327,263.8366,4:21:56:199772,3177
490.2272,265.2358,4:21:56:203780,3147
485.9725,266.3144,4:21:56:207783,3116
481.8162,267.0432,4:21:56:211786,3090
477.832,267.4804,4:21:56:215822,3069
474.0199,267.6844,4:21:56:219833,3058
470.4539,267.6844,4:21:56:223824,3054
467.2075,267.6844,4:21:56:227835,3057
464.3054,266.7225,4:21:56:230885,3066
461.8214,266.0521,4:21:56:235837,3105
459.9031,265.265,4:21:56:239852,3168
458.4029,264.4779,4:21:56:243838,3247
457.2716,263.6617,4:21:56:247832,3338
456.5584,262.8747,4:21:56:251867,3405
456.1157,262.2043,4:21:56:255951,3444
455.9189,261.6504,4:21:56:258963,3467
455.9189,261.6504,4:21:56:262964,3471
455.9189,261.184,4:21:56:266962,3469
457.124,261.184,4:21:56:270963,3479
458.0586,261.971,4:21:56:274962,3489
459.2883,262.9038,4:21:56:279822,3497
460.8377,264.1865,4:21:56:283832,3511
462.756,265.9063,4:21:56:287953,3511
465.117,267.976,4:21:56:290964,3513
467.6747,270.3371,4:21:56:295963,3517
470.5768,272.9897,4:21:56:299963,3513
473.7002,275.963,4:21:56:303027,3517
476.9466,279.1987,4:21:56:306964,3525
480.4389,282.6967,4:21:56:311826,3531
484.128,286.5445,4:21:56:315853,3544
488.0138,290.713,4:21:56:319834,3549
491.998,295.0563,4:21:56:323853,3546
496.1789,299.5746,4:21:56:326850,3542
500.5566,304.2094,4:21:56:331857,3533
505.0081,308.8734,4:21:56:335441,3523
509.6563,313.5666,4:21:56:339879,3528
514.5012,318.2888,4:21:56:343723,3538
519.4938,322.8946,4:21:56:347493,3545
524.683,327.3836,4:21:56:351824,3556
529.9215,331.7853,4:21:56:354835,3555
535.2092,336.0121,4:21:56:359834,3546
540.4722,340.1222,4:21:56:363835,3541
545.9075,344.0574,4:21:56:367834,3537
551.3181,347.8178,4:21:56:371835,3518
556.6058,351.3449,4:21:56:375823,3485
561.7704,354.6097,4:21:56:379833,3427
566.5908,357.583,4:21:56:383824,3318
571.1652,360.4398,4:21:56:387835,3147
575.4692,363.1798,4:21:56:391769,2909
579.3796,365.7451,4:21:56:395281,2584
582.7735,368.1353,4:21:56:399286,2123
585.6509,370.2633,4:21:56:403281,1527
588.012,372.0706,4:21:56:407375,915
589.7335,373.5573,4:21:56:411284,414
590.914,374.7232,4:21:56:415768,0
591.4797,375.3646,4:21:56:419779,0
591.4797,375.4811,4:21:56:423776,0
590.5451,375.4811,4:21:56:427779,0
589.1433,373.8196,4:21:56:431779,0
586.979,372.1581,4:21:56:435777,0
584.2491,369.8552,4:21:56:439849,0
580.9044,367.0276,4:21:56:443365,0
577.0186,363.7046,4:21:56:447821,0
572.7147,359.9734,4:21:56:451163,0
567.8943,355.8632,4:21:56:455242,0
562.6312,351.3449,4:21:56:459165,0
556.9747,346.5935,4:21:56:463165,0
550.9984,341.4048,4:21:56:467168,0
544.5302,335.9537,4:21:56:471826,0
537.5948,330.2695,4:21:56:475836,0
530.2413,324.4978,4:21:56:479823,0
522.5926,318.4929,4:21:56:483168,0
513.9848,312.4005,4:21:56:487232,0
217.3104,150.9095,4:21:56:595801,0
214.851,150.9095,4:21:56:599801,0
211.6046,149.4229,4:21:56:603801,0
207.5467,148.1986,4:21:56:606801,0
202.6525,146.7702,4:21:56:612147,0
196.873,145.1378,4:21:56:615157,0
190.2081,143.2139,4:21:56:619825,0
182.8299,141.0569,4:21:56:622835,0
174.6894,138.754,4:21:56:627837,0
168.3688,136.8884,4:21:56:631835,0
162.1958,135.2269,4:21:56:635834,0
156.1703,133.6819,4:21:56:638838,0
150.44,132.3701,4:21:56:645865,0
145.1769,131.2041,4:21:56:646864,0
140.3073,130.3005,4:21:56:651865,0
135.7575,129.6301,4:21:56:654866,0
131.6012,129.1345,4:21:56:659866,0
127.6662,128.843,4:21:56:662866,0
124.1247,128.5806,4:21:56:667988,0
121.0504,128.26,4:21:56:670998,0
118.2467,127.8811,4:21:56:675066,2020
115.689,127.4729,4:21:56:679084,2069
113.4756,127.0357,4:21:56:683103,2118
111.5327,126.5984,4:21:56:687068,2166
110.0078,126.1029,4:21:56:691841,2214
108.8519,125.549,4:21:56:695847,2202
107.9912,125.141,4:21:56:699461,2177
107.3763,124.8786,4:21:56:703461,2152
107.0812,124.8203,4:21:56:707461,2132
107.0812,124.8203,4:21:56:711461,2124
107.0812,124.8203,4:21:56:715782,2128
108.3847,124.8203,4:21:56:719793,2143
109.6143,125.6365,4:21:56:723796,2152
111.3359,125.6365,4:21:56:727794,2164
113.6723,126.2778,4:21:56:731812,2177
116.6236,126.2778,4:21:56:735831,2179
120.1405,126.8608,4:21:56:739606,2186
124.1984,126.8608,4:21:56:743616,2195
128.7729,126.8608,4:21:56:747834,2207
134.0605,126.8608,4:21:56:750871,2221
139.8893,126.8608,4:21:56:755869,2228
146.1607,126.8608,4:21:56:758872,2231
152.801,126.8608,4:21:56:763920,2228
159.9823,125.6948,4:21:56:766920,2223
167.6802,125.1118,4:21:56:771821,2225
175.7715,124.3248,4:21:56:775832,2222
184.4039,123.392,4:21:56:779820,2226
193.3561,122.3717,4:21:56:783843,2242
202.6525,121.2057,4:21:56:787831,2259
212.2932,119.9231,4:21:56:791832,2282
222.4013,118.5239,4:21:56:795830,2324
232.6569,117.0081,4:21:56:798832,2369
243.2076,115.3757,4:21:56:803768,2418
254.201,113.7141,4:21:56:807781,2477
265.2928,112.0526,4:21:56:811777,2530
276.6305,110.4493,4:21:56:815800,2576
288.2633,108.9044,4:21:56:819778,2618
299.97,107.4177,4:21:56:823779,2647
311.775,105.9603,4:21:56:827742,2665
323.7275,104.6777,4:21:56:831751,2681
335.7539,103.4825,4:21:56:835780,2693
347.854,102.4622,4:21:56:839753,2709
360.0033,101.442,4:21:56:843756,2714
372.1034,100.5384,4:21:56:847753,2718
384.0806,99.66385,4:21:56:851959,2721
396.0823,98.90595,4:21:56:854982,2721
407.9857,98.2355,4:21:56:859853,2728
419.7169,97.62335,4:21:56:863860,2731
431.2514,97.0695,4:21:56:867873,2744
442.5645,96.57395,4:21:56:870859,2767
453.558,96.10755,4:21:56:876244,2802
464.1332,95.6703,4:21:56:879269,2849
474.5364,95.2622,4:21:56:883769,2895
484.4723,94.9124,4:21:56:887782,2935
493.8179,94.53345,4:21:56:891777,2973
502.7455,94.18365,4:21:56:895783,3009
511.1565,93.863,4:21:56:899779,3046
518.9527,93.54235,4:21:56:903779,3093
526.2079,93.2217,4:21:56:907322,3133
532.7744,92.9302,4:21:56:911328,3163
538.554,92.7553,4:21:56:915812,3191
543.694,92.5221,4:21:56:919824,3195
548.2193,92.37635,4:21:56:923823,3198
552.1051,92.25975,4:21:56:927823,3196
555.3269,92.2306,4:21:56:931822,3163
557.983,92.2306,4:21:56:935822,3088
560.0735,92.2306,4:21:56:939342,2932
561.7213,92.2306,4:21:56:943355,2672
563.0001,92.2306,4:21:56:948366,2254
563.8855,92.2306,4:21:56:951352,1678
564.525,92.2306,4:21:56:955351,1033
564.8693,92.2306,4:21:56:959351,498
564.8693,92.95935,4:21:56:963820,0
564.8693,92.95935,4:21:56:966833,0
563.8117,92.95935,4:21:56:972067,0
562.7788,92.95935,4:21:56:975078,0
561.4507,91.7642,4:21:56:979121,0
559.6554,90.8314,4:21:56:983077,0
557.4666,89.63625,4:21:56:987076,0
554.7858,88.2662,4:21:56:991077,0
551.81,86.6338,4:21:56:995820,0
551.81,86.6338,4:21:57:013161,0
