317.9972,191.3989,5:01:39:101468,0
317.9972,191.3989,5:01:39:104445,0
319.0547,191.3989,5:01:39:108751,0
319.0547,191.3989,5:01:39:112275,0
319.8417,191.3989,5:01:39:116287,0
319.8417,191.3989,5:01:39:120263,0
319.8417,191.3989,5:01:39:124264,0
319.8417,191.3989,5:01:39:129031,0
319.8417,191.3989,5:01:39:132427,0
318.735,191.3989,5:01:39:136605,0
317.5791,192.4483,5:01:39:140631,0
316.3248,192.4483,5:01:39:144632,0
315.1197,193.2937,5:01:39:148628,0
313.8409,193.2937,5:01:39:152627,0
312.562,193.9058,5:01:39:157173,0
311.3323,193.9058,5:01:39:161062,0
310.1272,193.9058,5:01:39:164599,0
308.9221,194.343,5:01:39:168598,0
307.7908,194.343,5:01:39:172595,0
306.5857,194.343,5:01:39:176617,0
305.5528,194.343,5:01:39:180596,0
304.446,194.343,5:01:39:185268,0
303.5115,194.343,5:01:39:188629,0
302.6507,194.343,5:01:39:192630,0
301.8637,194.343,5:01:39:196629,0
301.2488,194.343,5:01:39:200634,0
300.7816,194.343,5:01:39:204739,0
300.4373,194.343,5:01:39:208176,0
300.1175,194.343,5:01:39:212186,0
299.97,194.343,5:01:39:216186,0
299.847,194.343,5:01:39:220188,0
299.7732,194.343,5:01:39:224740,0
299.7732,194.343,5:01:39:228740,0
299.7732,194.343,5:01:39:231751,0
299.7732,194.343,5:01:39:236750,0
299.7732,194.343,5:01:39:240750,0
300.5602,194.343,5:01:39:244764,0
300.5602,195.1884,5:01:39:247750,0
301.1996,195.1884,5:01:39:252738,0
301.6669,196.1795,5:01:39:256740,0
302.1342,196.8208,5:01:39:260750,0
302.6753,197.5204,5:01:39:264766,0
303.3147,198.3658,5:01:39:267750,0
303.9788,199.3277,5:01:39:272770,0
304.692,200.3188,5:01:39:276750,0
305.479,201.3974,5:01:39:280748,0
306.2906,202.5925,5:01:39:284665,0
307.0038,203.8168,5:01:39:288413,0
307.7908,205.0994,5:01:39:292423,0
308.4548,206.4695,5:01:39:296423,0
309.1434,207.8103,5:01:39:300425,0
309.8075,209.1512,5:01:39:304740,0
310.3731,210.5213,5:01:39:309012,0
310.9388,211.8331,5:01:39:312022,0
311.4307,213.1448,5:01:39:316025,0
311.8979,214.2525,5:01:39:320025,0
312.316,215.3019,5:01:39:325214,0
312.6849,216.2639,5:01:39:328227,0
313.0292,217.1384,5:01:39:332743,0
313.3736,217.9545,5:01:39:335753,0
313.7179,218.6541,5:01:39:339767,0
314.0868,219.208,5:01:39:344773,0
314.5049,219.7327,5:01:39:348752,0
314.8984,220.1991,5:01:39:352700,0
315.3657,220.578,5:01:39:356587,0
315.9067,220.8112,5:01:39:360597,0
316.4724,220.9861,5:01:39:364597,0
317.0872,220.9861,5:01:39:368688,0
317.7513,220.9861,5:01:39:372914,0
318.3907,220.9861,5:01:39:376923,0
319.0793,220.1991,5:01:39:379935,0
319.8417,220.1991,5:01:39:383931,0
320.6041,219.2372,5:01:39:389079,0
321.4403,218.6541,5:01:39:392116,0
322.3011,217.9254,5:01:39:396116,0
323.2111,217.1384,5:01:39:400087,0
324.1456,216.293,5:01:39:404087,0
325.1048,215.3311,5:01:39:408922,0
326.1869,214.34,5:01:39:412965,0
327.2444,213.2614,5:01:39:416046,0
328.3266,212.0371,5:01:39:420046,0
329.4579,210.8419,5:01:39:424046,0
330.5892,209.5885,5:01:39:428046,0
331.7697,208.3351,5:01:39:432046,0
332.9748,207.1107,5:01:39:436615,0
334.2291,205.799,5:01:39:440624,0
335.4096,204.5455,5:01:39:444678,0
336.6393,203.3795,5:01:39:448625,0
337.8689,202.1844,5:01:39:452893,0
339.0248,201.0767,5:01:39:455902,0
340.107,199.9982,5:01:39:460902,0
341.1645,199.007,5:01:39:463905,0
342.1483,198.0742,5:01:39:468014,0
343.0336,197.2289,5:01:39:472717,0
343.919,196.471,5:01:39:476653,0
344.706,195.8297,5:01:39:480661,0
345.4192,195.1884,5:01:39:484661,0
346.0833,194.6346,5:01:39:488661,0
346.6243,194.1973,5:01:39:491837,0
347.1654,193.7309,5:01:39:495847,0
347.6327,193.3811,5:01:39:499883,0
348.0508,193.0313,5:01:39:503847,0
348.3951,192.7398,5:01:39:508685,0
348.7394,192.4774,5:01:39:511864,0
349.0099,192.2151,5:01:39:516680,0
349.2804,191.9527,5:01:39:520691,0
349.5756,191.7778,5:01:39:524693,0
349.8953,191.5446,5:01:39:528705,0
350.1904,191.3698,5:01:39:532690,0
350.5347,191.1949,5:01:39:536695,0
350.9036,191.0491,5:01:39:540678,0
351.2971,190.845,5:01:39:544355,0
351.7152,190.7576,5:01:39:548730,0
352.2071,190.641,5:01:39:552741,0
352.6744,190.5244,5:01:39:556741,0
353.1663,190.437,5:01:39:560740,0
353.6581,190.4078,5:01:39:563738,0
354.1746,190.3495,5:01:39:568728,0
354.6419,190.2912,5:01:39:571739,0
355.1092,190.2912,5:01:39:576739,0
355.5027,190.2912,5:01:39:579737,0
355.8716,190.2912,5:01:39:584738,0
356.0929,190.2912,5:01:39:587736,1336
356.2896,190.2912,5:01:39:592680,1352
356.4126,190.2912,5:01:39:596195,1396
356.4618,189.475,5:01:39:600197,1458
356.4618,189.475,5:01:39:604195,1521
356.4618,189.475,5:01:39:608247,1567
356.4618,188.8337,5:01:39:612220,1586
356.4618,188.8337,5:01:39:616682,1593
356.4618,188.8337,5:01:39:620206,1641
356.4618,188.8337,5:01:39:624276,1699
356.4618,188.8337,5:01:39:628278,1766
356.4618,188.8337,5:01:39:632378,1827
356.4618,188.8337,5:01:39:636274,1850
356.0683,188.8337,5:01:39:640677,1860
356.0683,188.8337,5:01:39:644688,1863
356.0683,188.8337,5:01:39:648685,1862
356.0683,188.8337,5:01:39:652688,1885
356.0683,189.4167,5:01:39:656688,1965
356.0683,189.4167,5:01:39:660689,2046
356.0683,190.437,5:01:39:664104,2128
356.0683,191.224,5:01:39:668137,2214
356.0683,192.1859,5:01:39:672116,2277
356.0683,193.3228,5:01:39:676113,2336
356.0683,194.6637,5:01:39:680113,2402
356.0683,196.0629,5:01:39:684114,2441
356.511,197.637,5:01:39:688264,2478
356.511,199.2111,5:01:39:692264,2521
356.511,200.9601,5:01:39:697264,2562
356.9537,202.7383,5:01:39:700265,2602
356.9537,204.6039,5:01:39:704738,2617
357.298,206.5569,5:01:39:707748,2626
357.298,208.5391,5:01:39:711823,2634
357.7161,210.6379,5:01:39:715810,2645
357.9374,212.7659,5:01:39:720813,2652
358.1342,214.9812,5:01:39:724811,2662
358.3063,217.2841,5:01:39:728625,2673
358.5031,219.5869,5:01:39:732633,2679
358.6998,221.8898,5:01:39:736703,2686
358.872,224.1344,5:01:39:740635,2689
359.0688,226.2914,5:01:39:744704,2694
359.2163,228.3611,5:01:39:748633,2696
359.3147,230.1976,5:01:39:752727,2700
359.4622,231.9174,5:01:39:755737,2701
359.5606,233.4041,5:01:39:760220,2699
359.659,234.6866,5:01:39:764221,2700
359.7574,235.7943,5:01:39:768221,2700
359.782,236.698,5:01:39:772220,2703
359.782,237.4267,5:01:39:776222,2702
359.782,238.0098,5:01:39:780509,2703
359.782,238.4762,5:01:39:784519,2704
359.782,238.7677,5:01:39:788519,2733
359.782,238.9717,5:01:39:792521,2788
359.782,239.0883,5:01:39:796517,2838
359.782,239.1174,5:01:39:800728,2890
359.2163,239.1174,5:01:39:804738,2912
359.2163,239.1174,5:01:39:808735,2914
358.6015,239.1174,5:01:39:811746,2916
358.1096,238.2721,5:01:39:816745,2910
357.3718,238.2721,5:01:39:819745,2909
356.5602,237.3102,5:01:39:824745,2902
355.5273,236.698,5:01:39:827745,2897
354.3713,235.9693,5:01:39:832728,2894
353.0925,235.2405,5:01:39:836738,2884
351.666,234.4534,5:01:39:840449,2880
350.1412,233.6955,5:01:39:844457,2878
348.4688,232.9085,5:01:39:848458,2874
346.7227,232.0923,5:01:39:852457,2873
344.9273,231.3636,5:01:39:856662,2867
342.9844,230.6057,5:01:39:860515,2860
340.9923,229.9352,5:01:39:864424,2853
338.8773,229.323,5:01:39:868424,2848
336.7868,228.7692,5:01:39:872424,2841
334.6718,228.2445,5:01:39:876424,2842
332.5567,227.8073,5:01:39:880621,2839
330.417,227.4574,5:01:39:884660,2839
328.2774,227.2825,5:01:39:888635,2839
326.1377,227.166,5:01:39:892630,2832
323.9243,227.166,5:01:39:896634,2830
321.76,227.166,5:01:39:900631,2825
319.4236,227.166,5:01:39:904741,2825
317.0134,228.1862,5:01:39:908752,2822
314.5295,228.7984,5:01:39:912803,2818
311.8979,229.6145,5:01:39:915839,2817
309.2418,230.5765,5:01:39:920022,2810
306.5611,231.7133,5:01:39:924023,2810
303.9296,233.0542,5:01:39:928063,2809
301.2488,234.5409,5:01:39:933037,2806
298.6665,236.1441,5:01:39:936732,2813
296.1579,237.8349,5:01:39:939742,2812
293.7477,239.6422,5:01:39:944050,2818
291.5097,241.5369,5:01:39:948050,2822
289.3209,243.5482,5:01:39:952126,2820
287.2304,245.6179,5:01:39:957051,2838
285.2383,247.7458,5:01:39:960678,2846
283.3938,250.1362,5:01:39:964058,2859
281.6722,252.6431,5:01:39:968111,2872
280.0736,255.2957,5:01:39:972121,2872
278.598,258.1524,5:01:39:976120,2879
277.2945,261.1257,5:01:39:980121,2885
276.1386,264.1865,5:01:39:984121,2894
275.1057,267.3638,5:01:39:988120,2902
274.1957,270.6286,5:01:39:992120,2908
273.3595,273.8934,5:01:39:996120,2912
272.5725,277.1873,5:01:40:000728,2917
271.8839,280.4813,5:01:40:003738,2931
271.2445,283.8918,5:01:40:008727,2948
270.605,287.419,5:01:40:012735,2966
270.0394,290.9461,5:01:40:015875,2977
269.6213,294.4733,5:01:40:019885,2978
269.1786,297.9421,5:01:40:023885,2979
268.8343,301.3527,5:01:40:027888,2984
268.5883,304.5592,5:01:40:032727,2986
268.4162,307.5908,5:01:40:036735,2989
268.367,310.3309,5:01:40:040275,2992
268.367,312.8087,5:01:40:044273,2993
268.367,315.024,5:01:40:048271,2997
268.367,317.0937,5:01:40:052294,3004
269.3999,318.9884,5:01:40:056273,3010
270.1132,320.7666,5:01:40:060273,3012
271.0477,322.4282,5:01:40:064720,3022
272.2528,323.9731,5:01:40:068747,3030
273.6301,325.5764,5:01:40:072730,3038
275.3024,327.0922,5:01:40:075730,3048
277.147,328.5788,5:01:40:079732,3054
279.1391,329.978,5:01:40:084732,3059
281.2295,331.4355,5:01:40:088345,3063
283.4184,332.7181,5:01:40:092774,3067
285.7302,333.9132,5:01:40:096921,3070
288.1404,335.0209,5:01:40:099921,3073
290.5998,335.9537,5:01:40:103920,3077
293.1083,336.6534,5:01:40:107931,3084
295.6906,337.1489,5:01:40:112805,3086
298.3714,337.4695,5:01:40:115815,3091
301.1505,337.5279,5:01:40:121223,3098
303.9788,337.5279,5:01:40:124236,3104
306.7824,337.5279,5:01:40:128225,3114
309.5861,336.6534,5:01:40:134226,3120
312.3652,336.6534,5:01:40:136224,3120
315.0459,335.225,5:01:40:140224,3120
317.6775,334.3214,5:01:40:144224,3123
320.186,333.2428,5:01:40:148710,3127
322.4978,332.1642,5:01:40:151719,3137
324.6129,330.9399,5:01:40:156721,3142
326.5558,329.7156,5:01:40:159720,3148
328.3512,328.3748,5:01:40:164724,3151
329.9989,326.9756,5:01:40:168580,3153
331.4254,325.5472,5:01:40:172577,3154
332.6305,324.0314,5:01:40:176576,3151
333.6634,322.4573,5:01:40:180578,3151
334.475,320.7666,5:01:40:184204,3147
335.139,318.901,5:01:40:188211,3144
335.6063,316.9771,5:01:40:192512,3140
335.8277,314.9074,5:01:40:196944,3131
335.8523,312.7212,5:01:40:200725,3128
335.8523,310.4183,5:01:40:204736,3119
335.8523,307.9406,5:01:40:208734,3115
334.8193,305.4337,5:01:40:211745,3110
334.1799,302.8102,5:01:40:216744,3097
333.3929,300.245,5:01:40:220743,3099
332.4337,297.7381,5:01:40:224744,3095
331.327,295.377,5:01:40:227747,3089
330.0727,293.1324,5:01:40:232290,3091
328.6709,291.1211,5:01:40:236312,3080
327.1707,289.372,5:01:40:240303,3074
325.5721,287.8563,5:01:40:244330,3075
323.8751,286.632,5:01:40:248732,3074
322.0305,285.5826,5:01:40:251740,3071
320.1122,284.7372,5:01:40:256040,3072
318.1447,284.0959,5:01:40:261028,3071
316.1526,283.6295,5:01:40:264029,3066
314.1114,283.3963,5:01:40:268028,3074
312.0455,283.2505,5:01:40:272226,3072
309.955,283.2505,5:01:40:276235,3067
307.9138,283.2505,5:01:40:280236,3070
305.9463,283.2505,5:01:40:284235,3067
304.0525,284.1833,5:01:40:288341,3067
302.2572,284.8246,5:01:40:292235,3069
300.5602,285.5534,5:01:40:296926,3069
299.0354,286.4571,5:01:40:299949,3067
297.6581,287.4482,5:01:40:303923,3071
296.4285,288.6725,5:01:40:307924,3075
295.3709,290.0717,5:01:40:311921,3076
294.4118,291.704,5:01:40:316711,3079
293.6002,293.5988,5:01:40:320723,3084
292.9116,295.6685,5:01:40:324759,3087
292.3459,298.0005,5:01:40:328719,3094
291.8786,300.5365,5:01:40:332722,3098
291.5343,303.364,5:01:40:336720,3099
291.2638,306.3665,5:01:40:340728,3102
291.0424,309.5147,5:01:40:344739,3106
290.8703,312.8378,5:01:40:348761,3111
290.7965,316.2775,5:01:40:351764,3123
290.7965,319.9796,5:01:40:356762,3139
290.7965,323.8565,5:01:40:360762,3149
290.7965,327.9666,5:01:40:364731,3160
290.7965,332.2517,5:01:40:368739,3165
291.3376,336.5951,5:01:40:372145,3164
291.3376,341.055,5:01:40:376127,3167
291.9524,345.515,5:01:40:380126,3174
291.9524,350.1206,5:01:40:384123,3189
292.641,354.5515,5:01:40:388883,3206
293.0345,359.0114,5:01:40:392893,3221
293.4526,363.3256,5:01:40:396893,3230
293.9199,367.5815,5:01:40:399894,3230
294.3872,371.7791,5:01:40:404915,3226
294.8791,375.7726,5:01:40:407926,3190
295.4201,379.6205,5:01:40:412729,3115
295.9612,383.2933,5:01:40:416739,2999
296.576,386.7622,5:01:40:421114,2822
297.1663,389.9395,5:01:40:424156,2612
297.7565,392.8837,5:01:40:428127,2367
298.273,395.4781,5:01:40:432125,2019
298.8141,397.8683,5:01:40:436132,1556
299.3551,399.9963,5:01:40:440124,993
299.9454,401.8327,5:01:40:444722,508
300.4373,403.4651,5:01:40:448733,0
300.9291,404.8352,5:01:40:452753,0
301.3964,405.8263,5:01:40:456732,0
301.8145,406.5259,5:01:40:460731,0
302.2572,406.8466,5:01:40:463730,0
302.6507,406.8466,5:01:40:468143,0
302.995,406.8466,5:01:40:472150,0
303.3393,405.2725,5:01:40:476194,0
303.7574,403.7275,5:01:40:480150,0
304.2493,401.6578,5:01:40:484677,0
304.8641,399.0927,5:01:40:488688,0
305.6511,396.0319,5:01:40:492728,0
306.6841,392.4756,5:01:40:496738,0
307.963,388.3654,5:01:40:500738,0
309.5369,383.7306,5:01:40:503738,0
311.4307,378.3961,5:01:40:508739,0
313.6933,372.7702,5:01:40:512738,0
316.3986,366.6779,5:01:40:516777,0
319.5958,360.2649,5:01:40:519783,0
323.1865,353.5312,5:01:40:524675,0
327.1461,346.4186,5:01:40:528136,0
331.45,339.1894,5:01:40:533187,0
336.1966,331.7853,5:01:40:536205,0
341.3367,324.5852,5:01:40:540729,0
346.7719,317.2394,5:01:40:543739,0
352.3546,309.8645,5:01:40:548739,0
358.0604,302.5479,5:01:40:552752,0
363.8645,295.4352,5:01:40:556737,0
369.9638,288.6725,5:01:40:560740,0
376.1122,282.172,5:01:40:564779,0
382.2115,275.8464,5:01:40:567785,0
388.0894,269.8707,5:01:40:572806,0
393.7705,264.1573,5:01:40:576816,0
399.3287,258.9395,5:01:40:579933,0
404.7393,254.0423,5:01:40:583817,0
409.8303,249.4948,5:01:40:588815,0
414.5522,245.3264,5:01:40:591814,0
419.0283,241.3911,5:01:40:595912,0
423.2339,237.9806,5:01:40:599816,0
427.0705,234.7741,5:01:40:604733,0
430.6366,231.9174,5:01:40:607946,0
433.8337,229.323,5:01:40:612736,0
436.662,226.8745,5:01:40:616746,0
439.1952,224.659,5:01:40:620667,0
441.2119,222.7352,5:01:40:624697,0
442.9088,220.9861,5:01:40:628685,0
444.3107,219.3537,5:01:40:632677,0
445.3928,217.9837,5:01:40:636677,0
446.1798,216.9052,5:01:40:640678,0
446.7209,215.9432,5:01:40:644494,0
447.016,215.2436,5:01:40:648491,0
447.139,214.8355,5:01:40:652604,0
447.139,214.4857,5:01:40:656491,0
447.139,214.3691,5:01:40:660683,0
447.139,214.3691,5:01:40:664502,0
447.139,214.3691,5:01:40:668682,0
446.3274,214.3691,5:01:40:672625,0
446.3274,215.0979,5:01:40:676732,0
445.7863,215.0979,5:01:40:680084,0
445.7863,216.0015,5:01:40:684086,0
445.2206,216.0015,5:01:40:689085,0
445.2206,216.672,5:01:40:693993,0
444.6796,216.672,5:01:40:696510,0
444.6796,217.3132,5:01:40:700525,0
444.1877,217.3132,5:01:40:704520,0
444.1877,217.7796,5:01:40:708734,0
443.7696,217.7796,5:01:40:712753,0
443.7696,217.7796,5:01:40:717333,0
443.4991,218.1003,5:01:40:720341,0
443.4991,218.1003,5:01:40:724345,0
443.2531,218.1003,5:01:40:728343,0
443.2531,218.3335,5:01:40:732345,0
443.1302,218.3335,5:01:40:736737,0
443.0318,218.5084,5:01:40:740041,0
442.958,218.6541,5:01:40:744042,0
442.8596,218.7708,5:01:40:749040,0
442.7121,218.9456,5:01:40:752040,0
442.5154,219.208,5:01:40:756681,0
442.2448,219.4995,5:01:40:760482,0
441.8759,219.7036,5:01:40:764194,0
441.4086,219.7327,5:01:40:768206,1700
440.8184,219.7327,5:01:40:772257,1696
440.1298,219.7327,5:01:40:776206,1689
439.3427,219.7327,5:01:40:780203,1682
438.4082,219.7327,5:01:40:784204,1675
437.4244,219.7327,5:01:40:788926,1674
436.3669,219.0914,5:01:40:791933,1677
435.2602,219.0914,5:01:40:796509,1683
434.0305,219.0914,5:01:40:800487,1689
432.7516,219.0914,5:01:40:804484,1700
431.3498,219.0914,5:01:40:808484,1729
429.9479,219.0914,5:01:40:812728,1770
428.4723,219.9659,5:01:40:816739,1822
426.8491,219.9659,5:01:40:820728,1891
425.1522,219.9659,5:01:40:823738,1948
423.3568,220.578,5:01:40:828785,1988
421.5123,220.578,5:01:40:832783,2019
419.594,220.578,5:01:40:836785,2026
417.6757,221.1028,5:01:40:840783,2028
415.6344,221.1028,5:01:40:844729,2033
413.5193,221.1028,5:01:40:847760,2030
411.3305,221.1028,5:01:40:852561,2030
409.1416,221.1028,5:01:40:856565,2047
406.879,221.1028,5:01:40:860672,2095
404.641,221.1028,5:01:40:864566,2149
402.4767,221.1028,5:01:40:868730,2202
400.4109,220.3157,5:01:40:871740,2239
398.5417,220.3157,5:01:40:875916,2242
396.894,219.2955,5:01:40:879926,2250
395.5167,218.6833,5:01:40:883993,2254
394.3608,217.9837,5:01:40:888949,2256
393.5,217.2258,5:01:40:892951,2259
392.8852,216.3513,5:01:40:896926,2258
392.4671,215.3893,5:01:40:900942,2257
392.2457,214.3983,5:01:40:904950,2251
392.1965,213.378,5:01:40:908940,2246
392.1965,212.212,5:01:40:911926,2236
392.1965,211.046,5:01:40:916674,2233
393.1065,209.8217,5:01:40:920063,2228
393.8689,208.5974,5:01:40:924682,2225
394.9019,207.3731,5:01:40:928068,2225
396.1315,206.1488,5:01:40:932943,2218
397.7055,204.9245,5:01:40:935953,2216
399.4271,203.7294,5:01:40:939971,2212
401.4192,202.5051,5:01:40:943953,2204
403.6326,201.3391,5:01:40:947952,2199
405.9936,200.173,5:01:40:951953,2199
408.453,199.1236,5:01:40:956682,2204
411.0107,198.0742,5:01:40:960690,2206
413.6669,197.1123,5:01:40:964690,2211
416.2246,196.267,5:01:40:968690,2213
418.8562,195.5674,5:01:40:972960,2212
421.5123,194.9552,5:01:40:975973,2216
424.0946,194.5471,5:01:40:979991,2220
426.6032,194.343,5:01:40:983970,2221
429.0134,194.2847,5:01:40:988036,2222
431.2268,194.2847,5:01:40:991973,2224
433.2189,194.2847,5:01:40:996676,2231
435.088,195.3342,5:01:41:000021,2237
436.7112,196.0629,5:01:41:004727,2238
438.0639,196.9666,5:01:41:007755,2246
439.1952,198.0451,5:01:41:012013,2246
440.0806,199.2986,5:01:41:016055,2252
440.7692,200.6686,5:01:41:020728,2265
441.2856,202.2719,5:01:41:024738,2275
441.5808,203.9917,5:01:41:028738,2289
441.7529,205.9156,5:01:41:031736,2303
441.7529,208.1019,5:01:41:036738,2329
441.7529,210.5213,5:01:41:040736,2347
441.0643,213.2905,5:01:41:044202,2367
440.3757,216.3513,5:01:41:048115,2389
439.3919,219.7619,5:01:41:052115,2396
438.1623,223.3473,5:01:41:056132,2409
436.6129,227.166,5:01:41:060812,2414
434.7437,231.0721,5:01:41:063822,2416
432.6779,235.0656,5:01:41:068821,2420
430.3168,239.03,5:01:41:071824,2427
427.7837,242.8195,5:01:41:076822,2445
425.103,246.4632,5:01:41:080822,2458
422.3485,249.903,5:01:41:084235,2468
419.6432,253.0803,5:01:41:088246,2474
416.9132,255.9662,5:01:41:091904,2473
414.3555,258.5313,5:01:41:096936,2471
411.8469,260.6884,5:01:41:100674,2474
409.5105,262.5249,5:01:41:103919,2477
407.3955,264.0407,5:01:41:107930,2477
405.4771,265.1484,5:01:41:111916,2483
403.8048,265.9355,5:01:41:115916,2485
402.3046,266.4601,5:01:41:119915,2491
400.9765,266.6642,5:01:41:124719,2492
399.8206,266.6642,5:01:41:128729,2494
398.7877,266.6642,5:01:41:132080,2494
397.9269,266.6642,5:01:41:136080,2487
397.0907,265.2942,5:01:41:141082,2484
396.3283,264.4196,5:01:41:144102,2478
395.6396,263.3411,5:01:41:148193,2476
395.0248,262.1168,5:01:41:152194,2474
394.4592,260.7759,5:01:41:156631,2472
393.9673,259.3767,5:01:41:160653,2472
393.5246,258.0358,5:01:41:164677,2473
393.1065,256.7241,5:01:41:168645,2473
392.836,255.4706,5:01:41:172652,2480
392.59,254.3046,5:01:41:176642,2478
392.4179,253.226,5:01:41:180832,2476
392.2949,252.3224,5:01:41:186829,2473
392.2457,251.4479,5:01:41:188830,2467
392.1965,250.7191,5:01:41:191829,2466
392.1965,249.9904,5:01:41:196670,2459
392.1965,249.3491,5:01:41:200679,2458
392.1965,248.8244,5:01:41:204727,2457
392.1965,248.3871,5:01:41:207735,2453
392.1965,247.979,5:01:41:212673,2457
392.8606,247.6584,5:01:41:216690,2454
392.8606,247.396,5:01:41:220694,2453
392.8606,247.1337,5:01:41:224687,2456
393.2787,246.9296,5:01:41:228685,2453
393.2787,246.7547,5:01:41:232693,2455
393.623,246.609,5:01:41:236728,2451
393.623,246.4632,5:01:41:240720,2450
394.0165,246.3466,5:01:41:244687,2450
394.0165,246.23,5:01:41:248697,2443
394.4592,246.1718,5:01:41:252864,2444
394.6805,246.1134,5:01:41:256864,2435
394.8527,246.0843,5:01:41:259867,2427
394.9756,246.0843,5:01:41:263864,2423
395.1478,246.0843,5:01:41:268674,2415
395.2462,246.0843,5:01:41:271985,2412
395.2708,246.0843,5:01:41:275985,2416
395.3199,246.0843,5:01:41:280009,2420
395.3199,246.0843,5:01:41:284187,2424
395.3937,246.0843,5:01:41:287999,2426
395.4921,246.0843,5:01:41:292594,2425
395.5905,246.6382,5:01:41:296605,2421
395.6396,246.6382,5:01:41:300076,2425
395.6642,246.6382,5:01:41:304088,2426
395.738,246.6382,5:01:41:308128,2429
395.7872,246.6382,5:01:41:313073,2432
395.8364,247.0462,5:01:41:316725,2430
395.861,247.0462,5:01:41:320736,2431
395.8856,247.0462,5:01:41:324725,2432
395.9348,247.0462,5:01:41:328735,2436
395.9594,247.0462,5:01:41:332735,2438
395.984,247.0462,5:01:41:335735,2439
396.0086,247.0462,5:01:41:341034,2439
396.0577,247.0462,5:01:41:344044,2441
396.0823,247.0462,5:01:41:348127,2442
396.1069,247.0462,5:01:41:352047,2445
396.1315,247.0462,5:01:41:356074,2448
396.1807,247.0462,5:01:41:360045,2451
396.2299,247.0462,5:01:41:364726,2485
396.3529,247.0462,5:01:41:368241,2524
396.4758,247.0462,5:01:41:372726,2563
396.6726,247.0462,5:01:41:376736,2629
396.9185,247.979,5:01:41:380737,2705
397.2137,247.979,5:01:41:384736,2792
397.5826,249.0867,5:01:41:388736,2897
397.9515,249.9321,5:01:41:392737,2992
398.3942,250.9523,5:01:41:396739,3080
398.8369,252.235,5:01:41:400292,3167
399.3041,253.7799,5:01:41:404734,3253
399.7468,255.6455,5:01:41:407747,3342
400.1649,257.8318,5:01:41:412746,3404
400.5584,260.3387,5:01:41:416744,3460
400.9519,263.1662,5:01:41:420743,3517
401.2962,266.227,5:01:41:424745,3562
401.6405,269.6083,5:01:41:428731,3605
401.9848,273.1938,5:01:41:432740,3644
402.2554,277.0416,5:01:41:436759,3674
402.5751,281.1517,5:01:41:439767,3693
402.821,285.4659,5:01:41:444758,3714
403.1161,290.0717,5:01:41:447758,3730
403.3867,294.7357,5:01:41:452758,3731
403.7064,299.4288,5:01:41:456757,3738
404.0753,304.0928,5:01:41:460852,3739
404.518,308.6693,5:01:41:463858,3743
405.0345,313.071,5:01:41:467857,3751
405.6985,317.0354,5:01:41:472858,3762
406.5101,320.6208,5:01:41:476857,3770
407.4692,323.8274,5:01:41:480858,3777
408.576,326.7715,5:01:41:484239,3781
409.8303,329.3367,5:01:41:488250,3778
411.2075,331.6104,5:01:41:492298,3778
412.6585,333.6509,5:01:41:496296,3771
414.2325,335.429,5:01:41:500356,3707
415.8557,337.0615,5:01:41:504296,3587
417.5035,338.4898,5:01:41:508407,3397
419.1513,339.6849,5:01:41:512406,3123
420.7253,340.6469,5:01:41:516673,2780
422.3239,341.3756,5:01:41:520411,2277
423.8487,341.9295,5:01:41:524673,1580
425.3243,342.1918,5:01:41:528210,917
426.7016,342.221,5:01:41:532726,378
427.9804,342.221,5:01:41:535734,0
429.1364,341.4048,5:01:41:540746,0
430.1693,340.5303,5:01:41:543736,0
431.1284,339.2769,5:01:41:548736,0
431.9154,337.6153,5:01:41:552736,0
432.5303,335.7206,5:01:41:556373,0
433.0714,333.4468,5:01:41:560383,0
433.4648,330.7942,5:01:41:564666,0
433.8337,327.8792,5:01:41:568694,0
434.2518,324.6144,5:01:41:572700,0
434.7437,321.1455,5:01:41:576689,0
435.3831,317.4435,5:01:41:580676,0
436.1948,313.4791,5:01:41:584685,0
437.1785,309.3106,5:01:41:588731,0
438.4328,304.9673,5:01:41:591741,0
439.9576,300.449,5:01:41:596672,0
441.8513,295.8142,5:01:41:600319,0
444.0156,291.1794,5:01:41:604785,0
446.3766,286.5445,5:01:41:608792,0
449.0327,282.0845,5:01:41:612674,0
451.9348,277.7412,5:01:41:616690,0
455.009,273.4561,5:01:41:620682,0
458.1324,269.3752,5:01:41:624687,0
461.3542,265.5273,5:01:41:628720,0
464.5268,261.7087,5:01:41:632075,0
467.601,258.0941,5:01:41:636107,0
470.6998,254.567,5:01:41:640100,0
473.6756,251.0981,5:01:41:644085,0
476.5531,247.7167,5:01:41:649075,0
479.2338,244.5102,5:01:41:652075,0
481.8899,241.4494,5:01:41:656679,0
484.4477,238.5636,5:01:41:660101,0
486.8579,235.9401,5:01:41:664553,0
489.1205,233.4915,5:01:41:668443,0
491.2602,231.2178,5:01:41:672721,0
493.1785,229.0898,5:01:41:676732,0
494.9492,227.166,5:01:41:680731,0
496.6216,225.4461,5:01:41:683731,0
498.1218,223.872,5:01:41:688908,0
499.4991,222.5311,5:01:41:691918,0
500.7534,221.3942,5:01:41:696917,0
501.8846,220.4323,5:01:41:700918,0
502.893,219.7327,5:01:41:703917,0
503.8767,219.2372,5:01:41:707916,0
504.6638,219.208,5:01:41:712727,0
505.4016,219.0623,5:01:41:716090,0
505.9918,218.8291,5:01:41:720020,0
506.4099,218.6833,5:01:41:723968,3485
506.6805,218.5376,5:01:41:727968,3480
506.8772,218.3918,5:01:41:731968,3467
506.9264,218.2752,5:01:41:736672,3452
506.9264,218.2752,5:01:41:739977,3440
506.9264,218.2752,5:01:41:744723,3433
506.9264,218.2752,5:01:41:748734,3436
506.9264,219.6452,5:01:41:752720,3444
506.9264,220.9861,5:01:41:756737,3450
506.3607,222.6477,5:01:41:760730,3457
506.3607,224.7173,5:01:41:764731,3466
505.8688,227.2242,5:01:41:768730,3476
505.8688,230.0226,5:01:41:772740,3485
505.1802,233.0542,5:01:41:776699,3496
504.7867,236.3482,5:01:41:780710,3504
504.3194,239.9045,5:01:41:784710,3518
503.7784,243.7231,5:01:41:788720,3536
503.2373,247.8333,5:01:41:792732,3554
502.7209,252.1475,5:01:41:796725,3572
502.1552,256.6366,5:01:41:799843,3580
501.6141,261.2423,5:01:41:803882,3586
501.1469,265.8188,5:01:41:808730,3590
500.7534,270.308,5:01:41:812738,3593
500.409,274.6805,5:01:41:816727,3540
500.1877,278.8198,5:01:41:820738,3430
500.0647,282.6967,5:01:41:824737,3240
500.0647,286.2821,5:01:41:827735,2959
500.0647,289.6344,5:01:41:832749,2606
500.0647,292.666,5:01:41:836770,2100
500.8025,295.3186,5:01:41:840726,1436
500.8025,297.6506,5:01:41:844734,818
501.6879,299.662,5:01:41:848756,328
502.229,301.2653,5:01:41:852734,0
502.7209,302.4312,5:01:41:856736,0
503.2127,303.1017,5:01:41:859734,0
503.6554,303.2474,5:01:41:864721,0
503.9997,303.2474,5:01:41:869253,0
503.9997,302.1689,5:01:41:872261,0
504.3932,300.9154,5:01:41:876264,0
504.3932,299.2539,5:01:41:880266,0
504.3932,297.0677,5:01:41:884263,0
504.3932,294.5024,5:01:41:888264,0
504.3932,291.5,5:01:41:892725,0
503.5816,288.1769,5:01:41:896059,0
503.5816,284.4749,5:01:41:900038,0
502.5487,280.4813,5:01:41:904038,0
501.8846,276.2545,5:01:41:908091,0
501.0977,271.678,5:01:41:912037,0
500.2123,266.8683,5:01:41:916723,0
499.3761,261.8545,5:01:41:919734,0
498.5891,256.7823,5:01:41:924678,0
497.8021,251.7103,5:01:41:928141,0
497.0643,246.609,5:01:41:932755,0
496.4494,241.6243,5:01:41:935761,0
496.1051,236.5814,5:01:41:940779,0
496.1051,231.9465,5:01:41:943789,0
496.1051,227.4574,5:01:41:948787,0
496.72,223.0558,5:01:41:951789,0
497.2856,218.7416,5:01:41:956970,0
497.9988,214.6315,5:01:41:959980,0
498.835,210.5796,5:01:41:964722,0
499.9663,206.8192,5:01:41:968732,0
500.9255,203.263,5:01:41:972283,0
501.7125,199.7358,5:01:41:976290,0
502.6471,196.5585,5:01:41:980405,0
503.4341,193.5851,5:01:41:984290,0
504.1965,191.0491,5:01:41:988724,0
504.9589,188.7462,5:01:41:992031,0
505.7705,186.7057,5:01:41:996033,0
506.3607,184.9568,5:01:42:001033,0
507.0002,183.5867,5:01:42:004033,0
507.6642,182.3916,5:01:42:008678,0
508.1807,181.4296,5:01:42:012045,0
508.6725,180.7009,5:01:42:016733,0
509.1152,180.1178,5:01:42:020743,0
509.5333,179.6514,5:01:42:024728,0
509.8776,179.2725,5:01:42:028246,0
510.2465,178.981,5:01:42:032280,0
510.5909,178.6312,5:01:42:036244,0
510.9597,178.4272,5:01:42:040242,0
511.3286,178.194,5:01:42:044246,0
511.7222,178.0482,5:01:42:048732,0
512.0911,177.9316,5:01:42:052757,0
512.4108,177.8733,5:01:42:056727,0
512.6075,177.8733,5:01:42:060755,0
512.8043,177.8733,5:01:42:064394,0
512.8289,177.8733,5:01:42:068291,0
512.8289,177.8733,5:01:42:072330,0
512.8289,177.8733,5:01:42:076289,0
512.1157,177.8733,5:01:42:080680,0
512.1157,177.8733,5:01:42:084395,2389
510.9597,176.9405,5:01:42:088727,2379
510.1482,176.1826,5:01:42:092754,2376
509.189,175.2789,5:01:42:096580,2366
508.0577,174.2004,5:01:42:100589,2354
506.828,172.8304,5:01:42:104687,2354
505.4261,171.3437,5:01:42:108685,2350
503.9013,169.7988,5:01:42:112699,2348
502.229,168.1664,5:01:42:116685,2349
500.3844,166.4173,5:01:42:120732,2346
498.4661,164.4935,5:01:42:124742,2365
496.474,162.3947,5:01:42:128751,2414
494.4327,160.0043,5:01:42:132751,2463
492.5144,157.4683,5:01:42:136751,2520
490.6207,154.6407,5:01:42:139754,2580
488.85,151.8132,5:01:42:144735,2613
487.276,148.8399,5:01:42:148764,2639
485.9233,145.8083,5:01:42:152657,2657
484.7674,142.8058,5:01:42:156633,2645
483.9066,139.8034,5:01:42:160634,2632
483.3902,136.8301,5:01:42:165633,2619
483.095,134.0025,5:01:42:168628,2610
483.095,131.2041,5:01:42:172638,2600
483.095,128.4057,5:01:42:176638,2590
484.2263,125.6365,5:01:42:180654,2580
485.2593,122.8964,5:01:42:184646,2568
486.6365,120.1563,5:01:42:188636,2562
488.3089,117.4745,5:01:42:192759,2553
490.2518,114.9676,5:01:42:196782,2560
492.4406,112.6939,5:01:42:200793,2567
494.7771,110.7117,5:01:42:206782,2571
497.2856,108.9627,5:01:42:208796,2577
499.9663,107.5927,5:01:42:212786,2571
502.6963,106.5724,5:01:42:216781,2568
505.4753,105.9019,5:01:42:220783,2565
508.1807,105.6105,5:01:42:224664,2560
510.8122,105.6105,5:01:42:228661,2559
513.2961,105.6105,5:01:42:232721,2556
515.731,106.4849,5:01:42:235732,2548
517.9936,107.4761,5:01:42:240733,2491
520.0103,108.7295,5:01:42:244732,2365
521.8548,110.3327,5:01:42:248987,2183
523.4288,112.1983,5:01:42:251997,1895
524.7322,114.268,5:01:42:256000,1520
525.839,116.6,5:01:42:259998,1085
526.6506,118.9612,5:01:42:263997,628
527.1179,121.2932,5:01:42:267998,282
527.2408,123.596,5:01:42:272144,0
527.2408,125.8405,5:01:42:276149,0
527.2408,127.9102,5:01:42:280664,0
525.9619,129.8924,5:01:42:284679,0
524.9536,131.6705,5:01:42:288672,0
523.7485,133.3321,5:01:42:292684,0
522.2975,134.877,5:01:42:296684,0
520.6497,136.5094,5:01:42:300679,0
518.7314,138.0253,5:01:42:304686,0
516.5917,139.541,5:01:42:308724,0
514.2307,141.086,5:01:42:312734,0
511.673,142.6893,5:01:42:316731,0
508.9677,144.3508,5:01:42:320741,0
505.9426,145.9832,5:01:42:323830,0
502.5979,147.6156,5:01:42:327841,0
499.0072,149.2189,5:01:42:331939,0
495.0722,150.8804,5:01:42:335841,0
490.7929,152.5419,5:01:42:340840,0
486.1693,154.1743,5:01:42:343849,0
481.2505,155.8359,5:01:42:348671,0
475.8645,157.4391,5:01:42:352688,0
470.1095,159.0424,5:01:42:356722,0
464.1332,160.7623,5:01:42:360076,0
457.8372,162.3363,5:01:42:364075,0
451.4183,163.9688,5:01:42:368078,0
444.8026,165.5428,5:01:42:372106,0
438.0639,167.1752,5:01:42:376076,0
431.1284,168.7493,5:01:42:380076,0
424.3406,170.4692,5:01:42:384725,0
417.5035,172.1599,5:01:42:388735,0
410.6418,173.938,5:01:42:392675,0
403.8786,175.6288,5:01:42:396687,0
397.1645,177.3486,5:01:42:400785,0
390.5487,179.1559,5:01:42:403799,0
384.056,180.9341,5:01:42:408785,0
377.5633,182.7997,5:01:42:411783,0
371.0213,184.6069,5:01:42:416724,0
364.7499,186.4142,5:01:42:419734,0
358.6261,188.1924,5:01:42:424675,0
352.4776,190.1163,5:01:42:428840,0
346.4521,191.9527,5:01:42:432730,0
340.5988,193.7309,5:01:42:436757,0
334.9915,195.4216,5:01:42:439822,0
329.7284,196.9957,5:01:42:443833,0
324.7113,198.4823,5:01:42:447833,0
319.9647,199.8232,5:01:42:451936,0
315.5132,200.9892,5:01:42:455833,0
311.5536,202.0387,5:01:42:460731,0
308.0613,202.8257,5:01:42:463741,0
305.0609,203.2338,5:01:42:468972,0
302.5277,203.3212,5:01:42:471974,2164
300.4619,203.3212,5:01:42:476064,2158
298.9124,203.3212,5:01:42:479974,2153
297.8057,202.2135,5:01:42:484250,2146
297.2155,201.5139,5:01:42:488261,2138
296.9941,200.6395,5:01:42:492596,2134
296.9941,199.765,5:01:42:496622,2132
296.9941,199.0654,5:01:42:500676,2133
297.9287,198.3949,5:01:42:504339,2132
298.8387,197.8119,5:01:42:508695,2137
300.0438,197.2872,5:01:42:512670,2136
301.5194,196.7917,5:01:42:516669,2137
303.3393,196.2961,5:01:42:520677,2145
305.5282,195.8297,5:01:42:524736,2149
308.0613,195.3633,5:01:42:527747,2159
310.988,194.8969,5:01:42:532682,2168
314.4065,194.4014,5:01:42:536703,2171
318.0956,193.935,5:01:42:540690,2176
322.3011,193.3811,5:01:42:544693,2181
326.9985,192.8273,5:01:42:548692,2187
332.1386,192.2151,5:01:42:552692,2197
337.7214,191.4863,5:01:42:556729,2203
343.796,190.6993,5:01:42:559739,2213
350.4363,189.8539,5:01:42:564670,2222
357.6177,188.9211,5:01:42:568680,2225
365.3156,187.9009,5:01:42:572678,2237
373.4315,186.8223,5:01:42:576679,2244
382.0147,185.7146,5:01:42:580679,2257
390.9914,184.6069,5:01:42:584680,2309
400.3371,183.5867,5:01:42:588407,2367
409.9778,182.5956,5:01:42:592418,2429
419.8153,181.7211,5:01:42:596669,2484
429.7512,180.8466,5:01:42:600678,2506
439.8346,180.0887,5:01:42:604800,2515
449.8935,179.4182,5:01:42:607806,2528
459.731,178.7769,5:01:42:611944,2537
469.3963,178.3105,5:01:42:615851,2545
478.8157,177.7858,5:01:42:619853,2597
487.8908,177.3777,5:01:42:623851,2651
496.4986,177.0571,5:01:42:628664,2712
504.713,176.7948,5:01:42:632675,2782
512.4846,176.5907,5:01:42:635812,2826
519.7643,176.5324,5:01:42:640862,2883
526.749,176.5033,5:01:42:644580,2946
533.1433,176.5033,5:01:42:648577,3010
539.1934,176.5033,5:01:42:652577,3062
544.8745,176.5033,5:01:42:656579,3102
550.2606,176.5033,5:01:42:660711,3134
555.2777,176.5033,5:01:42:664720,3153
559.9013,176.5033,5:01:42:668662,3170
564.1806,177.1445,5:01:42:672675,3176
568.0173,177.1445,5:01:42:676682,3179
571.4604,177.1445,5:01:42:680672,3185
574.4362,177.1445,5:01:42:684956,3186
576.8956,177.6401,5:01:42:687966,3188
578.9615,177.6401,5:01:42:691966,3191
580.5355,177.6401,5:01:42:696986,3192
581.6422,177.6401,5:01:42:699966,3190
582.4292,177.9316,5:01:42:703966,3189
582.8719,177.9316,5:01:42:708725,3190
583.167,177.9316,5:01:42:712737,3191
583.3146,177.9316,5:01:42:716178,3194
583.3392,177.9316,5:01:42:720074,3195
583.3392,177.9316,5:01:42:724094,3192
583.3392,177.9316,5:01:42:730074,3184
583.3392,177.9316,5:01:42:732074,3138
583.3392,177.9316,5:01:42:736074,2991
583.3392,177.9316,5:01:42:740074,2702
582.6751,177.9316,5:01:42:744895,2187
582.6751,177.9316,5:01:42:748104,1434
582.6751,177.2029,5:01:42:752085,785
582.0111,177.2029,5:01:42:756086,0
582.0111,176.649,5:01:42:760199,0
581.4946,176.649,5:01:42:764086,0
581.1749,175.862,5:01:42:768724,0
580.8552,175.4247,5:01:42:772734,0
580.6093,174.9292,5:01:42:775734,0
580.2404,174.4044,5:01:42:780722,0
579.8469,173.9089,5:01:42:784733,0
579.5763,173.2968,5:01:42:788730,0
579.2074,172.7429,5:01:42:791730,0
578.8877,172.1891,5:01:42:796766,0
578.7155,171.6352,5:01:42:799731,0
578.6171,171.1105,5:01:42:804668,0
578.6171,170.6732,5:01:42:808140,0
578.6171,170.3235,5:01:42:812720,0
578.6171,170.0611,5:01:42:816154,0
578.6171,169.9153,5:01:42:820153,0
578.6171,169.6821,5:01:42:824156,0
579.3796,169.5947,5:01:42:828156,0
579.9698,169.5072,5:01:42:832156,0
579.9698,169.5072,5:01:42:836162,0
580.7814,169.5072,5:01:42:840178,0
582.1586,169.5072,5:01:42:844550,0
582.1586,169.5072,5:01:42:862688,0
