240.1826,232.9377,2:08:58:507018,0
240.1826,232.9377,2:08:58:510774,0
239.0513,232.2089,2:08:58:514879,0
238.1167,232.2089,2:08:58:517979,0
236.9116,231.0721,2:08:58:523215,0
235.5098,230.2558,2:08:58:526210,0
233.9112,229.2939,2:08:58:531211,0
232.2634,228.1279,2:08:58:534210,0
230.3451,226.8453,2:08:58:539098,0
228.6481,225.6501,2:08:58:542106,0
227.2216,224.5424,2:08:58:547111,0
225.8198,223.4056,2:08:58:550118,0
224.5655,222.2979,2:08:58:555131,0
223.385,221.161,2:08:58:558139,0
222.2291,220.17,2:08:58:563319,0
221.0732,219.3246,2:08:58:566329,0
220.0403,218.4792,2:08:58:570369,0
219.1057,217.7213,2:08:58:574327,0
218.0728,216.8468,2:08:58:579339,0
217.2612,216.0307,2:08:58:582329,0
216.3758,215.127,2:08:58:587221,0
215.638,214.34,2:08:58:590736,0
214.8756,213.4363,2:08:58:594750,0
214.1132,212.5618,2:08:58:598744,0
213.4492,211.6873,2:08:58:602792,0
212.8343,210.8419,2:08:58:606739,0
212.2195,210.1132,2:08:58:610741,0
211.5063,209.3261,2:08:58:614737,0
210.8914,208.5391,2:08:58:618739,0
210.2274,207.7812,2:08:58:622359,0
209.6617,207.0233,2:08:58:626799,0
209.2436,206.2654,2:08:58:630658,0
208.8255,205.4783,2:08:58:635065,0
208.3337,204.6913,2:08:58:638075,0
207.9156,203.9334,2:08:58:643076,0
207.5958,203.2921,2:08:58:646076,0
207.3007,202.5925,2:08:58:651076,0
207.0794,201.9512,2:08:58:654076,0
206.8334,201.3682,2:08:58:659223,0
206.3907,200.7269,2:08:58:662234,0
205.9727,200.173,2:08:58:667085,0
205.6283,199.7066,2:08:58:670100,0
205.3824,199.2111,2:08:58:675095,0
205.1611,198.7738,2:08:58:678096,0
204.8168,198.3949,2:08:58:682128,0
204.4232,198.1617,2:08:58:686096,0
204.0052,197.8994,2:08:58:690094,0
203.6608,197.7827,2:08:58:695095,0
203.2919,197.7536,2:08:58:699078,0
202.9476,197.7536,2:08:58:702089,0
202.5541,197.7536,2:08:58:706857,0
202.0868,197.7536,2:08:58:709869,0
201.6933,197.7536,2:08:58:714877,0
201.4474,197.7536,2:08:58:717869,0
201.2015,197.7536,2:08:58:722869,0
201.0047,197.7536,2:08:58:726869,0
200.8817,198.3074,2:08:58:730944,0
200.808,198.3074,2:08:58:733954,0
200.685,198.3074,2:08:58:739232,0
200.685,198.3074,2:08:58:742242,0
200.685,198.3074,2:08:58:746249,0
200.685,198.3074,2:08:58:750243,0
200.685,198.3074,2:08:58:754332,0
200.685,198.3074,2:08:58:758243,0
200.685,198.3074,2:08:58:762955,0
200.685,198.3074,2:08:58:765965,0
201.2015,198.3074,2:08:58:771032,0
201.2015,198.3074,2:08:58:774042,0
201.2015,198.3074,2:08:58:779043,0
201.2015,198.3074,2:08:58:782073,0
201.2015,198.3074,2:08:58:787044,0
201.2015,198.3074,2:08:58:790045,0
201.2015,198.3074,2:08:58:795102,0
200.6112,198.3074,2:08:58:798108,0
200.6112,198.3074,2:08:58:803258,0
200.021,198.3074,2:08:58:806271,0
200.021,198.3074,2:08:58:810274,0
199.234,198.3074,2:08:58:814268,0
198.7667,198.3074,2:08:58:818310,0
198.2748,198.3074,2:08:58:822271,0
197.8075,198.3074,2:08:58:827081,0
197.3403,198.3074,2:08:58:830327,0
196.8238,198.3074,2:08:58:835086,0
196.4303,198.3074,2:08:58:838624,0
196.0122,198.6572,2:08:58:842760,0
195.7417,198.6572,2:08:58:846626,0
195.4465,198.6572,2:08:58:850687,0
195.2744,198.6572,2:08:58:854628,0
195.176,198.6572,2:08:58:859487,0
195.0776,198.6572,2:08:58:862003,0
195.0776,198.6572,2:08:58:867085,0
195.0776,198.6572,2:08:58:870603,0
195.0776,198.6572,2:08:58:874702,0
195.0776,198.6572,2:08:58:878600,0
195.0776,198.6572,2:08:58:882751,0
195.0776,198.0742,2:08:58:886600,0
195.0776,198.0742,2:08:58:891185,0
195.0776,198.0742,2:08:58:894196,0
195.6433,198.0742,2:08:58:898938,0
195.6433,197.5204,2:08:58:902713,0
195.6433,197.5204,2:08:58:906372,0
195.6433,197.1998,2:08:58:910405,0
195.9876,197.1998,2:08:58:914544,0
195.9876,196.8208,2:08:58:918383,0
195.9876,196.8208,2:08:58:923077,0
195.9876,196.4418,2:08:58:926087,0
195.9876,196.267,2:08:58:930155,0
195.9876,196.1212,2:08:58:934087,0
195.9876,195.888,2:08:58:939264,0
195.9876,195.7131,2:08:58:942274,0
195.9876,195.509,2:08:58:946277,0
195.9876,195.305,2:08:58:950275,0
196.2089,195.0426,2:08:58:955275,0
196.2089,194.7803,2:08:58:958275,0
196.4549,194.4888,2:08:58:962498,0
196.6024,194.139,2:08:58:966516,0
196.873,193.8475,2:08:58:970969,0
197.0697,193.4977,2:08:58:973980,0
197.3403,193.1187,2:08:58:978981,0
197.5616,192.6815,2:08:58:981980,0
197.7583,192.1859,2:08:58:986980,1260
197.9305,191.7195,2:08:58:990980,1301
198.0289,191.1074,2:08:58:994580,1374
198.0781,190.5535,2:08:58:998485,1465
198.1518,189.9997,2:08:59:002496,1595
198.1764,189.4167,2:08:59:006487,1723
198.201,188.8629,2:08:59:010967,1856
198.2256,188.3673,2:08:59:013977,2004
198.2994,187.9009,2:08:59:018129,2152
198.4224,187.4637,2:08:59:022126,2288
198.5699,187.0555,2:08:59:026127,2420
198.8405,186.6474,2:08:59:030126,2534
199.0864,186.181,2:08:59:034442,2629
199.3815,185.7146,2:08:59:038450,2709
199.7996,185.2191,2:08:59:042452,2781
200.3653,184.7236,2:08:59:046452,2854
201.0047,184.228,2:08:59:050469,2924
201.7917,183.7033,2:08:59:054479,3002
202.6771,183.2369,2:08:59:058822,3071
203.6362,182.858,2:08:59:061832,3139
204.8168,182.5956,2:08:59:066068,3200
206.1694,182.4498,2:08:59:070023,3257
207.5712,182.4498,2:08:59:075028,3302
209.0223,182.4498,2:08:59:078026,3343
210.4733,183.1494,2:08:59:082961,3392
211.9243,183.849,2:08:59:087011,3431
213.4492,184.7527,2:08:59:090006,3484
214.851,185.8604,2:08:59:095074,3549
216.2037,187.2013,2:08:59:098073,3615
217.4088,188.7171,2:08:59:102072,3692
218.5401,190.437,2:08:59:106073,3776
219.573,192.3609,2:08:59:111133,3857
220.5076,194.4597,2:08:59:114143,3942
221.3438,196.7042,2:08:59:119268,4027
222.0816,199.1236,2:08:59:122277,4107
222.6718,201.7471,2:08:59:126277,4187
223.1391,204.6039,2:08:59:130276,4276
223.4342,207.7812,2:08:59:134311,4368
223.6064,211.3958,2:08:59:138276,4458
223.6064,215.3893,2:08:59:143041,4551
223.6064,219.7036,2:08:59:147051,4640
223.6064,224.2509,2:08:59:150052,4731
222.4996,228.9441,2:08:59:154051,4824
221.7618,233.7247,2:08:59:159058,4929
220.8519,238.5345,2:08:59:162051,5059
219.7206,243.3442,2:08:59:166939,5190
218.4417,248.0956,2:08:59:169949,5316
216.9661,252.7305,2:08:59:174952,5443
215.3429,257.2196,2:08:59:177949,5531
213.5967,261.6504,2:08:59:183125,5613
211.826,265.9355,2:08:59:186146,5677
209.9568,270.1039,2:08:59:191135,5724
208.0385,274.1266,2:08:59:194155,5757
206.1448,277.9161,2:08:59:198136,5774
204.2265,281.4141,2:08:59:202135,5806
202.3574,284.708,2:08:59:206960,5817
200.5128,287.8563,2:08:59:209971,5827
198.6437,290.8587,2:08:59:214801,5850
196.7008,293.6862,2:08:59:218812,5848
194.7579,296.3972,2:08:59:222855,5860
192.7904,298.9333,2:08:59:226854,5869
190.7983,301.2069,2:08:59:230855,5863
188.8062,303.3349,2:08:59:234856,5867
186.8141,305.0256,2:08:59:238811,5853
184.8466,306.4248,2:08:59:242846,5857
182.9283,307.445,2:08:59:245821,5862
181.0838,308.0863,2:08:59:250821,5867
179.436,308.407,2:08:59:254846,5877
177.9112,308.407,2:08:59:258819,5873
176.5093,308.407,2:08:59:262822,5869
175.2059,306.9203,2:08:59:265822,5856
174.1237,305.5794,2:08:59:270744,5847
173.1892,303.7722,2:08:59:274755,5818
172.4022,301.5859,2:08:59:278986,5794
171.8365,298.9915,2:08:59:282996,5773
171.3938,296.1057,2:08:59:286120,5747
171.1479,293.045,2:08:59:289996,5733
171.1479,289.7802,2:08:59:293999,5713
171.1479,286.4862,2:08:59:297995,5685
172.0087,283.1923,2:08:59:302541,5667
172.7465,280.0732,2:08:59:306556,5658
173.7794,277.1582,2:08:59:310551,5648
174.9599,274.4472,2:08:59:314552,5648
176.288,272.0861,2:08:59:318551,5642
177.6898,270.0456,2:08:59:322552,5637
179.0917,268.3841,2:08:59:326744,5636
180.5181,267.0432,2:08:59:330567,5640
182.0183,266.0521,2:08:59:335180,5645
183.4694,265.3816,2:08:59:338192,5654
184.8466,265.0027,2:08:59:342190,5659
186.1747,264.886,2:08:59:346196,5679
187.5519,264.886,2:08:59:350255,5708
188.9538,264.886,2:08:59:354192,5743
190.4048,265.9646,2:08:59:358729,5796
191.905,266.8099,2:08:59:362248,5849
193.4052,268.0051,2:08:59:366264,5909
194.9301,269.4043,2:08:59:370219,5978
196.4303,271.1241,2:08:59:374797,6053
197.9551,273.0772,2:08:59:378336,6137
199.4553,275.3509,2:08:59:382432,6219
200.8326,277.8286,2:08:59:386443,6309
202.136,280.5688,2:08:59:390449,6429
203.2673,283.4546,2:08:59:394443,6550
204.3495,286.6028,2:08:59:398456,6664
205.3332,289.9259,2:08:59:402441,6756
206.194,293.453,2:08:59:406797,6792
206.9564,297.0385,2:08:59:410807,6810
207.6696,300.6531,2:08:59:414808,6816
208.3337,304.2386,2:08:59:418324,6823
208.9485,307.7365,2:08:59:422455,6826
209.6125,311.0888,2:08:59:425971,6828
210.2028,314.237,2:08:59:429972,6828
210.8176,317.2103,2:08:59:433971,6822
211.4571,319.9504,2:08:59:437969,6793
212.0965,322.4573,2:08:59:441969,6709
212.7605,324.8767,2:08:59:446281,6525
213.4738,327.1213,2:08:59:450291,6193
214.1624,329.1909,2:08:59:454291,5745
214.9248,331.1148,2:08:59:458288,5249
215.7364,332.8639,2:08:59:463297,4746
216.5726,334.3214,2:08:59:466303,4246
217.4579,335.4873,2:08:59:470302,3726
218.3925,336.4493,2:08:59:474301,3153
219.4254,337.0906,2:08:59:478302,2478
220.5322,337.3529,2:08:59:482303,1679
221.811,337.3529,2:08:59:486861,969
223.1883,336.5367,2:08:59:489871,414
224.6885,335.5748,2:08:59:494871,0
226.2871,334.2631,2:08:59:498873,0
228.0332,332.6015,2:08:59:502397,0
229.8778,330.561,2:08:59:507401,0
231.8453,328.1707,2:08:59:511401,0
233.9357,325.5472,2:08:59:514401,0
236.1246,322.8654,2:08:59:518401,0
238.4364,320.067,2:08:59:522398,0
240.822,317.1812,2:08:59:526398,0
243.2568,314.2079,2:08:59:530670,0
245.6916,311.2928,2:08:59:534314,0
248.1509,308.3487,2:08:59:538746,0
250.6841,305.4629,2:08:59:542756,0
253.1189,302.577,2:08:59:546756,0
255.5782,299.7786,2:08:59:550757,0
258.136,296.8344,2:08:59:554786,0
260.62,293.9194,2:08:59:558140,0
263.1777,291.0045,2:08:59:562796,0
265.7355,288.0312,2:08:59:566806,0
268.2932,285.087,2:08:59:569804,0
270.8264,282.1137,2:08:59:574807,0
273.3841,279.1404,2:08:59:577810,0
275.8189,276.0797,2:08:59:582744,0
278.1061,273.1646,2:08:59:586754,0
280.3933,270.1913,2:08:59:590860,0
282.4346,267.1598,2:08:59:593860,0
284.3775,264.2448,2:08:59:598621,0
286.1975,261.2715,2:08:59:602620,0
287.8452,258.3564,2:08:59:606636,0
289.2963,255.4706,2:08:59:610620,0
290.5014,252.6722,2:08:59:614906,0
291.6081,250.0487,2:08:59:617919,0
292.4443,247.571,2:08:59:622914,0
293.1575,245.3555,2:08:59:625917,0
293.6986,243.2276,2:08:59:630917,0
294.0675,241.3037,2:08:59:633917,0
294.2642,239.5255,2:08:59:638707,0
294.4118,237.9223,2:08:59:642718,0
294.4118,236.319,2:08:59:646718,0
294.4118,234.7158,2:08:59:650797,0
294.4118,233.1417,2:08:59:654808,0
294.4118,231.5676,2:08:59:657817,0
294.4118,229.9061,2:08:59:662807,0
293.6248,228.2737,2:08:59:667178,0
293.6248,226.6413,2:08:59:669807,0
292.9362,225.038,2:08:59:673810,0
292.9362,223.4056,2:08:59:677805,0
292.0754,221.8898,2:08:59:682795,0
291.5343,220.374,2:08:59:686111,0
290.9687,218.9165,2:08:59:690110,0
290.4522,217.5173,2:08:59:695110,0
289.7881,216.1764,2:08:59:698145,0
289.1733,214.9229,2:08:59:702746,0
288.4847,213.6987,2:08:59:705933,0
287.8206,212.5909,2:08:59:709933,0
287.1566,211.4249,2:08:59:714934,0
286.5172,210.4047,2:08:59:718665,0
285.8777,209.4136,2:08:59:722699,0
285.2875,208.4808,2:08:59:727032,0
284.7956,207.5188,2:08:59:730040,0
284.3283,206.6152,2:08:59:734982,0
283.9102,205.7115,2:08:59:737992,0
283.5659,204.7496,2:08:59:742014,0
283.32,203.7876,2:08:59:745992,0
283.1233,202.7383,2:08:59:749992,0
282.9265,201.6306,2:08:59:753992,1442
282.7297,200.4937,2:08:59:757992,1480
282.533,199.3277,2:08:59:761994,1574
282.3608,198.22,2:08:59:766489,1722
282.1395,197.2289,2:08:59:770467,1911
281.9673,196.3835,2:08:59:774491,2107
281.7214,195.6257,2:08:59:778468,2283
281.5739,195.0718,2:08:59:782087,2435
281.4263,194.6929,2:08:59:786098,2567
281.3279,194.4888,2:08:59:790112,2661
281.2541,194.4597,2:08:59:794100,2731
281.2049,194.4597,2:08:59:798672,2789
281.1558,194.4597,2:08:59:802123,2860
281.1066,194.4597,2:08:59:806123,2993
281.082,195.4799,2:08:59:810675,3175
281.0328,196.3835,2:08:59:814135,3399
280.9836,197.5495,2:08:59:819005,3641
280.959,199.1236,2:08:59:822006,3862
280.9098,201.135,2:08:59:827005,4069
280.8852,203.6711,2:08:59:830006,4254
280.8114,206.7318,2:08:59:834706,4442
280.7377,210.5796,2:08:59:838718,4615
280.6147,215.0687,2:08:59:842773,4781
280.4179,220.0242,2:08:59:846802,4963
280.172,225.5044,2:08:59:850786,5143
279.8277,231.4218,2:08:59:854786,5358
279.385,238.0098,2:08:59:858812,5600
278.8439,245.1515,2:08:59:862782,5829
278.2291,252.5556,2:08:59:866891,6041
277.4913,259.9014,2:08:59:869901,6222
276.7043,267.218,2:08:59:874890,6385
275.8681,274.6805,2:08:59:877901,6527
274.9581,282.1429,2:08:59:882915,6650
274.0482,289.4886,2:08:59:885900,6742
273.1382,296.368,2:08:59:891067,6796
272.2528,302.6936,2:08:59:894075,6834
271.4904,308.5819,2:08:59:899078,6855
270.7772,313.9455,2:08:59:902075,6882
270.2361,318.9884,2:08:59:906077,6895
269.7443,323.4775,2:08:59:911076,6898
269.4491,327.4711,2:08:59:914775,6891
269.3016,330.9691,2:08:59:918087,6840
269.2278,334.1756,2:08:59:922487,6718
269.2278,336.9449,2:08:59:926347,6462
269.2278,339.4226,2:08:59:930332,6066
269.2278,341.6089,2:08:59:934333,5570
269.2278,343.2704,2:08:59:938408,5031
270.0148,344.553,2:08:59:942416,4498
270.0148,345.4566,2:08:59:946416,3972
270.0148,346.0396,2:08:59:950416,3417
270.7034,346.2437,2:08:59:954482,2761
270.7034,346.2437,2:08:59:958432,1919
271.392,345.2817,2:08:59:963231,1128
271.7364,344.2032,2:08:59:966241,500
272.1053,342.7166,2:08:59:970316,0
272.425,340.851,2:08:59:974241,0
272.7447,338.6064,2:08:59:979357,0
272.9414,336.0121,2:08:59:982286,0
272.9414,333.1262,2:08:59:986462,0
272.9414,330.0071,2:08:59:990286,0
272.9414,326.9172,2:08:59:994289,0
272.9414,323.769,2:08:59:998288,0
272.9414,320.65,2:09:00:003000,0
272.9414,317.6767,2:09:00:007466,0
272.9414,314.8783,2:09:00:010470,0
272.9414,312.1965,2:09:00:014467,0
272.9414,309.7188,2:09:00:018482,0
272.9414,307.4742,2:09:00:022465,0
274.0974,305.4045,2:09:00:026467,0
274.9581,303.4807,2:09:00:030467,0
275.9419,301.6151,2:09:00:035151,0
277.0732,299.8369,2:09:00:038157,0
278.3029,298.1462,2:09:00:043070,0
279.631,296.6304,2:09:00:046078,0
281.0328,295.2603,2:09:00:050965,0
282.7052,293.8903,2:09:00:053974,0
284.4513,292.6368,2:09:00:058975,0
286.3204,291.2668,2:09:00:062974,0
288.4355,289.8384,2:09:00:066028,0
290.7227,288.4392,2:09:00:070186,0
292.9362,287.0984,2:09:00:074792,0
295.2726,285.5534,2:09:00:078803,0
297.6336,283.8918,2:09:00:082801,0
299.8716,282.3469,2:09:00:085802,0
302.085,280.7145,2:09:00:090802,0
304.1755,279.2278,2:09:00:093802,0
306.0938,277.887,2:09:00:098795,0
307.8154,276.6918,2:09:00:102136,0
309.5861,275.5841,2:09:00:106150,0
311.1847,274.593,2:09:00:110135,0
312.6603,273.6602,2:09:00:114240,0
314.0376,272.844,2:09:00:118134,0
315.2673,272.0861,2:09:00:122805,0
316.4232,271.3282,2:09:00:125815,0
317.5545,270.5703,2:09:00:130815,0
318.5628,269.7832,2:09:00:133815,0
319.4482,268.967,2:09:00:138815,0
320.2352,268.1217,2:09:00:142178,0
320.9484,267.218,2:09:00:146747,0
321.5879,266.3144,2:09:00:150090,0
322.1043,265.3816,2:09:00:154794,0
322.5962,264.3905,2:09:00:157804,0
322.9159,263.4286,2:09:00:162805,0
323.2111,262.4083,2:09:00:165804,0
323.4078,261.4172,2:09:00:170963,0
323.5554,260.4553,2:09:00:173985,0
323.6783,259.4933,2:09:00:178794,0
323.7029,258.6479,2:09:00:182805,0
323.7275,257.8026,2:09:00:186805,0
323.8013,257.0447,2:09:00:189808,0
323.8997,256.3742,2:09:00:194802,0
324.0226,255.7621,2:09:00:197805,0
324.244,255.1499,2:09:00:202795,0
324.4899,254.7127,2:09:00:206805,0
324.8097,254.2463,2:09:00:210805,0
325.1786,253.7507,2:09:00:213805,0
325.6458,253.226,2:09:00:218806,0
326.0885,252.7888,2:09:00:221808,0
326.5312,252.3224,2:09:00:226807,0
326.9985,251.8268,2:09:00:229803,0
327.4166,251.3896,2:09:00:234752,0
327.8347,251.0107,2:09:00:238798,0
328.2036,250.6317,2:09:00:242803,0
328.5725,250.3402,2:09:00:246174,0
328.8922,250.1362,2:09:00:250269,0
329.2365,249.903,2:09:00:254176,0
329.5808,249.728,2:09:00:258173,0
329.9006,249.4948,2:09:00:262175,0
330.1711,249.3199,2:09:00:266178,0
330.417,249.0576,2:09:00:270175,0
330.8105,248.7661,2:09:00:274796,0
331.1057,248.4454,2:09:00:278808,0
331.5237,248.1248,2:09:00:282853,0
331.8927,247.7458,2:09:00:286857,0
332.2616,247.396,2:09:00:290855,0
332.7043,246.9879,2:09:00:294855,0
333.1961,246.5215,2:09:00:298801,0
333.7372,246.0843,2:09:00:301811,0
334.1799,245.6179,2:09:00:306936,0
334.6472,245.0932,2:09:00:309949,0
335.0898,244.5685,2:09:00:314793,0
335.5079,244.0146,2:09:00:318804,0
335.9506,243.4899,2:09:00:322035,0
336.3195,242.9944,2:09:00:326019,0
336.6638,242.4697,2:09:00:330019,0
337.0081,241.9158,2:09:00:334019,0
337.3033,241.3911,2:09:00:338080,0
337.5246,240.8956,2:09:00:342042,0
337.7214,240.4583,2:09:00:346792,0
337.8689,239.9919,2:09:00:350803,0
337.9181,239.4964,2:09:00:354937,0
337.9919,239.03,2:09:00:357951,0
337.9919,238.5636,2:09:00:362022,0
337.9919,238.1555,2:09:00:365975,0
337.9919,237.7182,2:09:00:370947,0
337.9919,237.281,2:09:00:373947,0
337.9919,236.8438,2:09:00:378740,0
337.9919,236.3773,2:09:00:382105,0
337.9919,235.9693,2:09:00:386793,0
337.9919,235.5903,2:09:00:390804,0
337.9919,235.1822,2:09:00:394775,0
337.9919,234.8033,2:09:00:397773,0
337.9919,234.3951,2:09:00:402771,0
337.9919,233.987,2:09:00:406772,0
337.9919,233.5789,2:09:00:410832,0
337.9919,233.1709,2:09:00:413875,0
337.9919,232.6753,2:09:00:418749,0
338.6805,232.2089,2:09:00:422545,0
338.6805,231.6842,2:09:00:425916,0
339.2954,231.1595,2:09:00:429914,0
339.2954,230.664,2:09:00:433916,0
340.0086,230.1101,2:09:00:437914,0
340.4267,229.5854,2:09:00:442748,0
340.7956,229.0607,2:09:00:446142,0
341.1645,228.5652,2:09:00:450213,0
341.5088,228.1862,2:09:00:454216,0
341.8531,227.7198,2:09:00:458271,0
342.1729,227.37,2:09:00:462213,0
342.4926,226.991,2:09:00:466797,0
342.7631,226.6996,2:09:00:470148,0
343.009,226.4081,2:09:00:474147,0
343.2304,226.1749,2:09:00:478148,0
343.4517,226,2:09:00:482180,0
343.6731,225.8542,2:09:00:486146,0
343.8206,225.7668,2:09:00:489945,0
344.0174,225.6793,2:09:00:493964,0
344.1649,225.6793,2:09:00:498801,0
344.3125,225.6793,2:09:00:501844,0
344.4846,225.6793,2:09:00:506170,0
344.6076,225.6793,2:09:00:511170,0
344.7306,225.6793,2:09:00:515171,0
344.8781,225.6793,2:09:00:518180,0
345.0011,226.2914,2:09:00:522168,0
345.1241,226.2914,2:09:00:526754,0
345.2963,226.2914,2:09:00:530181,0
345.4192,226.2914,2:09:00:534798,0
345.5668,226.2914,2:09:00:538142,0
345.6652,226.2914,2:09:00:542215,0
345.8127,226.2914,2:09:00:546142,0
345.9111,226.2914,2:09:00:550178,0
346.0341,226.2914,2:09:00:554141,0
346.1324,226.2914,2:09:00:558136,0
346.2062,226.2914,2:09:00:563155,0
346.2062,226.2914,2:09:00:566156,0
346.2062,226.2914,2:09:00:570748,0
346.2062,226.2914,2:09:00:574186,0
346.2062,226.2914,2:09:00:578750,0
346.2062,226.2914,2:09:00:582205,0
346.2062,226.2914,2:09:00:586754,0
346.2062,226.2914,2:09:00:590747,0
345.5668,226.2914,2:09:00:594748,0
345.5668,226.2914,2:09:00:598747,0
345.5668,226.2914,2:09:00:602894,0
345.0011,226.2914,2:09:00:606261,0
345.0011,226.2914,2:09:00:610261,0
344.6322,226.2914,2:09:00:614261,0
344.6322,226.2914,2:09:00:618261,0
344.2633,226.2914,2:09:00:622261,0
344.2633,226.2914,2:09:00:626794,0
343.9436,226.2914,2:09:00:630804,0
343.9436,226.2914,2:09:00:634804,0
343.7223,226.2914,2:09:00:637805,0
343.7223,226.2914,2:09:00:642804,0
343.5993,226.2914,2:09:00:645811,0
343.5993,226.2914,2:09:00:650949,0
343.5993,226.2914,2:09:00:653960,0
343.5993,226.2914,2:09:00:658790,0
343.5993,226.2914,2:09:00:662614,0
343.5993,226.2914,2:09:00:666689,0
343.5993,226.2914,2:09:00:670617,0
343.5993,225.7668,2:09:00:674616,0
343.5993,225.7668,2:09:00:678614,0
344.0666,225.7668,2:09:00:682614,0
344.0666,225.3878,2:09:00:686614,0
344.0666,225.3878,2:09:00:690041,0
344.0666,225.3878,2:09:00:694041,0
344.3863,225.1254,2:09:00:698041,0
344.3863,225.1254,2:09:00:702069,0
344.3863,225.1254,2:09:00:706039,0
344.3863,224.9797,2:09:00:710040,0
344.583,224.9797,2:09:00:715052,0
344.583,224.9797,2:09:00:717926,0
344.583,224.9214,2:09:00:722926,0
344.583,224.9214,2:09:00:726926,0
344.583,224.9214,2:09:00:730938,0
344.583,224.9214,2:09:00:734928,0
344.583,224.9214,2:09:00:738948,0
344.583,224.9214,2:09:00:742799,0
344.583,224.9214,2:09:00:746817,0
344.583,224.9214,2:09:00:749991,0
344.583,224.9214,2:09:00:754004,0
344.583,224.9214,2:09:00:758110,0
344.583,224.9214,2:09:00:762004,0
344.583,224.9214,2:09:00:766898,0
344.583,224.9214,2:09:00:769909,0
344.583,224.9214,2:09:00:774132,0
344.583,224.9214,2:09:00:778046,0
344.583,224.9214,2:09:00:782046,0
344.583,224.9214,2:09:00:786044,0
344.583,224.9214,2:09:00:790117,0
344.583,224.9214,2:09:00:794120,0
344.583,224.9214,2:09:00:798120,0
344.583,224.9214,2:09:00:802117,0
344.583,224.9214,2:09:00:806152,0
344.583,224.9214,2:09:00:811122,0
345.0503,224.3967,2:09:00:814140,0
345.0503,224.3967,2:09:00:818087,0
345.0503,224.3967,2:09:00:822130,0
345.0503,224.3967,2:09:00:826598,0
345.0503,224.3967,2:09:00:830601,0
345.2963,224.1052,2:09:00:834598,0
345.2963,224.1052,2:09:00:838599,0
345.2963,224.1052,2:09:00:842621,0
345.2963,224.1052,2:09:00:846739,0
345.2963,224.1052,2:09:00:850750,0
345.2963,224.1052,2:09:00:854749,0
345.2963,224.1052,2:09:00:858747,0
345.2963,224.1052,2:09:00:862749,0
345.2963,224.1052,2:09:00:866751,0
345.2963,224.1052,2:09:00:869751,0
345.2963,224.1052,2:09:00:874752,0
344.8044,224.1052,2:09:00:878752,0
344.8044,224.6299,2:09:00:882751,0
344.8044,224.6299,2:09:00:886751,0
344.8044,224.6299,2:09:00:890751,0
344.4846,224.6299,2:09:00:894750,0
344.4846,225.0672,2:09:00:898752,0
344.4846,225.0672,2:09:00:902752,0
344.4846,225.0672,2:09:00:906751,0
344.4846,225.0672,2:09:00:910753,0
344.4846,225.0672,2:09:00:914754,0
344.4846,225.0672,2:09:00:918768,0
344.4846,225.0672,2:09:00:922749,0
344.4846,225.0672,2:09:00:926753,0
344.4846,225.0672,2:09:00:930750,0
344.4846,225.0672,2:09:00:934750,0
344.4846,225.0672,2:09:00:938750,0
344.4846,225.0672,2:09:00:942747,0
344.9273,225.0672,2:09:00:946750,0
344.9273,225.0672,2:09:00:950748,0
344.9273,225.0672,2:09:00:954749,0
344.9273,225.0672,2:09:00:958749,0
345.1733,225.0672,2:09:00:962749,0
345.1733,225.0672,2:09:00:966029,0
345.1733,225.0672,2:09:00:970030,0
345.1733,225.0672,2:09:00:974030,0
345.3208,225.0672,2:09:00:978032,0
345.3208,225.0672,2:09:00:982029,0
345.3946,225.0672,2:09:00:986030,0
345.3946,225.0672,2:09:00:990031,0
345.4438,225.0672,2:09:00:994030,0
345.4684,225.0672,2:09:00:998030,0
345.5668,225.0672,2:09:01:002030,0
345.6406,225.0672,2:09:01:006030,0
345.739,225.0672,2:09:01:010030,0
345.8619,225.0672,2:09:01:014029,0
345.9849,225.0672,2:09:01:018029,0
346.1078,225.0672,2:09:01:022029,0
346.2308,224.5716,2:09:01:026034,0
346.3784,224.5716,2:09:01:030035,0
346.5013,224.5716,2:09:01:034035,0
346.6735,223.9886,2:09:01:038035,0
346.7965,223.9886,2:09:01:042034,0
346.9194,223.5513,2:09:01:046035,0
347.0424,223.5513,2:09:01:050035,417
347.1654,223.1141,2:09:01:055035,432
347.2638,222.8809,2:09:01:058039,461
347.3867,222.6477,2:09:01:063035,502
347.4851,222.4436,2:09:01:066034,567
347.5343,222.2104,2:09:01:071034,643
347.5835,221.9481,2:09:01:074036,732
347.6327,221.6857,2:09:01:078035,849
347.6573,221.4234,2:09:01:082035,974
347.7065,221.161,2:09:01:086034,1107
347.731,220.9278,2:09:01:091035,1233
347.731,220.6655,2:09:01:094035,1347
347.7802,220.4032,2:09:01:098035,1457
347.8294,220.17,2:09:01:102033,1556
347.8294,219.9951,2:09:01:106033,1656
347.854,219.8493,2:09:01:110032,1753
347.8786,219.7327,2:09:01:114032,1844
347.9278,219.5869,2:09:01:118046,1938
347.9524,219.4995,2:09:01:122032,2037
347.9524,219.4704,2:09:01:126032,2131
347.977,219.4412,2:09:01:130032,2225
347.977,219.4412,2:09:01:134032,2317
347.977,219.4412,2:09:01:138032,2400
348.0016,219.4412,2:09:01:142033,2488
348.0016,219.4412,2:09:01:146034,2569
348.0016,219.4412,2:09:01:150032,2643
348.0016,219.4412,2:09:01:154034,2712
348.0016,219.4412,2:09:01:158032,2765
348.0016,219.4412,2:09:01:162035,2809
348.0016,219.4412,2:09:01:166034,2846
348.0016,219.4412,2:09:01:170033,2871
348.0016,219.4412,2:09:01:174033,2888
348.0016,219.4412,2:09:01:178032,2902
348.0016,219.4412,2:09:01:182033,2926
348.0016,220.17,2:09:01:186035,2977
348.0016,220.6655,2:09:01:190032,3053
348.0016,221.2776,2:09:01:194035,3150
348.0016,222.1813,2:09:01:198032,3245
348.0016,223.2598,2:09:01:203032,3340
348.0016,224.5716,2:09:01:206069,3435
348.0016,226.204,2:09:01:210049,3538
348.0016,228.0113,2:09:01:214032,3665
348.0016,230.1393,2:09:01:218033,3798
348.4688,232.3838,2:09:01:222034,3940
348.4688,234.9198,2:09:01:226035,4071
348.4688,237.6017,2:09:01:230033,4189
348.8869,240.6041,2:09:01:234032,4308
348.8869,243.8398,2:09:01:238032,4417
348.8869,247.396,2:09:01:242034,4524
348.8869,251.1855,2:09:01:247032,4627
349.1329,255.2374,2:09:01:251036,4726
349.1329,259.3184,2:09:01:254034,4827
349.1329,263.4868,2:09:01:259033,4933
349.1329,267.597,2:09:01:262032,5054
349.1329,271.6488,2:09:01:267034,5188
349.1329,275.4966,2:09:01:271032,5318
349.1329,279.0529,2:09:01:274032,5457
349.1329,282.2595,2:09:01:278033,5581
349.1329,285.1744,2:09:01:282035,5680
349.1329,288.002,2:09:01:286032,5757
349.1329,290.5963,2:09:01:290033,5817
349.1329,293.045,2:09:01:294032,5847
349.1329,295.3186,2:09:01:299032,5875
349.1329,297.4466,2:09:01:302059,5888
349.1329,299.4288,2:09:01:306035,5882
349.1329,301.2944,2:09:01:310034,5890
349.1329,302.956,2:09:01:314032,5880
349.1329,304.3552,2:09:01:318032,5884
349.1329,305.6669,2:09:01:322035,5884
348.764,306.7746,2:09:01:326705,5846
348.764,307.6491,2:09:01:330044,5735
348.764,308.3487,2:09:01:334659,5554
348.764,308.8734,2:09:01:338667,5313
348.764,309.2815,2:09:01:342670,5027
348.764,309.5147,2:09:01:346668,4736
348.764,309.573,2:09:01:350670,4381
348.764,309.573,2:09:01:354667,3947
348.764,309.573,2:09:01:359112,3429
348.764,308.5527,2:09:01:362123,2826
348.764,307.7949,2:09:01:366665,2126
348.764,306.8037,2:09:01:370698,1379
348.764,305.5503,2:09:01:374095,745
348.764,304.1511,2:09:01:378062,281
348.764,302.5187,2:09:01:382152,0
349.2804,300.7989,2:09:01:387059,0
349.2804,298.9333,2:09:01:390061,0
349.2804,297.0968,2:09:01:394062,0
349.2804,295.2603,2:09:01:398793,0
349.2804,293.3947,2:09:01:402332,0
349.2804,291.6166,2:09:01:406678,0
349.2804,289.8384,2:09:01:410687,0
349.2804,288.1186,2:09:01:414689,0
349.2804,286.3987,2:09:01:418688,0
349.2804,284.8246,2:09:01:422703,0
349.2804,283.2214,2:09:01:426046,0
349.2804,281.7056,2:09:01:430818,0
349.2804,280.3064,2:09:01:433831,0
349.2804,278.9655,2:09:01:438828,0
349.2804,277.712,2:09:01:441826,0
349.2804,276.5169,2:09:01:446826,0
349.2804,275.4092,2:09:01:449828,0
349.2804,274.3598,2:09:01:453977,0
349.2804,273.3687,2:09:01:457985,0
349.7231,272.4359,2:09:01:462790,0
349.7231,271.5323,2:09:01:466337,0
349.7231,270.6286,2:09:01:470307,0
349.7231,269.7541,2:09:01:474305,0
349.7231,268.8213,2:09:01:478314,0
350.0428,267.8885,2:09:01:482305,0
350.0428,266.9557,2:09:01:486798,0
350.215,266.0521,2:09:01:490191,0
350.215,265.0901,2:09:01:494789,0
350.4363,264.1281,2:09:01:497800,0
350.4363,263.1079,2:09:01:501800,0
350.5593,262.0876,2:09:01:505797,0
350.5593,261.0382,2:09:01:510822,0
350.5593,260.018,2:09:01:513797,0
350.5593,258.9103,2:09:01:518794,0
350.5593,257.8318,2:09:01:522803,0
350.5593,256.7241,2:09:01:526930,1722
349.7969,255.558,2:09:01:529928,1724
349.7969,254.4212,2:09:01:534930,1721
348.9853,253.2843,2:09:01:537928,1733
348.5426,252.2058,2:09:01:542135,1761
348.0999,251.0981,2:09:01:546143,1829
347.6327,250.0487,2:09:01:550469,1937
347.2392,248.941,2:09:01:554479,2064
346.8456,247.9499,2:09:01:558796,2198
346.5013,246.9296,2:09:01:562838,2319
346.2062,245.9677,2:09:01:566833,2435
345.8865,244.9766,2:09:01:571843,2538
345.5422,244.0146,2:09:01:574834,2634
345.1733,243.0527,2:09:01:578832,2722
344.7306,242.1199,2:09:01:582891,2806
344.2633,241.2454,2:09:01:585904,2886
343.6731,240.4292,2:09:01:589934,2964
343.0336,239.6422,2:09:01:593904,3026
342.2958,238.9717,2:09:01:597903,3073
341.4596,238.3595,2:09:01:601933,3109
340.5251,237.8349,2:09:01:606738,3149
339.5167,237.4267,2:09:01:610912,3185
338.3854,237.0478,2:09:01:613911,3229
337.1311,236.8438,2:09:01:617909,3291
335.8523,236.7271,2:09:01:621911,3353
334.5734,236.698,2:09:01:625909,3426
333.2945,236.698,2:09:01:630795,3496
331.991,236.698,2:09:01:633805,3553
330.663,237.5434,2:09:01:637805,3606
329.3595,237.5434,2:09:01:641806,3658
328.0806,238.9134,2:09:01:646805,3712
326.8264,239.8754,2:09:01:650806,3768
325.5721,241.0122,2:09:01:654567,3829
324.2932,242.3531,2:09:01:658577,3887
323.0635,243.8398,2:09:01:662777,3943
321.8584,245.5596,2:09:01:666785,4004
320.7517,247.4252,2:09:01:670683,4068
319.6696,249.6115,2:09:01:674680,4146
318.6858,252.06,2:09:01:678691,4233
317.825,254.7127,2:09:01:682683,4312
317.0872,257.5694,2:09:01:687200,4395
316.5216,260.5427,2:09:01:690210,4459
316.1526,263.516,2:09:01:694830,4513
316.0051,266.4019,2:09:01:698830,4570
316.0051,269.2877,2:09:01:702830,4621
316.0051,271.882,2:09:01:706829,4681
316.8167,274.1849,2:09:01:710871,4757
317.5299,276.2254,2:09:01:713905,4830
318.4399,278.0035,2:09:01:718882,4911
319.522,279.4319,2:09:01:722881,4996
320.8255,280.6562,2:09:01:726881,5076
322.2765,281.6181,2:09:01:729881,5163
323.8997,282.376,2:09:01:734664,5231
325.5721,282.9008,2:09:01:738675,5302
327.4658,283.1923,2:09:01:742716,5351
329.4579,283.1923,2:09:01:746737,5391
331.5483,283.1923,2:09:01:750731,5428
333.7372,283.1923,2:09:01:754734,5447
335.9506,281.8805,2:09:01:758751,5462
338.1641,281.0352,2:09:01:762714,5469
340.3283,279.9566,2:09:01:766461,5467
342.4926,278.7906,2:09:01:770465,5459
344.5338,277.4206,2:09:01:774495,5455
346.5013,275.9922,2:09:01:778465,5442
348.3213,274.4764,2:09:01:782797,5400
350.0428,272.9606,2:09:01:786345,5315
351.5677,271.4156,2:09:01:790856,5177
353.0187,269.8998,2:09:01:793862,4983
354.3221,268.5006,2:09:01:798186,4754
355.4535,267.1306,2:09:01:802179,4491
356.4618,265.9063,2:09:01:807181,4173
357.3226,264.7403,2:09:01:810179,3790
358.0604,263.7492,2:09:01:814786,3335
358.6507,262.8747,2:09:01:817784,2783
359.1671,262.0585,2:09:01:822786,2061
359.5606,261.3006,2:09:01:826784,1285
359.8803,260.601,2:09:01:830786,647
360.1263,259.9014,2:09:01:834784,0
360.323,259.231,2:09:01:838787,0
360.4706,258.5897,2:09:01:842786,0
360.569,257.89,2:09:01:846786,0
360.6674,257.1321,2:09:01:849783,0
360.8395,256.3742,2:09:01:854786,0
361.0609,255.558,2:09:01:858799,0
361.2576,254.7127,2:09:01:862786,0
361.5773,253.7507,2:09:01:865784,0
362.0692,252.7888,2:09:01:869786,0
362.6594,251.6811,2:09:01:874791,0
363.3972,250.6026,2:09:01:878786,0
364.3564,249.4657,2:09:01:882786,0
365.3647,248.2706,2:09:01:885788,0
366.4961,247.1628,2:09:01:890788,0
367.7749,246.0843,2:09:01:894790,0
369.1522,245.0058,2:09:01:898795,0
370.554,243.8981,2:09:01:902788,0
372.0543,242.9944,2:09:01:906792,0
373.5299,242.0616,2:09:01:909789,0
375.0793,241.1579,2:09:01:914796,0
376.6533,240.3418,2:09:01:917788,0
378.2765,239.6422,2:09:01:922805,0
380.2194,239.0591,2:09:01:926794,0
382.2361,238.4762,2:09:01:930787,0
384.3019,238.0681,2:09:01:933798,0
386.4908,237.5725,2:09:01:938791,0
388.778,237.1353,2:09:01:942805,0
391.016,236.7563,2:09:01:946807,0
393.3524,236.3773,2:09:01:949788,0
395.6151,235.9693,2:09:01:954799,0
397.6809,235.5903,2:09:01:958788,0
399.5992,235.2113,2:09:01:961788,0
401.4192,234.8324,2:09:01:966786,0
403.067,234.5117,2:09:01:970786,0
404.5672,234.1619,2:09:01:974793,0
405.8215,233.8413,2:09:01:977818,0
406.8544,233.5789,2:09:01:982736,0
407.666,233.2,2:09:01:986362,0
408.2317,232.8793,2:09:01:990788,0
408.576,232.5296,2:09:01:994126,0
408.6989,232.1797,2:09:01:998229,0
408.6989,231.7717,2:09:02:002107,0
408.6989,231.3927,2:09:02:006108,0
407.9857,230.9846,2:09:02:010106,0
407.9857,230.5765,2:09:02:014789,0
407.0511,230.1976,2:09:02:018100,0
406.5101,229.8477,2:09:02:022103,0
406.0428,229.498,2:09:02:026123,0
405.5509,229.1773,2:09:02:031209,0
405.1082,228.9149,2:09:02:034493,0
404.6902,228.6526,2:09:02:038495,0
404.2721,228.4777,2:09:02:042493,0
403.8048,228.3611,2:09:02:046495,0
403.3621,228.2737,2:09:02:050496,0
402.8948,228.2737,2:09:02:054695,0
402.3292,228.2737,2:09:02:058703,0
401.7881,228.2737,2:09:02:062039,0
401.1978,228.2737,2:09:02:066039,0
400.6814,228.2737,2:09:02:070035,0
400.1403,228.2737,2:09:02:074041,0
399.5746,228.9733,2:09:02:078789,0
399.0582,228.9733,2:09:02:082799,0
398.5909,228.9733,2:09:02:086787,0
398.0744,228.9733,2:09:02:089798,0
397.6317,228.9733,2:09:02:094795,0
397.2628,228.9733,2:09:02:097800,0
396.8694,228.9733,2:09:02:102795,0
396.4758,228.9733,2:09:02:106153,0
396.2053,228.2445,2:09:02:110803,0
395.9594,228.2445,2:09:02:114809,0
395.738,228.2445,2:09:02:118803,0
395.6396,227.5741,2:09:02:121802,0
395.5413,227.5741,2:09:02:126469,0
395.4921,227.166,2:09:02:130468,0
395.4675,227.166,2:09:02:134550,0
395.4675,226.8453,2:09:02:138469,0
395.4675,226.8453,2:09:02:142469,0
395.4675,226.5538,2:09:02:146724,0
395.4675,226.5538,2:09:02:150734,0
395.4675,226.3497,2:09:02:154731,0
395.4675,226.3497,2:09:02:158764,0
395.4675,226.204,2:09:02:162745,0
395.4675,226.0874,2:09:02:166733,0
395.4675,226,2:09:02:170433,0
395.4675,225.8833,2:09:02:174442,0
395.4675,225.7668,2:09:02:178800,0
395.4675,225.5918,2:09:02:181810,0
395.4675,225.4461,2:09:02:186157,0
395.4675,225.2129,2:09:02:190159,0
395.4675,224.9505,2:09:02:194155,0
395.4675,224.7173,2:09:02:198156,0
395.4675,224.4841,2:09:02:202795,0
395.4675,224.2218,2:09:02:205830,0
395.4675,223.872,2:09:02:210790,0
395.4675,223.5805,2:09:02:214138,0
395.4675,223.2598,2:09:02:218142,0
395.4675,222.9392,2:09:02:222138,0
395.4675,222.6477,2:09:02:226140,0
395.4675,222.327,2:09:02:230140,0
395.4675,221.9772,2:09:02:234784,0
394.9756,221.6566,2:09:02:238123,0
394.9756,221.2776,2:09:02:242124,0
394.9756,220.9278,2:09:02:247124,0
394.9756,220.5197,2:09:02:250125,0
394.9756,220.1116,2:09:02:254788,0
394.9756,219.6452,2:09:02:257798,0
394.9756,219.1788,2:09:02:261973,0
394.9756,218.7708,2:09:02:266004,0
394.9756,218.3335,2:09:02:271191,0
394.9756,217.8671,2:09:02:274203,0
394.9756,217.4007,2:09:02:278217,0
394.9756,216.876,2:09:02:282193,0
394.9756,216.4096,2:09:02:286787,0
394.9756,215.8849,2:09:02:290115,0
394.9756,215.3311,2:09:02:294169,0
395.3691,214.748,2:09:02:298115,0
395.3691,214.1359,2:09:02:302117,0
395.3691,213.5529,2:09:02:306115,0
395.3691,212.9116,2:09:02:310794,869
395.6151,212.2411,2:09:02:313804,914
395.6151,211.5999,2:09:02:318796,1017
395.6151,210.9294,2:09:02:322806,1165
395.7626,210.2881,2:09:02:326724,1378
395.7626,209.5885,2:09:02:330709,1601
395.8856,208.918,2:09:02:334767,1819
395.984,208.3059,2:09:02:338730,2044
396.0086,207.7229,2:09:02:342132,2251
396.1069,207.2565,2:09:02:346140,2448
396.1315,206.8192,2:09:02:350985,2634
396.2053,206.4403,2:09:02:353991,2802
396.2299,206.1779,2:09:02:358064,2957
396.2791,205.9739,2:09:02:362012,3094
396.2791,205.799,2:09:02:365991,3201
396.2791,205.7115,2:09:02:369993,3278
396.2791,205.6241,2:09:02:374741,3323
396.2791,205.6241,2:09:02:379110,3337
396.2791,205.6241,2:09:02:382100,3343
396.2791,205.6241,2:09:02:386098,3355
396.2791,205.6241,2:09:02:390306,3392
396.2791,206.4403,2:09:02:394223,3465
395.861,207.1107,2:09:02:398222,3560
395.861,207.9852,2:09:02:402223,3669
395.4675,209.1804,2:09:02:406333,3777
395.1232,210.6671,2:09:02:410220,3880
394.8035,212.5035,2:09:02:414737,3978
394.4592,214.7772,2:09:02:418755,4069
394.0411,217.3132,2:09:02:422800,4150
393.6721,220.17,2:09:02:425802,4216
393.2787,223.2016,2:09:02:430802,4279
392.9835,226.3497,2:09:02:434803,4340
392.7622,229.5854,2:09:02:438695,4396
392.713,232.7336,2:09:02:442702,4451
392.713,235.7652,2:09:02:446704,4500
392.713,238.5345,2:09:02:450726,4549
392.713,241.0997,2:09:02:454704,4603
393.4508,243.4317,2:09:02:458708,4664
394.0411,245.5013,2:09:02:462756,4736
394.7297,247.3378,2:09:02:466717,4811
395.6151,249.0576,2:09:02:470789,4893
396.5742,250.4859,2:09:02:474800,4969
397.7055,251.7686,2:09:02:478194,5051
398.9598,252.8763,2:09:02:482197,5139
400.2387,253.7507,2:09:02:486197,5228
401.5667,254.392,2:09:02:490197,5328
402.944,254.8293,2:09:02:494197,5438
404.3213,255.0042,2:09:02:498224,5556
405.6739,255.0042,2:09:02:502196,5687
407.002,255.0042,2:09:02:506193,5796
408.3055,254.3046,2:09:02:510195,5888
409.5843,253.605,2:09:02:514193,5962
410.814,252.6431,2:09:02:518193,6000
412.0683,251.5354,2:09:02:522192,6046
413.2488,250.2236,2:09:02:526192,6072
414.4785,248.7661,2:09:02:530193,6090
415.659,247.0754,2:09:02:534197,6104
416.7903,245.2681,2:09:02:538197,6105
417.8478,243.315,2:09:02:543199,6104
418.8562,241.2162,2:09:02:546196,6092
419.7661,238.9717,2:09:02:551196,6077
420.6023,236.698,2:09:02:554197,6060
421.3155,234.3951,2:09:02:558194,6046
421.955,232.0923,2:09:02:562197,6032
422.4468,229.9061,2:09:02:566197,5997
422.8158,227.9238,2:09:02:570196,5920
423.1109,226.1749,2:09:02:574197,5784
423.2584,224.6299,2:09:02:578197,5564
423.3076,223.3473,2:09:02:582197,5279
423.3076,222.2979,2:09:02:586197,4961
423.3076,221.4234,2:09:02:590197,4608
423.3076,220.7238,2:09:02:594197,4240
422.6928,220.17,2:09:02:598199,3843
422.6928,219.7327,2:09:02:602197,3410
422.1517,219.412,2:09:02:606197,2949
422.1517,219.208,2:09:02:610197,2431
421.6353,219.1497,2:09:02:614197,1831
421.6353,219.1497,2:09:02:618196,1170
421.6353,219.1497,2:09:02:622199,610
421.2664,219.1497,2:09:02:626199,215
421.2664,220.1991,2:09:02:630199,0
421.2664,220.8404,2:09:02:634197,0
421.2664,221.4817,2:09:02:638195,0
421.2664,222.1813,2:09:02:642195,0
421.2664,222.8517,2:09:02:646202,0
422.0287,223.4639,2:09:02:650195,0
422.0287,224.0177,2:09:02:654194,0
422.619,224.4841,2:09:02:658195,0
422.619,224.4841,2:09:02:662194,0
423.4306,224.8048,2:09:02:666192,0
423.9225,224.8048,2:09:02:670794,0
424.5127,224.8048,2:09:02:674143,0
425.103,224.8048,2:09:02:678669,0
425.7424,223.8137,2:09:02:682677,0
426.4802,223.8137,2:09:02:686697,0
427.1689,222.5894,2:09:02:690681,0
427.882,221.8315,2:09:02:694681,0
428.5707,220.9861,2:09:02:698681,0
429.2593,220.17,2:09:02:702325,0
429.8987,219.2955,2:09:02:706705,0
430.5628,218.3918,2:09:02:710724,0
431.153,217.4299,2:09:02:714783,0
431.6449,216.4388,2:09:02:718103,0
432.0384,215.4476,2:09:02:722106,1958
432.3827,214.4857,2:09:02:726128,1986
432.6287,213.582,2:09:02:730103,2076
432.7762,212.7076,2:09:02:734106,2233
432.8992,211.9205,2:09:02:737965,2460
432.973,211.2209,2:09:02:742974,2715
432.973,210.6962,2:09:02:746141,2960
432.973,210.3172,2:09:02:751151,3184
432.973,210.1132,2:09:02:754621,3371
432.973,209.9675,2:09:02:758634,3513
432.973,209.9091,2:09:02:762629,3609
432.973,209.9091,2:09:02:766630,3663
432.973,209.9091,2:09:02:770710,3708
432.973,209.9091,2:09:02:774721,3781
432.973,210.8128,2:09:02:778797,3881
432.973,211.5415,2:09:02:782818,4010
432.973,212.4743,2:09:02:785823,4155
432.973,213.8736,2:09:02:789835,4293
432.973,215.7683,2:09:02:794077,4435
432.973,218.1003,2:09:02:798077,4581
433.637,220.957,2:09:02:802095,4722
433.637,224.2509,2:09:02:806081,4871
433.637,227.9238,2:09:02:810736,5015
434.1043,231.83,2:09:02:814088,5160
434.1043,236.1441,2:09:02:817893,5302
434.1043,240.4583,2:09:02:821902,5476
434.1043,244.9766,2:09:02:825904,5670
434.1043,249.6406,2:09:02:829901,5876
434.1043,254.3046,2:09:02:833903,6084
434.1043,258.9395,2:09:02:837901,6233
433.2927,263.516,2:09:02:842699,6344
432.7516,267.9468,2:09:02:846707,6395
432.1614,272.2318,2:09:02:850707,6421
431.5711,276.3712,2:09:02:854710,6433
430.9809,280.1606,2:09:02:858707,6436
430.366,283.5421,2:09:02:862709,6454
429.825,286.6611,2:09:02:866866,6453
429.3823,289.5178,2:09:02:869923,6395
428.9642,292.083,2:09:02:874789,6231
428.9642,294.415,2:09:02:877799,5923
428.5707,296.3972,2:09:02:882799,5494
428.5707,298.117,2:09:02:886796,4982
428.3493,299.4288,2:09:02:889797,4399
428.3493,300.5074,2:09:02:893798,3776
428.3493,301.2944,2:09:02:898797,3053
428.3493,301.7025,2:09:02:902798,2098
428.3493,301.7025,2:09:02:906797,1229
428.2264,301.7025,2:09:02:910796,541
428.0542,300.6531,2:09:02:913796,0
427.8575,299.6328,2:09:02:918798,0
427.464,298.292,2:09:02:922797,0
427.0459,296.5721,2:09:02:926798,0
426.431,294.4733,2:09:02:930797,0
425.6932,291.9081,2:09:02:934797,0
424.857,289.1097,2:09:02:938797,0
423.9225,285.9323,2:09:02:941797,0
422.8895,282.4052,2:09:02:946798,0
421.8074,278.674,2:09:02:949798,0
420.7991,274.8262,2:09:02:954797,0
419.7169,270.6577,2:09:02:957798,0
418.7824,266.6059,2:09:02:962797,0
417.9216,262.4083,2:09:02:965797,0
417.0116,258.2982,2:09:02:970797,0
416.2492,254.188,2:09:02:973797,0
415.536,250.2819,2:09:02:977796,0
414.8474,246.5215,2:09:02:981796,0
414.1342,242.8778,2:09:02:985797,0
413.4209,239.4673,2:09:02:989796,0
412.6339,236.0567,2:09:02:994797,0
411.8469,232.9959,2:09:02:997799,0
411.0845,229.9352,2:09:03:001797,0
410.2729,227.1368,2:09:03:005798,0
409.3876,224.1635,2:09:03:009797,0
408.3792,221.2193,2:09:03:013798,0
407.4447,218.3335,2:09:03:017796,0
406.4855,215.4768,2:09:03:022796,0
405.3542,212.6201,2:09:03:026797,0
404.1737,209.7634,2:09:03:029796,0
402.8702,207.0233,2:09:03:034798,0
401.5421,204.3415,2:09:03:037797,0
400.2141,201.922,2:09:03:042798,0
399.009,199.6192,2:09:03:046798,0
397.7055,197.4912,2:09:03:049797,0
396.3283,195.4507,2:09:03:053828,0
395.1478,193.6434,2:09:03:058788,0
393.9919,192.011,2:09:03:062166,0
392.8852,190.437,2:09:03:066922,0
391.7292,189.0669,2:09:03:069932,0
390.7455,187.7551,2:09:03:073934,0
389.6388,186.4434,2:09:03:078932,0
388.6796,185.2774,2:09:03:081968,0
387.868,184.1405,2:09:03:085930,0
387.1056,183.0037,2:09:03:090785,0
386.4662,181.7211,2:09:03:093796,0
386.0481,180.4968,2:09:03:098795,0
385.8268,179.185,2:09:03:101796,0
385.8268,177.815,2:09:03:106796,0
385.8268,176.5033,2:09:03:110796,0
385.8268,175.1332,2:09:03:113795,0
386.9827,173.7048,2:09:03:118925,0
387.7451,172.2473,2:09:03:121935,0
388.6058,170.9356,2:09:03:126935,0
389.5896,169.653,2:09:03:129935,0
390.4996,168.4579,2:09:03:133934,0
391.3849,167.3793,2:09:03:138126,0
392.1965,166.4465,2:09:03:142641,0
392.9589,165.6012,2:09:03:146650,0
393.623,164.989,2:09:03:150649,0
394.0902,164.4935,2:09:03:154647,0
394.5083,164.1145,2:09:03:158704,0
394.7789,163.8813,2:09:03:162049,0
395.0248,163.7647,2:09:03:166733,0
395.0248,163.6772,2:09:03:170659,0
395.197,163.6772,2:09:03:174192,0
395.197,163.6772,2:09:03:178202,0
395.197,163.6772,2:09:03:182200,0
395.197,163.6772,2:09:03:186200,0
394.5821,163.6772,2:09:03:190199,0
394.5821,164.4935,2:09:03:194200,0
393.9673,164.4935,2:09:03:198200,0
393.9673,165.1348,2:09:03:202200,0
393.2787,165.1348,2:09:03:206200,0
393.2787,165.6303,2:09:03:210200,1216
392.4179,165.6303,2:09:03:214200,1216
391.926,166.2133,2:09:03:218201,1207
391.3358,166.2133,2:09:03:222199,1203
390.6471,166.942,2:09:03:226202,1207
389.9339,167.4668,2:09:03:230740,1219
389.0239,168.0789,2:09:03:234215,1253
388.0648,168.8951,2:09:03:237965,1305
386.9581,169.8279,2:09:03:241975,1396
385.753,170.7899,2:09:03:246299,1526
384.5233,171.7809,2:09:03:250310,1682
383.2444,172.7429,2:09:03:254309,1855
381.9901,173.6174,2:09:03:258326,2018
380.7358,174.317,2:09:03:262309,2171
379.5554,174.8125,2:09:03:266307,2316
378.4732,175.2206,2:09:03:270793,2447
377.3911,175.4247,2:09:03:274803,2578
376.4565,175.483,2:09:03:278547,2702
375.5958,175.483,2:09:03:282545,2814
374.735,175.483,2:09:03:286544,2930
373.9234,175.483,2:09:03:290547,3025
373.161,174.4628,2:09:03:294506,3111
372.374,174.4628,2:09:03:298552,3189
371.6607,173.2968,2:09:03:302716,3271
370.9475,172.5972,2:09:03:306661,3353
370.2097,171.8392,2:09:03:310650,3424
369.5211,171.0231,2:09:03:314617,3500
368.9063,170.0903,2:09:03:318731,3554
368.316,169.1283,2:09:03:322277,3601
367.8241,168.0789,2:09:03:325964,3651
367.3814,167.0004,2:09:03:329963,3698
367.0617,165.9509,2:09:03:333964,3738
366.8404,164.8432,2:09:03:338964,3777
366.742,163.7064,2:09:03:343001,3808
366.742,162.5987,2:09:03:345989,3821
366.742,161.5493,2:09:03:350458,3834
367.5044,160.4124,2:09:03:354470,3842
368.1438,159.3631,2:09:03:358584,3847
369.0538,158.3136,2:09:03:362469,3859
370.1605,157.3517,2:09:03:366733,3870
371.4886,156.3898,2:09:03:370500,3887
373.0872,155.5735,2:09:03:374733,3903
374.8087,154.9031,2:09:03:378384,3916
376.7025,154.4367,2:09:03:382787,3938
378.7437,154.2327,2:09:03:385800,3967
380.908,154.2327,2:09:03:390797,3996
383.146,154.2327,2:09:03:393797,4037
385.4087,155.5152,2:09:03:398797,4085
387.7451,156.6812,2:09:03:401797,4138
390.2044,158.1971,2:09:03:406447,4201
392.7376,160.0627,2:09:03:410408,4273
395.3691,162.2489,2:09:03:414528,4347
397.9761,164.6392,2:09:03:418410,4424
400.6322,167.2627,2:09:03:422784,4516
403.2883,170.0611,2:09:03:426794,4618
406.0182,173.0927,2:09:03:430761,4728
408.6252,176.2992,2:09:03:434758,4835
411.2321,179.6514,2:09:03:438757,4945
413.7161,183.0912,2:09:03:442772,5035
416.2,186.5309,2:09:03:446296,5108
418.561,189.9414,2:09:03:451105,5165
420.8482,193.3228,2:09:03:454317,5193
423.1109,196.6167,2:09:03:459227,5219
425.2751,199.7358,2:09:03:462230,5226
427.4148,202.6508,2:09:03:466229,5232
429.3823,205.4492,2:09:03:470388,5243
431.2514,208.1019,2:09:03:474418,5242
432.9976,210.6671,2:09:03:478903,5255
434.6454,213.2614,2:09:03:481913,5241
436.2685,215.8557,2:09:03:486039,5150
437.7196,218.3918,2:09:03:489916,4981
439.023,220.8696,2:09:03:495069,4692
440.2527,223.2598,2:09:03:498079,4278
441.4086,225.4461,2:09:03:502079,3783
442.4662,227.3992,2:09:03:506082,3189
443.4745,229.2065,2:09:03:510156,2452
444.4091,230.664,2:09:03:514079,1570
445.2698,231.7717,2:09:03:518921,842
446.1306,232.6461,2:09:03:521933,0
446.9422,233.2,2:09:03:526142,0
447.6554,233.4623,2:09:03:530143,0
448.2949,233.4623,2:09:03:535145,0
448.9343,233.4623,2:09:03:538142,0
449.5492,232.6461,2:09:03:542142,0
450.2132,231.9757,2:09:03:546143,0
450.828,231.2178,2:09:03:550783,0
451.5904,230.3433,2:09:03:554328,0
452.3774,229.498,2:09:03:558789,0
453.3366,228.7692,2:09:03:561797,0
454.4679,228.1279,2:09:03:566479,0
455.6976,227.6032,2:09:03:569993,0
457.124,227.6032,2:09:03:573998,0
458.6242,226.9619,2:09:03:577993,0
460.1982,226.9619,2:09:03:582995,0
461.8706,226.9619,2:09:03:587995,0
463.6414,226.9619,2:09:03:589995,0
465.4613,226.9619,2:09:03:593995,0
467.3058,226.9619,2:09:03:597995,0
469.1012,226.9619,2:09:03:602782,0
471.0441,227.6906,2:09:03:606321,0
472.9132,227.6906,2:09:03:610345,0
474.8807,228.5652,2:09:03:614346,0
476.799,228.5652,2:09:03:618345,0
478.5698,229.4397,2:09:03:622346,0
480.3159,229.9352,2:09:03:626449,0
481.8162,230.3433,2:09:03:630460,0
483.1442,230.3433,2:09:03:634362,0
484.128,230.9554,2:09:03:638362,0
484.8412,230.9554,2:09:03:642638,0
485.2839,230.9554,2:09:03:646647,0
485.4068,230.9554,2:09:03:650693,0
485.4068,230.9554,2:09:03:654691,0
485.4068,230.9554,2:09:03:658698,0
485.4068,230.9554,2:09:03:662692,0
484.5952,230.9554,2:09:03:666705,0
484.5952,229.9352,2:09:03:670789,0
484.5952,229.9352,2:09:03:674122,0
484.5952,229.1481,2:09:03:678122,0
484.5952,229.1481,2:09:03:683122,0
484.5952,228.3611,2:09:03:686123,0
484.5952,228.3611,2:09:03:690124,0
484.5952,227.7781,2:09:03:694786,0
484.5952,227.7781,2:09:03:698147,0
484.5952,227.3992,2:09:03:702256,0
484.5952,227.3992,2:09:03:706269,0
484.5952,227.3992,2:09:03:710266,0
484.5952,227.3992,2:09:03:714316,0
484.0788,227.3992,2:09:03:718314,0
484.0788,227.2242,2:09:03:722316,0
484.0788,227.2242,2:09:03:726314,0
484.0788,227.2242,2:09:03:730782,0
484.0788,227.2242,2:09:03:734120,0
484.0788,227.0493,2:09:03:738074,0
484.0788,226.8161,2:09:03:742073,0
484.0788,226.4372,2:09:03:746073,1967
484.0788,226.0291,2:09:03:750075,1970
484.0788,225.5918,2:09:03:754073,1981
484.0788,225.1837,2:09:03:758073,2011
484.0788,224.7757,2:09:03:762073,2056
484.0788,224.3676,2:09:03:766072,2120
484.0788,224.076,2:09:03:770075,2198
484.0788,223.872,2:09:03:774083,2286
484.0788,223.8428,2:09:03:778076,2373
484.0788,223.8137,2:09:03:783074,2455
483.4393,223.8137,2:09:03:786074,2529
483.4393,223.8137,2:09:03:790074,2585
482.7261,223.8137,2:09:03:794076,2650
482.1359,223.8137,2:09:03:798073,2727
481.3735,224.4258,2:09:03:802073,2817
480.4881,224.4258,2:09:03:806073,2932
479.5043,224.4258,2:09:03:810073,3060
478.4468,225.1254,2:09:03:814073,3192
477.3155,225.1254,2:09:03:819073,3345
476.2088,225.1254,2:09:03:822088,3501
475.1021,225.1254,2:09:03:827073,3654
474.0691,225.1254,2:09:03:830076,3810
473.11,225.1254,2:09:03:834075,3949
472.1754,225.1254,2:09:03:839075,4085
471.2654,224.2218,2:09:03:842075,4214
470.3801,223.5513,2:09:03:846073,4324
469.6422,222.7643,2:09:03:850076,4425
468.929,221.8024,2:09:03:855074,4505
468.265,220.8404,2:09:03:859096,4580
467.7239,219.8201,2:09:03:862073,4654
467.3058,218.6833,2:09:03:866073,4714
467.0107,217.5756,2:09:03:870073,4771
466.8878,216.3513,2:09:03:874073,4814
466.8878,215.2436,2:09:03:878078,4841
466.8878,214.1359,2:09:03:882073,4866
466.8878,213.174,2:09:03:886076,4884
467.9453,212.212,2:09:03:890073,4900
468.6339,211.3667,2:09:03:895075,4920
469.4947,210.6379,2:09:03:898074,4928
470.4293,210.0257,2:09:03:902077,4933
471.4622,209.5885,2:09:03:906532,4934
472.6181,209.2679,2:09:03:910532,4932
473.8232,209.0929,2:09:03:914532,4935
475.0775,209.0929,2:09:03:918532,4935
476.3564,209.0929,2:09:03:922533,4932
477.6106,209.0929,2:09:03:926531,4938
478.8157,210.3172,2:09:03:930418,4947
480.0454,211.2209,2:09:03:934428,4958
481.2259,212.3286,2:09:03:938428,5000
482.2589,213.8444,2:09:03:942429,5034
483.1934,215.7683,2:09:03:946428,5086
483.9804,218.1003,2:09:03:950428,5152
484.5706,220.7821,2:09:03:954428,5215
484.9641,223.8137,2:09:03:958427,5295
485.1363,227.1077,2:09:03:962428,5366
485.1363,230.5765,2:09:03:966428,5438
484.4969,234.2494,2:09:03:971438,5499
483.7837,237.9514,2:09:03:974428,5565
482.7507,241.6243,2:09:03:978428,5670
481.3489,245.239,2:09:03:982428,5779
479.7257,248.8535,2:09:03:986427,5923
477.832,252.4682,2:09:03:990428,6071
475.7415,255.937,2:09:03:994790,6194
473.4297,259.3475,2:09:03:998801,6326
471.0195,262.554,2:09:04:002919,6441
468.5109,265.5857,2:09:04:005932,6551
466.0516,268.3841,2:09:04:010026,6651
463.6414,270.891,2:09:04:013929,6727
461.4034,272.9897,2:09:04:017931,6787
459.2637,274.7096,2:09:04:021929,6829
457.37,276.0797,2:09:04:026725,6874
455.7468,277.0999,2:09:04:030445,6917
454.2957,277.8578,2:09:04:034441,6960
453.1398,278.2659,2:09:04:038443,7001
452.1807,278.3825,2:09:04:043009,7037
451.4183,278.3825,2:09:04:046019,7066
450.7788,278.3825,2:09:04:050022,7083
450.2624,277.0707,2:09:04:054019,7093
449.8935,275.9922,2:09:04:058019,7097
449.6475,274.6222,2:09:04:062019,7095
449.5246,272.844,2:09:04:066020,7091
449.5246,270.7452,2:09:04:070053,7073
449.5246,268.2966,2:09:04:074781,7052
449.5246,265.5857,2:09:04:078792,7044
450.5821,262.9038,2:09:04:081791,7033
451.2953,260.222,2:09:04:086466,7025
452.1807,257.686,2:09:04:090465,7020
453.0415,255.354,2:09:04:094493,7006
454.0744,253.3427,2:09:04:098466,6998
455.1565,251.7686,2:09:04:102466,6993
456.2386,250.6026,2:09:04:106467,6987
457.2962,249.903,2:09:04:110732,6986
458.3537,249.4366,2:09:04:114740,6979
459.3867,249.1742,2:09:04:118741,6974
460.4934,249.1742,2:09:04:122740,6977
461.6739,249.1742,2:09:04:126740,6975
462.9036,250.1653,2:09:04:130446,6980
464.207,250.894,2:09:04:134454,6994
465.5843,251.9143,2:09:04:138456,7004
467.0107,253.1969,2:09:04:142468,7024
468.5109,254.8002,2:09:04:146456,7043
470.0357,256.6657,2:09:04:150454,7056
471.536,258.7646,2:09:04:154506,7074
472.9378,261.0382,2:09:04:158530,7089
474.2905,263.4577,2:09:04:162180,7105
475.5201,266.0521,2:09:04:166084,7116
476.6023,268.6464,2:09:04:170143,7124
477.5614,271.1533,2:09:04:174082,7124
478.4222,273.6019,2:09:04:178991,7109
479.1108,275.9048,2:09:04:182004,7066
479.7257,278.0619,2:09:04:186074,6962
480.2668,280.0732,2:09:04:190001,6783
480.734,281.968,2:09:04:194117,6496
481.1767,283.7169,2:09:04:198014,6092
481.5456,285.1744,2:09:04:202718,5601
481.9391,286.5154,2:09:04:206239,5078
482.3572,287.5939,2:09:04:210234,4556
482.7261,288.4684,2:09:04:214234,4058
483.1688,289.1389,2:09:04:218232,3560
483.5623,289.5761,2:09:04:222238,3010
484.0788,289.6927,2:09:04:226725,2325
484.6198,289.6927,2:09:04:230238,1512
485.1609,289.6927,2:09:04:234238,821
485.7266,288.381,2:09:04:238237,293
486.3414,287.4482,2:09:04:242238,0
486.9808,286.2821,2:09:04:246237,0
487.5957,284.8538,2:09:04:250790,0
488.1859,283.2214,2:09:04:254305,0
488.7762,281.3267,2:09:04:258733,0
489.3173,279.257,2:09:04:262319,0
489.9075,277.0416,2:09:04:266445,0
490.5469,274.5638,2:09:04:270336,0
491.1864,271.9403,2:09:04:274339,0
491.9734,269.1128,2:09:04:278339,0
492.8833,266.1104,2:09:04:282730,0
493.8671,263.0787,2:09:04:286497,0
494.9738,260.018,2:09:04:290783,0
496.1543,256.9281,2:09:04:293793,0
497.4086,253.8965,2:09:04:298793,0
498.6137,250.9523,2:09:04:301793,0
499.7696,248.1248,2:09:04:306791,0
500.8763,245.4138,2:09:04:310793,0
501.8355,242.9361,2:09:04:314789,0
502.7209,240.5458,2:09:04:317815,0
503.4341,238.243,2:09:04:322790,0
504.0489,236.0567,2:09:04:326799,0
504.59,233.8996,2:09:04:330799,0
505.0818,231.7717,2:09:04:334797,0
505.4999,229.498,2:09:04:338813,0
505.8197,227.37,2:09:04:342277,0
506.1148,225.1254,2:09:04:346283,0
506.3361,222.8517,2:09:04:350825,0
506.4591,220.6072,2:09:04:353824,2653
506.5083,218.5084,2:09:04:358785,2690
506.5083,216.5845,2:09:04:362795,2774
506.5083,214.9521,2:09:04:366795,2910
506.5083,213.6695,2:09:04:370797,3089
506.5083,212.5618,2:09:04:374792,3255
505.8442,211.7747,2:09:04:378795,3408
505.8442,211.2792,2:09:04:382788,3537
505.8442,210.9877,2:09:04:385941,3633
505.8442,210.9294,2:09:04:390805,3719
505.4261,210.9294,2:09:04:393808,3823
505.4261,210.9294,2:09:04:398805,3950
505.4261,211.7456,2:09:04:401808,4127
505.4261,212.5035,2:09:04:406830,4353
505.4261,213.6987,2:09:04:410839,4573
505.4261,215.4476,2:09:04:414783,4784
505.4261,217.7213,2:09:04:417795,4989
506.1886,220.5489,2:09:04:422793,5187
506.1886,223.9012,2:09:04:426794,5410
507.0002,227.6906,2:09:04:430793,5666
507.4674,231.7133,2:09:04:433836,5926
507.9347,236.0275,2:09:04:437901,6178
508.402,240.4292,2:09:04:441820,6420
508.7955,244.9183,2:09:04:446291,6632
509.1152,249.3491,2:09:04:450302,6827
509.1152,253.6924,2:09:04:454383,7020
509.4103,257.9483,2:09:04:458302,7182
509.4103,262.0585,2:09:04:462784,7311
509.4103,266.0521,2:09:04:465795,7408
508.5496,269.8707,2:09:04:470734,7467
507.9839,273.5728,2:09:04:474743,7496
507.369,276.9542,2:09:04:478743,7514
506.6559,280.1606,2:09:04:482743,7523
505.9426,283.0465,2:09:04:486742,7530
505.1802,285.7283,2:09:04:490744,7532
504.5408,288.2935,2:09:04:494788,7519
503.9013,290.6547,2:09:04:498799,7459
503.4095,292.8701,2:09:04:501798,7323
503.0406,294.8814,2:09:04:506799,7082
502.7209,296.6887,2:09:04:510799,6675
502.7209,298.1754,2:09:04:514799,6112
502.4257,299.3997,2:09:04:518798,5491
502.4257,300.3325,2:09:04:522798,4871
502.4257,300.9446,2:09:04:525801,4286
502.4257,301.2653,2:09:04:530811,3730
502.4257,301.2653,2:09:04:534799,3089
502.4257,301.2653,2:09:04:538800,2218
503.1143,300.0992,2:09:04:541804,1342
503.1143,299.1082,2:09:04:546805,639
503.6308,297.8547,2:09:04:550799,0
503.6308,296.368,2:09:04:554808,0
503.6308,294.619,2:09:04:557798,0
504.0489,292.666,2:09:04:562812,0
504.0489,290.3632,2:09:04:565799,0
504.0489,287.9146,2:09:04:570799,0
504.0489,285.3202,2:09:04:573798,0
503.4095,282.6384,2:09:04:578810,0
503.4095,279.9566,2:09:04:581798,0
502.7455,277.2748,2:09:04:586802,0
502.7455,274.6222,2:09:04:589799,0
502.0568,272.2027,2:09:04:594821,0
501.6633,269.9582,2:09:04:597801,0
501.1469,268.0051,2:09:04:602799,0
500.4582,266.3435,2:09:04:606801,0
499.622,264.8569,2:09:04:610803,0
498.5399,263.516,2:09:04:613799,0
497.0889,262.2625,2:09:04:618800,0
495.3181,261.1548,2:09:04:621798,0
493.2523,260.0763,2:09:04:626796,0
490.8175,259.0561,2:09:04:630799,0
488.1367,258.0358,2:09:04:633798,0
485.1363,256.9864,2:09:04:637799,0
481.8162,255.937,2:09:04:642800,0
478.1763,254.7419,2:09:04:646734,0
474.1675,253.5759,2:09:04:650743,0
469.7898,252.235,2:09:04:653771,0
465.0186,250.7775,2:09:04:658743,0
459.9523,249.1159,2:09:04:662783,0
454.4679,247.3086,2:09:04:666794,0
448.6392,245.3264,2:09:04:670781,0
442.3432,243.2276,2:09:04:673783,0
435.8504,241.1579,2:09:04:678786,0
429.1609,238.9717,2:09:04:681786,0
422.3485,236.8438,2:09:04:685785,0
415.2901,234.8033,2:09:04:690785,0
408.0841,232.9085,2:09:04:694780,0
400.8289,231.2469,2:09:04:698139,0
393.5246,229.7603,2:09:04:702732,0
386.2448,228.4777,2:09:04:706741,0
378.8175,227.2825,2:09:04:710742,0
371.4886,226.3206,2:09:04:714742,0
364.1351,225.5918,2:09:04:718742,0
356.8553,224.834,2:09:04:721741,0
349.5756,224.2509,2:09:04:726740,0
342.3942,223.5805,2:09:04:730740,0
335.262,222.9392,2:09:04:734743,0
328.3266,222.327,2:09:04:738782,0
321.6125,221.744,2:09:04:742300,0
314.923,221.0736,2:09:04:746727,0
308.381,220.4323,2:09:04:750735,0
302.0604,219.7619,2:09:04:754739,0
296.0104,219.1497,2:09:04:758735,0
290.1079,218.5084,2:09:04:762735,0
284.4267,217.8088,2:09:04:766737,0
278.8439,217.1092,2:09:04:770783,0
273.5071,216.4388,2:09:04:774299,0
268.4654,215.7683,2:09:04:778730,0
263.6696,215.1853,2:09:04:782312,0
259.1198,214.6606,2:09:04:786311,0
254.7175,214.1651,2:09:04:790309,0
250.5857,213.8152,2:09:04:794411,0
246.6753,213.5529,2:09:04:798426,0
243.0354,213.4072,2:09:04:802426,0
239.5923,213.378,2:09:04:806786,0
236.3705,213.378,2:09:04:810788,0
233.3701,213.378,2:09:04:814808,0
230.6156,213.378,2:09:04:818723,0
228.1316,213.378,2:09:04:822734,0
225.8198,213.378,2:09:04:826818,0
223.6556,213.378,2:09:04:830782,0
221.7372,213.378,2:09:04:834785,0
219.9419,213.378,2:09:04:838782,0
218.2941,213.378,2:09:04:842948,0
216.7693,213.378,2:09:04:845961,0
215.3183,213.378,2:09:04:851473,0
213.9164,213.378,2:09:04:854483,0
212.6376,213.378,2:09:04:858497,0
211.4079,213.378,2:09:04:862480,0
210.252,213.378,2:09:04:866497,0
209.2436,213.378,2:09:04:870482,0
208.3582,213.378,2:09:04:875195,0
207.5467,213.378,2:09:04:878222,0
206.8826,214.1359,2:09:04:882350,0
206.3661,214.1359,2:09:04:886205,0
205.9235,214.1359,2:09:04:890232,1888
205.6037,214.1359,2:09:04:894205,1927
205.3578,214.1359,2:09:04:898933,2022
205.2348,214.5732,2:09:04:901943,2158
205.1119,214.5732,2:09:04:905943,2313
205.0381,214.5732,2:09:04:909943,2440
204.9889,214.5732,2:09:04:913944,2526
204.9151,214.5732,2:09:04:918965,2593
204.9151,214.5732,2:09:04:921943,2669
204.9151,214.5732,2:09:04:925943,2780
204.9151,214.5732,2:09:04:929943,2929
204.9151,214.5732,2:09:04:933943,3110
205.8497,214.5732,2:09:04:937946,3320
206.5875,214.5732,2:09:04:941943,3533
207.5467,214.5732,2:09:04:946943,3749
208.8501,214.5732,2:09:04:950947,3946
210.5471,214.5732,2:09:04:953941,4110
212.613,214.5732,2:09:04:958960,4253
215.0477,214.5732,2:09:04:961943,4368
217.8514,214.5732,2:09:04:965944,4478
221.0486,214.5732,2:09:04:969943,4589
224.5655,214.5732,2:09:04:973941,4698
228.5989,214.5732,2:09:04:977946,4811
233.0996,214.5732,2:09:04:981944,4938
237.9937,214.5732,2:09:04:985943,5088
243.3797,213.8152,2:09:04:989944,5245
249.2331,213.8152,2:09:04:993950,5426
255.6766,212.9991,2:09:04:998943,5630
262.6859,212.9991,2:09:05:001947,5820
270.2853,212.0663,2:09:05:005943,6011
278.4258,211.629,2:09:05:009943,6189
287.0583,211.1917,2:09:05:013943,6329
296.2317,210.7836,2:09:05:017943,6462
305.9709,210.4339,2:09:05:021943,6577
316.2018,210.1132,2:09:05:025941,6668
326.7034,210.1132,2:09:05:029946,6749
337.5738,209.7051,2:09:05:033946,6823
348.6902,209.7051,2:09:05:038944,6890
359.9295,209.4427,2:09:05:041943,6959
371.3164,209.4427,2:09:05:046944,7032
382.8263,209.3261,2:09:05:050287,7114
394.3116,209.3261,2:09:05:054317,7202
405.7723,209.3261,2:09:05:058613,7293
417.2822,209.3261,2:09:05:062075,7378
428.792,209.3261,2:09:05:066603,7448
440.2773,209.3261,2:09:05:070494,7508
451.738,209.3261,2:09:05:074612,7557
463.0757,209.3261,2:09:05:078465,7598
474.3643,209.9675,2:09:05:082450,7633
485.3085,209.9675,2:09:05:086391,7667
496.1051,209.9675,2:09:05:090407,7693
506.6313,210.6379,2:09:05:094393,7717
516.6901,210.6379,2:09:05:098610,7741
526.2079,211.1335,2:09:05:102407,7759
535.3322,211.1335,2:09:05:106182,7779
543.8416,211.6873,2:09:05:110162,7793
551.7608,211.9496,2:09:05:115163,7799
559.1389,212.212,2:09:05:118163,7808
565.853,212.4743,2:09:05:122733,7814
571.9277,212.6492,2:09:05:126742,7818
577.412,212.795,2:09:05:130744,7825
582.2816,212.9116,2:09:05:134742,7829
586.5118,212.9699,2:09:05:138744,7831
590.1516,212.9699,2:09:05:142744,7833
593.1766,212.9699,2:09:05:146945,7834
595.7344,212.9699,2:09:05:149955,7835
597.7265,212.9699,2:09:05:154953,7829
599.3005,212.9699,2:09:05:158954,7818
600.3826,212.9699,2:09:05:161953,7791
601.1942,212.9699,2:09:05:165953,7739
601.7353,212.9699,2:09:05:169954,7664
602.0796,212.416,2:09:05:174953,7555
602.2518,212.416,2:09:05:177953,7404
602.301,212.416,2:09:05:181954,7204
602.301,212.416,2:09:05:185953,6880
602.301,212.416,2:09:05:189954,6390
602.301,212.416,2:09:05:193954,5796
602.301,211.9205,2:09:05:198953,5128
601.6369,211.9205,2:09:05:201953,4431
601.6369,211.3958,2:09:05:205953,3750
600.6285,211.1043,2:09:05:209954,2988
599.9399,210.7253,2:09:05:213953,2024
599.1038,210.2881,2:09:05:217953,1166
598.0216,209.88,2:09:05:221953,500
596.7427,209.4719,2:09:05:225953,0
595.2917,209.0638,2:09:05:229953,0
593.6931,208.5974,2:09:05:233953,0
591.9224,208.1019,2:09:05:237953,0
590.0287,207.5771,2:09:05:241953,0
588.0612,207.0233,2:09:05:246953,0
585.9215,206.5569,2:09:05:249952,0
583.7819,206.0322,2:09:05:253953,0
581.593,205.5658,2:09:05:257953,0
579.4042,205.0119,2:09:05:261953,0
577.2153,204.4872,2:09:05:265953,0
574.9527,203.9334,2:09:05:269953,0
572.813,203.4087,2:09:05:273953,0
570.6488,202.8257,2:09:05:277953,0
568.4354,202.2719,2:09:05:281954,0
566.1973,201.6014,2:09:05:285953,0
564.0331,200.9601,2:09:05:289952,0
561.5245,200.2605,2:09:05:293953,0
561.5245,200.2605,2:09:05:311956,0
