233.4193,343.3578,2:09:19:446935,0
234.3784,343.3578,2:09:19:449934,0
235.7311,342.4542,2:09:19:453951,0
236.4689,342.4542,2:09:19:457933,0
237.8216,341.055,2:09:19:461936,0
239.1004,340.093,2:09:19:465933,0
240.0596,339.1602,2:09:19:469936,0
240.9942,338.0817,2:09:19:473936,0
242.1255,336.9449,2:09:19:477933,0
242.1255,336.2744,2:09:19:481935,0
242.1255,335.5748,2:09:19:485933,0
242.1255,334.9626,2:09:19:489934,0
242.1255,334.4088,2:09:19:493935,0
242.1255,333.9716,2:09:19:497936,0
241.486,333.5052,2:09:19:502933,0
241.486,333.2137,2:09:19:505936,0
241.486,332.9804,2:09:19:509933,0
241.486,332.5724,2:09:19:513933,0
240.8466,332.3975,2:09:19:517936,0
240.8466,332.2517,2:09:19:521936,0
240.8466,332.2517,2:09:19:525936,0
240.3301,332.2517,2:09:19:529938,0
240.3301,332.2517,2:09:19:533936,0
240.0104,332.2517,2:09:19:537934,0
240.0104,332.893,2:09:19:542740,0
239.4447,332.893,2:09:19:545749,0
239.4447,333.6509,2:09:19:550751,0
239.1004,333.6509,2:09:19:553749,0
238.7069,334.4671,2:09:19:558750,0
238.7069,334.9044,2:09:19:562130,0
238.5594,335.4582,2:09:19:566772,0
238.3626,335.9537,2:09:19:570612,0
238.2397,336.5659,2:09:19:574622,0
238.0921,337.2364,2:09:19:578623,0
237.9937,337.9068,2:09:19:582693,0
237.7724,338.6064,2:09:19:587150,0
237.7724,339.3935,2:09:19:590665,0
237.7724,340.2097,2:09:19:594664,0
237.7724,340.9967,2:09:19:598664,0
237.7724,341.8712,2:09:19:602665,0
237.7724,342.6291,2:09:19:606665,0
237.7724,343.4453,2:09:19:610711,0
237.7724,344.2324,2:09:19:614663,0
237.7724,345.0194,2:09:19:619004,0
237.7724,345.6316,2:09:19:622524,0
237.7724,346.302,2:09:19:626655,0
237.7724,346.9724,2:09:19:630523,0
238.2888,347.6137,2:09:19:634523,0
238.2888,348.2259,2:09:19:638524,0
238.2888,348.8089,2:09:19:642523,0
238.2888,349.5377,2:09:19:646614,0
238.2888,350.1206,2:09:19:650621,0
238.2888,350.7036,2:09:19:654695,0
238.7561,351.3158,2:09:19:658538,0
239.0021,351.8988,2:09:19:662538,0
239.0021,352.511,2:09:19:666538,0
239.4447,353.1231,2:09:19:670660,0
239.7399,353.7061,2:09:19:674672,0
240.158,354.2599,2:09:19:678698,0
240.4039,354.843,2:09:19:682709,0
240.7728,355.4551,2:09:19:686706,0
241.1663,356.0089,2:09:19:690709,0
241.4368,356.5628,2:09:19:694707,0
241.7566,357.0001,2:09:19:698597,0
241.9779,357.4956,2:09:19:702784,0
242.1747,357.9329,2:09:19:705795,0
242.2976,358.3118,2:09:19:710794,0
242.519,358.6616,2:09:19:713797,0
242.6911,359.0697,2:09:19:718794,0
242.7403,359.4486,2:09:19:722818,0
242.7403,359.7693,2:09:19:726819,0
242.7895,360.1191,2:09:19:729806,0
242.7895,360.4106,2:09:19:735018,0
242.7895,360.7896,2:09:19:738029,0
242.7895,361.1977,2:09:19:742486,0
242.7895,361.4891,2:09:19:746457,0
242.7895,361.7806,2:09:19:750555,0
242.7895,362.1013,2:09:19:754452,0
242.2484,362.4511,2:09:19:758706,0
242.2484,362.83,2:09:19:762452,0
242.2484,363.209,2:09:19:766948,0
241.8058,363.5588,2:09:19:770465,0
241.8058,363.8795,2:09:19:775244,0
241.4122,364.2292,2:09:19:778257,0
241.0925,364.5208,2:09:19:782312,0
240.7482,364.8123,2:09:19:786255,0
240.3793,365.0454,2:09:19:790365,0
240.0104,365.2203,2:09:19:794254,0
239.5923,365.3661,2:09:19:798335,0
239.1742,365.4536,2:09:19:802354,0
238.8053,365.4536,2:09:19:807202,0
238.4364,365.4536,2:09:19:810212,0
238.2151,365.4536,2:09:19:814831,0
237.9691,365.4536,2:09:19:817841,0
237.7724,365.4536,2:09:19:822845,0
237.6248,364.6665,2:09:19:825843,0
237.551,364.6665,2:09:19:830845,0
237.5018,363.9961,2:09:19:833843,0
237.5018,363.9961,2:09:19:839013,0
237.5018,363.1507,2:09:19:842022,0
237.5018,362.5969,2:09:19:847075,0
237.5018,362.0139,2:09:19:850086,0
238.2151,361.46,2:09:19:854248,0
238.2151,360.8478,2:09:19:858112,0
238.7561,360.294,2:09:19:862175,0
238.7561,359.6819,2:09:19:866089,0
239.2234,359.0406,2:09:19:871016,0
239.2234,358.545,2:09:19:874033,0
239.6169,358.0494,2:09:19:878905,0
239.6169,357.5539,2:09:19:881918,0
239.6169,357.1166,2:09:19:886125,0
239.6169,356.6211,2:09:19:890136,0
239.6169,356.1838,2:09:19:894151,0
239.6169,355.7758,2:09:19:898136,0
239.6169,355.3676,2:09:19:902866,0
240.2809,354.9012,2:09:19:905875,0
240.2809,354.4057,2:09:19:910945,0
240.8466,353.9393,2:09:19:914464,0
240.8466,353.4438,2:09:19:918560,0
241.7074,352.8899,2:09:19:922524,0
242.1747,352.3652,2:09:19:926538,0
242.7157,351.7822,2:09:19:930523,0
243.2814,351.2284,2:09:19:935076,0
243.8716,350.6745,2:09:19:938087,0
244.4127,350.1206,2:09:19:942090,0
244.9292,349.5668,2:09:19:946087,0
245.4948,349.0421,2:09:19:951100,0
245.9867,348.5757,2:09:19:954085,0
246.454,348.1093,2:09:19:958089,0
246.8721,347.6721,2:09:19:963088,0
247.241,347.2931,2:09:19:967084,0
247.5853,346.9724,2:09:19:970085,0
247.905,346.6518,2:09:19:974086,0
248.2247,346.3311,2:09:19:978085,0
248.4215,346.0688,2:09:19:982099,0
248.6182,345.8647,2:09:19:986085,0
248.815,345.6898,2:09:19:991085,0
248.9871,345.4858,2:09:19:994085,0
249.1593,345.3401,2:09:19:998084,0
249.2331,345.2234,2:09:20:002085,0
249.3806,345.1652,2:09:20:006085,0
249.4544,345.1068,2:09:20:011085,0
249.5528,345.0777,2:09:20:014084,0
249.6758,345.0777,2:09:20:018085,0
249.7741,345.0777,2:09:20:022084,0
249.8479,345.0777,2:09:20:026085,0
249.9709,345.0777,2:09:20:030086,0
250.1184,345.0777,2:09:20:034085,0
250.3152,345.0777,2:09:20:038085,0
250.4628,345.0777,2:09:20:042085,0
250.7333,345.0777,2:09:20:046090,0
251.0284,345.0777,2:09:20:050088,0
251.3727,344.3489,2:09:20:054087,0
251.8154,344.3489,2:09:20:058085,0
252.2827,343.7951,2:09:20:062089,0
252.7746,343.7951,2:09:20:066086,0
253.3402,343.1538,2:09:20:070085,0
253.9551,343.1538,2:09:20:074090,0
254.5945,342.425,2:09:20:078087,0
255.2094,342.0169,2:09:20:082087,0
255.8734,341.638,2:09:20:086086,0
256.4882,341.2299,2:09:20:091087,0
257.1523,340.9092,2:09:20:094089,0
257.7917,340.5594,2:09:20:098085,0
258.4557,340.2097,2:09:20:102085,0
259.046,339.9473,2:09:20:106085,0
259.6854,339.6849,2:09:20:110085,0
260.2757,339.4518,2:09:20:114085,0
260.8905,339.2769,2:09:20:118087,0
261.4315,339.1311,2:09:20:123088,0
261.9234,339.0145,2:09:20:126086,0
262.3907,338.9854,2:09:20:130089,0
262.8088,338.8979,2:09:20:135086,0
263.1777,338.8687,2:09:20:138086,0
263.5466,338.8687,2:09:20:142085,0
263.9647,338.8687,2:09:20:146088,0
264.309,338.8687,2:09:20:150085,0
264.6779,338.8687,2:09:20:154087,0
265.0468,338.8687,2:09:20:158089,0
265.3911,338.8687,2:09:20:162087,0
265.8093,338.8687,2:09:20:166085,0
266.1782,338.8687,2:09:20:171088,0
266.5225,338.8687,2:09:20:174085,0
266.8914,338.8687,2:09:20:178087,0
267.2357,339.4518,2:09:20:182084,0
267.5554,339.4518,2:09:20:186088,0
267.8505,339.4518,2:09:20:190087,0
268.1457,339.8599,2:09:20:194088,0
268.3916,339.8599,2:09:20:198084,0
268.6375,339.8599,2:09:20:202085,0
268.8343,340.2097,2:09:20:206085,0
268.9326,340.2097,2:09:20:210085,0
268.9818,340.2097,2:09:20:214087,0
269.0556,340.4137,2:09:20:218615,0
269.0556,340.4137,2:09:20:222151,0
269.0556,340.5303,2:09:20:226616,0
269.0556,340.5303,2:09:20:230190,0
269.0556,340.5303,2:09:20:234205,0
269.0556,340.5303,2:09:20:238192,0
269.0556,340.5303,2:09:20:242200,0
269.0556,340.5303,2:09:20:246198,0
269.0556,340.5303,2:09:20:250346,0
269.0556,339.5684,2:09:20:254369,0
268.5883,339.5684,2:09:20:258050,0
268.5883,338.7813,2:09:20:262072,0
268.5883,338.7813,2:09:20:266750,0
268.1703,337.8193,2:09:20:271127,0
268.1703,337.2946,2:09:20:274382,0
267.703,336.7408,2:09:20:278367,0
267.703,336.1578,2:09:20:282381,0
267.2357,335.4873,2:09:20:286368,0
266.9897,334.8169,2:09:20:290754,0
266.6946,334.0881,2:09:20:294099,0
266.4241,333.3011,2:09:20:298822,0
266.2028,332.4849,2:09:20:301833,0
266.006,331.6396,2:09:20:306756,0
265.9322,330.8817,2:09:20:310292,0
265.8093,329.978,2:09:20:314888,0
265.7355,329.1035,2:09:20:317899,0
265.7355,328.0833,2:09:20:322899,0
265.7355,326.9464,2:09:20:325902,0
265.7355,325.8095,2:09:20:330899,0
266.3995,324.6144,2:09:20:333899,0
266.3995,323.3901,2:09:20:337899,0
267.1127,322.0201,2:09:20:341899,0
267.1127,320.65,2:09:20:345899,0
268.1211,319.2508,2:09:20:349899,0
268.7605,317.9099,2:09:20:354899,0
269.5229,316.6273,2:09:20:357897,0
270.2853,315.3156,2:09:20:363191,0
271.0969,314.033,2:09:20:366204,0
271.9577,312.7212,2:09:20:370202,0
272.9168,311.4677,2:09:20:374199,0
273.9006,310.2143,2:09:20:378371,0
274.8351,308.99,2:09:20:382201,0
275.6714,307.7949,2:09:20:386887,0
276.4829,306.658,2:09:20:390246,0
277.2208,305.5503,2:09:20:394246,0
277.9586,304.5009,2:09:20:398246,0
278.5488,303.5098,2:09:20:402246,0
279.0161,302.577,2:09:20:406937,0
279.4588,301.7608,2:09:20:410264,0
279.7539,301.0029,2:09:20:414711,0
279.9507,300.245,2:09:20:418722,0
280.0736,299.5162,2:09:20:422992,0
280.0982,298.8749,2:09:20:425991,0
280.0982,298.3211,2:09:20:430994,0
280.0982,297.7672,2:09:20:433994,0
280.0982,297.3008,2:09:20:438872,0
280.0982,296.8053,2:09:20:441883,0
279.4834,296.4264,2:09:20:446969,0
279.4834,296.1931,2:09:20:450186,0
278.9423,295.9891,2:09:20:454282,0
278.9423,295.8725,2:09:20:458186,0
278.3029,295.785,2:09:20:463187,0
278.3029,295.7267,2:09:20:466189,0
277.6143,295.6976,2:09:20:470189,0
277.2208,295.6976,2:09:20:474184,0
276.8764,295.6685,2:09:20:478184,0
276.5321,295.5518,2:09:20:482184,0
276.1878,295.4061,2:09:20:486936,0
275.8681,295.1729,2:09:20:489949,0
275.573,294.9106,2:09:20:494950,0
275.2533,294.619,2:09:20:497946,0
274.9089,294.2984,2:09:20:502946,0
274.6384,293.9486,2:09:20:505946,0
274.3679,293.5988,2:09:20:511002,0
274.0482,293.249,2:09:20:514012,0
273.753,292.8701,2:09:20:518533,0
273.4825,292.5786,2:09:20:522552,0
273.212,292.3162,2:09:20:526915,0
272.8922,292.083,2:09:20:529926,0
272.5725,291.8789,2:09:20:534926,0
272.2528,291.7332,2:09:20:538930,0
271.8839,291.6166,2:09:20:541926,0
271.4904,291.5583,2:09:20:545923,0
271.0723,291.5583,2:09:20:551117,0
270.6296,291.5583,2:09:20:554122,0
270.2115,291.5583,2:09:20:558946,0
269.7688,291.5583,2:09:20:561977,0
269.3999,291.5583,2:09:20:566937,0
268.9572,291.5583,2:09:20:570321,0
268.49,291.5583,2:09:20:575038,0
268.0473,291.5583,2:09:20:578037,0
267.6292,291.5583,2:09:20:582146,0
267.1619,291.5583,2:09:20:586039,0
266.7684,292.2579,2:09:20:590872,0
266.3011,292.2579,2:09:20:593962,0
265.8584,292.2579,2:09:20:598936,0
265.5141,292.9575,2:09:20:601988,0
265.2928,292.9575,2:09:20:606885,0
265.1206,293.7445,2:09:20:609896,0
265.0468,294.2984,2:09:20:614897,0
265.0468,294.9688,2:09:20:617896,0
265.0468,295.6101,2:09:20:622895,0
265.0468,296.3389,2:09:20:625896,0
265.0468,297.0385,2:09:20:631550,0
265.0468,297.7381,2:09:20:634561,0
265.0468,298.4669,2:09:20:638644,0
265.0468,299.1664,2:09:20:642563,0
265.0468,299.7203,2:09:20:646625,0
265.0468,300.2159,2:09:20:650561,0
265.0468,300.6823,2:09:20:655054,0
265.0468,301.0904,2:09:20:658064,0
265.0468,301.411,2:09:20:663065,0
265.0468,301.6442,2:09:20:666064,0
265.0468,301.8482,2:09:20:670174,0
265.0468,301.994,2:09:20:674064,0
265.0468,302.1397,2:09:20:678798,0
264.4566,302.2855,2:09:20:682228,0
264.4566,302.4312,2:09:20:686811,0
263.5466,302.577,2:09:20:689823,0
262.9564,302.7227,2:09:20:694824,0
262.3661,302.8685,2:09:20:698823,0
261.6775,303.0725,2:09:20:701826,0
260.9889,303.2183,2:09:20:706827,0
260.3003,303.364,2:09:20:710825,0
259.6854,303.4807,2:09:20:714839,0
259.0952,303.5973,2:09:20:718825,0
258.5295,303.6264,2:09:20:721825,0
257.9884,303.6555,2:09:20:726825,0
257.5211,303.6555,2:09:20:729826,0
257.1031,303.6555,2:09:20:734825,0
256.7342,303.6555,2:09:20:737825,0
256.439,303.6555,2:09:20:742825,0
256.2177,302.956,2:09:20:745826,0
256.0455,302.956,2:09:20:750826,0
255.9226,302.2855,2:09:20:753825,0
255.8734,302.2855,2:09:20:758830,0
255.8734,301.411,2:09:20:762825,0
255.8734,300.8571,2:09:20:766826,0
255.8734,300.245,2:09:20:770825,0
255.8734,299.662,2:09:20:774825,0
255.8734,299.0207,2:09:20:777824,0
255.8734,298.3211,2:09:20:782826,0
255.8734,297.5923,2:09:20:785825,0
255.8734,296.7762,2:09:20:790835,0
256.3898,295.96,2:09:20:793826,0
256.3898,295.1146,2:09:20:798825,0
256.3898,294.3275,2:09:20:802825,0
256.8325,293.453,2:09:20:805826,0
256.8325,292.5786,2:09:20:809826,0
257.2752,291.6166,2:09:20:813831,0
257.2752,290.6547,2:09:20:817825,0
257.6441,289.6927,2:09:20:821835,0
257.6441,288.6725,2:09:20:825826,0
257.8901,287.6522,2:09:20:829827,0
257.8901,286.6028,2:09:20:833826,0
257.8901,285.5243,2:09:20:837825,0
257.8901,284.504,2:09:20:841825,0
257.8901,283.5129,2:09:20:845825,0
257.8901,282.6384,2:09:20:849826,0
257.8901,281.7639,2:09:20:853827,0
257.8901,281.006,2:09:20:857827,0
257.8901,280.1898,2:09:20:861825,0
257.8901,279.3736,2:09:20:866826,0
257.4228,278.5865,2:09:20:870827,0
257.4228,277.8286,2:09:20:873837,0
257.0293,277.0707,2:09:20:878759,0
257.0293,276.342,2:09:20:882771,0
256.4882,275.5841,2:09:20:886762,0
256.4882,274.9428,2:09:20:889841,0
255.898,274.2141,2:09:20:894860,0
255.6274,273.5728,2:09:20:898841,0
255.3323,272.9315,2:09:20:902862,0
255.0618,272.261,2:09:20:906843,0
254.7175,271.5905,2:09:20:910758,0
254.3732,270.9201,2:09:20:913781,0
254.0288,270.2788,2:09:20:918935,0
253.6599,269.55,2:09:20:921943,0
253.3156,268.967,2:09:20:926945,0
252.9713,268.3841,2:09:20:929943,0
252.5778,267.8302,2:09:20:933943,0
252.2335,267.3638,2:09:20:937943,0
251.8892,266.9265,2:09:20:942728,0
251.5203,266.5185,2:09:20:946737,0
251.0776,266.227,2:09:20:950739,0
250.6103,266.0521,2:09:20:954738,0
250.1184,265.9063,2:09:20:958864,0
249.5528,265.9063,2:09:20:962767,0
248.9625,265.9063,2:09:20:967015,0
248.2985,265.9063,2:09:20:970026,0
247.7083,265.9063,2:09:20:974526,0
247.0934,266.635,2:09:20:978526,0
246.5278,266.635,2:09:20:982565,0
245.9867,267.5387,2:09:20:986542,0
245.5686,267.5387,2:09:20:990745,0
245.2243,268.5298,2:09:20:994546,0
245.0029,269.0836,2:09:20:999006,0
244.88,269.6958,2:09:21:002016,0
244.8062,270.3371,2:09:21:007015,0
244.8062,271.0075,2:09:21:010025,0
244.8062,271.678,2:09:21:014981,0
244.8062,272.4359,2:09:21:018990,0
245.4948,273.3104,2:09:21:021992,0
245.4948,274.2723,2:09:21:026999,0
246.1834,275.2926,2:09:21:029995,0
246.1834,276.4586,2:09:21:034993,0
246.9212,277.6829,2:09:21:037989,0
247.3639,278.9655,2:09:21:041992,0
247.782,280.3355,2:09:21:046822,0
248.2493,281.7347,2:09:21:050835,0
248.7166,283.2214,2:09:21:054040,0
249.1839,284.708,2:09:21:058050,0
249.6512,286.2238,2:09:21:063051,0
250.1184,287.7397,2:09:21:067052,0
250.5857,289.2263,2:09:21:071163,0
251.0284,290.713,2:09:21:074176,0
251.4957,292.1413,2:09:21:079173,0
251.9384,293.5988,2:09:21:082176,0
252.3565,294.9106,2:09:21:086187,0
252.7992,296.2514,2:09:21:090173,0
253.2418,297.5049,2:09:21:094187,0
253.7091,298.7,2:09:21:098205,0
254.1518,299.8077,2:09:21:102208,0
254.6191,300.8571,2:09:21:106088,0
255.0126,301.8191,2:09:21:110220,0
255.4553,302.6645,2:09:21:114235,0
255.898,303.5098,2:09:21:118342,0
256.2669,304.2386,2:09:21:122307,0
256.6358,304.9965,2:09:21:126307,0
256.9555,305.6086,2:09:21:130304,0
257.2506,306.1624,2:09:21:135008,0
257.5211,306.7163,2:09:21:138021,0
257.7671,307.1827,2:09:21:142021,0
257.9638,307.5908,2:09:21:146021,0
258.0868,307.9114,2:09:21:151230,0
258.136,308.1738,2:09:21:154240,0
258.1852,308.3487,2:09:21:158253,0
258.1852,308.4653,2:09:21:162248,0
258.1852,308.5819,2:09:21:166248,0
258.1852,308.6693,2:09:21:170240,0
258.1852,308.7277,2:09:21:174891,0
258.1852,308.7568,2:09:21:177902,0
257.4966,308.7568,2:09:21:182208,0
257.4966,308.7568,2:09:21:186253,0
257.4966,308.7568,2:09:21:190932,0
256.9063,308.7568,2:09:21:194390,0
256.9063,308.7568,2:09:21:198422,0
256.5128,308.7568,2:09:21:202421,0
256.5128,308.7568,2:09:21:206422,0
256.0947,308.7568,2:09:21:210421,0
256.0947,308.7568,2:09:21:215097,0
255.6766,308.7568,2:09:21:218108,0
255.4553,308.7568,2:09:21:222941,0
255.2339,308.7568,2:09:21:226652,0
255.0618,308.3195,2:09:21:230800,0
254.8404,308.3195,2:09:21:234814,0
254.6437,308.3195,2:09:21:238826,0
254.4961,308.3195,2:09:21:241816,0
254.2748,308.3195,2:09:21:246815,0
254.078,308.3195,2:09:21:250813,0
253.9059,308.3195,2:09:21:254869,0
253.7091,308.3195,2:09:21:258877,0
253.5124,308.3195,2:09:21:262879,0
253.3402,308.3195,2:09:21:265877,0
253.1189,308.3195,2:09:21:270879,0
252.8975,308.3195,2:09:21:273882,0
252.6762,308.3195,2:09:21:278043,0
252.4548,308.3195,2:09:21:282063,0
252.3073,308.3195,2:09:21:286998,0
252.0859,308.3195,2:09:21:290008,0
251.9384,308.3195,2:09:21:294253,0
251.7416,308.3195,2:09:21:298008,0
251.6187,308.3195,2:09:21:303073,0
251.4711,308.3195,2:09:21:306269,0
251.3727,308.3195,2:09:21:310301,0
251.2743,308.3195,2:09:21:314269,0
251.1514,308.3195,2:09:21:318300,0
251.053,308.3195,2:09:21:322269,0
251.0038,308.3195,2:09:21:327034,0
250.9054,308.3195,2:09:21:331044,0
250.8316,308.3195,2:09:21:335044,0
250.7333,308.3195,2:09:21:338047,0
250.6841,308.3195,2:09:21:343045,0
250.5857,307.8823,2:09:21:346047,0
250.5365,307.8823,2:09:21:351249,0
250.4628,307.4742,2:09:21:354259,0
250.3644,307.4742,2:09:21:358291,0
250.3152,306.9495,2:09:21:362260,0
250.2414,306.6871,2:09:21:366295,0
250.1922,306.3665,2:09:21:370259,0
250.1184,306.0167,2:09:21:374260,0
250.1184,305.6086,2:09:21:378259,0
250.0938,305.2588,2:09:21:382260,0
250.0447,304.8507,2:09:21:386260,0
250.0201,304.4426,2:09:21:390259,0
249.9955,304.0345,2:09:21:394290,0
249.9709,303.6264,2:09:21:398268,0
249.9217,303.2183,2:09:21:402260,0
249.8725,302.781,2:09:21:406260,0
249.7741,302.4021,2:09:21:410260,0
249.7003,302.0232,2:09:21:414259,0
249.6266,301.6151,2:09:21:418259,0
249.5528,301.2069,2:09:21:423297,0
249.4544,300.8571,2:09:21:426408,0
249.4052,300.449,2:09:21:430485,0
249.3068,300.041,2:09:21:434405,0
249.2331,299.6328,2:09:21:438406,0
249.1593,299.2248,2:09:21:442405,0
249.0855,298.7292,2:09:21:446933,0
249.0363,298.2628,2:09:21:449946,0
248.9625,297.7381,2:09:21:455065,0
248.8887,297.1842,2:09:21:458076,0
248.8642,296.5429,2:09:21:463075,0
248.8396,295.96,2:09:21:466078,0
248.8396,295.2603,2:09:21:470183,0
248.815,294.4733,2:09:21:474076,0
248.7412,293.7737,2:09:21:478892,1109
248.692,292.9866,2:09:21:482900,1114
248.6182,292.2288,2:09:21:486273,1156
248.5198,291.4417,2:09:21:490165,1235
248.4953,290.7421,2:09:21:495166,1354
248.4953,289.955,2:09:21:498166,1512
248.4953,289.2846,2:09:21:502987,1685
248.4953,288.6141,2:09:21:505997,1857
248.4953,287.9728,2:09:21:509999,2030
249.4298,287.3024,2:09:21:514000,2198
249.9217,286.632,2:09:21:519009,2343
250.5611,285.9907,2:09:21:522022,2483
251.2743,285.3785,2:09:21:526108,2609
252.0122,284.7664,2:09:21:531086,2720
252.8237,284.2125,2:09:21:534088,2827
253.6845,283.7752,2:09:21:538086,2922
254.5945,283.3963,2:09:21:542759,3015
255.4799,283.1048,2:09:21:546772,3099
256.3898,282.9299,2:09:21:550435,3175
257.2752,282.9008,2:09:21:554409,3248
258.136,282.9008,2:09:21:558409,3308
258.9968,282.9008,2:09:21:562410,3373
259.8084,282.9008,2:09:21:566743,3440
260.5708,283.7461,2:09:21:570753,3508
261.3332,283.7461,2:09:21:574844,3579
262.0218,284.8829,2:09:21:578753,3649
262.6367,285.67,2:09:21:582762,3716
263.3007,286.5445,2:09:21:585753,3791
263.9155,287.5648,2:09:21:590938,3882
264.5796,288.7307,2:09:21:593948,3976
265.1944,290.1591,2:09:21:598871,4070
265.8338,291.704,2:09:21:601911,4164
266.3995,293.4822,2:09:21:606463,4242
266.9651,295.5227,2:09:21:610395,4320
267.4324,297.709,2:09:21:614407,4396
267.8013,300.0992,2:09:21:618395,4474
268.0719,302.7227,2:09:21:622865,4556
268.244,305.4045,2:09:21:625876,4639
268.2686,308.1447,2:09:21:630569,4724
268.2686,310.9139,2:09:21:634577,4798
268.2686,313.7706,2:09:21:638578,4871
267.3832,316.569,2:09:21:642577,4953
266.793,319.4257,2:09:21:646578,5052
266.0798,322.4573,2:09:21:650577,5165
265.1944,325.5764,2:09:21:654638,5285
264.2107,328.8412,2:09:21:658649,5397
263.0793,332.1642,2:09:21:662840,5484
261.8988,335.5748,2:09:21:666730,5566
260.62,338.9271,2:09:21:670732,5643
259.2427,342.3084,2:09:21:674734,5724
257.8409,345.6024,2:09:21:678732,5814
256.3407,348.6631,2:09:21:682730,5885
254.8158,351.549,2:09:21:687139,5946
253.2173,354.2599,2:09:21:690150,5982
251.5203,356.8251,2:09:21:694214,6022
249.8479,359.128,2:09:21:698150,6067
248.0772,361.3434,2:09:21:703151,6113
246.3064,363.4422,2:09:21:706150,6160
244.4865,365.4827,2:09:21:710999,6191
242.8141,367.3192,2:09:21:715008,6219
241.2155,369.039,2:09:21:719010,6242
239.7153,370.5256,2:09:21:722010,6264
238.3626,371.6917,2:09:21:726012,6287
237.1329,372.7702,2:09:21:730012,6310
236.0508,373.4698,2:09:21:733846,6331
235.19,373.8779,2:09:21:738018,6347
234.4276,373.9945,2:09:21:742757,6362
233.6898,373.9945,2:09:21:745756,6359
233.0012,373.2657,2:09:21:750480,6362
232.3372,372.4496,2:09:21:754491,6359
231.6977,371.3419,2:09:21:758804,6353
231.0583,370.0592,2:09:21:762801,6360
230.4926,368.66,2:09:21:766801,6350
229.9762,367.1151,2:09:21:769801,6351
229.5335,365.4827,2:09:21:774738,6342
229.1892,363.8211,2:09:21:777748,6331
228.9678,362.247,2:09:21:782734,6326
228.8448,360.7896,2:09:21:785744,6325
228.8203,359.4486,2:09:21:790745,6326
228.8203,358.166,2:09:21:793745,6325
228.8203,356.9709,2:09:21:798742,6325
228.8203,355.9215,2:09:21:801768,6319
229.4351,355.0179,2:09:21:806736,6314
229.4351,354.1433,2:09:21:810746,6313
230.0991,353.3854,2:09:21:813990,6310
230.0991,352.6275,2:09:21:817992,6305
230.9599,352.0154,2:09:21:821989,6304
231.5748,351.3741,2:09:21:826005,6304
232.2142,350.8494,2:09:21:829990,6303
232.9766,350.4121,2:09:21:833993,6307
233.7882,350.0915,2:09:21:838678,6311
234.5998,349.8875,2:09:21:842689,6311
235.5589,349.8875,2:09:21:846688,6329
236.5919,349.8875,2:09:21:850694,6347
237.7478,349.8875,2:09:21:854713,6377
238.9775,351.3449,2:09:21:858689,6441
240.2072,352.3652,2:09:21:862709,6524
241.5598,353.7353,2:09:21:866710,6628
242.9863,355.4259,2:09:21:870735,6755
244.4865,357.379,2:09:21:873749,6879
246.0359,359.5944,2:09:21:878737,7004
247.5361,362.2179,2:09:21:881749,7133
249.0363,365.1038,2:09:21:886682,7245
250.5365,368.252,2:09:21:890572,7338
251.9876,371.6042,2:09:21:894575,7408
253.3894,374.9273,2:09:21:898572,7451
254.8158,378.2795,2:09:21:902737,7476
256.1685,381.6318,2:09:21:906747,7494
257.4966,384.78,2:09:21:909837,7501
258.8246,387.6659,2:09:21:913839,7507
260.1035,390.3185,2:09:21:917839,7508
261.4315,392.7379,2:09:21:921837,7479
262.735,394.8659,2:09:21:926836,7392
264.0139,396.8481,2:09:21:930838,7201
265.2928,398.5388,2:09:21:933836,6805
266.5471,400.0546,2:09:21:938837,6179
267.8259,401.3955,2:09:21:941837,5405
269.1294,402.5032,2:09:21:946834,4477
270.4329,403.3777,2:09:21:949837,3452
271.7609,403.9898,2:09:21:954835,2229
273.1136,404.1939,2:09:21:957836,1213
274.4417,404.1939,2:09:21:961866,0
275.7943,404.1939,2:09:21:965868,0
277.024,403.3777,2:09:21:969837,0
278.0323,402.5032,2:09:21:973839,0
278.8439,401.3663,2:09:21:977837,0
279.4834,399.8797,2:09:21:981856,0
279.8523,398.3056,2:09:21:985836,0
279.9998,396.7024,2:09:21:989837,0
280.0736,394.9242,2:09:21:993856,0
280.0736,393.0294,2:09:21:997838,0
280.0736,391.2221,2:09:22:001840,0
280.0736,389.3857,2:09:22:006837,0
280.0736,387.7242,2:09:22:009839,0
280.0736,386.0917,2:09:22:013870,0
281.082,384.6342,2:09:22:017838,0
281.6968,383.2642,2:09:22:021854,0
282.3854,382.0399,2:09:22:025837,0
283.0987,380.8448,2:09:22:029839,0
283.9102,379.7953,2:09:22:033838,0
284.7218,378.95,2:09:22:037837,0
285.4351,378.1338,2:09:22:041870,0
286.1729,377.4342,2:09:22:045837,0
286.7877,376.7637,2:09:22:049836,0
287.3288,376.1516,2:09:22:054837,0
287.7961,375.5977,2:09:22:059837,0
288.165,375.1022,2:09:22:061836,0
288.3617,374.5775,2:09:22:065836,0
288.3617,374.0237,2:09:22:069835,0
288.4847,373.5573,2:09:22:073837,0
288.4847,373.0617,2:09:22:077858,0
288.4847,372.6245,2:09:22:081839,0
287.8452,372.3038,2:09:22:085836,0
287.8452,371.954,2:09:22:089836,0
287.0337,371.6917,2:09:22:093837,0
287.0337,371.5168,2:09:22:097837,0
286.0991,371.4876,2:09:22:101837,0
285.5089,371.4876,2:09:22:105839,0
284.9432,371.4876,2:09:22:109837,0
284.3529,371.4876,2:09:22:114839,0
283.7627,371.4876,2:09:22:118837,0
283.0987,372.3621,2:09:22:122837,0
282.4838,372.3621,2:09:22:125836,0
281.8198,373.1491,2:09:22:129838,0
281.2295,373.1491,2:09:22:133836,0
280.6147,373.9654,2:09:22:137839,0
279.9998,373.9654,2:09:22:141837,0
279.4096,374.6358,2:09:22:145849,0
278.8931,374.6358,2:09:22:149836,0
278.4258,375.1896,2:09:22:153836,0
277.9094,375.1896,2:09:22:158679,0
277.5159,375.5977,2:09:22:162689,0
277.0978,375.5977,2:09:22:166679,0
276.7535,375.5977,2:09:22:169922,0
276.4583,375.8601,2:09:22:174679,0
276.1878,375.8601,2:09:22:177933,0
275.9173,376.0059,2:09:22:182678,0
275.6714,376.0933,2:09:22:186689,0
275.4254,376.1516,2:09:22:190686,0
275.1795,376.2973,2:09:22:194689,0
274.9827,376.4723,2:09:22:198756,0
274.7614,376.7054,2:09:22:201770,0
274.5646,376.8512,2:09:22:206663,0
274.4171,377.0552,2:09:22:210669,0
274.2203,377.2593,2:09:22:214729,0
274.0728,377.4342,2:09:22:217739,0
274.0236,377.6382,2:09:22:222555,0
273.9252,377.784,2:09:22:226563,0
273.8514,377.9297,2:09:22:230665,0
273.753,378.0172,2:09:22:234563,0
273.7284,378.1046,2:09:22:238571,0
273.7039,378.1046,2:09:22:242563,0
273.7039,378.1046,2:09:22:246989,0
273.7039,378.1046,2:09:22:250001,0
273.7039,378.1046,2:09:22:254902,0
273.7039,378.1046,2:09:22:257846,0
273.7039,378.1046,2:09:22:262943,0
273.7039,377.3176,2:09:22:265935,0
273.7039,377.3176,2:09:22:270938,0
273.7039,377.3176,2:09:22:273937,0
273.7039,376.5014,2:09:22:279330,0
273.7039,376.5014,2:09:22:282341,0
273.7039,375.8018,2:09:22:286430,0
273.7039,375.8018,2:09:22:290338,0
273.1136,375.2188,2:09:22:294379,0
273.1136,374.8398,2:09:22:298338,0
273.1136,374.5483,2:09:22:302633,0
272.6709,374.2277,2:09:22:306643,0
272.6709,373.9654,2:09:22:311011,0
272.6709,373.7321,2:09:22:314022,0
272.3266,373.5573,2:09:22:319007,0
272.3266,373.3532,2:09:22:322017,0
272.0561,373.1491,2:09:22:327018,0
271.8347,373.0034,2:09:22:331024,0
271.638,372.7993,2:09:22:335018,0
271.392,372.7119,2:09:22:338044,0
271.1953,372.5953,2:09:22:343007,0
271.0477,372.4787,2:09:22:346017,0
270.7772,372.3329,2:09:22:350979,0
270.5558,372.2163,2:09:22:354989,0
270.3345,372.0998,2:09:22:358799,0
270.1378,372.0414,2:09:22:362811,0
269.9164,371.954,2:09:22:366812,0
269.6951,371.8083,2:09:22:370811,0
269.5229,371.6917,2:09:22:374811,0
269.2278,371.5459,2:09:22:378811,0
269.0802,371.4001,2:09:22:383001,0
268.9326,371.2835,2:09:22:386010,0
268.7605,371.1378,2:09:22:390889,0
268.6375,371.0212,2:09:22:393911,0
268.5883,370.9337,2:09:22:398157,0
268.4162,370.8463,2:09:22:402166,0
268.3916,370.7006,2:09:22:406207,0
268.2932,370.6131,2:09:22:411168,0
268.244,370.5548,2:09:22:414272,0
268.0719,370.4382,2:09:22:418282,0
267.8505,370.3216,2:09:22:422303,0
267.703,370.3216,2:09:22:426284,0
267.5062,370.2633,2:09:22:430283,0
267.3832,370.2342,2:09:22:434302,0
267.1619,370.2342,2:09:22:438285,0
267.0143,370.1758,2:09:22:442285,0
266.793,370.1467,2:09:22:446282,0
266.6454,370.1176,2:09:22:450283,0
266.5225,370.0301,2:09:22:454725,0
266.3995,369.9718,2:09:22:458735,0
266.2028,369.8552,2:09:22:462734,0
266.1044,369.7094,2:09:22:466734,0
265.9568,369.622,2:09:22:470053,0
265.8093,369.5054,2:09:22:474101,0
265.7355,369.3596,2:09:22:478102,0
265.6617,369.3305,2:09:22:482100,0
265.5387,369.2139,2:09:22:486105,0
265.4649,369.0973,2:09:22:491114,0
265.3666,369.039,2:09:22:494104,0
265.2436,368.9515,2:09:22:499106,0
265.1944,368.8932,2:09:22:503103,0
265.1206,368.7475,2:09:22:506102,0
264.9977,368.6309,2:09:22:510104,0
264.8993,368.456,2:09:22:514104,0
264.8501,368.252,2:09:22:518103,0
264.8009,367.9896,2:09:22:522108,0
264.7271,367.7272,2:09:22:526101,0
264.7025,367.494,2:09:22:530102,0
264.6534,367.2317,2:09:22:534104,0
264.5796,366.911,2:09:22:538100,0
264.5796,366.6779,2:09:22:542100,0
264.555,366.3572,2:09:22:546105,0
264.4566,366.1823,2:09:22:550102,0
264.3828,366.0366,2:09:22:555102,0
264.3336,365.8616,2:09:22:558105,0
264.2353,365.7159,2:09:22:562110,0
264.2107,365.5118,2:09:22:566102,0
264.2107,365.3661,2:09:22:570103,0
264.1369,365.2203,2:09:22:574102,0
264.1123,364.9872,2:09:22:578104,0
264.0877,364.8414,2:09:22:582101,0
264.0385,364.579,2:09:22:586101,0
263.9893,364.3459,2:09:22:590103,0
263.9647,364.0835,2:09:22:595101,0
263.8417,363.8211,2:09:22:598103,0
263.6942,363.5588,2:09:22:602102,0
263.6204,363.3256,2:09:22:606100,0
263.4974,363.1507,2:09:22:610100,0
263.4236,362.8883,2:09:22:614100,0
263.3253,362.7426,2:09:22:618100,0
263.2269,362.5969,2:09:22:622100,0
263.1777,362.4511,2:09:22:626101,0
263.1531,362.3345,2:09:22:630100,0
263.0793,362.1888,2:09:22:634102,0
262.981,362.0721,2:09:22:638102,0
262.9318,361.9555,2:09:22:642104,0
262.8334,361.8681,2:09:22:646102,0
262.735,361.7515,2:09:22:650100,0
262.6859,361.6057,2:09:22:654100,0
262.6367,361.4891,2:09:22:658099,0
262.5875,361.3434,2:09:22:662100,0
262.5383,361.1977,2:09:22:666100,0
262.5137,361.0811,2:09:22:671105,0
262.5137,360.877,2:09:22:674102,0
262.5137,360.7021,2:09:22:678103,0
262.5137,360.5272,2:09:22:682100,0
262.5137,360.2649,2:09:22:686100,0
262.5137,360.0316,2:09:22:690100,0
262.5137,359.7693,2:09:22:694100,0
262.5137,359.5652,2:09:22:698101,0
262.5137,359.2737,2:09:22:702103,0
262.5137,359.0406,2:09:22:706108,0
262.981,358.7782,2:09:22:710102,0
262.981,358.5158,2:09:22:714100,0
262.981,358.3118,2:09:22:718105,0
262.981,358.0786,2:09:22:722102,0
263.3007,357.9037,2:09:22:726102,0
263.3007,357.6705,2:09:22:730118,0
263.3007,357.4373,2:09:22:734102,0
263.3007,357.2332,2:09:22:738102,0
263.4974,357.0001,2:09:22:742135,0
263.4974,356.796,2:09:22:746102,0
263.4974,356.5628,2:09:22:750102,0
263.645,356.3004,2:09:22:754134,0
263.6696,356.0381,2:09:22:758100,0
263.6942,355.8049,2:09:22:762103,0
263.768,355.6009,2:09:22:766103,0
263.8417,355.3385,2:09:22:770111,0
263.8909,355.047,2:09:22:774100,0
263.9647,354.7846,2:09:22:778102,0
264.0385,354.4931,2:09:22:782100,0
264.1369,354.2017,2:09:22:786100,0
264.2353,353.881,2:09:22:790102,0
264.3582,353.5895,2:09:22:795100,0
264.4566,353.3271,2:09:22:798100,0
264.6042,353.0939,2:09:22:803102,0
264.7025,352.8899,2:09:22:806102,0
264.8501,352.6859,2:09:22:810102,0
264.9485,352.511,2:09:22:814100,0
265.0714,352.3652,2:09:22:818102,0
265.1944,352.2195,2:09:22:822104,0
265.2928,352.0737,2:09:22:826102,0
265.4157,351.9279,2:09:22:830102,0
265.5141,351.8113,2:09:22:834104,0
265.6371,351.6656,2:09:22:838102,0
265.7109,351.5198,2:09:22:842101,0
265.8338,351.3449,2:09:22:846100,0
265.9568,351.1409,2:09:22:850105,0
266.0798,350.9077,2:09:22:854105,0
266.1782,350.6745,2:09:22:858102,0
266.3011,350.4121,2:09:22:862102,0
266.4241,350.1206,2:09:22:866102,0
266.5471,349.7708,2:09:22:870102,0
266.67,349.4502,2:09:22:874102,0
266.793,349.1295,2:09:22:878102,0
266.916,348.7798,2:09:22:882102,0
267.0881,348.4008,2:09:22:886104,0
267.2111,348.0801,2:09:22:890102,0
267.3341,347.7012,2:09:22:894099,0
267.457,347.4097,2:09:22:898099,0
267.5554,347.0891,2:09:22:902099,0
267.6292,346.7975,2:09:22:906099,0
267.7276,346.5352,2:09:22:910099,0
267.8505,346.302,2:09:22:914099,0
267.9243,346.0688,2:09:22:918099,0
268.0227,345.8939,2:09:22:922099,0
268.1211,345.7481,2:09:22:926099,0
268.1703,345.5732,2:09:22:930099,0
268.2686,345.4275,2:09:22:934099,0
268.3178,345.3109,2:09:22:938103,0
268.3916,345.1068,2:09:22:942099,0
268.4654,344.9611,2:09:22:946100,0
268.49,344.8153,2:09:22:950101,0
268.5146,344.6404,2:09:22:954102,0
268.5146,344.4655,2:09:22:958103,0
268.5392,344.2615,2:09:22:962103,0
268.5392,344.0574,2:09:22:966103,0
268.5392,343.8242,2:09:22:970105,0
268.5392,343.5619,2:09:22:974103,0
268.5392,343.2996,2:09:22:978103,0
268.5392,343.0372,2:09:22:982102,0
268.5883,342.7457,2:09:22:986102,0
268.6129,342.425,2:09:22:990103,0
268.6375,342.0753,2:09:22:994102,0
268.7113,341.7546,2:09:22:998102,0
268.7605,341.4048,2:09:23:002102,0
268.8343,341.1133,2:09:23:006102,0
268.8835,340.7926,2:09:23:010102,0
268.9818,340.4428,2:09:23:015104,0
269.0556,340.1513,2:09:23:018103,0
269.1048,339.8599,2:09:23:022102,0
269.1786,339.5684,2:09:23:026103,0
269.2032,339.306,2:09:23:031103,0
269.277,339.0436,2:09:23:034103,0
269.3261,338.7521,2:09:23:038103,0
269.3507,338.519,2:09:23:042102,0
269.3999,338.2857,2:09:23:046102,0
269.4245,338.0526,2:09:23:050100,0
269.4245,337.8193,2:09:23:054102,0
269.4491,337.6153,2:09:23:058100,0
269.4491,337.3821,2:09:23:062101,0
269.4491,337.2072,2:09:23:066102,0
269.4491,336.974,2:09:23:070101,0
269.4491,336.7991,2:09:23:074101,0
269.4491,336.5659,2:09:23:078105,0
269.4491,336.3327,2:09:23:082101,0
269.4491,336.0995,2:09:23:086100,0
269.4491,335.8663,2:09:23:090101,0
269.4491,335.6039,2:09:23:094102,0
269.4491,335.3416,2:09:23:098102,0
269.4491,335.0209,2:09:23:102099,0
269.4491,334.7295,2:09:23:106102,0
269.941,334.4088,2:09:23:110099,0
269.941,334.0881,2:09:23:114102,0
269.941,333.7092,2:09:23:118100,0
270.4329,333.3594,2:09:23:122102,0
270.4329,332.9804,2:09:23:126100,0
270.7772,332.5724,2:09:23:130101,0
270.7772,332.1642,2:09:23:134104,0
271.0477,331.727,2:09:23:138104,0
271.0477,331.3189,2:09:23:142102,0
271.2937,330.9399,2:09:23:146102,0
271.2937,330.5319,2:09:23:150102,0
271.515,330.1529,2:09:23:154103,0
271.515,329.8031,2:09:23:158104,0
271.7118,329.4533,2:09:23:162102,0
271.7609,329.1909,2:09:23:166102,0
271.8347,329.0161,2:09:23:170233,0
271.9085,328.7537,2:09:23:174240,0
271.9823,328.5497,2:09:23:178240,0
272.0561,328.3456,2:09:23:182240,0
272.1299,328.1415,2:09:23:186240,0
272.2282,327.9375,2:09:23:190240,0
272.3266,327.7335,2:09:23:194246,0
272.4496,327.4128,2:09:23:198245,0
272.5479,327.1213,2:09:23:202256,0
272.6709,326.8007,2:09:23:206245,0
272.8185,326.4508,2:09:23:210244,0
272.9414,326.101,2:09:23:214244,0
273.1136,325.7221,2:09:23:218244,0
273.2857,325.3431,2:09:23:222244,0
273.5071,324.9933,2:09:23:226243,0
273.7039,324.5852,2:09:23:230265,0
273.9498,324.2354,2:09:23:234269,0
274.1711,323.8565,2:09:23:238271,0
274.3925,323.5359,2:09:23:242271,0
274.6384,323.1569,2:09:23:246729,0
274.8843,322.8654,2:09:23:250734,0
275.1057,322.5447,2:09:23:254722,0
275.3516,322.2532,2:09:23:257722,0
275.573,321.9326,2:09:23:262722,0
275.7943,321.6411,2:09:23:266732,0
275.9911,321.3788,2:09:23:269752,0
276.1632,321.1455,2:09:23:274722,0
276.2862,320.9124,2:09:23:277722,0
276.4091,320.6791,2:09:23:282722,0
276.5075,320.5334,2:09:23:286721,0
276.5813,320.3876,2:09:23:290720,0
276.6305,320.2711,2:09:23:294721,0
276.6797,320.1544,2:09:23:298720,0
276.6797,320.0962,2:09:23:302745,0
276.6797,320.067,2:09:23:306739,0
276.6797,320.067,2:09:23:310731,0
276.6797,320.067,2:09:23:314728,0
276.6797,320.067,2:09:23:318723,0
276.6797,320.067,2:09:23:322741,0
276.6797,320.067,2:09:23:326720,0
276.6797,320.067,2:09:23:330719,0
276.6797,320.067,2:09:23:334723,0
276.6797,320.7666,2:09:23:338727,0
276.6797,320.7666,2:09:23:342721,0
276.6797,320.7666,2:09:23:346722,0
276.6797,321.437,2:09:23:350730,0
276.3354,321.437,2:09:23:354737,0
276.3354,321.9326,2:09:23:358722,0
276.3354,321.9326,2:09:23:362722,0
276.3354,322.4865,2:09:23:366722,0
276.3354,322.4865,2:09:23:370720,0
276.1386,322.9529,2:09:23:374722,0
276.1386,323.1277,2:09:23:378722,0
276.1386,323.3026,2:09:23:382734,0
276.0403,323.4775,2:09:23:386733,0
276.0403,323.6233,2:09:23:390722,0
275.9911,323.7108,2:09:23:394735,0
275.9419,323.769,2:09:23:398720,0
275.9173,323.8274,2:09:23:402720,0
275.8927,323.8565,2:09:23:406721,0
275.8189,323.9439,2:09:23:410720,0
275.7943,323.9731,2:09:23:414721,0
275.7697,323.9731,2:09:23:418720,0
275.6959,324.0605,2:09:23:422720,0
275.6468,324.0897,2:09:23:426720,0
275.5976,324.2063,2:09:23:430719,0
275.5484,324.3521,2:09:23:434721,0
275.4746,324.4687,2:09:23:438724,0
275.45,324.6144,2:09:23:442720,0
275.3762,324.7602,2:09:23:445729,0
275.3516,324.9059,2:09:23:450720,0
275.327,325.0516,2:09:23:454720,0
275.3024,325.1974,2:09:23:458720,0
275.2533,325.314,2:09:23:462720,0
275.2287,325.4306,2:09:23:466722,0
275.2287,325.4889,2:09:23:470721,0
275.2287,325.6055,2:09:23:474725,0
275.2041,325.7221,2:09:23:478720,0
275.2041,325.8679,2:09:23:482721,0
275.2041,326.0136,2:09:23:486720,0
275.2041,326.1594,2:09:23:490720,0
275.2041,326.3925,2:09:23:494720,0
275.2041,326.5674,2:09:23:498720,0
275.2041,326.8298,2:09:23:502724,0
275.7205,327.0922,2:09:23:506725,0
275.7205,327.3836,2:09:23:510723,0
275.7205,327.646,2:09:23:514724,0
275.7205,327.8792,2:09:23:518725,0
276.1386,328.0833,2:09:23:522723,0
276.1386,328.229,2:09:23:526724,0
276.1386,328.433,2:09:23:529724,0
276.1386,328.6371,2:09:23:534673,0
276.36,328.8703,2:09:23:538656,0
276.36,329.0452,2:09:23:542657,0
276.36,329.2492,2:09:23:546656,0
276.36,329.5116,2:09:23:550445,0
276.36,329.8031,2:09:23:554442,0
276.4829,330.1237,2:09:23:558443,0
276.4829,330.4735,2:09:23:562442,0
276.4829,330.7942,2:09:23:566442,0
276.5321,331.1732,2:09:23:570442,0
276.6059,331.5229,2:09:23:574877,0
276.6305,331.9311,2:09:23:577880,0
276.7043,332.3975,2:09:23:581875,0
276.7535,332.8055,2:09:23:585879,0
276.8272,333.1553,2:09:23:590662,0
276.8764,333.5343,2:09:23:594674,0
276.9502,333.9132,2:09:23:598232,0
277.024,334.2047,2:09:23:602233,0
277.0732,334.4671,2:09:23:606232,0
277.147,334.6711,2:09:23:610231,0
277.1716,334.7878,2:09:23:614232,0
277.1962,334.8752,2:09:23:618235,0
277.2208,334.9335,2:09:23:622232,0
277.2699,334.9335,2:09:23:626234,0
277.3191,334.9335,2:09:23:630232,0
277.3437,334.9335,2:09:23:634237,0
277.3929,334.9335,2:09:23:638233,0
277.4421,334.9335,2:09:23:642233,0
277.4913,334.9335,2:09:23:646233,0
277.5651,334.9335,2:09:23:650253,0
277.6389,334.3505,2:09:23:654233,0
277.688,334.3505,2:09:23:658233,0
277.7618,334.3505,2:09:23:662232,0
277.8356,334.3505,2:09:23:666232,0
277.8848,334.3505,2:09:23:670232,0
277.9586,334.3505,2:09:23:674232,0
277.9586,334.3505,2:09:23:678232,0
277.9586,334.3505,2:09:23:682232,0
277.9586,334.3505,2:09:23:686741,0
277.9586,334.3505,2:09:23:690288,0
277.9586,334.3505,2:09:23:694895,0
277.9586,334.9626,2:09:23:697893,0
277.9586,334.9626,2:09:23:702895,0
277.9586,334.9626,2:09:23:705893,0
277.9586,335.4582,2:09:23:709894,0
277.4421,335.4582,2:09:23:713896,0
277.4421,335.8372,2:09:23:718894,0
277.4421,335.8372,2:09:23:721893,0
277.4421,336.1578,2:09:23:726996,0
277.0486,336.1578,2:09:23:730517,0
277.0486,336.4493,2:09:23:734649,0
277.0486,336.5951,2:09:23:738664,0
276.8026,336.7116,2:09:23:742604,0
276.8026,336.7991,2:09:23:746510,305
276.8026,336.9157,2:09:23:750524,316
276.6305,337.0031,2:09:23:754510,356
276.6305,337.1489,2:09:23:758826,414
276.6305,337.2946,2:09:23:761838,501
276.6305,337.4987,2:09:23:766911,608
276.6305,337.7028,2:09:23:770648,719
276.6305,338.0234,2:09:23:774974,851
277.2699,338.3149,2:09:23:777985,1005
277.2699,338.6647,2:09:23:783065,1172
277.2699,339.0145,2:09:23:786076,1361
277.688,339.4226,2:09:23:790245,1563
277.688,339.8599,2:09:23:794079,1749
277.688,340.2971,2:09:23:799076,1916
277.688,340.8218,2:09:23:802076,2053
277.688,341.4048,2:09:23:806954,2169
277.688,342.0169,2:09:23:809964,2267
276.9256,342.6874,2:09:23:813964,2361
276.9256,343.387,2:09:23:817962,2449
275.8189,344.0866,2:09:23:821963,2531
275.1303,344.8153,2:09:23:825965,2616
274.3679,345.515,2:09:23:830827,2694
273.5071,346.2437,2:09:23:833837,2778
272.5971,346.885,2:09:23:837943,2853
271.7118,347.4972,2:09:23:841837,2931
270.851,348.051,2:09:23:845851,3013
270.0394,348.4883,2:09:23:849840,3092
269.3016,348.8964,2:09:23:854854,3175
268.6375,349.217,2:09:23:857863,3256
268.0227,349.4502,2:09:23:862883,3337
267.4816,349.5959,2:09:23:865898,3417
267.0143,349.6834,2:09:23:870952,3497
266.5717,349.6834,2:09:23:873965,3574
266.1536,349.6834,2:09:23:879472,3650
265.7355,349.6834,2:09:23:882482,3731
265.2928,349.6834,2:09:23:886483,3808
264.8993,349.6834,2:09:23:890482,3879
264.5058,348.7214,2:09:23:894482,3945
264.1369,348.7214,2:09:23:898481,3999
263.7926,347.7595,2:09:23:902809,4055
263.4482,347.1473,2:09:23:905820,4103
263.1531,346.4769,2:09:23:910824,4144
262.8826,345.719,2:09:23:913820,4176
262.7104,344.8737,2:09:23:917819,4209
262.5383,343.9409,2:09:23:921820,4239
262.4891,342.9789,2:09:23:926824,4265
262.4891,341.9295,2:09:23:929818,4291
262.4891,340.851,2:09:23:933762,4301
262.4891,339.7433,2:09:23:938772,4308
262.4891,338.6064,2:09:23:942791,4320
263.3253,337.4987,2:09:23:946808,4336
263.3253,336.391,2:09:23:950799,4351
264.3336,335.3708,2:09:23:954803,4370
264.9485,334.4088,2:09:23:958803,4389
265.6617,333.5634,2:09:23:961800,4404
266.3995,332.8639,2:09:23:966918,4422
267.2111,332.3391,2:09:23:969930,4437
268.0473,331.9893,2:09:23:974955,4449
268.9326,331.8727,2:09:23:977968,4472
269.8918,331.8727,2:09:23:982962,4502
270.851,331.8727,2:09:23:985972,4549
271.9085,332.8639,2:09:23:990971,4606
273.0398,333.7675,2:09:23:993982,4688
274.2941,334.9335,2:09:23:997984,4794
275.573,336.391,2:09:24:001984,4906
276.9748,338.1108,2:09:24:006000,5030
278.4258,340.0348,2:09:24:009984,5144
279.8769,342.1335,2:09:24:013983,5239
281.3771,344.3198,2:09:24:017981,5331
282.8527,346.5352,2:09:24:021981,5410
284.3283,348.7214,2:09:24:025983,5471
285.7302,350.7911,2:09:24:029983,5523
287.1075,352.7441,2:09:24:034006,5573
288.4109,354.5223,2:09:24:037981,5620
289.6898,356.1838,2:09:24:041984,5665
290.9195,357.6996,2:09:24:045982,5707
292.1,359.0697,2:09:24:050985,5733
293.2313,360.294,2:09:24:055982,5752
294.3872,361.3726,2:09:24:057999,5766
295.4693,362.3636,2:09:24:062982,5766
296.5023,363.209,2:09:24:065980,5752
297.5106,363.9669,2:09:24:069994,5682
298.4944,364.4916,2:09:24:073981,5517
299.4781,364.9288,2:09:24:078718,5266
300.3881,365.1912,2:09:24:082730,4912
301.2734,365.3952,2:09:24:086887,4465
302.1588,365.5118,2:09:24:089898,3932
302.995,365.5993,2:09:24:093948,3284
303.8312,365.5993,2:09:24:097897,2414
304.7166,365.5993,2:09:24:101897,1490
305.479,365.5993,2:09:24:105898,741
306.1922,365.5993,2:09:24:110667,0
306.8808,364.7539,2:09:24:114647,0
307.4465,364.7539,2:09:24:118104,0
307.9138,363.6754,2:09:24:122107,0
308.3073,362.9175,2:09:24:126215,0
308.6516,362.1013,2:09:24:130105,0
308.9221,361.1393,2:09:24:134724,0
309.2172,360.1483,2:09:24:138734,0
309.5369,359.0406,2:09:24:142734,0
309.9059,357.9037,2:09:24:145734,0
310.3977,356.796,2:09:24:150774,0
311.0372,355.6009,2:09:24:154072,0
311.775,354.4057,2:09:24:158746,0
312.6111,353.2397,2:09:24:162747,0
313.5949,352.0737,2:09:24:166748,0
314.6524,350.9951,2:09:24:170746,0
315.7838,350.0332,2:09:24:174672,0
316.9397,349.1295,2:09:24:178682,0
318.0956,348.2259,2:09:24:182681,0
319.2761,347.4097,2:09:24:186682,0
320.5549,346.6809,2:09:24:190719,0
321.8092,346.0105,2:09:24:194730,0
323.0635,345.4275,2:09:24:198728,0
324.367,344.8737,2:09:24:201741,0
325.7196,344.3198,2:09:24:206739,0
326.9985,343.7951,2:09:24:209738,0
328.2282,343.2996,2:09:24:213839,0
329.4825,342.9497,2:09:24:217834,0
330.6384,342.5708,2:09:24:221835,0
331.6959,342.221,2:09:24:225834,0
332.8026,341.9295,2:09:24:230680,0
333.6634,341.6671,2:09:24:233844,0
334.4504,341.4048,2:09:24:238814,0
335.1636,341.2007,2:09:24:241824,0
335.7539,340.9384,2:09:24:246730,0
336.172,340.6469,2:09:24:249748,0
336.4425,340.3554,2:09:24:254740,0
336.5655,339.9764,2:09:24:257742,0
336.5655,339.5975,2:09:24:262738,0
336.5655,339.1602,2:09:24:265740,0
336.5655,338.6647,2:09:24:270733,0
336.5655,338.0817,2:09:24:273741,0
335.926,337.4987,2:09:24:278743,0
335.926,336.8574,2:09:24:281741,0
335.926,336.1287,2:09:24:286743,0
335.385,335.3708,2:09:24:290741,0
335.385,334.6129,2:09:24:294751,0
335.385,333.8258,2:09:24:297741,0
335.0161,333.097,2:09:24:302730,0
335.0161,332.4557,2:09:24:305742,0
335.0161,331.8436,2:09:24:310731,0
335.0161,331.2023,2:09:24:314570,0
335.0161,330.6776,2:09:24:318569,0
335.0161,330.2112,2:09:24:322569,0
335.0161,329.8322,2:09:24:326575,0
335.0161,329.5116,2:09:24:330569,0
335.0161,329.1909,2:09:24:334560,0
335.0161,328.9869,2:09:24:338557,0
335.0161,328.7537,2:09:24:342558,0
335.6801,328.5497,2:09:24:346558,0
335.6801,328.2873,2:09:24:350733,0
336.0736,328.025,2:09:24:353741,0
336.0736,327.6751,2:09:24:358680,0
336.5409,327.3836,2:09:24:362690,0
336.5409,326.9756,2:09:24:366688,0
337.1065,326.5383,2:09:24:370690,0
337.4508,326.101,2:09:24:374688,0
337.7952,325.6055,2:09:24:378690,0
338.1149,325.1682,2:09:24:382737,0
338.4592,324.731,2:09:24:386252,0
338.7297,324.2646,2:09:24:390686,0
339.0494,323.7982,2:09:24:394711,0
339.32,323.3901,2:09:24:398696,0
339.6643,323.0111,2:09:24:402695,0
339.9102,322.6613,2:09:24:406695,0
340.2054,322.3116,2:09:24:410696,0
340.4759,321.9909,2:09:24:414694,0
340.7956,321.6994,2:09:24:418712,0
341.1399,321.3788,2:09:24:422668,0
341.4104,321.1747,2:09:24:426711,0
341.7056,320.9124,2:09:24:430761,0
341.9515,320.6791,2:09:24:434767,0
342.222,320.4751,2:09:24:439062,0
342.4926,320.2711,2:09:24:442075,0
342.7631,320.067,2:09:24:446132,0
342.9844,319.8338,2:09:24:450072,0
343.2304,319.5714,2:09:24:454071,0
343.4763,319.3091,2:09:24:458072,0
343.7714,319.0468,2:09:24:462729,0
344.0666,318.7261,2:09:24:465739,0
344.3617,318.4346,2:09:24:470679,0
344.6568,318.1431,2:09:24:474701,0
344.9519,317.7933,2:09:24:478690,0
345.2717,317.5018,2:09:24:482706,0
345.5422,317.1812,2:09:24:486689,0
345.8127,316.8605,2:09:24:490689,0
346.0833,316.5399,2:09:24:494774,0
346.3538,316.2484,2:09:24:498790,0
346.6243,315.9568,2:09:24:502310,0
346.8948,315.6071,2:09:24:506314,0
347.1408,315.3447,2:09:24:510311,0
347.3867,315.0532,2:09:24:514312,0
347.6081,314.7617,2:09:24:518732,0
347.854,314.4702,2:09:24:521742,0
348.0753,314.1787,2:09:24:526730,0
348.2475,313.8289,2:09:24:530741,0
348.4442,313.4791,2:09:24:534678,0
348.6656,313.1002,2:09:24:538424,0
348.8623,312.692,2:09:24:542676,0
349.0345,312.2548,2:09:24:546473,0
349.2558,311.7884,2:09:24:550440,0
349.4772,311.322,2:09:24:555440,0
349.7231,310.7973,2:09:24:558439,0
349.9691,310.2434,2:09:24:562439,0
350.215,309.6896,2:09:24:566438,0
350.5101,309.1066,2:09:24:570438,0
350.7561,308.4944,2:09:24:574438,0
351.0758,307.9406,2:09:24:578438,0
351.3217,307.3867,2:09:24:582437,0
351.5923,306.8037,2:09:24:586437,0
351.8136,306.1042,2:09:24:590438,0
351.9366,305.3463,2:09:24:594441,1803
352.0349,304.5592,2:09:24:598467,1807
352.0595,303.7722,2:09:24:602440,1819
352.0595,303.0143,2:09:24:606445,1854
352.0595,302.3146,2:09:24:610440,1916
352.0595,301.5859,2:09:24:614440,2004
352.0595,301.0029,2:09:24:618440,2120
352.0595,300.5074,2:09:24:622441,2252
352.0595,300.2159,2:09:24:626454,2393
352.0595,299.9826,2:09:24:630440,2535
352.0595,299.8952,2:09:24:634440,2660
352.0595,299.7786,2:09:24:638453,2754
352.0595,299.7203,2:09:24:642440,2815
352.0595,299.7203,2:09:24:646440,2863
352.0595,299.7203,2:09:24:650440,2916
352.0595,299.7203,2:09:24:654440,2996
352.0595,300.5074,2:09:24:658442,3099
352.6252,300.5074,2:09:24:662442,3213
352.6252,301.8774,2:09:24:666442,3325
353.0925,302.8394,2:09:24:670444,3428
353.3876,304.0637,2:09:24:674442,3533
353.6581,305.4337,2:09:24:678442,3633
353.9041,306.9786,2:09:24:682442,3738
354.1254,308.6985,2:09:24:686442,3840
354.2976,310.4183,2:09:24:690442,3935
354.4205,312.2548,2:09:24:694440,4016
354.4205,314.0621,2:09:24:698440,4082
354.4205,315.8986,2:09:24:702442,4149
354.4205,317.735,2:09:24:706440,4209
354.4205,319.5714,2:09:24:710442,4264
354.4205,321.3204,2:09:24:714440,4311
354.4205,323.0111,2:09:24:718440,4352
354.4205,324.6144,2:09:24:722440,4398
354.4205,326.1885,2:09:24:726440,4449
353.8303,327.7626,2:09:24:730440,4500
353.8303,329.2492,2:09:24:734440,4539
353.8303,330.6193,2:09:24:738443,4565
353.8303,331.8727,2:09:24:742443,4583
353.4368,332.9804,2:09:24:746443,4592
353.4368,333.9716,2:09:24:750441,4604
353.4368,334.8169,2:09:24:754440,4617
353.4368,335.5457,2:09:24:758440,4622
353.4368,336.0121,2:09:24:762443,4635
353.4368,336.3327,2:09:24:766440,4649
353.4368,336.5659,2:09:24:770440,4669
353.4368,336.7116,2:09:24:774440,4714
353.4368,336.7991,2:09:24:778441,4764
353.4368,336.7991,2:09:24:782440,4830
353.4368,336.7991,2:09:24:786438,4898
353.4368,336.7991,2:09:24:790440,4956
353.4368,336.7991,2:09:24:794440,5003
353.4368,336.7991,2:09:24:798443,5029
353.4368,336.7991,2:09:24:802442,5042
353.4368,336.0412,2:09:24:806441,5043
353.4368,336.0412,2:09:24:810440,5039
353.4368,335.1959,2:09:24:814439,5034
353.4368,334.5837,2:09:24:818438,5025
353.4368,333.8549,2:09:24:822438,5027
353.4368,333.0096,2:09:24:826438,5021
353.4368,332.0768,2:09:24:830437,5021
353.4368,331.1732,2:09:24:834438,5022
353.4368,330.2112,2:09:24:838438,5012
352.8465,329.2492,2:09:24:842438,5016
352.8465,328.1999,2:09:24:846439,5015
352.4038,327.2087,2:09:24:850438,5014
352.4038,326.1885,2:09:24:854438,5014
351.8628,325.2849,2:09:24:858438,5008
351.5185,324.3521,2:09:24:862438,5008
351.125,323.4193,2:09:24:866439,5006
350.7561,322.6031,2:09:24:870438,5002
350.3625,321.8452,2:09:24:874438,5000
349.9199,321.1747,2:09:24:878438,4987
349.4526,320.5626,2:09:24:882438,4979
348.8623,320.0962,2:09:24:886438,4976
348.2229,319.688,2:09:24:891438,4973
347.5097,319.3674,2:09:24:894438,4973
346.6981,319.0176,2:09:24:898438,4974
345.739,318.7844,2:09:24:902440,4967
344.6322,318.6095,2:09:24:906440,4963
343.4763,318.4637,2:09:24:910444,4958
342.1974,318.3471,2:09:24:914440,4957
340.8448,318.318,2:09:24:918440,4957
339.4429,318.2888,2:09:24:922459,4953
338.0165,318.2888,2:09:24:926440,4955
336.6147,318.2888,2:09:24:930440,4951
335.262,318.2888,2:09:24:934441,4951
333.9831,318.2888,2:09:24:938442,4952
332.7043,319.0468,2:09:24:942441,4952
331.5237,319.0468,2:09:24:946441,4950
330.3924,319.8047,2:09:24:950444,4951
329.3103,319.8047,2:09:24:954440,4946
328.2774,320.8832,2:09:24:958441,4939
327.269,321.5828,2:09:24:962440,4939
326.2115,322.4282,2:09:24:966440,4937
325.154,323.3026,2:09:24:970438,4939
324.1456,324.3521,2:09:24:974437,4949
323.1127,325.4597,2:09:24:978438,4961
322.1535,326.7132,2:09:24:982438,4978
321.219,328.0833,2:09:24:986438,4997
320.3336,329.5407,2:09:24:990438,5011
319.522,331.0274,2:09:24:994438,5023
318.7842,332.5724,2:09:24:998437,5041
318.1447,334.1756,2:09:25:003438,5066
317.5791,335.8372,2:09:25:006437,5104
317.0872,337.557,2:09:25:010438,5152
316.6691,339.2769,2:09:25:014438,5196
316.3248,340.9967,2:09:25:018438,5245
316.0543,342.7457,2:09:25:022438,5290
315.8083,344.4947,2:09:25:026438,5344
315.6116,346.2729,2:09:25:030439,5401
315.464,348.0219,2:09:25:034438,5453
315.3657,349.7708,2:09:25:038439,5505
315.3411,351.4907,2:09:25:042443,5543
315.3165,353.1814,2:09:25:046618,5581
315.3165,354.843,2:09:25:050644,5624
315.3165,356.4753,2:09:25:055856,5665
315.3165,358.1078,2:09:25:057858,5712
315.3165,359.6819,2:09:25:062859,5764
315.3165,361.1977,2:09:25:066857,5816
315.8329,362.6552,2:09:25:070718,5874
315.8329,364.2001,2:09:25:073728,5925
315.8329,365.7451,2:09:25:078726,5963
316.4232,367.2608,2:09:25:082728,5996
316.4232,368.7766,2:09:25:086789,6022
316.9397,370.2924,2:09:25:089799,6055
316.9397,371.7499,2:09:25:093802,6083
317.5791,373.2949,2:09:25:097799,6112
317.9972,374.6941,2:09:25:102798,6141
318.4399,376.0933,2:09:25:105796,6172
318.9318,377.4051,2:09:25:109850,6205
319.4974,378.6585,2:09:25:113860,6239
320.1122,379.7953,2:09:25:117859,6270
320.8009,380.9322,2:09:25:121860,6297
321.5633,381.9233,2:09:25:126726,6330
322.3749,382.8853,2:09:25:130737,6358
323.2357,383.8181,2:09:25:133817,6387
324.1456,384.6634,2:09:25:137830,6407
325.1048,385.4796,2:09:25:141830,6428
326.0885,386.2083,2:09:25:146848,6448
327.1215,386.908,2:09:25:150426,6466
328.056,387.5493,2:09:25:153928,6487
329.0152,388.1322,2:09:25:158871,6503
329.9989,388.657,2:09:25:161872,6514
330.9827,389.1234,2:09:25:166728,6527
331.9664,389.5023,2:09:25:170739,6532
332.901,389.8813,2:09:25:174739,6539
333.8602,390.1728,2:09:25:178739,6549
334.8193,390.4059,2:09:25:182634,6562
335.8523,390.5808,2:09:25:186572,6578
336.8852,390.7266,2:09:25:190646,6591
337.8935,390.8141,2:09:25:194572,6609
338.8773,390.8432,2:09:25:198715,6621
339.8856,390.8432,2:09:25:202726,6630
340.8448,390.8432,2:09:25:206368,6638
341.8285,390.8432,2:09:25:210379,6644
342.7877,390.8432,2:09:25:214377,6649
343.7714,389.9395,2:09:25:218379,6650
344.706,389.9395,2:09:25:222718,6654
345.6406,389.065,2:09:25:225728,6656
346.5505,388.5403,2:09:25:230380,6653
347.4113,387.9573,2:09:25:234390,6659
348.2967,387.2869,2:09:25:238391,6660
349.0591,386.5581,2:09:25:242390,6665
349.8215,385.7419,2:09:25:246390,6669
350.5347,384.8675,2:09:25:250390,6672
351.1742,383.9055,2:09:25:254506,6671
351.7644,382.8853,2:09:25:258389,6666
352.2563,381.7776,2:09:25:262663,6660
352.7236,380.6115,2:09:25:266401,6646
353.1663,379.3581,2:09:25:270724,6632
353.5352,378.0172,2:09:25:274736,6612
353.9041,376.5888,2:09:25:278672,6593
354.2238,375.1022,2:09:25:282575,6569
354.4697,373.6155,2:09:25:286754,6546
354.6665,372.1581,2:09:25:289754,6522
354.7894,370.7006,2:09:25:294020,6489
354.814,369.3305,2:09:25:298019,6471
354.814,368.1062,2:09:25:302021,6447
354.814,367.0276,2:09:25:306021,6429
354.814,366.0657,2:09:25:309815,6421
354.1008,365.3078,2:09:25:313819,6401
354.1008,364.6374,2:09:25:317863,6389
353.3876,364.0835,2:09:25:321895,6375
353.3876,363.6171,2:09:25:325862,6368
352.576,363.209,2:09:25:329862,6363
352.1579,362.8883,2:09:25:334633,6358
351.789,362.5969,2:09:25:338642,6359
351.3709,362.3636,2:09:25:342644,6358
351.002,362.2179,2:09:25:346644,6360
350.6577,362.043,2:09:25:350644,6363
350.3134,361.9264,2:09:25:354642,6363
350.0182,361.8681,2:09:25:358690,6355
349.6985,361.7806,2:09:25:362667,6345
349.4034,361.7515,2:09:25:366669,6338
349.1329,361.7515,2:09:25:370664,6324
348.8623,361.7515,2:09:25:374799,6316
348.5918,361.7515,2:09:25:377810,6310
348.3459,361.7515,2:09:25:382807,6308
348.0999,361.7515,2:09:25:385809,6309
347.854,362.5677,2:09:25:390809,6309
347.6327,362.5677,2:09:25:393812,6313
347.4113,363.3839,2:09:25:398254,6317
347.19,363.3839,2:09:25:402191,6325
347.0424,364.375,2:09:25:406190,6334
346.8948,364.9872,2:09:25:410191,6337
346.8211,365.7159,2:09:25:414786,6344
346.7719,366.5612,2:09:25:418797,6351
346.7719,367.5232,2:09:25:422197,6358
346.7719,368.6017,2:09:25:426203,6367
346.7719,369.7678,2:09:25:430202,6371
346.7719,371.1086,2:09:25:434200,6372
346.7719,372.5662,2:09:25:437983,6386
347.4851,374.0819,2:09:25:441993,6395
347.4851,375.656,2:09:25:446314,6399
347.977,377.2885,2:09:25:450326,6415
347.977,378.95,2:09:25:454323,6419
348.4688,380.699,2:09:25:458324,6436
348.4688,382.3605,2:09:25:462334,6452
348.8132,384.0804,2:09:25:466335,6466
348.8132,385.7419,2:09:25:470377,6476
348.8132,387.4035,2:09:25:474337,6477
348.8132,388.9776,2:09:25:478729,6488
349.0591,390.4934,2:09:25:482739,6491
349.0591,391.98,2:09:25:486676,6489
349.0591,393.3501,2:09:25:490409,6480
349.0591,394.6618,2:09:25:494781,6421
349.0591,395.9153,2:09:25:497787,6271
349.0591,397.1104,2:09:25:502520,5974
349.0591,398.2181,2:09:25:506519,5536
348.5426,399.2093,2:09:25:510546,4981
348.5426,400.0837,2:09:25:514524,4308
348.5426,400.8708,2:09:25:517915,3537
347.977,401.5121,2:09:25:521923,2481
347.977,401.9493,2:09:25:525924,1466
347.6327,402.27,2:09:25:529926,666
347.6327,402.5032,2:09:25:534716,0
347.2883,402.5032,2:09:25:538727,0
347.2883,402.5032,2:09:25:542661,0
346.9686,402.5032,2:09:25:546940,0
346.9686,401.5413,2:09:25:551941,0
346.6981,401.5413,2:09:25:553940,0
346.5505,400.2003,2:09:25:557940,0
346.4521,399.2675,2:09:25:561940,0
346.4521,398.2765,2:09:25:565940,0
346.4521,397.2562,2:09:25:569940,0
346.4521,396.2068,2:09:25:573941,0
346.4521,395.1282,2:09:25:578957,0
346.4521,394.108,2:09:25:581943,0
347.0178,393.2335,2:09:25:585944,0
347.0178,392.4464,2:09:25:589938,0
347.0178,391.776,2:09:25:593938,0
347.4359,391.1347,2:09:25:597940,0
347.4359,390.61,2:09:25:601940,0
347.4359,390.2019,2:09:25:605940,0
347.4359,389.9104,2:09:25:610940,0
347.4359,389.648,2:09:25:613941,0
347.4359,389.3857,2:09:25:617940,0
346.8456,389.1816,2:09:25:621940,0
346.8456,388.9776,2:09:25:625940,0
346.2062,388.8318,2:09:25:629940,0
346.2062,388.6861,2:09:25:634940,0
345.3454,388.5112,2:09:25:637940,0
344.8536,388.278,2:09:25:641940,0
344.3617,388.0157,2:09:25:645940,0
343.7223,387.8116,2:09:25:649949,0
343.0828,387.5201,2:09:25:653940,0
342.3942,387.1703,2:09:25:657940,0
341.7056,386.7622,2:09:25:661941,0
340.9185,386.4416,2:09:25:665940,0
340.1808,386.0334,2:09:25:669940,0
339.3937,385.7419,2:09:25:673940,0
338.533,385.4796,2:09:25:678051,0
337.6968,385.2464,2:09:25:682061,0
336.7868,385.1006,2:09:25:686065,0
335.8523,385.0715,2:09:25:689984,0
334.9177,385.0715,2:09:25:694038,0
334.0569,385.0715,2:09:25:697984,0
333.2453,385.0715,2:09:25:702719,0
332.3845,385.0715,2:09:25:705761,0
331.6221,385.8294,2:09:25:710719,0
330.8597,385.8294,2:09:25:714049,0
330.1957,385.8294,2:09:25:718049,0
329.6054,385.8294,2:09:25:722050,0
329.0152,386.3541,2:09:25:726051,0
328.5233,386.3541,2:09:25:730052,0
328.0068,386.3541,2:09:25:734673,0
327.5396,386.3541,2:09:25:738175,0
327.2444,386.3541,2:09:25:742668,0
327.0477,385.6837,2:09:25:746098,0
326.9001,385.6837,2:09:25:750980,0
326.8018,384.8091,2:09:25:753990,0
326.8018,384.8091,2:09:25:758099,0
326.8018,383.8181,2:09:25:762988,0
326.8018,383.3225,2:09:25:765990,0
326.8018,383.3225,2:09:25:769990,0
327.3674,382.5938,2:09:25:774669,0
327.3674,382.5938,2:09:25:778000,0
327.9822,382.1273,2:09:25:782719,0
327.9822,382.1273,2:09:25:786729,0
328.7939,382.1273,2:09:25:790858,0
329.2119,382.1273,2:09:25:794857,0
329.6546,382.1273,2:09:25:797871,0
329.6546,382.1273,2:09:25:802859,0
330.2941,382.1273,2:09:25:806858,0
330.5892,382.1273,2:09:25:809862,0
330.5892,382.1273,2:09:25:814725,0
331.0073,382.1273,2:09:25:817736,0
331.0073,382.1273,2:09:25:822674,0
331.0073,382.1273,2:09:25:826684,0
331.0073,382.1273,2:09:25:829811,0
331.0073,382.1273,2:09:25:834821,0
331.0073,382.1273,2:09:25:837821,0
331.0073,382.1273,2:09:25:841821,0
331.0073,381.5443,2:09:25:846724,0
331.0073,381.5443,2:09:25:849744,0
331.0073,381.0779,2:09:25:854726,0
330.417,381.0779,2:09:25:857735,0
330.417,380.4366,2:09:25:862736,0
329.9497,380.0577,2:09:25:865748,0
329.9497,379.7079,2:09:25:869738,0
329.4579,379.3289,2:09:25:874733,0
329.4579,378.9208,2:09:25:878753,0
328.9906,378.6002,2:09:25:882736,0
328.9906,378.1921,2:09:25:886728,0
328.6217,377.784,2:09:25:889736,0
328.6217,377.4051,2:09:25:894821,0
328.3266,377.0552,2:09:25:898823,0
328.3266,376.7637,2:09:25:902821,0
328.1052,376.4723,2:09:25:905823,0
328.0068,376.2099,2:09:25:910725,0
327.9576,375.9475,2:09:25:914078,0
327.8347,375.7726,2:09:25:918815,0
327.7609,375.6269,2:09:25:921823,0
327.7117,375.5103,2:09:25:925824,0
327.6379,375.452,2:09:25:929823,0
327.6379,375.3646,2:09:25:933824,0
327.6133,375.3062,2:09:25:937822,0
327.6133,375.248,2:09:25:942723,0
327.6133,375.2188,2:09:25:946737,0
327.6133,375.1896,2:09:25:950733,0
327.6133,375.1313,2:09:25:954731,0
327.6133,375.1022,2:09:25:958734,0
327.6133,375.0731,2:09:25:961733,0
327.6133,375.0439,2:09:25:966720,0
328.1544,374.9856,2:09:25:970084,0
328.1544,374.9565,2:09:25:974429,0
328.1544,374.9273,2:09:25:978429,0
328.1544,374.8982,2:09:25:982432,0
328.1544,374.8398,2:09:25:986429,0
328.4495,374.8107,2:09:25:990724,0
328.4495,374.7232,2:09:25:994753,0
328.4495,374.6941,2:09:25:997734,0
328.4495,374.6649,2:09:26:002734,0
328.4495,374.6358,2:09:26:006724,0
328.4495,374.5775,2:09:26:009745,0
328.4495,374.5483,2:09:26:014908,0
328.4495,374.5483,2:09:26:017916,0
328.4495,374.5483,2:09:26:021949,0
328.4495,374.5483,2:09:26:026918,0
328.4495,374.5483,2:09:26:029920,0
328.4495,374.5483,2:09:26:034919,0
328.4495,374.5483,2:09:26:038722,0
328.4495,374.5483,2:09:26:041937,0
328.0806,374.5483,2:09:26:046728,0
328.0806,374.5483,2:09:26:049738,0
328.0806,374.5483,2:09:26:054738,0
328.0806,374.5483,2:09:26:058738,0
328.0806,374.5483,2:09:26:062736,0
328.0806,374.5483,2:09:26:065740,0
328.0806,374.5483,2:09:26:070749,0
328.0806,374.5483,2:09:26:075750,0
328.0806,374.5483,2:09:26:077749,0
328.0806,374.5483,2:09:26:082747,0
328.0806,374.5483,2:09:26:086729,0
328.0806,374.5483,2:09:26:090736,0
328.0806,374.0819,2:09:26:094724,0
328.6463,374.0819,2:09:26:097734,0
328.6463,374.0819,2:09:26:102734,0
328.6463,374.0819,2:09:26:105734,0
328.6463,374.0819,2:09:26:110925,0
329.0152,373.8196,2:09:26:113936,0
329.0152,373.8196,2:09:26:117935,0
329.0152,373.8196,2:09:26:122933,0
329.2611,373.8196,2:09:26:125942,0
329.2611,373.6155,2:09:26:130936,0
329.4333,373.6155,2:09:26:134719,0
329.4333,373.5573,2:09:26:137730,0
329.4333,373.5281,2:09:26:142169,0
329.507,373.4698,2:09:26:146183,0
329.507,373.4406,2:09:26:151179,0
329.507,373.4115,2:09:26:154180,0
329.507,373.3532,2:09:26:158179,0
329.507,373.324,2:09:26:162184,0
329.507,373.2949,2:09:26:166794,0
329.507,373.2657,2:09:26:169814,0
329.507,373.2075,2:09:26:174362,0
329.507,373.2075,2:09:26:178362,0
329.507,373.1783,2:09:26:182365,0
329.507,373.1783,2:09:26:186365,0
329.507,373.1783,2:09:26:190718,0
329.507,373.1491,2:09:26:194726,0
329.507,373.12,2:09:26:198726,0
329.507,373.0617,2:09:26:202729,0
329.507,373.0617,2:09:26:206728,0
329.507,373.0326,2:09:26:210726,0
329.507,373.0034,2:09:26:214729,0
329.507,372.916,2:09:26:218728,0
329.507,372.8868,2:09:26:222728,0
329.507,372.8576,2:09:26:226730,0
329.507,372.7993,2:09:26:229731,0
329.507,372.7411,2:09:26:234726,0
329.507,372.6536,2:09:26:237728,0
329.507,372.5953,2:09:26:242726,0
329.507,372.5078,2:09:26:246726,0
329.507,372.4787,2:09:26:250728,0
329.507,372.3912,2:09:26:253728,0
329.507,372.3329,2:09:26:258729,0
329.507,372.3038,2:09:26:261728,0
329.507,372.2163,2:09:26:266729,0
329.507,372.1872,2:09:26:269728,0
329.507,372.1581,2:09:26:274728,0
329.507,372.0998,2:09:26:277728,0
329.507,372.0998,2:09:26:282728,0
329.507,372.0706,2:09:26:285728,0
329.507,372.0414,2:09:26:290726,0
329.507,371.9832,2:09:26:293728,0
329.507,371.954,2:09:26:298728,0
329.507,371.9248,2:09:26:301728,0
329.507,371.8374,2:09:26:305729,0
329.507,371.8083,2:09:26:309731,0
329.507,371.7499,2:09:26:313728,0
329.507,371.6917,2:09:26:317728,0
329.507,371.6625,2:09:26:321731,0
329.507,371.6042,2:09:26:325745,0
329.507,371.5168,2:09:26:330729,0
329.507,371.4293,2:09:26:333728,0
329.507,371.4001,2:09:26:338726,0
329.507,371.371,2:09:26:341726,0
329.507,371.3419,2:09:26:346727,0
329.507,371.2835,2:09:26:349726,0
329.507,371.2253,2:09:26:354727,0
329.507,371.2253,2:09:26:357726,0
329.507,371.2253,2:09:26:362728,0
329.507,371.1961,2:09:26:366738,0
329.507,371.1961,2:09:26:369738,0
329.507,371.1961,2:09:26:374717,0
329.507,371.1961,2:09:26:377728,0
329.507,371.1961,2:09:26:383050,0
329.507,371.1961,2:09:26:386058,0
329.507,371.1961,2:09:26:390791,0
329.507,371.1961,2:09:26:393794,0
329.507,371.1961,2:09:26:398790,0
329.507,371.1961,2:09:26:401792,0
329.507,371.1961,2:09:26:406719,0
329.507,371.1961,2:09:26:409729,0
329.507,371.1961,2:09:26:414719,0
329.507,371.1961,2:09:26:418729,0
329.507,371.1961,2:09:26:422852,0
329.507,371.1961,2:09:26:425852,0
329.507,371.1961,2:09:26:430666,0
329.507,371.1961,2:09:26:434676,0
329.507,371.1961,2:09:26:438676,0
329.507,371.1961,2:09:26:442676,0
329.507,371.1961,2:09:26:446676,0
329.8514,371.1961,2:09:26:449947,0
329.8514,371.1961,2:09:26:454715,0
329.8514,371.1961,2:09:26:457738,0
329.8514,370.7297,2:09:26:462738,0
329.8514,370.7297,2:09:26:465738,0
329.8514,370.7297,2:09:26:470738,0
329.8514,370.7297,2:09:26:474735,0
329.8514,370.7297,2:09:26:478722,0
329.8514,370.7297,2:09:26:482733,0
329.8514,370.7297,2:09:26:486717,0
329.8514,370.7297,2:09:26:490727,0
329.8514,370.7297,2:09:26:494736,0
329.8514,370.7297,2:09:26:498726,0
329.8514,370.7297,2:09:26:502736,0
329.8514,370.7297,2:09:26:506727,0
329.8514,370.7297,2:09:26:511116,0
329.8514,370.7297,2:09:26:514129,0
329.8514,370.7297,2:09:26:518192,0
329.8514,370.7297,2:09:26:524126,0
329.8514,370.7297,2:09:26:526125,0
329.8514,370.7297,2:09:26:530177,0
329.8514,370.7297,2:09:26:534932,0
329.8514,370.7297,2:09:26:537896,0
329.8514,370.7297,2:09:26:542954,0
329.8514,370.7297,2:09:26:545964,0
329.8514,370.7297,2:09:26:550784,0
329.8514,370.7297,2:09:26:554797,0
329.8514,370.7297,2:09:26:558799,0
329.8514,370.2924,2:09:26:562810,0
329.8514,370.2924,2:09:26:566799,0
330.2941,370.2924,2:09:26:570802,0
330.2941,370.2924,2:09:26:573795,0
330.2941,369.9135,2:09:26:578797,0
330.2941,369.9135,2:09:26:582867,0
330.2941,369.5928,2:09:26:585996,0
330.2941,369.5928,2:09:26:590996,0
330.2941,369.2722,2:09:26:593996,0
330.2941,369.0681,2:09:26:598106,0
330.2941,368.8932,2:09:26:601997,0
330.2941,368.7475,2:09:26:607083,0
330.2941,368.5435,2:09:26:610094,0
330.2941,368.3394,2:09:26:615506,0
330.2941,368.1353,2:09:26:618516,0
330.2941,367.9313,2:09:26:622551,0
330.2941,367.6689,2:09:26:626517,0
330.2941,367.4358,2:09:26:630515,0
330.8105,367.2317,2:09:26:634545,0
330.8105,366.911,2:09:26:638858,0
330.8105,366.6779,2:09:26:642866,0
330.8105,366.4155,2:09:26:646294,0
330.8105,366.1531,2:09:26:650305,0
331.1302,365.9491,2:09:26:654329,0
331.1302,365.8033,2:09:26:658317,0
331.4254,365.6576,2:09:26:663052,0
331.4254,365.5118,2:09:26:666065,0
331.8681,365.4536,2:09:26:671063,0
332.1632,365.3078,2:09:26:674061,0
332.5813,365.1912,2:09:26:678062,0
332.9256,364.9872,2:09:26:683061,0
333.3683,364.8123,2:09:26:687172,0
333.7864,364.579,2:09:26:690178,0
334.2291,364.3459,2:09:26:694181,0
334.7455,364.0835,2:09:26:698178,0
335.2374,363.8211,2:09:26:703192,0
335.7293,363.5588,2:09:26:706201,0
336.2704,363.3256,2:09:26:710252,0
336.7622,363.1507,2:09:26:714262,0
337.3279,362.9175,2:09:26:718735,0
337.8935,362.83,2:09:26:723569,0
338.4592,362.7134,2:09:26:726585,0
338.9756,362.626,2:09:26:730564,0
339.5659,362.626,2:09:26:734892,0
340.0824,362.626,2:09:26:737905,0
340.648,362.626,2:09:26:742919,0
341.2383,362.626,2:09:26:746664,0
341.8039,362.626,2:09:26:750952,0
342.345,362.626,2:09:26:753962,0
342.9106,362.626,2:09:26:758964,0
343.4517,362.626,2:09:26:761964,0
344.0174,363.1798,2:09:26:766960,0
344.5338,363.1798,2:09:26:770963,0
345.0503,363.1798,2:09:26:775047,0
345.5176,363.1798,2:09:26:778060,0
345.9849,363.1798,2:09:26:783058,0
346.4276,363.1798,2:09:26:786057,0
346.7965,363.1798,2:09:26:791144,0
347.1408,363.1798,2:09:26:794161,0
347.4113,363.1798,2:09:26:799343,0
347.7065,363.1798,2:09:26:802382,0
347.8786,363.1798,2:09:26:806378,0
348.0753,363.8211,2:09:26:810380,0
348.2229,363.8211,2:09:26:814430,0
348.3459,363.8211,2:09:26:818379,0
348.4442,363.8211,2:09:26:823142,0
348.5672,363.8211,2:09:26:826153,0
348.6656,363.8211,2:09:26:830152,0
348.7886,363.8211,2:09:26:834172,0
348.8869,363.8211,2:09:26:839169,0
348.9853,363.8211,2:09:26:842196,0
349.1083,363.8211,2:09:26:846808,0
349.2313,363.8211,2:09:26:850181,0
349.3542,363.8211,2:09:26:854920,0
349.5018,363.8211,2:09:26:858452,0
349.6248,363.8211,2:09:26:862811,0
349.7477,363.8211,2:09:26:865810,0
349.9445,363.8211,2:09:26:870824,0
350.092,363.8211,2:09:26:873810,0
350.215,363.8211,2:09:26:877811,0
350.3871,363.8211,2:09:26:881810,0
350.5347,363.8211,2:09:26:885810,0
350.7561,364.4916,2:09:26:889810,0
351.002,364.4916,2:09:26:893813,0
351.2234,364.4916,2:09:26:897810,0
351.4447,365.1038,2:09:26:901811,0
351.6906,365.1038,2:09:26:905812,0
351.912,365.5118,2:09:26:909810,0
352.1087,365.5118,2:09:26:914815,0
352.2317,366.0657,2:09:26:918747,0
352.33,366.4155,2:09:26:922831,0
352.3792,366.7361,2:09:26:926824,0
352.3792,367.2317,2:09:26:929827,0
352.4038,367.7856,2:09:26:934872,0
352.4038,368.3686,2:09:26:938887,0
352.4038,368.9515,2:09:26:942596,0
352.4038,369.5637,2:09:26:946628,0
352.4038,370.1758,2:09:26:950936,0
352.4038,370.8171,2:09:26:953936,0
352.4038,371.5459,2:09:26:957937,0
352.4038,372.2163,2:09:26:961936,0
351.8628,372.8868,2:09:26:966593,0
351.8628,373.5864,2:09:26:970636,0
351.3709,374.2568,2:09:26:974742,0
351.3709,374.9565,2:09:26:978755,0
350.7807,375.6269,2:09:26:982756,0
350.4363,376.2099,2:09:26:986759,0
350.092,376.8221,2:09:26:990754,0
349.7477,377.3759,2:09:26:994755,0
349.3788,377.8715,2:09:26:998754,0
349.0099,378.3961,2:09:27:002755,0
348.5918,378.95,2:09:27:006755,0
348.1983,379.4456,2:09:27:009755,0
347.7556,379.9702,2:09:27:015258,0
347.3129,380.5241,2:09:27:018269,0
346.8948,381.0197,2:09:27:022268,0
346.4276,381.5735,2:09:27:026271,0
345.9357,382.1856,2:09:27:030361,0
345.5176,382.7395,2:09:27:034268,0
345.0995,383.2933,2:09:27:038903,0
344.706,383.8181,2:09:27:041917,0
344.2879,384.3136,2:09:27:046546,0
343.9436,384.78,2:09:27:050556,0
343.6731,385.1881,2:09:27:054604,0
343.3779,385.4796,2:09:27:058557,0
343.1566,385.7419,2:09:27:062557,0
342.9844,385.9168,2:09:27:066559,0
342.7631,386.0334,2:09:27:070450,0
342.6155,386.1501,2:09:27:074452,0
342.4434,386.1792,2:09:27:078459,0
342.3204,386.2083,2:09:27:082452,0
342.1974,386.2375,2:09:27:086808,0
342.0499,386.325,2:09:27:089840,0
341.9269,386.4124,2:09:27:094826,0
341.8039,386.4707,2:09:27:097818,0
341.6318,386.6165,2:09:27:102827,0
341.4842,386.7622,2:09:27:105818,0
341.3367,386.908,2:09:27:110758,0
341.1645,387.0537,2:09:27:113768,0
341.0415,387.1995,2:09:27:118776,0
340.9185,387.316,2:09:27:121789,0
340.8202,387.4618,2:09:27:126823,0
340.771,387.5493,2:09:27:129789,0
340.7218,387.5784,2:09:27:134788,0
340.7218,387.6075,2:09:27:137789,0
340.7218,387.6075,2:09:27:142933,0
340.7218,387.6075,2:09:27:145944,0
340.7218,387.6075,2:09:27:150945,0
340.7218,387.6075,2:09:27:153943,0
340.7218,387.6075,2:09:27:157957,0
340.7218,387.6075,2:09:27:161943,0
341.1891,387.6075,2:09:27:166951,0
341.1891,387.6075,2:09:27:169961,0
341.1891,387.6075,2:09:27:174962,0
341.5826,387.6075,2:09:27:177962,0
341.5826,387.0537,2:09:27:183168,0
341.5826,387.0537,2:09:27:186546,0
341.9269,387.0537,2:09:27:190548,0
341.9269,387.0537,2:09:27:194546,0
341.9269,387.0537,2:09:27:198549,0
342.1729,386.7331,2:09:27:202547,0
342.1729,386.7331,2:09:27:206694,0
342.1729,386.7331,2:09:27:210561,0
342.3204,386.5581,2:09:27:214819,0
342.3204,386.5581,2:09:27:218827,0
342.3942,386.4416,2:09:27:222829,0
342.4434,386.3541,2:09:27:225827,0
342.5172,386.2958,2:09:27:230829,0
342.6155,386.2083,2:09:27:234829,0
342.6893,386.1501,2:09:27:239008,0
342.8123,386.0626,2:09:27:242385,0
342.9106,386.0043,2:09:27:246868,0
343.0828,385.9168,2:09:27:249882,0
343.2058,385.8294,2:09:27:255157,0
343.3287,385.7711,2:09:27:258168,0
343.4763,385.7419,2:09:27:262167,0
343.6485,385.6545,2:09:27:266168,0
343.796,385.6253,2:09:27:271241,0
343.9436,385.5379,2:09:27:274638,0
344.0666,385.5088,2:09:27:279609,0
344.2387,385.4796,2:09:27:282616,0
344.3617,385.4213,2:09:27:286613,0
344.4846,385.3922,2:09:27:290635,0
344.6076,385.363,2:09:27:294616,0
344.706,385.363,2:09:27:298616,0
344.8044,385.3339,2:09:27:302919,0
344.8781,385.3339,2:09:27:306459,0
344.9519,385.2755,2:09:27:310971,0
345.0503,385.2464,2:09:27:314500,0
345.1241,385.2464,2:09:27:318632,0
345.1979,385.2173,2:09:27:322487,0
345.2717,385.2173,2:09:27:326551,0
345.3454,385.1881,2:09:27:330487,0
345.4438,385.1298,2:09:27:335166,0
345.5422,385.1006,2:09:27:338176,0
345.6406,385.0715,2:09:27:342208,0
345.739,385.0715,2:09:27:346195,0
345.8619,385.0424,2:09:27:350304,0
345.9357,384.9549,2:09:27:354176,0
346.1078,384.9258,2:09:27:358176,0
346.2554,384.8383,2:09:27:362176,0
346.4276,384.78,2:09:27:366908,0
346.6243,384.6925,2:09:27:369919,0
346.8456,384.576,2:09:27:374907,0
347.0916,384.4302,2:09:27:377946,0
347.3129,384.2845,2:09:27:382917,0
347.5343,384.1387,2:09:27:385917,0
347.7556,383.9638,2:09:27:390923,0
347.9524,383.7306,2:09:27:393941,0
348.0999,383.4974,2:09:27:398866,1214
348.2229,383.2933,2:09:27:401882,1264
348.2967,383.0602,2:09:27:406882,1365
348.3459,382.8853,2:09:27:409877,1527
348.3951,382.652,2:09:27:414877,1738
348.3951,382.4771,2:09:27:418890,1946
348.3951,382.3022,2:09:27:421875,2146
348.3951,382.1856,2:09:27:425875,2325
348.3951,382.0691,2:09:27:429875,2497
348.3951,381.9816,2:09:27:434876,2660
348.3951,381.9233,2:09:27:437874,2806
348.3951,381.8941,2:09:27:442876,2945
348.3951,381.8358,2:09:27:445875,3064
348.3951,381.8067,2:09:27:449875,3173
348.3951,381.8067,2:09:27:453875,3277
348.3951,381.7776,2:09:27:458875,3371
348.3951,381.7776,2:09:27:461874,3467
348.3951,381.7776,2:09:27:465875,3554
348.3951,381.7776,2:09:27:469875,3636
348.3951,381.7776,2:09:27:474875,3724
348.3951,381.7776,2:09:27:477875,3801
348.3951,381.7776,2:09:27:482875,3874
348.3951,381.7776,2:09:27:485874,3943
348.3951,381.7776,2:09:27:489875,3996
348.3951,381.7776,2:09:27:493875,4045
348.3951,381.7776,2:09:27:498875,4100
348.3951,381.7776,2:09:27:501875,4163
348.3951,382.5938,2:09:27:505876,4240
347.8786,383.0893,2:09:27:509876,4329
347.8786,383.7597,2:09:27:513878,4411
347.3621,384.6342,2:09:27:517877,4492
346.9194,385.6837,2:09:27:521877,4558
346.3784,386.9954,2:09:27:525880,4618
345.6898,388.4237,2:09:27:529879,4673
344.9273,389.9978,2:09:27:533879,4719
344.0174,391.6594,2:09:27:537890,4757
343.009,393.4667,2:09:27:542880,4781
341.9515,395.3906,2:09:27:546889,4804
340.7956,397.3145,2:09:27:549876,4816
339.5659,399.3842,2:09:27:554879,4827
338.3608,401.5121,2:09:27:557877,4834
337.1311,403.64,2:09:27:562882,4833
335.9014,405.7971,2:09:27:565878,4809
334.7455,407.8668,2:09:27:569880,4738
333.7126,409.8781,2:09:27:573877,4594
332.7043,411.6855,2:09:27:577898,4345
331.7943,413.347,2:09:27:581877,3967
330.9581,414.8045,2:09:27:586878,3459
330.1711,416.0288,2:09:27:590877,2761
329.4333,416.9908,2:09:27:594874,1804
328.8676,417.632,2:09:27:598877,999
328.2774,418.0984,2:09:27:601907,368
327.7117,418.2733,2:09:27:605878,0
327.2444,418.2733,2:09:27:609877,0
326.8264,418.2733,2:09:27:613878,0
326.482,417.3405,2:09:27:617877,0
326.3099,416.5826,2:09:27:621876,0
326.2115,415.6207,2:09:27:625877,0
326.2115,414.5421,2:09:27:629877,0
326.2115,413.347,2:09:27:633875,0
326.2115,412.0061,2:09:27:637877,0
326.9493,410.5778,2:09:27:641875,0
326.9493,409.1202,2:09:27:647141,0
327.9822,407.6919,2:09:27:650152,0
328.5725,406.2927,2:09:27:654211,0
329.1628,404.8643,2:09:27:658153,0
329.7038,403.3777,2:09:27:662267,0
330.1957,401.9785,2:09:27:666155,0
330.7122,400.6376,2:09:27:670706,0
331.204,399.4424,2:09:27:674717,0
331.6713,398.3056,2:09:27:678717,0
332.0156,397.1688,2:09:27:681723,0
332.3599,396.0902,2:09:27:686905,0
332.6059,395.0699,2:09:27:689913,0
332.8518,394.1663,2:09:27:693974,0
333.0732,393.321,2:09:27:697912,0
333.0732,392.3882,2:09:27:701914,0
333.0732,391.5428,2:09:27:705912,0
333.0732,390.6974,2:09:27:710713,0
333.0732,389.8521,2:09:27:714066,0
333.0732,389.0359,2:09:27:718230,0
332.5075,388.2488,2:09:27:722122,0
332.5075,387.4035,2:09:27:726122,0
332.0156,386.5873,2:09:27:730125,0
332.0156,385.8003,2:09:27:734714,0
331.4745,384.9549,2:09:27:738725,0
331.4745,384.1096,2:09:27:742712,0
330.663,383.2642,2:09:27:745722,0
330.1465,382.3605,2:09:27:750714,0
329.6054,381.4277,2:09:27:753727,0
329.0152,380.5241,2:09:27:758724,0
328.3512,379.5621,2:09:27:761725,0
327.6133,378.5419,2:09:27:766725,0
326.8018,377.5216,2:09:27:770722,0
325.9901,376.4723,2:09:27:774816,0
325.1786,375.3646,2:09:27:778112,0
324.367,374.1694,2:09:27:782240,0
323.4816,373.0326,2:09:27:786115,0
322.6208,371.7499,2:09:27:790112,0
321.6862,370.4382,2:09:27:794112,0
320.7763,369.1556,2:09:27:799224,0
319.8417,367.8147,2:09:27:802235,0
318.9072,366.3572,2:09:27:806808,0
317.9234,364.8997,2:09:27:809819,0
316.9643,363.3256,2:09:27:815017,0
316.0543,361.7515,2:09:27:818028,0
315.1197,360.1483,2:09:27:822027,0
314.2097,358.5158,2:09:27:826028,0
313.2752,356.796,2:09:27:830180,0
312.439,355.0179,2:09:27:834027,0
311.6274,353.298,2:09:27:838140,0
310.9142,351.5198,2:09:27:842028,0
310.1764,349.7708,2:09:27:846810,0
309.4632,348.051,2:09:27:850383,0
308.7991,346.302,2:09:27:854915,0
308.2089,344.553,2:09:27:857925,0
307.594,342.8332,2:09:27:862927,0
306.93,341.1133,2:09:27:865925,0
306.2414,339.4518,2:09:27:870924,0
305.5282,337.7902,2:09:27:873925,0
304.7903,336.0995,2:09:27:879086,0
303.9296,334.4671,2:09:27:882602,0
303.0934,332.893,2:09:27:886659,0
302.2572,331.3189,2:09:27:890602,0
301.3964,329.7156,2:09:27:894681,0
300.4619,328.1415,2:09:27:898604,0
299.6011,326.5674,2:09:27:902870,0
298.7157,325.0225,2:09:27:905880,0
297.8795,323.5359,2:09:27:910873,0
297.0679,322.0492,2:09:27:913905,0
296.2809,320.5334,2:09:27:918905,0
295.4447,319.1342,2:09:27:921915,0
294.6331,317.7642,2:09:27:925917,0
293.9199,316.4232,2:09:27:929915,0
293.1575,315.1698,2:09:27:935165,0
292.4689,313.9455,2:09:27:938175,0
291.7802,312.8378,2:09:27:943157,0
291.1408,311.7592,2:09:27:946169,0
290.5014,310.739,2:09:27:950182,0
289.8865,309.8062,2:09:27:954168,0
289.2963,308.9026,2:09:27:958182,0
288.7306,308.0863,2:09:27:962180,0
288.165,307.2993,2:09:27:967169,0
287.5993,306.5414,2:09:27:970176,0
287.1075,305.8127,2:09:27:974275,0
286.5664,305.0547,2:09:27:978176,0
286.0745,304.326,2:09:27:982180,0
285.6318,303.5389,2:09:27:986179,0
285.1891,302.8102,2:09:27:991083,0
284.7956,302.0232,2:09:27:994093,0
284.4513,301.2653,2:09:27:998095,0
284.1316,300.4782,2:09:28:002093,0
283.8611,299.6912,2:09:28:006246,0
283.5905,298.8749,2:09:28:010093,0
283.3446,298.117,2:09:28:014870,0
283.1724,297.33,2:09:28:017880,0
283.0003,296.5721,2:09:28:022914,0
282.8281,295.8725,2:09:28:026266,0
282.656,295.2312,2:09:28:030377,0
282.5084,294.619,2:09:28:034267,0
282.3608,294.0652,2:09:28:038281,0
282.1395,293.5405,2:09:28:042266,0
281.9673,293.1032,2:09:28:046838,0
281.7952,292.7826,2:09:28:050588,0
281.623,292.4328,2:09:28:054850,0
281.4509,292.1413,2:09:28:058299,0
281.3279,291.9664,2:09:28:062743,0
281.2049,291.7332,2:09:28:066620,0
281.1066,291.5875,2:09:28:070815,0
281.082,291.4709,2:09:28:073826,0
281.0328,291.3251,2:09:28:078825,0
281.0328,291.1794,2:09:28:083845,0
281.0328,291.0627,2:09:28:086826,0
281.0328,291.0045,2:09:28:089988,0
281.0328,290.8878,2:09:28:093989,0
281.0328,290.8004,2:09:28:097987,0
281.0328,290.7421,2:09:28:101990,0
281.0328,290.7421,2:09:28:107006,0
281.0328,290.713,2:09:28:110009,0
280.3195,290.713,2:09:28:115080,0
280.3195,290.713,2:09:28:118088,0
279.6555,290.713,2:09:28:122090,0
279.262,290.713,2:09:28:126088,0
278.8193,290.713,2:09:28:130102,0
278.4258,290.713,2:09:28:134088,0
277.9586,290.713,2:09:28:138886,0
277.4421,290.713,2:09:28:141899,0
276.9502,290.713,2:09:28:146898,0
276.4583,290.713,2:09:28:149895,0
275.9173,290.1591,2:09:28:154896,0
275.3762,290.1591,2:09:28:157897,0
274.8597,290.1591,2:09:28:161897,0
274.2941,290.1591,2:09:28:165897,0
273.7039,289.751,2:09:28:169897,0
273.0644,289.751,2:09:28:173897,0
272.4496,289.751,2:09:28:177897,0
271.7609,289.751,2:09:28:181897,0
271.0723,289.751,2:09:28:185897,0
270.4329,289.751,2:09:28:189899,0
269.6705,289.751,2:09:28:193903,0
268.9326,289.751,2:09:28:197913,0
268.1457,289.751,2:09:28:201898,0
267.3586,289.751,2:09:28:205899,0
266.5225,289.751,2:09:28:209899,0
265.7355,289.751,2:09:28:213899,0
264.9239,289.751,2:09:28:217898,0
264.0877,289.751,2:09:28:221898,0
263.3007,289.751,2:09:28:225899,0
262.5383,289.0805,2:09:28:229899,0
261.8251,289.0805,2:09:28:233899,0
261.1856,288.5267,2:09:28:238898,0
260.5708,288.5267,2:09:28:241899,0
259.9313,287.9728,2:09:28:246899,0
259.2919,287.9728,2:09:28:249909,0
258.6771,287.4773,2:09:28:254907,0
258.013,287.4773,2:09:28:257899,0
257.3982,287.1566,2:09:28:262899,0
256.7834,287.1566,2:09:28:265899,0
256.1439,286.9235,2:09:28:270899,0
255.5291,286.9235,2:09:28:273899,0
254.9388,286.7777,2:09:28:278899,0
254.3732,286.7777,2:09:28:281899,0
253.8321,286.6611,2:09:28:285899,0
253.3402,286.632,2:09:28:290810,0
252.8975,286.5445,2:09:28:293823,0
252.504,286.3987,2:09:28:298808,0
252.1105,286.2821,2:09:28:301820,0
251.7662,286.1072,2:09:28:306818,0
251.4711,285.8741,2:09:28:309819,0
251.176,285.6408,2:09:28:314808,0
250.93,285.291,2:09:28:317956,0
250.6595,284.9121,2:09:28:322735,0
250.389,284.5623,2:09:28:326748,0
250.1184,284.1833,2:09:28:330747,0
249.8479,283.7461,2:09:28:334748,0
249.5528,283.338,2:09:28:338747,0
249.1839,282.9299,2:09:28:342748,0
248.815,282.5509,2:09:28:346786,0
248.3969,282.2303,2:09:28:350793,0
247.905,281.968,2:09:28:354914,0
247.3393,281.7056,2:09:28:357920,0
246.7245,281.5598,2:09:28:362808,0
246.0359,281.4432,2:09:28:366818,0
245.2735,281.3849,2:09:28:370818,0
244.4619,281.3849,2:09:28:373818,0
243.6257,281.3849,2:09:28:378732,0
242.7157,281.3849,2:09:28:382744,0
241.8303,281.3849,2:09:28:386744,0
240.9696,281.3849,2:09:28:390744,0
240.1334,281.3849,2:09:28:394744,0
239.3464,281.3849,2:09:28:398744,0
238.584,281.3849,2:09:28:402993,0
237.8953,281.3849,2:09:28:406003,0
237.3051,281.3849,2:09:28:411006,0
236.7886,281.3849,2:09:28:414004,0
236.3214,281.3849,2:09:28:419004,0
235.9032,281.3849,2:09:28:422003,0
235.5589,281.3849,2:09:28:427123,0
235.2146,281.3849,2:09:28:430133,0
234.8949,281.3849,2:09:28:434135,0
234.6244,281.3849,2:09:28:438131,0
234.3539,281.3849,2:09:28:442213,0
234.0341,281.3849,2:09:28:446133,0
233.6652,281.006,2:09:28:450211,501
233.2717,281.006,2:09:28:454133,529
232.8536,281.006,2:09:28:459191,590
232.3863,281.006,2:09:28:462226,681
231.8699,281.006,2:09:28:466201,800
231.378,281.006,2:09:28:470202,929
230.8861,281.006,2:09:28:474334,1064
230.4434,281.006,2:09:28:478216,1207
230.0745,281.006,2:09:28:482901,1356
229.7548,281.7056,2:09:28:485911,1503
229.5089,281.7056,2:09:28:490911,1654
229.3121,281.7056,2:09:28:493912,1797
229.1892,281.7056,2:09:28:499179,1941
229.14,281.7056,2:09:28:502694,2061
229.0908,281.7056,2:09:28:506918,2140
229.0662,281.7056,2:09:28:509924,2201
229.0662,282.0845,2:09:28:514798,2274
229.0662,282.0845,2:09:28:518321,2382
229.0662,282.0845,2:09:28:522337,2537
229.0662,282.4344,2:09:28:526321,2726
229.6319,282.6675,2:09:28:530321,2900
229.6319,282.9299,2:09:28:534321,3052
230.5664,283.2505,2:09:28:538742,3187
231.3042,283.6295,2:09:28:542755,3307
232.288,284.0667,2:09:28:546754,3414
233.4439,284.4749,2:09:28:550756,3519
234.8949,284.8538,2:09:28:554755,3613
236.6902,285.2619,2:09:28:558753,3697
238.8053,285.6408,2:09:28:562751,3778
241.2155,285.9323,2:09:28:565761,3851
244.0192,286.2238,2:09:28:570817,3917
247.0688,286.4571,2:09:28:574827,3988
250.389,286.6611,2:09:28:578948,4048
253.9797,286.8943,2:09:28:581961,4104
257.8409,287.0692,2:09:28:586959,4167
261.948,287.2441,2:09:28:589958,4222
266.3257,287.4482,2:09:28:594958,4285
271.0231,287.623,2:09:28:599956,4354
275.8927,287.7979,2:09:28:602967,4422
280.959,287.9728,2:09:28:606442,4493
286.345,288.1186,2:09:28:610427,4555
292.1983,288.2061,2:09:28:614746,4601
298.2484,288.3227,2:09:28:617756,4636
304.4952,288.4101,2:09:28:621975,4657
310.742,288.4392,2:09:28:625984,4667
317.1118,288.5267,2:09:28:629985,4681
323.6046,288.585,2:09:28:633985,4691
330.2449,288.6141,2:09:28:637985,4701
336.6393,288.7016,2:09:28:641984,4726
342.7877,288.7307,2:09:28:646352,4747
348.7886,288.7891,2:09:28:650359,4771
354.6419,288.7891,2:09:28:654362,4797
360.3476,288.8182,2:09:28:658362,4811
365.7828,288.8182,2:09:28:662861,4827
370.8,288.8182,2:09:28:665873,4836
375.5958,288.8182,2:09:28:670784,4842
379.998,288.8182,2:09:28:674426,4849
384.0314,288.8182,2:09:28:678650,4853
387.5729,288.8182,2:09:28:682647,4863
390.7455,288.8182,2:09:28:686817,4865
393.4262,288.8182,2:09:28:690647,4870
395.5905,288.8182,2:09:28:695093,4873
397.3366,288.8182,2:09:28:698124,4873
398.6155,288.8182,2:09:28:703103,4875
399.55,288.8182,2:09:28:706103,4868
400.2387,288.8182,2:09:28:710212,4866
400.6322,288.8182,2:09:28:714103,4859
400.8289,288.8182,2:09:28:718741,4860
400.8535,288.8182,2:09:28:721752,4863
400.8535,288.8182,2:09:28:726749,4858
400.8535,288.8182,2:09:28:730767,4852
400.8535,288.8182,2:09:28:734750,4838
400.8535,288.8182,2:09:28:737754,4808
400.8535,288.8182,2:09:28:743117,4746
400.8535,288.8182,2:09:28:746128,4633
400.2879,288.8182,2:09:28:750127,4455
400.2879,288.8182,2:09:28:755128,4209
399.5255,288.8182,2:09:28:758273,3899
398.9598,288.8182,2:09:28:762128,3537
398.2712,288.8182,2:09:28:766713,3121
397.4842,288.8182,2:09:28:770725,2633
396.6726,289.2555,2:09:28:774324,2016
395.8856,289.2555,2:09:28:778772,1283
395.1724,289.2555,2:09:28:781770,674
394.4592,289.2555,2:09:28:786771,0
393.7459,289.5761,2:09:28:789770,0
393.0819,289.5761,2:09:28:793776,0
392.4671,289.5761,2:09:28:797772,0
391.9014,289.5761,2:09:28:801772,0
391.3604,289.5761,2:09:28:805774,0
390.8439,289.5761,2:09:28:809775,0
390.3028,289.5761,2:09:28:814772,0
389.8109,289.5761,2:09:28:818772,0
389.4174,288.7891,2:09:28:822772,0
389.0485,288.7891,2:09:28:825772,0
388.7042,288.2643,2:09:28:829770,0
388.3599,288.2643,2:09:28:833772,0
387.991,287.623,2:09:28:837805,0
387.5483,287.623,2:09:28:841774,0
387.081,287.1566,2:09:28:845772,0
386.5891,287.1566,2:09:28:849772,0
385.9497,286.6611,2:09:28:853770,0
385.2611,286.3987,2:09:28:857775,0
384.4987,286.3987,2:09:28:862772,0
383.6379,286.1364,2:09:28:865772,0
382.6787,286.1364,2:09:28:869772,0
381.6704,286.1364,2:09:28:873772,0
380.5637,286.049,2:09:28:877770,0
379.3094,286.049,2:09:28:881775,0
378.006,286.049,2:09:28:885776,0
376.5303,286.049,2:09:28:889775,0
375.0301,286.049,2:09:28:893772,0
373.5053,286.049,2:09:28:897772,0
371.6607,286.6611,2:09:28:902771,0
369.8408,286.6611,2:09:28:905772,0
368.0701,286.6611,2:09:28:909772,0
366.1272,287.419,2:09:28:913772,0
363.9629,287.419,2:09:28:917772,0
361.774,288.002,2:09:28:921772,0
359.4622,288.4101,2:09:28:925774,0
357.0767,288.4101,2:09:28:929775,0
354.8386,289.0805,2:09:28:934772,0
352.4038,289.372,2:09:28:937770,0
349.7231,289.7802,2:09:28:941775,0
347.2883,290.1883,2:09:28:945791,0
344.8781,290.6255,2:09:28:950772,0
342.0745,290.917,2:09:28:953772,0
338.6068,291.1502,2:09:28:958770,0
338.6068,291.1502,2:09:28:976772,0
