310.1764,228.6526,3:01:24:475733,0
309.4632,228.6526,3:01:24:478885,0
308.5286,227.8073,3:01:24:482834,0
307.3727,227.0493,3:01:24:486834,0
306.1184,226.2332,3:01:24:490834,0
304.6428,225.2712,3:01:24:495058,0
303.0934,224.2218,3:01:24:499517,0
301.2488,223.0266,3:01:24:502526,0
299.2321,221.7732,3:01:24:506656,0
297.8057,220.9278,3:01:24:510527,0
296.4285,219.9659,3:01:24:514530,0
295.1496,219.208,3:01:24:518668,0
293.8215,218.3918,3:01:24:522715,0
292.4689,217.5756,3:01:24:526678,0
291.1654,216.7011,3:01:24:530667,0
290.0341,215.8557,3:01:24:535348,0
288.952,214.9521,3:01:24:538370,0
287.8452,214.0776,3:01:24:543373,0
286.7877,213.2614,3:01:24:547357,0
285.6318,212.5035,3:01:24:550438,0
284.4759,211.8913,3:01:24:555096,0
283.443,211.3375,3:01:24:558402,0
282.2625,211.1043,3:01:24:562432,0
281.0328,210.7836,3:01:24:566452,0
279.7047,210.5796,3:01:24:570420,0
278.3275,210.4339,3:01:24:575040,0
277.0486,210.3172,3:01:24:579088,0
275.6468,210.3172,3:01:24:582435,0
274.4171,210.3172,3:01:24:586393,0
273.0398,210.3172,3:01:24:590498,0
271.8839,210.3172,3:01:24:594393,0
270.7772,210.3172,3:01:24:599040,0
269.8918,210.3172,3:01:24:602507,0
269.1048,210.3172,3:01:24:606543,0
268.367,210.3172,3:01:24:610519,0
267.9489,210.9294,3:01:24:614519,0
267.457,210.9294,3:01:24:618578,0
267.1619,210.9294,3:01:24:622519,0
266.7684,210.9294,3:01:24:627093,0
266.67,210.9294,3:01:24:630406,0
266.4979,210.9294,3:01:24:634406,0
266.2765,211.3958,3:01:24:638409,0
266.1044,211.3958,3:01:24:642409,0
265.883,211.3958,3:01:24:647091,0
265.6371,211.6581,3:01:24:650492,0
265.3666,211.6581,3:01:24:654403,0
265.1698,211.9496,3:01:24:658484,0
264.8009,212.1828,3:01:24:662506,0
264.3828,212.416,3:01:24:666400,0
263.9647,212.6201,3:01:24:671094,0
263.522,212.9116,3:01:24:674489,0
262.981,213.2614,3:01:24:678492,0
262.5383,213.5529,3:01:24:682623,0
262.071,213.8444,3:01:24:686489,0
261.5791,214.1359,3:01:24:691100,0
261.1118,214.4274,3:01:24:694490,0
260.7184,214.6897,3:01:24:698423,0
260.3003,214.9229,3:01:24:702521,0
259.9067,215.0979,3:01:24:706422,0
259.5624,215.2436,3:01:24:711096,0
259.2181,215.506,3:01:24:715350,0
258.8738,215.6517,3:01:24:719350,0
258.5295,215.8557,3:01:24:723350,0
258.1852,215.8849,3:01:24:727351,0
257.8409,215.914,3:01:24:731094,0
257.4966,215.9432,3:01:24:734394,0
257.1768,215.9432,3:01:24:738410,0
256.808,215.9432,3:01:24:742414,0
256.4636,215.9432,3:01:24:746395,0
256.1193,215.9432,3:01:24:751089,0
255.775,215.9432,3:01:24:755100,0
255.3569,215.9432,3:01:24:759100,0
254.9634,215.9432,3:01:24:763097,0
254.5453,215.3019,3:01:24:767100,0
254.1518,215.3019,3:01:24:771090,0
253.7337,215.3019,3:01:24:775100,0
253.3156,214.5732,3:01:24:779098,0
252.8729,214.5732,3:01:24:783098,0
252.4303,214.0193,3:01:24:787100,0
252.0122,214.0193,3:01:24:790361,0
251.6187,213.4072,3:01:24:795094,0
251.2743,213.0573,3:01:24:799101,0
250.9054,212.7367,3:01:24:803101,0
250.5857,212.3577,3:01:24:806111,0
250.3152,212.0079,3:01:24:811104,0
249.9955,211.5999,3:01:24:815089,0
249.7495,211.2209,3:01:24:818396,0
249.5036,210.8128,3:01:24:822399,0
249.2331,210.4339,3:01:24:826397,0
248.9871,210.0549,3:01:24:830492,0
248.7166,209.7051,3:01:24:835091,0
248.4215,209.3553,3:01:24:839091,0
248.1509,209.0347,3:01:24:842447,0
247.8804,208.714,3:01:24:846443,0
247.5607,208.3642,3:01:24:851346,0
247.2656,208.0727,3:01:24:855346,0
246.995,207.7229,3:01:24:859102,0
246.7245,207.3731,3:01:24:862449,0
246.454,206.9942,3:01:24:866483,0
246.2572,206.586,3:01:24:870449,0
246.0605,206.1779,3:01:24:874584,0
245.8637,205.7407,3:01:24:879099,0
245.7654,205.2451,3:01:24:882411,0
245.7408,204.6622,3:01:24:887411,0
245.6916,203.9917,3:01:24:890411,1501
245.6916,203.3212,3:01:24:895412,1505
245.6916,202.5925,3:01:24:899013,1509
245.6916,201.8055,3:01:24:903021,1533
245.6916,200.9892,3:01:24:907024,1614
246.2818,200.1147,3:01:24:911022,1714
246.2818,199.2111,3:01:24:915080,1845
246.9704,198.3366,3:01:24:918609,1984
247.4623,197.433,3:01:24:922657,2090
248.0772,196.5293,3:01:24:926630,2193
248.8642,195.5674,3:01:24:930607,2275
249.7987,194.6054,3:01:24:935022,2343
250.9054,193.6434,3:01:24:938989,2397
252.1843,192.6232,3:01:24:943064,2436
253.6599,191.603,3:01:24:947048,2478
255.2831,190.641,3:01:24:951046,2508
257.0539,189.7082,3:01:24:954595,2538
258.9968,188.892,3:01:24:958565,2565
260.9889,188.1633,3:01:24:962493,2577
262.981,187.6094,3:01:24:966491,2590
264.9977,187.2596,3:01:24:970571,2593
266.916,187.2013,3:01:24:974668,2595
268.7359,187.2013,3:01:24:978647,2601
270.4329,187.2013,3:01:24:982667,2607
271.9577,188.5714,3:01:24:987093,2613
273.2612,189.5625,3:01:24:991028,2622
274.3925,190.7867,3:01:24:995023,2627
275.3516,192.2151,3:01:24:999022,2634
276.1386,193.8183,3:01:25:003050,2644
276.7043,195.509,3:01:25:007193,2649
277.0486,197.3455,3:01:25:011132,2658
277.1716,199.1819,3:01:25:014259,2665
277.1716,201.1059,3:01:25:018190,2674
277.1716,203.0589,3:01:25:022187,2681
275.9911,205.0119,3:01:25:027189,2687
275.0319,206.9359,3:01:25:031239,2696
273.8514,208.8598,3:01:25:034945,2703
272.5479,210.7836,3:01:25:038911,2717
271.0477,212.4743,3:01:25:042840,2728
269.3999,214.2233,3:01:25:046840,2735
267.703,215.7975,3:01:25:051038,2745
266.006,217.2549,3:01:25:055094,2750
264.3828,218.5084,3:01:25:058644,2758
262.8826,219.6161,3:01:25:062683,2777
261.5299,220.5197,3:01:25:066723,2820
260.2757,221.1319,3:01:25:070754,2878
259.2427,221.6566,3:01:25:075016,2958
258.4065,221.9189,3:01:25:078670,3029
257.7179,222.0356,3:01:25:082745,3076
257.2014,222.0356,3:01:25:086620,3104
256.8571,222.0356,3:01:25:090624,3111
256.685,221.161,3:01:25:095331,3111
256.685,221.161,3:01:25:098331,3113
256.685,219.8493,3:01:25:102330,3116
256.685,219.0914,3:01:25:106331,3112
257.7179,218.2752,3:01:25:110614,3107
258.4065,217.4299,3:01:25:114624,3104
259.2919,216.5845,3:01:25:118622,3097
260.374,215.7975,3:01:25:122636,3090
261.5791,215.1853,3:01:25:127270,3088
262.9318,214.6897,3:01:25:131294,3077
264.3336,214.34,3:01:25:135278,3073
265.7601,214.34,3:01:25:138281,3073
267.2357,214.34,3:01:25:142366,3070
268.7113,214.34,3:01:25:147030,3070
270.1378,214.34,3:01:25:151031,3078
271.5396,215.4768,3:01:25:154628,3086
272.8922,216.4096,3:01:25:158626,3096
274.0974,217.5756,3:01:25:162629,3109
275.2533,219.004,3:01:25:166635,3111
276.2862,220.578,3:01:25:170598,3117
277.147,222.3562,3:01:25:175134,3123
277.8602,224.2509,3:01:25:179133,3130
278.3275,226.2914,3:01:25:183135,3138
278.5734,228.3611,3:01:25:187134,3147
278.5734,230.4016,3:01:25:190179,3158
278.5734,232.4421,3:01:25:194660,3181
277.8356,234.3077,3:01:25:198530,3224
277.0486,236.1441,3:01:25:202528,3284
275.9173,237.8349,3:01:25:206529,3370
274.5646,239.4673,3:01:25:210528,3464
273.0398,240.9539,3:01:25:214793,3555
271.3674,242.3239,3:01:25:218795,3633
269.5229,243.5774,3:01:25:223793,3677
267.6046,244.6851,3:01:25:226795,3704
265.6125,245.6762,3:01:25:230803,3718
263.645,246.5798,3:01:25:234934,3728
261.7021,247.3378,3:01:25:238797,3740
259.8084,247.9499,3:01:25:242814,3743
257.9638,248.4454,3:01:25:246801,3744
256.1685,248.8535,3:01:25:250902,3740
254.4961,249.0867,3:01:25:255085,3735
252.9713,249.2034,3:01:25:258663,3735
251.5203,249.2034,3:01:25:262660,3729
250.2414,249.2034,3:01:25:266769,3614
249.1839,249.2034,3:01:25:270769,3360
248.2739,247.8916,3:01:25:274634,2940
247.5607,247.0754,3:01:25:279082,2228
247.0934,246.026,3:01:25:283092,1409
246.8721,244.6559,3:01:25:287102,730
246.8475,243.0527,3:01:25:291092,0
246.8475,241.2454,3:01:25:295092,0
247.4869,239.2341,3:01:25:298282,0
248.1263,237.0478,3:01:25:302311,0
248.8887,234.8324,3:01:25:307081,0
249.7987,232.5878,3:01:25:311092,0
250.7825,230.4016,3:01:25:315092,0
251.8154,228.2737,3:01:25:319092,0
252.8729,226.3497,3:01:25:323092,0
253.9305,224.6299,3:01:25:327031,0
254.988,223.0266,3:01:25:331083,0
256.0455,221.6566,3:01:25:334359,0
257.0785,220.4615,3:01:25:338394,0
258.136,219.4995,3:01:25:342362,0
259.1443,218.625,3:01:25:346445,0
260.1773,217.9254,3:01:25:351038,0
261.1856,217.2841,3:01:25:355092,0
262.071,216.7594,3:01:25:358373,0
262.9564,216.293,3:01:25:362349,0
263.768,215.7683,3:01:25:366352,2631
264.5058,215.1853,3:01:25:370381,2628
265.1698,214.544,3:01:25:375143,2627
265.8338,213.9901,3:01:25:378155,2628
266.4487,213.4072,3:01:25:383143,2638
267.1373,212.7367,3:01:25:387143,2690
267.9489,212.0371,3:01:25:390154,2767
268.9326,211.3667,3:01:25:395115,2857
270.0394,210.7253,3:01:25:399125,2937
271.392,210.1423,3:01:25:403123,2979
272.8922,209.5011,3:01:25:407124,2991
274.5646,208.8889,3:01:25:411130,2991
276.4583,208.3351,3:01:25:415136,2992
278.3521,207.7812,3:01:25:418139,2991
280.3195,207.2565,3:01:25:422137,2993
282.287,206.8192,3:01:25:427136,2994
284.2791,206.3528,3:01:25:431023,2996
286.2221,205.9156,3:01:25:434812,2995
288.1404,205.4783,3:01:25:438862,2994
289.9357,205.0119,3:01:25:442769,2992
291.731,204.4872,3:01:25:446772,2988
293.3788,203.8751,3:01:25:451039,2987
294.9774,203.2338,3:01:25:455042,2986
296.3055,202.4467,3:01:25:459069,2980
297.5844,201.5431,3:01:25:463052,2977
298.7403,200.5228,3:01:25:467073,2970
299.7732,199.2986,3:01:25:471323,2955
300.7078,197.9576,3:01:25:474331,2944
301.4948,196.5293,3:01:25:478429,2930
302.208,194.9552,3:01:25:482333,2916
302.7737,193.3811,3:01:25:487722,2915
303.2409,191.807,3:01:25:490732,2913
303.5361,190.3495,3:01:25:494732,2913
303.659,188.9211,3:01:25:498731,2912
303.659,187.6969,3:01:25:502741,2910
303.659,186.5891,3:01:25:506963,2909
303.659,185.7146,3:01:25:511000,2911
302.9704,184.9568,3:01:25:514995,2920
302.9704,184.4612,3:01:25:518995,2931
302.1342,184.0531,3:01:25:522995,2942
302.1342,183.849,3:01:25:526843,2949
301.2734,183.8199,3:01:25:530853,2962
300.8553,183.8199,3:01:25:534851,2974
300.4127,184.7236,3:01:25:538865,3024
299.97,185.7146,3:01:25:542852,3112
299.4781,187.1138,3:01:25:546953,3220
298.937,188.892,3:01:25:551077,3348
298.396,190.9908,3:01:25:555076,3449
297.8795,193.4977,3:01:25:559076,3527
297.3384,196.1795,3:01:25:563077,3586
296.8466,199.0654,3:01:25:567284,3626
296.4039,202.0095,3:01:25:570755,3657
296.0596,205.0411,3:01:25:574717,3681
295.8382,207.927,3:01:25:578719,3705
295.7152,210.8711,3:01:25:582719,3724
295.6906,213.9319,3:01:25:587031,3738
295.6661,216.9052,3:01:25:590565,3745
295.6661,219.8784,3:01:25:594438,3750
295.6661,222.8517,3:01:25:598437,3751
295.6661,225.7668,3:01:25:602437,3754
295.6661,228.5069,3:01:25:606720,3760
295.6661,231.2178,3:01:25:610234,3759
296.1579,233.6955,3:01:25:614234,3755
296.1579,235.9109,3:01:25:619234,3755
296.1579,237.9514,3:01:25:622255,3748
296.1579,239.6713,3:01:25:626212,3740
296.576,241.1579,3:01:25:631123,3736
296.576,242.4114,3:01:25:635123,3664
296.8712,243.4317,3:01:25:639123,3479
296.8712,244.1604,3:01:25:643085,3158
297.2401,244.6559,3:01:25:647087,2613
297.5844,244.8308,3:01:25:651097,1819
297.9779,244.8308,3:01:25:655100,1071
298.4452,244.8308,3:01:25:659097,460
299.0108,243.315,3:01:25:663098,0
299.6502,242.1199,3:01:25:666487,0
300.4373,240.6041,3:01:25:670361,0
301.3472,238.7677,3:01:25:674425,0
302.3802,236.5522,3:01:25:678390,0
303.4623,234.1037,3:01:25:683088,0
304.692,231.4801,3:01:25:687108,0
306.0692,228.7692,3:01:25:691098,0
307.5203,226.0582,3:01:25:695096,0
309.0697,223.4639,3:01:25:698118,0
310.619,220.957,3:01:25:703165,0
312.2422,218.6541,3:01:25:707086,0
313.89,216.5845,3:01:25:711364,0
315.5624,214.7772,3:01:25:714415,0
317.2102,213.2905,3:01:25:718410,0
318.8088,212.0079,3:01:25:722365,0
320.2844,210.8419,3:01:25:727087,0
321.6371,209.8217,3:01:25:730398,2288
322.9159,208.9472,3:01:25:734400,2289
324.0226,208.2476,3:01:25:738398,2288
324.8834,207.7229,3:01:25:742401,2281
325.5721,207.3731,3:01:25:746404,2281
326.1377,206.9942,3:01:25:750708,2276
326.482,206.8192,3:01:25:754709,2284
326.8018,206.761,3:01:25:759090,2302
326.9985,206.761,3:01:25:763142,2327
327.0723,206.761,3:01:25:767142,2402
327.1707,206.761,3:01:25:771142,2496
327.269,207.8395,3:01:25:775141,2604
327.3674,208.4808,3:01:25:778862,2712
327.392,209.2095,3:01:25:782898,2782
327.392,210.1132,3:01:25:786948,2843
327.392,211.1335,3:01:25:790954,2887
327.392,212.2411,3:01:25:794876,2921
327.392,213.4072,3:01:25:799106,2959
326.4574,214.6606,3:01:25:803105,2981
326.4574,215.914,3:01:25:807105,3005
325.3261,217.2258,3:01:25:811105,3026
324.5637,218.5084,3:01:25:815033,3036
323.6783,219.7619,3:01:25:819043,3045
322.7192,220.957,3:01:25:823041,3054
321.6371,222.0356,3:01:25:827042,3061
320.5303,223.0266,3:01:25:831471,3084
319.3745,223.8137,3:01:25:835052,3124
318.2185,224.3676,3:01:25:839063,3169
317.0872,224.659,3:01:25:843002,3231
316.0297,224.6882,3:01:25:846999,3288
314.9968,224.6882,3:01:25:851087,3327
314.0868,223.872,3:01:25:854821,3364
313.2506,223.1141,3:01:25:858943,3393
312.5374,222.0647,3:01:25:862821,3420
311.8979,220.9278,3:01:25:866821,3442
311.3815,219.5869,3:01:25:870883,3462
311.0372,218.1295,3:01:25:874892,3477
310.8404,216.6136,3:01:25:878880,3489
310.8404,215.0687,3:01:25:882949,3504
310.8404,213.5529,3:01:25:887036,3524
310.8404,212.0663,3:01:25:891088,3542
312.0209,210.6671,3:01:25:894519,3556
312.8079,209.3261,3:01:25:898624,3568
313.8163,208.0727,3:01:25:902516,3570
314.9722,206.9359,3:01:25:906516,3569
316.3002,205.799,3:01:25:910773,3563
317.8004,204.8371,3:01:25:914773,3563
319.4236,203.9334,3:01:25:918773,3563
321.2436,203.0298,3:01:25:922774,3563
323.1127,202.2135,3:01:25:926859,3561
325.031,201.4556,3:01:25:930963,3559
326.9247,200.7852,3:01:25:935093,3555
328.843,200.1439,3:01:25:938739,3553
330.7122,199.59,3:01:25:942738,3555
332.5567,199.0654,3:01:25:946741,3555
334.2537,198.599,3:01:25:950738,3557
335.8523,198.1908,3:01:25:955284,3558
337.3279,197.8119,3:01:25:958310,3556
338.7543,197.4912,3:01:25:962306,3556
340.0824,197.1123,3:01:25:966296,3554
341.2629,196.7334,3:01:25:970293,3554
342.2958,196.3253,3:01:25:974595,3554
343.2058,195.888,3:01:25:978593,3558
344.042,195.3633,3:01:25:982596,3562
344.7306,194.7511,3:01:25:986592,3562
345.3454,193.9933,3:01:25:990436,3564
345.9111,193.1479,3:01:25:994365,3558
346.3784,192.1859,3:01:25:998363,3554
346.7965,191.1657,3:01:26:002367,3555
347.0916,190.1163,3:01:26:007036,3555
347.3129,189.0669,3:01:26:011046,3559
347.4851,188.1049,3:01:26:014045,3570
347.6081,187.2596,3:01:26:018053,3589
347.6327,186.56,3:01:26:023327,3636
347.6327,185.977,3:01:26:026690,3706
347.6327,185.5106,3:01:26:030656,3779
347.6327,185.2774,3:01:26:034655,3842
347.6327,185.0733,3:01:26:038656,3876
347.6327,185.0733,3:01:26:043011,3892
347.6327,185.0733,3:01:26:047021,3916
346.9686,185.977,3:01:26:050789,3977
346.9686,186.9389,3:01:26:054795,4061
346.28,188.1924,3:01:26:058790,4157
345.8619,189.7957,3:01:26:062789,4261
345.3454,191.7487,3:01:26:066457,4345
344.8044,193.9933,3:01:26:070465,4424
344.2633,196.5585,3:01:26:074466,4485
343.7714,199.1819,3:01:26:079456,4524
343.3287,201.922,3:01:26:082953,4550
342.9106,204.6913,3:01:26:086631,4558
342.6155,207.5188,3:01:26:090532,4572
342.2958,210.4047,3:01:26:094517,4586
342.0499,213.3197,3:01:26:098516,4597
341.8285,216.3513,3:01:26:103057,4605
341.6564,219.412,3:01:26:106947,4605
341.5088,222.3853,3:01:26:111043,4595
341.4104,225.3295,3:01:26:114943,4588
341.3858,228.1279,3:01:26:119077,4577
341.3612,230.7514,3:01:26:123277,4567
341.3612,233.2,3:01:26:126793,4554
341.3612,235.3571,3:01:26:130808,4440
341.3612,237.2518,3:01:26:134793,4184
341.3612,238.7968,3:01:26:138877,3745
341.3612,240.0502,3:01:26:143086,3078
341.9515,241.0997,3:01:26:146300,2180
341.9515,241.7993,3:01:26:150368,1296
341.9515,242.2074,3:01:26:154398,597
342.5172,242.3239,3:01:26:158285,0
342.5172,242.3239,3:01:26:163087,0
343.2058,242.3239,3:01:26:167097,0
343.6977,241.362,3:01:26:170181,0
344.3617,241.362,3:01:26:175095,0
345.0749,240.1377,3:01:26:179097,0
345.9111,240.1377,3:01:26:182939,0
346.8456,239.0883,3:01:26:186979,0
347.8294,239.0883,3:01:26:190864,0
348.8132,238.5345,3:01:26:194866,0
349.7477,238.5345,3:01:26:198993,0
350.7069,238.5345,3:01:26:203035,0
351.4693,238.5345,3:01:26:206928,0
352.2563,238.5345,3:01:26:211087,0
352.9449,239.5255,3:01:26:214338,0
353.486,239.5255,3:01:26:218387,0
353.8795,240.196,3:01:26:222386,2156
354.1746,240.196,3:01:26:226382,2155
354.3467,240.7207,3:01:26:230964,2155
354.4697,240.7207,3:01:26:235035,2162
354.5435,240.7207,3:01:26:239043,2227
354.5435,241.2162,3:01:26:243042,2341
354.5435,241.2162,3:01:26:247044,2495
354.5435,241.6243,3:01:26:251081,2680
354.5435,241.6243,3:01:26:254395,2838
354.0024,242.2657,3:01:26:258522,2963
354.0024,242.7612,3:01:26:262417,3055
353.3138,243.2859,3:01:26:266393,3109
352.7973,243.8981,3:01:26:270772,3135
352.1087,244.5685,3:01:26:274813,3146
351.2479,245.3264,3:01:26:278710,3150
350.2642,246.1134,3:01:26:282779,3155
349.0591,246.9296,3:01:26:287091,3157
347.731,247.7458,3:01:26:290566,3162
346.2554,248.5329,3:01:26:294564,3165
344.7306,249.2325,3:01:26:298679,3170
343.1074,249.903,3:01:26:302563,3193
341.5088,250.4568,3:01:26:306717,3235
339.9594,250.8358,3:01:26:310772,3303
338.4838,251.0981,3:01:26:314773,3384
337.1065,251.1564,3:01:26:318773,3462
335.926,251.1564,3:01:26:322773,3533
334.9177,251.1564,3:01:26:326800,3576
334.0815,250.3111,3:01:26:331483,3604
333.4421,249.6406,3:01:26:335058,3616
333.024,248.8535,3:01:26:339058,3615
332.8518,248.0082,3:01:26:343059,3612
332.8518,246.9879,3:01:26:347060,3609
332.8518,245.9386,3:01:26:351169,3606
333.8602,244.9183,3:01:26:354685,3602
334.7455,243.7814,3:01:26:358787,3598
335.9014,242.7612,3:01:26:362685,3596
337.3033,241.7701,3:01:26:366778,3594
338.951,240.8665,3:01:26:371049,3592
340.7956,240.1377,3:01:26:374632,3594
342.7877,239.4964,3:01:26:378509,3592
344.9765,239.0591,3:01:26:382517,3592
347.2392,238.7968,3:01:26:386529,3592
349.4772,238.7968,3:01:26:391027,3592
351.7152,238.7968,3:01:26:394694,3592
353.8795,238.7968,3:01:26:398582,3590
355.847,239.9919,3:01:26:402663,3596
357.6177,240.8373,3:01:26:406582,3600
359.1671,241.8575,3:01:26:410579,3605
360.4214,243.0818,3:01:26:414588,3614
361.356,244.5102,3:01:26:418587,3618
362.0446,246.0551,3:01:26:422630,3624
362.4381,247.7458,3:01:26:426729,3637
362.6349,249.524,3:01:26:430604,3649
362.6349,251.5062,3:01:26:434575,3660
362.6349,253.5175,3:01:26:438570,3672
361.356,255.7038,3:01:26:442595,3682
360.323,257.9775,3:01:26:447023,3687
358.9458,260.222,3:01:26:450995,3697
357.2488,262.4958,3:01:26:455045,3704
355.2567,264.7112,3:01:26:459001,3711
352.9695,266.8683,3:01:26:463092,3724
350.4363,268.8504,3:01:26:466773,3743
347.731,270.716,3:01:26:470657,3770
344.8536,272.3484,3:01:26:474657,3806
341.9761,273.8059,3:01:26:478725,3854
339.1478,275.0886,3:01:26:482547,3911
336.3195,276.1963,3:01:26:486526,3974
333.6388,277.0999,3:01:26:490509,4042
331.0811,277.8578,3:01:26:494512,4101
328.7447,278.4117,3:01:26:499084,4142
326.605,278.7906,3:01:26:503094,4173
324.7605,278.9947,3:01:26:507094,4185
323.1865,279.0821,3:01:26:510093,4190
321.8338,279.0821,3:01:26:514101,4190
320.8009,279.0821,3:01:26:519008,4185
319.9893,279.0821,3:01:26:523014,4176
319.4974,278.2659,3:01:26:527008,4159
319.2761,278.2659,3:01:26:531006,4090
319.2761,277.304,3:01:26:534560,3855
319.2761,276.6627,3:01:26:538892,3444
320.3582,275.963,3:01:26:542998,2751
321.219,275.1469,3:01:26:546910,1775
322.3257,274.1849,3:01:26:550893,966
323.7029,273.1064,3:01:26:554892,0
325.2278,271.9403,3:01:26:558893,0
326.9493,270.5995,3:01:26:562207,0
328.9168,269.1419,3:01:26:566215,0
331.0811,267.597,3:01:26:570219,0
333.3929,265.9355,3:01:26:574208,0
335.8277,264.1281,3:01:26:579086,0
338.3854,262.2043,3:01:26:582285,0
341.1153,260.1638,3:01:26:586321,0
344.042,257.9483,3:01:26:590275,0
347.067,255.6163,3:01:26:594308,0
350.1658,253.0803,3:01:26:599085,0
353.2892,250.4859,3:01:26:603083,0
356.511,247.8333,3:01:26:607093,0
359.6836,245.1223,3:01:26:611091,0
362.8808,242.4114,3:01:26:615091,0
366.0288,239.7296,3:01:26:619350,0
369.103,237.1061,3:01:26:622359,0
372.0051,234.5409,3:01:26:626360,0
374.7104,232.0923,3:01:26:630362,0
377.2189,229.702,3:01:26:634451,0
379.5062,227.37,3:01:26:639084,0
381.5474,225.0672,3:01:26:642402,0
383.3674,222.8517,3:01:26:646391,0
384.966,220.6655,3:01:26:650499,0
386.3432,218.4792,3:01:26:654391,0
387.5237,216.3513,3:01:26:659087,0
388.5567,214.2816,3:01:26:663391,0
389.4174,212.2411,3:01:26:666449,0
390.106,210.2881,3:01:26:670472,0
390.6963,208.3934,3:01:26:674395,0
391.1882,206.586,3:01:26:679087,0
391.5079,204.9245,3:01:26:682353,0
391.8276,203.3795,3:01:26:686406,0
392.0736,201.9512,3:01:26:690350,0
392.3441,200.8143,3:01:26:694421,0
392.59,199.7066,3:01:26:699084,0
392.836,198.7447,3:01:26:702403,0
393.1065,197.8994,3:01:26:706494,2802
393.4016,197.1998,3:01:26:710406,2800
393.6476,196.675,3:01:26:714474,2793
393.8689,196.2961,3:01:26:719030,2785
394.0902,196.0046,3:01:26:723042,2780
394.3362,195.7131,3:01:26:727036,2802
394.6313,195.7131,3:01:26:731037,2880
395.0248,195.7131,3:01:26:735059,3003
395.4675,195.7131,3:01:26:738808,3155
395.984,196.5585,3:01:26:742758,3308
396.6234,196.5585,3:01:26:746803,3437
397.2628,198.0451,3:01:26:750757,3541
397.9761,199.1528,3:01:26:755033,3635
398.6401,200.4937,3:01:26:758767,3718
399.3041,202.0678,3:01:26:762764,3788
399.8698,203.9334,3:01:26:766885,3856
400.2879,206.0322,3:01:26:771823,3903
400.6076,208.3059,3:01:26:774421,3953
400.7552,210.7253,3:01:26:778408,3996
400.8044,213.378,3:01:26:783347,4028
400.8044,216.1472,3:01:26:786443,4066
400.8044,219.004,3:01:26:790295,4084
399.8698,221.9189,3:01:26:794305,4097
399.2057,224.8048,3:01:26:798398,4104
398.4433,227.6032,3:01:26:802300,4103
397.5826,230.3141,3:01:26:807076,4105
396.6972,232.9085,3:01:26:811058,4105
395.861,235.2405,3:01:26:815049,4108
395.0494,237.3102,3:01:26:819045,4110
394.2624,239.1174,3:01:26:823045,4109
393.623,240.7207,3:01:26:827262,4111
393.0573,242.0907,3:01:26:830830,4108
392.59,243.1693,3:01:26:834769,4104
392.2457,244.0438,3:01:26:838816,4099
391.9998,244.6851,3:01:26:842766,4099
391.803,245.1223,3:01:26:847033,4102
391.803,245.3847,3:01:26:851090,4114
391.6555,245.4138,3:01:26:855151,4123
391.6555,245.4138,3:01:26:859151,4128
391.6555,245.4138,3:01:26:863151,4132
391.6555,243.9855,3:01:26:867151,4124
391.6555,242.9944,3:01:26:870714,4118
392.1965,241.6826,3:01:26:874714,4110
392.1965,240.0502,3:01:26:878717,4102
392.1965,238.0972,3:01:26:882756,4093
392.836,235.9109,3:01:26:886807,4083
392.836,233.4915,3:01:26:890819,4078
392.836,230.9263,3:01:26:894923,4070
392.836,228.2153,3:01:26:898907,4073
392.836,225.621,3:01:26:903001,4080
392.836,223.1432,3:01:26:906415,4082
391.8276,220.8112,3:01:26:910416,4083
391.1882,218.7416,3:01:26:914417,4078
390.3028,216.9052,3:01:26:918484,4072
389.2453,215.3893,3:01:26:923147,4065
387.991,214.2816,3:01:26:927157,4063
386.5646,213.5237,3:01:26:931158,4063
384.9414,212.9699,3:01:26:935163,4063
383.0968,212.7076,3:01:26:939156,4063
381.1293,212.7076,3:01:26:943085,4064
379.0143,212.7076,3:01:26:947082,4060
376.8746,213.582,3:01:26:950280,4062
374.735,214.34,3:01:26:954213,4064
372.6445,215.3311,3:01:26:959214,4065
370.7508,216.5553,3:01:26:962274,4071
369.0046,217.9837,3:01:26:967073,4070
367.5044,219.6161,3:01:26:971315,4066
366.2255,221.3942,3:01:26:974325,4064
365.1926,223.289,3:01:26:978356,4066
364.4302,225.2129,3:01:26:982325,4061
363.9629,227.2825,3:01:26:986328,4061
363.717,229.2356,3:01:26:990345,4060
363.717,231.1012,3:01:26:994392,4054
363.717,232.8793,3:01:26:998345,4051
364.504,234.4534,3:01:27:002345,4051
365.2418,235.9109,3:01:27:007084,4049
366.2501,237.1644,3:01:27:011094,4048
367.4306,238.1555,3:01:27:015094,4051
368.8079,238.9426,3:01:27:020093,4054
370.3819,239.4673,3:01:27:023093,4058
372.0543,239.7587,3:01:27:027354,4058
373.8004,239.7879,3:01:27:030364,4060
375.7187,239.7879,3:01:27:035364,4058
377.6862,239.03,3:01:27:038364,4061
379.7521,238.243,3:01:27:042365,4063
381.8672,237.1935,3:01:27:047032,4067
384.1544,235.8818,3:01:27:051032,4063
386.3924,234.2785,3:01:27:054741,4059
388.8764,232.3546,3:01:27:058685,4054
391.4341,230.1976,3:01:27:062683,4047
394.1394,227.8364,3:01:27:066682,4053
396.9185,225.5336,3:01:27:071410,4052
399.796,223.2598,3:01:27:075427,4050
402.6489,221.1319,3:01:27:078418,4051
405.428,219.208,3:01:27:082418,4046
408.1333,217.6339,3:01:27:086964,4049
410.5681,216.3513,3:01:27:090231,4055
412.7815,215.4768,3:01:27:095173,4057
414.6998,214.9229,3:01:27:098181,4066
416.323,214.5148,3:01:27:103173,4066
417.6265,214.34,3:01:27:106499,4081
418.7332,214.34,3:01:27:110509,4107
419.6432,214.34,3:01:27:114510,4138
420.381,214.34,3:01:27:118510,4187
421.045,215.5351,3:01:27:123059,4233
421.5369,216.3221,3:01:27:126210,4270
422.0042,217.4007,3:01:27:130267,4303
422.3731,218.6833,3:01:27:135220,4327
422.6928,220.17,3:01:27:138219,4341
422.8895,221.8315,3:01:27:143084,4355
422.9141,223.668,3:01:27:146247,4363
422.9141,225.5044,3:01:27:150299,4365
422.9141,227.5157,3:01:27:154313,4371
422.9141,229.4688,3:01:27:158293,4370
422.1025,231.3636,3:01:27:163083,4368
422.1025,233.2,3:01:27:167307,4362
420.9466,234.9781,3:01:27:170309,4353
420.2334,236.6397,3:01:27:175306,4315
419.348,238.2721,3:01:27:178307,4139
418.3151,239.7879,3:01:27:183074,3807
417.1346,241.2454,3:01:27:187087,3262
415.8803,242.6154,3:01:27:191083,2413
414.5031,243.8689,3:01:27:195083,1500
413.052,245.0932,3:01:27:199083,745
411.5518,246.23,3:01:27:203068,0
409.9778,247.3378,3:01:27:207075,0
408.4776,248.4454,3:01:27:211078,0
407.002,249.5823,3:01:27:215077,0
405.6493,250.6317,3:01:27:219077,0
404.395,251.6519,3:01:27:222694,0
403.2637,252.6722,3:01:27:226786,0
402.3046,253.7216,3:01:27:230722,0
401.5175,254.7419,3:01:27:234703,0
400.8535,255.7038,3:01:27:239083,0
400.3617,256.5783,3:01:27:242383,0
400.0173,257.3945,3:01:27:246499,0
399.7714,258.0941,3:01:27:250384,0
399.6484,258.7937,3:01:27:254463,0
399.5992,259.2601,3:01:27:259031,0
399.5992,259.639,3:01:27:262394,0
399.5992,259.8723,3:01:27:267081,0
399.5992,259.9014,3:01:27:271078,0
399.5992,259.9014,3:01:27:275087,0
399.5992,259.9014,3:01:27:279086,0
400.2141,259.9014,3:01:27:283089,0
400.2141,258.8228,3:01:27:287089,0
400.2141,258.8228,3:01:27:291082,1879
400.2141,257.4819,3:01:27:295093,1890
400.2141,256.7532,3:01:27:299092,1940
400.2141,255.9079,3:01:27:303092,2060
400.2141,255.0042,3:01:27:307090,2240
400.2141,254.0423,3:01:27:310361,2449
399.4517,253.0511,3:01:27:314370,2651
399.4517,252.1183,3:01:27:318981,2802
398.7631,251.1855,3:01:27:323051,2902
398.3204,250.3111,3:01:27:327059,3001
397.7547,249.4657,3:01:27:331052,3091
397.1399,248.7078,3:01:27:335048,3187
396.4267,248.0956,3:01:27:339092,3298
395.6151,247.6584,3:01:27:342761,3398
394.6313,247.4252,3:01:27:346718,3501
393.5246,247.4252,3:01:27:350715,3613
392.2949,247.4252,3:01:27:354839,3735
390.9914,247.4252,3:01:27:359031,3855
389.5896,248.8535,3:01:27:363041,3980
388.0894,249.8155,3:01:27:367041,4101
386.5646,251.1272,3:01:27:371039,4200
384.9414,252.6722,3:01:27:375039,4279
383.392,254.4503,3:01:27:378980,4337
381.9901,256.4908,3:01:27:382957,4366
380.6866,258.6771,3:01:27:386960,4384
379.5062,260.9217,3:01:27:390967,4397
378.4732,263.2537,3:01:27:394956,4398
377.6616,265.6731,3:01:27:399032,4398
377.0468,268.0051,3:01:27:403107,4396
376.6779,270.1913,3:01:27:407128,4393
376.5303,272.2318,3:01:27:411113,4393
376.5303,274.0683,3:01:27:415122,4395
376.5303,275.7299,3:01:27:419080,4391
377.5633,277.2748,3:01:27:423184,4388
378.424,278.5283,3:01:27:427189,4385
379.5799,279.5193,3:01:27:431201,4381
381.0556,280.3355,3:01:27:435186,4381
382.8263,280.8894,3:01:27:439082,4376
384.8676,281.2101,3:01:27:443033,4353
387.1548,281.2683,3:01:27:447009,4273
389.7126,281.2683,3:01:27:451009,4109
392.4179,281.2683,3:01:27:455009,3849
395.2708,280.1024,3:01:27:459012,3488
398.1482,279.3445,3:01:27:463070,3046
400.9519,278.3242,3:01:27:467069,2480
403.6326,277.0999,3:01:27:471069,1757
406.2396,275.6715,3:01:27:475070,1046
408.6006,273.9808,3:01:27:479083,472
410.7894,272.0861,3:01:27:483032,0
412.7323,269.9582,3:01:27:487030,0
414.4539,267.7427,3:01:27:491052,0
416.0033,265.3524,3:01:27:495029,0
417.4543,262.933,3:01:27:499081,0
418.7578,260.4261,3:01:27:502947,0
420.0121,257.9483,3:01:27:507018,0
421.1188,255.4706,3:01:27:510916,0
422.2255,253.022,3:01:27:514916,0
423.283,250.6026,3:01:27:519081,0
424.4143,248.2122,3:01:27:522393,0
425.4965,245.8219,3:01:27:528394,0
426.6524,243.4317,3:01:27:531392,0
427.8575,241.0122,3:01:27:534400,0
429.0626,238.6219,3:01:27:539082,0
430.366,236.1441,3:01:27:542409,0
431.7187,233.5789,3:01:27:546510,0
433.0714,231.0137,3:01:27:550411,0
434.3994,228.4777,3:01:27:554411,0
435.7521,225.9417,3:01:27:559033,0
437.0309,223.4639,3:01:27:563083,0
438.2114,221.0153,3:01:27:567093,0
439.3181,218.7416,3:01:27:571093,0
440.2527,216.5845,3:01:27:575093,0
441.0397,214.5732,3:01:27:578094,0
441.6792,212.7367,3:01:27:582384,0
442.171,211.0751,3:01:27:586402,0
442.4908,209.6176,3:01:27:590383,0
442.7121,208.2476,3:01:27:594383,0
442.8105,207.0816,3:01:27:599036,0
442.8105,205.9739,3:01:27:603032,2669
442.8105,205.0119,3:01:27:607082,2708
442.8105,204.2249,3:01:27:611093,2800
442.8105,203.6419,3:01:27:615090,2921
442.8105,203.1463,3:01:27:619092,3052
442.2694,202.7091,3:01:27:623095,3145
442.2694,202.4759,3:01:27:626855,3191
442.2694,202.4759,3:01:27:631104,3243
442.2694,202.4759,3:01:27:635157,3342
441.7037,203.3212,3:01:27:639156,3474
441.7037,204.1083,3:01:27:643155,3635
441.1627,205.1577,3:01:27:647156,3780
440.8184,206.5278,3:01:27:651160,3891
440.4249,208.1893,3:01:27:655176,3987
440.056,210.0549,3:01:27:658166,4067
439.7362,212.2411,3:01:27:663166,4137
439.4903,214.6606,3:01:27:666312,4190
439.3181,217.2549,3:01:27:670312,4230
439.3181,219.9659,3:01:27:674352,4249
439.3181,222.706,3:01:27:679311,4263
439.3181,225.4461,3:01:27:683337,4271
439.3181,228.0988,3:01:27:686693,4275
439.3181,230.7514,3:01:27:690693,4276
439.3181,233.2583,3:01:27:694716,4273
439.3181,235.5903,3:01:27:698786,4270
439.81,237.6891,3:01:27:703030,4266
439.81,239.6422,3:01:27:706706,4258
439.81,241.4203,3:01:27:710703,4250
439.81,243.0527,3:01:27:714702,4150
439.81,244.5102,3:01:27:719003,3898
439.81,245.7636,3:01:27:722677,3490
439.81,246.8422,3:01:27:726744,2860
439.81,247.6875,3:01:27:730793,2012
439.81,248.358,3:01:27:734744,1197
439.81,248.6786,3:01:27:738741,545
440.5233,248.7952,3:01:27:743013,0
441.0643,248.7952,3:01:27:746323,0
441.8021,248.7952,3:01:27:750395,0
442.7367,247.4835,3:01:27:754323,0
443.9664,246.5798,3:01:27:758379,0
445.3682,245.4138,3:01:27:763092,0
446.9914,244.1313,3:01:27:766311,0
448.8113,242.6446,3:01:27:770374,0
450.7296,240.983,3:01:27:774314,0
452.8447,239.2049,3:01:27:778312,0
455.0582,237.1935,3:01:27:783154,0
457.3208,235.0656,3:01:27:786247,0
459.7064,232.6461,3:01:27:791164,0
462.1411,230.0518,3:01:27:795164,0
464.6497,227.2825,3:01:27:799359,0
467.1829,224.2801,3:01:27:802529,0
469.6914,221.161,3:01:27:806560,0
472.2984,218.0712,3:01:27:810529,0
474.8561,215.0979,3:01:27:814530,0
477.2909,212.2995,3:01:27:818520,0
479.5289,209.7343,3:01:27:823080,0
481.5456,207.5188,3:01:27:826380,0
483.218,205.6532,3:01:27:830455,0
484.5952,204.2249,3:01:27:834381,0
485.6528,203.0298,3:01:27:838384,2634
486.3906,202.1844,3:01:27:843080,2634
486.7841,201.5139,3:01:27:846931,2633
487.03,201.1059,3:01:27:850842,2629
487.153,200.8435,3:01:27:854800,2629
487.2022,200.6978,3:01:27:858870,2640
487.2022,200.6978,3:01:27:863088,2711
487.2022,200.6978,3:01:27:866313,2824
487.2022,201.8055,3:01:27:870313,2966
487.2022,202.7091,3:01:27:874325,3157
487.2022,203.9334,3:01:27:878314,3310
487.2022,205.3909,3:01:27:883313,3441
487.2022,207.2856,3:01:27:887079,3555
487.2022,209.3553,3:01:27:891099,3618
487.2022,211.7456,3:01:27:895075,3666
487.2022,214.3691,3:01:27:899074,3696
486.5381,217.1092,3:01:27:903077,3715
486.5381,219.9659,3:01:27:907102,3723
486.0463,222.8517,3:01:27:911102,3729
486.0463,225.6793,3:01:27:915101,3736
485.4806,228.3611,3:01:27:919113,3741
485.1363,230.9846,3:01:27:923298,3748
484.7674,233.3166,3:01:27:927300,3752
484.4231,235.3279,3:01:27:931313,3754
484.0296,237.0478,3:01:27:935301,3755
483.6853,238.5053,3:01:27:939154,3755
483.341,239.6713,3:01:27:943302,3758
483.0458,240.575,3:01:27:946855,3762
482.7999,241.2454,3:01:27:950831,3766
482.6277,241.6826,3:01:27:954834,3777
482.4802,241.9742,3:01:27:958936,3788
482.3818,242.0616,3:01:27:963080,3796
482.2834,242.0616,3:01:27:966611,3801
482.2343,242.0616,3:01:27:970681,3799
482.1851,240.983,3:01:27:974610,3791
482.1359,240.1669,3:01:27:978610,3785
482.0621,239.1174,3:01:27:983080,3777
481.9883,237.8349,3:01:27:987090,3775
481.8408,236.319,3:01:27:991090,3770
481.6686,234.6283,3:01:27:995087,3765
481.3735,232.8502,3:01:27:999090,3761
480.98,230.9846,3:01:28:003031,3757
480.4389,229.2065,3:01:28:006368,3762
479.7503,227.5449,3:01:28:010368,3760
478.9387,226.0582,3:01:28:014368,3764
477.9549,224.8048,3:01:28:018367,3765
476.799,223.8137,3:01:28:022679,3761
475.5201,223.1141,3:01:28:026816,3770
474.0937,222.7352,3:01:28:030804,3783
472.6181,222.7352,3:01:28:035689,3813
471.0687,222.7352,3:01:28:038687,3859
469.4947,223.5513,3:01:28:042945,3911
467.9207,224.3967,3:01:28:046943,3971
466.4451,225.5336,3:01:28:050916,4018
465.0678,226.9619,3:01:28:054917,4056
463.8381,228.536,3:01:28:058916,4088
462.6822,230.3433,3:01:28:063072,4104
461.6739,232.2381,3:01:28:066607,4114
460.8869,234.2202,3:01:28:070607,4116
460.272,236.1733,3:01:28:074604,4112
459.8293,238.1555,3:01:28:078607,4113
459.5096,240.0794,3:01:28:083733,4112
459.3867,241.945,3:01:28:087009,4106
459.3621,243.7523,3:01:28:091045,4103
459.3621,245.4722,3:01:28:095046,4094
459.3621,247.0462,3:01:28:099048,4058
459.3621,248.5329,3:01:28:103075,3874
460.149,249.7863,3:01:28:107085,3516
460.149,250.9523,3:01:28:111084,2913
460.149,251.8268,3:01:28:115085,1954
460.8377,252.3807,3:01:28:119232,1116
460.8377,252.6722,3:01:28:122244,451
460.8377,252.6722,3:01:28:126300,0
461.305,252.6722,3:01:28:131241,0
461.305,251.5062,3:01:28:134244,0
461.305,250.4568,3:01:28:139091,0
461.5755,249.1159,3:01:28:143258,0
461.5755,247.4835,3:01:28:147081,0
461.5755,245.7345,3:01:28:151092,0
461.5755,243.7231,3:01:28:155091,0
461.5755,241.5369,3:01:28:159091,0
461.5755,239.2049,3:01:28:163091,0
461.5755,236.7563,3:01:28:167081,0
460.7393,234.2785,3:01:28:170434,0
460.0753,231.7717,3:01:28:174442,0
459.2391,229.2356,3:01:28:178423,0
458.1324,226.8161,3:01:28:182502,0
456.8043,224.4258,3:01:28:187080,0
455.3041,222.1813,3:01:28:190432,0
453.558,219.9076,3:01:28:194435,0
451.6888,217.7213,3:01:28:198394,0
449.6475,215.5934,3:01:28:202404,0
447.4587,213.4655,3:01:28:206971,0
445.1715,211.3958,3:01:28:210484,0
442.9088,209.4136,3:01:28:214486,0
440.6462,207.2565,3:01:28:218484,0
438.4328,205.0703,3:01:28:222485,0
436.2685,202.8548,3:01:28:226566,2075
434.2764,200.5228,3:01:28:231081,2074
432.4319,198.1034,3:01:28:235029,2116
430.7595,195.5965,3:01:28:238687,2198
429.2593,192.973,3:01:28:242688,2328
428.005,190.2038,3:01:28:246694,2486
426.9721,187.4053,3:01:28:250684,2608
426.1605,184.6361,3:01:28:255085,2702
425.6686,181.8669,3:01:28:258657,2747
425.3735,179.0976,3:01:28:262660,2768
425.3735,176.2701,3:01:28:266708,2776
425.3735,173.4425,3:01:28:270749,2774
426.7508,170.6149,3:01:28:275136,2766
427.882,167.6125,3:01:28:279136,2754
429.3085,164.61,3:01:28:282139,2741
431.0547,161.6076,3:01:28:287136,2724
433.0222,158.6051,3:01:28:291075,2714
435.211,155.7193,3:01:28:295082,2698
437.4736,152.95,3:01:28:299084,2694
439.8346,150.4431,3:01:28:303086,2687
442.2202,148.2569,3:01:28:307085,2678
444.655,146.4205,3:01:28:310598,2679
447.1144,144.9046,3:01:28:314601,2675
449.4508,143.7386,3:01:28:318601,2679
451.861,142.9225,3:01:28:322599,2681
454.2711,142.3978,3:01:28:326854,2685
456.7305,142.1646,3:01:28:330862,2685
459.2637,142.1646,3:01:28:334862,2688
461.8214,142.1646,3:01:28:339082,2696
464.3546,142.1646,3:01:28:342848,2700
466.8386,143.7386,3:01:28:346938,2709
469.3225,144.9046,3:01:28:350870,2713
471.7081,146.4205,3:01:28:354831,2722
473.9462,148.2861,3:01:28:359023,2731
475.9383,150.3848,3:01:28:362706,2740
477.7336,152.8043,3:01:28:366803,2748
479.2584,155.5152,3:01:28:370782,2751
480.5127,158.3136,3:01:28:374804,2757
481.4964,161.2869,3:01:28:379073,2762
482.2589,164.3768,3:01:28:382679,2770
482.7999,167.5833,3:01:28:386655,2786
483.0458,170.8773,3:01:28:390670,2803
483.1688,174.3461,3:01:28:394668,2821
483.1688,177.9608,3:01:28:399028,2838
483.1688,181.7211,3:01:28:403038,2845
482.4802,185.4523,3:01:28:407039,2851
482.4802,189.1252,3:01:28:411039,2857
481.5948,192.6232,3:01:28:415157,2860
481.5948,195.888,3:01:28:419047,2865
480.6848,198.8904,3:01:28:423049,2870
480.2668,201.5139,3:01:28:427064,2871
480.2668,203.7002,3:01:28:431078,2873
479.5289,205.5658,3:01:28:435092,2878
479.5289,207.1107,3:01:28:439072,2880
478.9387,208.3934,3:01:28:443075,2885
478.6682,209.4427,3:01:28:447073,2892
478.6682,210.2589,3:01:28:451077,2891
478.2255,210.9294,3:01:28:455080,2892
478.0533,211.3667,3:01:28:459084,2895
477.832,211.6581,3:01:28:463084,2895
477.6598,211.8039,3:01:28:467084,2866
477.4385,211.8039,3:01:28:470150,2697
477.1679,211.8039,3:01:28:475083,2253
476.8236,211.8039,3:01:28:479093,1529
476.3564,210.6379,3:01:28:483092,836
475.7415,209.9091,3:01:28:487107,0
474.9791,209.0929,3:01:28:491173,0
474.0691,208.131,3:01:28:494377,0
472.9378,207.0816,3:01:28:498411,0
471.6343,205.9156,3:01:28:502377,0
470.0849,204.7496,3:01:28:506377,0
468.2404,203.5836,3:01:28:511087,0
466.0516,202.4467,3:01:28:514874,0
463.6168,201.3099,3:01:28:518886,0
460.7885,200.1147,3:01:28:522871,0
457.6405,199.007,3:01:28:526886,0
454.2466,197.9285,3:01:28:530478,0
450.4837,196.8791,3:01:28:535293,0
446.5241,195.9754,3:01:28:538322,0
442.2448,195.101,3:01:28:542296,0
437.8671,194.2847,3:01:28:546406,0
433.2927,193.556,3:01:28:551075,0
428.5953,192.9147,3:01:28:554353,0
423.8241,192.4191,3:01:28:558481,0
418.9545,191.9527,3:01:28:562349,0
413.9374,191.603,3:01:28:566448,0
408.8957,191.224,3:01:28:570311,0
403.8048,190.9325,3:01:28:575077,0
398.6647,190.7576,3:01:28:579142,0
393.5246,190.5535,3:01:28:582656,0
388.3353,190.437,3:01:28:586656,0
383.0968,190.2912,3:01:28:590663,0
377.8338,190.2038,3:01:28:594667,0
372.6445,190.0871,3:01:28:599095,0
367.5044,190.0289,3:01:28:602268,0
362.6349,189.9706,3:01:28:606339,0
357.8391,189.8831,3:01:28:610268,0
353.3138,189.8539,3:01:28:614375,0
349.0099,189.7957,3:01:28:618480,0
344.9765,189.7374,3:01:28:622494,0
341.2875,189.7082,3:01:28:626456,0
337.9181,189.6207,3:01:28:631444,0
334.8193,189.5625,3:01:28:635111,0
331.991,189.5333,3:01:28:638480,0
329.3841,189.4167,3:01:28:642365,0
327.0231,189.1835,3:01:28:646369,0
324.8589,188.9211,3:01:28:650436,0
322.9651,188.6005,3:01:28:655078,0
321.096,188.1924,3:01:28:659086,0
319.3745,187.6969,3:01:28:663086,0
317.7513,187.1138,3:01:28:667086,0
316.1772,186.4142,3:01:28:671086,0
314.677,185.6855,3:01:28:674221,0
313.2014,184.9276,3:01:28:678360,0
311.775,184.1405,3:01:28:682379,0
310.2993,183.3826,3:01:28:686389,0
308.8975,182.683,3:01:28:691324,0
307.5694,182.0417,3:01:28:694531,0
306.2414,181.517,3:01:28:698536,0
304.9871,181.0798,3:01:28:702531,0
303.8312,180.7009,3:01:28:706532,0
302.8228,180.4385,3:01:28:711028,0
301.9375,180.2636,3:01:28:714389,0
301.2488,180.1178,3:01:28:718406,0
300.6832,180.0013,3:01:28:722454,0
300.2897,179.9429,3:01:28:726387,1153
299.9946,179.8555,3:01:28:731078,1166
299.847,179.7972,3:01:28:735086,1184
299.7732,179.7972,3:01:28:739097,1225
299.7732,179.7389,3:01:28:743096,1275
299.7732,179.6806,3:01:28:746218,1316
299.7732,179.6514,3:01:28:751096,1357
299.7732,179.5932,3:01:28:755029,1380
300.511,179.5349,3:01:28:759037,1403
300.511,179.4474,3:01:28:763039,1412
301.4456,179.3308,3:01:28:767040,1425
302.085,179.2433,3:01:28:771039,1429
302.8474,179.1559,3:01:28:774673,1437
303.8066,179.0976,3:01:28:778676,1488
304.8641,178.981,3:01:28:782635,1569
306.1184,178.8936,3:01:28:786750,1674
307.5203,178.7769,3:01:28:791072,1788
309.1926,178.7186,3:01:28:794449,1912
311.0863,178.6895,3:01:28:798449,2015
313.2752,178.6021,3:01:28:802449,2131
315.7346,178.5146,3:01:28:806449,2262
318.5628,178.4563,3:01:28:810188,2377
321.6862,178.4563,3:01:28:814347,2514
325.3015,178.4563,3:01:28:818356,2665
329.3841,178.4563,3:01:28:822356,2817
333.9585,178.4563,3:01:28:826381,2976
339.074,178.4563,3:01:28:831436,3137
344.6568,178.4563,3:01:28:834927,3283
350.879,179.2433,3:01:28:839927,3416
357.6915,179.2433,3:01:28:842998,3526
365.0696,179.8555,3:01:28:847001,3609
372.8658,179.8555,3:01:28:851072,3671
381.1293,180.9341,3:01:28:854475,3711
389.7617,181.6045,3:01:28:858475,3740
398.5909,182.3333,3:01:28:862475,3760
407.666,183.1494,3:01:28:866576,3771
416.8149,184.0531,3:01:28:870839,3777
425.8408,185.015,3:01:28:874873,3788
434.7683,185.9187,3:01:28:878916,3790
443.4991,186.8223,3:01:28:882838,3793
451.861,187.6677,3:01:28:886897,3795
459.8539,188.4547,3:01:28:890643,3796
467.3304,189.1543,3:01:28:894580,3797
474.2413,189.8248,3:01:28:898540,3800
480.5127,190.3495,3:01:28:902633,3803
486.1938,190.8159,3:01:28:906975,3804
491.1864,191.1949,3:01:28:911030,3809
495.4903,191.4863,3:01:28:914976,3827
499.1548,191.6321,3:01:28:918975,3895
502.0814,191.7487,3:01:28:922678,4017
504.4916,191.7487,3:01:28:926540,4206
506.3361,191.7487,3:01:28:930537,4443
507.6888,191.7487,3:01:28:935538,4691
508.6479,191.7487,3:01:28:938540,4934
509.312,191.7487,3:01:28:943077,5143
509.7055,191.7487,3:01:28:947137,5312
509.9268,191.7487,3:01:28:951145,5427
510.0498,191.1657,3:01:28:955148,5497
510.099,191.1657,3:01:28:959148,5536
510.099,191.1657,3:01:28:963309,5560
510.1236,191.1657,3:01:28:966601,5576
510.1236,191.1657,3:01:28:970488,5580
510.1236,191.1657,3:01:28:974617,5580
510.1236,191.1657,3:01:28:978592,5576
510.1236,191.1657,3:01:28:983078,5572
510.1236,191.1657,3:01:28:987077,5568
510.1236,191.1657,3:01:28:991088,5564
510.1236,191.1657,3:01:28:995085,5557
510.1236,191.1657,3:01:28:999088,5549
510.1236,191.1657,3:01:29:003478,5549
510.1236,191.1657,3:01:29:006563,5545
510.1236,191.1657,3:01:29:010536,5541
510.1236,191.1657,3:01:29:014490,5541
510.1236,191.1657,3:01:29:018510,5538
510.1236,191.1657,3:01:29:023027,5542
510.1236,191.1657,3:01:29:027078,5546
510.1236,191.1657,3:01:29:031078,5546
510.1236,191.1657,3:01:29:035086,5550
510.1236,191.1657,3:01:29:039089,5545
510.1236,191.1657,3:01:29:043088,5534
510.1236,191.1657,3:01:29:047086,5522
510.1236,191.1657,3:01:29:051089,5503
510.1236,191.1657,3:01:29:055374,5488
510.1236,191.1657,3:01:29:058375,5468
510.1236,191.1657,3:01:29:062374,5438
510.1236,191.1657,3:01:29:067374,5381
510.1236,191.1657,3:01:29:071090,5229
510.1236,191.1657,3:01:29:074400,4985
510.1236,191.1657,3:01:29:078421,4641
510.1236,191.1657,3:01:29:082374,4134
510.1236,191.1657,3:01:29:086431,3465
510.1236,191.1657,3:01:29:091080,2477
509.5825,191.1657,3:01:29:094416,1476
509.5825,191.1657,3:01:29:098730,672
509.5825,191.1657,3:01:29:102727,0
508.9922,191.1657,3:01:29:106727,0
508.9922,191.1657,3:01:29:110726,0
508.5988,191.1657,3:01:29:114460,0
508.5988,191.1657,3:01:29:118493,0
508.3282,191.1657,3:01:29:122493,0
508.3282,191.1657,3:01:29:126493,0
508.3282,190.4078,3:01:29:130518,0
508.3282,190.4078,3:01:29:134973,0
509.312,189.8539,3:01:29:138970,0
510.0252,189.8539,3:01:29:142985,0
510.7876,189.4167,3:01:29:147986,0
514.034,189.4167,3:01:29:151077,0
514.034,189.4167,3:01:29:169083,0
