283.6643,203.8459,3:01:37:943122,0
283.6643,203.8459,3:01:37:947350,0
283.6643,203.8459,3:01:37:950378,0
282.7052,203.8459,3:01:37:954423,0
282.7052,202.9715,3:01:37:958409,0
281.9182,202.9715,3:01:37:962416,0
281.9182,202.1552,3:01:37:967413,0
280.9836,202.1552,3:01:37:970769,0
280.4671,201.0767,3:01:37:974770,0
280.4671,200.5811,3:01:37:978832,0
280.0736,200.0856,3:01:37:982802,0
280.0736,199.5609,3:01:37:987013,0
279.5818,199.0654,3:01:37:991012,0
279.5818,198.599,3:01:37:995362,0
279.1883,198.1034,3:01:37:998515,0
278.9177,197.637,3:01:38:002509,0
278.598,197.2872,3:01:38:006371,0
278.1799,197.0248,3:01:38:010370,0
277.7864,196.8499,3:01:38:015062,0
277.2945,196.8499,3:01:38:018587,0
276.7043,196.8499,3:01:38:022729,0
276.0648,196.8499,3:01:38:026587,0
275.2287,196.8499,3:01:38:030585,0
274.54,197.8119,3:01:38:034808,0
273.7284,197.8119,3:01:38:039017,0
272.9168,198.7155,3:01:38:043013,0
272.0807,198.7155,3:01:38:047180,0
271.3182,199.5609,3:01:38:051179,0
270.7034,199.5609,3:01:38:055174,0
270.0886,200.2605,3:01:38:059173,0
269.6459,200.2605,3:01:38:063054,0
269.0802,200.6978,3:01:38:067060,0
268.7113,200.6978,3:01:38:071067,0
268.367,200.9892,3:01:38:075067,0
268.0227,200.9892,3:01:38:079070,0
267.6292,200.9892,3:01:38:083069,0
267.2111,200.9892,3:01:38:087007,0
266.7438,200.9892,3:01:38:091014,0
266.2765,200.9892,3:01:38:095023,0
265.883,200.9892,3:01:38:099014,0
265.4649,200.9892,3:01:38:103014,0
265.0222,200.9892,3:01:38:107282,0
264.5058,200.9892,3:01:38:111289,0
264.1123,200.9892,3:01:38:114293,0
263.6942,201.6888,3:01:38:118311,0
263.3007,201.6888,3:01:38:122304,0
262.8334,202.2719,3:01:38:127005,0
262.3661,202.2719,3:01:38:131054,0
261.8988,202.8257,3:01:38:135064,0
261.4315,202.8257,3:01:38:139081,0
260.9889,203.263,3:01:38:143064,0
260.5216,203.263,3:01:38:147064,0
260.0297,203.263,3:01:38:151046,0
259.4886,203.5836,3:01:38:154372,0
258.9968,203.5836,3:01:38:158375,0
258.4311,203.5836,3:01:38:162496,0
257.8901,203.5836,3:01:38:166373,0
257.2998,203.5836,3:01:38:171167,0
256.7096,203.5836,3:01:38:175175,0
256.1193,202.7383,3:01:38:178210,0
255.5291,202.7383,3:01:38:182177,0
254.8896,202.097,3:01:38:186180,0
254.2994,202.097,3:01:38:190243,0
253.6845,201.3974,3:01:38:195051,0
253.0451,201.3974,3:01:38:198360,0
252.4303,200.7269,3:01:38:202363,0
251.8154,200.7269,3:01:38:206359,0
251.2006,200.1439,3:01:38:210363,0
250.5857,200.1439,3:01:38:215051,0
249.9955,199.7066,3:01:38:218340,0
249.3314,199.7066,3:01:38:222443,0
248.7658,199.3568,3:01:38:226339,0
248.2493,199.1236,3:01:38:230369,0
247.7328,198.803,3:01:38:235159,1767
247.3147,198.3949,3:01:38:238169,1766
246.9212,197.9576,3:01:38:242172,1774
246.6261,197.4038,3:01:38:247168,1778
246.4048,196.8208,3:01:38:251305,1786
246.2818,196.1212,3:01:38:254316,1810
246.2572,195.3342,3:01:38:258317,1831
246.2572,194.5179,3:01:38:262385,1879
246.2572,193.5851,3:01:38:267313,1931
246.2572,192.5941,3:01:38:271001,1972
247.1918,191.4572,3:01:38:274779,2015
247.782,190.2329,3:01:38:278779,2037
248.5198,188.892,3:01:38:282877,2046
249.5036,187.4928,3:01:38:286780,2052
250.6595,186.0353,3:01:38:291009,2061
252.0122,184.7236,3:01:38:294543,2066
253.5616,183.4118,3:01:38:298652,2074
255.3323,182.2166,3:01:38:302597,2085
257.2752,181.2256,3:01:38:306594,2093
259.3411,180.351,3:01:38:310594,2107
261.4561,179.7097,3:01:38:314374,2121
263.5712,179.2725,3:01:38:318485,2127
265.7109,179.0976,3:01:38:322497,2127
267.7276,179.0393,3:01:38:326596,2126
269.6705,179.0393,3:01:38:330542,2127
271.4166,179.0393,3:01:38:335049,2137
273.0152,180.2345,3:01:38:339128,2149
274.3925,181.1673,3:01:38:343110,2160
275.573,182.3916,3:01:38:347104,2172
276.5813,183.7908,3:01:38:351104,2179
277.3929,185.3357,3:01:38:355109,2186
278.0078,187.0847,3:01:38:358735,2197
278.4504,189.0378,3:01:38:363724,2204
278.6718,191.0491,3:01:38:366724,2213
278.6718,193.0313,3:01:38:370833,2217
278.6718,195.0718,3:01:38:374998,2222
278.0323,197.0248,3:01:38:379023,2231
277.3929,198.9487,3:01:38:383009,2242
276.4829,200.9018,3:01:38:386971,2261
275.3516,202.7383,3:01:38:390924,2274
274.0482,204.5164,3:01:38:394998,2291
272.6463,206.1779,3:01:38:398649,2308
271.0969,207.7812,3:01:38:402676,2327
269.5475,209.2095,3:01:38:406654,2359
267.9489,210.5213,3:01:38:410654,2401
266.3995,211.6873,3:01:38:414996,2460
264.8993,212.7076,3:01:38:418560,2534
263.5466,213.5529,3:01:38:422561,2619
262.3415,214.2233,3:01:38:426558,2718
261.2348,214.6897,3:01:38:430559,2826
260.3248,215.0396,3:01:38:435426,2948
259.6116,215.2144,3:01:38:438860,3055
259.0952,215.3019,3:01:38:442860,3134
258.7017,215.3019,3:01:38:446955,3188
258.5295,215.3019,3:01:38:450941,3202
258.5295,215.3019,3:01:38:455826,3205
258.5295,214.1359,3:01:38:458839,3206
258.5295,214.1359,3:01:38:462835,3195
259.7346,212.8824,3:01:38:466835,3186
260.5708,212.0954,3:01:38:470836,3182
261.6529,211.2792,3:01:38:474994,3175
262.9318,210.5213,3:01:38:479004,3169
264.3828,209.7634,3:01:38:483004,3166
266.1782,209.0929,3:01:38:487002,3158
268.1457,208.5974,3:01:38:491024,3157
270.2607,208.2184,3:01:38:494988,3152
272.4496,208.2184,3:01:38:498139,3149
274.7122,208.2184,3:01:38:502139,3150
276.9748,208.2184,3:01:38:506137,3148
279.1883,208.9472,3:01:38:510145,3154
281.3771,209.7051,3:01:38:515123,3158
283.3938,210.7253,3:01:38:518994,3165
285.1891,212.0079,3:01:38:522488,3174
286.7877,213.4655,3:01:38:526477,3186
288.1404,215.2436,3:01:38:530598,3198
289.2471,217.2841,3:01:38:534578,3210
290.1079,219.4704,3:01:38:539042,3219
290.7227,221.8024,3:01:38:542805,3231
291.067,224.2801,3:01:38:546808,3240
291.1654,226.7578,3:01:38:550805,3252
291.1654,229.2939,3:01:38:554805,3275
290.4522,231.7717,3:01:38:559042,3307
289.6406,234.1037,3:01:38:562446,3376
288.6077,236.3482,3:01:38:566530,3480
287.2304,238.4762,3:01:38:570443,3601
285.6072,240.4292,3:01:38:574507,3731
283.6643,242.2657,3:01:38:578739,3845
281.5001,243.9855,3:01:38:582802,3931
279.1637,245.5596,3:01:38:586853,3993
276.7289,247.0171,3:01:38:590736,4033
274.1957,248.358,3:01:38:594746,4061
271.638,249.524,3:01:38:598564,4075
269.1048,250.5443,3:01:38:602564,4087
266.6208,251.3896,3:01:38:606564,4097
264.2353,252.1183,3:01:38:610564,4104
262.0218,252.6722,3:01:38:614570,4108
259.9313,253.022,3:01:38:618356,4112
257.8901,253.1678,3:01:38:622323,4116
256.0947,253.1678,3:01:38:626386,4111
254.4223,253.1678,3:01:38:631323,4109
252.9221,252.3224,3:01:38:635065,4100
251.6187,251.5936,3:01:38:638362,4019
250.5611,250.6317,3:01:38:642326,3796
249.6758,249.3783,3:01:38:646344,3408
248.9871,247.9499,3:01:38:650324,2786
248.5936,246.1718,3:01:38:655048,1899
248.4707,244.0438,3:01:38:658997,1096
248.4707,241.6243,3:01:38:662604,459
248.4707,238.9426,3:01:38:666563,0
249.6512,235.9693,3:01:38:670513,0
250.4874,232.8793,3:01:38:674512,0
251.5941,229.702,3:01:38:679042,0
252.8729,226.6121,3:01:38:682384,0
254.201,223.6971,3:01:38:686386,0
255.6274,220.9861,3:01:38:691386,0
257.0539,218.625,3:01:38:694384,0
258.5295,216.5553,3:01:38:698997,0
259.9805,214.8064,3:01:38:703003,0
261.4315,213.378,3:01:38:707004,0
262.8088,212.212,3:01:38:710467,0
264.1369,211.2209,3:01:38:714469,0
265.3666,210.4047,3:01:38:718475,0
266.5471,209.8217,3:01:38:722467,0
267.6292,209.3553,3:01:38:727164,0
268.6375,209.0347,3:01:38:730175,0
269.5229,208.8015,3:01:38:734225,0
270.2853,208.6266,3:01:38:738267,0
270.9493,208.3934,3:01:38:743336,2782
271.515,208.1893,3:01:38:746346,2779
272.0807,207.927,3:01:38:750369,2774
272.6463,207.6355,3:01:38:754417,2770
273.2366,207.2856,3:01:38:758345,2794
273.9252,206.8484,3:01:38:762677,2874
274.786,206.3237,3:01:38:766645,3002
275.8927,205.799,3:01:38:770554,3154
277.2208,205.2451,3:01:38:774557,3285
278.7947,204.7496,3:01:38:778832,3365
280.5409,204.2249,3:01:38:782875,3401
282.4346,203.7002,3:01:38:786832,3415
284.5005,203.2338,3:01:38:790832,3421
286.591,202.7674,3:01:38:794981,3427
288.7306,202.3593,3:01:38:799007,3430
290.7965,202.0678,3:01:38:803000,3432
292.8378,201.7763,3:01:38:807001,3432
294.7807,201.5431,3:01:38:811142,3430
296.7236,201.3099,3:01:38:814798,3432
298.5681,201.0767,3:01:38:818806,3432
300.3389,200.8435,3:01:38:822806,3434
301.9621,200.6395,3:01:38:826805,3434
303.5115,200.3771,3:01:38:830834,3434
304.8641,200.0856,3:01:38:834946,3432
306.1184,199.7066,3:01:38:838778,3427
307.2989,199.2694,3:01:38:842672,3410
308.2581,198.7155,3:01:38:846719,3391
309.0942,198.0742,3:01:38:850673,3369
309.8075,197.2872,3:01:38:854990,3347
310.3977,196.4127,3:01:38:858398,3333
310.8404,195.3633,3:01:38:862398,3314
311.1601,194.2265,3:01:38:866405,3301
311.4061,192.9147,3:01:38:870506,3291
311.529,191.5155,3:01:38:875037,3286
311.5782,189.9997,3:01:38:878217,3281
311.5782,188.4256,3:01:38:882217,3275
311.5782,186.7932,3:01:38:886219,3274
311.5782,185.2774,3:01:38:890217,3272
310.865,183.9365,3:01:38:895040,3276
310.865,182.7122,3:01:38:898492,3285
310.2256,181.6337,3:01:38:902429,3289
310.2256,180.7883,3:01:38:906429,3300
309.5369,180.1178,3:01:38:911441,3313
309.5369,179.6806,3:01:38:914894,3328
308.9959,179.4474,3:01:38:918892,3336
308.9959,179.3308,3:01:38:922894,3341
308.504,179.3308,3:01:38:926894,3352
308.2089,179.3308,3:01:38:931121,3380
307.9138,180.8466,3:01:38:935132,3435
307.5203,182.2749,3:01:38:939129,3509
307.1021,184.1114,3:01:38:943131,3589
306.6349,186.4142,3:01:38:947293,3671
306.1184,189.1252,3:01:38:950549,3749
305.6265,192.2151,3:01:38:955543,3820
305.1592,195.5674,3:01:38:958542,3884
304.7903,198.9487,3:01:38:962542,3927
304.5198,202.4176,3:01:38:966552,3952
304.3723,205.7699,3:01:38:970563,3979
304.3231,209.2095,3:01:38:974552,3996
304.3231,212.6492,3:01:38:978632,4014
304.3231,216.1181,3:01:38:982996,4031
304.3231,219.5578,3:01:38:986997,4036
304.3231,222.9392,3:01:38:990407,4039
304.3231,226.2914,3:01:38:994377,4039
304.9871,229.4688,3:01:38:998377,4036
304.9871,232.4713,3:01:39:002377,4034
304.9871,235.2405,3:01:39:006377,4029
305.4298,237.6891,3:01:39:010528,4027
305.4298,239.7879,3:01:39:014530,4021
305.4298,241.6243,3:01:39:018530,3956
305.9463,243.0235,3:01:39:022528,3747
305.9463,244.1313,3:01:39:026809,3385
306.3643,244.9183,3:01:39:031033,2837
306.6841,245.2681,3:01:39:034911,2065
307.053,245.2681,3:01:39:038893,1269
307.4957,245.2681,3:01:39:042799,625
308.0613,244.1021,3:01:39:046929,0
308.6761,242.9361,3:01:39:051055,0
309.4632,241.3911,3:01:39:054329,0
310.3485,239.4964,3:01:39:058310,0
311.2831,237.1935,3:01:39:062434,0
312.316,234.5701,3:01:39:066420,0
313.4228,231.655,3:01:39:071046,0
314.6278,228.6234,3:01:39:074810,0
315.8575,225.3878,3:01:39:078810,0
317.2102,222.1813,3:01:39:082809,0
318.612,219.0623,3:01:39:086810,0
320.0876,216.1472,3:01:39:091415,0
321.6125,213.5237,3:01:39:094525,0
323.1127,211.3375,3:01:39:098425,0
324.5883,209.5593,3:01:39:102470,0
325.9901,208.1019,3:01:39:106503,0
327.1953,207.0233,3:01:39:111048,0
328.302,206.2071,3:01:39:115072,2549
329.1628,205.6532,3:01:39:119057,2545
329.8268,205.3035,3:01:39:122161,2535
330.3187,205.0703,3:01:39:126110,2526
330.663,205.0119,3:01:39:131445,2521
331.0073,205.0119,3:01:39:135459,2520
331.3024,205.0119,3:01:39:138484,2536
331.6221,205.0119,3:01:39:142457,2556
331.9664,206.1196,3:01:39:146488,2577
332.3354,206.8192,3:01:39:150997,2605
332.7289,207.6646,3:01:39:154581,2624
333.1961,208.714,3:01:39:158633,2642
333.6388,209.9091,3:01:39:162630,2659
334.0077,211.25,3:01:39:166748,2667
334.352,212.6201,3:01:39:170631,2684
334.5734,214.1359,3:01:39:175048,2706
334.6718,215.7392,3:01:39:178575,2740
334.7455,217.4299,3:01:39:182577,2791
334.7455,219.1497,3:01:39:186577,2840
334.7455,220.8404,3:01:39:190577,2887
334.0077,222.502,3:01:39:195046,2920
334.0077,224.1635,3:01:39:198989,2945
332.778,225.8542,3:01:39:202991,2959
331.8927,227.4283,3:01:39:206992,2972
330.8597,228.8275,3:01:39:210992,2982
329.7038,230.0518,3:01:39:214790,2989
328.4495,231.0721,3:01:39:218799,3010
327.1707,231.8882,3:01:39:222799,3064
325.9164,232.3838,3:01:39:226813,3140
324.6129,232.5878,3:01:39:230877,3222
323.457,232.5878,3:01:39:234873,3299
322.3749,232.5878,3:01:39:239105,3343
321.4403,231.3636,3:01:39:242828,3360
320.6533,230.3141,3:01:39:246814,3367
319.9893,228.9441,3:01:39:250804,3365
319.522,227.2825,3:01:39:254791,3362
319.2023,225.3878,3:01:39:259046,3373
319.1285,223.4056,3:01:39:262559,3384
319.1285,221.2193,3:01:39:266681,3398
319.1285,219.0331,3:01:39:270560,3406
319.9401,216.8177,3:01:39:274567,3403
320.5795,214.6315,3:01:39:279039,3404
321.4403,212.5618,3:01:39:282651,3397
322.3995,210.6379,3:01:39:286591,3391
323.5308,208.8015,3:01:39:290558,3385
324.7359,207.0233,3:01:39:294580,3376
326.0393,205.3618,3:01:39:299037,3372
327.4904,203.7294,3:01:39:302438,3370
329.089,202.1844,3:01:39:306439,3370
330.8105,200.6686,3:01:39:310441,3364
332.6305,199.1819,3:01:39:314438,3360
334.5734,197.7827,3:01:39:318373,3357
336.5655,196.4418,3:01:39:323370,3357
338.6805,195.1593,3:01:39:326404,3360
340.7956,193.9058,3:01:39:331370,3358
342.8861,192.6815,3:01:39:335043,3357
344.9273,191.4863,3:01:39:338989,3351
346.8456,190.2912,3:01:39:343017,3348
348.6656,189.1543,3:01:39:347018,3349
350.3625,188.0466,3:01:39:351033,3347
351.912,186.9681,3:01:39:355221,3348
353.3138,185.8604,3:01:39:358307,3346
354.5435,184.811,3:01:39:362233,3343
355.601,183.8199,3:01:39:367231,3345
356.4618,182.9745,3:01:39:370231,3349
357.1996,182.1584,3:01:39:374321,3355
357.7161,181.4588,3:01:39:378256,3361
358.1342,180.7009,3:01:39:382200,3363
358.3801,180.0596,3:01:39:386196,3362
358.5277,179.4182,3:01:39:390989,3362
358.6507,178.8644,3:01:39:394565,3363
358.6998,178.3397,3:01:39:398453,3368
358.6998,177.9025,3:01:39:402453,3379
358.6998,177.4944,3:01:39:406529,3400
358.6998,177.1445,3:01:39:410532,3422
358.6998,176.9405,3:01:39:414541,3437
358.6998,176.7948,3:01:39:418542,3447
358.6998,176.7365,3:01:39:422626,3445
358.1588,176.7365,3:01:39:426993,3450
358.1588,176.7365,3:01:39:431003,3497
358.1588,177.9025,3:01:39:435017,3576
357.4702,178.8936,3:01:39:439001,3676
357.1013,180.2636,3:01:39:443018,3776
356.7323,182.0126,3:01:39:447243,3854
356.2896,184.1114,3:01:39:451047,3931
355.8716,186.56,3:01:39:455057,4001
355.5027,189.2126,3:01:39:459056,4069
355.1584,192.0402,3:01:39:463056,4126
354.9124,194.8969,3:01:39:467057,4152
354.7648,197.6953,3:01:39:470518,4165
354.6665,200.4937,3:01:39:474521,4169
354.5435,203.1755,3:01:39:478519,4171
354.4697,205.799,3:01:39:482526,4174
354.3467,208.3934,3:01:39:487063,4182
354.2238,210.9585,3:01:39:491072,4196
354.0762,213.5529,3:01:39:495072,4200
353.8549,216.2056,3:01:39:499072,4204
353.6335,218.8873,3:01:39:503336,4197
353.4122,221.5108,3:01:39:506849,4185
353.2154,224.076,3:01:39:510747,4094
353.0433,226.4664,3:01:39:514748,3858
352.9203,228.6817,3:01:39:518747,3480
352.8711,230.7222,3:01:39:522687,2898
352.8711,232.4713,3:01:39:527732,2085
352.8711,233.8413,3:01:39:530741,1271
352.8711,234.8615,3:01:39:534740,605
353.7811,235.6194,3:01:39:538741,0
354.3467,236.0275,3:01:39:542848,0
355.0354,236.2025,3:01:39:546995,0
355.8716,236.2025,3:01:39:551045,0
356.9045,236.2025,3:01:39:555055,0
358.0112,235.4737,3:01:39:559055,0
359.118,235.4737,3:01:39:563053,0
360.2738,234.7741,3:01:39:567055,0
361.5035,234.7741,3:01:39:571546,0
362.7332,234.7741,3:01:39:574555,0
363.8153,234.7741,3:01:39:578635,0
364.8729,234.7741,3:01:39:582654,0
365.7582,234.7741,3:01:39:586636,0
366.619,234.7741,3:01:39:590797,0
367.3814,235.7652,3:01:39:594893,0
368.0209,235.7652,3:01:39:598818,0
368.4882,236.8438,3:01:39:602873,0
368.8817,236.8438,3:01:39:607046,1400
369.1522,237.8349,3:01:39:610875,1411
369.2751,238.3595,3:01:39:614917,1470
369.3489,238.8842,3:01:39:618876,1597
369.3489,239.3798,3:01:39:622876,1745
369.3489,239.8754,3:01:39:626874,1929
369.3489,240.4292,3:01:39:630978,2093
368.7833,241.0997,3:01:39:635050,2219
368.7833,241.8284,3:01:39:638861,2341
367.9471,242.6154,3:01:39:642861,2427
367.3814,243.4317,3:01:39:646877,2490
366.6928,244.2478,3:01:39:650945,2525
365.8812,245.0932,3:01:39:655051,2544
364.8975,245.9677,3:01:39:658472,2554
363.8153,246.8714,3:01:39:662465,2568
362.5611,247.8042,3:01:39:666465,2584
361.1592,248.6786,3:01:39:670507,2595
359.7328,249.5823,3:01:39:674763,2609
358.1588,250.4568,3:01:39:679763,2618
356.6094,251.273,3:01:39:682770,2636
354.9862,252.0018,3:01:39:686770,2695
353.4122,252.6139,3:01:39:690916,2781
351.9366,253.0511,3:01:39:694530,2902
350.6085,253.3427,3:01:39:698508,3022
349.4526,253.4592,3:01:39:702597,3101
348.4196,253.4592,3:01:39:706505,3154
347.5835,253.4592,3:01:39:710811,3170
346.9194,252.2058,3:01:39:714811,3180
346.4521,251.3604,3:01:39:718811,3196
346.1324,250.2819,3:01:39:722811,3212
346.0095,249.0284,3:01:39:727281,3221
346.0095,247.571,3:01:39:730484,3226
346.0095,246.0551,3:01:39:734491,3228
346.8948,244.5102,3:01:39:738483,3250
347.6327,242.9361,3:01:39:742483,3276
348.5918,241.4203,3:01:39:747050,3300
349.7477,240.0211,3:01:39:750584,3327
351.1004,238.7094,3:01:39:754705,3325
352.6252,237.6017,3:01:39:758593,3321
354.3467,236.698,3:01:39:762585,3321
356.0683,235.9401,3:01:39:767051,3319
357.9128,235.4737,3:01:39:770457,3320
359.7574,235.1822,3:01:39:774557,3325
361.6265,235.1822,3:01:39:778525,3328
363.4464,235.1822,3:01:39:782432,3332
365.1926,235.1822,3:01:39:786171,3337
366.742,236.319,3:01:39:791167,3344
368.1438,237.1353,3:01:39:795168,3349
369.4473,238.1263,3:01:39:798170,3360
370.4311,239.3215,3:01:39:803044,3366
371.218,240.6624,3:01:39:806559,3373
371.7099,242.1199,3:01:39:810558,3384
371.9559,243.7231,3:01:39:814557,3391
371.9559,245.5013,3:01:39:818555,3404
371.9559,247.3378,3:01:39:823174,3417
371.0213,249.3491,3:01:39:826695,3430
370.1359,251.5354,3:01:39:830694,3445
368.9308,253.8965,3:01:39:834693,3456
367.529,256.3451,3:01:39:838946,3464
365.8074,258.9103,3:01:39:842337,3473
363.8399,261.5046,3:01:39:846339,3475
361.6511,264.0115,3:01:39:850394,3478
359.2655,266.4893,3:01:39:855454,3480
356.7569,268.8504,3:01:39:858452,3489
354.1746,270.9201,3:01:39:862400,3541
351.5431,272.7566,3:01:39:866377,3640
348.8623,274.3307,3:01:39:870451,3780
346.2062,275.7007,3:01:39:875027,3943
343.6485,276.8084,3:01:39:880026,4088
341.1645,277.712,3:01:39:883027,4203
338.8281,278.4117,3:01:39:887027,4283
336.7622,278.9363,3:01:39:891008,4337
334.7947,279.2862,3:01:39:895282,4378
333.024,279.5485,3:01:39:898292,4401
331.45,279.636,3:01:39:902292,4423
330.1465,279.636,3:01:39:907292,4439
329.0398,279.636,3:01:39:910291,4452
328.2282,279.636,3:01:39:914658,4463
327.5887,279.636,3:01:39:918659,4466
327.0231,278.8489,3:01:39:922657,4469
326.7034,278.8489,3:01:39:926658,4463
326.5558,278.2659,3:01:39:930754,4455
326.482,278.2659,3:01:39:935046,4440
326.482,277.5663,3:01:39:939043,4372
326.482,277.5663,3:01:39:943073,4163
326.482,276.7501,3:01:39:947053,3775
327.1461,276.2545,3:01:39:951053,3151
327.1461,275.7881,3:01:39:955053,2154
328.0806,275.1177,3:01:39:959037,1250
328.6217,274.4764,3:01:39:962759,530
329.3103,273.7477,3:01:39:966815,0
330.1465,272.9897,3:01:39:970733,0
331.1302,272.1444,3:01:39:975941,0
332.2616,271.299,3:01:39:978977,0
333.6142,270.3371,3:01:39:982962,0
335.0898,269.3752,3:01:39:986953,0
336.6638,268.4132,3:01:39:991004,0
338.5822,267.3347,3:01:39:995040,0
340.648,266.1978,3:01:39:999041,0
342.8861,265.0027,3:01:40:003049,0
345.3208,263.7201,3:01:40:007051,0
348.0508,262.2625,3:01:40:011050,0
350.9036,260.7759,3:01:40:015051,0
354.0762,259.2601,3:01:40:018667,0
357.3472,257.7443,3:01:40:022228,0
361.0117,256.0828,3:01:40:027227,0
364.8237,254.4503,3:01:40:031228,0
368.7095,252.5556,3:01:40:034229,0
372.9642,250.69,3:01:40:039045,0
377.096,248.7661,3:01:40:042994,0
381.4737,246.7839,3:01:40:046903,0
385.8022,244.6851,3:01:40:050839,0
390.1552,242.4697,3:01:40:054838,0
394.164,240.4001,3:01:40:058835,0
398.2712,238.2721,3:01:40:062993,0
402.1816,236.4357,3:01:40:066994,0
405.6985,234.6575,3:01:40:070599,0
409.1908,233.0542,3:01:40:074702,0
412.2896,231.5676,3:01:40:078716,0
415.0687,230.1976,3:01:40:082684,0
417.6019,228.9441,3:01:40:087045,0
419.7907,227.8364,3:01:40:090354,0
421.5369,226.6996,3:01:40:094442,0
422.9387,225.6501,3:01:40:098363,0
424.07,224.659,3:01:40:102354,0
424.8816,223.7262,3:01:40:107044,0
425.3243,222.7352,3:01:40:110351,0
425.4719,221.8024,3:01:40:114414,0
425.4719,220.9861,3:01:40:118363,0
425.4719,220.17,3:01:40:122360,0
424.3406,219.4995,3:01:40:127052,0
423.5782,218.9456,3:01:40:130465,0
422.5452,218.4501,3:01:40:134373,0
421.2909,217.8671,3:01:40:138373,0
419.9137,217.4299,3:01:40:142375,0
418.438,216.9926,3:01:40:147045,0
416.9132,216.5553,3:01:40:150350,0
415.413,216.0307,3:01:40:154351,0
413.8882,215.4476,3:01:40:158347,0
412.4126,214.8064,3:01:40:162472,0
411.0107,214.1359,3:01:40:167050,0
409.7565,213.5237,3:01:40:171057,0
408.6743,212.9699,3:01:40:175059,0
407.6906,212.4743,3:01:40:179059,0
406.879,212.0954,3:01:40:183060,0
406.3134,211.8039,3:01:40:187055,0
405.9198,211.6581,3:01:40:191065,0
405.7231,211.5415,3:01:40:195065,0
405.6739,211.5415,3:01:40:199065,0
405.6739,211.5415,3:01:40:203065,0
405.6739,211.5415,3:01:40:207053,0
406.3871,211.5415,3:01:40:211309,0
406.3871,211.5415,3:01:40:214309,0
406.9774,211.5415,3:01:40:219309,0
406.9774,211.5415,3:01:40:222342,0
407.4447,211.5415,3:01:40:227057,0
407.4447,211.5415,3:01:40:230367,0
407.4447,211.5415,3:01:40:234468,0
407.4447,211.5415,3:01:40:238364,0
407.4447,210.7836,3:01:40:242436,0
407.4447,210.7836,3:01:40:246476,0
406.8052,209.6759,3:01:40:251052,0
406.8052,208.9472,3:01:40:255048,0
406.3134,208.1893,3:01:40:259058,0
406.3134,207.3731,3:01:40:263055,0
406.3134,206.4695,3:01:40:267055,0
405.8461,205.5075,3:01:40:271058,0
405.8461,204.4872,3:01:40:275048,0
405.8461,203.3795,3:01:40:279058,0
405.8461,202.2135,3:01:40:283072,0
405.8461,201.0475,3:01:40:287058,0
405.8461,199.8815,3:01:40:291058,0
405.8461,198.7155,3:01:40:295335,0
406.4117,197.6078,3:01:40:299156,0
406.4117,196.4127,3:01:40:303155,0
406.4117,195.305,3:01:40:307153,2407
406.4117,194.2265,3:01:40:311156,2421
406.9282,193.2645,3:01:40:315052,2442
406.9282,192.4483,3:01:40:319065,2480
406.9282,191.7778,3:01:40:323059,2521
406.9282,191.1949,3:01:40:327060,2545
406.9282,190.7867,3:01:40:331068,2557
406.9282,190.5244,3:01:40:334871,2545
406.9282,190.437,3:01:40:338777,2533
407.1495,190.437,3:01:40:342777,2527
407.1495,191.3114,3:01:40:346776,2539
407.1495,192.2151,3:01:40:350973,2575
407.1495,193.4977,3:01:40:355023,2614
407.1495,195.101,3:01:40:359014,2655
407.1495,197.1414,3:01:40:362985,2689
407.1495,199.5318,3:01:40:367018,2712
407.1495,202.301,3:01:40:370774,2732
406.5101,205.216,3:01:40:374776,2757
406.5101,208.3059,3:01:40:378875,2775
406.0182,211.4832,3:01:40:382852,2794
406.0182,214.748,3:01:40:386960,2810
405.5509,217.9545,3:01:40:390852,2817
405.5509,221.1319,3:01:40:394971,2827
405.1328,224.1344,3:01:40:398853,2831
405.1328,226.991,3:01:40:402867,2835
404.8377,229.6145,3:01:40:406996,2842
404.8377,231.9465,3:01:40:410477,2848
404.6164,233.9579,3:01:40:414477,2852
404.6164,235.5903,3:01:40:418474,2855
404.4442,236.9021,3:01:40:422477,2855
404.4442,237.864,3:01:40:426858,2860
404.3213,238.6219,3:01:40:431047,2877
404.2721,239.0591,3:01:40:435077,2990
404.2229,239.3215,3:01:40:439048,3120
404.1983,239.3215,3:01:40:443048,3246
404.1983,239.3215,3:01:40:446906,3357
404.1983,238.4762,3:01:40:450266,3375
404.1983,237.6017,3:01:40:454389,3374
404.1983,236.4648,3:01:40:458323,3370
404.1983,234.9781,3:01:40:462264,3365
404.1983,233.1417,3:01:40:467042,3359
404.1983,230.9263,3:01:40:470206,3352
404.1983,228.4194,3:01:40:474225,3352
403.5834,225.8542,3:01:40:478206,3353
403.5834,223.2016,3:01:40:482204,3350
402.5505,220.6072,3:01:40:486918,3354
401.7881,218.0712,3:01:40:490898,3350
400.8044,215.7392,3:01:40:494889,3349
399.6484,213.6695,3:01:40:498892,3354
398.3204,211.9205,3:01:40:502152,3358
396.7956,210.5504,3:01:40:506153,3364
395.074,209.4136,3:01:40:510164,3370
393.2787,208.5099,3:01:40:514153,3376
391.3112,207.927,3:01:40:518153,3385
389.2699,207.5771,3:01:40:522529,3393
387.2778,207.4314,3:01:40:527539,3402
385.3349,207.4314,3:01:40:531541,3413
383.392,207.4314,3:01:40:535539,3420
381.6212,208.4516,3:01:40:538551,3424
380.0226,209.1804,3:01:40:542907,3428
378.547,210.1423,3:01:40:546917,3425
377.3419,211.3375,3:01:40:550915,3420
376.3336,212.5618,3:01:40:554925,3423
375.5466,213.9901,3:01:40:558989,3422
374.9563,215.5934,3:01:40:563030,3427
374.612,217.2841,3:01:40:566432,3429
374.4644,219.0623,3:01:40:570431,3426
374.4644,220.8696,3:01:40:574433,3428
374.4644,222.6185,3:01:40:578477,3423
375.3744,224.2801,3:01:40:582555,3424
376.063,225.9417,3:01:40:586466,3423
376.973,227.4283,3:01:40:590566,3423
378.0305,228.6817,3:01:40:594466,3430
379.2848,229.702,3:01:40:598545,3436
380.6866,230.4599,3:01:40:602991,3445
382.2361,230.9846,3:01:40:606438,3453
383.9576,231.2761,3:01:40:610438,3456
385.8759,231.2761,3:01:40:614437,3459
387.868,231.2761,3:01:40:618467,3463
390.0569,230.5473,3:01:40:622817,3471
392.3933,229.7894,3:01:40:626824,3500
394.9019,228.8275,3:01:40:630931,3530
397.558,227.6615,3:01:40:634877,3580
400.3371,226.204,3:01:40:639036,3627
403.2637,224.5716,3:01:40:642942,3667
406.2642,222.9392,3:01:40:646499,3707
409.363,221.2485,3:01:40:650457,3725
412.388,219.5869,3:01:40:654464,3736
415.2901,218.0712,3:01:40:658465,3737
417.9462,216.7303,3:01:40:662714,3731
420.2826,215.6225,3:01:40:666715,3731
422.3485,214.8064,3:01:40:670713,3735
424.07,214.2816,3:01:40:674714,3735
425.4473,213.9319,3:01:40:678719,3737
426.5048,213.9319,3:01:40:682994,3735
427.2426,213.9319,3:01:40:686770,3744
427.8083,213.9319,3:01:40:690868,3770
428.251,213.9319,3:01:40:694885,3806
428.5215,214.8938,3:01:40:698782,3853
428.6937,215.5934,3:01:40:702992,3891
428.792,216.4971,3:01:40:706820,3919
428.792,217.6339,3:01:40:710837,3941
428.792,218.9456,3:01:40:714816,3954
428.792,220.4323,3:01:40:718915,3960
428.792,221.9772,3:01:40:722691,3968
428.1034,223.6971,3:01:40:726754,3967
428.1034,225.5044,3:01:40:730829,3962
427.3164,227.3117,3:01:40:734747,3961
426.8491,229.1773,3:01:40:738758,3953
426.2835,231.0721,3:01:40:742837,3807
425.5948,232.9085,3:01:40:747050,3464
424.7341,234.7741,3:01:40:750596,2828
423.6273,236.6105,3:01:40:754687,1842
422.4222,238.3304,3:01:40:758598,999
421.045,240.0211,3:01:40:762596,0
419.4956,241.6535,3:01:40:766482,0
417.8478,243.1693,3:01:40:770394,0
416.1263,244.5685,3:01:40:774471,0
414.4539,245.9386,3:01:40:778411,0
412.8799,247.1628,3:01:40:783048,0
411.478,248.358,3:01:40:787058,0
410.2238,249.4948,3:01:40:791058,0
409.1662,250.4859,3:01:40:795055,0
408.3055,251.3896,3:01:40:799246,0
407.6414,252.1475,3:01:40:802398,0
407.1495,252.7888,3:01:40:806396,0
406.8052,253.2843,3:01:40:810398,0
406.5839,253.5759,3:01:40:814504,0
406.5101,253.6342,3:01:40:818914,0
406.5101,253.6342,3:01:40:823049,0
406.5101,253.6342,3:01:40:826814,0
406.5101,252.6722,3:01:40:830831,0
406.5101,252.6722,3:01:40:834811,0
407.1987,251.3604,3:01:40:838887,0
407.1987,250.4859,3:01:40:843041,0
407.1987,249.4948,3:01:40:846424,2139
407.1987,248.4454,3:01:40:850466,2148
407.1987,247.3378,3:01:40:854338,2167
407.1987,246.2009,3:01:40:858339,2231
407.1987,245.064,3:01:40:862548,2381
407.1987,243.8689,3:01:40:866548,2562
406.3625,242.7321,3:01:40:870548,2774
405.7723,241.6535,3:01:40:874647,2961
405.1082,240.6915,3:01:40:879046,3081
404.3213,239.8462,3:01:40:882569,3179
403.4113,239.1758,3:01:40:886491,3258
402.4275,238.6802,3:01:40:890489,3341
401.3208,238.4178,3:01:40:894489,3428
400.0419,238.4178,3:01:40:898584,3532
398.7139,238.4178,3:01:40:903002,3643
397.2874,238.4178,3:01:40:906958,3752
395.8856,239.8754,3:01:40:910970,3853
394.3854,240.8373,3:01:40:914959,3930
392.9589,241.9742,3:01:40:918905,3986
391.5817,243.315,3:01:40:922935,4024
390.2782,244.8308,3:01:40:926932,4050
389.1223,246.4632,3:01:40:930980,4063
388.114,248.1539,3:01:40:934993,4079
387.327,249.903,3:01:40:939100,4093
386.6875,251.7103,3:01:40:943107,4100
386.294,253.6342,3:01:40:947127,4108
386.1711,255.558,3:01:40:950109,4104
386.1711,257.4819,3:01:40:955109,4105
386.1711,259.3475,3:01:40:958572,4104
387.3762,261.1548,3:01:40:962590,4101
388.3107,262.933,3:01:40:966665,4106
389.4666,264.5945,3:01:40:970681,4109
390.8685,266.0521,3:01:40:975844,4114
392.5162,267.3055,3:01:40:978859,4122
394.4346,268.2966,3:01:40:982859,4125
396.5496,269.1128,3:01:40:986849,4124
398.8615,269.6667,3:01:40:990850,4121
401.2716,269.9582,3:01:40:995043,4090
403.7556,270.0456,3:01:40:998498,3949
406.3625,270.0456,3:01:41:002498,3664
408.8957,270.0456,3:01:41:006497,3218
411.3797,268.7339,3:01:41:010498,2560
413.7653,267.8302,3:01:41:014908,1744
416.0771,266.5768,3:01:41:018915,998
418.1675,264.9443,3:01:41:022916,415
420.0612,263.0496,3:01:41:026939,0
421.7828,260.8925,3:01:41:031916,0
423.3568,258.4147,3:01:41:034942,0
424.9062,255.6747,3:01:41:038905,0
426.3572,252.6722,3:01:41:042999,0
427.7591,249.3783,3:01:41:046962,0
429.1364,245.9677,3:01:41:050913,0
430.5382,242.3531,3:01:41:054914,0
432.0876,238.6219,3:01:41:059043,0
433.6862,234.7158,3:01:41:062329,0
435.3831,230.868,3:01:41:066404,0
437.0063,227.1077,3:01:41:070304,0
438.6295,223.5222,3:01:41:074304,0
440.2035,220.1408,3:01:41:079041,0
441.6792,217.0217,3:01:41:083051,0
443.0072,214.3691,3:01:41:086147,0
444.0894,212.0371,3:01:41:091049,0
444.9255,210.1132,3:01:41:095051,0
445.5158,208.4808,3:01:41:099094,0
445.9339,207.1691,3:01:41:102709,0
446.1798,206.0322,3:01:41:106676,0
446.2044,205.0411,3:01:41:110627,2536
446.2044,204.1375,3:01:41:114623,2556
446.2044,203.3795,3:01:41:118623,2603
445.5896,202.6508,3:01:41:122699,2711
445.5896,202.097,3:01:41:126472,2878
444.9993,201.6014,3:01:41:130515,3070
444.9993,201.1059,3:01:41:134475,3258
444.4828,200.8143,3:01:41:138517,3386
444.4828,200.6686,3:01:41:143045,3452
444.4828,200.5811,3:01:41:146497,3472
444.114,200.5811,3:01:41:150501,3485
444.114,200.5811,3:01:41:154627,3518
444.114,201.9512,3:01:41:158554,3582
443.745,202.9715,3:01:41:163041,3660
443.745,204.3415,3:01:41:166571,3744
443.4253,206.0031,3:01:41:170525,3822
443.4253,208.0435,3:01:41:174522,3894
443.081,210.3755,3:01:41:178557,3956
442.958,213.0573,3:01:41:183033,4000
442.958,215.914,3:01:41:186440,4031
442.958,218.9165,3:01:41:190465,4041
442.958,221.9481,3:01:41:194440,4048
442.958,225.038,3:01:41:198478,4051
442.958,228.0696,3:01:41:202908,4049
443.5237,231.0137,3:01:41:206813,4049
443.5237,233.8705,3:01:41:210797,4048
443.5237,236.4357,3:01:41:214797,4047
443.991,238.7677,3:01:41:218627,4044
443.991,240.8665,3:01:41:222828,3990
443.991,242.7321,3:01:41:226878,3784
444.4337,244.277,3:01:41:230593,3422
444.4337,245.5596,3:01:41:234485,2852
444.8026,246.5215,3:01:41:238579,2028
445.1715,247.1628,3:01:41:242529,1221
445.6879,247.4252,3:01:41:247049,573
446.3028,247.4252,3:01:41:250691,0
447.1144,247.4252,3:01:41:254652,0
448.0981,246.1134,3:01:41:258638,0
449.3032,245.0058,3:01:41:262641,0
450.6805,243.5774,3:01:41:267039,0
452.2299,241.7993,3:01:41:270342,0
454.0252,239.7296,3:01:41:274350,0
455.9927,237.3976,3:01:41:278446,0
458.1324,234.6866,3:01:41:282342,0
460.4196,231.5676,3:01:41:287041,0
462.8544,228.1862,3:01:41:290445,0
465.3875,224.5133,3:01:41:294345,0
468.0437,220.6072,3:01:41:298389,0
470.7244,216.672,3:01:41:302345,0
473.3559,212.7659,3:01:41:306648,0
475.8645,209.0055,3:01:41:311040,0
478.2501,205.5658,3:01:41:315041,0
480.4389,202.5634,3:01:41:318915,0
482.3326,199.9982,3:01:41:322818,0
483.9066,197.8994,3:01:41:326916,0
485.1117,196.3253,3:01:41:330815,0
486.0709,195.0718,3:01:41:335040,0
486.7841,194.0807,3:01:41:339040,0
487.2022,193.3228,3:01:41:343048,3036
487.4235,192.769,3:01:41:347048,3037
487.4727,192.3609,3:01:41:351047,3033
487.4973,192.0694,3:01:41:355050,3026
487.5465,191.8945,3:01:41:359046,3017
487.5711,191.807,3:01:41:363060,3014
487.5711,191.807,3:01:41:367054,3050
487.5711,192.7106,3:01:41:371055,3116
487.5711,193.6726,3:01:41:375388,3207
487.5711,194.9261,3:01:41:378399,3300
487.5711,196.5293,3:01:41:382513,3367
487.5711,198.3949,3:01:41:386400,3417
487.5711,200.6395,3:01:41:390412,3450
487.5711,203.0298,3:01:41:394641,3475
487.5711,205.6532,3:01:41:398582,3497
487.5711,208.3351,3:01:41:402582,3517
487.5711,211.1917,3:01:41:406582,3533
487.5711,214.1359,3:01:41:411414,3547
487.5711,217.1384,3:01:41:414662,3561
487.5711,220.17,3:01:41:418664,3564
487.5711,223.1141,3:01:41:422688,3569
487.5711,225.9125,3:01:41:426675,3575
487.5711,228.4777,3:01:41:430960,3580
487.5711,230.868,3:01:41:434875,3588
487.5711,232.9085,3:01:41:438908,3591
487.5711,234.5409,3:01:41:442886,3599
487.5711,235.8818,3:01:41:446874,3607
486.9808,236.8438,3:01:41:451234,3621
486.9808,237.5434,3:01:41:454243,3642
486.9808,237.9806,3:01:41:459245,3662
486.1693,238.1263,3:01:41:462244,3678
485.7266,238.1263,3:01:41:466243,3685
485.2347,238.1263,3:01:41:470270,3682
484.6198,237.0478,3:01:41:474244,3680
484.005,236.1733,3:01:41:478264,3676
483.3902,235.0073,3:01:41:482243,3673
482.7507,233.6373,3:01:41:486996,3671
482.1113,232.0632,3:01:41:491004,3665
481.4227,230.285,3:01:41:494997,3659
480.6848,228.3902,3:01:41:498995,3655
479.9224,226.4955,3:01:41:502737,3653
479.0125,224.6299,3:01:41:506735,3654
477.9795,222.91,3:01:41:510734,3656
476.799,221.3942,3:01:41:514735,3660
475.4218,220.1408,3:01:41:520749,3689
473.8478,219.1497,3:01:41:522751,3747
472.1016,218.4501,3:01:41:526761,3839
470.2571,218.1003,3:01:41:531620,3957
468.265,218.1003,3:01:41:534633,4080
466.2975,218.1003,3:01:41:538631,4191
464.33,219.208,3:01:41:543630,4281
462.4117,220.1991,3:01:41:546640,4354
460.7147,221.4234,3:01:41:550134,4407
459.1653,222.9392,3:01:41:554768,4442
457.8864,224.6882,3:01:41:558762,4464
456.8043,226.5829,3:01:41:562658,4477
456.0419,228.536,3:01:41:566659,4485
455.5255,230.5473,3:01:41:571035,4489
455.3041,232.5878,3:01:41:574554,4489
455.2795,234.6283,3:01:41:578554,4489
455.2795,236.5814,3:01:41:582551,4476
455.2795,238.4762,3:01:41:586633,4466
456.3862,240.3126,3:01:41:590286,4462
457.1732,242.0325,3:01:41:594292,4448
458.0586,243.5774,3:01:41:598292,4392
459.0178,244.9183,3:01:41:602292,4191
459.9523,246.0551,3:01:41:607021,3815
460.9607,246.9879,3:01:41:610927,3268
461.8706,247.6875,3:01:41:614927,2518
462.7314,248.0082,3:01:41:618927,1605
463.4938,248.0082,3:01:41:622947,866
464.1332,248.0082,3:01:41:626960,0
464.6497,247.0462,3:01:41:630999,0
465.0186,246.1134,3:01:41:635042,0
465.24,244.8308,3:01:41:639052,0
465.24,243.1985,3:01:41:643058,0
465.24,241.2454,3:01:41:647053,0
465.24,239.0591,3:01:41:651061,0
465.24,236.6105,3:01:41:655039,0
464.453,233.8705,3:01:41:658346,0
463.8873,230.9263,3:01:41:662407,0
463.2479,227.8073,3:01:41:666417,0
462.4609,224.5716,3:01:41:670397,0
461.4771,221.3651,3:01:41:675038,0
460.395,218.1003,3:01:41:678989,0
459.1653,214.9521,3:01:41:682487,0
457.7389,211.9205,3:01:41:687496,0
456.1403,209.0347,3:01:41:690496,0
454.3941,206.3528,3:01:41:694529,0
452.5004,203.7294,3:01:41:698508,0
450.4837,201.1933,3:01:41:703040,0
448.3932,198.5698,3:01:41:707050,0
446.2044,195.9754,3:01:41:711050,1199
443.991,193.3228,3:01:41:715066,1237
441.8021,190.6702,3:01:41:719050,1338
439.7117,188.0758,3:01:41:723294,1520
437.7196,185.4814,3:01:41:726306,1774
435.8996,182.9454,3:01:41:731303,2014
434.2764,180.4385,3:01:41:734391,2224
432.8746,178.0773,3:01:41:738348,2369
431.7187,175.7745,3:01:41:742989,2455
430.8825,173.5008,3:01:41:747041,2536
430.3168,171.2271,3:01:41:750662,2594
430.0217,168.8951,3:01:41:755569,2639
430.0217,166.4173,3:01:41:758624,2671
430.0217,163.8813,3:01:41:762652,2684
431.1039,161.2869,3:01:41:766831,2685
432.063,158.6343,3:01:41:770571,2687
433.2435,156.0983,3:01:41:774573,2686
434.6454,153.6496,3:01:41:778571,2683
436.2439,151.3468,3:01:41:782572,2682
438.0393,149.2771,3:01:41:787098,2680
439.9084,147.5282,3:01:41:790355,2680
441.9251,146.129,3:01:41:794358,2688
444.1877,144.9921,3:01:41:798353,2814
446.5979,144.1467,3:01:41:802354,2984
449.1065,143.4763,3:01:41:806610,3160
451.8118,143.0682,3:01:41:810609,3333
454.6892,142.835,3:01:41:814610,3387
457.6651,142.835,3:01:41:818610,3403
460.7885,142.835,3:01:41:822702,3417
463.9857,142.835,3:01:41:827515,3458
467.1829,144.1759,3:01:41:830523,3508
470.3309,145.2836,3:01:41:834512,3553
473.4789,146.6828,3:01:41:838512,3595
476.5039,148.4318,3:01:41:842922,3611
479.3322,150.4431,3:01:41:846449,3625
481.9883,152.7751,3:01:41:850452,3633
484.4231,155.282,3:01:41:854482,3640
486.5873,157.9055,3:01:41:858449,3648
488.5056,160.6456,3:01:41:863040,3653
490.1534,163.5023,3:01:41:866457,3659
491.5061,166.4173,3:01:41:870462,3669
492.5636,169.4198,3:01:41:874547,3685
493.3998,172.5972,3:01:41:878505,3702
493.9409,175.9494,3:01:41:883213,3723
494.1376,179.3891,3:01:41:886225,3742
494.1376,182.9454,3:01:41:890338,3752
494.1376,186.4434,3:01:41:894222,3762
493.1785,189.9414,3:01:41:899337,3769
492.4652,193.2937,3:01:41:902860,3776
491.6291,196.471,3:01:41:906857,3783
490.6945,199.3568,3:01:41:910857,3787
489.7845,201.922,3:01:41:914857,3796
488.9729,204.1375,3:01:41:919002,3803
488.1367,206.1196,3:01:41:923215,3811
487.3744,207.8395,3:01:41:926227,3815
486.6857,209.3553,3:01:41:931225,3820
486.0709,210.6962,3:01:41:934270,3821
485.5298,211.8331,3:01:41:938224,3817
485.0625,212.795,3:01:41:943444,3819
484.5952,213.6695,3:01:41:946582,3815
484.1526,214.34,3:01:41:950528,3814
483.7837,214.8064,3:01:41:954538,3790
483.4148,215.127,3:01:41:958537,3640
482.9966,215.3019,3:01:41:962817,3341
482.5786,215.3019,3:01:41:966816,2814
482.0375,215.3019,3:01:41:970860,1959
481.4472,214.5148,3:01:41:974795,1153
480.6848,213.8152,3:01:41:978138,500
479.7503,212.9116,3:01:41:983135,0
478.6682,211.8331,3:01:41:987135,0
477.3647,210.5796,3:01:41:991137,0
475.8645,209.2095,3:01:41:994138,0
474.0691,207.7229,3:01:41:999637,0
472.0524,206.2071,3:01:42:002645,0
469.6914,204.7787,3:01:42:006637,0
467.0845,203.3212,3:01:42:010640,0
464.1824,201.922,3:01:42:014755,0
460.9607,200.552,3:01:42:019022,0
457.493,199.2694,3:01:42:023032,0
453.7793,198.0742,3:01:42:027029,0
449.8689,196.9666,3:01:42:031030,0
445.8355,195.9754,3:01:42:035029,0
441.63,195.0426,3:01:42:039039,0
437.3752,194.1973,3:01:42:042429,0
432.8992,193.4394,3:01:42:046342,0
428.4723,192.7398,3:01:42:051341,0
423.9962,192.1568,3:01:42:054349,0
419.4218,191.6613,3:01:42:059420,0
414.749,191.224,3:01:42:062420,0
410.0762,190.9034,3:01:42:067420,0
405.305,190.5535,3:01:42:070420,0
400.46,190.2912,3:01:42:074995,0
395.7134,190.1163,3:01:42:079044,0
390.9669,189.9414,3:01:42:082348,0
386.2202,189.8248,3:01:42:086348,0
381.5229,189.679,3:01:42:091346,0
376.9976,189.5333,3:01:42:094476,0
372.4969,189.3875,3:01:42:099051,0
368.1438,189.1835,3:01:42:102325,0
363.9629,188.9794,3:01:42:106386,0
359.8803,188.7462,3:01:42:110325,0
355.8716,188.4547,3:01:42:114343,0
352.0349,188.0758,3:01:42:118792,0
348.3213,187.6385,3:01:42:122900,0
344.8044,187.1138,3:01:42:127165,0
341.5088,186.4434,3:01:42:131157,0
338.4592,185.7438,3:01:42:135153,0
335.5817,184.9276,3:01:42:139150,0
332.9256,184.0531,3:01:42:143043,0
330.4908,183.1494,3:01:42:146419,0
328.2282,182.2166,3:01:42:151343,0
326.2361,181.3421,3:01:42:154346,0
324.3916,180.4385,3:01:42:158384,0
322.7684,179.5932,3:01:42:163039,0
321.2682,178.7769,3:01:42:166392,0
320.0139,178.0482,3:01:42:170334,0
318.9563,177.3777,3:01:42:174335,0
318.0956,176.6781,3:01:42:178429,0
317.4315,176.0368,3:01:42:182343,0
316.9643,175.4247,3:01:42:187038,0
316.6445,174.8708,3:01:42:190555,1402
316.4724,174.3753,3:01:42:194555,1398
316.4232,174.0546,3:01:42:198552,1394
316.4232,173.7632,3:01:42:202552,1398
316.4232,173.5008,3:01:42:207037,1394
316.4232,173.2968,3:01:42:211045,1394
317.284,173.2093,3:01:42:215047,1398
317.284,173.151,3:01:42:219047,1394
318.1447,173.151,3:01:42:222056,1410
318.7104,173.151,3:01:42:226544,1438
319.399,173.151,3:01:42:230535,1470
320.186,173.151,3:01:42:234491,1513
321.0222,173.151,3:01:42:238568,1556
321.9814,173.7632,3:01:42:242988,1614
323.0881,173.7632,3:01:42:246504,1697
324.367,173.7632,3:01:42:251041,1797
325.8918,174.521,3:01:42:255041,1913
327.6871,174.521,3:01:42:259041,2021
329.8514,175.1332,3:01:42:263041,2129
332.4829,175.1332,3:01:42:267058,2229
335.6063,175.7162,3:01:42:271108,2328
339.2954,176.0077,3:01:42:275108,2429
343.5993,176.2701,3:01:42:279108,2536
348.518,176.5616,3:01:42:283108,2652
354.1992,176.853,3:01:42:286992,2784
360.6182,177.2029,3:01:42:291002,2934
367.652,177.6109,3:01:42:295002,3078
375.3498,178.1065,3:01:42:299000,3215
383.7363,178.7186,3:01:42:303024,3332
392.6638,179.4182,3:01:42:306523,3416
402.1078,180.2928,3:01:42:310522,3474
412.0191,181.3713,3:01:42:314524,3512
422.0042,182.5665,3:01:42:318524,3535
432.0384,183.7908,3:01:42:322579,3547
442.0973,185.0733,3:01:42:327381,3557
451.861,186.3851,3:01:42:331391,3567
461.2066,187.6677,3:01:42:335391,3568
470.0112,188.9211,3:01:42:338432,3572
478.1763,190.0289,3:01:42:342389,3574
485.6036,190.9908,3:01:42:347036,3599
492.3669,191.807,3:01:42:350659,3683
498.3677,192.4774,3:01:42:354723,3795
503.6308,192.973,3:01:42:358648,3913
507.8609,193.2937,3:01:42:362646,4029
511.427,193.556,3:01:42:366987,4130
514.2061,193.6726,3:01:42:371051,4270
516.3458,193.6726,3:01:42:375051,4476
517.846,193.6726,3:01:42:379051,4707
518.7806,193.6726,3:01:42:382052,4944
519.2971,193.6726,3:01:42:387045,5165
519.5184,192.9147,3:01:42:391053,5347
519.6414,192.9147,3:01:42:395055,5542
519.6414,192.3026,3:01:42:399055,5723
519.6414,192.3026,3:01:42:403055,5871
519.6414,191.6613,3:01:42:407087,5993
519.6414,191.6613,3:01:42:411065,6047
519.6414,191.1657,3:01:42:414067,6067
519.6414,191.1657,3:01:42:419065,6060
519.1249,191.1657,3:01:42:422646,6043
519.1249,191.1657,3:01:42:426859,6015
519.1249,191.1657,3:01:42:430870,5982
519.1249,191.1657,3:01:42:434906,5948
519.1249,191.1657,3:01:42:438871,5915
519.1249,191.1657,3:01:42:442939,5894
519.1249,191.1657,3:01:42:446217,5873
519.1249,191.1657,3:01:42:451039,5868
519.6168,191.1657,3:01:42:455047,5859
519.6168,191.1657,3:01:42:459049,5851
519.6168,191.7195,3:01:42:463046,5851
519.6168,191.7195,3:01:42:467049,5838
519.6168,191.7195,3:01:42:471038,5825
519.6168,192.1859,3:01:42:475037,5808
519.6168,192.1859,3:01:42:478429,5782
519.6168,192.1859,3:01:42:482429,5752
519.6168,192.1859,3:01:42:486447,5694
519.6168,192.1859,3:01:42:490429,5580
519.6168,192.4774,3:01:42:495038,5364
519.6168,192.4774,3:01:42:498401,5055
519.6168,192.4774,3:01:42:502344,4648
519.6168,192.4774,3:01:42:506345,4133
519.6168,192.4774,3:01:42:510436,3527
519.6168,192.4774,3:01:42:515040,2722
519.6168,192.4774,3:01:42:518994,1736
519.6168,192.4774,3:01:42:522516,924
519.6168,192.4774,3:01:42:526528,0
519.6168,192.4774,3:01:42:530525,0
520.1824,192.4774,3:01:42:535033,0
520.1824,191.9236,3:01:42:539039,0
520.748,191.9236,3:01:42:543037,0
521.2399,191.9236,3:01:42:547038,0
521.781,191.4572,3:01:42:550358,0
522.4942,191.4572,3:01:42:555322,0
523.4042,191.4572,3:01:42:558306,0
524.3879,191.0782,3:01:42:562306,0
525.6668,191.0782,3:01:42:566722,0
527.0441,191.0782,3:01:42:570823,0
528.7656,191.0782,3:01:42:574724,0
530.5856,191.0782,3:01:42:578719,0
530.5856,191.0782,3:01:42:597038,0
