285.6318,192.973,2:56:55:944248,0
285.6318,192.973,2:56:55:948463,0
285.6318,192.973,2:56:55:966623,0
287.2058,198.22,2:56:56:028013,0
288.1896,198.22,2:56:56:032013,0
289.2471,198.22,2:56:56:036132,0
290.4768,198.22,2:56:56:040461,0
291.8294,198.22,2:56:56:043585,0
293.1821,199.1528,2:56:56:047524,0
294.6577,199.1528,2:56:56:051493,0
296.1088,199.8524,2:56:56:055519,0
297.6336,199.8524,2:56:56:060165,0
298.0763,200.5811,2:56:56:063725,0
298.4698,200.5811,2:56:56:067761,0
298.4698,200.5811,2:56:56:071693,0
298.8878,201.0767,2:56:56:075679,0
298.8878,201.0767,2:56:56:080312,0
298.8878,201.0767,2:56:56:083394,0
299.0846,201.0767,2:56:56:087353,0
299.0846,201.0767,2:56:56:091336,0
299.2813,201.0767,2:56:56:096321,0
299.2813,201.0767,2:56:56:100166,0
299.5273,201.0767,2:56:56:104340,0
299.7486,201.0767,2:56:56:107618,0
300.0683,201.0767,2:56:56:111604,0
300.3389,201.0767,2:56:56:115595,0
300.7078,201.7471,2:56:56:119605,0
301.1259,201.7471,2:56:56:124008,0
301.4948,201.7471,2:56:56:128420,0
302.0113,202.4759,2:56:56:131750,0
302.4048,202.4759,2:56:56:135900,0
302.9458,203.0589,2:56:56:139750,0
303.3639,203.0589,2:56:56:143876,0
303.8804,203.7002,2:56:56:148030,0
304.3231,204.0208,2:56:56:152040,0
304.8149,204.3415,2:56:56:156040,0
305.4052,204.633,2:56:56:160051,0
305.9955,204.8954,2:56:56:164040,0
306.6349,205.0994,2:56:56:168312,0
307.2497,205.216,2:56:56:171337,0
307.9384,205.3326,2:56:56:175336,0
308.6024,205.3618,2:56:56:179423,0
309.2172,205.3618,2:56:56:183423,0
309.7829,205.3618,2:56:56:188453,0
310.2993,205.3618,2:56:56:191465,0
310.7666,205.3618,2:56:56:195662,0
311.2093,205.3618,2:56:56:199594,0
311.6274,205.3618,2:56:56:203598,0
311.9963,204.7496,2:56:56:207954,0
312.3406,204.7496,2:56:56:211649,0
312.7095,204.7496,2:56:56:215701,0
313.0538,204.1958,2:56:56:219651,0
313.4719,204.1958,2:56:56:223805,0
313.8654,203.7002,2:56:56:227451,0
314.3081,203.7002,2:56:56:232322,0
314.7754,203.1463,2:56:56:235424,0
315.2181,202.8548,2:56:56:239427,0
315.6854,202.5634,2:56:56:244099,0
316.0789,202.2135,2:56:56:248066,0
316.4724,201.8929,2:56:56:252129,0
316.7675,201.5431,2:56:56:256142,0
316.9888,201.1933,2:56:56:260141,0
317.1856,200.7852,2:56:56:264142,0
317.3086,200.4063,2:56:56:267140,0
317.4561,200.0273,2:56:56:272110,0
317.5791,199.59,2:56:56:276342,0
317.7021,199.1236,2:56:56:279387,0
317.8988,198.6281,2:56:56:283366,0
318.1447,198.0742,2:56:56:287358,0
318.4399,197.5204,2:56:56:291466,0
318.7842,196.9666,2:56:56:296170,0
319.1777,196.3253,2:56:56:299299,0
319.5958,195.7131,2:56:56:303204,0
320.0139,195.101,2:56:56:307195,0
320.4566,194.6054,2:56:56:311180,0
320.8747,194.0807,2:56:56:316162,0
321.2436,193.5851,2:56:56:320165,0
321.5141,193.177,2:56:56:323405,0
321.76,192.8273,2:56:56:327396,0
321.9076,192.4774,2:56:56:331305,0
321.9568,192.2151,2:56:56:335308,0
321.9568,191.9527,2:56:56:340037,0
321.9568,191.7487,2:56:56:343964,0
321.9568,191.4863,2:56:56:347894,0
321.1206,191.3114,2:56:56:351984,0
321.1206,191.0782,2:56:56:355895,0
320.186,190.845,2:56:56:359896,0
319.6696,190.641,2:56:56:363872,0
319.1777,190.4078,2:56:56:368182,0
318.6366,190.2038,2:56:56:372586,0
318.1201,189.9997,2:56:56:376102,0
317.6529,189.8248,2:56:56:380103,0
317.1856,189.6207,2:56:56:384104,0
316.7429,189.475,2:56:56:388101,0
316.3248,189.3293,2:56:56:392150,0
315.9559,189.1835,2:56:56:396161,0
315.6854,189.0669,2:56:56:400161,0
315.4394,188.892,2:56:56:403332,0
315.2673,188.7462,2:56:56:408159,0
315.2673,188.5714,2:56:56:412052,0
315.2673,188.3673,2:56:56:415881,0
315.2673,188.1049,2:56:56:419731,0
315.2673,187.9301,2:56:56:423738,0
315.2673,187.6677,2:56:56:427726,0
316.0051,187.3762,2:56:56:431922,0
316.0051,187.143,2:56:56:436008,0
316.6199,186.8515,2:56:56:439946,0
316.6199,186.6474,2:56:56:443944,0
317.284,186.4142,2:56:56:447937,0
317.284,186.1519,2:56:56:451937,0
317.8742,185.8895,2:56:56:456090,0
317.8742,185.6855,2:56:56:460033,0
318.4399,185.4231,2:56:56:464044,0
318.7104,185.1608,2:56:56:468045,0
318.9563,184.8985,2:56:56:472043,0
319.2023,184.6653,2:56:56:476043,0
319.399,184.4612,2:56:56:479188,0
319.5466,184.2572,2:56:56:484207,0
319.6696,183.9948,2:56:56:487209,0
319.7679,183.7616,2:56:56:491991,0
319.7679,183.5284,2:56:56:496008,1707
319.7679,183.2952,2:56:56:500006,1710
319.7679,183.1203,2:56:56:504006,1717
319.7679,182.9454,2:56:56:508029,1724
319.7679,182.7413,2:56:56:512040,1731
319.7679,182.5956,2:56:56:515229,1735
319.7679,182.5373,2:56:56:520190,1731
319.7679,182.5373,2:56:56:524190,1727
319.7679,182.5373,2:56:56:528193,1715
319.7679,182.5373,2:56:56:531935,1704
319.7679,182.5373,2:56:56:535926,1703
319.7679,182.5373,2:56:56:539926,1703
319.7679,182.5373,2:56:56:543986,1721
319.3007,183.1494,2:56:56:548031,1775
319.3007,183.1494,2:56:56:551162,1833
318.7104,184.0531,2:56:56:556168,1901
318.2185,184.7236,2:56:56:560163,1969
317.5545,185.4523,2:56:56:564164,2024
316.7429,186.2977,2:56:56:568749,2077
315.7346,187.2305,2:56:56:571565,2133
314.5541,188.1633,2:56:56:576504,2188
313.2014,189.0378,2:56:56:579662,2243
311.775,189.8539,2:56:56:583517,2293
310.2502,190.5535,2:56:56:588191,2351
308.6516,191.1074,2:56:56:591821,2424
307.0038,191.603,2:56:56:595719,2502
305.3806,191.9236,2:56:56:599763,2585
303.8066,192.0402,2:56:56:603706,2662
302.3802,192.0402,2:56:56:607375,2727
301.0275,192.0402,2:56:56:611388,2780
299.8224,192.0402,2:56:56:615494,2826
298.7157,191.0491,2:56:56:619375,2859
297.8057,191.0491,2:56:56:623863,2877
297.0679,189.7082,2:56:56:627395,2884
296.4777,188.892,2:56:56:631405,2888
295.9366,187.9592,2:56:56:635394,2889
295.6169,186.9389,2:56:56:639413,2894
295.4447,185.7438,2:56:56:643607,2896
295.3709,184.5486,2:56:56:647607,2901
295.3709,183.2661,2:56:56:651613,2901
295.3709,181.9252,2:56:56:655813,2899
296.4777,180.5551,2:56:56:660471,2893
297.1663,179.185,2:56:56:663551,2882
298.0271,177.9025,2:56:56:667495,2873
299.0846,176.5907,2:56:56:671569,2864
300.3389,175.483,2:56:56:675871,2855
301.7899,174.3753,2:56:56:679949,2855
303.2409,173.4425,2:56:56:684161,2852
304.7903,172.6846,2:56:56:688172,2850
306.2414,172.0141,2:56:56:691327,2847
307.8154,171.5186,2:56:56:695269,2840
309.2418,171.198,2:56:56:699252,2839
310.6436,171.0813,2:56:56:703932,2835
311.9225,171.0813,2:56:56:707932,2833
313.1276,171.0813,2:56:56:710943,2836
314.2835,171.8684,2:56:56:715932,2835
315.3903,172.5972,2:56:56:719913,2837
316.5216,173.5591,2:56:56:723769,2843
317.5791,174.8125,2:56:56:727722,2853
318.7104,176.4449,2:56:56:731815,2869
319.8417,178.5146,2:56:56:735790,2887
320.9976,180.9341,2:56:56:739805,2903
322.1043,183.7616,2:56:56:743623,2910
323.2111,186.8515,2:56:56:747621,2920
324.2932,190.2329,2:56:56:751620,2928
325.3015,193.7309,2:56:56:755816,2936
326.2361,197.4912,2:56:56:759946,2945
327.0477,201.1933,2:56:56:764083,2947
327.7117,204.8371,2:56:56:767270,2962
328.2036,208.5391,2:56:56:771270,2977
328.5479,212.2411,2:56:56:775380,2990
328.6955,215.9432,2:56:56:779335,3004
328.6955,219.6161,2:56:56:783881,3008
328.6955,223.2598,2:56:56:787940,3017
327.9331,226.7578,2:56:56:791941,3031
327.2444,230.1393,2:56:56:795941,3044
326.3591,233.3166,2:56:56:799940,3066
325.3015,236.319,2:56:56:803837,3080
324.0718,239.03,2:56:56:807308,3091
322.7438,241.4494,2:56:56:811211,3111
321.2928,243.6357,2:56:56:815295,3122
319.7433,245.6179,2:56:56:819211,3139
318.1693,247.3378,2:56:56:823992,3159
316.5461,248.941,2:56:56:827001,3175
314.8738,250.3111,2:56:56:831004,3194
313.2506,251.5062,2:56:56:835004,3218
311.5782,252.4099,2:56:56:840059,3241
309.9305,253.1386,2:56:56:843394,3269
308.3073,253.6342,2:56:56:847404,3294
306.6595,253.8674,2:56:56:851394,3318
305.0855,253.8674,2:56:56:855396,3340
303.5852,253.8674,2:56:56:859720,3361
302.208,253.1386,2:56:56:863693,3379
300.9045,252.3807,2:56:56:867690,3386
299.7486,251.3896,2:56:56:871704,3390
298.7157,250.1944,2:56:56:875897,3389
297.8795,248.7952,2:56:56:879207,3385
297.2892,247.2503,2:56:56:883194,3385
296.8466,245.5013,2:56:56:887191,3380
296.6252,243.6357,2:56:56:891191,3375
296.6252,241.7118,2:56:56:895384,3370
296.6252,239.8462,2:56:56:899388,3364
297.4368,237.9806,2:56:56:903384,3359
298.15,236.2025,2:56:56:907384,3354
299.1584,234.6283,2:56:56:911952,3345
300.3389,233.1709,2:56:56:915952,3336
301.7407,231.9465,2:56:56:919952,3331
303.3393,230.9846,2:56:56:923952,3329
305.0609,230.3141,2:56:56:927086,3331
306.93,229.9935,2:56:56:931095,3338
308.9959,229.9935,2:56:56:935096,3341
311.1109,229.9935,2:56:56:939096,3344
313.2998,230.9554,2:56:56:943145,3349
315.4886,231.9465,2:56:56:947460,3353
317.6529,233.2874,2:56:56:951457,3362
319.7679,234.8615,2:56:56:956457,3370
321.8338,236.698,2:56:56:960457,3380
323.7767,238.6802,2:56:56:963793,3385
325.5721,240.7498,2:56:56:967841,3392
327.2444,242.9361,2:56:56:971839,3399
328.7939,245.1515,2:56:56:975839,3400
330.2695,247.3378,2:56:56:979839,3416
331.5729,249.6406,2:56:56:983775,3427
332.778,252.0018,2:56:56:987831,3441
333.8602,254.4795,2:56:56:991783,3451
334.8193,256.9864,2:56:56:995783,3454
335.7293,259.4641,2:56:56:999784,3456
336.5409,261.9419,2:56:57:003876,3455
337.2295,264.303,2:56:57:006888,3460
337.8198,266.635,2:56:57:011885,3460
338.3362,268.7921,2:56:57:015885,3466
338.7543,270.6286,2:56:57:019887,3468
339.1478,272.2318,2:56:57:023502,3472
339.4921,273.6019,2:56:57:027410,3472
339.7627,274.6222,2:56:57:031410,3470
340.0332,275.4092,2:56:57:035412,3468
340.2299,275.9339,2:56:57:039820,3466
340.4267,276.1963,2:56:57:043830,3416
340.5988,276.1963,2:56:57:047830,3293
340.8202,276.1963,2:56:57:051829,3095
341.0415,275.176,2:56:57:055960,2813
341.3367,274.2141,2:56:57:059971,2485
341.6318,272.9606,2:56:57:063970,2092
342.0499,271.3865,2:56:57:067970,1584
342.5172,269.346,2:56:57:071970,999
343.0336,266.7808,2:56:57:075885,509
343.5747,264.0115,2:56:57:079309,0
344.1404,260.8925,2:56:57:083309,0
344.7306,257.4819,2:56:57:087314,0
345.3208,253.7507,2:56:57:091306,0
345.9357,249.7572,2:56:57:095319,0
346.5751,245.5013,2:56:57:099318,0
347.1654,241.0997,2:56:57:103319,0
347.8294,236.7271,2:56:57:107363,0
348.518,232.3255,2:56:57:111882,0
349.1575,228.0113,2:56:57:115178,0
349.7969,223.872,2:56:57:120188,0
350.4117,219.9659,2:56:57:123191,0
351.0512,216.3221,2:56:57:127300,0
351.5923,212.9991,2:56:57:131882,0
352.1333,210.0257,2:56:57:135183,0
352.576,207.4023,2:56:57:139182,0
352.9203,205.0119,2:56:57:143306,0
353.1417,202.8257,2:56:57:147182,0
353.2646,200.9018,2:56:57:151885,0
353.2646,199.1528,2:56:57:155895,0
353.2646,197.5495,2:56:57:159893,0
353.2646,196.1212,2:56:57:163893,0
352.3546,194.7803,2:56:57:167893,0
351.8136,193.5269,2:56:57:171885,0
351.1988,192.3317,2:56:57:175850,0
350.4855,191.2531,2:56:57:179850,0
349.7477,190.2621,2:56:57:183804,0
349.0345,189.271,2:56:57:187801,0
348.2967,188.2507,2:56:57:191832,0
347.5835,187.2887,2:56:57:195882,1861
346.8948,186.4142,2:56:57:199660,1865
346.2308,185.5981,2:56:57:203660,1866
345.6652,184.8985,2:56:57:207670,1871
345.2225,184.3154,2:56:57:211657,1894
344.8781,183.7616,2:56:57:215961,1921
344.6076,183.3535,2:56:57:219822,1967
344.4601,183.0912,2:56:57:223821,2003
344.4601,182.9454,2:56:57:227851,2020
344.4601,182.9454,2:56:57:231851,2031
344.4601,182.9454,2:56:57:235890,2029
345.2717,182.9454,2:56:57:239133,2033
345.8619,182.9454,2:56:57:243196,2042
346.5997,183.7033,2:56:57:247135,2041
347.5835,183.7033,2:56:57:251135,2041
348.7394,184.811,2:56:57:255779,2043
350.092,185.5689,2:56:57:260227,2044
351.6414,186.4434,2:56:57:264245,2055
353.2892,187.5219,2:56:57:267334,2069
355.06,188.7462,2:56:57:271336,2075
356.7569,190.1163,2:56:57:275887,2092
358.4539,191.603,2:56:57:279624,2104
360.0033,193.177,2:56:57:283567,2113
361.4297,194.8969,2:56:57:287573,2130
362.6594,196.6167,2:56:57:291580,2141
363.717,198.4532,2:56:57:295892,2159
364.4794,200.2605,2:56:57:300016,2192
364.9467,202.1552,2:56:57:304017,2249
365.2418,204.0791,2:56:57:308015,2310
365.291,206.0031,2:56:57:312016,2378
365.291,207.9561,2:56:57:315837,2451
365.291,209.9966,2:56:57:319800,2511
364.2088,212.0371,2:56:57:323841,2586
363.5448,214.1359,2:56:57:327840,2662
362.7578,216.293,2:56:57:331833,2741
361.8478,218.4501,2:56:57:335881,2821
360.9379,220.578,2:56:57:339427,2883
360.0279,222.7352,2:56:57:343430,2939
359.118,224.8048,2:56:57:347428,2974
358.2572,226.8453,2:56:57:351509,3002
357.421,228.7984,2:56:57:355719,3029
356.6832,230.6931,2:56:57:359757,3053
356.0929,232.4421,2:56:57:363739,3073
355.6502,234.0162,2:56:57:367742,3086
355.4043,235.5029,2:56:57:371739,3097
355.4043,236.8729,2:56:57:375831,3104
355.4043,238.0972,2:56:57:379882,3118
355.4043,239.2049,2:56:57:383484,3135
356.1667,240.196,2:56:57:387377,3149
356.7815,241.0122,2:56:57:391422,3163
357.5439,241.7118,2:56:57:395455,3172
358.4047,242.3239,2:56:57:399873,3181
359.3393,242.6738,2:56:57:403438,3192
360.3722,242.907,2:56:57:407528,3202
361.5773,242.9944,2:56:57:411410,3212
362.8562,242.9944,2:56:57:415446,3217
364.1597,242.9944,2:56:57:419831,3223
365.5369,241.945,2:56:57:423525,3227
366.9633,241.1579,2:56:57:427399,3233
368.4144,240.2543,2:56:57:431399,3238
369.9146,239.1174,2:56:57:435399,3237
371.4148,237.8057,2:56:57:439414,3240
372.8167,236.2316,2:56:57:443759,3242
374.1201,234.4534,2:56:57:447761,3242
375.3498,232.4421,2:56:57:451761,3241
376.4319,230.0518,2:56:57:455760,3234
377.4649,227.5449,2:56:57:459810,3236
378.3503,224.7757,2:56:57:463883,3239
379.0635,221.9189,2:56:57:467830,3241
379.6783,218.8873,2:56:57:471838,3242
380.1702,215.7975,2:56:57:475838,3229
380.5637,212.7076,2:56:57:479838,3221
380.8588,209.6759,2:56:57:483840,3212
381.0556,206.7318,2:56:57:487471,3208
381.1539,203.9334,2:56:57:492389,3207
381.1539,201.3099,2:56:57:496950,3209
381.1539,198.7447,2:56:57:499959,3224
381.1539,196.471,2:56:57:503960,3266
381.1539,194.4597,2:56:57:507959,3339
381.1539,192.7398,2:56:57:510960,3445
380.4653,191.3406,2:56:57:515881,3565
380.4653,190.2621,2:56:57:519423,3672
380.4653,189.4458,2:56:57:523421,3747
379.9734,188.892,2:56:57:527548,3782
379.9734,188.6005,2:56:57:531420,3787
379.9734,188.4547,2:56:57:535349,3775
379.9734,188.4256,2:56:57:539359,3763
379.9734,188.4256,2:56:57:543359,3747
379.9734,188.4256,2:56:57:548358,3744
379.9734,189.6207,2:56:57:551874,3742
379.9734,190.641,2:56:57:555464,3748
379.9734,191.9527,2:56:57:559462,3764
379.9734,193.6434,2:56:57:563461,3774
379.9734,195.6548,2:56:57:567461,3790
379.9734,198.1034,2:56:57:571878,3806
379.9734,200.7852,2:56:57:575506,3819
379.9734,203.6419,2:56:57:579516,3845
379.9734,206.6152,2:56:57:583602,3888
379.9734,209.88,2:56:57:587528,3935
380.3915,213.4072,2:56:57:591876,3982
380.3915,217.08,2:56:57:596427,4019
380.3915,220.8696,2:56:57:599433,4036
380.3915,224.7757,2:56:57:603434,4044
380.3915,228.6526,2:56:57:607495,4056
380.3915,232.4713,2:56:57:611645,4065
380.3915,236.2025,2:56:57:615643,4072
380.3915,239.6713,2:56:57:619630,4080
380.3915,242.907,2:56:57:623671,4080
380.3915,245.7928,2:56:57:627710,4091
379.8013,248.5329,2:56:57:631359,4101
379.8013,251.0981,2:56:57:635360,4109
379.8013,253.5175,2:56:57:639360,4121
379.211,255.8204,2:56:57:643360,4122
379.211,257.9775,2:56:57:647380,4125
378.7683,259.9597,2:56:57:652216,4127
378.7683,261.7961,2:56:57:655347,4129
378.3748,263.4868,2:56:57:660228,4130
378.3748,264.9443,2:56:57:663332,4130
378.0305,266.1104,2:56:57:667225,4130
378.0305,267.0432,2:56:57:671830,4127
377.8092,267.7719,2:56:57:675220,4126
377.8092,268.2675,2:56:57:679220,4120
377.8092,268.5881,2:56:57:683223,4116
377.8092,268.7047,2:56:57:687280,4112
377.8092,268.7047,2:56:57:691888,4089
377.8092,268.7047,2:56:57:695198,3976
378.3748,267.6844,2:56:57:700193,3740
378.3748,266.8099,2:56:57:703191,3376
379.1618,265.7606,2:56:57:707191,2863
379.6537,264.3322,2:56:57:711389,2186
380.2194,262.5249,2:56:57:715392,1395
380.8342,260.5427,2:56:57:719451,733
381.4737,258.2398,2:56:57:723517,0
382.0639,255.7621,2:56:57:727823,0
382.6296,253.0803,2:56:57:731833,0
383.2198,250.2819,2:56:57:735832,0
383.8101,247.3086,2:56:57:739833,0
384.4249,244.3645,2:56:57:744063,0
385.0889,241.4203,2:56:57:747186,0
385.753,238.4762,2:56:57:751075,0
386.5154,235.5903,2:56:57:756073,0
387.327,232.6753,2:56:57:759072,0
388.1877,229.9061,2:56:57:764126,0
389.0485,227.2242,2:56:57:767837,0
389.9585,224.6882,2:56:57:771839,0
390.7947,222.2104,2:56:57:775838,0
391.5571,219.8493,2:56:57:779837,0
392.3441,217.5173,2:56:57:783876,0
393.0573,215.3019,2:56:57:787888,0
393.7705,213.1448,2:56:57:791888,0
394.4346,211.0751,2:56:57:795887,0
395.074,209.0929,2:56:57:799911,0
395.6396,207.1399,2:56:57:803879,0
396.2791,205.216,2:56:57:807880,0
396.9185,203.2921,2:56:57:811168,0
397.4842,201.3974,2:56:57:815190,2061
397.9761,199.5609,2:56:57:819264,2107
398.4188,197.8119,2:56:57:823170,2192
398.7877,196.267,2:56:57:827600,2345
399.132,194.8969,2:56:57:831698,2536
399.4025,193.7892,2:56:57:835599,2688
399.5746,192.8855,2:56:57:839605,2799
399.6976,192.3026,2:56:57:844019,2838
399.7714,192.011,2:56:57:847533,2834
399.8206,191.8945,2:56:57:851533,2826
399.8944,191.8945,2:56:57:855532,2828
399.9436,192.6232,2:56:57:859536,2838
400.0173,193.556,2:56:57:863877,2874
400.1157,194.8094,2:56:57:867830,2926
400.2141,196.5585,2:56:57:871722,2993
400.2879,198.7738,2:56:57:875635,3077
400.3863,201.4848,2:56:57:879632,3157
400.4846,204.8079,2:56:57:883740,3241
400.5584,208.7431,2:56:57:887995,3310
400.583,213.1156,2:56:57:890999,3362
400.583,217.7796,2:56:57:895997,3405
400.583,222.5894,2:56:57:898996,3423
400.583,227.4574,2:56:57:903980,3442
400.6322,232.2672,2:56:57:906990,3463
400.706,237.0186,2:56:57:911989,3487
400.8044,241.4494,2:56:57:915987,3520
400.9273,245.5304,2:56:57:919991,3546
401.0749,249.2325,2:56:57:923885,3572
401.1978,252.6431,2:56:57:927478,3588
401.37,255.7912,2:56:57:931479,3592
401.493,258.7646,2:56:57:935478,3601
401.5667,261.5046,2:56:57:939478,3604
401.6159,264.0115,2:56:57:943827,3604
401.6405,266.2561,2:56:57:947363,3606
401.6405,268.2675,2:56:57:952361,3599
401.6651,269.9582,2:56:57:955422,3597
401.6651,271.3865,2:56:57:959368,3589
401.6651,272.4359,2:56:57:963851,3503
401.6651,273.2521,2:56:57:967849,3278
401.6651,273.7477,2:56:57:971759,2871
401.6651,273.9808,2:56:57:975759,2165
401.6651,273.9808,2:56:57:979880,1351
401.6651,273.9808,2:56:57:983832,679
402.5997,272.6982,2:56:57:987727,0
403.1407,271.678,2:56:57:991729,0
403.8294,270.3662,2:56:57:995809,0
404.6656,268.8504,2:56:57:999879,0
405.7231,267.1889,2:56:58:003183,0
406.879,265.4399,2:56:58:007283,0
408.1333,263.7492,2:56:58:011181,0
409.5105,262.1168,2:56:58:015180,0
410.9861,260.5427,2:56:58:019879,0
412.511,259.0561,2:56:58:023192,0
414.0604,257.7443,2:56:58:027211,0
415.659,256.52,2:56:58:033193,0
417.233,255.3831,2:56:58:035192,0
418.7824,254.2463,2:56:58:039981,0
420.258,253.0511,2:56:58:043989,0
421.6107,251.9143,2:56:58:046990,0
422.8158,250.7483,2:56:58:051017,0
423.9225,249.6115,2:56:58:054990,0
424.857,248.3871,2:56:58:059995,0
425.5948,247.0754,2:56:58:063879,0
426.2343,245.7928,2:56:58:067889,0
426.6524,244.3936,2:56:58:071889,0
427.0459,242.907,2:56:58:075886,0
427.2426,241.3911,2:56:58:079889,0
427.3656,239.7296,2:56:58:083879,0
427.3656,237.9806,2:56:58:087193,0
427.3656,236.1441,2:56:58:091291,0
427.3656,234.2494,2:56:58:095227,0
427.3656,232.2381,2:56:58:099280,0
427.3656,230.1976,2:56:58:103876,0
427.3656,228.1862,2:56:58:108182,0
426.8491,226.1457,2:56:58:111179,0
426.8491,224.1344,2:56:58:115234,0
426.8491,222.327,2:56:58:119269,0
426.8491,220.5489,2:56:58:123378,0
426.8491,218.8873,2:56:58:127424,0
427.6361,217.2841,2:56:58:131488,0
427.6361,215.7975,2:56:58:135461,0
428.3247,214.3691,2:56:58:139889,0
428.3247,213.0282,2:56:58:143343,0
429.1609,211.7747,2:56:58:147497,0
429.6528,210.4339,2:56:58:151446,0
430.1693,209.1804,2:56:58:155446,0
430.6366,207.8978,2:56:58:159526,0
431.1284,206.6152,2:56:58:163832,0
431.6203,205.3618,2:56:58:167828,0
432.1614,204.1375,2:56:58:171007,0
432.6779,202.9131,2:56:58:175968,0
433.1451,201.6888,2:56:58:179042,0
433.637,200.5228,2:56:58:182971,0
434.1043,199.4151,2:56:58:187827,0
434.5224,198.3366,2:56:58:191521,0
434.9405,197.3746,2:56:58:195827,0
435.2848,196.5293,2:56:58:199836,0
435.5553,195.8297,2:56:58:203837,0
435.7521,195.2175,2:56:58:207837,0
435.8996,194.8094,2:56:58:211876,0
435.9734,194.4597,2:56:58:215184,0
435.9734,194.2265,2:56:58:219285,0
435.9734,194.0807,2:56:58:223240,2337
435.9734,194.0515,2:56:58:227241,2334
435.9734,194.0515,2:56:58:231243,2331
435.9734,194.0515,2:56:58:235828,2330
435.9734,194.8094,2:56:58:239878,2334
435.4569,195.5674,2:56:58:243877,2356
435.4569,196.6167,2:56:58:246887,2404
435.4569,197.9868,2:56:58:251887,2464
435.4569,199.6775,2:56:58:255894,2544
434.9651,201.6597,2:56:58:259888,2630
434.9651,203.9626,2:56:58:263885,2701
434.9651,206.5278,2:56:58:267666,2787
434.9651,209.1804,2:56:58:271623,2858
434.9651,212.1537,2:56:58:275740,2914
434.9651,215.3311,2:56:58:279651,2961
435.6045,218.6541,2:56:58:283880,2984
435.6045,222.0938,2:56:58:287895,2998
436.3423,225.621,2:56:58:291903,3008
436.3423,229.0607,2:56:58:295890,3015
437.1785,232.4713,2:56:58:300174,3020
437.1785,235.7943,2:56:58:303272,3024
437.8179,238.9134,2:56:58:307228,3026
437.8179,241.7993,2:56:58:311184,3032
437.8179,244.5102,2:56:58:315185,3036
437.8179,246.9296,2:56:58:319431,3047
437.8179,249.2325,2:56:58:323386,3057
437.8179,251.4187,2:56:58:327389,3066
436.908,253.4884,2:56:58:331386,3076
436.1948,255.4123,2:56:58:335871,3079
435.2848,257.1613,2:56:58:339881,3083
434.2273,258.6771,2:56:58:343880,3084
433.0222,259.9305,2:56:58:347880,3084
431.6449,261.0091,2:56:58:352166,3082
430.2185,261.7379,2:56:58:356110,3084
428.7429,262.0876,2:56:58:360110,3088
427.2918,262.0876,2:56:58:363110,3086
425.8162,262.0876,2:56:58:367109,3086
424.4143,260.8342,2:56:58:372217,3084
423.1355,259.7556,2:56:58:375498,3087
421.955,258.5313,2:56:58:379528,3105
420.9466,257.1321,2:56:58:383586,3143
420.1104,255.6455,2:56:58:387611,3190
419.3726,254.1297,2:56:58:391827,3233
418.8807,252.6431,2:56:58:395886,3285
418.561,251.2439,2:56:58:399103,3325
418.4135,249.903,2:56:58:403103,3370
418.4135,248.6495,2:56:58:407182,3412
418.4135,247.3086,2:56:58:411103,3436
419.0775,246.0551,2:56:58:415925,3448
419.7169,244.8308,2:56:58:419797,3448
420.5285,243.6066,2:56:58:423834,3447
421.4631,242.4114,2:56:58:427796,3448
422.5944,241.2162,2:56:58:431794,3446
423.9471,240.0211,2:56:58:435879,3444
425.4719,238.7968,2:56:58:439890,3440
427.1689,237.6017,2:56:58:442971,3438
428.9396,236.4357,2:56:58:447888,3439
430.8333,235.2405,2:56:58:452129,3440
432.7762,233.987,2:56:58:456147,3443
434.8667,232.7336,2:56:58:460137,3445
436.9572,231.3927,2:56:58:465138,3446
438.9984,229.9935,2:56:58:468188,3441
440.9659,228.536,2:56:58:471878,3440
442.8596,226.9619,2:56:58:475871,3441
444.655,225.2421,2:56:58:479874,3435
446.3028,223.4639,2:56:58:483871,3442
447.8768,221.6274,2:56:58:487070,3444
449.3032,219.7036,2:56:58:491080,3445
450.6559,217.6631,2:56:58:495082,3449
451.861,215.5351,2:56:58:499082,3444
452.9185,213.378,2:56:58:504043,3436
453.9268,211.2209,2:56:58:507053,3427
454.8614,209.0929,2:56:58:514054,3419
455.6976,207.0816,2:56:58:515069,3410
456.4354,205.1868,2:56:58:519054,3411
457.0748,203.5253,2:56:58:523664,3421
457.6159,202.097,2:56:58:527665,3444
457.9848,200.9892,2:56:58:531665,3471
458.3291,200.1147,2:56:58:535663,3496
458.6242,199.5609,2:56:58:540031,3507
458.7718,199.1819,2:56:58:543040,3502
458.7964,199.0362,2:56:58:547041,3493
458.7964,199.0362,2:56:58:551061,3486
458.7964,199.0362,2:56:58:555078,3516
458.7964,200.1439,2:56:58:559822,3580
458.7964,201.1059,2:56:58:563289,3687
458.1815,202.4467,2:56:58:567333,3826
458.1815,204.1958,2:56:58:571381,3976
457.5913,206.3237,2:56:58:575296,4132
457.5913,209.0055,2:56:58:579821,4284
456.9765,212.0954,2:56:58:583186,4430
456.9765,215.6225,2:56:58:587186,4560
456.583,219.412,2:56:58:591182,4675
456.583,223.3473,2:56:58:595287,4760
456.583,227.4574,2:56:58:599814,4820
456.583,231.5676,2:56:58:603118,4857
457.247,235.6486,2:56:58:607077,4871
457.247,239.6422,2:56:58:611008,4878
458.0586,243.3734,2:56:58:615016,4891
458.0586,246.9879,2:56:58:619863,4900
458.8702,250.4276,2:56:58:623871,4910
458.8702,253.7216,2:56:58:627874,4927
459.5096,256.899,2:56:58:631874,4929
459.5096,259.9305,2:56:58:635871,4928
460.0261,262.8164,2:56:58:639885,4919
460.0261,265.5857,2:56:58:643887,4909
460.3212,268.2383,2:56:58:647885,4897
460.3212,270.6286,2:56:58:651888,4887
460.5426,272.7857,2:56:58:655721,4866
460.5426,274.6805,2:56:58:659808,4741
460.5426,276.2545,2:56:58:664730,4470
460.6655,277.5955,2:56:58:667830,4013
460.6655,278.674,2:56:58:671744,3354
460.6655,279.4902,2:56:58:675883,2452
460.6655,279.9275,2:56:58:679892,1503
460.6655,280.0732,2:56:58:683899,741
460.6655,280.0732,2:56:58:687894,0
460.6655,280.0732,2:56:58:691893,0
461.6493,278.8198,2:56:58:695283,0
462.2641,277.887,2:56:58:699284,0
463.1003,276.7792,2:56:58:703352,0
464.1332,275.555,2:56:58:707321,0
465.3383,274.3598,2:56:58:711882,0
466.691,273.2521,2:56:58:715201,0
468.1666,272.261,2:56:58:719188,0
469.7652,271.4448,2:56:58:723191,0
471.3638,270.8618,2:56:58:727289,0
472.987,270.4828,2:56:58:731826,0
474.6348,270.4828,2:56:58:735836,0
476.2334,270.4828,2:56:58:739836,0
477.8812,270.4828,2:56:58:743844,0
479.4552,270.4828,2:56:58:747836,0
480.9554,270.4828,2:56:58:751842,0
482.3572,271.3865,2:56:58:755151,0
483.6853,271.3865,2:56:58:759220,0
484.915,272.4067,2:56:58:763255,0
486.0463,272.9606,2:56:58:767255,0
487.0792,273.4853,2:56:58:771229,0
487.817,274.01,2:56:58:775876,0
488.5056,274.4472,2:56:58:779183,0
488.9483,274.8553,2:56:58:783269,0
489.2435,274.8553,2:56:58:787183,0
489.4648,275.2926,2:56:58:791183,0
489.514,275.2926,2:56:58:795827,0
489.514,275.2926,2:56:58:799876,2026
489.514,275.2926,2:56:58:803235,2054
488.8254,275.2926,2:56:58:807142,2120
488.8254,274.3598,2:56:58:812132,2230
487.9646,274.3598,2:56:58:815177,2392
487.3744,273.223,2:56:58:819529,2569
486.6365,272.4942,2:56:58:823579,2738
485.825,271.5905,2:56:58:827529,2893
484.8904,270.5703,2:56:58:831634,3056
483.882,269.3752,2:56:58:835824,3204
482.7999,268.0051,2:56:58:839275,3364
481.644,266.4601,2:56:58:843274,3532
480.4143,264.682,2:56:58:847271,3651
479.2338,262.7581,2:56:58:851392,3760
478.1025,260.7759,2:56:58:855612,3843
477.0695,258.7646,2:56:58:859678,3896
476.1104,256.6075,2:56:58:863654,3939
475.2988,254.3338,2:56:58:867742,3958
474.6348,252.0018,2:56:58:871884,3959
474.1429,249.6406,2:56:58:875731,3950
473.7986,247.192,2:56:58:879940,3938
473.6264,244.6559,2:56:58:883940,3927
473.6264,241.9158,2:56:58:887940,3922
473.6264,239.0591,2:56:58:891940,3919
473.6264,236.2899,2:56:58:896042,3912
474.7086,233.4915,2:56:58:899193,3912
475.3234,230.9263,2:56:58:903181,3918
475.9874,228.5069,2:56:58:907127,3929
476.6761,226.4081,2:56:58:911129,3966
477.3893,224.659,2:56:58:915639,4007
478.0779,223.2598,2:56:58:919685,4033
478.7665,222.2396,2:56:58:923605,4058
479.4797,221.5108,2:56:58:927595,4059
480.2668,221.1028,2:56:58:931875,4053
481.1275,220.9278,2:56:58:935882,4051
482.0621,220.9278,2:56:58:939885,4050
483.0704,220.9278,2:56:58:943901,4052
484.1526,221.9481,2:56:58:947884,4057
485.3085,222.7643,2:56:58:952075,4060
486.5135,223.9012,2:56:58:955589,4063
487.5957,225.2129,2:56:58:959623,4067
488.6286,226.7287,2:56:58:963631,4073
489.5386,228.4194,2:56:58:967691,4076
490.2764,230.1393,2:56:58:971875,4080
490.8667,231.8882,2:56:58:975899,4079
491.3585,233.6081,2:56:58:979884,4076
491.6045,235.2697,2:56:58:983885,4079
491.6537,236.8438,2:56:58:987883,4080
491.6537,238.2721,2:56:58:991894,4085
491.6537,239.6422,2:56:58:995893,4091
490.5715,240.8956,2:56:58:999894,4090
489.9321,242.0325,2:56:59:003893,4094
489.1943,243.0235,2:56:59:007873,4097
488.3089,243.8689,2:56:59:011860,4096
487.3498,244.5977,2:56:59:015859,4100
486.3906,245.239,2:56:59:019858,4102
485.4806,245.6762,2:56:59:023857,4108
484.669,245.9677,2:56:59:027290,4116
484.005,246.23,2:56:59:032288,4127
483.4148,246.3466,2:56:59:035292,4135
482.9966,246.3758,2:56:59:039292,4135
482.7507,246.3758,2:56:59:043729,4135
482.7507,246.3758,2:56:59:047739,4130
482.7507,246.3758,2:56:59:051739,4124
482.7507,245.3264,2:56:59:055737,4120
483.7345,244.6559,2:56:59:060216,4114
484.3739,243.7814,2:56:59:063226,4108
485.2347,242.7903,2:56:59:067244,4103
486.2922,241.6535,2:56:59:071272,4095
487.4973,240.3418,2:56:59:075225,4092
488.85,238.9426,2:56:59:079006,4089
490.3256,237.4559,2:56:59:083006,4087
491.8258,235.9401,2:56:59:087009,4081
493.2769,234.366,2:56:59:091006,4072
494.8263,232.6461,2:56:59:095870,4060
496.2773,230.9263,2:56:59:099389,4045
497.6299,229.1481,2:56:59:103390,4035
498.835,227.2242,2:56:59:107393,4020
499.9417,225.2129,2:56:59:111389,4008
500.8763,223.2598,2:56:59:115876,3991
501.6633,221.2485,2:56:59:119386,3979
502.3028,219.2955,2:56:59:123386,3967
502.8192,217.3132,2:56:59:127389,3954
503.1881,215.3893,2:56:59:131383,3950
503.4341,213.5529,2:56:59:135391,3938
503.6308,211.8039,2:56:59:139105,3932
503.7538,210.2298,2:56:59:143237,3929
503.7784,208.6557,2:56:59:147195,3927
503.803,207.2565,2:56:59:152116,3926
503.803,206.0031,2:56:59:156128,3925
503.803,204.9245,2:56:59:159825,3923
503.803,203.9917,2:56:59:163618,3922
503.803,203.2338,2:56:59:167622,3922
503.803,202.6508,2:56:59:171727,3921
503.803,202.2719,2:56:59:175682,3923
503.3357,201.9512,2:56:59:179936,3921
503.3357,201.7763,2:56:59:183946,3916
503.3357,201.6888,2:56:59:187948,3907
503.3357,201.6888,2:56:59:191946,3896
503.3357,201.6888,2:56:59:196088,3886
503.3357,201.6888,2:56:59:199827,3885
503.3357,202.884,2:56:59:203820,3889
503.3357,203.8459,2:56:59:207820,3902
503.3357,205.0994,2:56:59:211820,3918
503.3357,206.8192,2:56:59:215872,3941
502.6963,208.8598,2:56:59:219387,3988
502.6963,211.3958,2:56:59:223464,4052
502.1306,214.3691,2:56:59:227388,4122
502.1306,217.6339,2:56:59:231388,4189
501.442,221.1028,2:56:59:235819,4239
501.442,224.7173,2:56:59:239826,4269
500.8025,228.3902,2:56:59:243828,4295
500.8025,232.034,2:56:59:247828,4318
500.2861,235.6777,2:56:59:251828,4336
500.2861,239.1758,2:56:59:255769,4349
499.8434,242.4697,2:56:59:260221,4360
499.622,245.6179,2:56:59:263279,4369
499.3761,248.6495,2:56:59:267231,4376
499.1302,251.5936,2:56:59:271245,4382
498.8842,254.4795,2:56:59:275237,4388
498.5891,257.2196,2:56:59:279095,4390
498.2694,259.7848,2:56:59:282980,4386
497.9742,262.1459,2:56:59:287047,4389
497.6791,264.303,2:56:59:291062,4386
497.4086,266.2561,2:56:59:295879,4379
497.1381,267.8593,2:56:59:299434,4372
496.9167,269.2003,2:56:59:303513,4361
496.7446,270.1913,2:56:59:307514,4342
496.597,270.9201,2:56:59:311434,4232
496.4986,271.4156,2:56:59:315465,4000
496.4002,271.5614,2:56:59:319405,3620
496.4002,271.5614,2:56:59:323285,3088
496.4002,271.5614,2:56:59:327287,2432
496.4002,270.2205,2:56:59:331339,1676
496.4002,269.1128,2:56:59:335824,969
496.9905,267.6262,2:56:59:339319,422
496.9905,265.7897,2:56:59:343319,0
497.9496,263.6326,2:56:59:347319,0
498.5891,261.1548,2:56:59:351320,0
499.4253,258.3564,2:56:59:355802,0
500.4582,255.2957,2:56:59:359065,0
501.6141,251.9726,2:56:59:363021,0
502.9422,248.4163,2:56:59:367060,0
504.467,244.6559,2:56:59:372152,0
506.1148,240.6041,2:56:59:375162,0
507.9593,236.3482,2:56:59:379162,0
509.9268,232.0923,2:56:59:383162,0
511.8451,227.9238,2:56:59:387162,0
513.7142,223.9594,2:56:59:391824,0
515.485,220.3157,2:56:59:395057,0
517.1082,217.08,2:56:59:399053,0
518.5592,214.2816,2:56:59:403170,0
519.7151,212.0371,2:56:59:407056,0
520.6743,210.2298,2:56:59:411886,0
521.3875,208.714,2:56:59:415930,2429
521.9777,207.4897,2:56:59:419931,2443
522.4696,206.4695,2:56:59:423930,2492
522.7648,205.7407,2:56:59:427928,2583
523.0107,205.0994,2:56:59:431845,2723
523.2075,204.6039,2:56:59:435288,2884
523.4042,204.2249,2:56:59:439297,3019
523.4534,204.0208,2:56:59:443299,3109
523.5518,203.9334,2:56:59:447347,3145
523.601,203.9334,2:56:59:451755,3150
523.6747,203.9334,2:56:59:455771,3155
523.7731,203.9334,2:56:59:459762,3220
523.8715,205.1868,2:56:59:463765,3347
523.9944,206.1196,2:56:59:467827,3512
524.142,207.4314,2:56:59:472341,3692
524.2896,209.1804,2:56:59:475338,3850
524.4617,211.4832,2:56:59:479338,3977
524.6339,214.3983,2:56:59:483330,4076
524.7568,217.8088,2:56:59:487878,4155
524.9044,221.5692,2:56:59:491527,4203
524.9536,225.6501,2:56:59:495538,4238
524.9536,229.9352,2:56:59:499421,4267
524.9536,234.3077,2:56:59:503421,4294
524.9536,238.7968,2:56:59:507671,4331
524.9536,243.1693,2:56:59:511715,4355
524.2404,247.4252,2:56:59:515643,4375
524.2404,251.5645,2:56:59:520641,4398
523.478,255.558,2:56:59:524880,4414
522.9861,259.3767,2:56:59:527888,4427
522.4696,262.933,2:56:59:531890,4436
521.8302,266.3144,2:56:59:535889,4441
521.2153,269.4043,2:56:59:539889,4442
520.5759,272.2318,2:56:59:543705,4450
519.9857,274.6805,2:56:59:547221,4460
519.4692,276.7501,2:56:59:552224,4463
518.8544,278.5283,2:56:59:555219,4467
518.3625,280.0149,2:56:59:559218,4472
517.8952,281.1809,2:56:59:563184,4473
517.5263,282.1137,2:56:59:567261,4476
517.2065,282.7841,2:56:59:571188,4479
516.936,283.2214,2:56:59:575221,4476
516.7147,283.4837,2:56:59:579940,4475
516.4933,283.5129,2:56:59:583745,4455
516.3458,283.5129,2:56:59:587664,4358
516.2474,283.5129,2:56:59:591683,4125
516.1736,282.172,2:56:59:595714,3751
516.1245,281.2975,2:56:59:599633,3231
515.9523,280.219,2:56:59:603633,2506
515.7802,278.7906,2:56:59:607633,1619
515.5342,277.0416,2:56:59:611633,875
515.1161,275.0302,2:56:59:615812,0
514.5504,272.7566,2:56:59:619240,0
513.8372,270.1913,2:56:59:623324,0
512.8781,267.3347,2:56:59:627240,0
511.7222,264.303,2:56:59:631320,0
510.3695,260.9799,2:56:59:635728,0
508.7709,257.5694,2:56:59:639817,0
506.9264,254.1297,2:56:59:643868,0
504.9097,250.5734,2:56:59:647707,0
502.5979,247.0462,2:56:59:651738,0
500.0647,243.5774,2:56:59:655813,0
497.4086,240.196,2:56:59:659704,0
494.4819,236.8729,2:56:59:663879,0
491.2602,233.6955,2:56:59:668158,0
487.817,230.6057,2:56:59:671161,0
484.2018,227.6615,2:56:59:675159,0
480.4143,224.834,2:56:59:679158,0
476.4055,222.1813,2:56:59:683873,0
472.1754,219.6161,2:56:59:687182,0
467.7239,217.2841,2:56:59:691185,0
463.1741,215.0687,2:56:59:695186,0
458.5751,212.9991,2:56:59:699213,0
453.9023,211.1335,2:56:59:703871,0
449.1065,209.4719,2:56:59:707254,0
444.2369,207.9852,2:56:59:711260,0
439.4657,206.6152,2:56:59:715215,0
434.7191,205.3909,2:56:59:719181,0
429.9479,204.254,2:56:59:723874,0
425.3243,203.2338,2:56:59:727234,0
420.7991,202.301,2:56:59:731148,0
416.3722,201.3974,2:56:59:735255,0
412.0683,200.5811,2:56:59:739242,0
407.9857,199.765,2:56:59:743824,0
404.0753,199.0654,2:56:59:747873,0
400.5092,198.3949,2:56:59:751129,0
397.2874,197.8119,2:56:59:755215,0
394.3116,197.3455,2:56:59:759129,0
391.6063,196.8499,2:56:59:763130,0
389.2207,196.4418,2:56:59:767883,0
387.1056,196.1212,2:56:59:772178,0
385.3349,195.7714,2:56:59:776178,0
383.7117,195.4799,2:56:59:779190,0
382.2852,195.2175,2:56:59:783178,0
380.9572,195.0135,2:56:59:787195,0
379.7767,194.7511,2:56:59:791277,0
378.6454,194.4888,2:56:59:795278,0
377.5633,194.2556,2:56:59:799277,0
376.5057,193.9933,2:56:59:803277,0
375.4974,193.7309,2:56:59:807879,0
374.5382,193.4394,2:56:59:811251,0
373.5545,193.0896,2:56:59:815148,0
372.6199,192.7398,2:56:59:819146,0
371.7099,192.4191,2:56:59:823160,0
370.8492,192.0402,2:56:59:827211,0
369.9884,191.7487,2:56:59:831504,0
369.2505,191.4572,2:56:59:835148,0
368.5374,191.2531,2:56:59:839255,0
367.8979,191.0782,2:56:59:844149,0
367.406,190.9325,2:56:59:848149,0
367.0125,190.7867,2:56:59:851877,0
366.7174,190.6993,2:56:59:855276,1540
366.5207,190.641,2:56:59:859264,1536
366.4469,190.5535,2:56:59:863213,1532
366.4469,190.4953,2:56:59:867173,1525
366.4469,190.4078,2:56:59:871179,1529
366.4469,190.3495,2:56:59:875231,1562
367.4306,190.2912,2:56:59:879328,1643
368.1193,190.2329,2:56:59:883233,1748
369.0538,190.2038,2:56:59:887238,1887
370.2097,190.1163,2:56:59:891270,2022
371.7591,190.0289,2:56:59:895532,2146
373.5545,189.9706,2:56:59:899603,2260
375.6941,189.8831,2:56:59:903526,2357
378.1289,189.7957,2:56:59:907526,2458
380.908,189.6207,2:56:59:911603,2542
384.056,189.475,2:56:59:915760,2637
387.6221,189.3001,2:56:59:919679,2744
391.6801,189.1252,2:56:59:923640,2853
396.2053,188.9794,2:56:59:927784,2969
401.2224,188.8337,2:56:59:931360,3072
406.5839,188.7171,2:56:59:935362,3150
412.4372,188.6297,2:56:59:939363,3210
418.7578,188.6297,2:56:59:943362,3256
425.4473,188.6297,2:56:59:947728,3300
432.3827,188.6297,2:56:59:952221,3336
439.5887,188.6297,2:56:59:955315,3367
447.016,189.6207,2:56:59:960238,3392
454.6892,189.6207,2:56:59:963222,3420
462.4609,190.6702,2:56:59:967847,3441
470.2079,191.3698,2:56:59:971810,3465
477.8812,192.1568,2:56:59:975809,3484
485.4068,193.0022,2:56:59:979850,3517
492.8096,193.9058,2:56:59:983834,3565
499.7696,194.8094,2:56:59:987879,3641
506.3607,195.7131,2:56:59:991992,3746
512.46,196.5585,2:56:59:995991,3864
518.2395,197.3455,2:56:59:999982,4015
523.5518,198.0451,2:57:00:003982,4190
528.3721,198.599,2:57:00:007884,4386
532.7744,199.0362,2:57:00:011463,4593
536.6602,199.3277,2:57:00:015380,4796
540.1033,199.5318,2:57:00:019389,4977
543.0792,199.59,2:57:00:023381,5148
545.5632,199.59,2:57:00:028405,5321
547.6044,199.59,2:57:00:031382,5523
549.2276,199.59,2:57:00:035381,5740
550.4327,199.59,2:57:00:039381,5959
551.3181,199.59,2:57:00:043812,6175
551.8837,198.803,2:57:00:048306,6339
552.2772,198.803,2:57:00:051304,6467
552.5724,198.803,2:57:00:055302,6561
552.7199,198.1908,2:57:00:059305,6625
552.7199,198.1908,2:57:00:063806,6682
552.7199,198.1908,2:57:00:067871,6732
552.7199,197.637,2:57:00:071317,6773
552.7199,197.637,2:57:00:075349,6802
552.7199,197.637,2:57:00:079421,6817
552.7199,197.258,2:57:00:083351,6822
552.7199,197.258,2:57:00:087872,6822
552.2527,197.258,2:57:00:091883,6819
552.2527,197.258,2:57:00:095883,6810
552.2527,197.258,2:57:00:099883,6797
552.2527,197.258,2:57:00:103883,6788
552.2527,197.258,2:57:00:107674,6771
552.2527,197.258,2:57:00:111242,6758
552.2527,197.258,2:57:00:115291,6740
552.2527,197.258,2:57:00:119226,6715
552.2527,197.258,2:57:00:124316,6685
552.2527,197.258,2:57:00:127876,6637
552.2527,197.258,2:57:00:131876,6548
552.2527,197.258,2:57:00:135874,6353
552.2527,197.258,2:57:00:139878,6027
552.2527,197.258,2:57:00:143872,5604
552.2527,197.258,2:57:00:147867,5101
552.2527,197.258,2:57:00:151383,4548
552.2527,197.258,2:57:00:155397,3930
552.2527,197.258,2:57:00:159498,3117
551.5394,197.258,2:57:00:163384,2034
551.5394,197.258,2:57:00:167822,1113
550.5803,197.258,2:57:00:171822,0
549.8179,196.5585,2:57:00:175994,0
549.0063,196.5585,2:57:00:179992,0
548.0717,195.4507,2:57:00:183120,0
547.0634,194.6929,2:57:00:187992,0
546.0797,193.7892,2:57:00:191824,0
545.1697,192.7398,2:57:00:195875,0
544.2843,191.6321,2:57:00:199822,0
543.5464,190.3495,2:57:00:203337,0
543.0054,189.0669,2:57:00:207339,0
542.6857,187.7843,2:57:00:211339,0
542.5135,186.3851,2:57:00:216336,0
542.5135,184.8985,2:57:00:219885,0
542.5135,183.2369,2:57:00:223742,0
542.5135,183.2369,2:57:00:241987,0
