161.2612,125.8988,5:54:37:987748,0
161.2612,125.8988,5:54:37:992721,0
161.9744,125.8988,5:54:37:996283,0
161.9744,126.6276,5:54:38:000298,0
163.032,126.6276,5:54:38:004287,0
163.6714,127.8227,5:54:38:008282,0
164.3354,128.6098,5:54:38:012308,0
165.0978,129.5426,5:54:38:016518,0
165.934,130.592,5:54:38:020032,0
166.4751,131.6122,5:54:38:024035,0
166.967,132.6325,5:54:38:028032,0
167.4097,133.5945,5:54:38:032033,0
167.8523,134.4981,5:54:38:036248,0
168.1967,135.3143,5:54:38:040029,0
168.1967,136.1013,5:54:38:044073,0
168.5656,136.7426,5:54:38:048142,0
168.5656,137.3548,5:54:38:052007,0
168.7131,137.9669,5:54:38:056441,0
168.7131,138.4625,5:54:38:059453,0
168.7131,138.9289,5:54:38:064450,0
168.7131,139.3661,5:54:38:068450,0
168.7131,139.8326,5:54:38:072450,0
168.7131,140.3573,5:54:38:076612,0
168.1967,140.9402,5:54:38:079794,0
168.1967,141.465,5:54:38:083758,0
167.7294,141.9605,5:54:38:087827,0
167.7294,142.5435,5:54:38:091855,0
167.0899,143.1265,5:54:38:096249,0
166.6964,143.7678,5:54:38:100076,0
166.2538,144.4382,5:54:38:105080,0
165.6881,145.0213,5:54:38:108079,0
165.1224,145.6042,5:54:38:112124,0
164.5322,146.2164,5:54:38:116250,0
163.9173,146.8869,5:54:38:119500,0
163.2287,147.499,5:54:38:123505,0
162.5401,148.0529,5:54:38:127503,0
161.8269,148.6067,5:54:38:131563,0
161.1382,149.0731,5:54:38:136203,0
160.3758,149.5103,5:54:38:140253,0
159.6626,149.8602,5:54:38:144260,0
158.9002,150.2391,5:54:38:148260,0
158.1624,150.5306,5:54:38:152263,0
157.3754,150.793,5:54:38:156262,0
156.6376,151.0553,5:54:38:160253,0
155.8752,151.3176,5:54:38:164510,0
155.1128,151.5508,5:54:38:167552,0
154.3258,151.8132,5:54:38:171631,0
153.5388,152.0172,5:54:38:175512,0
152.801,152.2796,5:54:38:180249,0
151.9894,152.5128,5:54:38:183543,0
151.2024,152.7751,5:54:38:187636,0
150.317,153.0083,5:54:38:191600,0
149.4808,153.2415,5:54:38:195543,0
148.5954,153.5039,5:54:38:200327,0
147.7346,153.7371,5:54:38:203519,0
146.8493,153.9411,5:54:38:207487,0
146.0377,154.1452,5:54:38:211487,0
145.3491,154.2327,5:54:38:215610,0
144.7834,154.3201,5:54:38:220250,0
144.2915,154.3201,5:54:38:223638,0
143.898,154.3201,5:54:38:228554,0
143.5537,153.4164,5:54:38:231557,340
143.2832,152.7751,5:54:38:235554,345
143.111,151.959,5:54:38:239554,357
142.9881,150.997,5:54:38:244199,371
142.8897,149.9476,5:54:38:248207,387
142.8651,148.7525,5:54:38:252207,398
142.8651,147.5865,5:54:38:257231,405
142.8651,146.5079,5:54:38:260209,405
142.8651,145.5168,5:54:38:264452,404
142.8651,144.4966,5:54:38:268461,405
143.8242,143.5346,5:54:38:272461,404
144.4145,142.5726,5:54:38:275461,408
145.1769,141.5815,5:54:38:279461,407
146.0623,140.6487,5:54:38:283655,406
147.1444,139.7742,5:54:38:287664,397
148.3741,138.8123,5:54:38:291666,393
149.8251,137.9086,5:54:38:295664,392
151.3745,137.0925,5:54:38:300152,384
153.0469,136.3637,5:54:38:304162,386
154.7931,135.7807,5:54:38:308884,384
156.5392,135.2852,5:54:38:311880,378
158.3592,134.9062,5:54:38:315880,377
160.2037,134.6438,5:54:38:319880,376
162.0728,134.4981,5:54:38:324139,372
163.9419,134.4981,5:54:38:328150,373
165.8848,134.4981,5:54:38:332190,373
167.8032,134.4981,5:54:38:336163,367
169.8444,135.4309,5:54:38:340148,368
172.0087,135.4309,5:54:38:343673,372
174.2467,136.8009,5:54:38:347721,377
176.6323,137.8503,5:54:38:351737,391
179.0917,139.0746,5:54:38:355681,398
181.5511,140.6487,5:54:38:359863,401
184.035,142.5726,5:54:38:363907,404
186.4944,144.8463,5:54:38:367865,408
188.8308,147.4407,5:54:38:371862,414
191.0197,150.2682,5:54:38:376233,423
193.0117,153.3873,5:54:38:379605,423
194.8317,156.623,5:54:38:383605,425
196.4303,160.0043,5:54:38:387605,425
197.8567,163.4732,5:54:38:391605,424
199.111,167.0004,5:54:38:395676,444
200.1685,170.6441,5:54:38:399633,457
201.0785,174.5793,5:54:38:403649,480
201.7671,178.6895,5:54:38:407633,501
202.259,182.9745,5:54:38:411633,512
202.5049,187.4637,5:54:38:416177,521
202.5541,192.011,5:54:38:420126,533
202.5541,196.675,5:54:38:424124,540
201.7671,201.3682,5:54:38:428178,567
200.9555,206.1779,5:54:38:432186,586
199.8242,210.9877,5:54:38:435675,600
198.324,215.8557,5:54:38:439696,622
196.5533,220.6655,5:54:38:443670,622
194.389,225.3878,5:54:38:447653,627
191.905,230.0518,5:54:38:452236,627
189.0522,234.6575,5:54:38:456246,618
186.0025,239.2049,5:54:38:460245,619
182.6824,243.4899,5:54:38:464245,620
179.2147,247.6001,5:54:38:468244,615
175.5994,251.5936,5:54:38:471741,612
171.8365,255.4706,5:54:38:475323,591
167.9015,259.2018,5:54:38:480332,560
163.8436,262.8747,5:54:38:484333,534
159.6626,266.3435,5:54:38:487333,508
155.4571,269.55,5:54:38:491934,481
151.227,272.5525,5:54:38:495943,466
147.0214,275.1469,5:54:38:499943,452
142.8651,277.304,5:54:38:503972,441
138.8809,279.0821,5:54:38:507943,438
135.1181,280.4813,5:54:38:512185,441
131.6503,281.5307,5:54:38:516236,458
128.6253,282.172,5:54:38:519967,490
125.797,282.5218,5:54:38:523914,538
123.3623,282.5509,5:54:38:527914,599
121.2718,282.5509,5:54:38:531913,648
119.5502,281.7639,5:54:38:536235,682
118.2222,281.0352,5:54:38:540283,698
117.3368,280.1024,5:54:38:544281,693
116.8695,279.0529,5:54:38:548282,688
116.7711,277.7704,5:54:38:552281,680
116.7711,276.4003,5:54:38:556235,676
117.7795,274.972,5:54:38:560244,673
118.7386,273.4853,5:54:38:564245,672
119.9929,271.9695,5:54:38:568248,679
121.4685,270.4828,5:54:38:572244,678
123.0425,269.1128,5:54:38:575815,685
124.8133,267.8885,5:54:38:579815,681
126.584,266.8974,5:54:38:583815,679
128.3548,266.1104,5:54:38:587812,678
130.1993,265.644,5:54:38:591502,674
132.0438,265.644,5:54:38:596136,672
133.913,265.644,5:54:38:600144,667
135.8067,265.644,5:54:38:604145,667
137.6512,267.0432,5:54:38:608167,661
139.6433,268.1508,5:54:38:612144,649
141.783,269.4918,5:54:38:616241,639
144.0702,271.0075,5:54:38:619843,629
146.4804,272.6982,5:54:38:623858,622
149.0627,274.4764,5:54:38:628844,624
151.768,276.3128,5:54:38:631850,621
154.5717,278.1784,5:54:38:636235,621
157.5476,280.1606,5:54:38:639795,622
160.4988,282.172,5:54:38:643766,626
163.4993,284.2708,5:54:38:647768,639
166.5735,286.632,5:54:38:651768,642
169.8198,289.2555,5:54:38:656192,643
173.1892,292.1122,5:54:38:660200,635
176.6569,295.2312,5:54:38:664202,618
180.2476,298.4669,5:54:38:668201,606
183.9121,301.8774,5:54:38:672289,600
187.5765,305.4337,5:54:38:675652,597
191.3394,309.1357,5:54:38:679651,593
195.0284,312.8087,5:54:38:683650,594
198.7175,316.3941,5:54:38:687649,602
202.382,320.0087,5:54:38:692005,614
206.1202,323.6816,5:54:38:696015,624
209.7847,327.3836,5:54:38:700013,621
213.4738,331.0857,5:54:38:704014,590
217.1136,334.6711,5:54:38:708168,555
220.6551,338.1108,5:54:38:712030,510
224.1966,341.3465,5:54:38:716030,445
227.443,344.3781,5:54:38:720127,373
230.468,347.0599,5:54:38:724030,269
233.3701,349.2753,5:54:38:728019,160
236.1492,351.1409,5:54:38:732228,77
238.7561,352.6275,5:54:38:736235,0
241.1663,353.7935,5:54:38:740235,0
243.4043,354.6097,5:54:38:744236,0
245.4702,355.1636,5:54:38:748237,0
247.3393,355.4259,5:54:38:752242,0
248.8887,355.4259,5:54:38:756189,0
250.143,355.4259,5:54:38:760190,0
251.0284,354.464,5:54:38:764192,0
251.5449,353.5603,5:54:38:768219,0
251.84,352.3361,5:54:38:772491,0
251.84,350.7911,5:54:38:775501,0
251.84,348.8964,5:54:38:779504,0
250.9546,346.6809,5:54:38:783503,0
250.3398,344.0866,5:54:38:787545,0
249.6512,341.0841,5:54:38:791653,0
248.9625,337.761,5:54:38:795652,0
248.3969,334.059,5:54:38:799682,0
247.9296,330.0071,5:54:38:803650,0
247.9296,325.7221,5:54:38:808239,0
247.5607,321.1455,5:54:38:811548,0
247.5607,316.3941,5:54:38:815650,0
247.5607,311.4386,5:54:38:819605,0
248.4215,306.3373,5:54:38:823548,0
249.0855,301.0612,5:54:38:828198,0
249.8971,295.7267,5:54:38:832163,0
250.8316,290.4506,5:54:38:836155,0
251.8892,285.1453,5:54:38:840158,0
252.9713,280.0149,5:54:38:844108,0
254.1764,274.7387,5:54:38:848200,0
255.4061,269.6375,5:54:38:852197,0
256.6358,264.5654,5:54:38:856112,0
257.7671,259.6099,5:54:38:860194,0
258.9476,254.8584,5:54:38:864162,0
260.2265,250.3111,5:54:38:868210,0
261.4315,245.8219,5:54:38:872201,0
262.5383,241.5369,5:54:38:876428,0
263.645,237.5434,5:54:38:879500,0
264.7763,233.5789,5:54:38:883437,0
265.7109,229.8769,5:54:38:887437,0
266.6946,226.3497,5:54:38:891440,0
267.58,222.8809,5:54:38:896246,0
268.3916,219.4412,5:54:38:899545,0
269.2278,216.1181,5:54:38:903548,0
270.2115,212.795,5:54:38:907545,0
271.1461,209.5593,5:54:38:911613,0
272.1299,206.4403,5:54:38:916246,0
273.2857,203.467,5:54:38:919536,0
274.6138,200.6395,5:54:38:923496,0
276.0157,197.841,5:54:38:927496,0
277.4913,195.101,5:54:38:931578,0
279.0161,192.3317,5:54:38:936250,0
280.5163,189.5333,5:54:38:939643,0
281.9673,186.6474,5:54:38:943655,0
283.3938,183.7616,5:54:38:947655,0
284.5989,180.8466,5:54:38:951764,0
285.6318,178.0482,5:54:38:955652,0
286.4188,175.4247,5:54:38:960246,0
286.9107,173.0052,5:54:38:963557,0
287.1566,170.9648,5:54:38:967585,0
287.1566,169.1866,5:54:38:971666,0
287.1566,167.8165,5:54:38:975585,0
287.1566,166.7088,5:54:38:980314,0
286.0745,165.8344,5:54:38:983495,0
285.5089,165.1639,5:54:38:987566,0
284.9678,164.6392,5:54:38:991575,0
284.9678,164.2311,5:54:38:995474,0
284.1316,163.9104,5:54:39:000518,0
284.1316,163.6772,5:54:39:003527,0
283.6643,163.5607,5:54:39:008527,0
283.6643,163.5315,5:54:39:012530,0
283.6643,163.5315,5:54:39:016833,0
283.6643,163.5315,5:54:39:020465,0
283.6643,163.5315,5:54:39:024465,0
284.23,164.61,5:54:39:027473,0
284.23,165.2513,5:54:39:031493,0
284.23,166.0092,5:54:39:036191,0
284.9186,166.942,5:54:39:040190,0
284.9186,168.0206,5:54:39:044519,0
284.9186,169.0117,5:54:39:047522,0
284.9186,170.0611,5:54:39:051522,0
284.9186,171.0813,5:54:39:055620,0
284.9186,172.1308,5:54:39:059595,0
284.9186,173.2676,5:54:39:064238,0
284.9186,174.5793,5:54:39:067355,0
284.9186,176.0952,5:54:39:072248,0
284.9186,178.019,5:54:39:076248,0
284.3775,180.4093,5:54:39:079372,0
284.3775,183.2661,5:54:39:084243,0
283.9348,186.56,5:54:39:087500,8
283.9348,190.1454,5:54:39:091499,10
283.4676,193.935,5:54:39:095497,13
283.4676,197.9285,5:54:39:099500,23
282.9757,202.097,5:54:39:103729,50
282.9757,206.5278,5:54:39:108689,83
282.533,211.1043,5:54:39:111756,117
282.533,215.914,5:54:39:115761,147
282.2625,220.8404,5:54:39:119683,160
282.2625,225.8833,5:54:39:124235,164
282.1149,231.0721,5:54:39:128235,171
282.1149,236.3773,5:54:39:132235,189
282.1149,242.0325,5:54:39:136234,203
282.1149,247.8042,5:54:39:140246,217
282.1149,253.4884,5:54:39:143759,223
282.1149,259.1143,5:54:39:147759,209
282.1149,264.7403,5:54:39:151805,198
282.7543,270.4828,5:54:39:155864,210
282.7543,276.4586,5:54:39:160242,226
282.7543,282.6967,5:54:39:164241,247
283.2954,288.8182,5:54:39:168239,275
283.2954,294.8231,5:54:39:172242,276
283.2954,300.6531,5:54:39:176301,277
283.7381,306.5706,5:54:39:179684,302
283.7381,312.692,5:54:39:183680,311
284.0086,318.8719,5:54:39:187681,330
284.0086,324.9933,5:54:39:191680,352
284.4267,330.7942,5:54:39:195669,350
284.6727,336.3036,5:54:39:200367,359
284.9432,341.6089,5:54:39:203881,357
285.3613,346.7101,5:54:39:207883,351
285.7794,351.549,5:54:39:211881,361
286.2958,356.1255,5:54:39:215887,364
286.8615,360.294,5:54:39:220236,366
287.4518,364.1126,5:54:39:224190,367
288.0666,367.6689,5:54:39:228288,350
288.706,370.9337,5:54:39:232288,322
289.3209,373.8779,5:54:39:236289,279
289.8865,376.5888,5:54:39:240285,212
290.4522,379.0083,5:54:39:244185,129
290.9687,380.9322,5:54:39:248159,63
291.4359,382.3897,5:54:39:252048,0
291.854,383.4683,5:54:39:256048,0
292.2475,384.1096,5:54:39:260145,0
292.5919,384.3136,5:54:39:264245,0
292.9854,384.3136,5:54:39:268008,0
293.3051,383.4391,5:54:39:272094,0
293.6986,382.3314,5:54:39:277005,0
294.0675,380.6699,5:54:39:280004,0
294.5594,378.5419,5:54:39:284233,0
295.125,376.035,5:54:39:288240,0
295.789,373.0326,5:54:39:292243,0
296.576,369.5928,5:54:39:296243,0
297.4614,365.7742,5:54:39:300243,0
298.6911,361.6057,5:54:39:304244,0
300.1175,357.1458,5:54:39:308147,0
301.7899,352.3361,5:54:39:312057,0
303.6836,347.2348,5:54:39:316111,0
305.7987,341.6671,5:54:39:320058,0
308.2581,335.8663,5:54:39:324245,0
310.988,329.8322,5:54:39:328196,0
314.0622,323.565,5:54:39:331645,0
317.3332,317.0937,5:54:39:336624,0
320.7025,310.3892,5:54:39:340623,0
324.3424,303.5389,5:54:39:344623,0
328.1544,296.747,5:54:39:348622,0
332.0402,290.1591,5:54:39:351677,0
335.9752,283.7461,5:54:39:355636,0
339.984,277.4789,5:54:39:359674,0
343.9682,271.5905,5:54:39:363636,0
347.9278,265.8188,5:54:39:368196,0
351.8874,260.4844,5:54:39:372195,0
355.8224,255.6163,5:54:39:376245,0
359.6344,251.0107,5:54:39:380508,0
363.3727,246.7839,5:54:39:383511,0
367.0617,242.7903,5:54:39:387574,0
370.6524,239.1174,5:54:39:391546,0
374.1201,235.532,5:54:39:396245,0
377.4649,232.3255,5:54:39:399546,0
380.908,229.0898,5:54:39:403543,0
384.1544,226.0291,5:54:39:407643,0
387.45,222.91,5:54:39:412551,0
390.6471,219.8784,5:54:39:415740,0
393.8197,216.876,5:54:39:419740,0
396.9431,213.9319,5:54:39:423740,0
399.9927,211.0751,5:54:39:427740,0
402.8948,208.3642,5:54:39:432199,0
405.5509,205.799,5:54:39:435808,0
408.1087,203.2921,5:54:39:439817,0
410.4205,200.9601,5:54:39:443852,0
412.6093,198.7155,5:54:39:447817,0
414.6014,196.5876,5:54:39:452247,0
416.4214,194.5471,5:54:39:455549,0
418.0938,192.7106,5:54:39:459549,0
419.6678,190.9908,5:54:39:463549,0
421.0696,189.4167,5:54:39:467671,0
422.3485,188.0758,5:54:39:472245,0
423.6028,186.9389,5:54:39:475573,0
424.8078,185.8895,5:54:39:480244,0
425.9637,185.015,5:54:39:484254,0
427.0951,184.1989,5:54:39:488253,0
428.251,183.4409,5:54:39:492254,0
429.3085,182.7413,5:54:39:496271,0
430.4644,182.1584,5:54:39:500317,0
431.6203,181.517,5:54:39:504327,0
432.7516,180.9341,5:54:39:508326,0
433.8337,180.351,5:54:39:512327,0
434.9405,179.7972,5:54:39:516327,0
436.0226,179.2433,5:54:39:520244,0
437.1293,178.7478,5:54:39:523495,0
438.2114,178.2814,5:54:39:529504,0
439.3181,177.7858,5:54:39:532520,0
440.4249,177.3777,5:54:39:535589,0
441.5562,177.0571,5:54:39:539552,0
442.6875,176.7948,5:54:39:544245,0
443.8434,176.649,5:54:39:548255,0
444.9747,176.5907,5:54:39:552255,0
446.0323,176.5907,5:54:39:556252,0
447.016,176.5907,5:54:39:560252,0
447.926,176.5907,5:54:39:564337,0
448.7621,177.3777,5:54:39:568348,0
449.5,177.3777,5:54:39:572362,0
450.0902,178.3689,5:54:39:577348,0
450.5821,178.3689,5:54:39:580437,0
451.0002,179.3308,5:54:39:584513,0
451.2953,179.3308,5:54:39:588285,0
451.5167,180.2053,5:54:39:592293,84
451.7134,180.6425,5:54:39:596275,87
451.861,181.1089,5:54:39:600290,87
452.0823,181.7211,5:54:39:604334,82
452.3036,182.479,5:54:39:608237,82
452.525,183.5284,5:54:39:612445,79
452.7709,184.811,5:54:39:615464,79
453.1153,186.3268,5:54:39:619556,83
453.4842,188.1049,5:54:39:623449,83
453.9023,190.1163,5:54:39:627766,82
454.2957,192.2151,5:54:39:631763,91
454.6892,194.4597,5:54:39:635779,104
455.0582,196.7917,5:54:39:639824,118
455.4517,199.2111,5:54:39:643868,141
455.8943,201.7763,5:54:39:647996,158
456.3616,204.5164,5:54:39:651880,180
456.8535,207.4314,5:54:39:655991,220
457.37,210.8419,5:54:39:660234,247
457.8864,214.6315,5:54:39:663768,268
458.4767,218.6833,5:54:39:667877,293
459.0915,222.9975,5:54:39:671871,302
459.6818,227.5157,5:54:39:675763,316
460.2474,232.2089,5:54:39:680235,330
460.7393,237.1061,5:54:39:684245,359
461.2066,242.3239,5:54:39:688245,383
461.6493,247.6001,5:54:39:692242,417
462.0182,252.9637,5:54:39:696244,456
462.2887,258.3564,5:54:39:699888,476
462.5593,263.7492,5:54:39:704062,507
462.756,269.2294,5:54:39:708388,524
462.9282,274.8262,5:54:39:711390,547
463.1003,280.5688,5:54:39:715387,570
463.2725,286.253,5:54:39:719498,582
463.3954,291.7332,5:54:39:724239,597
463.4938,296.9802,5:54:39:727441,603
463.6168,302.0232,5:54:39:732335,598
463.7643,306.8329,5:54:39:735335,595
463.9119,311.4386,5:54:39:739425,587
464.0595,315.7237,5:54:39:743529,588
464.1824,319.5423,5:54:39:747527,573
464.2562,322.9529,5:54:39:751571,547
464.3792,326.0428,5:54:39:755526,510
464.5268,328.8994,5:54:39:760259,435
464.6005,331.4938,5:54:39:763797,357
464.6497,333.8549,5:54:39:767860,254
464.6497,336.0121,5:54:39:771775,151
464.6497,337.8193,5:54:39:776239,73
464.6497,339.3935,5:54:39:779636,0
464.6497,340.5012,5:54:39:783637,0
464.6497,341.259,5:54:39:787685,0
464.0103,341.6671,5:54:39:791636,0
464.0103,341.6671,5:54:39:796238,0
464.0103,341.6671,5:54:39:800245,0
463.3954,340.5303,5:54:39:803320,0
463.3954,339.3351,5:54:39:808248,0
463.3954,337.8777,5:54:39:812245,0
463.3954,336.0995,5:54:39:816241,0
463.3954,334.0007,5:54:39:820251,0
463.3954,331.6396,5:54:39:824248,0
463.3954,329.1327,5:54:39:828251,0
463.3954,326.5092,5:54:39:832251,0
463.9119,323.7108,5:54:39:836194,0
463.9119,320.9124,5:54:39:840206,0
464.4776,317.9973,5:54:39:844204,0
464.4776,315.0532,5:54:39:848203,0
465.0186,312.1674,5:54:39:852202,0
465.0186,309.3106,5:54:39:856461,0
465.5105,306.5122,5:54:39:860049,0
465.5105,303.7722,5:54:39:863974,0
465.5105,301.0612,5:54:39:868058,0
465.8056,298.5251,5:54:39:872075,0
465.8056,296.0182,5:54:39:876194,0
465.8056,293.628,5:54:39:880247,0
465.8056,291.3251,5:54:39:883535,0
465.8056,289.1389,5:54:39:887519,0
465.8056,287.0692,5:54:39:891496,0
465.8056,285.1453,5:54:39:895496,0
465.8056,283.3088,5:54:39:900242,0
465.8056,281.589,5:54:39:903502,0
465.8056,280.0149,5:54:39:907623,0
465.8056,278.5574,5:54:39:911516,0
465.8056,277.2165,5:54:39:915502,0
465.8056,276.0505,5:54:39:920248,0
465.8056,274.9428,5:54:39:924258,0
466.2975,273.9808,5:54:39:928257,0
466.2975,273.1064,5:54:39:932258,0
466.7402,272.3484,5:54:39:936258,0
466.7402,271.6488,5:54:39:940192,0
467.2321,271.0659,5:54:39:944205,0
467.2321,270.5703,5:54:39:948199,0
467.2321,270.1622,5:54:39:952199,0
467.5518,269.8124,5:54:39:956280,0
467.5518,269.55,5:54:39:959577,0
467.5518,269.2877,5:54:39:963460,0
467.5518,269.0545,5:54:39:967562,0
466.7402,268.7339,5:54:39:971555,0
466.1991,268.3841,5:54:39:976194,38
465.5351,268.0342,5:54:39:980194,38
464.7235,267.7136,5:54:39:984032,31
463.7889,267.4513,5:54:39:987959,22
462.7068,267.1889,5:54:39:991960,12
461.4034,267.0432,5:54:39:995963,0
460.0753,267.014,5:54:40:000333,0
458.6242,267.014,5:54:40:003562,0
457.0257,267.014,5:54:40:009466,0
455.3041,267.014,5:54:40:012466,0
453.4596,267.8593,5:54:40:016466,0
451.4921,267.8593,5:54:40:020000,0
449.3032,268.5006,5:54:40:023629,0
446.9668,268.5006,5:54:40:027724,0
444.3353,269.2003,5:54:40:031640,0
441.507,269.2003,5:54:40:035642,0
438.4328,269.9582,5:54:40:040240,0
435.3094,270.4246,5:54:40:043559,0
432.063,270.891,5:54:40:047549,0
428.792,271.3865,5:54:40:051550,0
425.5457,271.8238,5:54:40:055619,0
422.3239,272.2902,5:54:40:060245,0
419.0775,272.7566,5:54:40:064188,0
415.9049,273.1938,5:54:40:067828,0
412.8553,273.6019,5:54:40:073710,267
409.8303,274.01,5:54:40:075710,287
406.9528,274.4181,5:54:40:079721,319
404.2229,274.7679,5:54:40:083987,365
401.7143,275.1469,5:54:40:087932,422
399.55,275.4966,5:54:40:091931,465
397.7301,275.8173,5:54:40:095933,492
396.3529,276.1088,5:54:40:100325,502
395.3199,276.4003,5:54:40:104333,504
394.7051,276.6918,5:54:40:108335,501
394.3854,277.0707,5:54:40:112334,496
394.3854,277.508,5:54:40:115438,497
394.3854,278.0327,5:54:40:120181,502
395.2953,278.674,5:54:40:124230,507
396.0823,279.4027,5:54:40:127721,523
397.0169,280.2481,5:54:40:131732,531
398.1728,281.2101,5:54:40:135632,530
399.5255,282.2886,5:54:40:139632,530
400.9765,283.4837,5:54:40:144002,524
402.5997,284.8246,5:54:40:148000,527
404.2967,286.2238,5:54:40:152048,539
406.0182,287.8854,5:54:40:155999,545
407.7398,289.6927,5:54:40:161039,550
409.3876,291.7624,5:54:40:164107,543
410.9124,294.036,5:54:40:168047,532
412.3142,296.4264,5:54:40:172047,517
413.5685,298.9624,5:54:40:177151,501
414.6752,301.5859,5:54:40:180391,483
415.6098,304.2968,5:54:40:184393,459
416.3722,306.9203,5:54:40:187390,441
416.987,309.4564,5:54:40:191390,417
417.3805,311.905,5:54:40:196181,393
417.6019,314.2953,5:54:40:199517,370
417.6757,316.5399,5:54:40:203592,350
417.6757,318.7552,5:54:40:208517,339
417.6757,320.8832,5:54:40:212524,344
416.446,322.8654,5:54:40:216364,351
415.536,324.8476,5:54:40:219493,357
414.3309,326.7715,5:54:40:223470,362
412.8307,328.6371,5:54:40:227374,355
411.0107,330.4735,5:54:40:231373,357
408.8465,332.1642,5:54:40:236045,359
406.2888,333.7675,5:54:40:239963,373
403.5096,335.225,5:54:40:243947,389
400.4109,336.6534,5:54:40:247992,403
397.0907,337.8777,5:54:40:251907,427
393.4262,338.9271,5:54:40:255981,443
389.5158,339.889,5:54:40:259909,467
385.3349,340.6761,5:54:40:263907,491
380.9326,341.3756,5:54:40:268181,512
376.5303,341.9295,5:54:40:272269,535
372.0543,342.3084,5:54:40:276271,560
367.6274,342.4833,5:54:40:280270,589
363.2743,342.5417,5:54:40:283273,620
359.0688,342.5417,5:54:40:287799,641
355.0354,342.5417,5:54:40:291386,659
351.2479,341.5797,5:54:40:295365,667
347.7802,340.851,5:54:40:300374,665
344.4109,340.0056,5:54:40:303475,664
341.2629,339.0436,5:54:40:308375,655
338.3854,337.9068,5:54:40:312534,642
335.7539,336.6825,5:54:40:316187,609
333.3929,335.3124,5:54:40:319710,566
331.3024,333.9132,5:54:40:323713,506
329.5562,332.4557,5:54:40:327710,413
328.1544,330.9691,5:54:40:331711,296
327.0723,329.5116,5:54:40:336182,176
326.3591,328.0541,5:54:40:340182,76
325.8426,326.6549,5:54:40:344182,0
325.6458,325.2266,5:54:40:348182,0
325.6458,323.8565,5:54:40:352229,0
326.3099,322.4865,5:54:40:355671,0
327.0231,320.9706,5:54:40:359624,0
328.179,319.4257,5:54:40:363693,0
329.6792,317.7642,5:54:40:367588,0
331.5237,315.986,5:54:40:372236,0
333.6634,314.0912,5:54:40:375532,0
336.0244,312.109,5:54:40:379997,0
338.6068,310.0394,5:54:40:383978,0
341.3858,307.8823,5:54:40:387978,0
344.4601,305.7252,5:54:40:391977,0
347.731,303.4224,5:54:40:396236,0
351.1742,301.1778,5:54:40:400169,0
354.7894,298.9915,5:54:40:404151,0
358.6507,296.747,5:54:40:408154,0
362.7578,294.415,5:54:40:412153,0
367.0617,292.083,5:54:40:416187,0
371.7591,289.6344,5:54:40:420163,0
376.6287,287.2149,5:54:40:423587,0
381.818,284.8538,5:54:40:427555,0
387.204,282.5509,5:54:40:431599,0
392.836,280.1606,5:54:40:435607,0
398.9106,277.887,5:54:40:440246,0
405.1574,275.7881,5:54:40:443495,0
411.6994,273.7768,5:54:40:447533,0
418.1675,271.9695,5:54:40:451622,0
424.857,270.2788,5:54:40:455498,0
431.5711,268.6464,5:54:40:460192,0
438.4082,267.0723,5:54:40:463662,0
445.2452,265.644,5:54:40:467564,0
451.7134,264.303,5:54:40:471565,0
458.2799,262.9622,5:54:40:475662,0
464.7235,261.6504,5:54:40:480192,0
471.1425,260.3387,5:54:40:484243,0
477.3647,258.9977,5:54:40:487497,0
483.2918,257.89,5:54:40:491592,0
488.9729,256.899,5:54:40:495497,0
494.4819,255.9079,5:54:40:499537,0
499.8434,255.0625,5:54:40:504241,0
505.0081,254.3046,5:54:40:507538,0
509.8284,253.7507,5:54:40:511560,0
514.4275,253.3427,5:54:40:515539,0
518.7806,253.0803,5:54:40:519656,0
522.8877,252.7888,5:54:40:524192,0
526.749,252.6139,5:54:40:527869,0
530.2659,252.4973,5:54:40:532745,0
533.4138,252.4099,5:54:40:535753,0
536.1683,252.3224,5:54:40:539758,0
538.554,252.235,5:54:40:543723,0
540.546,252.1183,5:54:40:547794,0
542.0709,252.06,5:54:40:552355,0
543.2021,251.9726,5:54:40:555429,0
543.8908,251.9435,5:54:40:559366,0
544.1121,251.9143,5:54:40:563475,0
544.1121,251.856,5:54:40:567462,0
543.4727,251.856,5:54:40:572244,0
542.6611,251.7977,5:54:40:575505,0
541.579,251.5645,5:54:40:581503,0
540.2017,251.1855,5:54:40:584502,0
538.6031,250.7483,5:54:40:587504,294
536.8324,250.1362,5:54:40:591459,305
534.9879,249.3491,5:54:40:595798,327
533.0695,248.5038,5:54:40:599901,355
531.0775,247.5418,5:54:40:603797,396
529.0115,246.4632,5:54:40:607799,433
526.9949,245.4138,5:54:40:612327,467
524.9782,244.3936,5:54:40:616317,501
523.1829,243.2859,5:54:40:620317,520
521.4367,242.0907,5:54:40:624316,538
519.8135,240.8373,5:54:40:628324,550
518.2641,239.4964,5:54:40:631709,560
516.8376,238.0681,5:54:40:635778,566
515.5342,236.5522,5:54:40:639787,562
514.3045,234.8033,5:54:40:643783,558
513.1732,232.9085,5:54:40:648064,553
512.0665,230.868,5:54:40:652011,553
511.0335,228.6234,5:54:40:656011,558
510.0252,226.2332,5:54:40:660021,578
509.1398,223.7554,5:54:40:663843,590
508.3036,221.161,5:54:40:667840,594
507.5904,218.5959,5:54:40:671841,600
507.0002,215.9432,5:54:40:675950,584
506.5575,213.4072,5:54:40:680152,579
506.3115,210.8419,5:54:40:684162,581
506.2869,208.3059,5:54:40:688162,581
506.2869,205.6532,5:54:40:692160,573
506.9264,203.0298,5:54:40:696179,561
507.6642,200.2896,5:54:40:699684,546
508.6479,197.433,5:54:40:703685,532
509.9022,194.4888,5:54:40:707686,537
511.3778,191.4863,5:54:40:712684,545
512.9518,188.6005,5:54:40:716239,558
514.7718,185.8604,5:54:40:720247,558
516.7639,183.3535,5:54:40:724249,549
518.9281,181.0215,5:54:40:728249,538
521.2153,179.0101,5:54:40:732249,526
523.601,177.2612,5:54:40:735881,527
526.0849,175.9494,5:54:40:739884,535
528.5688,174.9,5:54:40:743881,536
531.1512,174.0546,5:54:40:747884,539
533.6106,173.4133,5:54:40:751377,539
535.9224,173.0052,5:54:40:755377,531
538.1605,172.8595,5:54:40:759467,529
540.2509,172.8595,5:54:40:763405,523
542.1938,172.8595,5:54:40:768227,515
543.9891,173.6174,5:54:40:771621,510
545.5632,174.317,5:54:40:775623,513
547.0388,175.2206,5:54:40:779620,518
548.416,176.3866,5:54:40:783620,517
549.7687,177.9025,5:54:40:787408,519
550.9246,179.7389,5:54:40:791418,504
552.0067,181.9252,5:54:40:795420,493
552.9413,184.4612,5:54:40:799418,491
553.7529,187.2305,5:54:40:804070,493
554.4661,190.2621,5:54:40:808695,501
555.0071,193.5269,5:54:40:811704,498
555.3514,196.9957,5:54:40:815731,493
555.376,200.5811,5:54:40:819707,487
555.376,204.3998,5:54:40:823704,505
554.6628,208.5974,5:54:40:828236,521
553.9005,213.1448,5:54:40:832244,540
553.0151,217.9545,5:54:40:836243,557
551.81,223.0266,5:54:40:840243,543
550.4081,228.2445,5:54:40:844245,532
548.7603,233.7247,5:54:40:847717,547
546.9158,239.5838,5:54:40:851717,555
544.9237,245.7636,5:54:40:855804,576
542.7595,251.7977,5:54:40:859779,606
540.5214,257.7443,5:54:40:863496,606
538.0375,263.4868,5:54:40:867739,619
535.6765,269.1419,5:54:40:871814,621
533.3647,274.6222,5:54:40:875739,637
531.1758,280.0732,5:54:40:879740,648
529.3067,285.1161,5:54:40:884233,663
527.7081,289.6927,5:54:40:888241,679
526.4784,293.8903,5:54:40:892243,684
525.6668,297.7381,5:54:40:896241,700
525.2979,301.2944,5:54:40:899345,708
525.2979,304.5009,5:54:40:904061,722
525.2979,307.445,5:54:40:908223,738
526.4292,309.8645,5:54:40:912207,750
527.5114,311.9633,5:54:40:916204,762
528.9624,313.6831,5:54:40:920229,776
530.6348,315.1407,5:54:40:924236,792
532.6514,316.3941,5:54:40:927749,802
534.8895,317.3852,5:54:40:931767,816
537.4226,318.1722,5:54:40:935804,828
540.1771,318.7261,5:54:40:939748,838
543.3743,319.0176,5:54:40:944235,849
546.9158,319.105,5:54:40:947870,860
550.8262,319.105,5:54:40:951780,868
555.0563,319.105,5:54:40:955892,870
559.6062,317.7933,5:54:40:959845,870
564.3774,316.8314,5:54:40:963330,868
569.4929,315.6071,5:54:40:967336,868
574.9527,314.0912,5:54:40:971335,863
580.5847,312.2839,5:54:40:975336,864
586.2166,310.1852,5:54:40:980130,862
591.8732,307.6491,5:54:40:984139,854
597.5051,304.7632,5:54:40:988181,875
603.2109,301.6442,5:54:40:992139,893
608.9412,298.3211,5:54:40:996140,913
614.5486,294.8814,5:54:40:999627,943
619.8609,291.296,5:54:41:003709,946
624.8534,287.6522,5:54:41:008624,954
629.4279,283.921,5:54:41:012642,959
633.6826,280.1024,5:54:41:015517,965
637.593,276.2254,5:54:41:019643,976
640.9869,272.0278,5:54:41:023517,1001
643.9628,267.8302,5:54:41:027516,1029
646.4221,263.516,5:54:41:032185,1043
648.488,259.2018,5:54:41:036184,1057
650.1358,254.8293,5:54:41:039737,1046
651.5131,250.4859,5:54:41:043736,1044
652.6198,246.2009,5:54:41:047747,1040
653.3575,241.9742,5:54:41:051746,1031
653.8248,237.8057,5:54:41:056360,1023
654.0708,233.4915,5:54:41:059554,1025
654.12,229.2939,5:54:41:063562,1030
654.12,225.0963,5:54:41:067600,1032
654.12,221.0736,5:54:41:072539,1040
654.12,217.1675,5:54:41:075642,1030
653.4313,213.5529,5:54:41:080666,1033
653.4313,210.1715,5:54:41:083665,1046
652.8903,207.2565,5:54:41:087666,1072
652.8903,204.7496,5:54:41:091666,1122
652.423,202.5634,5:54:41:096179,1184
652.423,200.6686,5:54:41:099616,1250
652.423,199.1236,5:54:41:103573,1318
651.9312,197.8119,5:54:41:107570,1348
651.9312,196.8791,5:54:41:111679,1352
651.9312,196.2961,5:54:41:115950,1344
651.9312,196.0046,5:54:41:119970,1325
651.9312,196.0046,5:54:41:124041,1313
651.9312,196.0046,5:54:41:128002,1306
651.9312,197.3455,5:54:41:132803,1303
651.9312,198.4532,5:54:41:135813,1295
651.9312,199.8815,5:54:41:139814,1288
652.4968,201.6888,5:54:41:143813,1279
652.4968,203.9334,5:54:41:147875,1273
652.4968,206.5278,5:54:41:152235,1284
652.4968,209.7634,5:54:41:155697,1295
652.4968,213.582,5:54:41:159697,1323
652.4968,217.9254,5:54:41:163679,1348
652.4968,222.6185,5:54:41:167766,1371
652.4968,227.6906,5:54:41:171853,1398
651.6114,233.2583,5:54:41:175878,1451
651.0458,239.2923,5:54:41:179852,1499
650.4063,245.8219,5:54:41:183852,1530
649.6685,252.4682,5:54:41:188225,1559
648.9061,258.9977,5:54:41:192235,1549
648.1191,265.644,5:54:41:195235,1561
647.2337,272.6108,5:54:41:200236,1569
646.4221,279.8983,5:54:41:204234,1577
645.6843,287.2149,5:54:41:208229,1586
644.9711,294.3275,5:54:41:212713,1569
644.3071,301.0904,5:54:41:215796,1559
643.6922,307.8531,5:54:41:219722,1566
643.1266,314.7617,5:54:41:223725,1574
642.5855,321.6411,5:54:41:227722,1585
642.2166,328.1415,5:54:41:232183,1585
641.8723,334.2339,5:54:41:236234,1538
641.5526,339.9764,5:54:41:239669,1450
641.282,345.4858,5:54:41:243672,1320
641.0853,350.7911,5:54:41:247669,1161
640.9623,355.8632,5:54:41:251696,961
640.8394,360.5563,5:54:41:255575,731
640.741,364.8997,5:54:41:259538,470
640.6426,368.9224,5:54:41:263635,242
640.4951,372.6245,5:54:41:267514,88
640.2983,376.0059,5:54:41:272177,0
639.954,378.95,5:54:41:275523,0
639.4867,381.4277,5:54:41:279523,0
638.8472,383.2933,5:54:41:283526,0
638.0602,384.4594,5:54:41:287523,0
637.0519,385.0424,5:54:41:292240,0
635.8714,385.0424,5:54:41:296187,0
634.5187,385.0424,5:54:41:300127,0
633.0186,383.2059,5:54:41:304127,0
631.3707,381.5735,5:54:41:308333,0
629.5508,379.3581,5:54:41:311511,0
627.5341,376.8221,5:54:41:315569,0
625.1486,373.6155,5:54:41:319509,0
622.64,370.0009,5:54:41:323572,0
619.5903,365.92,5:54:41:328239,0
616.1964,361.5183,5:54:41:332249,0
612.3598,356.8835,5:54:41:336246,0
608.1788,352.0737,5:54:41:340248,0
603.6044,347.0891,5:54:41:344260,0
603.6044,347.0891,5:54:41:362229,0
273.1136,179.3017,5:54:41:473710,0
270.7772,179.3017,5:54:41:478237,0
267.7276,177.2612,5:54:41:482187,0
263.9647,175.5704,5:54:41:485843,0
259.4886,173.4425,5:54:41:489774,0
254.1764,170.9648,5:54:41:493744,0
248.2739,168.1955,5:54:41:497747,0
241.6336,165.0764,5:54:41:502239,0
234.4768,161.6367,5:54:41:505952,0
228.9678,158.576,5:54:41:509958,0
223.5326,155.8942,5:54:41:514058,0
218.2941,153.2707,5:54:41:517986,0
213.1294,150.8804,5:54:41:522296,0
208.3582,148.5775,5:54:41:525956,0
203.7346,146.333,5:54:41:530083,0
199.3569,144.205,5:54:41:533956,0
195.053,142.2229,5:54:41:538016,0
190.9213,140.503,5:54:41:542242,0
187.1093,138.8414,5:54:41:546113,0
183.5677,137.3548,5:54:41:550113,0
180.2722,136.0139,5:54:41:554139,0
177.2717,134.8479,5:54:41:558203,0
174.5173,133.8568,5:54:41:562236,0
172.1563,132.9532,5:54:41:566048,0
170.0904,132.1369,5:54:41:570046,0
168.3442,131.2916,5:54:41:574193,0
166.8194,130.3588,5:54:41:578204,0
165.4422,129.426,5:54:41:582203,252
164.2617,128.5224,5:54:41:586201,252
163.1795,127.6187,5:54:41:590220,252
162.2204,126.7733,5:54:41:593533,251
161.3104,126.0446,5:54:41:598530,250
160.4496,125.4324,5:54:41:603530,244
159.6626,125.0826,5:54:41:605541,232
158.9494,124.9078,5:54:41:610164,220
158.2854,124.9078,5:54:41:614160,210
157.7197,124.9078,5:54:41:618152,196
157.2032,125.6656,5:54:41:622147,188
156.7606,125.6656,5:54:41:626185,179
156.4162,126.7442,5:54:41:630070,165
156.1949,127.4146,5:54:41:634080,151
156.1211,128.056,5:54:41:638079,137
156.1211,128.8138,5:54:41:642079,128
156.1211,129.5134,5:54:41:646182,124
157.1049,130.213,5:54:41:649693,128
157.8919,130.8835,5:54:41:653728,136
158.9002,131.5831,5:54:41:657758,139
160.1545,132.2536,5:54:41:661693,147
161.6547,132.8365,5:54:41:665889,158
163.4501,133.4487,5:54:41:669918,170
165.4668,134.0025,5:54:41:673939,198
167.7294,134.4689,5:54:41:677889,225
170.4347,134.9062,5:54:41:681947,253
173.6319,135.2852,5:54:41:686026,286
177.2472,135.6349,5:54:41:690078,310
181.3051,135.9556,5:54:41:693950,340
185.732,136.218,5:54:41:698232,360
190.5278,136.4803,5:54:41:702011,375
195.963,136.6844,5:54:41:707012,385
202.0377,136.9467,5:54:41:710021,387
208.3337,137.1799,5:54:41:714019,387
214.8018,137.3839,5:54:41:718236,386
221.7864,137.6463,5:54:41:722246,380
229.2875,137.9086,5:54:41:726247,366
237.1329,138.171,5:54:41:730246,354
245.3964,138.4625,5:54:41:734347,340
254.0288,138.754,5:54:41:737858,324
262.858,139.0163,5:54:41:741859,312
271.9085,139.337,5:54:41:745860,302
281.5493,139.541,5:54:41:749860,288
291.19,139.7742,5:54:41:753443,282
300.7078,139.9491,5:54:41:758456,271
310.5699,140.0658,5:54:41:761453,264
320.5549,140.1241,5:54:41:765543,261
330.1219,140.1241,5:54:41:770232,254
339.6889,140.1241,5:54:41:773397,253
349.3296,140.1241,5:54:41:777413,253
358.5031,140.1241,5:54:41:781409,252
367.1601,140.1241,5:54:41:785406,253
375.7187,140.1241,5:54:41:790233,258
383.8101,139.2787,5:54:41:793579,256
391.3358,139.2787,5:54:41:797579,256
398.4925,139.2787,5:54:41:802579,257
404.8869,138.6665,5:54:41:806577,257
410.4205,138.6665,5:54:41:810231,258
415.3147,138.6665,5:54:41:814239,263
419.7907,138.2585,5:54:41:818238,267
423.529,138.2585,5:54:41:822240,267
426.5294,138.2585,5:54:41:826253,272
428.8658,138.2585,5:54:41:830236,255
430.6858,138.2585,5:54:41:834302,229
431.9892,138.2585,5:54:41:838301,193
433.0714,138.2585,5:54:41:842301,160
433.7108,138.2585,5:54:41:845357,141
434.1043,138.2585,5:54:41:850347,131
434.2273,138.8706,5:54:41:853972,126
434.2273,138.8706,5:54:41:857865,103
434.2273,138.8706,5:54:41:861862,71
433.637,138.8706,5:54:41:865862,38
433.637,138.8706,5:54:41:870231,0
432.8992,139.337,5:54:41:873899,0
432.8992,139.337,5:54:41:877858,0
432.063,139.7742,5:54:41:881870,0
432.063,140.0949,5:54:41:885885,0
431.4973,140.4447,5:54:41:890127,0
431.4973,140.7654,5:54:41:894136,0
431.4973,141.0569,5:54:41:898176,0
431.4973,141.3192,5:54:41:902136,0
432.8992,141.5524,5:54:41:906225,0
434.1289,141.669,5:54:41:910155,0
435.8012,141.669,5:54:41:914230,0
437.9163,141.669,5:54:41:918072,0
440.4987,141.669,5:54:41:922122,0
443.6221,140.9402,5:54:41:926022,0
447.3603,140.9402,5:54:41:930022,0
451.6888,139.8909,5:54:41:934485,0
456.46,139.2204,5:54:41:937530,0
461.7968,138.4042,5:54:41:941495,0
467.5764,137.5005,5:54:41:945552,0
473.774,136.5969,5:54:41:949544,0
480.2914,135.6349,5:54:41:954181,0
486.9808,134.6438,5:54:41:958241,0
493.7195,133.7693,5:54:41:961504,0
500.409,132.924,5:54:41:965625,0
507.0985,132.1661,5:54:41:970500,0
513.4683,131.554,5:54:41:973568,0
519.5184,130.9418,5:54:41:978234,0
525.2487,130.4462,5:54:41:981535,0
530.684,130.0673,5:54:41:985535,0
535.701,129.6884,5:54:41:989639,0
540.3493,129.426,5:54:41:993661,0
544.6778,129.2511,5:54:41:998313,0
548.539,129.1053,5:54:42:002323,0
552.1543,129.0179,5:54:42:006321,0
555.4744,129.0179,5:54:42:009323,0
558.4503,129.0179,5:54:42:013325,0
561.0572,129.0179,5:54:42:017464,0
563.4428,129.0179,5:54:42:022092,0
565.5087,129.8341,5:54:42:026187,0
567.2548,129.8341,5:54:42:030194,0
568.6813,130.592,5:54:42:034201,0
569.8372,130.592,5:54:42:038211,0
570.7225,131.4373,5:54:42:042224,0
571.362,131.9621,5:54:42:046349,0
571.7801,132.5159,5:54:42:050494,0
571.9277,133.0989,5:54:42:054494,0
571.9277,133.6819,5:54:42:057545,0
571.9277,134.2941,5:54:42:061499,0
571.3374,134.7313,5:54:42:065961,0
571.3374,135.052,5:54:42:069972,0
570.5258,135.3143,5:54:42:073975,401
570.5258,135.3143,5:54:42:077963,406
569.8126,135.5184,5:54:42:082238,404
569.8126,135.5184,5:54:42:086349,398
569.8126,135.5184,5:54:42:090341,387
569.8126,135.5184,5:54:42:094348,372
569.8126,135.5184,5:54:42:098343,367
569.8126,135.5184,5:54:42:102529,368
570.9931,135.5184,5:54:42:105502,378
572.0261,135.5184,5:54:42:110403,388
573.3787,135.5184,5:54:42:115402,399
575.1003,135.5184,5:54:42:117419,408
577.2645,135.5184,5:54:42:121995,423
579.9944,136.0722,5:54:42:126005,442
583.3392,136.0722,5:54:42:130004,459
587.2004,136.0722,5:54:42:134027,478
591.5289,136.0722,5:54:42:138172,493
596.1771,136.0722,5:54:42:141577,498
601.2434,136.0722,5:54:42:145578,505
606.7032,136.0722,5:54:42:149575,508
612.4581,135.4601,5:54:42:153671,505
618.2623,135.4601,5:54:42:158822,504
623.968,135.4601,5:54:42:161831,501
629.6,135.4601,5:54:42:165913,498
635.2811,135.4601,5:54:42:169838,494
641.1099,135.4601,5:54:42:173922,485
646.8894,135.4601,5:54:42:178231,469
652.4476,135.4601,5:54:42:181811,446
657.6369,135.4601,5:54:42:185895,415
662.6294,135.4601,5:54:42:189906,383
667.5728,136.1013,5:54:42:193831,354
672.2701,136.1013,5:54:42:198235,324
676.697,136.1013,5:54:42:202245,294
680.7304,136.5094,5:54:42:206245,260
684.4441,136.5094,5:54:42:210245,206
687.8872,136.9176,5:54:42:214467,136
691.0598,137.2382,5:54:42:217482,73
693.8881,137.6171,5:54:42:221477,0
696.2737,138.1418,5:54:42:225475,0
698.2411,138.7249,5:54:42:229475,0
699.8152,139.3661,5:54:42:233498,0
700.9465,140.0658,5:54:42:237397,0
701.6597,140.7945,5:54:42:241406,0
701.9302,141.465,5:54:42:245489,0
701.9302,142.0479,5:54:42:249408,0
701.9302,142.5435,5:54:42:253527,0
700.9711,142.9225,5:54:42:258229,0
700.2087,143.0682,5:54:42:261594,0
699.2741,143.1265,5:54:42:265545,0
698.2411,143.1265,5:54:42:269629,0
697.0607,143.1265,5:54:42:273623,0
697.0607,143.1265,5:54:42:292236,0
