212.0227,185.0733,6:00:15:287413,0
212.0227,185.0733,6:00:15:290423,0
210.8668,185.0733,6:00:15:294435,0
210.252,185.0733,6:00:15:298496,0
209.6371,185.0733,6:00:15:303521,0
208.8993,185.0733,6:00:15:307228,0
208.1615,185.0733,6:00:15:311228,0
207.1286,185.0733,6:00:15:315228,0
206.317,185.0733,6:00:15:319232,0
205.9235,186.2685,6:00:15:323282,0
205.5054,186.9389,6:00:15:327202,0
205.1119,187.4637,6:00:15:331162,0
204.62,187.9592,6:00:15:335296,0
204.0789,188.4547,6:00:15:339295,0
203.4887,188.4547,6:00:15:343296,0
203.0706,189.2126,6:00:15:347291,0
202.3574,189.5625,6:00:15:351202,0
201.6933,189.5625,6:00:15:355470,0
201.0047,189.9706,6:00:15:359061,0
200.3407,189.9706,6:00:15:363066,0
199.5783,190.1454,6:00:15:366987,0
198.9142,190.1454,6:00:15:370988,0
198.3732,190.1454,6:00:15:375091,0
197.7583,190.1454,6:00:15:379185,0
197.2173,190.1454,6:00:15:383204,0
196.6516,190.1454,6:00:15:387195,0
196.1106,189.3001,6:00:15:391204,0
195.5941,189.3001,6:00:15:395523,0
195.053,188.6588,6:00:15:398533,0
194.5858,188.6588,6:00:15:402570,0
194.0447,188.0175,6:00:15:407532,0
193.5774,188.0175,6:00:15:410532,0
193.0855,187.347,6:00:15:414588,0
192.5445,187.347,6:00:15:418587,0
191.9788,186.6474,6:00:15:422588,0
191.3886,186.2685,6:00:15:426591,0
190.7983,185.8604,6:00:15:431195,0
190.1097,185.5106,6:00:15:435205,0
189.4211,185.1899,6:00:15:439202,0
188.6587,184.7818,6:00:15:443205,0
187.8963,184.3154,6:00:15:447205,0
187.1093,183.7616,6:00:15:451284,0
186.3714,183.3535,6:00:15:455549,0
185.5598,182.8288,6:00:15:458589,0
184.6499,182.3333,6:00:15:462585,0
183.8137,181.7794,6:00:15:467550,0
182.9529,181.1964,6:00:15:471096,0
182.0675,180.6717,6:00:15:475257,0
181.1084,180.1178,6:00:15:478608,0
180.223,179.5932,6:00:15:482537,0
179.1409,178.981,6:00:15:486537,0
178.1817,178.4563,6:00:15:490667,0
177.2226,177.9316,6:00:15:495405,0
176.3126,177.4069,6:00:15:499120,0
175.378,176.9405,6:00:15:503207,0
174.4681,176.5324,6:00:15:507103,0
173.4597,176.2409,6:00:15:511113,0
172.476,176.0368,6:00:15:515246,0
171.6152,175.862,6:00:15:519257,0
170.7298,175.687,6:00:15:523256,0
169.8444,175.5413,6:00:15:527254,0
168.9591,175.3372,6:00:15:531254,0
168.0983,175.1915,6:00:15:534346,0
167.3113,175.0166,6:00:15:539246,0
166.6964,174.7542,6:00:15:542363,0
166.057,174.521,6:00:15:546452,0
165.4668,174.3461,6:00:15:550375,0
164.8765,174.1129,6:00:15:554487,0
164.3108,173.8506,6:00:15:558445,0
163.819,173.6465,6:00:15:562377,0
163.3271,173.4133,6:00:15:567194,0
162.909,173.2093,6:00:15:570607,0
162.5155,172.9761,6:00:15:574484,0
162.122,172.6846,6:00:15:578483,0
161.8269,172.3931,6:00:15:582486,0
161.5564,172.1308,6:00:15:586572,0
161.3104,171.9267,6:00:15:591167,0
161.1628,171.7518,6:00:15:595197,0
161.0153,171.5186,6:00:15:599178,0
160.8431,171.3437,6:00:15:603199,0
160.7202,171.198,6:00:15:607227,0
160.6218,171.0522,6:00:15:611245,0
160.5726,170.8773,6:00:15:614633,0
160.4988,170.7607,6:00:15:619505,0
160.4742,170.5275,6:00:15:623505,0
160.4496,170.3526,6:00:15:627505,0
160.3758,170.0903,6:00:15:631251,0
160.3267,169.8571,6:00:15:634624,0
160.2775,169.5656,6:00:15:638667,0
160.2775,169.274,6:00:15:642693,0
160.2775,168.9825,6:00:15:646564,0
160.2775,168.6911,6:00:15:651619,0
160.2775,168.3412,6:00:15:654630,0
160.2775,168.0206,6:00:15:658631,0
160.2775,167.6708,6:00:15:662631,0
160.2775,167.3501,6:00:15:666681,0
160.2775,166.942,6:00:15:671251,0
160.2775,166.534,6:00:15:674502,0
160.2775,166.0967,6:00:15:678502,0
160.2775,165.6303,6:00:15:682606,0
160.2775,165.1639,6:00:15:686503,0
160.2775,164.7558,6:00:15:691206,0
160.2775,164.3185,6:00:15:695200,0
159.7856,163.8813,6:00:15:699360,0
159.7856,163.5023,6:00:15:702362,0
159.3921,163.1234,6:00:15:707368,0
159.3921,162.8027,6:00:15:711370,0
158.9002,162.4529,6:00:15:715317,0
158.9002,162.1323,6:00:15:719326,0
158.5067,161.7533,6:00:15:723326,0
158.2608,161.4327,6:00:15:727326,0
158.0394,161.0538,6:00:15:731325,0
157.8181,160.6456,6:00:15:735251,0
157.5476,160.2084,6:00:15:738508,0
157.2524,159.6837,6:00:15:742507,0
156.9819,159.0424,6:00:15:746646,0
156.6622,158.4303,6:00:15:750508,0
156.2933,157.7307,6:00:15:755695,0
155.9736,156.9727,6:00:15:758705,0
155.6293,156.2148,6:00:15:762841,0
155.2849,155.457,6:00:15:766705,0
154.9652,154.7282,6:00:15:770772,0
154.6209,153.9703,6:00:15:775199,0
154.3258,153.2415,6:00:15:779248,0
154.0061,152.5128,6:00:15:783189,0
153.7355,151.8132,6:00:15:787149,0
153.3912,151.0553,6:00:15:791106,0
153.0961,150.3557,6:00:15:795202,0
152.801,149.627,6:00:15:799262,0
152.5058,148.8399,6:00:15:803020,0
152.2599,148.1111,6:00:15:807157,0
151.9894,147.3533,6:00:15:811020,0
151.6942,146.6537,6:00:15:815023,0
151.4729,145.9249,6:00:15:819251,0
151.2516,145.2836,6:00:15:822551,0
151.0302,144.6131,6:00:15:826505,0
150.8335,144.0302,6:00:15:830502,0
150.6367,143.418,6:00:15:834559,0
150.4154,142.8642,6:00:15:839257,0
150.194,142.2811,6:00:15:842959,0
150.0219,141.7565,6:00:15:846958,0
149.8005,141.2901,6:00:15:850959,0
149.5792,140.707,6:00:15:855029,0
149.3824,140.1823,6:00:15:859086,0
149.1857,139.6868,6:00:15:863251,0
148.9889,139.2495,6:00:15:866563,0
148.7184,138.8414,6:00:15:871573,0
148.5462,138.4625,6:00:15:874580,0
148.3495,138.1127,6:00:15:878566,0
148.2019,137.7921,6:00:15:883199,0
148.0544,137.5589,6:00:15:886820,0
147.8822,137.3257,6:00:15:890844,0
147.7592,137.0925,6:00:15:894820,0
147.6117,136.8884,6:00:15:898844,0
147.5133,136.6844,6:00:15:903254,0
147.3658,136.5969,6:00:15:906841,0
147.2182,136.3929,6:00:15:910833,0
147.046,136.2762,6:00:15:914890,0
146.8493,136.1888,6:00:15:918882,0
146.6279,136.0722,6:00:15:923250,0
146.382,135.9556,6:00:15:926576,0
146.2098,135.8681,6:00:15:930557,0
145.9393,135.7224,6:00:15:934507,0
145.6934,135.6349,6:00:15:938479,0
145.5212,135.5184,6:00:15:943195,0
145.3245,135.4017,6:00:15:947128,0
145.1277,135.256,6:00:15:950414,0
145.0047,135.1102,6:00:15:954373,0
144.8572,134.9645,6:00:15:958373,0
144.7342,134.8188,6:00:15:962379,0
144.6358,134.7021,6:00:15:966999,0
144.5375,134.5856,6:00:15:971011,0
144.4883,134.4689,6:00:15:974927,0
144.4145,134.4106,6:00:15:978921,0
144.3653,134.3524,6:00:15:983193,0
144.3653,134.3232,6:00:15:987245,0
144.2915,134.2941,6:00:15:991193,0
144.2669,134.2941,6:00:15:995116,0
144.2423,134.2941,6:00:15:999214,0
144.1686,134.2941,6:00:16:003214,0
144.144,134.2941,6:00:16:007149,0
144.0456,134.2941,6:00:16:011201,0
143.9718,134.2941,6:00:16:014508,0
143.898,134.2941,6:00:16:019384,0
143.8488,134.2941,6:00:16:023384,0
143.7751,134.9062,6:00:16:027384,0
143.6767,134.9062,6:00:16:031600,0
143.5045,135.4601,6:00:16:035209,0
143.3324,135.9265,6:00:16:039219,0
143.111,136.4803,6:00:16:043114,0
142.8159,137.1799,6:00:16:047113,0
142.5208,138.0544,6:00:16:051201,57
142.1765,139.1038,6:00:16:055127,65
141.783,140.2406,6:00:16:059361,84
141.4141,141.669,6:00:16:063352,110
141.0452,143.2431,6:00:16:066399,140
140.6517,145.0213,6:00:16:072353,171
140.2582,146.9743,6:00:16:075250,200
139.8893,149.1314,6:00:16:079288,223
139.5203,151.4342,6:00:16:083272,254
139.1022,153.912,6:00:16:087272,285
138.6596,156.5063,6:00:16:091274,318
138.2415,159.1299,6:00:16:095572,355
137.7742,161.8699,6:00:16:098581,386
137.3069,164.6684,6:00:16:102584,412
136.7658,167.6416,6:00:16:106594,446
136.2248,170.9064,6:00:16:110582,488
135.6345,174.5793,6:00:16:114871,531
135.0443,178.6312,6:00:16:118776,578
134.454,183.0329,6:00:16:122768,614
133.79,187.6969,6:00:16:126800,647
133.1506,192.6232,6:00:16:130830,669
132.5111,197.8119,6:00:16:135159,707
131.9209,203.3212,6:00:16:139117,750
131.3552,209.1512,6:00:16:143189,789
130.8879,214.9812,6:00:16:147190,834
130.4944,220.7821,6:00:16:151264,861
130.1993,226.4372,6:00:16:155274,873
130.0517,232.034,6:00:16:158277,880
129.978,237.6017,6:00:16:163272,906
129.978,243.315,6:00:16:167276,917
129.978,248.7952,6:00:16:171308,939
130.642,253.8965,6:00:16:174953,963
130.642,258.6479,6:00:16:178952,970
131.7979,263.0787,6:00:16:183084,989
132.5849,267.218,6:00:16:186952,991
133.5441,271.0659,6:00:16:191196,998
134.6508,274.5638,6:00:16:195243,999
135.9543,277.4497,6:00:16:198392,999
137.4299,279.9566,6:00:16:202433,1006
139.0777,282.0845,6:00:16:206392,1014
140.9714,283.8627,6:00:16:210511,1022
143.1356,285.291,6:00:16:215244,1021
145.5212,286.4862,6:00:16:218768,1015
148.079,287.3315,6:00:16:222797,988
150.8335,287.8563,6:00:16:226765,963
153.6863,288.0312,6:00:16:230764,924
156.6622,288.0312,6:00:16:235000,884
159.761,287.2149,6:00:16:238997,839
162.8844,286.253,6:00:16:243107,783
166.1062,284.9121,6:00:16:246996,744
169.4017,283.1923,6:00:16:251141,709
172.8449,281.0643,6:00:16:254524,687
176.3372,278.5865,6:00:16:258523,664
179.9033,275.6715,6:00:16:262648,638
183.3956,272.3776,6:00:16:267523,609
186.8879,268.7921,6:00:16:271099,595
190.2327,264.886,6:00:16:275834,577
193.4298,260.8342,6:00:16:278886,564
196.4057,256.6075,6:00:16:282847,553
199.0864,252.2058,6:00:16:286848,530
201.5212,247.6001,6:00:16:290844,520
203.8084,242.8195,6:00:16:295187,509
205.8497,237.7474,6:00:16:298466,524
207.6942,232.6461,6:00:16:303466,537
209.3174,227.4574,6:00:16:307465,547
210.6947,222.2104,6:00:16:310464,566
211.8506,216.7594,6:00:16:315479,567
212.8589,211.1917,6:00:16:319721,578
213.6705,205.3909,6:00:16:322730,600
214.2608,199.6192,6:00:16:326794,638
214.7034,194.1098,6:00:16:330731,673
215.0723,188.6588,6:00:16:334780,710
215.3429,183.2661,6:00:16:339242,748
215.6134,177.9316,6:00:16:343250,767
215.7856,172.8012,6:00:16:347249,804
215.9577,167.8165,6:00:16:351252,842
216.0315,163.2108,6:00:16:355456,881
216.1053,158.955,6:00:16:358465,958
216.1053,155.1071,6:00:16:362465,1049
216.1053,151.58,6:00:16:367466,1155
216.1053,148.461,6:00:16:371468,1276
216.1053,145.9249,6:00:16:375179,1365
215.4167,143.8844,6:00:16:379209,1427
215.4167,142.3978,6:00:16:383208,1451
214.851,141.4066,6:00:16:387206,1446
214.851,140.8819,6:00:16:391185,1394
214.3345,140.5905,6:00:16:395302,1301
214.3345,140.5322,6:00:16:399303,1202
213.8427,140.5322,6:00:16:403300,1096
213.8427,140.5322,6:00:16:407303,1043
213.3754,142.1646,6:00:16:411677,1029
213.0802,143.5929,6:00:16:414767,1038
212.6868,145.5459,6:00:16:418689,1057
212.2687,147.9946,6:00:16:422685,1065
211.7522,150.997,6:00:16:426687,1079
211.2357,154.4659,6:00:16:431243,1081
210.6701,158.4011,6:00:16:434807,1089
210.0552,162.8319,6:00:16:438923,1116
209.4404,167.7291,6:00:16:443804,1142
208.8501,173.0927,6:00:16:446804,1171
208.2845,178.7769,6:00:16:451242,1201
207.768,184.6653,6:00:16:454642,1210
207.3007,190.8159,6:00:16:458640,1203
206.858,197.2289,6:00:16:462641,1229
206.4153,204.1375,6:00:16:466691,1242
206.0219,211.25,6:00:16:470780,1252
205.5792,218.3335,6:00:16:475090,1266
205.1365,225.2129,6:00:16:479071,1256
204.6692,232.034,6:00:16:483097,1269
204.1035,239.1758,6:00:16:487065,1287
203.4641,246.4341,6:00:16:491079,1305
202.7755,253.6342,6:00:16:495243,1321
201.9885,260.4553,6:00:16:499251,1317
201.2015,267.0723,6:00:16:503253,1321
200.4145,273.631,6:00:16:507250,1325
199.6521,280.219,6:00:16:511250,1330
198.8651,286.632,6:00:16:515249,1339
198.1764,292.4911,6:00:16:518729,1335
197.5616,297.7964,6:00:16:522828,1331
197.0205,302.6936,6:00:16:526733,1327
196.6024,307.0661,6:00:16:530786,1322
196.3073,310.8847,6:00:16:535193,1318
196.086,314.0621,6:00:16:539233,1322
195.963,316.5399,6:00:16:543234,1326
195.963,318.4346,6:00:16:547234,1317
195.963,319.8047,6:00:16:551233,1308
195.963,320.7666,6:00:16:555234,1294
195.963,321.3788,6:00:16:558888,1285
195.963,321.7577,6:00:16:562888,1285
196.4795,321.7577,6:00:16:566950,1295
196.4795,321.7577,6:00:16:571018,1304
196.4795,320.7375,6:00:16:575192,1305
197.1435,319.688,6:00:16:579246,1314
197.1435,318.2888,6:00:16:582807,1305
197.7583,316.4232,6:00:16:586918,1301
198.1764,314.0621,6:00:16:590791,1287
198.6437,311.1762,6:00:16:594791,1272
199.1848,307.7657,6:00:16:599243,1290
199.7258,303.9762,6:00:16:602646,1289
200.3653,299.9243,6:00:16:606767,1293
201.0539,295.581,6:00:16:610643,1303
201.8655,291.0045,6:00:16:614643,1282
202.7017,286.1947,6:00:16:619249,1264
203.6608,281.0643,6:00:16:623260,1258
204.7676,275.7007,6:00:16:627259,1256
206.0219,270.4828,6:00:16:631261,1263
207.4483,265.265,6:00:16:635260,1277
209.0223,260.1346,6:00:16:639259,1287
210.7684,255.1208,6:00:16:642918,1281
212.613,250.3111,6:00:16:646917,1281
214.5805,245.8219,6:00:16:650916,1290
216.5972,241.7701,6:00:16:654917,1294
218.663,238.2138,6:00:16:659042,1302
220.7289,234.949,6:00:16:662318,1302
222.7456,231.9757,6:00:16:667318,1291
224.7869,229.323,6:00:16:671318,1290
226.8282,226.8745,6:00:16:675325,1289
228.8203,224.8048,6:00:16:679236,1279
230.8369,222.9975,6:00:16:682328,1278
232.9766,221.54,6:00:16:686423,1273
235.19,220.3157,6:00:16:690349,1272
237.5018,219.4412,6:00:16:694356,1272
239.912,218.8291,6:00:16:698946,1263
242.4452,218.5084,6:00:16:702872,1259
245.0029,218.4792,6:00:16:706913,1250
247.6591,218.4792,6:00:16:710874,1243
250.3644,219.4412,6:00:16:715246,1254
252.9959,220.3157,6:00:16:719256,1251
255.5782,221.6566,6:00:16:723256,1250
258.136,223.3181,6:00:16:727255,1252
260.5708,225.3295,6:00:16:731255,1242
262.8826,227.6615,6:00:16:735191,1248
265.1698,230.285,6:00:16:738924,1246
267.3586,233.1417,6:00:16:742938,1238
269.4491,236.2316,6:00:16:746826,1237
271.4166,239.613,6:00:16:750826,1238
273.2612,243.2859,6:00:16:754939,1262
274.8597,247.4252,6:00:16:758948,1295
276.2862,251.9435,6:00:16:762948,1329
277.4913,256.8698,6:00:16:766948,1352
278.3766,262.0585,6:00:16:771049,1361
279.1145,267.597,6:00:16:775246,1388
279.508,273.6602,6:00:16:779269,1413
279.7047,280.3355,6:00:16:783255,1436
279.7047,287.3024,6:00:16:787255,1467
279.7047,294.2109,6:00:16:791255,1495
279.1145,301.032,6:00:16:794894,1534
279.1145,307.7657,6:00:16:798892,1605
278.0078,314.4702,6:00:16:802891,1684
277.2699,321.1455,6:00:16:806972,1768
276.4091,327.3836,6:00:16:811237,1847
275.5238,333.0388,6:00:16:815248,1899
274.6138,338.2274,6:00:16:819260,1941
273.7284,343.0081,6:00:16:823246,1968
272.9168,347.4097,6:00:16:827245,1985
272.1299,351.4033,6:00:16:831247,1999
271.515,354.9304,6:00:16:834772,2011
270.9739,357.9037,6:00:16:838836,2020
270.605,360.2649,6:00:16:842860,2004
270.3345,362.1888,6:00:16:846761,1947
270.1378,363.6754,6:00:16:851185,1819
270.1378,364.8123,6:00:16:855193,1616
269.9902,365.5993,6:00:16:859194,1360
269.9902,365.9491,6:00:16:863196,1022
269.9902,366.0366,6:00:16:868194,644
269.9902,366.0366,6:00:16:871085,338
269.9902,364.8997,6:00:16:875072,0
269.9902,363.6754,6:00:16:879072,0
269.9902,362.0139,6:00:16:883073,0
269.9902,359.7693,6:00:16:887188,0
269.9902,357.0001,6:00:16:891494,0
269.9902,353.6478,6:00:16:894506,0
269.9902,349.6834,6:00:16:898503,0
269.9902,345.2234,6:00:16:902572,0
269.4491,340.2388,6:00:16:906506,0
269.4491,334.7586,6:00:16:910730,0
269.4491,328.8994,6:00:16:914784,0
268.9572,322.7196,6:00:16:918742,0
268.9572,316.2192,6:00:16:922742,0
268.9572,309.3981,6:00:16:927249,0
268.9572,302.4604,6:00:16:930538,0
268.5883,295.6101,6:00:16:934509,0
268.5883,288.8765,6:00:16:938571,0
268.5883,282.2303,6:00:16:942476,0
268.5883,275.7299,6:00:16:946513,0
268.5883,269.4626,6:00:16:951191,0
268.2932,263.4286,6:00:16:955241,0
267.8997,257.7151,6:00:16:959250,0
267.4816,252.2641,6:00:16:963250,0
266.8914,247.0171,6:00:16:967250,0
266.1782,241.9158,6:00:16:971250,0
265.2682,237.0186,6:00:16:974853,0
264.2599,232.3255,6:00:16:979252,0
263.2023,227.6906,6:00:16:983164,0
262.0218,223.289,6:00:16:987028,0
260.9151,218.9165,6:00:16:991094,0
259.7592,214.5732,6:00:16:994982,0
258.5541,210.4339,6:00:16:998983,0
257.2752,206.3528,6:00:17:003190,0
256.0455,202.301,6:00:17:007241,0
254.7175,198.1034,6:00:17:011020,0
253.3648,194.0807,6:00:17:015018,0
251.9876,189.8248,6:00:17:019112,0
250.6841,185.3649,6:00:17:023051,0
249.2331,181.0798,6:00:17:027245,0
247.9542,176.7365,6:00:17:030585,0
246.6507,172.4805,6:00:17:034576,0
245.3472,168.3704,6:00:17:038546,0
244.1422,164.5226,6:00:17:042546,0
243.06,160.8206,6:00:17:047247,0
242.0517,157.7307,6:00:17:050367,0
240.9942,155.0488,6:00:17:054432,0
240.0842,152.6586,6:00:17:059373,0
239.2234,150.5889,6:00:17:062372,0
238.338,148.9565,6:00:17:066375,0
237.5018,147.6156,6:00:17:071245,0
236.6165,146.6245,6:00:17:074636,0
235.6819,145.9541,6:00:17:079542,0
234.7227,145.5168,6:00:17:083543,0
233.8128,145.2836,6:00:17:087543,0
232.8536,145.1962,6:00:17:091117,0
231.8699,145.1962,6:00:17:095127,0
231.0337,145.1962,6:00:17:099199,0
230.2221,145.1962,6:00:17:103195,0
229.4843,145.1962,6:00:17:107199,0
228.7957,145.1962,6:00:17:111248,0
228.2546,145.8083,6:00:17:114537,0
227.7627,145.8083,6:00:17:118665,0
227.3692,145.8083,6:00:17:123538,0
227.0249,146.2747,6:00:17:126589,0
226.779,146.2747,6:00:17:131297,0
226.6068,146.7411,6:00:17:135250,0
226.5084,147.0909,6:00:17:139196,0
226.5084,147.499,6:00:17:142850,0
226.5084,148.0237,6:00:17:146829,0
226.5084,148.5484,6:00:17:150829,0
227.0987,149.1314,6:00:17:155244,0
227.0987,149.8018,6:00:17:158639,0
227.9349,150.5014,6:00:17:162544,0
228.5005,151.201,6:00:17:166544,0
229.0662,151.8423,6:00:17:170546,0
229.7302,152.3671,6:00:17:175247,0
230.4188,152.7751,6:00:17:179197,0
231.1075,153.0667,6:00:17:182579,0
231.8207,153.125,6:00:17:186577,0
232.4601,153.125,6:00:17:190617,0
233.1487,153.125,6:00:17:194596,0
233.7882,152.1047,6:00:17:198579,0
234.3539,151.3176,6:00:17:203248,0
234.8457,150.2391,6:00:17:206650,0
235.2392,148.9565,6:00:17:210657,0
235.5589,147.3533,6:00:17:214671,909
235.7557,145.5751,6:00:17:218570,905
235.9032,143.6221,6:00:17:223241,917
236.0016,141.465,6:00:17:227251,930
236.0262,139.1621,6:00:17:231251,938
236.0508,136.6552,6:00:17:235251,942
236.0508,133.9442,6:00:17:239483,931
236.1246,131.0001,6:00:17:242496,915
236.223,127.7061,6:00:17:247493,896
236.3214,123.9458,6:00:17:250492,910
236.4443,119.894,6:00:17:254491,934
236.4935,115.434,6:00:17:258718,948
236.6656,110.6243,6:00:17:262718,955
236.7394,105.4355,6:00:17:266762,930
236.887,99.8679,6:00:17:271718,901
236.9608,93.7464,6:00:17:275314,909
237.0346,87.5666,6:00:17:278310,928
237.0838,81.5034,6:00:17:282310,956
237.1329,75.41105,6:00:17:286310,978
237.1575,69.4353,6:00:17:290311,967
237.1575,63.4304,6:00:17:294310,947
237.1575,57.5421,6:00:17:298310,928
237.1575,49.3218,6:00:17:302310,920
237.1575,46.96065,6:00:17:307803,930
237.1575,42.3258,6:00:17:310840,938
236.6165,38.0699,6:00:17:314900,944
236.6165,34.19295,6:00:17:318820,932
235.5835,30.69495,6:00:17:323997,909
234.7473,27.7508,6:00:17:327014,899
233.5914,25.3022,6:00:17:331015,882
232.0666,23.3783,6:00:17:335016,861
230.2467,21.83335,6:00:17:339017,846
228.0578,20.66735,6:00:17:343241,829
225.5001,19.822,6:00:17:347249,816
222.6718,19.26815,6:00:17:351252,816
219.4746,19.03495,6:00:17:355250,809
216.2037,19.03495,6:00:17:359250,808
212.8835,19.03495,6:00:17:362889,800
209.5388,20.14265,6:00:17:366948,784
206.2432,21.01715,6:00:17:371889,769
203.046,22.12485,6:00:17:374889,757
199.9964,23.3783,6:00:17:380023,747
197.1189,24.80665,6:00:17:383033,747
194.4874,26.38075,6:00:17:387026,756
191.9542,28.07145,6:00:17:391130,762
189.5932,29.93705,6:00:17:395242,765
187.5027,31.8901,6:00:17:398792,760
185.6828,33.84315,6:00:17:402727,750
184.158,35.8545,6:00:17:406825,736
182.9529,37.8367,6:00:17:410724,714
182.1167,39.7606,6:00:17:414218,705
181.6248,41.65535,6:00:17:418254,691
181.4281,43.40435,6:00:17:423213,682
181.4281,44.92015,6:00:17:427214,684
182.0921,46.31935,6:00:17:431592,677
182.8791,47.54365,6:00:17:434602,679
183.9612,48.6222,6:00:17:438603,675
185.3877,49.46755,6:00:17:442601,667
187.1584,50.10885,6:00:17:446601,665
189.1259,50.57525,6:00:17:450810,649
191.3394,50.86675,6:00:17:454810,623
193.7742,50.98335,6:00:17:458810,582
196.3565,50.98335,6:00:17:462810,522
199.2094,50.98335,6:00:17:466931,441
202.3328,50.2546,6:00:17:471104,360
205.6775,50.2546,6:00:17:475174,265
209.1698,49.0303,6:00:17:479183,162
212.8343,48.2141,6:00:17:483197,85
216.548,47.3396,6:00:17:487192,0
220.4092,46.2902,6:00:17:491185,0
224.1966,45.15335,6:00:17:495240,0
228.0087,43.92905,6:00:17:498548,0
231.7469,42.6756,6:00:17:502551,0
235.3376,41.36385,6:00:17:506668,0
238.7561,40.1687,6:00:17:510606,0
241.9287,39.03185,6:00:17:515247,0
244.7816,38.0699,6:00:17:519239,0
247.3393,37.39945,6:00:17:523249,0
249.5528,36.99135,6:00:17:527249,0
251.2743,36.99135,6:00:17:531249,0
252.4303,36.99135,6:00:17:535501,0
253.1189,37.895,6:00:17:538572,0
253.3648,38.85695,6:00:17:542513,0
253.3648,40.1687,6:00:17:546558,0
253.3648,41.7428,6:00:17:550513,0
252.1105,43.52095,6:00:17:555913,0
251.2498,45.56145,6:00:17:558926,0
250.2168,47.77685,6:00:17:562982,0
249.1101,50.138,6:00:17:566952,0
247.9542,52.73235,6:00:17:570922,0
246.7983,55.58905,6:00:17:575173,0
245.6916,58.50405,6:00:17:579238,0
244.5603,61.6814,6:00:17:582829,0
243.4535,64.97535,6:00:17:586755,0
242.4698,68.47335,6:00:17:590832,0
241.5352,72.02965,6:00:17:594853,0
240.6498,75.6734,6:00:17:599238,0
239.8383,79.43375,6:00:17:603165,0
239.0513,83.3107,6:00:17:607053,0
238.3134,87.42085,6:00:17:611136,0
237.6002,91.67675,6:00:17:615120,0
236.8378,96.16585,6:00:17:619244,0
236.0508,100.7424,6:00:17:623245,0
235.2884,105.4064,6:00:17:627256,0
234.5014,110.0413,6:00:17:631256,0
233.8128,114.5303,6:00:17:635253,0
233.2225,118.6988,6:00:17:639255,0
232.7307,122.4883,6:00:17:643246,0
232.4355,125.7239,6:00:17:646497,0
232.3126,128.3183,6:00:17:650522,0
232.3126,130.3588,6:00:17:654497,0
232.3126,131.8746,6:00:17:658497,200
233.0258,132.9823,6:00:17:663193,196
233.616,133.7402,6:00:17:667590,199
234.3539,134.1483,6:00:17:671577,203
235.2392,134.2941,6:00:17:674602,210
236.3705,134.2941,6:00:17:678616,219
237.7724,134.2941,6:00:17:682577,228
239.4939,134.2941,6:00:17:687195,237
241.4614,133.1864,6:00:17:691246,243
243.6503,132.3118,6:00:17:695275,264
245.9867,131.1458,6:00:17:699276,285
248.6428,129.6009,6:00:17:703255,323
251.3727,127.6479,6:00:17:707254,372
254.1764,125.2576,6:00:17:711246,408
257.0785,122.4008,6:00:17:714928,435
259.9313,119.2235,6:00:17:718832,463
262.9564,115.7546,6:00:17:722911,467
266.1044,112.0526,6:00:17:726914,463
269.3507,108.2339,6:00:17:731013,450
272.6463,104.2404,6:00:17:734999,407
275.9911,100.1302,6:00:17:739001,374
279.3604,95.87435,6:00:17:742999,334
282.7052,91.4144,6:00:17:747231,299
286.0745,86.7504,6:00:17:751239,285
289.2225,81.94065,6:00:17:755242,264
292.2967,77.0143,6:00:17:759241,250
295.2234,71.97135,6:00:17:763241,232
298.15,66.84095,6:00:17:766766,200
300.9783,61.59395,6:00:17:770785,161
303.7082,56.2595,6:00:17:774840,126
307.6432,48.5056,6:00:17:778765,121
308.7253,45.96955,6:00:17:783191,123
310.9388,41.18895,6:00:17:787188,151
312.8817,36.6707,6:00:17:791196,197
314.4311,32.44395,6:00:17:795196,232
315.587,28.6253,6:00:17:799196,275
316.3002,25.3022,6:00:17:803224,310
316.6445,22.53295,6:00:17:806801,334
316.6445,20.2884,6:00:17:810800,349
316.6445,18.4811,6:00:17:814771,352
315.2673,16.99445,6:00:17:818764,347
314.0622,15.7993,6:00:17:823238,341
312.5374,14.83735,6:00:17:826731,333
310.6436,14.1086,6:00:17:830731,325
308.5286,13.6422,6:00:17:834730,321
306.2414,13.409,6:00:17:838745,318
303.7574,13.409,6:00:17:842730,317
301.1259,13.409,6:00:17:847728,323
298.396,14.25435,6:00:17:850738,329
295.6169,15.0414,6:00:17:854739,341
292.7886,16.00335,6:00:17:858738,357
290.0095,17.22765,6:00:17:862784,366
287.255,18.5977,6:00:17:866994,384
284.5005,20.1135,6:00:17:870738,389
281.8936,21.8625,6:00:17:874739,391
279.4588,23.75725,6:00:17:879743,408
277.2208,25.7686,6:00:17:883752,412
275.3516,28.07145,6:00:17:886737,427
273.9006,30.5492,6:00:17:890918,447
272.8185,33.1144,6:00:17:894926,460
272.2036,35.7379,6:00:17:898928,477
272.1299,38.33225,6:00:17:902929,492
272.1299,40.83915,6:00:17:907240,501
273.5809,43.22945,6:00:17:911187,503
275.0811,45.44485,6:00:17:915195,506
277.024,47.3396,6:00:17:919195,513
279.385,48.9137,6:00:17:923197,518
282.0657,50.2546,6:00:17:927197,524
285.0908,51.33315,6:00:17:931030,529
288.2879,52.1785,6:00:17:934995,517
291.8786,52.7615,6:00:17:938947,496
295.8136,53.1696,6:00:17:943000,463
299.9946,53.4028,6:00:17:946940,403
304.3969,53.4611,6:00:17:951178,307
308.8975,53.4611,6:00:17:955188,198
313.5211,53.4611,6:00:17:959187,98
318.0218,53.4611,6:00:17:963186,0
322.67,52.4117,6:00:17:967188,0
327.0231,52.4117,6:00:17:971048,0
330.9827,51.44975,6:00:17:975252,0
334.475,51.44975,6:00:17:978469,0
337.4754,50.51695,6:00:17:982509,0
339.9102,50.51695,6:00:17:986589,0
341.7548,49.9048,6:00:17:990477,0
343.0828,49.9048,6:00:17:995233,0
343.6485,49.9048,6:00:17:998687,0
343.6485,49.9048,6:00:18:002597,0
342.6155,49.9048,6:00:18:006645,0
341.1153,51.21655,6:00:18:010600,0
339.074,52.03275,6:00:18:015231,0
336.4917,52.9947,6:00:18:019239,0
333.3929,54.07325,6:00:18:022552,0
329.8268,55.29755,6:00:18:026675,0
325.8426,56.6676,6:00:18:030550,0
321.4403,58.1251,6:00:18:034550,0
316.7183,59.7575,6:00:18:039237,0
311.5536,61.53565,6:00:18:042698,0
305.9955,63.40125,6:00:18:046707,0
300.1667,65.32515,6:00:18:050725,0
293.9937,67.36565,6:00:18:054707,0
287.5009,69.46445,6:00:18:059237,0
280.7377,71.62155,6:00:18:062670,0
273.8022,73.8661,6:00:18:066594,0
266.5717,76.1398,6:00:18:070548,0
259.3411,78.4718,6:00:18:074592,0
251.9384,80.89125,6:00:18:079187,0
244.4619,83.45645,6:00:18:083189,0
236.9116,86.07995,6:00:18:087193,0
229.3121,88.87835,6:00:18:091202,0
221.7372,91.8225,6:00:18:095201,0
214.187,94.8541,6:00:18:099203,0
206.7351,98.0023,6:00:18:103203,0
199.4553,101.238,6:00:18:107237,0
192.2739,104.5611,6:00:18:110549,0
185.2647,107.8841,6:00:18:114654,0
178.5506,111.2655,6:00:18:118549,0
172.23,114.5303,6:00:18:122552,0
166.2538,117.6202,6:00:18:127242,0
160.6218,120.6518,6:00:18:131542,0
155.3833,123.5377,6:00:18:134610,0
150.6367,126.2486,6:00:18:138545,0
146.4804,128.7847,6:00:18:142603,0
142.8159,131.1167,6:00:18:147242,0
139.7663,133.2155,6:00:18:150499,0
137.2577,135.1394,6:00:18:154544,0
135.3394,136.7718,6:00:18:158534,0
133.8638,138.1127,6:00:18:162497,0
132.8554,139.1329,6:00:18:167194,0
132.2898,139.8909,6:00:18:171192,0
132.1422,140.3864,6:00:18:175242,161
132.1422,140.6487,6:00:18:178755,170
133.0522,140.707,6:00:18:182755,188
134.1343,140.707,6:00:18:187758,204
135.6345,140.707,6:00:18:190755,228
137.7742,140.707,6:00:18:195236,243
140.5041,139.8326,6:00:18:198870,253
143.9472,139.8326,6:00:18:203787,266
147.8576,139.2204,6:00:18:206783,267
152.2599,139.2204,6:00:18:210862,274
157.0311,138.4625,6:00:18:215261,279
162.4663,138.4625,6:00:18:219261,280
168.4672,137.588,6:00:18:223261,287
174.7878,137.0925,6:00:18:227261,287
181.3051,136.6261,6:00:18:231233,284
188.2406,136.0722,6:00:18:235243,280
195.6433,135.5184,6:00:18:239243,277
203.4149,134.9645,6:00:18:243243,267
211.6046,134.3524,6:00:18:247243,253
220.0895,133.7693,6:00:18:251237,245
228.8448,133.1281,6:00:18:255154,237
237.8216,132.5159,6:00:18:259155,246
247.3639,131.8454,6:00:18:263154,264
257.1031,131.1458,6:00:18:267155,290
266.9897,130.4462,6:00:18:271183,322
277.4421,129.6592,6:00:18:275251,352
288.1404,128.843,6:00:18:279074,386
298.9616,128.0268,6:00:18:283072,421
310.2502,127.1523,6:00:18:286975,452
321.76,126.2486,6:00:18:290952,482
333.5896,125.3741,6:00:18:294943,508
345.6406,124.4705,6:00:18:298725,517
358.0358,123.6543,6:00:18:302846,531
370.4557,122.8964,6:00:18:306833,535
383.0231,122.226,6:00:18:310724,547
395.7626,121.7012,6:00:18:315363,567
408.33,121.2932,6:00:18:318373,586
420.922,121.0308,6:00:18:322412,606
433.2927,120.9142,6:00:18:326492,615
445.3928,120.9142,6:00:18:330458,618
457.1732,120.9142,6:00:18:334724,599
468.6339,120.9142,6:00:18:338684,570
479.7503,121.7012,6:00:18:343683,527
490.2518,121.7012,6:00:18:346696,476
500.4336,122.4883,6:00:18:351000,420
510.2219,122.4883,6:00:18:354488,364
519.2725,123.3628,6:00:18:358545,308
527.8065,123.3628,6:00:18:363487,253
535.824,124.1498,6:00:18:367643,212
543.2267,124.1498,6:00:18:371654,170
550.1622,124.762,6:00:18:374697,127
556.4828,124.762,6:00:18:378655,81
562.041,125.2284,6:00:18:382655,40
566.9105,125.2284,6:00:18:386759,0
571.1161,125.5199,6:00:18:391679,0
574.7067,125.5199,6:00:18:396677,0
577.5842,125.6656,6:00:18:398687,0
579.6501,125.6656,6:00:18:402688,0
580.9044,125.7822,6:00:18:406686,0
581.5192,125.8988,6:00:18:411410,0
581.5192,125.9571,6:00:18:414420,0
580.3879,126.0446,6:00:18:418419,0
578.7647,126.1903,6:00:18:422419,0
576.3792,126.3652,6:00:18:426504,0
573.1819,126.5984,6:00:18:430595,0
569.2715,126.8899,6:00:18:434479,0
564.8201,127.2397,6:00:18:438546,0
559.68,127.6479,6:00:18:442478,0
554.0726,128.2309,6:00:18:447186,0
547.8749,128.843,6:00:18:451238,0
541.2593,129.6009,6:00:18:455248,0
534.1763,130.3588,6:00:18:459248,0
526.8227,131.2916,6:00:18:463248,0
519.0757,132.3118,6:00:18:467248,0
510.9843,133.4487,6:00:18:471255,0
502.5979,134.6438,6:00:18:474423,0
494.0392,136.0722,6:00:18:478426,0
485.3577,137.5589,6:00:18:482517,0
476.4055,139.1621,6:00:18:486490,0
467.5272,140.8819,6:00:18:491190,0
458.5751,142.6893,6:00:18:495236,0
449.6229,144.4674,6:00:18:498497,0
440.7692,146.2747,6:00:18:502495,0
432.0876,148.1403,6:00:18:506587,0
423.5782,149.9184,6:00:18:510494,0
415.2901,151.6966,6:00:18:515238,0
407.3955,153.4164,6:00:18:518565,0
399.8206,155.1071,6:00:18:522543,0
392.6392,156.7687,6:00:18:526546,0
385.9989,158.4011,6:00:18:530546,0
379.8997,159.9752,6:00:18:535242,0
374.1939,161.491,6:00:18:538549,0
369.0292,162.9193,6:00:18:542537,0
364.4302,164.1728,6:00:18:546540,0
360.4952,165.2805,6:00:18:550537,0
357.1505,166.2424,6:00:18:555192,0
354.4205,166.942,6:00:18:558422,0
352.2809,167.4084,6:00:18:562434,0
350.6331,167.6708,6:00:18:566430,0
349.674,167.6708,6:00:18:570431,0
349.2067,167.6708,6:00:18:575191,0
349.2067,167.6708,6:00:18:579241,0
349.2067,166.4465,6:00:18:583242,0
350.3134,165.7469,6:00:18:587252,0
351.3709,164.9016,6:00:18:591249,0
352.576,163.9104,6:00:18:595252,0
353.8303,162.6861,6:00:18:599249,0
355.1338,161.2287,6:00:18:603193,557
356.4618,159.6837,6:00:18:607205,554
357.8145,158.0222,6:00:18:611200,552
359.1917,156.3023,6:00:18:615205,541
360.6674,154.6116,6:00:18:619213,508
362.1184,152.8626,6:00:18:623031,471
363.8153,151.3176,6:00:18:627019,426
365.7091,149.9476,6:00:18:630966,382
367.7749,148.8399,6:00:18:634969,361
369.9392,147.9362,6:00:18:639239,345
372.1526,147.3241,6:00:18:642650,335
374.4153,146.916,6:00:18:646650,323
376.5795,146.6537,6:00:18:650650,318
378.6454,146.6245,6:00:18:654653,312
380.5883,146.6245,6:00:18:658961,310
382.3344,146.6245,6:00:18:662956,317
384.0314,147.6156,6:00:18:666960,318
385.5562,148.3443,6:00:18:671016,316
387.0318,149.2771,6:00:18:675865,315
388.4583,150.3557,6:00:18:678912,312
389.7372,151.6383,6:00:18:682875,307
391.016,153.0958,6:00:18:686923,309
392.2949,154.7574,6:00:18:690874,307
393.4508,156.5355,6:00:18:695193,301
394.5575,158.4886,6:00:18:699187,300
395.4675,160.5874,6:00:18:703241,295
396.2299,162.7444,6:00:18:707248,292
396.7464,165.0473,6:00:18:711250,294
397.1399,167.5251,6:00:18:715273,300
397.1399,170.2068,6:00:18:719248,320
397.1399,173.2093,6:00:18:723260,347
396.3529,176.5616,6:00:18:727260,375
395.5905,180.2928,6:00:18:731260,396
394.5083,184.3737,6:00:18:735260,404
393.2049,188.7171,6:00:18:739230,413
391.7047,193.2937,6:00:18:743238,426
390.0323,198.1908,6:00:18:747240,457
388.2369,203.4087,6:00:18:751240,490
386.3678,208.9472,6:00:18:755240,513
384.3265,214.6315,6:00:18:758861,532
382.2361,220.3157,6:00:18:762862,533
380.1456,226.0291,6:00:18:766863,532
378.0551,231.8882,6:00:18:770884,550
375.9893,237.9223,6:00:18:775360,570
373.9972,244.0438,6:00:18:778361,589
372.1772,250.0487,6:00:18:782363,613
370.6278,255.558,6:00:18:787361,625
369.3489,260.6884,6:00:18:790362,635
368.4636,265.3524,6:00:18:795236,651
367.9717,269.55,6:00:18:799244,676
367.9471,273.2521,6:00:18:803246,703
367.9471,276.342,6:00:18:807246,735
369.2505,278.7032,6:00:18:811243,776
370.5049,280.5104,6:00:18:814777,808
372.1526,281.8805,6:00:18:818811,835
374.0955,282.9299,6:00:18:822894,858
376.3828,283.6003,6:00:18:826841,869
378.9405,283.8918,6:00:18:831238,872
381.818,283.8918,6:00:18:834691,872
384.966,283.8918,6:00:18:838567,870
388.5321,282.7841,6:00:18:843567,867
392.4179,281.6181,6:00:18:846568,866
396.5496,280.0732,6:00:18:851523,863
400.9027,278.1201,6:00:18:854528,861
405.3542,275.7007,6:00:18:858537,860
409.8794,272.8148,6:00:18:862561,860
414.5522,269.4626,6:00:18:867616,877
419.2251,265.8188,6:00:18:870995,886
423.7503,261.971,6:00:18:874984,882
428.128,257.9483,6:00:18:878931,868
432.3089,253.7216,6:00:18:882929,828
436.2685,249.3783,6:00:18:887228,797
440.0314,244.9183,6:00:18:891238,770
443.5975,240.3126,6:00:18:895238,750
446.7701,235.6194,6:00:18:899238,756
449.5738,230.8389,6:00:18:903921,758
452.1069,226.0291,6:00:18:906936,755
454.3941,221.1319,6:00:18:910934,749
456.4354,216.293,6:00:18:914936,726
458.2307,211.3958,6:00:18:918935,703
459.8047,206.4695,6:00:18:923061,702
461.1082,201.6306,6:00:18:927064,712
462.2149,196.9374,6:00:18:931065,737
463.0757,192.3026,6:00:18:935066,756
463.7151,187.6969,6:00:18:939120,755
464.1086,183.2952,6:00:18:943147,754
464.3054,179.0393,6:00:18:947185,742
464.3054,175.0457,6:00:18:951188,749
464.3054,171.4312,6:00:18:955182,785
464.3054,168.2247,6:00:18:959182,825
463.2479,165.4554,6:00:18:963181,870
462.6084,163.0651,6:00:18:966873,932
461.8952,161.0246,6:00:18:970771,976
461.0836,159.3047,6:00:18:974795,1016
460.272,157.9347,6:00:18:978893,1044
459.485,156.9727,6:00:18:983186,1040
458.6734,156.3606,6:00:18:987245,1015
457.9602,156.1274,6:00:18:991255,977
457.2716,156.1274,6:00:18:995271,957
456.6076,156.9727,6:00:18:999255,931
455.9189,158.0804,6:00:19:003328,921
455.2303,159.6837,6:00:19:007237,918
454.5171,161.7242,6:00:19:010751,902
453.7055,164.3477,6:00:19:014717,904
452.8939,167.4959,6:00:19:018832,931
451.9839,171.4895,6:00:19:022719,958
451.1232,176.1534,6:00:19:026868,981
450.2378,181.313,6:00:19:030811,993
449.4262,186.8515,6:00:19:034903,991
448.6392,192.769,6:00:19:038782,1015
447.9998,199.3277,6:00:19:043230,1055
447.4587,206.4111,6:00:19:046558,1087
447.016,213.7278,6:00:19:050567,1117
446.6471,220.9278,6:00:19:054567,1127
446.4503,228.0113,6:00:19:058567,1144
446.3274,235.4154,6:00:19:062611,1176
446.3274,243.1402,6:00:19:066931,1203
446.3274,251.0107,6:00:19:071582,1225
446.3274,258.7062,6:00:19:075585,1227
446.3274,266.3144,6:00:19:078593,1247
446.3274,274.1266,6:00:19:082599,1254
446.8438,282.0262,6:00:19:087138,1273
446.8438,289.8968,6:00:19:091134,1299
446.8438,297.3592,6:00:19:095109,1307
446.8438,304.4717,6:00:19:099101,1351
446.0323,311.2054,6:00:19:103138,1378
446.0323,317.8224,6:00:19:107178,1412
445.1469,324.1772,6:00:19:110735,1438
444.6796,329.8905,6:00:19:114673,1438
444.2369,335.1667,6:00:19:118667,1444
443.8188,340.093,6:00:19:122667,1425
443.8188,344.6988,6:00:19:126919,1395
443.204,349.0129,6:00:19:130932,1334
443.204,352.919,6:00:19:134929,1235
443.204,356.2713,6:00:19:139060,1100
443.204,359.2737,6:00:19:143240,926
443.204,361.8098,6:00:19:146766,733
443.8434,363.9669,6:00:19:150766,505
443.8434,365.7159,6:00:19:154766,294
444.9993,366.8819,6:00:19:158764,137
445.7125,367.5523,6:00:19:163126,0
446.4995,367.7272,6:00:19:167136,0
447.3357,367.7272,6:00:19:171152,0
448.1719,366.4446,6:00:19:175152,0
449.0819,364.958,6:00:19:179136,0
449.9919,362.8883,6:00:19:183234,0
450.9018,360.294,6:00:19:186506,0
451.8364,357.2332,6:00:19:190506,0
452.7709,353.6478,6:00:19:194506,0
453.7793,349.5377,6:00:19:198504,0
454.8368,345.0194,6:00:19:203234,0
455.9681,339.889,6:00:19:207243,0
457.1486,334.4088,6:00:19:211244,0
458.4275,328.5497,6:00:19:215244,0
459.7802,322.2824,6:00:19:219572,0
461.2066,315.6945,6:00:19:223086,0
462.7314,308.6693,6:00:19:227113,0
464.3054,301.4693,6:00:19:231089,0
465.9286,294.0652,6:00:19:235089,0
467.601,286.6028,6:00:19:239235,0
469.3963,278.9947,6:00:19:242576,0
471.1917,271.2408,6:00:19:246544,0
473.0362,263.4286,6:00:19:250636,0
474.9299,255.7621,6:00:19:254542,0
476.8974,248.2997,6:00:19:259234,0
478.8649,241.1288,6:00:19:262665,0
480.7586,233.8996,6:00:19:266534,0
482.6031,226.991,6:00:19:270544,0
484.4231,220.374,6:00:19:274534,0
486.2184,214.2816,6:00:19:279238,0
487.9154,208.6557,6:00:19:282609,0
489.5386,203.5253,6:00:19:286545,0
490.9404,198.803,6:00:19:290612,0
492.2931,194.4888,6:00:19:294562,0
493.4736,190.845,6:00:19:299236,0
494.5557,187.7843,6:00:19:303185,0
495.4411,185.1317,6:00:19:307184,0
496.1543,182.8871,6:00:19:310663,0
496.7938,181.0215,6:00:19:314786,0
497.3102,179.564,6:00:19:318663,0
497.7283,178.4854,6:00:19:322727,0
498.0726,177.7858,6:00:19:327175,0
498.3186,177.3194,6:00:19:331175,0
498.4661,176.9697,6:00:19:335190,0
498.6137,176.8239,6:00:19:339197,526
498.7121,176.7948,6:00:19:343197,456
498.7859,176.7948,6:00:19:347198,381
498.7859,176.7948,6:00:19:351240,300
498.7859,177.7276,6:00:19:355490,225
498.7859,178.5729,6:00:19:359004,223
498.7859,179.9429,6:00:19:364004,225
498.7859,181.7794,6:00:19:367020,231
498.7859,184.1405,6:00:19:371012,231
498.2694,187.0555,6:00:19:375286,233
498.2694,190.3495,6:00:19:379284,243
498.2694,193.935,6:00:19:383244,266
497.6053,197.9285,6:00:19:387234,302
497.6053,202.0678,6:00:19:391245,360
496.8675,206.761,6:00:19:395318,421
496.474,211.8331,6:00:19:399316,482
496.0313,217.2258,6:00:19:403324,537
495.5887,222.7643,6:00:19:407339,572
495.146,228.6234,6:00:19:411319,607
494.7279,234.8324,6:00:19:415323,662
494.3098,241.5661,6:00:19:419668,711
493.9409,248.6495,6:00:19:422680,757
493.572,255.6455,6:00:19:426756,786
493.2277,262.6123,6:00:19:431670,812
492.9079,269.8124,6:00:19:435239,842
492.5636,277.4497,6:00:19:439311,863
492.1701,285.3785,6:00:19:443312,891
491.7274,293.2781,6:00:19:447312,885
491.1864,301.0612,6:00:19:451312,918
490.6945,308.9608,6:00:19:454359,967
490.2026,316.8314,6:00:19:458801,1034
489.7354,324.5852,6:00:19:462801,1111
489.2927,331.9893,6:00:19:466865,1146
488.9483,338.723,6:00:19:470866,1174
488.7762,345.0194,6:00:19:475227,1202
488.7762,350.9077,6:00:19:479237,1225
488.7762,356.4462,6:00:19:483237,1245
488.7762,361.4017,6:00:19:487264,1243
489.9075,365.92,6:00:19:491237,1194
490.5961,370.0592,6:00:19:495513,1102
491.4323,373.8779,6:00:19:498525,944
492.3669,377.3759,6:00:19:502533,729
493.449,380.4366,6:00:19:506638,464
494.6049,383.0602,6:00:19:510521,242
495.7854,385.1298,6:00:19:515183,85
497.0643,386.7039,6:00:19:519039,0
498.4169,387.6075,6:00:19:523113,0
499.8188,387.9865,6:00:19:527036,0
501.2698,387.9865,6:00:19:531037,0
502.77,386.9662,6:00:19:535073,0
504.344,385.5088,6:00:19:539235,0
505.9426,383.4683,6:00:19:543245,0
507.6642,380.8739,6:00:19:547245,0
509.4595,377.784,6:00:19:551244,0
511.3778,374.0237,6:00:19:555245,0
513.4191,369.826,6:00:19:559239,0
515.7064,365.162,6:00:19:562604,0
518.2395,360.0316,6:00:19:566546,0
520.994,354.464,6:00:19:570617,0
523.9453,348.4008,6:00:19:574664,0
527.1671,341.9295,6:00:19:579232,0
530.7086,335.0501,6:00:19:582579,0
534.5698,327.9666,6:00:19:586622,0
538.7261,320.7375,6:00:19:590600,0
543.2021,313.2167,6:00:19:594615,0
547.9733,305.4629,6:00:19:599236,0
552.9659,297.709,6:00:19:603294,0
558.4503,289.9842,6:00:19:607321,0
564.1314,282.4344,6:00:19:611294,0
569.9601,274.9428,6:00:19:615295,0
575.9119,267.3638,6:00:19:619237,0
581.8389,259.9597,6:00:19:622530,0
587.889,252.7596,6:00:19:626530,0
593.7915,245.9094,6:00:19:630531,0
599.8907,239.2923,6:00:19:634573,0
605.7687,233.0251,6:00:19:639190,0
611.4498,227.1077,6:00:19:643240,0
617.0572,221.5692,6:00:19:646586,0
622.64,216.5845,6:00:19:651543,0
628.149,212.0371,6:00:19:654601,0
633.4366,207.927,6:00:19:658598,0
638.6751,204.1083,6:00:19:663193,0
643.5201,200.7269,6:00:19:667237,0
648.3159,197.637,6:00:19:671245,0
652.9149,194.8094,6:00:19:675247,0
657.3909,192.3609,6:00:19:679247,0
661.4735,190.2038,6:00:19:683247,0
665.3593,188.309,6:00:19:687190,0
668.9254,186.6766,6:00:19:690602,0
672.098,185.4231,6:00:19:694715,0
674.8525,184.4612,6:00:19:698708,0
677.1397,183.849,6:00:19:702602,0
678.9105,183.5867,6:00:19:706730,0
680.1647,183.5867,6:00:19:710837,0
681.0009,183.5867,6:00:19:714730,0
681.3453,184.811,6:00:19:718730,0
681.3453,185.8895,6:00:19:723237,0
681.3453,187.2305,6:00:19:726494,0
680.4353,188.892,6:00:19:730496,0
679.7466,190.5535,6:00:19:734497,0
679.0089,192.2734,6:00:19:738630,0
678.2465,194.0515,6:00:19:743237,429
677.5086,195.8589,6:00:19:747248,434
676.82,197.7827,6:00:19:751247,450
676.2297,199.8524,6:00:19:755246,478
675.6641,202.0095,6:00:19:759256,516
675.1968,204.3415,6:00:19:762754,571
674.705,207.2274,6:00:19:766808,650
674.1639,210.7836,6:00:19:770754,721
673.5736,214.8938,6:00:19:774752,814
672.9588,219.4704,6:00:19:780325,906
672.3193,224.4841,6:00:19:783342,980
671.6307,229.7894,6:00:19:787323,1063
670.9421,235.532,6:00:19:791332,1151
670.2289,241.8284,6:00:19:795241,1237
669.614,248.3871,6:00:19:798827,1318
669.0238,254.9459,6:00:19:802953,1384
668.4581,261.3881,6:00:19:806918,1433
667.9908,267.8885,6:00:19:810837,1465
667.5482,274.6222,6:00:19:814893,1495
667.2039,281.4141,6:00:19:818903,1525
666.8842,288.1186,6:00:19:822915,1535
666.712,294.415,6:00:19:826930,1539
666.5644,300.3616,6:00:19:831233,1544
666.5398,306.075,6:00:19:834750,1554
666.5398,311.5844,6:00:19:838749,1568
666.5398,316.8022,6:00:19:842750,1591
666.5398,321.6411,6:00:19:846746,1597
666.5398,326.101,6:00:19:851175,1581
667.3022,330.2112,6:00:19:854899,1517
667.3022,333.9716,6:00:19:858902,1402
667.3022,337.4113,6:00:19:862901,1242
667.8925,340.5594,6:00:19:866901,1019
667.8925,343.387,6:00:19:871000,749
667.8925,345.7481,6:00:19:875295,458
667.8925,347.7012,6:00:19:879292,221
667.8925,349.217,6:00:19:883294,0
667.8925,350.4121,6:00:19:887294,0
667.8925,351.1992,6:00:19:890672,0
667.8925,351.5198,6:00:19:894744,0
667.8925,351.5198,6:00:19:898625,0
667.3514,351.5198,6:00:19:902685,0
667.3514,350.2956,6:00:19:907232,0
667.3514,349.217,6:00:19:910626,0
667.3514,347.8178,6:00:19:915499,0
667.3514,346.0396,6:00:19:918546,0
667.3514,343.9409,6:00:19:922499,0
667.3514,341.5797,6:00:19:927184,0
668.04,338.9854,6:00:19:931238,0
668.6794,336.0412,6:00:19:935535,0
669.3681,332.8639,6:00:19:938521,0
670.1305,329.4533,6:00:19:942518,0
670.9913,325.9553,6:00:19:946518,0
671.7537,322.4282,6:00:19:951223,0
672.5161,319.0176,6:00:19:954816,0
673.1309,315.6945,6:00:19:958737,0
673.6474,312.4297,6:00:19:962792,0
674.0163,309.4272,6:00:19:966822,0
674.2623,306.5706,6:00:19:971232,0
674.2623,303.8888,6:00:19:974592,0
674.2623,301.2944,6:00:19:979487,0
674.2623,298.8458,6:00:19:982487,0
673.549,296.4846,6:00:19:986487,0
673.549,294.2401,6:00:19:991228,0
672.3439,292.1704,6:00:19:995238,0
671.6799,290.1008,6:00:19:999236,0
670.8437,288.0603,6:00:20:003236,0
669.8846,286.0781,6:00:20:007238,1237
668.8762,284.1833,6:00:20:010894,1230
667.7941,282.3469,6:00:20:014901,1196
666.6382,280.627,6:00:20:018899,1105
665.2855,279.0529,6:00:20:023001,948
663.7853,277.508,6:00:20:026900,763
662.0392,276.2254,6:00:20:030947,573
660.17,275.1469,6:00:20:034955,422
658.1533,274.3307,6:00:20:038956,334
655.8661,273.631,6:00:20:042973,285
653.4067,272.9897,6:00:20:047127,278
650.8736,272.4067,6:00:20:050712,312
648.1683,271.8238,6:00:20:054713,366
645.3646,271.2408,6:00:20:058712,439
642.4625,270.6286,6:00:20:062713,512
639.4375,270.0747,6:00:20:067266,572
636.3141,269.55,6:00:20:070781,629
633.0923,269.0836,6:00:20:074782,677
629.8951,268.7339,6:00:20:078781,726
626.5258,268.5298,6:00:20:082803,782
623.2548,268.4424,6:00:20:087497,829
620.1068,268.4424,6:00:20:091232,879
617.0326,268.4424,6:00:20:095240,925
614.2043,269.2294,6:00:20:099241,961
611.499,269.2294,6:00:20:103242,1000
609.138,270.512,6:00:20:107242,1025
607.0475,271.3865,6:00:20:110784,1057
605.2522,272.2902,6:00:20:114895,1077
603.752,273.3104,6:00:20:118897,1091
602.5469,274.3015,6:00:20:122784,1105
601.6369,275.38,6:00:20:126896,1105
601.0466,276.4586,6:00:20:130847,1111
600.7761,277.508,6:00:20:134844,1114
600.7269,278.674,6:00:20:138847,1117
600.7269,279.8109,6:00:20:143232,1118
601.391,281.0643,6:00:20:146651,1119
601.9812,282.4052,6:00:20:150652,1126
602.7437,283.8918,6:00:20:154655,1132
603.5798,285.4368,6:00:20:158653,1150
604.5144,287.1566,6:00:20:162823,1163
605.4735,289.0222,6:00:20:166556,1168
606.5311,291.1211,6:00:20:171543,1168
607.6132,293.3656,6:00:20:175539,1162
608.6461,295.7267,6:00:20:178540,1163
609.6053,298.2045,6:00:20:182962,1164
610.5399,300.7989,6:00:20:187050,1174
611.4252,303.5098,6:00:20:190970,1176
612.2368,306.2499,6:00:20:194964,1177
612.95,308.9608,6:00:20:199017,1180
613.5157,311.6426,6:00:20:203017,1181
613.8846,314.3828,6:00:20:207026,1181
614.106,317.2103,6:00:20:211016,1194
614.106,320.0962,6:00:20:215181,1210
614.106,323.0986,6:00:20:219084,1213
614.106,326.2759,6:00:20:223094,1225
612.7533,329.5116,6:00:20:227176,1229
611.7203,332.7473,6:00:20:231094,1228
610.4415,335.9829,6:00:20:235210,1237
608.9167,339.1602,6:00:20:238847,1242
607.0967,342.1627,6:00:20:242779,1243
605.08,344.9611,6:00:20:246738,1239
602.7928,347.4097,6:00:20:250734,1231
600.2596,349.5959,6:00:20:255024,1227
597.5543,351.4033,6:00:20:258659,1215
594.5047,352.9774,6:00:20:263421,1208
591.3567,354.2308,6:00:20:266431,1203
588.012,355.1636,6:00:20:270506,1196
584.4705,355.8049,6:00:20:275431,1192
580.7076,356.213,6:00:20:279432,1196
576.7234,356.3296,6:00:20:282524,1203
572.4933,356.3296,6:00:20:286509,1221
568.091,356.3296,6:00:20:290608,1247
563.615,355.251,6:00:20:294555,1273
558.9667,354.3766,6:00:20:299390,1302
554.2448,353.2689,6:00:20:302785,1323
549.4982,351.8697,6:00:20:306804,1338
544.7516,350.1498,6:00:20:310785,1356
540.0787,348.1676,6:00:20:314786,1356
535.4797,345.8356,6:00:20:319223,1352
531.2004,343.1246,6:00:20:323231,1340
527.1671,340.2097,6:00:20:327231,1341
523.4534,337.0031,6:00:20:331235,1344
520.0594,333.6509,6:00:20:335234,1345
516.9852,330.1237,6:00:20:338301,1350
514.4275,326.5092,6:00:20:343310,1320
512.3616,322.8071,6:00:20:347310,1294
510.8368,318.9884,6:00:20:351310,1256
509.8038,315.024,6:00:20:354309,1209
509.2382,310.8264,6:00:20:359219,1162
509.2136,306.5706,6:00:20:363228,1123
509.2136,302.2855,6:00:20:367228,1092
510.7138,298.0587,6:00:20:371229,1056
512.1895,294.0069,6:00:20:375294,1033
514.1077,290.1883,6:00:20:379234,994
516.4933,286.7777,6:00:20:383242,942
519.1741,283.921,6:00:20:387244,863
522.0761,281.6765,6:00:20:391242,726
525.1011,279.9566,6:00:20:395244,528
528.2245,278.8198,6:00:20:399061,315
531.3234,278.1201,6:00:20:403033,147
534.3976,277.8286,6:00:20:407026,0
537.2751,277.8286,6:00:20:411027,0
539.9558,277.8286,6:00:20:414833,0
542.3906,278.5865,6:00:20:418911,0
544.6286,278.5865,6:00:20:422913,0
546.7191,279.84,6:00:20:426833,0
548.5636,280.5979,6:00:20:431185,0
550.236,281.4141,6:00:20:434194,0
551.6624,282.3469,6:00:20:439657,0
552.8429,283.3672,6:00:20:442654,0
553.7775,284.5915,6:00:20:446665,0
554.4661,285.9323,6:00:20:450673,0
554.8596,287.4482,6:00:20:455231,0
555.9417,289.1097,6:00:20:458624,0
555.9417,289.1097,6:00:20:477175,0
