402.6735,195.888,3:16:45:951378,0
402.6735,195.888,3:16:45:954390,0
402.6735,195.888,3:16:45:958387,0
402.6735,195.0135,3:16:45:962391,0
402.034,195.0135,3:16:45:967430,0
402.034,195.0135,3:16:45:971430,0
402.034,194.2847,3:16:45:974432,0
401.4438,194.2847,3:16:45:978435,0
401.4438,194.2847,3:16:45:982431,0
401.0503,194.2847,3:16:45:986430,0
401.0503,194.2847,3:16:45:991485,0
400.5584,194.2847,3:16:45:994504,0
400.2141,195.0426,3:16:45:998765,0
399.8944,195.0426,3:16:46:002780,0
399.5746,195.7714,3:16:46:006782,0
399.2549,195.7714,3:16:46:010780,0
398.886,196.5876,3:16:46:015145,0
398.4925,196.5876,3:16:46:018164,0
398.2712,197.258,3:16:46:022620,0
398.0744,197.258,3:16:46:026616,0
397.9269,197.8119,3:16:46:030621,0
397.7055,197.8119,3:16:46:034620,0
397.435,198.3366,3:16:46:039450,0
397.0169,198.3366,3:16:46:042475,0
396.8202,198.7738,3:16:46:046476,0
396.6234,199.1528,3:16:46:050469,0
396.2299,199.5609,3:16:46:054469,0
395.8856,199.9398,3:16:46:058469,0
395.5905,200.3188,3:16:46:062778,0
395.2462,200.7852,3:16:46:066498,0
395.0248,201.135,3:16:46:070822,0
394.7789,201.5431,3:16:46:074690,0
394.4592,202.0095,3:16:46:079151,0
394.2132,202.3593,3:16:46:082176,0
393.9919,202.7091,3:16:46:087167,0
393.7951,203.0298,3:16:46:090170,0
393.6721,203.3795,3:16:46:094171,0
393.4262,203.6419,3:16:46:098171,0
393.2049,203.9626,3:16:46:102966,0
392.9589,204.2249,3:16:46:105986,0
392.7622,204.4872,3:16:46:110781,0
392.5162,204.7496,3:16:46:114796,0
392.1719,205.0119,3:16:46:118812,0
391.8522,205.3035,3:16:46:122797,0
391.4833,205.6241,3:16:46:126796,0
391.262,205.9156,3:16:46:130798,0
390.8931,206.2654,3:16:46:135520,0
390.6471,206.5569,3:16:46:138544,0
390.2782,206.8484,3:16:46:142538,0
389.9339,207.1691,3:16:46:146546,0
389.688,207.5771,3:16:46:150711,0
389.2945,207.927,3:16:46:154730,0
388.9994,208.3059,3:16:46:158725,0
388.5812,208.6266,3:16:46:162730,0
388.2369,208.9472,3:16:46:167266,0
387.868,209.3261,3:16:46:170284,0
387.5483,209.6759,3:16:46:174286,0
387.204,209.9966,3:16:46:178284,0
386.8351,210.2589,3:16:46:183310,0
386.4662,210.5504,3:16:46:186327,0
386.0727,210.7836,3:16:46:190329,0
385.7038,211.0751,3:16:46:194331,0
385.3349,211.3667,3:16:46:198476,0
384.966,211.629,3:16:46:203329,0
384.5233,211.9496,3:16:46:207005,0
384.0806,212.2411,3:16:46:210024,0
383.6871,212.5909,3:16:46:215024,0
383.269,212.8824,3:16:46:218023,0
382.8263,213.2905,3:16:46:222024,0
382.4082,213.582,3:16:46:226020,0
381.9901,213.9319,3:16:46:231035,0
381.5966,214.34,3:16:46:234069,0
381.2031,214.6606,3:16:46:238629,0
380.8342,215.0979,3:16:46:242629,0
380.4407,215.5351,3:16:46:247166,0
380.0472,216.0015,3:16:46:250195,0
379.6537,216.3513,3:16:46:254184,0
379.211,216.7303,3:16:46:258189,0
378.8175,217.2549,3:16:46:263281,0
378.3748,217.6922,3:16:46:266809,0
377.9076,218.1295,3:16:46:271007,0
377.4649,218.5376,3:16:46:274024,0
376.973,219.004,3:16:46:278736,0
376.5057,219.4995,3:16:46:282826,0
376.0385,220.1116,3:16:46:286824,0
375.522,220.8112,3:16:46:290825,0
375.0055,221.3942,3:16:46:294827,0
374.4644,222.0647,3:16:46:298826,0
373.9234,222.7643,3:16:46:302826,0
373.3331,223.4348,3:16:46:306826,0
372.8167,224.1635,3:16:46:310839,0
372.251,224.9505,3:16:46:314850,0
371.6853,225.7376,3:16:46:318963,0
371.1197,226.4372,3:16:46:322489,0
370.5294,227.2242,3:16:46:326491,0
369.8654,227.953,3:16:46:330489,0
369.226,228.7692,3:16:46:334489,0
368.5374,229.5562,3:16:46:338488,0
367.7749,230.3141,3:16:46:342560,0
366.9633,231.0721,3:16:46:346488,0
366.1272,231.83,3:16:46:350746,0
365.2418,232.6461,3:16:46:354764,0
364.3072,233.4332,3:16:46:359181,0
363.3727,234.1619,3:16:46:362200,0
362.3889,234.9198,3:16:46:366200,0
361.356,235.6194,3:16:46:370201,0
360.2738,236.3482,3:16:46:374199,0
359.1917,237.1061,3:16:46:379187,0
358.0604,237.7182,3:16:46:382207,0
356.9537,238.3595,3:16:46:386866,0
355.847,238.9426,3:16:46:390881,0
354.7894,239.4673,3:16:46:394886,0
353.8795,239.9337,3:16:46:397882,0
353.0187,240.3418,3:16:46:402883,0
352.2317,240.6915,3:16:46:406883,0
351.5677,240.983,3:16:46:409882,0
351.0512,241.2454,3:16:46:414881,0
350.5593,241.3911,3:16:46:418879,0
350.1904,241.5078,3:16:46:422895,0
349.9445,241.5661,3:16:46:425895,0
349.7231,241.6243,3:16:46:430894,0
349.5756,241.6243,3:16:46:434787,0
349.4772,241.6243,3:16:46:438808,0
349.4526,241.6243,3:16:46:442808,0
349.4526,241.6243,3:16:46:446826,0
349.4526,241.6243,3:16:46:450804,0
349.4526,241.6243,3:16:46:454805,0
349.4526,241.6243,3:16:46:458897,0
349.4526,241.0414,3:16:46:462829,0
349.4526,241.0414,3:16:46:466829,0
349.4526,241.0414,3:16:46:470824,0
349.4526,240.575,3:16:46:474828,0
349.9445,240.575,3:16:46:478824,0
349.9445,240.1669,3:16:46:482824,0
349.9445,240.1669,3:16:46:486829,0
349.9445,239.6713,3:16:46:490828,0
350.3871,239.4381,3:16:46:495138,0
350.3871,239.1758,3:16:46:498161,0
350.3871,238.9134,3:16:46:502157,0
350.7069,238.6802,3:16:46:507158,0
350.7069,238.5053,3:16:46:510158,0
350.879,238.3304,3:16:46:515157,0
350.879,238.2138,3:16:46:519352,0
351.002,238.0972,3:16:46:522370,0
351.002,238.0681,3:16:46:526388,0
351.1004,238.0681,3:16:46:531207,0
351.1004,238.0681,3:16:46:535221,0
351.1004,238.0681,3:16:46:538226,0
351.1004,238.0681,3:16:46:542244,1857
351.1004,238.0681,3:16:46:546226,1891
350.5101,238.0681,3:16:46:550226,1957
350.5101,238.0681,3:16:46:554258,2045
350.5101,237.3393,3:16:46:558238,2150
349.7969,237.3393,3:16:46:563230,2233
349.7969,237.3393,3:16:46:567099,2288
349.7969,236.8438,3:16:46:570124,2310
349.3788,236.8438,3:16:46:574119,2324
349.3788,236.8438,3:16:46:578118,2328
349.3788,236.8438,3:16:46:582118,2331
349.3788,236.8438,3:16:46:586123,2364
349.3788,236.8438,3:16:46:590118,2451
349.3788,236.8438,3:16:46:594118,2568
349.3788,236.8438,3:16:46:598777,2700
350.0182,236.8438,3:16:46:602800,2832
350.0182,237.4559,3:16:46:606801,2905
350.7561,237.4559,3:16:46:610796,2970
351.2971,238.4178,3:16:46:614792,3027
351.9366,239.1174,3:16:46:618800,3085
352.699,239.9045,3:16:46:622797,3150
353.5106,240.7498,3:16:46:626797,3208
354.4205,241.7118,3:16:46:630797,3261
355.3551,242.8195,3:16:46:634800,3320
356.4126,244.0146,3:16:46:638801,3374
357.4948,245.3264,3:16:46:642800,3422
358.6507,246.7256,3:16:46:646800,3470
359.9049,248.2122,3:16:46:650801,3509
361.2576,249.728,3:16:46:654794,3543
362.6594,251.3022,3:16:46:658809,3571
364.1351,253.0511,3:16:46:662942,3588
365.5861,254.8293,3:16:46:666957,3596
367.0371,256.6657,3:16:46:669960,3601
368.4144,258.4439,3:16:46:673961,3602
369.7178,260.222,3:16:46:678958,3610
370.8492,261.9419,3:16:46:681962,3616
371.8083,263.516,3:16:46:685966,3621
372.5707,265.0027,3:16:46:690829,3636
373.1118,266.2561,3:16:46:694852,3660
373.5299,267.3347,3:16:46:698854,3688
373.7266,268.2675,3:16:46:702849,3718
373.7266,269.0545,3:16:46:705854,3746
373.7266,269.6958,3:16:46:709849,3759
373.7266,270.2205,3:16:46:714847,3769
372.6445,270.6577,3:16:46:718853,3776
371.8821,271.0075,3:16:46:722849,3776
370.8983,271.2699,3:16:46:726736,3778
369.6932,271.3865,3:16:46:730755,3778
368.2914,271.3865,3:16:46:734754,3772
366.7174,271.3865,3:16:46:738755,3764
365.0942,271.3865,3:16:46:742756,3757
363.3727,270.4537,3:16:46:746758,3747
361.7003,270.4537,3:16:46:750758,3742
360.1017,268.9962,3:16:46:754759,3734
358.5769,268.1217,3:16:46:758758,3727
357.2242,267.0723,3:16:46:762754,3718
356.0683,265.9646,3:16:46:766755,3711
355.0354,264.8278,3:16:46:770754,3710
354.1992,263.6326,3:16:46:774754,3708
353.5106,262.4083,3:16:46:779139,3700
352.9695,261.184,3:16:46:782154,3686
352.6006,259.9305,3:16:46:786155,3674
352.4038,258.7062,3:16:46:790155,3669
352.3792,257.5403,3:16:46:794882,3666
352.3792,256.2285,3:16:46:798906,3670
352.3792,254.8876,3:16:46:802906,3665
353.4122,253.5175,3:16:46:806898,3661
354.1746,252.0892,3:16:46:809907,3662
355.1584,250.6026,3:16:46:814901,3661
356.3142,249.0867,3:16:46:818952,3668
357.6669,247.4835,3:16:46:821954,3669
359.1671,245.8219,3:16:46:826954,3668
360.7903,244.1604,3:16:46:831168,3666
362.5365,242.4989,3:16:46:834165,3664
364.258,240.8665,3:16:46:838163,3668
365.9796,239.2049,3:16:46:842172,3675
367.6028,237.6599,3:16:46:846168,3677
369.103,236.1441,3:16:46:850172,3682
370.4557,234.7158,3:16:46:855168,3686
371.6607,233.4041,3:16:46:859166,3683
372.6445,232.0923,3:16:46:862164,3693
373.4315,230.9263,3:16:46:866164,3696
374.0218,229.8477,3:16:46:870871,3702
374.4644,228.7984,3:16:46:874402,3717
374.7841,227.8656,3:16:46:878402,3731
374.9317,226.991,3:16:46:882479,3742
374.9563,226.1457,3:16:46:886627,3748
374.9563,225.3295,3:16:46:890147,3752
374.9563,224.5716,3:16:46:895145,3755
374.9563,223.9012,3:16:46:898148,3766
374.1939,223.2598,3:16:46:902153,3785
374.1939,222.6185,3:16:46:907596,3802
373.4315,222.0647,3:16:46:910615,3820
373.4315,221.6274,3:16:46:914614,3843
372.6937,221.2776,3:16:46:918644,3863
372.6937,220.9861,3:16:46:922650,3882
372.128,220.7821,3:16:46:926619,3893
372.128,220.6072,3:16:46:930514,3889
371.8083,220.578,3:16:46:934545,3884
371.8083,220.578,3:16:46:938546,3877
371.8083,220.578,3:16:46:942822,3876
371.8083,221.4817,3:16:46:946769,3889
371.8083,221.4817,3:16:46:950768,3905
372.6937,222.9392,3:16:46:954906,3931
372.6937,223.9886,3:16:46:957929,3956
373.8496,225.2712,3:16:46:961929,3983
374.612,226.7287,3:16:46:966926,4003
375.5466,228.3611,3:16:46:970929,4018
376.6287,230.0518,3:16:46:974930,4035
377.7846,231.83,3:16:46:978929,4042
378.9897,233.6373,3:16:46:983930,4056
380.3423,235.4154,3:16:46:985948,4066
381.6704,237.1644,3:16:46:990952,4069
383.0231,238.8259,3:16:46:994973,4079
384.3757,240.3126,3:16:46:998987,4079
385.6546,241.6826,3:16:47:002987,4082
386.8105,242.907,3:16:47:006993,4089
387.8926,243.9563,3:16:47:010991,4088
388.8272,244.8017,3:16:47:014992,4094
389.6388,245.5013,3:16:47:018992,4095
390.3028,246.026,3:16:47:021997,4102
390.7947,246.4341,3:16:47:025988,4126
391.139,246.7547,3:16:47:030766,4199
391.3849,246.9296,3:16:47:034785,4306
391.5079,247.0171,3:16:47:039071,4414
391.5079,247.0171,3:16:47:042105,4511
391.5079,247.0171,3:16:47:046089,4560
391.5079,246.2883,3:16:47:050089,4570
390.6963,246.2883,3:16:47:055089,4573
390.6963,244.9183,3:16:47:058094,4568
389.5158,243.8981,3:16:47:063089,4560
388.6796,242.6446,3:16:47:066088,4553
387.7205,241.1288,3:16:47:070089,4540
386.5891,239.3798,3:16:47:075044,4536
385.3349,237.4267,3:16:47:078062,4529
383.9822,235.1822,3:16:47:082062,4517
382.482,232.6753,3:16:47:087062,4506
380.8588,229.9935,3:16:47:090063,4491
379.0881,227.2242,3:16:47:094062,4477
377.2189,224.3967,3:16:47:099090,4469
375.2514,221.6566,3:16:47:102091,4470
373.1856,219.0331,3:16:47:106092,4459
371.0705,216.5845,3:16:47:110778,4454
368.9308,214.3983,3:16:47:114320,4440
366.8158,212.5618,3:16:47:118320,4418
364.7499,211.0751,3:16:47:122438,4411
362.7578,209.8217,3:16:47:126316,4396
360.7903,208.8598,3:16:47:130316,4387
358.9212,208.0727,3:16:47:135406,4382
357.0767,207.548,3:16:47:140405,4365
355.3305,207.2565,3:16:47:142405,4354
353.5598,207.1107,3:16:47:148742,4344
351.8874,207.1107,3:16:47:150742,4338
350.215,207.1107,3:16:47:154742,4334
348.641,207.1107,3:16:47:158740,4330
347.0916,208.1019,3:16:47:162739,4321
345.6898,208.1019,3:16:47:166747,4315
344.3617,209.3261,3:16:47:170743,4311
343.132,210.0549,3:16:47:174740,4304
342.0745,210.8711,3:16:47:178928,4312
341.1399,211.7747,3:16:47:181948,4307
340.3775,212.6492,3:16:47:186948,4304
339.7873,213.5529,3:16:47:190946,4303
339.3937,214.4274,3:16:47:193951,4285
339.0986,215.2436,3:16:47:197951,4285
339.0248,215.914,3:16:47:202738,4286
339.0248,216.4388,3:16:47:206756,4286
339.0248,216.8468,3:16:47:210752,4298
339.6889,217.1384,3:16:47:215758,4306
339.6889,217.1384,3:16:47:218762,4316
340.894,217.1384,3:16:47:222756,4332
341.7302,217.1384,3:16:47:226757,4345
342.6893,216.2639,3:16:47:230757,4355
343.8452,215.506,3:16:47:234761,4360
345.1241,214.5148,3:16:47:239148,4361
346.5505,213.3197,3:16:47:242167,4352
348.0508,211.9496,3:16:47:246172,4322
349.6002,210.463,3:16:47:250252,4267
351.125,208.9472,3:16:47:254167,4173
352.6006,207.4897,3:16:47:258167,4027
353.9778,206.0614,3:16:47:262178,3833
355.1584,204.7787,3:16:47:266767,3578
356.2159,203.6419,3:16:47:270790,3265
357.0767,202.7091,3:16:47:274763,2877
357.7161,202.0095,3:16:47:278781,2350
358.1588,201.4848,3:16:47:282777,1689
358.4539,201.1933,3:16:47:286783,1008
358.5031,201.1933,3:16:47:290778,460
358.5031,201.1933,3:16:47:294780,0
358.5031,201.1933,3:16:47:298779,0
357.4948,202.4176,3:16:47:302778,0
356.7815,203.2338,3:16:47:306782,0
355.9453,204.2249,3:16:47:310778,0
354.9862,205.3326,3:16:47:314779,0
353.8795,206.6152,3:16:47:318790,0
352.7482,208.0435,3:16:47:322778,0
351.5923,209.5885,3:16:47:327038,0
350.5101,211.2209,3:16:47:330058,0
349.4526,212.9699,3:16:47:334075,0
348.4442,214.8064,3:16:47:338057,0
347.4851,216.7594,3:16:47:342058,0
346.5013,218.8873,3:16:47:346063,0
345.6406,221.0153,3:16:47:351056,0
344.7306,223.2598,3:16:47:354075,0
343.8944,225.4753,3:16:47:359063,0
343.0336,227.6906,3:16:47:362087,0
342.222,229.9061,3:16:47:367081,0
341.4842,232.0923,3:16:47:370087,0
340.7218,234.2202,3:16:47:374082,0
340.0086,236.2899,3:16:47:378491,0
339.2954,238.2721,3:16:47:382491,0
338.5084,240.0794,3:16:47:386490,0
337.6968,241.7118,3:16:47:390656,0
336.836,243.1693,3:16:47:394486,1938
335.9506,244.4519,3:16:47:398491,1967
335.1144,245.5596,3:16:47:402294,2019
334.3274,246.5215,3:16:47:406287,2080
333.6634,247.2794,3:16:47:410287,2148
333.1223,247.7458,3:16:47:415292,2208
332.778,248.1539,3:16:47:419104,2293
332.7043,248.5329,3:16:47:423128,2425
332.7043,248.7661,3:16:47:427144,2613
332.7043,248.8535,3:16:47:430141,2841
333.9585,248.8535,3:16:47:435141,3069
334.8931,248.8535,3:16:47:439140,3278
336.0982,247.979,3:16:47:443054,3468
337.7214,247.192,3:16:47:446069,3623
339.6643,246.1718,3:16:47:451061,3742
341.8777,244.7142,3:16:47:454065,3832
344.4109,242.8778,3:16:47:458065,3891
347.2883,240.6041,3:16:47:462097,3936
350.3871,237.9223,3:16:47:467223,3976
353.9532,234.8033,3:16:47:470242,4023
357.8882,231.3636,3:16:47:474247,4077
362.0446,227.7781,3:16:47:478246,4124
366.3485,224.076,3:16:47:482242,4170
370.7754,220.374,3:16:47:486242,4214
375.3498,216.7303,3:16:47:491359,4241
379.8997,213.2614,3:16:47:494389,4265
384.6462,209.9966,3:16:47:498392,4289
389.2453,206.9359,3:16:47:502361,4299
393.623,204.0791,3:16:47:506361,4309
397.7301,201.3682,3:16:47:510362,4321
401.6405,198.803,3:16:47:515358,4330
405.3296,196.3835,3:16:47:518380,4341
408.6743,194.0807,3:16:47:522376,4342
411.6748,191.9527,3:16:47:527376,4345
414.1588,190.0871,3:16:47:530374,4351
416.2246,188.4839,3:16:47:535374,4355
417.8478,187.2013,3:16:47:539370,4352
419.1021,186.1519,3:16:47:542368,4335
420.0367,185.3357,3:16:47:546372,4303
420.6515,184.7818,3:16:47:550376,4257
421.0696,184.4612,3:16:47:554368,4213
421.2664,184.3446,3:16:47:558368,4136
421.2664,184.3446,3:16:47:562371,3998
421.2664,184.3446,3:16:47:566368,3794
421.2664,184.3446,3:16:47:570368,3511
420.3564,185.3065,3:16:47:574371,3193
419.7907,185.3065,3:16:47:578368,2867
419.1267,186.5017,3:16:47:582368,2533
418.3889,187.2305,3:16:47:586369,2180
417.5281,188.0175,3:16:47:590401,1788
416.6919,188.8629,3:16:47:594368,1378
415.8311,189.7082,3:16:47:598371,966
414.9211,190.5535,3:16:47:602372,565
414.0358,191.3406,3:16:47:606367,281
413.1258,192.0694,3:16:47:610371,0
412.2404,192.8273,3:16:47:614372,0
411.3551,193.5269,3:16:47:618367,0
410.4451,194.2556,3:16:47:622371,0
409.5843,194.9552,3:16:47:626373,0
408.6743,195.7131,3:16:47:630342,0
407.8136,196.4127,3:16:47:634342,0
406.9774,197.1123,3:16:47:638341,0
406.1658,197.8119,3:16:47:642342,0
405.3788,198.5115,3:16:47:646341,0
404.641,199.2111,3:16:47:650341,0
403.854,199.8815,3:16:47:655341,0
403.0424,200.5228,3:16:47:658341,1299
402.1816,201.1059,3:16:47:662341,1360
401.3208,201.6888,3:16:47:666341,1466
400.4109,202.301,3:16:47:670340,1614
399.4517,202.9131,3:16:47:674341,1774
398.4433,203.5544,3:16:47:678340,1900
397.435,204.2249,3:16:47:682341,2008
396.4513,205.0119,3:16:47:686341,2093
395.5167,205.8573,3:16:47:690342,2177
394.5821,206.761,3:16:47:694340,2250
393.6476,207.7812,3:16:47:698341,2300
392.7622,208.7723,3:16:47:702341,2348
392.0244,209.88,3:16:47:707340,2390
391.3849,210.9585,3:16:47:710342,2428
390.8685,212.0371,3:16:47:714349,2464
390.4012,213.1156,3:16:47:719357,2492
390.0815,214.1068,3:16:47:722345,2522
389.9585,214.9521,3:16:47:726341,2554
389.9585,215.7683,3:16:47:730341,2589
389.9585,216.5553,3:16:47:734344,2620
389.9585,217.1384,3:16:47:738341,2650
390.9669,217.6922,3:16:47:742343,2675
391.6063,218.1295,3:16:47:746344,2692
392.4917,218.4501,3:16:47:750343,2713
393.5246,218.625,3:16:47:754343,2738
394.7297,218.7708,3:16:47:758341,2754
396.1069,218.7708,3:16:47:762348,2776
397.558,218.7708,3:16:47:766341,2794
399.0582,218.7708,3:16:47:770341,2812
400.4846,218.7708,3:16:47:774342,2836
401.8619,217.9837,3:16:47:778342,2859
403.0178,217.9837,3:16:47:782344,2879
403.9769,217.9837,3:16:47:786342,2886
404.6902,217.4299,3:16:47:790341,2894
405.2312,217.4299,3:16:47:794341,2906
405.5509,217.4299,3:16:47:798342,2930
405.6739,217.4299,3:16:47:802345,2970
405.6739,217.4299,3:16:47:806342,3015
405.6739,217.4299,3:16:47:810342,3065
405.0836,218.2169,3:16:47:814341,3113
405.0836,218.2169,3:16:47:818341,3162
403.854,219.7327,3:16:47:822343,3211
403.0178,220.8404,3:16:47:826342,3267
402.034,222.1521,3:16:47:830341,3326
400.9519,223.6096,3:16:47:834342,3374
399.8944,225.2129,3:16:47:838349,3418
398.8369,226.7578,3:16:47:841926,3457
397.8039,228.332,3:16:47:845943,3489
396.8694,229.8477,3:16:47:849941,3525
396.0823,231.2761,3:16:47:853942,3557
395.4675,232.5878,3:16:47:858941,3580
395.0248,233.7538,3:16:47:861942,3599
394.7789,234.8615,3:16:47:865941,3619
394.7789,235.8235,3:16:47:869947,3641
394.7789,236.698,3:16:47:874941,3658
394.7789,237.4267,3:16:47:878941,3675
395.8364,238.0098,3:16:47:882942,3686
396.648,238.4762,3:16:47:885941,3702
397.7055,238.7677,3:16:47:889941,3717
398.9598,238.9134,3:16:47:893942,3734
400.4109,238.9134,3:16:47:898942,3751
402.034,238.9134,3:16:47:901941,3758
403.8294,238.9134,3:16:47:905942,3763
405.6985,237.9223,3:16:47:910625,3769
407.6168,237.9223,3:16:47:914626,3772
409.5105,236.698,3:16:47:918625,3775
411.3305,235.9693,3:16:47:922633,3786
413.0028,235.2405,3:16:47:926634,3787
414.5768,234.4534,3:16:47:930631,3792
416.0033,233.6955,3:16:47:934632,3797
417.2576,232.9377,3:16:47:938630,3796
418.3397,232.2381,3:16:47:942630,3799
419.2989,231.5385,3:16:47:946630,3800
420.1104,230.868,3:16:47:950630,3803
420.8482,230.3141,3:16:47:954633,3805
421.4385,229.7894,3:16:47:958634,3806
421.8812,229.3813,3:16:47:962630,3813
422.2501,228.9733,3:16:47:966630,3830
422.5452,228.6817,3:16:47:970652,3851
422.7912,228.3902,3:16:47:974631,3877
422.9387,228.1279,3:16:47:978824,3908
423.0371,227.8656,3:16:47:982811,3932
423.1109,227.5741,3:16:47:986811,3952
423.1355,227.2534,3:16:47:990810,3969
423.1601,226.8453,3:16:47:994811,3976
423.1601,226.3206,3:16:47:998812,3978
423.1601,225.7376,3:16:48:002811,3978
423.1601,225.0963,3:16:48:006812,3977
423.1601,224.3092,3:16:48:010811,3977
423.1601,223.4348,3:16:48:014810,3984
423.1601,222.502,3:16:48:018811,3991
423.1601,221.4817,3:16:48:022811,3998
422.6682,220.5197,3:16:48:026811,4004
422.6682,219.4995,3:16:48:030817,4001
422.6682,218.4792,3:16:48:034544,4000
422.6682,217.4299,3:16:48:039559,3996
422.2747,216.4096,3:16:48:042560,3989
422.2747,215.4476,3:16:48:046558,3988
422.2747,214.4857,3:16:48:051559,3982
421.9796,213.5237,3:16:48:055557,3980
421.9796,212.5618,3:16:48:058564,3980
421.7828,211.5415,3:16:48:062559,3979
421.7828,210.5796,3:16:48:066130,3978
421.6107,209.7051,3:16:48:071125,3975
421.4385,208.8015,3:16:48:075129,3978
421.3155,207.9852,3:16:48:078129,3985
421.168,207.2274,3:16:48:082130,3999
420.9712,206.4695,3:16:48:086131,4025
420.7991,205.799,3:16:48:091148,4056
420.6023,205.2451,3:16:48:095130,4105
420.4547,204.8079,3:16:48:098134,4165
420.258,204.429,3:16:48:102145,4235
420.1104,204.1375,3:16:48:107134,4303
419.9629,203.9334,3:16:48:111129,4352
419.9137,203.7876,3:16:48:114129,4384
419.8399,203.6711,3:16:48:118131,4395
419.8153,203.6419,3:16:48:122135,4389
419.8153,203.6419,3:16:48:127130,4380
419.8153,203.6419,3:16:48:130129,4378
419.8153,203.6419,3:16:48:134133,4392
419.8153,203.6419,3:16:48:139135,4428
419.8153,204.633,3:16:48:143129,4487
420.6515,204.633,3:16:48:146135,4554
420.6515,206.0031,3:16:48:150135,4627
421.6353,206.965,3:16:48:154140,4707
422.2255,208.0727,3:16:48:159133,4792
423.0125,209.3261,3:16:48:163133,4885
423.9225,210.6962,3:16:48:166134,4968
425.0046,212.212,3:16:48:171134,5042
426.1851,213.8736,3:16:48:174129,5093
427.5132,215.6517,3:16:48:179133,5132
428.9396,217.5173,3:16:48:182462,5190
430.4152,219.4412,3:16:48:186533,5244
431.9892,221.3651,3:16:48:190530,5304
433.4894,223.2598,3:16:48:194544,5350
435.0388,225.1254,3:16:48:198532,5374
436.4407,226.991,3:16:48:202536,5387
437.7442,228.6817,3:16:48:206536,5383
438.9247,230.285,3:16:48:210533,5386
440.0314,231.7133,3:16:48:214533,5388
441.0397,233.0251,3:16:48:218534,5357
441.9251,234.2494,3:16:48:222533,5313
442.7367,235.3571,3:16:48:227535,5213
443.4253,236.319,3:16:48:230535,5028
444.0156,237.1353,3:16:48:234533,4782
444.5566,237.8349,3:16:48:238529,4439
444.9993,238.4178,3:16:48:243533,4016
445.3682,238.9134,3:16:48:246532,3517
445.6388,239.2341,3:16:48:250533,2928
445.8355,239.4673,3:16:48:254770,2146
445.9831,239.4964,3:16:48:258789,1323
446.0815,239.4964,3:16:48:261789,656
446.0815,239.4964,3:16:48:266529,0
446.0815,238.2721,3:16:48:270526,0
446.0815,237.3976,3:16:48:274526,0
446.0815,236.1733,3:16:48:278528,0
445.2452,234.7158,3:16:48:282529,0
445.2452,232.9959,3:16:48:286529,0
444.3107,231.0137,3:16:48:290655,0
443.745,228.8275,3:16:48:294554,0
443.1548,226.4955,3:16:48:298554,0
442.5645,224.0177,3:16:48:302554,0
441.9743,221.4234,3:16:48:306554,0
441.4332,218.7999,3:16:48:310554,0
440.9413,216.1764,3:16:48:315102,0
440.4003,213.5529,3:16:48:318120,0
439.933,211.0751,3:16:48:322120,0
439.5395,208.714,3:16:48:326126,0
439.1214,206.4403,3:16:48:330126,0
438.7525,204.3707,3:16:48:334156,0
438.3836,202.5051,3:16:48:338121,0
438.0393,200.7852,3:16:48:343121,0
437.7442,199.1819,3:16:48:346888,0
437.4736,197.7536,3:16:48:349906,0
437.2523,196.3835,3:16:48:353907,0
436.9326,195.1884,3:16:48:358825,0
436.5883,193.935,3:16:48:362848,0
436.1456,192.6815,3:16:48:366847,0
435.6291,191.4863,3:16:48:369848,3528
435.0634,190.3786,3:16:48:374848,3563
434.4732,189.4167,3:16:48:378849,3648
433.9075,188.5714,3:16:48:382975,3768
433.3173,187.8426,3:16:48:385995,3895
432.85,187.2305,3:16:48:390026,3974
432.4319,186.8515,3:16:48:395009,4002
432.2106,186.7057,3:16:48:398025,4011
432.1614,186.7057,3:16:48:402024,4062
432.1614,186.7057,3:16:48:407124,4161
432.1614,187.4928,3:16:48:410148,4303
432.7762,188.2215,3:16:48:414143,4456
432.7762,189.2126,3:16:48:419142,4597
434.0059,190.437,3:16:48:422143,4726
434.8667,191.9527,3:16:48:427142,4821
435.9734,193.7018,3:16:48:431334,4912
437.1539,195.509,3:16:48:434353,4991
438.5066,197.4912,3:16:48:438352,5065
439.933,199.4151,3:16:48:443353,5148
441.4332,201.3391,3:16:48:446353,5209
442.958,203.2338,3:16:48:450714,5253
444.4828,205.0119,3:16:48:454736,5273
445.9585,206.6735,3:16:48:458737,5276
447.4095,208.2476,3:16:48:462299,5283
448.8113,209.7343,3:16:48:466295,5288
450.1148,211.1917,3:16:48:470280,5255
451.2707,212.4743,3:16:48:474354,5190
452.3774,213.6695,3:16:48:478308,5053
453.3366,214.6606,3:16:48:482279,4851
454.1236,215.506,3:16:48:486729,4629
454.763,216.1764,3:16:48:490713,4345
455.2795,216.7011,3:16:48:494714,4030
455.5746,217.1092,3:16:48:498718,3703
455.8452,217.3132,3:16:48:502713,3331
455.9681,217.459,3:16:48:507712,2876
455.9681,217.459,3:16:48:510713,2273
455.9681,217.459,3:16:48:514712,1518
455.2795,217.459,3:16:48:518724,826
454.7138,216.672,3:16:48:522731,311
454.0006,216.672,3:16:48:526733,0
453.0907,215.3602,3:16:48:530777,0
451.9594,214.4274,3:16:48:534800,0
450.6067,213.3197,3:16:48:538800,0
449.1557,212.0371,3:16:48:542801,0
447.5571,210.6671,3:16:48:546797,0
445.8601,209.1804,3:16:48:550796,0
444.114,207.6355,3:16:48:554992,0
442.2448,206.0322,3:16:48:558513,0
440.3511,204.4872,3:16:48:563509,0
438.4082,202.9715,3:16:48:566903,0
436.4653,201.5431,3:16:48:570906,0
434.4978,200.3188,3:16:48:573918,0
432.5549,199.2111,3:16:48:577906,0
430.6858,198.3074,3:16:48:581909,0
428.792,197.6078,3:16:48:585904,0
426.9475,197.0248,3:16:48:591050,0
425.1276,196.675,3:16:48:595073,0
423.3568,196.4418,3:16:48:598072,0
421.6353,196.4127,3:16:48:603070,0
420.0121,196.4127,3:16:48:606073,0
418.438,196.4127,3:16:48:610072,0
416.8886,196.4127,3:16:48:615061,0
415.4376,197.1998,3:16:48:618090,0
414.0358,197.1998,3:16:48:622079,0
412.7569,198.0742,3:16:48:626078,0
411.5518,198.0742,3:16:48:630084,0
410.3467,199.1819,3:16:48:635076,0
409.2646,199.8524,3:16:48:639139,0
408.2563,200.5811,3:16:48:642159,0
407.2971,201.3682,3:16:48:647156,0
406.4117,202.2719,3:16:48:650247,0
405.5755,202.9715,3:16:48:654157,0
404.7639,203.6419,3:16:48:658163,0
404.0507,204.1958,3:16:48:662833,2216
403.4605,204.6622,3:16:48:666806,2236
402.944,204.9536,3:16:48:670805,2281
402.5751,205.1577,3:16:48:674810,2353
402.3292,205.1577,3:16:48:678801,2440
402.2308,205.1577,3:16:48:682805,2533
402.2308,205.1577,3:16:48:686885,2638
402.2308,205.1577,3:16:48:689935,2756
403.4851,204.1958,3:16:48:693933,2896
404.4196,204.1958,3:16:48:698808,3047
405.6493,202.7674,3:16:48:702828,3175
407.1003,201.7471,3:16:48:706828,3270
408.8465,200.4937,3:16:48:710838,3335
410.814,198.9196,3:16:48:714828,3364
413.0028,197.1998,3:16:48:718843,3381
415.3884,195.1884,3:16:48:722779,3390
417.9954,192.973,3:16:48:726797,3389
420.7499,190.5535,3:16:48:730797,3395
423.7257,188.1924,3:16:48:734855,3379
426.7753,185.8313,3:16:48:738854,3332
429.8495,183.4993,3:16:48:742855,3232
432.85,181.3421,3:16:48:746858,3056
435.7521,179.3891,3:16:48:750852,2804
438.4574,177.7276,3:16:48:753850,2428
440.8922,176.3575,3:16:48:758681,1875
443.0564,175.2206,3:16:48:762705,1198
444.8271,174.2587,3:16:48:766705,616
446.3766,173.53,3:16:48:770702,0
447.5325,172.9469,3:16:48:775312,0
448.4424,172.4805,3:16:48:778331,0
449.0573,172.1308,3:16:48:782331,0
449.4262,171.8392,3:16:48:786331,0
449.6229,171.5186,3:16:48:790331,0
449.6229,171.2854,3:16:48:794331,0
449.6229,171.0231,3:16:48:799329,0
449.6229,170.7607,3:16:48:802330,0
448.9835,170.4984,3:16:48:806333,0
448.9835,170.2068,3:16:48:810335,0
448.9835,169.9153,3:16:48:814385,0
448.9835,169.5364,3:16:48:818382,0
448.9835,169.2449,3:16:48:822919,0
448.9835,168.9534,3:16:48:825934,0
448.9835,168.6036,3:16:48:829932,0
448.9835,168.3121,3:16:48:834935,0
449.7705,167.9332,3:16:48:837932,0
449.7705,167.5251,3:16:48:842933,0
450.9018,167.1169,3:16:48:847509,0
451.5904,166.6505,3:16:48:850528,0
452.4512,166.0967,3:16:48:854528,0
453.2382,165.5428,3:16:48:858547,0
454.4679,164.989,3:16:48:862531,0
456.1403,164.3768,3:16:48:866532,0
456.1403,164.3768,3:16:48:884887,0
