439.8838,243.8981,3:22:43:778338,0
439.8838,243.8981,3:22:43:783338,0
439.8838,243.8981,3:22:43:788073,0
439.1214,243.8981,3:22:43:791096,0
439.1214,243.8981,3:22:43:796094,0
438.4574,243.1693,3:22:43:799096,0
438.4574,243.1693,3:22:43:804306,0
437.6458,242.4114,3:22:43:807329,0
437.1785,242.4114,3:22:43:811405,0
437.1785,241.3911,3:22:43:815326,0
436.6129,240.8373,3:22:43:819416,0
436.6129,240.2834,3:22:43:823328,0
436.121,239.7296,3:22:43:827785,0
435.8504,239.2341,3:22:43:831348,0
435.6045,238.7094,3:22:43:836280,0
435.334,238.243,3:22:43:839302,0
435.0388,237.864,3:22:43:843298,0
434.7437,237.6017,3:22:43:847313,0
434.4486,237.3976,3:22:43:851384,0
434.1781,237.3976,3:22:43:855379,0
433.9567,237.3976,3:22:43:859931,0
433.76,237.3976,3:22:43:862949,0
433.5386,237.3976,3:22:43:867950,0
433.3419,237.3976,3:22:43:870950,0
433.1943,238.0972,3:22:43:875947,0
433.0959,238.0972,3:22:43:878953,0
433.0222,238.0972,3:22:43:884110,0
432.8992,238.8842,3:22:43:887635,0
432.7762,238.8842,3:22:43:891652,0
432.6779,239.4381,3:22:43:895641,0
432.5549,239.4381,3:22:43:899640,0
432.4811,239.4381,3:22:43:903663,0
432.3827,239.9045,3:22:43:908648,0
432.2597,239.9045,3:22:43:911643,0
432.1368,240.3126,3:22:43:915880,0
431.9154,240.6041,3:22:43:919894,0
431.6941,240.8665,3:22:43:923726,0
431.4727,241.2162,3:22:43:927747,0
431.2268,241.6243,3:22:43:931745,0
430.9317,242.1782,3:22:43:935747,0
430.6612,242.7321,3:22:43:940040,0
430.366,243.2859,3:22:43:943056,0
429.9971,243.9563,3:22:43:948059,0
429.7512,244.5977,3:22:43:951059,0
429.4315,245.2681,3:22:43:955059,0
429.0626,246.026,3:22:43:959059,0
428.7183,246.7547,3:22:43:964463,0
428.3739,247.3378,3:22:43:967487,0
428.1034,247.8916,3:22:43:971482,0
427.7591,248.5038,3:22:43:975481,0
427.4394,248.9702,3:22:43:979558,0
427.1689,249.524,3:22:43:983482,0
426.8737,250.0195,3:22:43:987482,0
426.6032,250.3985,3:22:43:991485,0
426.3818,250.7191,3:22:43:995482,0
426.2343,251.0398,3:22:43:999481,0
425.9637,251.3896,3:22:44:003486,0
425.7916,251.7103,3:22:44:007488,0
425.6194,251.9726,3:22:44:011486,0
425.4965,252.1475,3:22:44:015486,0
425.3735,252.5264,3:22:44:019481,0
425.3489,252.8763,3:22:44:023481,0
425.2505,253.1969,3:22:44:027839,0
425.2014,253.4884,3:22:44:030870,0
425.103,253.7507,3:22:44:035638,0
425.0784,254.0131,3:22:44:039505,0
424.98,254.2463,3:22:44:043880,0
424.9062,254.4795,3:22:44:047895,0
424.8816,254.567,3:22:44:050899,0
424.8078,254.7127,3:22:44:055895,0
424.7833,254.8002,3:22:44:059897,0
424.7587,255.0042,3:22:44:062903,0
424.6849,255.2374,3:22:44:068328,0
424.5865,255.3831,3:22:44:071346,0
424.5127,255.6163,3:22:44:075346,0
424.4143,255.7621,3:22:44:079370,0
424.2422,255.8495,3:22:44:083347,0
424.193,255.8495,3:22:44:087366,0
424.0454,255.9079,3:22:44:091963,0
423.8241,255.9079,3:22:44:095982,0
423.7011,255.9079,3:22:44:098981,0
423.5782,255.9079,3:22:44:102985,0
423.4306,255.9079,3:22:44:108983,0
423.3568,255.9079,3:22:44:110981,0
423.283,255.9079,3:22:44:114981,0
423.1601,255.9079,3:22:44:119805,0
423.1109,255.9079,3:22:44:122824,0
423.0371,255.9079,3:22:44:127822,0
423.0371,255.9079,3:22:44:130824,0
423.0371,255.9079,3:22:44:136225,0
423.0371,255.9079,3:22:44:139249,0
423.0371,255.9079,3:22:44:143245,0
423.0371,255.9079,3:22:44:147250,0
422.4468,255.9079,3:22:44:152242,0
422.4468,255.9079,3:22:44:155279,0
422.4468,255.9079,3:22:44:159999,0
422.4468,256.4617,3:22:44:163023,0
421.9796,256.4617,3:22:44:167761,0
421.9796,256.4617,3:22:44:171782,0
421.9796,256.8406,3:22:44:175782,0
421.6353,256.8406,3:22:44:179782,0
421.6353,256.8406,3:22:44:183786,0
421.3155,257.1613,3:22:44:187782,0
421.3155,257.1613,3:22:44:191982,0
421.045,257.1613,3:22:44:195000,0
420.8728,257.1613,3:22:44:200087,0
420.8728,257.1613,3:22:44:204102,0
420.7007,257.1613,3:22:44:207107,0
420.6269,257.1613,3:22:44:211110,0
420.5777,257.1613,3:22:44:215196,0
420.4547,257.1613,3:22:44:219107,0
420.381,257.8609,3:22:44:223929,0
420.3072,257.8609,3:22:44:226946,0
420.258,257.8609,3:22:44:231950,0
420.135,258.4439,3:22:44:235944,0
420.0612,258.4439,3:22:44:239959,0
419.9629,258.9395,3:22:44:242977,0
419.8153,258.9395,3:22:44:248224,0
419.6924,258.9395,3:22:44:251244,0
419.594,259.3184,3:22:44:255249,0
419.4956,259.3184,3:22:44:259240,0
419.4464,259.6099,3:22:44:264242,0
419.3234,259.7848,3:22:44:267016,0
419.2005,259.7848,3:22:44:271051,0
419.0775,259.9014,3:22:44:276397,0
418.9545,259.9014,3:22:44:279420,0
418.8807,260.0471,3:22:44:283420,0
418.7332,260.1346,3:22:44:287419,0
418.6348,260.1929,3:22:44:291421,0
418.438,260.2803,3:22:44:295416,0
418.2905,260.3387,3:22:44:299416,0
418.1675,260.4553,3:22:44:303416,0
418.0692,260.601,3:22:44:307824,0
417.9708,260.6302,3:22:44:311363,0
417.9216,260.7176,3:22:44:315366,0
417.9216,260.7759,3:22:44:319364,0
417.8724,260.8633,3:22:44:323830,0
417.8724,261.0091,3:22:44:326855,0
417.8724,261.184,3:22:44:330855,0
417.8724,261.4172,3:22:44:334880,0
417.8724,261.5921,3:22:44:339857,0
417.8724,261.8545,3:22:44:343851,0
417.8724,262.2043,3:22:44:347846,0
417.8724,262.4958,3:22:44:351855,0
417.8724,262.8164,3:22:44:355853,0
418.3889,263.1662,3:22:44:359846,0
418.3889,263.4868,3:22:44:362851,0
418.3889,263.7784,3:22:44:366851,0
418.3889,264.1281,3:22:44:371954,0
418.3889,264.4196,3:22:44:374977,0
418.6594,264.6237,3:22:44:378977,0
418.6594,264.9443,3:22:44:382979,0
418.6594,265.2358,3:22:44:387974,0
418.8807,265.4982,3:22:44:390977,0
418.8807,265.7897,3:22:44:394977,0
418.8807,266.0812,3:22:44:399976,0
418.8807,266.3727,3:22:44:403881,0
419.0283,266.6642,3:22:44:407421,0
419.1267,267.014,3:22:44:411791,0
419.2497,267.3347,3:22:44:414809,0
419.2989,267.6844,3:22:44:419848,0
419.3726,267.9468,3:22:44:423805,0
419.471,268.2675,3:22:44:426809,0
419.594,268.5298,3:22:44:431809,0
419.6678,268.7921,3:22:44:436231,0
419.7169,268.9962,3:22:44:439262,0
419.7661,269.2294,3:22:44:443254,0
419.7661,269.4043,3:22:44:447254,0
419.7661,269.6083,3:22:44:451250,0
419.7661,269.7832,3:22:44:455250,0
419.7661,269.929,3:22:44:459249,0
419.7661,270.1039,3:22:44:463245,0
419.7661,270.308,3:22:44:468105,0
419.7661,270.512,3:22:44:471124,0
419.7661,270.716,3:22:44:475125,0
419.7661,270.9201,3:22:44:479124,0
419.7661,271.1533,3:22:44:484125,0
419.7661,271.3865,3:22:44:487124,0
419.7661,271.678,3:22:44:491129,0
419.7661,271.9403,3:22:44:495120,0
419.7661,272.2027,3:22:44:500115,0
419.7661,272.4359,3:22:44:503138,0
419.7661,272.6691,3:22:44:507138,0
419.7661,272.9023,3:22:44:511136,0
419.7661,273.1064,3:22:44:516136,0
419.7661,273.3395,3:22:44:519133,0
419.7661,273.4853,3:22:44:524132,0
419.7661,273.631,3:22:44:527139,0
419.7661,273.7768,3:22:44:532133,0
419.7661,273.8934,3:22:44:535134,0
419.7661,274.01,3:22:44:539133,0
419.7661,274.1558,3:22:44:543159,0
419.7661,274.2141,3:22:44:548154,0
419.7661,274.3598,3:22:44:551177,0
419.7661,274.5347,3:22:44:555177,0
419.7661,274.6805,3:22:44:559177,0
419.7661,274.8845,3:22:44:564172,0
419.7661,275.0302,3:22:44:567181,0
419.7661,275.2343,3:22:44:571173,0
419.7661,275.4092,3:22:44:575174,0
419.7661,275.5841,3:22:44:580172,0
419.7661,275.7881,3:22:44:583194,1070
419.348,275.963,3:22:44:587195,1116
419.348,276.0797,3:22:44:591221,1228
419.348,276.1963,3:22:44:596187,1379
419.0037,276.3128,3:22:44:599191,1563
419.0037,276.3712,3:22:44:603190,1727
419.0037,276.4003,3:22:44:608163,1866
418.7332,276.4586,3:22:44:611136,1994
418.7332,276.4878,3:22:44:615753,2118
418.7332,276.4878,3:22:44:619301,2238
418.6348,276.4878,3:22:44:623299,2338
418.6348,276.4878,3:22:44:627299,2445
418.6348,276.4878,3:22:44:631343,2551
418.6348,276.5169,3:22:44:635362,2659
418.6348,276.5461,3:22:44:639360,2767
418.561,276.5461,3:22:44:643358,2856
418.561,276.6043,3:22:44:647358,2939
418.5364,276.6043,3:22:44:651358,3027
418.5118,276.6043,3:22:44:655676,3122
418.5118,276.6335,3:22:44:659643,3220
418.5118,276.6627,3:22:44:663648,3316
418.5118,276.6627,3:22:44:667643,3387
418.4872,276.6627,3:22:44:671681,3442
418.4872,276.6627,3:22:44:675698,3485
418.4872,276.6627,3:22:44:679976,3516
418.4872,276.6627,3:22:44:682998,3554
418.4872,276.6627,3:22:44:686996,3580
418.4872,276.6627,3:22:44:690999,3603
418.4872,276.6627,3:22:44:695994,3621
418.4872,276.6627,3:22:44:699000,3629
418.4872,276.6627,3:22:44:702999,3640
418.4872,276.6627,3:22:44:708066,3649
418.4872,276.6627,3:22:44:711084,3666
418.4872,276.6627,3:22:44:715085,3690
418.4872,276.6627,3:22:44:720086,3714
418.4872,276.6627,3:22:44:723088,3747
418.4872,276.6627,3:22:44:727089,3778
418.4872,276.6627,3:22:44:731084,3805
418.4872,276.6627,3:22:44:736157,3835
418.4872,276.6627,3:22:44:739175,3865
418.4872,276.6627,3:22:44:743175,3886
418.4872,276.6627,3:22:44:748172,3901
418.4872,276.6627,3:22:44:751175,3912
418.4872,276.6627,3:22:44:755176,3915
418.4872,276.6627,3:22:44:760309,3927
418.4872,276.6627,3:22:44:763298,3941
418.4872,276.6627,3:22:44:767296,3962
418.4872,276.6627,3:22:44:771897,3987
418.4872,277.0707,3:22:44:775915,4011
418.4872,277.0707,3:22:44:779917,4038
418.4872,277.0707,3:22:44:783986,4064
418.0692,277.0707,3:22:44:786985,4092
418.0692,277.0707,3:22:44:790986,4124
418.0692,277.2748,3:22:44:796986,4162
418.0692,277.2748,3:22:44:798986,4199
418.0692,277.2748,3:22:44:803450,4243
417.7986,277.2748,3:22:44:807468,4284
417.7986,277.3622,3:22:44:811468,4311
417.6265,277.3622,3:22:44:815473,4343
417.6265,277.3622,3:22:44:819472,4364
417.4789,277.3622,3:22:44:823465,4391
417.3805,277.3622,3:22:44:827910,4426
417.3313,277.3622,3:22:44:830929,4456
417.2576,277.3622,3:22:44:834930,4486
417.1592,277.3622,3:22:44:838925,4512
417.11,277.3622,3:22:44:843925,4532
417.0608,277.3622,3:22:44:846924,4548
417.0362,277.3622,3:22:44:851928,4561
417.0362,277.3622,3:22:44:854929,4562
417.0362,277.3622,3:22:44:858929,4570
417.0116,277.3622,3:22:44:863857,4583
417.0116,277.3622,3:22:44:866878,4600
417.0116,277.3622,3:22:44:871877,4628
417.0116,277.3622,3:22:44:875922,4638
417.0116,277.3622,3:22:44:878964,4649
417.0116,276.7501,3:22:44:882938,4656
417.0116,276.7501,3:22:44:888470,4651
417.0116,276.1379,3:22:44:891508,4661
417.0116,276.1379,3:22:44:895507,4658
417.0116,275.2635,3:22:44:899475,4659
417.0116,274.7096,3:22:44:903472,4664
417.4789,274.0683,3:22:44:907503,4669
417.4789,273.4561,3:22:44:911504,4672
417.8724,272.6982,3:22:44:915469,4669
417.8724,271.9987,3:22:44:919474,4672
418.4872,271.2408,3:22:44:923470,4667
418.8807,270.3662,3:22:44:927470,4671
419.2989,269.55,3:22:44:931471,4667
419.7661,268.7339,3:22:44:935494,4669
420.2334,267.8885,3:22:44:939922,4669
420.7991,267.0723,3:22:44:943946,4666
421.3893,266.3435,3:22:44:947946,4672
422.0042,265.6731,3:22:44:952939,4672
422.619,265.0318,3:22:44:954941,4666
423.2584,264.5363,3:22:44:959937,4670
423.8733,264.0407,3:22:44:963420,4673
424.5865,263.6617,3:22:44:967436,4673
425.2751,263.4286,3:22:44:971436,4676
426.0129,263.312,3:22:44:975432,4674
426.7508,263.312,3:22:44:979432,4674
427.464,263.312,3:22:44:983436,4663
428.2756,263.312,3:22:44:987436,4663
429.0626,263.312,3:22:44:991119,4660
429.825,264.3322,3:22:44:995119,4669
430.5382,264.3322,3:22:44:999124,4682
431.153,265.5857,3:22:45:004118,4681
431.6941,266.3727,3:22:45:007117,4680
432.1368,267.3055,3:22:45:011120,4665
432.4811,268.3841,3:22:45:015503,4662
432.6779,269.6083,3:22:45:019502,4658
432.7762,270.891,3:22:45:023503,4656
432.7762,272.2902,3:22:45:027502,4656
432.7762,273.7477,3:22:45:031502,4652
432.7762,275.176,3:22:45:035502,4660
432.186,276.6043,3:22:45:039503,4656
432.186,277.887,3:22:45:043503,4653
431.399,279.0529,3:22:45:047503,4646
431.399,280.044,3:22:45:051525,4640
430.4152,280.8894,3:22:45:055541,4643
429.8987,281.5307,3:22:45:059541,4646
429.3823,282.0262,3:22:45:063544,4658
428.8658,282.376,3:22:45:067543,4674
428.3985,282.5509,3:22:45:071542,4687
427.9804,282.6675,3:22:45:075550,4697
427.5869,282.6675,3:22:45:079561,4704
427.2918,282.6675,3:22:45:083561,4698
427.0705,282.6675,3:22:45:087757,4690
427.0705,282.6675,3:22:45:091756,4684
426.7508,281.8222,3:22:45:095757,4672
426.7508,281.8222,3:22:45:099757,4675
426.7508,280.8019,3:22:45:103756,4674
426.7508,280.1898,3:22:45:107757,4672
427.3656,279.5193,3:22:45:111757,4678
427.3656,278.7032,3:22:45:115770,4672
428.3493,277.8578,3:22:45:119756,4673
429.0134,277.0125,3:22:45:123758,4673
429.825,276.1379,3:22:45:127757,4676
430.7104,275.3509,3:22:45:131756,4679
431.7187,274.593,3:22:45:135757,4688
432.7516,273.9225,3:22:45:140121,4704
433.8337,273.3979,3:22:45:143118,4708
434.9651,273.048,3:22:45:147118,4718
436.121,272.9023,3:22:45:151117,4720
437.2523,272.9023,3:22:45:155118,4725
438.3098,272.9023,3:22:45:159115,4734
439.3427,272.9023,3:22:45:164119,4742
440.2527,274.0392,3:22:45:167115,4760
441.0889,274.7679,3:22:45:172116,4781
441.8759,275.7007,3:22:45:176120,4813
442.4908,276.8084,3:22:45:179119,4867
443.0072,278.0327,3:22:45:183119,4945
443.3761,279.4027,3:22:45:187780,5048
443.6221,280.8894,3:22:45:191775,5175
443.7696,282.4926,3:22:45:194775,5305
443.8188,284.0959,3:22:45:199780,5440
443.8188,285.7283,3:22:45:203781,5552
443.8188,287.4773,3:22:45:206778,5650
443.0564,289.2263,3:22:45:211779,5720
443.0564,291.0336,3:22:45:215779,5747
441.9743,292.7826,3:22:45:219774,5767
441.2365,294.4733,3:22:45:223559,5773
440.4741,296.0182,3:22:45:227594,5785
439.6133,297.5049,3:22:45:231553,5779
438.7279,298.8458,3:22:45:234890,5772
437.7687,299.9243,3:22:45:238890,5718
436.8834,300.7405,3:22:45:243891,5562
435.998,301.3235,3:22:45:248131,5323
435.1126,301.6151,3:22:45:251152,4949
434.3502,301.6442,3:22:45:255152,4452
433.5878,301.6442,3:22:45:260140,3869
432.9484,300.7697,3:22:45:263140,3203
432.4073,299.8952,3:22:45:267140,2402
432.0384,298.7,3:22:45:272141,1523
431.8416,297.3592,3:22:45:275145,806
431.6941,295.785,3:22:45:279140,281
431.6941,294.1526,3:22:45:283334,0
431.6941,292.4328,3:22:45:287260,0
431.6941,290.7421,3:22:45:291294,0
432.4073,288.9931,3:22:45:295264,0
432.4073,287.419,3:22:45:300258,0
433.1451,285.9323,3:22:45:303258,0
433.1451,284.504,3:22:45:307258,0
433.8829,283.1923,3:22:45:311803,0
433.8829,281.9388,3:22:45:315818,0
434.4732,280.8019,3:22:45:319821,0
434.4732,279.8109,3:22:45:323817,0
434.8667,278.9655,3:22:45:327817,0
434.8667,278.2659,3:22:45:331819,0
435.1618,277.6246,3:22:45:334825,0
435.1618,277.1582,3:22:45:339848,0
435.1618,276.7501,3:22:45:343868,0
435.334,276.3712,3:22:45:346842,0
435.334,276.1088,3:22:45:351847,0
435.334,275.8464,3:22:45:355715,0
435.4569,275.5841,3:22:45:359736,1951
435.5307,275.3509,3:22:45:363735,2007
435.6045,275.0011,3:22:45:367736,2136
435.6537,274.6222,3:22:45:371735,2329
435.8012,274.1849,3:22:45:375735,2560
435.998,273.6602,3:22:45:379736,2776
436.2193,273.048,3:22:45:384071,2955
436.4899,272.261,3:22:45:387093,3113
436.8342,271.4156,3:22:45:391093,3257
437.2769,270.4246,3:22:45:395108,3388
437.7196,269.2877,3:22:45:399635,3501
438.1869,268.1508,3:22:45:403647,3595
438.6787,266.9265,3:22:45:408109,3679
439.1952,265.644,3:22:45:411128,3745
439.6625,264.303,3:22:45:415127,3810
440.0806,263.0496,3:22:45:420129,3873
440.4741,261.7379,3:22:45:423132,3931
440.8184,260.4844,3:22:45:427132,3993
441.0889,259.3184,3:22:45:432197,4055
441.3348,258.1815,3:22:45:435213,4108
441.507,257.2196,3:22:45:439213,4166
441.63,256.3451,3:22:45:444219,4224
441.6546,255.4998,3:22:45:447217,4279
441.6546,254.7127,3:22:45:451216,4324
441.6546,253.9839,3:22:45:455213,4353
441.6546,253.3427,3:22:45:459213,4377
441.6546,252.6722,3:22:45:463213,4412
441.0397,252.06,3:22:45:468061,4447
441.0397,251.4187,3:22:45:471594,4488
440.4003,250.7775,3:22:45:475593,4527
440.4003,250.1944,3:22:45:479595,4553
439.6133,249.6115,3:22:45:483632,4593
439.1952,249.0867,3:22:45:487595,4653
438.7771,248.562,3:22:45:492595,4712
438.3098,248.0956,3:22:45:495884,4758
437.9163,247.6584,3:22:45:499902,4812
437.4982,247.2794,3:22:45:502907,4875
437.1539,247.0171,3:22:45:507904,4968
436.8834,246.7547,3:22:45:510905,5079
436.6129,246.5798,3:22:45:514902,5175
436.4407,246.4632,3:22:45:519390,5235
436.3177,246.4632,3:22:45:523409,5254
436.2193,246.4632,3:22:45:527410,5254
436.2193,246.4632,3:22:45:532096,5248
436.2193,246.4632,3:22:45:536094,5260
436.2193,246.4632,3:22:45:539094,5299
436.2193,247.2503,3:22:45:543943,5349
436.9326,247.2503,3:22:45:546962,5443
436.9326,248.2997,3:22:45:550963,5594
437.9901,249.0284,3:22:45:554962,5801
438.7771,249.8738,3:22:45:558973,6010
439.6625,250.7775,3:22:45:563806,6203
440.6216,251.6811,3:22:45:567829,6323
441.6546,252.6431,3:22:45:571823,6363
442.7367,253.6924,3:22:45:575828,6413
443.8926,254.7127,3:22:45:579729,6483
445.1223,255.7038,3:22:45:583750,6553
446.2782,256.7241,3:22:45:587750,6631
447.3603,257.686,3:22:45:591748,6689
448.467,258.5897,3:22:45:595749,6700
449.4508,259.5225,3:22:45:599750,6707
450.4099,260.3387,3:22:45:603951,6712
451.2953,261.0382,3:22:45:606969,6707
452.0577,261.5921,3:22:45:610970,6701
452.7217,262.1168,3:22:45:614967,6693
453.312,262.5249,3:22:45:618974,6647
453.8285,262.8164,3:22:45:622969,6532
454.2711,263.1079,3:22:45:628062,6310
454.6155,263.312,3:22:45:631078,5961
454.9598,263.4577,3:22:45:635078,5547
455.2057,263.516,3:22:45:639081,5114
455.4271,263.5743,3:22:45:644199,4692
455.5746,263.5743,3:22:45:647223,4241
455.6976,263.5743,3:22:45:651921,3720
455.6976,263.5743,3:22:45:655944,3048
455.6976,262.8164,3:22:45:658949,2117
455.6976,262.8164,3:22:45:662939,1248
455.6976,261.7961,3:22:45:666944,549
455.6976,261.2423,3:22:45:670939,0
455.009,260.601,3:22:45:675828,0
455.009,259.9597,3:22:45:678851,0
455.009,259.231,3:22:45:682852,0
455.009,258.4147,3:22:45:687849,0
455.009,257.5985,3:22:45:691864,0
455.009,256.899,3:22:45:694876,0
455.009,256.0828,3:22:45:699879,0
455.9681,255.2666,3:22:45:703876,0
456.46,254.392,3:22:45:706874,0
457.0257,253.4301,3:22:45:711876,0
457.5175,252.5264,3:22:45:716227,0
458.0094,251.6811,3:22:45:719246,0
458.5259,250.7775,3:22:45:723246,0
458.9932,249.8155,3:22:45:727910,0
459.3621,248.8535,3:22:45:732176,0
459.6326,247.9499,3:22:45:735199,0
459.6326,247.0462,3:22:45:739711,0
459.8539,246.2883,3:22:45:743732,0
459.8539,245.5596,3:22:45:747731,0
459.8539,244.9766,3:22:45:751732,0
459.8539,244.4519,3:22:45:756042,0
458.9932,244.0438,3:22:45:759066,0
458.9932,243.7523,3:22:45:764062,0
458.1815,243.5482,3:22:45:767062,0
458.1815,243.3442,3:22:45:772367,0
457.37,243.1985,3:22:45:775385,0
457.37,243.0818,3:22:45:779704,0
456.7059,243.0527,3:22:45:783725,0
456.7059,242.9944,3:22:45:787725,0
456.2386,242.9944,3:22:45:791725,0
456.2386,242.9361,3:22:45:795722,0
456.2386,242.907,3:22:45:799725,0
455.9681,242.8778,3:22:45:804023,0
455.9681,242.8195,3:22:45:807041,0
455.9681,242.7612,3:22:45:811851,0
455.9681,242.6446,3:22:45:815870,0
455.9681,242.5863,3:22:45:818870,0
455.9681,242.4697,3:22:45:822875,0
455.9681,242.3531,3:22:45:826872,0
455.9681,242.2365,3:22:45:831873,0
455.9681,242.1782,3:22:45:836419,0
455.9681,242.0616,3:22:45:839438,0
455.9681,241.9158,3:22:45:843438,0
455.9681,241.7701,3:22:45:847851,0
455.9681,241.6535,3:22:45:851471,0
455.9681,241.5078,3:22:45:855471,0
455.9681,241.362,3:22:45:859612,0
455.9681,241.1288,3:22:45:863586,0
455.9681,240.983,3:22:45:867587,0
455.9681,240.7498,3:22:45:871660,0
455.9681,240.575,3:22:45:875586,0
455.9681,240.4001,3:22:45:879586,0
455.9681,240.2543,3:22:45:884241,0
455.9681,240.0502,3:22:45:887263,0
455.9681,239.9045,3:22:45:891263,0
455.9681,239.7587,3:22:45:895259,0
455.9681,239.6422,3:22:45:899260,0
455.9681,239.613,3:22:45:903260,0
455.9681,239.5255,3:22:45:908111,0
455.9681,239.4673,3:22:45:912129,0
455.9681,239.4381,3:22:45:915130,0
455.9681,239.3798,3:22:45:919225,0
455.9681,239.3215,3:22:45:923134,0
455.9681,239.2923,3:22:45:928274,0
455.9681,239.2049,3:22:45:931293,0
455.9681,239.1758,3:22:45:935293,0
455.9681,239.0883,3:22:45:939290,0
455.9681,239.0591,3:22:45:944075,0
455.9681,238.9717,3:22:45:947093,0
455.9681,238.9426,3:22:45:952092,0
455.9681,238.8842,3:22:45:955093,0
455.4517,238.7968,3:22:45:959093,0
455.4517,238.7677,3:22:45:963092,0
455.4517,238.6802,3:22:45:968092,0
454.9844,238.6219,3:22:45:971093,0
454.9844,238.5053,3:22:45:975093,0
454.9844,238.4762,3:22:45:979093,0
454.6155,238.3887,3:22:45:983093,0
454.6155,238.3595,3:22:45:987093,0
454.2957,238.2721,3:22:45:991915,0
454.2957,238.243,3:22:45:994967,0
454.0252,238.243,3:22:45:998934,0
453.9023,238.2138,3:22:46:003930,0
453.7301,238.2138,3:22:46:007933,0
453.6563,238.2138,3:22:46:010930,0
453.5334,238.2138,3:22:46:014930,0
453.435,238.2138,3:22:46:018931,0
453.3366,238.2138,3:22:46:023933,0
453.2136,238.2138,3:22:46:026933,0
453.0907,238.2138,3:22:46:030933,0
452.9923,238.2138,3:22:46:034934,0
452.8939,238.2138,3:22:46:038934,0
452.7709,238.2138,3:22:46:042934,0
452.6726,238.2138,3:22:46:047934,0
452.5496,238.2138,3:22:46:050938,0
452.4512,238.2138,3:22:46:054934,0
452.3036,238.2138,3:22:46:058934,0
452.2053,238.2138,3:22:46:062934,0
452.0823,238.2138,3:22:46:067934,0
451.9839,238.2138,3:22:46:070931,0
451.861,238.2138,3:22:46:074930,0
451.7626,238.2138,3:22:46:080208,0
451.6888,238.2138,3:22:46:083226,0
451.615,238.2138,3:22:46:087227,0
451.5904,238.2138,3:22:46:091238,0
451.5659,238.2138,3:22:46:095222,0
451.5167,238.2138,3:22:46:099223,0
451.5167,238.2138,3:22:46:104123,0
451.5167,238.2138,3:22:46:108139,0
451.5167,238.2138,3:22:46:111144,0
451.5167,237.6599,3:22:46:116143,0
451.5167,237.6599,3:22:46:119141,0
451.5167,237.6599,3:22:46:123142,0
451.5167,237.1644,3:22:46:127946,0
451.5167,237.1644,3:22:46:130968,0
451.5167,237.1644,3:22:46:135969,0
451.5167,236.7563,3:22:46:139725,0
451.5167,236.7563,3:22:46:143292,0
451.5167,236.7563,3:22:46:147292,0
451.5167,236.5522,3:22:46:151302,0
451.5167,236.5522,3:22:46:155292,0
451.0494,236.5522,3:22:46:159293,0
451.0494,236.4357,3:22:46:163855,0
451.0494,236.4357,3:22:46:167361,0
451.0494,236.4357,3:22:46:171328,0
450.5821,236.3773,3:22:46:176114,0
450.5821,236.3773,3:22:46:180129,0
450.5821,236.3773,3:22:46:184132,0
450.2132,236.3482,3:22:46:188134,0
450.2132,236.2899,3:22:46:191132,0
449.9919,236.2316,3:22:46:195132,0
449.9919,236.1733,3:22:46:199337,0
449.7951,236.0567,3:22:46:203372,0
449.7951,235.9401,3:22:46:207367,0
449.6475,235.8235,3:22:46:211946,0
449.5738,235.6777,3:22:46:215698,0
449.5738,235.5903,3:22:46:219697,0
449.5246,235.4154,3:22:46:223945,0
449.5,235.3571,3:22:46:226964,0
449.4262,235.2405,3:22:46:230964,0
449.377,235.0947,3:22:46:236052,0
449.3032,235.0073,3:22:46:239052,0
449.254,234.949,3:22:46:243057,0
449.1557,234.8033,3:22:46:248049,0
449.0327,234.7158,3:22:46:251077,0
448.8605,234.6575,3:22:46:255052,0
448.7375,234.5409,3:22:46:259852,0
448.6146,234.4534,3:22:46:264122,1636
448.467,234.4243,3:22:46:267122,1710
448.2703,234.3077,3:22:46:271855,1854
448.1227,234.2785,3:22:46:275875,2077
447.9998,234.2494,3:22:46:279872,2360
447.8768,234.2494,3:22:46:283875,2627
447.7538,234.2202,3:22:46:286897,2873
447.6063,234.2202,3:22:46:290875,3087
447.5325,234.1619,3:22:46:295762,3261
447.4587,234.1619,3:22:46:299776,3379
447.4587,234.1619,3:22:46:303777,3448
447.4341,234.1619,3:22:46:307344,3488
447.4341,234.1619,3:22:46:311360,3540
447.4341,234.1619,3:22:46:315360,3643
447.4341,234.1619,3:22:46:319408,3794
448.0244,234.1619,3:22:46:323427,3956
448.0244,234.9781,3:22:46:329425,4099
448.8605,234.9781,3:22:46:331425,4211
449.4508,235.7652,3:22:46:335425,4293
450.2132,236.2899,3:22:46:339424,4355
451.0494,236.9021,3:22:46:343425,4412
452.0331,237.6017,3:22:46:347423,4454
453.0169,238.3595,3:22:46:351426,4472
454.0744,239.2049,3:22:46:355814,4490
455.2303,240.0502,3:22:46:359833,4501
456.46,240.9539,3:22:46:363829,4505
457.6405,241.7993,3:22:46:366828,4512
458.7718,242.5863,3:22:46:370829,4502
459.8539,243.3442,3:22:46:376161,4504
460.8623,244.0438,3:22:46:379176,4508
461.8214,244.6559,3:22:46:383175,4511
462.6822,245.1515,3:22:46:387178,4519
463.3708,245.6179,3:22:46:391180,4522
463.8627,245.9386,3:22:46:395179,4521
464.3054,246.2883,3:22:46:399695,4522
464.6497,246.4924,3:22:46:403227,4534
464.8711,246.6382,3:22:46:407223,4576
464.994,246.7256,3:22:46:411945,4667
465.0186,246.7547,3:22:46:415960,4777
465.0186,246.7547,3:22:46:419963,4881
465.0186,246.7547,3:22:46:424039,4948
465.0186,246.7547,3:22:46:428039,4972
464.0841,246.7547,3:22:46:431037,4997
464.0841,245.9386,3:22:46:436040,5016
462.9036,245.9386,3:22:46:439039,5034
462.1411,245.0932,3:22:46:443038,5052
461.182,244.5394,3:22:46:447802,5056
460.149,243.8981,3:22:46:451822,5059
459.0915,243.1693,3:22:46:454820,5068
457.8864,242.3531,3:22:46:459958,5062
456.7059,241.3911,3:22:46:463957,5052
455.5009,240.3418,3:22:46:466962,5046
454.2711,239.2341,3:22:46:471958,5043
453.0907,238.0098,3:22:46:474960,5038
451.9348,236.7271,3:22:46:478957,5034
450.828,235.3279,3:22:46:483957,5033
449.7213,233.8705,3:22:46:488023,5025
448.713,232.3838,3:22:46:491042,5028
447.7538,230.9263,3:22:46:495042,5035
446.8684,229.323,3:22:46:500042,5038
446.0569,227.6906,3:22:46:504096,5050
445.2698,226,3:22:46:507115,5053
444.6304,224.2509,3:22:46:511893,5070
444.0156,222.6185,3:22:46:515069,5088
443.5975,221.0736,3:22:46:519069,5110
443.204,219.4704,3:22:46:523074,5139
442.958,217.9545,3:22:46:527074,5141
442.8351,216.6136,3:22:46:531073,5155
442.8105,215.3311,3:22:46:535700,5143
442.8105,214.1068,3:22:46:539721,5135
442.8105,213.0282,3:22:46:543726,5141
443.4007,211.8913,3:22:46:547719,5137
443.4007,210.7836,3:22:46:551720,5143
444.2369,209.7343,3:22:46:555750,5142
444.8026,208.7431,3:22:46:559740,5140
445.4666,207.7812,3:22:46:563741,5128
446.2044,206.8484,3:22:46:568271,5126
447.016,206.0614,3:22:46:571286,5129
447.9014,205.3909,3:22:46:575285,5135
448.8359,204.8079,3:22:46:580292,5143
449.8443,204.3415,3:22:46:583295,5154
450.8772,203.9626,3:22:46:588294,5159
451.9348,203.7002,3:22:46:592117,5167
452.9923,203.5253,3:22:46:595148,5174
454.0744,203.4087,3:22:46:600132,5180
455.2303,203.4087,3:22:46:603136,5192
456.4354,203.4087,3:22:46:607141,5213
457.6651,203.4087,3:22:46:611135,5240
458.9194,203.4087,3:22:46:616060,5252
460.1982,204.5164,3:22:46:623084,5278
461.5263,204.5164,3:22:46:625083,5283
462.8544,205.7115,3:22:46:627079,5291
464.1332,206.4403,3:22:46:631079,5320
465.4613,207.2856,3:22:46:635080,5340
466.6664,208.1893,3:22:46:639703,5365
467.8469,209.0638,3:22:46:643722,5384
468.9782,210.0549,3:22:46:647717,5392
470.0357,211.0751,3:22:46:651722,5388
471.0687,212.0954,3:22:46:655588,5390
472.0033,213.0282,3:22:46:659122,5404
472.9132,214.0193,3:22:46:663122,5411
473.774,214.8938,3:22:46:667122,5437
474.5856,215.6517,3:22:46:671122,5437
475.3234,216.4388,3:22:46:675122,5443
476.012,217.1092,3:22:46:679946,5453
476.7007,217.7796,3:22:46:682966,5463
477.3647,218.3627,3:22:46:686996,5521
478.0041,219.004,3:22:46:691965,5561
478.5944,219.5578,3:22:46:695961,5606
479.1354,220.1116,3:22:46:699965,5638
479.6273,220.6072,3:22:46:703751,5645
480.07,221.0736,3:22:46:707751,5657
480.4881,221.4234,3:22:46:711750,5657
480.7832,221.6857,3:22:46:715749,5663
481.0783,221.8898,3:22:46:719746,5657
481.2505,221.9772,3:22:46:723750,5633
481.4472,221.9772,3:22:46:728023,5577
481.5702,221.9772,3:22:46:731041,5459
481.6686,221.9772,3:22:46:736046,5279
481.767,221.9772,3:22:46:739776,5040
481.7916,221.9772,3:22:46:743778,4747
481.8408,221.9772,3:22:46:747778,4352
481.8408,221.9772,3:22:46:751778,3859
481.8408,221.9772,3:22:46:755779,3250
481.8408,221.9772,3:22:46:759793,2440
481.8408,221.9772,3:22:46:763808,1536
481.2505,221.9772,3:22:46:767710,797
481.2505,221.4234,3:22:46:771732,0
480.6111,221.4234,3:22:46:775729,0
480.1438,221.4234,3:22:46:779732,0
479.6273,221.4234,3:22:46:783731,0
479.0616,221.4234,3:22:46:787731,0
478.4714,221.4234,3:22:46:791700,0
477.832,221.4234,3:22:46:795719,0
477.1433,221.4234,3:22:46:799713,0
476.4547,222.2396,3:22:46:803734,0
475.7415,222.2396,3:22:46:807733,0
474.9791,222.2396,3:22:46:811751,0
474.1921,222.9975,3:22:46:815763,0
473.3559,222.9975,3:22:46:819764,0
472.4705,223.6096,3:22:46:823759,0
471.5851,223.6096,3:22:46:827760,0
470.6506,224.3967,3:22:46:833801,0
469.6422,224.7757,3:22:46:835820,0
468.6339,225.2129,3:22:46:838819,0
467.6501,225.621,3:22:46:843820,0
466.6418,226.0874,3:22:46:846825,0
465.6089,226.4955,3:22:46:850824,0
464.6005,226.9036,3:22:46:855524,0
463.5676,227.37,3:22:46:859413,0
462.633,227.7198,3:22:46:863413,0
461.6493,228.0988,3:22:46:867417,0
460.6409,228.3611,3:22:46:872410,1697
459.6818,228.5652,3:22:46:875414,1780
458.7718,228.7692,3:22:46:879431,1937
457.9602,228.8275,3:22:46:883442,2167
457.1978,228.9149,3:22:46:887442,2454
456.5584,228.9149,3:22:46:891946,2693
455.8698,228.9149,3:22:46:894971,2894
455.3287,228.9149,3:22:46:899961,3068
454.886,228.1862,3:22:46:903965,3236
454.4925,228.1862,3:22:46:906966,3396
454.1482,227.4283,3:22:46:910965,3558
453.8039,227.4283,3:22:46:914970,3695
453.5334,226.4372,3:22:46:918966,3809
453.3366,225.9125,3:22:46:922965,3919
453.189,225.2712,3:22:46:926966,4009
453.0907,224.5424,3:22:46:930966,4093
453.0169,223.7262,3:22:46:934965,4175
453.0169,222.8809,3:22:46:938997,4258
453.0169,221.9189,3:22:46:944289,4347
453.0169,220.957,3:22:46:947317,4438
453.0169,219.9951,3:22:46:951313,4509
453.8039,219.004,3:22:46:955309,4547
453.8039,218.1003,3:22:46:959310,4568
454.5417,217.3132,3:22:46:963309,4574
455.0582,216.6136,3:22:46:967852,4573
455.6484,216.0307,3:22:46:971332,4580
456.3124,215.6225,3:22:46:975332,4583
457.0257,215.3019,3:22:46:979418,4581
457.8127,215.0687,3:22:46:983409,4581
458.6242,215.0687,3:22:46:987437,4573
459.485,215.0687,3:22:46:991407,4570
460.4442,215.0687,3:22:46:995408,4582
461.4279,215.7683,3:22:46:999402,4584
462.3379,215.7683,3:22:47:003601,4597
463.1987,217.1384,3:22:47:007604,4610
464.0103,218.1877,3:22:47:011606,4610
464.7727,219.412,3:22:47:016604,4610
465.3875,220.8112,3:22:47:019601,4609
465.9286,222.3562,3:22:47:023604,4605
466.3221,223.9594,3:22:47:027624,4593
466.6418,225.621,3:22:47:031641,4606
466.8632,227.2534,3:22:47:035641,4611
466.9124,228.7692,3:22:47:039640,4611
466.9124,230.1976,3:22:47:043640,4619
466.9124,231.4801,3:22:47:047640,4614
466.9124,232.617,3:22:47:051698,4618
466.3221,233.6373,3:22:47:055717,4622
466.3221,234.5117,3:22:47:059698,4625
465.6089,235.2405,3:22:47:063716,4631
465.6089,235.8235,3:22:47:067716,4633
464.7235,236.319,3:22:47:071714,4632
464.2316,236.6397,3:22:47:075719,4636
463.7151,236.8438,3:22:47:079716,4634
463.1003,236.8438,3:22:47:084716,4637
462.5593,236.8438,3:22:47:087715,4642
461.9198,236.8438,3:22:47:091712,4642
461.305,235.6194,3:22:47:096108,4636
460.6409,234.8615,3:22:47:099127,4626
459.9769,233.987,3:22:47:103124,4619
459.3375,232.9085,3:22:47:107890,4610
458.7718,231.7133,3:22:47:110912,4612
458.2799,230.4599,3:22:47:115915,4612
457.8127,229.1481,3:22:47:118907,4613
457.4684,227.8364,3:22:47:122909,4620
457.1732,226.4664,3:22:47:126914,4622
457.0257,225.0963,3:22:47:131908,4621
456.9519,223.7554,3:22:47:134909,4616
456.9519,222.5311,3:22:47:138909,4612
456.9519,221.3651,3:22:47:142908,4616
456.9519,220.2574,3:22:47:148412,4621
457.7389,219.2955,3:22:47:151430,4627
457.7389,218.3335,3:22:47:155431,4635
458.6734,217.459,3:22:47:159436,4633
459.2883,216.7011,3:22:47:163454,4632
459.9523,216.0307,3:22:47:167432,4634
460.6655,215.4768,3:22:47:172447,4631
461.4525,215.0396,3:22:47:175463,4628
462.2641,214.6315,3:22:47:179458,4626
463.0757,214.3691,3:22:47:183786,4631
463.8873,214.1651,3:22:47:187608,4634
464.7235,214.1651,3:22:47:191610,4632
465.5351,214.1651,3:22:47:195945,4638
466.3713,214.1651,3:22:47:198967,4640
467.1337,214.1651,3:22:47:202967,4638
467.8469,215.2436,3:22:47:207719,4642
468.6093,215.2436,3:22:47:211740,4646
469.2733,216.3513,3:22:47:215739,4653
469.9128,217.1384,3:22:47:219740,4656
470.503,218.042,3:22:47:223740,4668
471.0441,219.1497,3:22:47:227738,4684
471.536,220.374,3:22:47:231834,4683
471.9787,221.7732,3:22:47:234853,4695
472.3968,223.2598,3:22:47:238849,4706
472.6919,224.9214,3:22:47:242849,4706
472.987,226.6121,3:22:47:247849,4715
473.1591,228.332,3:22:47:250854,4719
473.2821,230.0226,3:22:47:255863,4722
473.3559,231.7133,3:22:47:258879,4723
473.3805,233.3166,3:22:47:262874,4723
473.3805,234.8033,3:22:47:268066,4724
473.3805,236.2899,3:22:47:271078,4729
473.3805,237.6017,3:22:47:275107,4726
473.3805,238.8259,3:22:47:279849,4729
472.7657,239.9337,3:22:47:282873,4731
472.7657,240.983,3:22:47:286867,4732
472.2984,241.8575,3:22:47:291865,4735
472.2984,242.6154,3:22:47:294894,4740
471.7573,243.2276,3:22:47:298873,4739
471.7573,243.694,3:22:47:303748,4739
471.29,244.0438,3:22:47:307746,4739
471.29,244.277,3:22:47:311746,4748
470.8965,244.4227,3:22:47:315680,4757
470.8965,244.4519,3:22:47:319665,4760
470.5768,244.4519,3:22:47:323665,4769
470.5768,244.4519,3:22:47:327753,4771
470.3555,244.4519,3:22:47:331689,4769
470.3555,244.4519,3:22:47:336699,4771
470.2325,244.4519,3:22:47:339688,4776
470.2325,243.6357,3:22:47:343688,4781
470.2325,243.6357,3:22:47:347698,4800
470.2325,243.0235,3:22:47:351711,4825
470.2325,243.0235,3:22:47:355710,4861
470.7982,242.0616,3:22:47:359751,4889
470.7982,241.5078,3:22:47:363771,4924
471.4622,240.9539,3:22:47:367771,4958
471.4622,240.3418,3:22:47:371819,4988
472.3968,239.7587,3:22:47:375841,5027
472.9132,239.1758,3:22:47:379838,5068
473.5526,238.651,3:22:47:383837,5104
474.1921,238.1555,3:22:47:387840,5131
474.8561,237.6891,3:22:47:390837,5176
475.5693,237.1935,3:22:47:396273,5202
476.2826,236.7854,3:22:47:399295,5227
477.0204,236.3773,3:22:47:403296,5248
477.7582,236.0567,3:22:47:407297,5241
478.4714,235.7361,3:22:47:411292,5241
479.1354,235.4154,3:22:47:415297,5242
479.7503,235.1822,3:22:47:420356,5241
480.3405,234.9198,3:22:47:423375,5246
480.9062,234.7741,3:22:47:427377,5247
481.4227,234.5409,3:22:47:431392,5215
481.8408,234.366,3:22:47:435371,5109
482.2834,234.1619,3:22:47:439369,4910
482.6031,233.987,3:22:47:444104,4594
482.9229,233.7538,3:22:47:447118,4149
483.1934,233.4915,3:22:47:451118,3604
483.4148,233.2583,3:22:47:456120,2858
483.5377,232.9085,3:22:47:459122,1863
483.7345,232.5004,3:22:47:463123,1024
483.9804,232.0632,3:22:47:468307,0
484.2509,231.4218,3:22:47:471339,0
484.6198,230.6931,3:22:47:475350,0
485.1117,229.7603,3:22:47:479492,0
485.5052,228.5652,3:22:47:483326,0
485.9971,227.2534,3:22:47:487354,0
486.5627,225.6793,3:22:47:491949,0
487.1284,224.076,3:22:47:494967,0
487.6695,222.2104,3:22:47:498967,0
488.1859,220.1991,3:22:47:503808,0
488.6532,218.042,3:22:47:506827,0
489.0959,215.7975,3:22:47:510829,0
489.5878,213.6112,3:22:47:515851,0
490.1042,211.4249,3:22:47:519849,0
490.5469,209.297,3:22:47:522852,0
490.8667,207.0816,3:22:47:527995,0
491.1618,205.0119,3:22:47:530994,0
491.2848,203.0298,3:22:47:534994,0
491.3585,201.3099,3:22:47:539995,0
491.3585,199.7358,3:22:47:543004,0
491.3585,198.3074,3:22:47:546994,0
490.7437,196.9666,3:22:47:552493,0
490.7437,195.7422,3:22:47:555511,0
489.8091,194.6346,3:22:47:559516,0
489.3173,193.556,3:22:47:563529,0
488.7762,192.4774,3:22:47:567508,0
488.1859,191.4572,3:22:47:571507,3169
487.6695,190.437,3:22:47:575889,3274
487.1038,189.5625,3:22:47:579908,3491
486.5873,188.7171,3:22:47:582907,3796
486.1201,188.0175,3:22:47:587807,4152
485.825,187.4053,3:22:47:591826,4438
485.4806,186.9973,3:22:47:595827,4618
485.1855,186.7349,3:22:47:599859,4716
485.0133,186.56,3:22:47:602828,4766
485.0133,186.4434,3:22:47:606826,4767
485.0133,186.4434,3:22:47:612275,4774
485.0133,186.4434,3:22:47:615293,4795
485.0133,186.4434,3:22:47:619308,4817
485.7266,187.5219,3:22:47:623817,4850
485.7266,188.1924,3:22:47:626841,4875
486.9317,189.0086,3:22:47:630840,4886
487.7924,190.0289,3:22:47:635842,4896
488.727,191.1949,3:22:47:639840,4905
489.8091,192.4191,3:22:47:643840,4908
490.9404,193.7018,3:22:47:647943,4914
492.0963,194.9552,3:22:47:650961,4910
493.2769,196.267,3:22:47:654961,4919
494.3836,197.433,3:22:47:660297,4930
495.4411,198.599,3:22:47:663319,4932
496.3757,199.59,3:22:47:667318,4946
497.2119,200.5228,3:22:47:671351,4944
497.9005,201.3391,3:22:47:675320,4946
498.4661,202.0095,3:22:47:679316,4947
498.9088,202.5634,3:22:47:683830,4944
499.2531,202.9715,3:22:47:687892,4946
499.4745,203.263,3:22:47:690890,4952
499.622,203.467,3:22:47:694890,4966
499.6958,203.5544,3:22:47:699886,4980
499.6958,203.5544,3:22:47:702891,4987
499.6958,203.5544,3:22:47:708263,4988
499.6958,203.5544,3:22:47:711281,4983
498.9334,203.5544,3:22:47:715286,4978
498.9334,202.6508,3:22:47:719281,4981
497.9496,202.6508,3:22:47:724283,4970
497.261,201.8929,3:22:47:727278,4967
496.4002,201.8929,3:22:47:731277,4954
495.4411,201.1059,3:22:47:735282,4943
494.3836,201.1059,3:22:47:739282,4945
493.1785,200.5228,3:22:47:743282,4935
491.9488,200.5228,3:22:47:747282,4922
490.6699,200.5228,3:22:47:752250,4920
489.4156,200.5228,3:22:47:755265,4908
488.1613,200.5228,3:22:47:759264,4897
486.9317,200.5228,3:22:47:763266,4904
485.825,201.3391,3:22:47:768272,4892
484.7182,201.9512,3:22:47:771269,4890
483.7837,202.6508,3:22:47:775269,4890
482.9475,203.5253,3:22:47:779274,4887
482.1851,204.429,3:22:47:783948,4891
481.5456,205.3909,3:22:47:787307,4891
481.0046,206.4111,3:22:47:791302,4892
480.6111,207.4314,3:22:47:795304,4894
480.3405,208.4808,3:22:47:799303,4892
480.2668,209.4719,3:22:47:803317,4898
480.2668,210.5213,3:22:47:808229,4913
480.2668,211.5124,3:22:47:811252,4923
480.2668,212.4452,3:22:47:815252,4944
481.1275,213.2905,3:22:47:819373,4983
481.1275,214.0776,3:22:47:823248,5050
482.2589,214.748,3:22:47:827248,5169
482.9229,215.2144,3:22:47:831248,5316
483.6607,215.5934,3:22:47:835248,5480
484.4231,215.7683,3:22:47:839248,5664
485.2347,215.7683,3:22:47:844022,5806
486.1201,215.7683,3:22:47:847038,5928
487.0792,215.7683,3:22:47:851039,6016
488.0876,214.6315,3:22:47:855065,6054
489.1205,213.9319,3:22:47:860037,6084
490.2026,212.9991,3:22:47:863037,6107
491.211,211.9205,3:22:47:868234,6113
492.3177,210.7253,3:22:47:871257,6109
493.3752,209.4719,3:22:47:875258,6084
494.3836,208.131,3:22:47:880254,5931
495.2935,206.8192,3:22:47:883257,5672
496.0559,205.4783,3:22:47:887256,5318
496.7938,204.1375,3:22:47:891756,4869
497.384,202.8548,3:22:47:895307,4399
497.8759,201.5431,3:22:47:899288,3870
498.2694,200.2314,3:22:47:903736,3214
498.5891,198.8904,3:22:47:907759,2316
498.835,197.433,3:22:47:911757,1405
498.958,196.0046,3:22:47:915758,668
499.0564,194.4888,3:22:47:919759,0
499.0564,192.973,3:22:47:923754,0
499.0564,191.3989,3:22:47:927753,0
499.0564,189.8248,3:22:47:931750,0
499.0564,188.1924,3:22:47:936267,0
499.0564,186.5309,3:22:47:939283,0
499.0564,184.9568,3:22:47:943278,0
499.0564,183.3535,3:22:47:947831,0
499.0564,181.6045,3:22:47:951851,0
499.6958,179.8555,3:22:47:955849,0
499.6958,178.1065,3:22:47:959852,0
500.532,176.4449,3:22:47:962867,0
500.532,174.7834,3:22:47:967849,0
501.3682,173.2968,3:22:47:972046,0
501.3682,171.8392,3:22:47:975065,0
501.9092,170.5275,3:22:47:979064,0
501.9092,169.3324,3:22:47:984065,0
501.9092,168.3412,3:22:47:987099,0
501.9092,167.4084,3:22:47:991064,0
501.9092,166.6505,3:22:47:995065,2469
501.9092,165.8927,3:22:47:999098,2527
501.9092,165.2513,3:22:48:003064,2669
501.9092,164.6684,3:22:48:008271,2919
501.9092,164.2311,3:22:48:011293,3260
501.3682,163.9396,3:22:48:015293,3595
501.3682,163.6481,3:22:48:019303,3857
501.3682,163.5023,3:22:48:023293,4016
501.3682,163.4149,3:22:48:027293,4090
501.3682,163.3857,3:22:48:031775,4140
501.3682,163.3857,3:22:48:035313,4202
501.3682,163.3857,3:22:48:039313,4275
501.3682,163.3857,3:22:48:044097,4364
501.9092,163.3857,3:22:48:047116,4452
501.9092,164.0271,3:22:48:051115,4522
502.893,164.0271,3:22:48:055116,4593
503.557,164.8724,3:22:48:059113,4655
504.3194,165.4554,3:22:48:063110,4692
505.0818,166.2133,3:22:48:068161,4720
505.9426,167.0587,3:22:48:071175,4740
506.7542,167.9915,3:22:48:075175,4743
507.5904,168.9825,3:22:48:079180,4746
508.402,169.9736,3:22:48:083179,4752
509.2136,170.9648,3:22:48:087179,4756
509.9514,171.985,3:22:48:091184,4768
510.6892,172.8887,3:22:48:095179,4776
511.3286,173.7632,3:22:48:099182,4779
511.9681,174.521,3:22:48:103179,4780
512.5583,175.2789,3:22:48:107184,4775
513.0502,175.8911,3:22:48:111180,4773
513.5175,176.4449,3:22:48:115215,4775
513.9356,176.9113,3:22:48:119179,4786
514.2061,177.2612,3:22:48:124144,4793
514.4521,177.6109,3:22:48:128019,4805
514.6242,177.7858,3:22:48:131039,4816
514.7226,177.9608,3:22:48:135042,4815
514.7718,178.0482,3:22:48:140038,4815
514.7718,178.0482,3:22:48:143033,4810
514.7718,178.0482,3:22:48:147033,4807
514.7718,178.0482,3:22:48:152242,4803
513.9848,178.0482,3:22:48:155250,4808
513.9848,177.2612,3:22:48:159250,4804
513.124,177.2612,3:22:48:163758,4802
512.5338,176.5033,3:22:48:167779,4799
511.7959,176.5033,3:22:48:171779,4788
511.0335,175.7162,3:22:48:176022,4785
510.2465,175.7162,3:22:48:179041,4779
509.4103,175.1332,3:22:48:183041,4774
508.5004,175.1332,3:22:48:187039,4773
507.5904,175.1332,3:22:48:191037,4770
506.6805,175.1332,3:22:48:195037,4760
505.8197,175.1332,3:22:48:200028,4749
504.9589,175.1332,3:22:48:203048,4738
504.1473,175.9494,3:22:48:207047,4731
503.4095,175.9494,3:22:48:211050,4731
502.7455,177.232,3:22:48:215043,4736
502.1798,178.019,3:22:48:219045,4742
501.6879,178.9227,3:22:48:223933,4750
501.3436,179.9721,3:22:48:226955,4754
501.0977,181.1089,3:22:48:230954,4755
500.9747,182.2749,3:22:48:235952,4769
500.9747,183.4118,3:22:48:239954,4770
500.9747,184.6069,3:22:48:242954,4771
500.9747,185.7438,3:22:48:247835,4775
501.7863,186.8515,3:22:48:251855,4770
501.7863,187.8426,3:22:48:255857,4778
502.8438,188.6588,3:22:48:259774,4790
503.4586,189.271,3:22:48:263466,4799
504.1473,189.679,3:22:48:267470,4813
504.8605,189.8831,3:22:48:271814,4824
505.5491,189.8831,3:22:48:274837,4842
506.2869,189.8831,3:22:48:278837,4867
506.9756,189.0378,3:22:48:283878,4884
507.615,188.309,3:22:48:286836,4902
508.2544,187.3762,3:22:48:291837,4910
508.8447,186.2685,3:22:48:295820,4920
509.3611,185.1317,3:22:48:298838,4921
509.8776,183.7908,3:22:48:302838,4922
510.2711,182.3916,3:22:48:306844,4920
510.6892,180.9049,3:22:48:311935,4916
511.0335,179.3891,3:22:48:314933,4911
511.3286,177.815,3:22:48:318937,4912
511.6238,176.2701,3:22:48:322931,4912
511.7959,174.7542,3:22:48:326940,4905
511.9927,173.151,3:22:48:330932,4914
512.0911,171.5769,3:22:48:335943,4908
512.1895,170.0028,3:22:48:339960,4910
512.2386,168.487,3:22:48:342959,4914
512.2386,167.0004,3:22:48:347756,4911
512.2386,165.6012,3:22:48:351774,4915
512.2386,164.2894,3:22:48:354777,4916
512.2386,163.0651,3:22:48:360043,4920
512.2386,161.8699,3:22:48:364062,4916
512.2386,160.8788,3:22:48:367061,4923
512.2386,159.946,3:22:48:371067,4931
512.2386,159.159,3:22:48:375065,4940
512.2386,158.4886,3:22:48:380060,4951
512.2386,157.993,3:22:48:384273,4953
512.2386,157.5266,3:22:48:387288,4952
512.8781,157.2643,3:22:48:391276,4944
512.8781,157.0894,3:22:48:395316,4944
513.4929,157.0311,3:22:48:399296,4937
513.9356,157.0311,3:22:48:403275,4930
514.4029,157.0311,3:22:48:407667,4940
514.9931,157.0311,3:22:48:411336,4946
515.608,157.0311,3:22:48:415305,4960
516.2474,158.0804,3:22:48:419402,4975
516.936,158.0804,3:22:48:423420,4978
517.6984,159.2173,3:22:48:427420,4974
518.4854,159.8295,3:22:48:431496,4973
519.2971,160.5291,3:22:48:435426,4969
520.1824,161.2869,3:22:48:439421,4967
520.994,161.9283,3:22:48:443756,4936
521.781,162.5987,3:22:48:447288,4835
522.6172,163.24,3:22:48:451288,4663
523.3058,163.7939,3:22:48:455976,4381
523.9207,164.3477,3:22:48:458996,3988
524.4371,164.8432,3:22:48:463000,3480
524.7568,165.3096,3:22:48:467997,2838
524.9536,165.7469,3:22:48:471998,1948
525.0274,166.2133,3:22:48:474999,1134
525.0274,166.6797,3:22:48:479833,497
525.0274,167.1169,3:22:48:483597,0
524.3633,167.5833,3:22:48:487597,0
524.3633,168.0497,3:22:48:491637,0
523.2075,168.5453,3:22:48:495670,0
522.3959,169.0117,3:22:48:499670,0
521.5842,169.5364,3:22:48:503663,0
520.5513,170.2068,3:22:48:507683,0
519.3954,170.8773,3:22:48:511683,0
518.0427,171.6352,3:22:48:515684,0
516.5917,172.568,3:22:48:519685,0
514.9931,173.6174,3:22:48:523682,0
513.2224,174.7542,3:22:48:528154,0
511.3286,175.9785,3:22:48:531173,0
509.2136,177.3777,3:22:48:535172,0
506.9018,179.0101,3:22:48:540238,0
504.344,180.9341,3:22:48:543252,0
501.4666,183.1786,3:22:48:547266,0
498.3186,185.7729,3:22:48:551238,0
494.7525,188.6297,3:22:48:555242,0
491.0142,191.8653,3:22:48:559233,0
487.03,195.4507,3:22:48:564247,0
482.8737,199.2986,3:22:48:567263,0
478.6682,203.3212,3:22:48:571274,0
474.3643,207.5188,3:22:48:575258,0
470.1095,211.8331,3:22:48:580015,0
465.8302,216.1764,3:22:48:584034,0
461.6985,220.5489,3:22:48:587033,0
457.7389,224.8048,3:22:48:591882,0
453.8531,229.0316,3:22:48:595412,0
450.1148,233.0542,3:22:48:599412,0
446.4995,236.9603,3:22:48:603409,0
443.081,240.6624,3:22:48:607408,0
439.8838,244.0146,3:22:48:611413,0
436.9326,247.2794,3:22:48:615407,0
434.1043,250.4568,3:22:48:619411,0
431.5219,253.5759,3:22:48:623408,0
429.1609,256.4617,3:22:48:627481,0
426.9475,259.2601,3:22:48:631500,1112
424.98,261.9419,3:22:48:635500,1188
423.2339,264.3905,3:22:48:639505,1332
421.6844,266.7516,3:22:48:643500,1547
420.4055,268.7921,3:22:48:647849,1827
419.3726,270.4828,3:22:48:650870,2090
418.5118,271.8529,3:22:48:654870,2340
417.7986,272.9606,3:22:48:658867,2572
417.2822,273.7768,3:22:48:662868,2792
416.8886,274.3307,3:22:48:667839,3014
416.6673,274.7096,3:22:48:670899,3242
416.5197,274.8553,3:22:48:675898,3478
416.5197,274.8553,3:22:48:678894,3716
416.5197,274.8553,3:22:48:683900,3940
416.5197,273.8643,3:22:48:688031,4145
417.233,272.9023,3:22:48:691027,4345
417.8232,271.5323,3:22:48:695026,4514
418.561,269.6083,3:22:48:699024,4647
419.594,267.0432,3:22:48:703027,4819
420.8728,264.0699,3:22:48:707943,4993
422.5698,260.6302,3:22:48:710962,5174
424.6603,256.6657,3:22:48:714963,5381
427.1689,252.1475,3:22:48:718961,5522
430.0217,246.9296,3:22:48:723963,5638
433.2435,241.0122,3:22:48:726967,5777
436.8834,234.8324,3:22:48:731968,5889
440.8184,228.3902,3:22:48:734967,5984
445.3436,221.336,3:22:48:738968,6052
450.2132,213.582,3:22:48:743966,6097
455.2795,205.4783,3:22:48:746963,6133
460.518,197.3455,3:22:48:750967,6155
465.8794,189.271,3:22:48:754962,6176
471.4868,181.2547,3:22:48:758968,6170
477.2171,173.0344,3:22:48:762963,6194
483.0458,165.0181,3:22:48:767965,6267
488.481,157.4683,3:22:48:770963,6344
493.5228,150.7346,3:22:48:774963,6429
498.2694,144.4966,3:22:48:779739,6494
502.6225,138.8123,3:22:48:783758,6538
506.5575,133.6528,3:22:48:787753,6594
509.9514,129.3677,3:22:48:791791,6645
512.5829,126.0737,3:22:48:795805,6701
514.6242,123.4794,3:22:48:799806,6754
516.1245,121.468,3:22:48:803808,6811
517.1819,120.0397,3:22:48:807813,6879
517.8952,119.0486,3:22:48:811815,6949
518.3133,118.4948,3:22:48:815955,7015
518.4854,118.2907,3:22:48:818977,7059
518.4854,118.2907,3:22:48:822976,7087
518.4854,118.2907,3:22:48:827971,7091
518.4854,118.2907,3:22:48:830973,7090
518.4854,119.3692,3:22:48:834978,7091
518.4854,119.3692,3:22:48:838977,7074
517.7722,120.2146,3:22:48:842988,7061
517.7722,120.2146,3:22:48:846973,7005
517.7722,121.0308,3:22:48:851756,6874
517.3295,121.0308,3:22:48:855775,6638
517.3295,121.7012,3:22:48:859775,6232
517.3295,121.7012,3:22:48:863772,5712
517.3295,122.0802,3:22:48:867778,5131
517.3295,122.0802,3:22:48:871778,4476
517.3295,122.0802,3:22:48:875774,3781
518.1165,122.0802,3:22:48:878779,2939
518.1165,122.0802,3:22:48:882774,1879
518.7806,122.0802,3:22:48:887774,1011
518.7806,122.0802,3:22:48:891775,0
519.5184,121.1474,3:22:48:895776,0
519.5184,121.1474,3:22:48:899822,0
520.1086,120.098,3:22:48:903853,0
520.4283,119.3984,3:22:48:906870,0
520.4283,118.6405,3:22:48:911787,0
520.871,117.7368,3:22:48:914813,0
520.871,116.8915,3:22:48:918812,0
521.2399,115.9587,3:22:48:923816,0
521.3875,115.1425,3:22:48:927828,0
521.5596,114.2971,3:22:48:931833,0
521.8302,113.4809,3:22:48:935831,0
522.0515,112.8105,3:22:48:939828,0
522.3713,112.1983,3:22:48:943830,0
522.6172,111.7319,3:22:48:947828,0
522.9615,111.2947,3:22:48:951833,0
523.2812,111.0323,3:22:48:955828,0
523.6993,110.5951,3:22:48:960152,0
524.142,110.4493,3:22:48:963171,0
524.5847,110.4202,3:22:48:967176,0
525.1503,110.4202,3:22:48:971173,0
525.8636,111.9943,3:22:48:975175,0
525.8636,111.9943,3:22:48:994088,0
