350.215,220.3157,2:38:33:331631,0
350.215,219.4412,2:38:33:335652,0
350.215,218.2169,2:38:33:339652,0
350.215,216.7594,2:38:33:343652,0
350.215,214.9812,2:38:33:347650,0
350.215,212.9699,2:38:33:351652,0
350.215,210.7253,2:38:33:355620,0
349.2804,208.3934,2:38:33:358700,0
348.641,206.0031,2:38:33:362702,0
347.6327,204.2832,2:38:33:367700,0
346.6981,202.7674,2:38:33:371697,0
345.616,201.3974,2:38:33:375701,0
344.6076,200.3771,2:38:33:379700,0
343.6731,199.4151,2:38:33:383703,0
342.6893,198.6281,2:38:33:386700,0
341.8285,197.9576,2:38:33:391697,0
341.0415,197.3455,2:38:33:396036,0
340.3037,196.9666,2:38:33:399722,0
339.6643,196.675,2:38:33:403720,0
339.197,196.5585,2:38:33:406725,0
338.7543,196.5585,2:38:33:412038,0
338.4592,196.5585,2:38:33:415056,0
338.2379,196.5585,2:38:33:419056,0
338.1395,197.6078,2:38:33:423056,0
338.0657,198.2491,2:38:33:427057,0
338.0657,199.0654,2:38:33:431057,0
338.0657,199.969,2:38:33:436111,0
338.0657,201.0767,2:38:33:439129,0
338.0657,202.2719,2:38:33:443803,0
338.0657,203.5544,2:38:33:447818,0
338.0657,204.9536,2:38:33:451824,0
338.0657,206.3528,2:38:33:455820,0
338.0657,207.8103,2:38:33:459823,0
338.0657,209.2095,2:38:33:462818,0
338.0657,210.6962,2:38:33:467702,0
338.0657,212.0954,2:38:33:471721,0
337.3033,213.4072,2:38:33:475501,0
337.3033,214.5148,2:38:33:479519,0
336.7868,215.5351,2:38:33:483522,0
336.7868,216.4096,2:38:33:487520,0
336.2704,217.2258,2:38:33:491947,0
336.2704,217.9254,2:38:33:494967,0
335.7047,218.4792,2:38:33:498965,0
335.3604,218.9165,2:38:33:502966,0
335.0406,219.2955,2:38:33:506965,0
334.7455,219.6161,2:38:33:510966,0
334.4504,219.8493,2:38:33:514967,0
334.2045,219.9951,2:38:33:518967,0
333.9585,220.0242,2:38:33:523633,0
333.7618,220.0242,2:38:33:527651,0
333.6388,220.0242,2:38:33:531650,0
333.5158,220.0242,2:38:33:535652,0
333.4175,220.0242,2:38:33:539585,0
333.4175,219.3246,2:38:33:543599,0
333.4175,219.3246,2:38:33:547599,0
333.4175,219.3246,2:38:33:551601,0
333.4175,218.4792,2:38:33:555647,0
333.4175,218.4792,2:38:33:559600,0
333.4175,217.9254,2:38:33:563603,0
333.4175,217.9254,2:38:33:567599,0
333.4175,217.4007,2:38:33:571615,0
333.4175,217.4007,2:38:33:575600,0
333.4175,216.9635,2:38:33:579601,0
333.4175,216.9635,2:38:33:583603,0
333.4175,216.6136,2:38:33:587827,0
332.7043,216.6136,2:38:33:590874,0
332.7043,216.2639,2:38:33:596104,0
332.0894,216.2639,2:38:33:599129,0
332.0894,215.9432,2:38:33:603127,0
331.5483,215.7975,2:38:33:607125,0
331.5483,215.6225,2:38:33:611194,0
331.1302,215.3893,2:38:33:615129,0
331.1302,215.1853,2:38:33:619533,0
331.1302,214.8938,2:38:33:623547,0
331.1302,214.544,2:38:33:627563,0
331.1302,214.2233,2:38:33:631548,0
331.1302,213.8444,2:38:33:635575,0
331.1302,213.4655,2:38:33:639590,0
331.1302,213.1448,2:38:33:643592,0
331.1302,212.8533,2:38:33:647595,0
331.1302,212.5618,2:38:33:652125,0
331.1302,212.3286,2:38:33:655164,0
331.1302,212.1537,2:38:33:659143,0
331.1302,211.9496,2:38:33:663106,0
331.1302,211.8913,2:38:33:667149,0
331.1302,211.8039,2:38:33:671105,0
331.1302,211.7747,2:38:33:675110,0
331.1302,211.6873,2:38:33:679105,0
331.1302,211.6873,2:38:33:684085,0
331.1302,211.6581,2:38:33:687104,0
331.1302,211.5999,2:38:33:691105,0
331.1302,211.4832,2:38:33:695112,0
331.1302,211.3667,2:38:33:699105,0
331.1302,211.1917,2:38:33:703106,0
331.1302,210.9294,2:38:33:707109,0
331.1302,210.6962,2:38:33:711602,0
331.1302,210.4047,2:38:33:715142,0
331.6959,210.1132,2:38:33:719134,0
331.6959,209.8217,2:38:33:723128,0
332.1632,209.5593,2:38:33:727732,0
332.1632,209.3261,2:38:33:730755,0
332.5813,209.0929,2:38:33:734756,0
332.5813,209.0055,2:38:33:738752,0
332.9256,208.8598,2:38:33:743749,0
332.9256,208.8015,2:38:33:746756,0
333.2699,208.7723,2:38:33:752085,0
333.2699,208.7723,2:38:33:755103,0
333.2699,208.7723,2:38:33:760128,0
333.4421,208.7723,2:38:33:763147,0
333.4421,208.7723,2:38:33:767148,0
333.4421,208.7723,2:38:33:771147,0
333.5896,208.7431,2:38:33:775577,0
333.5896,208.6557,2:38:33:779598,0
333.5896,208.5099,2:38:33:783595,0
333.5896,208.3351,2:38:33:787597,0
333.5896,208.0727,2:38:33:791592,0
333.5896,207.7812,2:38:33:795595,0
333.5896,207.4023,2:38:33:799827,0
333.5896,206.9942,2:38:33:803358,0
333.5896,206.5278,2:38:33:807422,0
333.5896,206.0614,2:38:33:811382,0
333.5896,205.6241,2:38:33:815418,0
333.5896,205.1868,2:38:33:818960,0
334.0815,204.8079,2:38:33:823949,0
334.0815,204.3998,2:38:33:826960,0
334.0815,204.1083,2:38:33:830943,0
334.0815,203.8459,2:38:33:836001,0
334.0815,203.5836,2:38:33:839020,0
334.0815,203.4087,2:38:33:843020,2249
334.0815,203.2338,2:38:33:847640,2250
334.0815,203.1172,2:38:33:850659,2271
334.0815,203.0006,2:38:33:854660,2333
334.0815,202.9715,2:38:33:858664,2425
334.0815,202.9131,2:38:33:863539,2549
334.0815,202.884,2:38:33:867560,2668
334.0815,202.8548,2:38:33:871560,2758
334.0815,202.8548,2:38:33:875561,2829
334.0815,202.8548,2:38:33:879556,2865
334.0815,202.8548,2:38:33:883559,2885
334.0815,202.8548,2:38:33:887556,2888
334.0815,202.8548,2:38:33:891560,2875
334.0815,202.8548,2:38:33:895581,2865
334.0815,202.8548,2:38:33:899605,2859
334.0815,202.8548,2:38:33:903787,2882
334.0815,203.5544,2:38:33:907803,2940
334.0815,203.5544,2:38:33:910835,3030
334.0815,204.633,2:38:33:914810,3132
334.0815,205.5075,2:38:33:918806,3214
334.6718,206.586,2:38:33:923663,3270
334.6718,207.9561,2:38:33:926681,3297
335.1144,209.4719,2:38:33:931777,3310
335.1144,211.1335,2:38:33:934793,3327
335.5571,212.9991,2:38:33:939793,3350
335.5571,215.0396,2:38:33:943794,3375
336.0736,217.1384,2:38:33:946799,3401
336.0736,219.3537,2:38:33:950855,3423
336.6147,221.6566,2:38:33:954876,3439
336.8852,223.9886,2:38:33:959876,3443
337.2049,226.2914,2:38:33:963880,3446
337.4754,228.6234,2:38:33:966875,3442
337.7214,230.8097,2:38:33:970876,3450
337.9427,232.8502,2:38:33:974875,3457
338.1641,234.6866,2:38:33:979879,3464
338.3362,236.319,2:38:33:982899,3476
338.41,237.8057,2:38:33:986878,3469
338.41,238.9717,2:38:33:990889,3471
338.41,240.0502,2:38:33:994876,3475
338.41,240.8665,2:38:33:998880,3483
338.41,241.5369,2:38:34:002876,3491
337.7214,242.0616,2:38:34:007564,3507
337.7214,242.3822,2:38:34:011580,3519
336.959,242.6154,2:38:34:015524,3522
336.4425,242.6446,2:38:34:019543,3534
335.9014,242.6446,2:38:34:023542,3530
335.262,242.6446,2:38:34:027542,3528
334.598,242.6446,2:38:34:031543,3530
333.8847,241.3911,2:38:34:035538,3524
333.1715,240.6624,2:38:34:040027,3526
332.3845,239.7587,2:38:34:044042,3526
331.6467,238.7094,2:38:34:047775,3518
330.9581,237.6017,2:38:34:050821,3514
330.2695,236.3773,2:38:34:055790,3510
329.5808,235.1239,2:38:34:058798,3506
328.966,233.8705,2:38:34:062794,3510
328.4003,232.6753,2:38:34:067574,3516
327.8839,231.5676,2:38:34:071590,3516
327.4904,230.4599,2:38:34:075594,3516
327.1461,229.4688,2:38:34:079139,3516
326.9001,228.5069,2:38:34:083157,3510
326.7772,227.6032,2:38:34:087156,3510
326.7772,226.7287,2:38:34:091157,3508
326.7772,225.7959,2:38:34:095525,3506
326.7772,224.8631,2:38:34:099540,3501
327.5887,223.872,2:38:34:103455,3494
328.1544,222.8517,2:38:34:107473,3490
328.8922,221.744,2:38:34:111473,3490
329.9006,220.6655,2:38:34:115492,3501
331.0565,219.4995,2:38:34:119469,3510
332.4337,218.3335,2:38:34:123475,3516
333.9831,217.1092,2:38:34:127469,3512
335.7293,215.8849,2:38:34:131474,3501
337.5246,214.6606,2:38:34:135471,3499
339.4183,213.5237,2:38:34:139474,3489
341.3612,212.3286,2:38:34:143472,3488
343.2058,211.1043,2:38:34:147761,3484
345.0011,209.9675,2:38:34:151775,3476
346.6735,208.8598,2:38:34:154779,3480
348.1983,207.7812,2:38:34:159028,3480
349.551,206.761,2:38:34:163029,3487
350.7561,205.8864,2:38:34:167029,3491
351.789,205.0119,2:38:34:171028,3491
352.6744,204.2249,2:38:34:175030,3489
353.4122,203.5253,2:38:34:179030,3493
353.9532,202.884,2:38:34:184030,3497
354.3467,202.3302,2:38:34:187029,3505
354.6419,201.8055,2:38:34:191464,3516
354.814,201.3391,2:38:34:195088,3539
354.8386,200.931,2:38:34:199092,3591
354.8386,200.552,2:38:34:203398,3672
354.8386,200.173,2:38:34:207406,3789
354.8386,199.8524,2:38:34:211400,3911
354.8386,199.59,2:38:34:215402,4019
354.8386,199.4151,2:38:34:219401,4090
354.8386,199.2694,2:38:34:223401,4128
354.3467,199.1819,2:38:34:227436,4141
354.3467,199.1819,2:38:34:231840,4137
354.3467,199.1819,2:38:34:234859,4130
354.3467,199.1819,2:38:34:238859,4115
354.3467,199.1819,2:38:34:243156,4098
354.3467,199.1819,2:38:34:247156,4090
354.3467,200.2896,2:38:34:251155,4100
354.3467,201.0475,2:38:34:255184,4117
354.3467,201.9512,2:38:34:259156,4144
354.3467,203.1172,2:38:34:263156,4167
354.3467,204.4872,2:38:34:267156,4185
354.3467,206.0322,2:38:34:271155,4202
354.937,207.7229,2:38:34:275160,4216
354.937,209.5593,2:38:34:279169,4234
355.7486,211.3667,2:38:34:283476,4252
356.2651,213.2905,2:38:34:287512,4267
356.8553,215.3019,2:38:34:291477,4277
357.4702,217.3132,2:38:34:295512,4284
358.1096,219.4412,2:38:34:299512,4281
358.749,221.54,2:38:34:303516,4279
359.3885,223.6096,2:38:34:307514,4276
360.0279,225.6501,2:38:34:311517,4232
360.5936,227.6615,2:38:34:315512,4121
361.0854,229.498,2:38:34:319528,3908
361.4789,231.2178,2:38:34:323543,3550
361.7249,232.7919,2:38:34:327524,3057
361.8478,234.2202,2:38:34:331529,2313
361.8478,235.4154,2:38:34:335529,1458
361.8478,236.4648,2:38:34:339529,749
361.233,237.3393,2:38:34:343531,0
360.6182,238.0681,2:38:34:347531,0
359.8557,238.5345,2:38:34:351526,0
358.8474,238.8842,2:38:34:355526,0
357.5931,239.03,2:38:34:359526,0
356.2651,239.03,2:38:34:363526,0
354.7648,239.03,2:38:34:367538,0
353.1417,239.03,2:38:34:371530,0
351.3709,239.03,2:38:34:375529,0
349.6248,239.03,2:38:34:379525,0
347.8294,239.03,2:38:34:383526,0
346.0833,239.03,2:38:34:387530,0
344.3125,239.03,2:38:34:391542,0
342.5417,240.0211,2:38:34:395780,0
340.7956,240.0211,2:38:34:399323,0
339.0986,241.0414,2:38:34:403318,0
337.4508,241.6535,2:38:34:407320,0
335.8523,242.3239,2:38:34:411314,0
334.3274,242.9361,2:38:34:415454,0
332.8272,243.6357,2:38:34:419473,0
331.4254,244.3936,2:38:34:423472,0
330.0481,245.1515,2:38:34:427472,0
328.7693,245.9386,2:38:34:431468,0
327.5396,246.7256,2:38:34:435468,0
326.3837,247.4835,2:38:34:439752,0
325.3753,248.2706,2:38:34:443281,0
324.3916,249.1159,2:38:34:447281,0
323.5554,249.9904,2:38:34:451281,0
322.7684,250.7775,2:38:34:455283,0
322.1043,251.5936,2:38:34:459281,0
321.5633,252.3515,2:38:34:463282,0
321.0222,253.0511,2:38:34:467784,0
320.5795,253.7216,2:38:34:470802,0
320.186,254.2463,2:38:34:475799,0
319.8417,254.6835,2:38:34:478830,1465
319.522,255.0042,2:38:34:482802,1469
319.2761,255.354,2:38:34:487798,1473
319.0301,255.5289,2:38:34:491817,1482
318.8334,255.7621,2:38:34:494835,1547
318.735,255.8495,2:38:34:498835,1696
318.6366,255.937,2:38:34:502836,1947
318.5628,256.0244,2:38:34:506834,2252
318.5136,256.0244,2:38:34:510858,2513
318.4645,256.0244,2:38:34:515837,2690
318.3907,256.0244,2:38:34:518839,2786
318.3415,256.0244,2:38:34:522835,2828
318.2431,255.0042,2:38:34:529558,2881
318.1447,254.392,2:38:34:531562,2934
318.0218,253.6342,2:38:34:535561,2968
317.8988,252.6722,2:38:34:539559,2995
317.7513,251.5936,2:38:34:543560,2994
317.6283,250.3985,2:38:34:547559,2992
317.4315,248.941,2:38:34:551570,2992
317.284,247.3086,2:38:34:555588,2990
317.0626,245.3847,2:38:34:559588,2986
316.8167,243.2859,2:38:34:563588,2982
316.497,240.8665,2:38:34:567589,2967
316.1281,238.1263,2:38:34:571588,2955
315.7838,234.9781,2:38:34:575588,2950
315.3657,231.5385,2:38:34:579588,2951
314.9968,227.8656,2:38:34:583588,2952
314.6524,224.076,2:38:34:587588,2965
314.3573,220.17,2:38:34:591588,2977
314.2097,216.293,2:38:34:595789,2999
314.1852,212.416,2:38:34:598809,3046
314.1852,208.6557,2:38:34:602808,3095
314.1852,205.0994,2:38:34:606807,3154
314.8492,201.6888,2:38:34:610835,3208
314.8492,198.3366,2:38:34:615842,3251
315.9067,195.0426,2:38:34:618860,3298
316.5953,191.7487,2:38:34:622866,3349
317.3332,188.7171,2:38:34:626870,3391
318.1447,185.8313,2:38:34:630866,3435
319.0301,183.0329,2:38:34:634860,3458
319.9647,180.4385,2:38:34:639793,3475
321.0222,178.0482,2:38:34:643885,3484
322.1535,175.862,2:38:34:646885,3490
323.3094,173.938,2:38:34:650891,3499
324.5883,172.2765,2:38:34:654886,3505
325.8918,170.7024,2:38:34:658887,3515
327.1215,169.4489,2:38:34:663767,3513
328.4003,168.3704,2:38:34:666797,3511
329.6546,167.6416,2:38:34:670791,3511
330.8597,167.1752,2:38:34:674786,3509
332.0402,166.942,2:38:34:678785,3513
333.1961,166.942,2:38:34:682785,3527
334.2537,166.942,2:38:34:687799,3541
335.2374,167.7583,2:38:34:690815,3569
336.3195,168.4579,2:38:34:694817,3605
337.3279,169.3324,2:38:34:699578,3639
338.3362,170.4109,2:38:34:703593,3676
339.2954,171.6352,2:38:34:707592,3696
340.2299,173.0052,2:38:34:711593,3712
341.1153,174.4919,2:38:34:715593,3732
342.0007,176.0368,2:38:34:719995,3744
342.8615,177.7567,2:38:34:723006,3757
343.6485,179.5349,2:38:34:727006,3769
344.3863,181.3421,2:38:34:731022,3773
345.0995,183.1786,2:38:34:736007,3775
345.7635,185.015,2:38:34:739013,3779
346.3784,186.8223,2:38:34:743738,3780
346.944,188.6005,2:38:34:746737,3778
347.4359,190.3495,2:38:34:750742,3756
347.9524,192.011,2:38:34:755571,3674
348.3951,193.5851,2:38:34:759765,3548
348.7886,195.101,2:38:34:762766,3347
349.1329,196.5585,2:38:34:767765,3084
349.4772,197.9285,2:38:34:770767,2772
349.8215,199.2986,2:38:34:775764,2375
350.1904,200.6395,2:38:34:779462,1873
350.6331,201.922,2:38:34:783498,1228
351.125,203.1463,2:38:34:787499,677
351.6906,204.3415,2:38:34:790981,256
352.3546,205.3909,2:38:34:794987,0
353.1417,206.4111,2:38:34:798981,0
354.0024,207.2565,2:38:34:802981,0
355.0108,207.9852,2:38:34:806982,0
356.1667,208.5391,2:38:34:810986,0
357.3718,209.0055,2:38:34:815890,0
358.6998,209.3261,2:38:34:818902,0
360.1263,209.5011,2:38:34:822901,0
361.6511,209.5593,2:38:34:826910,0
363.2743,209.5593,2:38:34:830902,0
364.9958,209.5593,2:38:34:835853,0
366.7912,209.5593,2:38:34:838871,0
368.5865,208.5391,2:38:34:842871,0
370.4557,208.5391,2:38:34:846872,0
372.3986,207.5771,2:38:34:851868,0
374.3661,207.0233,2:38:34:855872,0
376.309,206.3237,2:38:34:858892,0
378.3011,205.7115,2:38:34:863575,0
380.3669,205.0119,2:38:34:866892,0
382.4328,204.254,2:38:34:870890,0
384.5233,203.467,2:38:34:874935,0
386.6137,202.7383,2:38:34:878988,0
388.778,202.0095,2:38:34:882954,0
390.9177,201.2516,2:38:34:886976,0
393.1557,200.552,2:38:34:890954,0
395.2708,199.8232,2:38:34:894959,0
397.3612,199.1236,2:38:34:899575,0
399.3533,198.3658,2:38:34:903596,0
401.2224,197.6662,2:38:34:907593,0
403.1407,196.8499,2:38:34:912197,0
404.8869,196.0046,2:38:34:916214,0
406.5101,195.1884,2:38:34:919214,0
408.0349,194.4014,2:38:34:923215,0
409.4859,193.6726,2:38:34:928214,0
410.814,192.9147,2:38:34:931219,0
412.0437,192.2734,2:38:34:935215,0
413.1012,191.6613,2:38:34:939215,0
414.0358,191.224,2:38:34:943235,0
414.872,190.9325,2:38:34:947214,0
415.4868,190.9325,2:38:34:951211,0
415.9541,190.845,2:38:34:955211,0
416.2984,190.7867,2:38:34:959220,0
416.446,190.6993,2:38:34:963536,3648
416.4706,190.6993,2:38:34:967558,3637
416.4706,190.6993,2:38:34:971558,3622
416.4706,190.6993,2:38:34:975630,3610
416.4706,190.6993,2:38:34:979645,3596
415.8803,191.603,2:38:34:983648,3598
415.8803,192.1859,2:38:34:987282,3602
415.3147,193.1187,2:38:34:991222,3604
415.3147,194.2847,2:38:34:995222,3608
414.8474,195.5965,2:38:34:999268,3616
414.8474,197.0248,2:38:35:003221,3620
414.3555,198.599,2:38:35:007222,3624
414.3555,200.173,2:38:35:011393,3624
413.9866,201.7763,2:38:35:015295,3623
413.9866,203.3212,2:38:35:019296,3627
413.6915,204.8079,2:38:35:023634,3628
413.6915,206.2946,2:38:35:026657,3632
413.6915,207.7229,2:38:35:030653,3624
413.6915,209.1804,2:38:35:035629,3629
413.6915,210.5504,2:38:35:038662,3629
413.6915,211.8039,2:38:35:043644,3633
413.6915,213.0282,2:38:35:047646,3639
413.6915,214.1359,2:38:35:051649,3637
413.6915,215.0979,2:38:35:054648,3643
413.6915,215.8557,2:38:35:059421,3640
413.6915,216.4679,2:38:35:063445,3647
414.2079,216.876,2:38:35:067439,3659
414.2079,217.2258,2:38:35:071538,3680
414.2079,217.3716,2:38:35:075564,3701
414.2079,217.3716,2:38:35:079563,3723
414.2079,217.3716,2:38:35:083568,3733
414.2079,217.3716,2:38:35:087563,3732
413.5931,216.3221,2:38:35:091564,3730
413.5931,215.71,2:38:35:095849,3728
412.8553,215.0396,2:38:35:098873,3726
412.3142,214.1651,2:38:35:102868,3723
411.7486,213.2905,2:38:35:107864,3725
411.1337,212.416,2:38:35:111863,3716
410.5189,211.4832,2:38:35:114872,3709
409.8303,210.6379,2:38:35:119731,3701
409.0678,209.8217,2:38:35:122731,3698
408.2563,209.1804,2:38:35:127733,3693
407.4201,208.5974,2:38:35:131816,3690
406.5101,208.131,2:38:35:134834,3688
405.5017,207.8395,2:38:35:138840,3682
404.4934,207.8395,2:38:35:143845,3675
403.3867,207.6646,2:38:35:147847,3669
402.3046,207.6646,2:38:35:151863,3670
401.1487,207.6646,2:38:35:155851,3670
399.9436,208.5391,2:38:35:158845,3676
398.8369,208.5391,2:38:35:162846,3683
397.6809,209.9675,2:38:35:168019,3681
396.6726,210.8419,2:38:35:171037,3681
395.7626,211.8331,2:38:35:175042,3681
394.951,212.9699,2:38:35:179048,3680
394.2378,214.0193,2:38:35:183038,3686
393.6721,215.1853,2:38:35:187037,3691
393.2049,216.2639,2:38:35:191813,3699
392.8852,217.2841,2:38:35:194832,3702
392.6638,218.1877,2:38:35:198831,3701
392.5162,218.9165,2:38:35:203797,3696
392.4671,219.4704,2:38:35:207816,3689
392.3933,219.9076,2:38:35:210822,3696
392.3933,220.1991,2:38:35:215744,3707
392.3933,220.4032,2:38:35:218762,3723
392.3933,220.4032,2:38:35:222768,3743
392.3933,220.4032,2:38:35:227762,3747
392.3933,219.6452,2:38:35:231590,3755
392.3933,219.6452,2:38:35:235611,3760
392.3933,218.4792,2:38:35:239609,3760
391.8276,217.6922,2:38:35:243610,3762
391.8276,216.8177,2:38:35:247929,3759
391.1144,215.8557,2:38:35:250948,3749
390.6225,214.8064,2:38:35:255944,3740
390.0323,213.8444,2:38:35:259959,3741
389.3437,212.9116,2:38:35:262976,3742
388.5812,212.0371,2:38:35:266970,3747
387.7451,211.25,2:38:35:271537,3759
386.8105,210.5796,2:38:35:275554,3763
385.753,210.1132,2:38:35:279554,3768
384.6216,209.7343,2:38:35:283556,3788
383.392,209.5593,2:38:35:287558,3801
382.1131,209.5593,2:38:35:291555,3825
380.8096,209.5593,2:38:35:295865,3853
379.4324,209.5593,2:38:35:298884,3868
378.1289,209.5593,2:38:35:302884,3890
376.8746,210.6962,2:38:35:307888,3904
375.7187,210.6962,2:38:35:310886,3916
374.6858,211.9205,2:38:35:314883,3927
373.8004,212.7367,2:38:35:319880,3935
372.9888,213.6695,2:38:35:322883,3949
372.3986,214.6315,2:38:35:326903,3966
372.0297,215.71,2:38:35:331924,3991
371.7837,216.9052,2:38:35:334943,4007
371.7099,218.2752,2:38:35:338944,4017
371.7099,219.7036,2:38:35:343944,4020
371.7099,221.2193,2:38:35:346945,4017
372.6445,222.7352,2:38:35:350944,3994
373.3823,224.1635,2:38:35:355955,3903
374.2677,225.621,2:38:35:358980,3740
375.3744,226.991,2:38:35:362974,3452
376.6287,228.2153,2:38:35:366974,3045
378.0797,229.2356,2:38:35:370971,2470
379.7029,230.0518,2:38:35:374971,1663
381.5966,230.664,2:38:35:379987,946
383.5887,231.0137,2:38:35:382998,373
385.7038,231.2469,2:38:35:387003,0
387.991,231.2469,2:38:35:391591,0
390.4996,231.2469,2:38:35:395610,0
393.1065,230.285,2:38:35:399610,0
395.8364,229.4688,2:38:35:403649,0
398.5909,228.4777,2:38:35:407610,0
401.3208,227.2825,2:38:35:411610,0
404.1491,225.9125,2:38:35:415605,0
406.9774,224.3092,2:38:35:419610,0
409.7811,222.7352,2:38:35:424607,0
412.6093,220.9861,2:38:35:427610,0
415.3147,219.0914,2:38:35:431610,0
417.9708,217.1384,2:38:35:435627,0
420.6515,215.0979,2:38:35:439651,0
423.2584,213.0282,2:38:35:444622,0
425.8162,210.9294,2:38:35:447526,0
428.2756,208.8015,2:38:35:451547,0
430.6612,206.6152,2:38:35:455546,0
432.8008,204.5455,2:38:35:459549,0
434.8667,202.4759,2:38:35:463547,0
436.785,200.4354,2:38:35:467546,0
438.4574,198.5698,2:38:35:471628,0
440.0068,196.7334,2:38:35:475648,0
441.4086,195.101,2:38:35:479643,0
442.4908,193.8475,2:38:35:483837,0
443.4991,192.5358,2:38:35:486855,0
444.3107,191.1949,2:38:35:490861,0
444.8763,190.0871,2:38:35:495610,4737
445.2698,189.2126,2:38:35:499610,4753
445.565,188.513,2:38:35:503609,4772
445.6879,188.0175,2:38:35:507610,4778
445.6879,187.5219,2:38:35:511610,4758
445.7371,186.9681,2:38:35:515826,4706
445.7371,186.7057,2:38:35:518845,4657
445.7371,186.6766,2:38:35:522844,4615
445.7371,186.6766,2:38:35:526848,4595
445.7371,186.6766,2:38:35:530850,4586
445.7371,186.6766,2:38:35:534847,4578
445.7371,186.6766,2:38:35:539566,4578
445.7371,187.7843,2:38:35:543585,4596
445.319,188.5714,2:38:35:547585,4613
445.319,189.6207,2:38:35:551587,4632
445.319,191.0491,2:38:35:555585,4649
444.9255,192.7106,2:38:35:559586,4647
444.9255,194.6346,2:38:35:563663,4662
444.6304,196.7334,2:38:35:567191,4669
444.6304,198.9196,2:38:35:571191,4676
444.3107,201.135,2:38:35:575214,4682
444.3107,203.4379,2:38:35:579195,4677
444.0894,205.7115,2:38:35:583208,4675
444.0894,207.8978,2:38:35:587568,4679
444.0894,210.0549,2:38:35:591587,4698
444.0894,212.0663,2:38:35:595591,4709
444.0894,214.0776,2:38:35:599572,4725
444.0894,216.0015,2:38:35:603620,4713
444.0894,217.8671,2:38:35:607621,4695
444.7534,219.6452,2:38:35:611619,4635
444.7534,221.336,2:38:35:615616,4497
445.2206,222.7934,2:38:35:619618,4267
445.2206,224.076,2:38:35:623747,3891
445.6879,225.2129,2:38:35:626770,3421
445.6879,226.0874,2:38:35:630766,2832
446.0815,226.8161,2:38:35:635764,2083
446.0815,227.1077,2:38:35:638768,1293
446.4503,227.1077,2:38:35:643766,646
446.7209,227.1077,2:38:35:647576,0
446.9914,226.2914,2:38:35:651594,0
447.3111,225.4753,2:38:35:655596,0
447.803,224.3676,2:38:35:659590,0
448.4424,223.0558,2:38:35:663594,0
449.2048,221.54,2:38:35:667881,0
450.2132,219.8784,2:38:35:670918,0
451.3445,218.042,2:38:35:674900,0
452.6234,216.1181,2:38:35:678899,0
454.1482,214.0776,2:38:35:682900,0
455.8452,212.0371,2:38:35:686900,0
457.5913,209.9966,2:38:35:690900,0
459.3867,207.927,2:38:35:695671,0
461.2312,205.8864,2:38:35:698695,0
463.0757,203.8751,2:38:35:703689,0
465.0186,202.0387,2:38:35:706689,0
466.8632,200.2605,2:38:35:711707,0
468.6585,198.6281,2:38:35:714726,0
470.4784,197.0831,2:38:35:719572,0
472.2984,195.6257,2:38:35:723586,0
474.1429,194.2847,2:38:35:727785,0
475.8891,193.0896,2:38:35:730804,0
477.6352,191.9236,2:38:35:734803,0
479.3322,190.9034,2:38:35:738804,0
480.98,189.8831,2:38:35:742805,0
482.4802,189.2126,2:38:35:747459,0
483.8083,188.3382,2:38:35:751458,0
485.0133,187.347,2:38:35:755460,0
486.0463,186.2977,2:38:35:758878,4374
486.9317,185.3065,2:38:35:763880,4415
487.6695,184.3154,2:38:35:766898,4458
488.2597,183.4118,2:38:35:771895,4503
488.727,182.6248,2:38:35:775899,4532
489.0959,181.7211,2:38:35:778899,4519
489.514,181.0798,2:38:35:782900,4498
489.8091,180.7883,2:38:35:787850,4476
490.0551,180.7009,2:38:35:791868,4462
490.2518,180.7009,2:38:35:794873,4445
490.3994,180.7009,2:38:35:798866,4431
490.3994,181.4879,2:38:35:803461,4423
490.3994,182.1875,2:38:35:807493,4427
490.3994,183.1494,2:38:35:811493,4445
490.3994,184.4029,2:38:35:815498,4477
489.4648,185.9187,2:38:35:819496,4491
489.4648,187.6677,2:38:35:823497,4498
488.604,189.679,2:38:35:827494,4507
488.604,191.8653,2:38:35:831493,4498
487.7187,194.0807,2:38:35:835876,4505
487.276,196.3253,2:38:35:838894,4517
486.8579,198.599,2:38:35:842894,4511
486.4644,200.7852,2:38:35:846891,4514
486.0955,202.884,2:38:35:850895,4513
485.7512,204.8954,2:38:35:855890,4507
485.4806,206.761,2:38:35:859343,4509
485.2347,208.5391,2:38:35:863362,4513
485.0133,210.2589,2:38:35:867711,4517
485.0133,211.8331,2:38:35:870729,4527
484.8904,213.2614,2:38:35:875729,4527
484.8904,214.5148,2:38:35:879725,4531
484.8904,215.5351,2:38:35:882730,4540
484.8904,216.4388,2:38:35:886734,4548
484.8904,217.1384,2:38:35:890729,4557
485.5052,217.6922,2:38:35:895576,4560
485.5052,217.9837,2:38:35:899594,4560
485.5052,218.0712,2:38:35:903591,4564
486.1693,218.0712,2:38:35:906982,4567
486.1693,218.0712,2:38:35:910965,4569
486.5627,218.0712,2:38:35:914976,4576
486.5627,217.1675,2:38:35:919009,4582
486.9071,217.1675,2:38:35:922965,4588
486.9071,215.7683,2:38:35:927966,4594
486.9071,214.9229,2:38:35:930970,4589
486.9071,213.961,2:38:35:936970,4580
487.2022,212.8533,2:38:35:938968,4580
487.2022,211.7456,2:38:35:942970,4579
487.2022,210.5796,2:38:35:946965,4579
487.2022,209.5593,2:38:35:950965,4577
487.2022,208.5099,2:38:35:954967,4575
486.2676,207.5188,2:38:35:958966,4572
485.702,206.586,2:38:35:962965,4581
484.9396,205.7699,2:38:35:966966,4587
483.9804,205.0119,2:38:35:970965,4586
482.7999,204.3415,2:38:35:975535,4582
481.3735,203.7876,2:38:35:979556,4577
479.8241,203.2921,2:38:35:983556,4572
478.1025,203.0006,2:38:35:987558,4570
476.3318,202.8257,2:38:35:991553,4575
474.4872,202.7674,2:38:35:995553,4569
472.5689,202.7674,2:38:35:999538,4566
470.7736,202.7674,2:38:36:003561,4561
469.0028,203.5544,2:38:36:007560,4555
467.4534,203.5544,2:38:36:011629,4556
465.9778,204.6913,2:38:36:015648,4549
464.6989,205.3909,2:38:36:019648,4553
463.5676,206.1779,2:38:36:023650,4542
462.6084,206.9942,2:38:36:026688,4541
461.8952,207.8395,2:38:36:031648,4545
461.3296,208.714,2:38:36:035720,4550
460.9607,209.5593,2:38:36:038750,4559
460.7393,210.4047,2:38:36:043713,4559
460.7393,211.2209,2:38:36:048107,4561
460.7393,211.9496,2:38:36:051124,4562
460.7393,212.5618,2:38:36:055130,4569
461.6493,213.1156,2:38:36:059132,4573
461.6493,213.5237,2:38:36:063131,4582
462.8298,213.7569,2:38:36:067126,4584
463.4938,213.9319,2:38:36:072001,4599
464.1824,213.9319,2:38:36:075037,4607
464.8219,213.9319,2:38:36:079001,4613
465.4613,213.9319,2:38:36:083141,4629
465.9778,213.0573,2:38:36:086997,4625
466.4451,213.0573,2:38:36:090998,4624
466.7894,211.9496,2:38:36:095739,4615
466.7894,211.3375,2:38:36:098757,4568
467.1829,210.6671,2:38:36:102758,4491
467.1829,209.88,2:38:36:106917,4368
467.1829,209.1512,2:38:36:110947,4199
467.1829,208.4808,2:38:36:115917,4013
466.3221,207.8395,2:38:36:119922,3802
465.8056,207.2565,2:38:36:122917,3561
465.1662,206.7027,2:38:36:126918,3298
464.453,206.2071,2:38:36:131904,3007
463.6414,205.799,2:38:36:134928,2697
462.8052,205.5658,2:38:36:138923,2382
461.8706,205.3618,2:38:36:143922,2027
460.8377,205.3618,2:38:36:146924,1614
459.8047,205.3618,2:38:36:150924,1139
458.7472,205.3618,2:38:36:156045,668
457.6159,205.3618,2:38:36:160074,309
456.4354,205.3618,2:38:36:163068,0
455.1565,205.3618,2:38:36:168060,0
453.7793,205.3618,2:38:36:171068,0
452.3774,205.3618,2:38:36:175063,0
450.8772,205.3618,2:38:36:180010,0
449.1802,205.3618,2:38:36:183019,0
447.3603,205.3618,2:38:36:187021,0
445.442,205.3618,2:38:36:191696,0
443.4007,205.3618,2:38:36:195057,0
441.1873,205.3618,2:38:36:199058,0
438.7771,205.3618,2:38:36:203991,0
436.2193,204.5455,2:38:36:207009,0
433.5878,204.5455,2:38:36:211010,0
430.8087,203.8168,2:38:36:215141,0
427.9066,203.8168,2:38:36:219010,0
424.9062,203.0006,2:38:36:223009,0
421.8566,202.5925,2:38:36:227009,0
418.684,202.1844,2:38:36:231015,0
415.536,201.8055,2:38:36:235010,0
412.3634,201.4848,2:38:36:239785,0
409.0186,201.2224,2:38:36:242801,0
405.6739,200.9892,2:38:36:246808,0
402.2554,200.9892,2:38:36:250803,0
398.7877,200.9018,2:38:36:254803,0
395.2462,200.9018,2:38:36:259324,0
391.7047,200.9018,2:38:36:263180,0
388.114,200.9018,2:38:36:267180,0
384.5233,201.6597,2:38:36:271627,0
380.9572,201.6597,2:38:36:275642,0
377.3665,202.301,2:38:36:279648,0
373.8742,202.301,2:38:36:283535,0
370.4065,202.9131,2:38:36:287551,0
367.0371,202.9131,2:38:36:291552,0
363.6924,202.9131,2:38:36:295846,0
360.4706,203.4379,2:38:36:298864,0
357.3718,203.4379,2:38:36:302864,0
354.4205,203.4379,2:38:36:307866,0
351.5923,203.7294,2:38:36:311350,0
348.8623,203.7294,2:38:36:315482,0
346.157,204.0208,2:38:36:319797,0
343.5993,204.2832,2:38:36:322815,0
341.0415,204.6039,2:38:36:326816,0
338.6313,204.9245,2:38:36:331813,0
336.2704,205.3326,2:38:36:334821,0
334.0569,205.7407,2:38:36:338816,0
331.991,206.1488,2:38:36:343767,0
330.1219,206.5278,2:38:36:347781,0
328.4249,206.8775,2:38:36:350791,0
327.0231,207.0816,2:38:36:356564,0
325.9164,207.1399,2:38:36:359588,0
324.9572,207.1399,2:38:36:363587,2399
324.2194,207.1399,2:38:36:367589,2401
323.6783,207.1399,2:38:36:371588,2408
323.2603,207.1399,2:38:36:375586,2414
322.9897,206.3237,2:38:36:379587,2418
322.8914,206.3237,2:38:36:383620,2427
322.8914,205.7699,2:38:36:388620,2427
322.8914,205.7699,2:38:36:391853,2444
322.8914,205.7699,2:38:36:394868,2507
323.8997,205.0994,2:38:36:398872,2592
324.6375,205.0994,2:38:36:402871,2703
325.6458,204.5455,2:38:36:406872,2824
326.9001,204.2249,2:38:36:410872,2934
328.4987,203.8459,2:38:36:415696,3043
330.4908,203.4379,2:38:36:418721,3144
332.901,203.0298,2:38:36:422716,3228
335.6063,202.5051,2:38:36:426716,3285
338.7543,202.0095,2:38:36:431715,3325
342.2712,201.3974,2:38:36:434719,3356
346.1324,200.7269,2:38:36:440644,3385
350.4855,200.0273,2:38:36:443645,3416
355.2321,199.3277,2:38:36:447645,3444
360.4214,198.5698,2:38:36:451650,3494
365.9304,197.7536,2:38:36:455646,3540
371.7837,196.8791,2:38:36:459649,3591
378.0551,196.0046,2:38:36:463600,3647
384.6708,195.0718,2:38:36:467621,3683
391.6063,194.1098,2:38:36:471620,3740
398.7385,193.1187,2:38:36:475621,3801
405.8953,192.0402,2:38:36:479616,3859
413.1258,190.9908,2:38:36:483618,3935
420.381,189.9706,2:38:36:488083,3997
427.6361,188.8629,2:38:36:491102,4055
434.7191,187.7843,2:38:36:495102,4125
441.6546,186.6766,2:38:36:499120,4181
448.5162,185.6272,2:38:36:503102,4254
455.2795,184.6069,2:38:36:507102,4351
461.9936,183.645,2:38:36:511101,4456
468.4126,182.7413,2:38:36:515107,4566
474.7332,181.8669,2:38:36:519107,4653
480.8324,181.1089,2:38:36:523107,4720
486.6611,180.4385,2:38:36:527101,4778
492.1701,179.8555,2:38:36:531102,4830
497.2119,179.3891,2:38:36:535129,4887
501.8109,178.9227,2:38:36:539116,4936
505.8934,178.5729,2:38:36:543853,4962
509.5333,178.2814,2:38:36:547871,4982
512.5338,178.0773,2:38:36:550871,5000
515.0177,177.9316,2:38:36:554897,5007
516.9852,177.8733,2:38:36:558872,5016
518.4608,177.815,2:38:36:562871,5024
519.5184,177.7858,2:38:36:567618,5054
520.2316,177.7858,2:38:36:571637,5116
520.6497,177.7858,2:38:36:575637,5202
520.871,177.7858,2:38:36:579923,5302
520.9694,177.7858,2:38:36:582942,5377
520.9694,177.7858,2:38:36:586942,5422
520.9694,177.7858,2:38:36:590940,5451
520.2808,177.7858,2:38:36:594942,5433
520.2808,177.7858,2:38:36:598942,5336
519.42,177.7858,2:38:36:603459,5155
518.8052,177.7858,2:38:36:606890,4866
518.0919,177.7858,2:38:36:611890,4435
517.2065,178.6021,2:38:36:615567,3842
516.1736,178.6021,2:38:36:619583,3017
515.0915,179.5932,2:38:36:623218,1935
513.9356,180.2636,2:38:36:627216,1025
512.6075,181.1673,2:38:36:631219,0
511.3041,182.1292,2:38:36:635237,0
510.0252,183.1494,2:38:36:639571,0
508.7955,184.1989,2:38:36:643589,0
507.7134,185.1899,2:38:36:647590,0
506.7788,186.1227,2:38:36:651770,0
505.9918,186.8515,2:38:36:654790,0
505.3032,187.4928,2:38:36:659794,0
504.8359,187.9009,2:38:36:662787,0
504.467,188.1049,2:38:36:667784,0
504.1473,188.2215,2:38:36:670789,0
503.8767,188.2215,2:38:36:675839,0
503.5078,188.2507,2:38:36:678857,0
503.0898,188.2507,2:38:36:683856,0
502.6225,188.309,2:38:36:686857,0
502.1306,188.3673,2:38:36:690857,0
501.7863,188.513,2:38:36:695862,0
501.3928,188.6588,2:38:36:698875,0
501.0731,189.0086,2:38:36:702893,0
500.5812,189.5333,2:38:36:707761,0
499.7204,190.0871,2:38:36:710780,0
498.2448,190.845,2:38:36:714779,0
496.3511,191.7778,2:38:36:718817,0
493.6212,192.9147,2:38:36:722779,0
490.3994,194.2265,2:38:36:726784,0
490.3994,194.2265,2:38:36:745883,0
