290.8703,306.1042,2:52:40:899160,0
290.8703,306.1042,2:52:40:902184,0
290.8703,306.1042,2:52:40:906161,0
290.8703,305.2005,2:52:40:910164,0
290.8703,305.2005,2:52:40:916483,0
290.8703,304.4717,2:52:40:918029,0
290.8703,304.4717,2:52:40:922029,0
290.1817,303.743,2:52:40:926053,0
290.1817,303.743,2:52:40:930072,0
289.7635,303.743,2:52:40:934304,0
289.7635,303.743,2:52:40:938325,0
289.7635,303.743,2:52:40:942332,0
289.3701,303.743,2:52:40:946353,0
289.3701,304.3843,2:52:40:950352,0
289.3701,304.3843,2:52:40:953351,0
289.3701,305.5503,2:52:40:958350,0
289.3701,306.2499,2:52:40:961352,0
289.3701,306.9495,2:52:40:966351,0
290.1079,307.7365,2:52:40:970412,0
290.1079,308.4362,2:52:40:974265,0
290.6244,309.2232,2:52:40:978281,0
290.6244,309.9519,2:52:40:982313,0
291.1654,310.6516,2:52:40:986311,0
291.1654,311.2928,2:52:40:990311,0
291.6573,311.8759,2:52:40:993316,0
291.6573,312.4005,2:52:40:998773,0
292.1983,312.8669,2:52:41:001792,0
292.1983,313.2751,2:52:41:006207,0
292.5427,313.6248,2:52:41:010229,0
292.5427,313.8872,2:52:41:014230,0
292.6902,314.0621,2:52:41:018229,0
292.6902,314.2079,2:52:41:022757,0
292.6902,314.2079,2:52:41:025776,0
292.6902,314.2079,2:52:41:029775,0
292.6902,314.2079,2:52:41:033780,0
291.9524,314.2079,2:52:41:037976,0
291.9524,314.2079,2:52:41:041833,0
291.2884,313.2751,2:52:41:045837,0
291.2884,313.2751,2:52:41:049833,0
290.4768,312.4297,2:52:41:054180,0
290.0095,312.4297,2:52:41:058199,0
289.5176,311.4386,2:52:41:062269,0
289.0012,310.8847,2:52:41:066262,0
288.4847,310.2726,2:52:41:070263,0
287.9436,309.6313,2:52:41:074268,0
287.4026,308.8734,2:52:41:078263,0
286.8615,308.1447,2:52:41:082262,0
286.2958,307.2993,2:52:41:086267,0
285.7302,306.3665,2:52:41:090577,0
285.1891,305.3171,2:52:41:094595,0
284.6727,304.2094,2:52:41:097596,0
284.107,303.0725,2:52:41:101595,0
283.5659,301.8191,2:52:41:105595,0
283.0003,300.4782,2:52:41:109595,0
282.4838,299.1082,2:52:41:113595,0
281.9182,297.709,2:52:41:118597,0
281.3771,296.368,2:52:41:122328,0
280.8606,295.0563,2:52:41:125347,0
280.3195,293.8611,2:52:41:130429,0
279.8277,292.5786,2:52:41:133447,0
279.2866,291.3542,2:52:41:138450,0
278.8193,290.2466,2:52:41:141448,0
278.3521,289.168,2:52:41:145448,0
277.9094,288.1477,2:52:41:149453,0
277.5159,287.0692,2:52:41:154419,0
277.0978,286.049,2:52:41:158442,0
276.7535,284.9995,2:52:41:161441,0
276.4091,284.1542,2:52:41:165441,0
276.114,283.3088,2:52:41:170653,0
275.8189,282.5509,2:52:41:173653,0
275.573,281.8513,2:52:41:177653,0
275.327,281.2683,2:52:41:181653,0
275.1057,280.7145,2:52:41:186894,0
274.9581,280.219,2:52:41:189896,0
274.8597,279.7817,2:52:41:194500,0
274.786,279.2862,2:52:41:197520,0
274.7368,278.9363,2:52:41:202486,0
274.663,278.5574,2:52:41:205505,0
274.5646,278.2368,2:52:41:210509,0
274.4171,277.8578,2:52:41:213505,0
274.2203,277.4789,2:52:41:218505,1086
273.9744,277.1873,2:52:41:221526,1138
273.7039,276.925,2:52:41:226505,1233
273.3841,276.6918,2:52:41:229505,1343
273.1382,276.4878,2:52:41:233518,1452
272.9168,276.3128,2:52:41:237502,1514
272.7447,276.1379,2:52:41:242505,1519
272.6463,276.0797,2:52:41:246501,1519
272.5971,276.0797,2:52:41:249501,1505
272.5971,276.0797,2:52:41:254226,1496
272.5971,276.0797,2:52:41:258247,1496
272.5971,276.0797,2:52:41:262249,1492
272.5971,276.0797,2:52:41:266250,1496
273.3595,276.7501,2:52:41:270862,1496
273.3595,276.7501,2:52:41:275865,1505
274.1465,277.5663,2:52:41:277865,1510
274.663,278.1493,2:52:41:281940,1546
275.2533,278.8198,2:52:41:285862,1591
275.8927,279.6068,2:52:41:289861,1642
276.6059,280.4521,2:52:41:293880,1719
277.3437,281.4141,2:52:41:297865,1788
278.1799,282.4926,2:52:41:301864,1872
279.0161,283.6587,2:52:41:306053,1974
279.9261,284.9704,2:52:41:310068,2064
280.8606,286.3405,2:52:41:314072,2152
281.8444,287.8854,2:52:41:318272,2239
282.9265,289.6927,2:52:41:322322,2318
284.0086,291.7332,2:52:41:326321,2402
285.1891,294.0069,2:52:41:330333,2481
286.3942,296.4264,2:52:41:333371,2553
287.6731,299.079,2:52:41:337354,2624
289.0012,301.8774,2:52:41:342343,2701
290.403,304.8799,2:52:41:346340,2777
291.9032,307.9114,2:52:41:350342,2854
293.4526,310.9431,2:52:41:354341,2921
295.0266,313.9746,2:52:41:358341,2977
296.699,317.0645,2:52:41:362343,3035
298.4944,320.0962,2:52:41:366360,3070
300.3389,323.2735,2:52:41:370412,3105
302.2818,326.5674,2:52:41:374375,3128
304.2493,329.978,2:52:41:377904,3142
306.2168,333.5052,2:52:41:381923,3157
308.2089,337.0906,2:52:41:386925,3168
310.1764,340.6469,2:52:41:390922,3180
312.0947,344.1449,2:52:41:393935,3188
313.89,347.6137,2:52:41:397934,3196
315.6116,350.7911,2:52:41:402229,3206
317.2102,353.7353,2:52:41:406245,3211
318.735,356.5628,2:52:41:410247,3225
320.1368,359.128,2:52:41:414246,3234
321.3911,361.4891,2:52:41:418248,3236
322.5962,363.7337,2:52:41:422259,3223
323.6783,365.8908,2:52:41:426227,3169
324.6375,367.9313,2:52:41:430245,3098
325.5721,369.826,2:52:41:434247,2990
326.3837,371.5168,2:52:41:438360,2848
327.1215,373.0326,2:52:41:442381,2680
327.7363,374.3152,2:52:41:446394,2470
328.302,375.3937,2:52:41:450296,2216
328.7447,376.2099,2:52:41:454298,1933
329.1382,376.7637,2:52:41:458309,1580
329.4333,377.0261,2:52:41:462300,1137
329.5808,377.0261,2:52:41:466300,690
329.6054,377.0261,2:52:41:470305,324
329.6054,375.8893,2:52:41:474130,0
329.6054,374.9273,2:52:41:478149,0
328.9168,373.6739,2:52:41:482144,0
328.9168,372.1581,2:52:41:486164,0
327.7363,370.4673,2:52:41:490160,0
326.9493,368.66,2:52:41:494466,0
326.0147,366.7361,2:52:41:498505,0
325.0556,364.7831,2:52:41:501484,0
324.0226,362.7718,2:52:41:506485,0
322.9651,360.8187,2:52:41:509484,0
321.8584,358.8657,2:52:41:514484,0
320.8255,356.9709,2:52:41:518436,0
319.7925,355.0179,2:52:41:522455,0
318.858,353.1231,2:52:41:525460,0
317.9234,351.2575,2:52:41:530451,0
317.0626,349.4793,2:52:41:533456,0
316.251,347.7595,2:52:41:538455,0
315.4394,346.0688,2:52:41:542229,0
314.7016,344.4073,2:52:41:546249,0
313.9884,342.8332,2:52:41:550283,0
313.2752,341.3174,2:52:41:554273,0
312.6111,339.8015,2:52:41:558250,0
311.9963,338.3441,2:52:41:562263,0
311.4061,336.9449,2:52:41:566255,0
310.8158,335.5748,2:52:41:570245,0
310.2747,334.2339,2:52:41:574243,0
309.7583,332.9513,2:52:41:578251,0
309.2664,331.727,2:52:41:582739,0
308.8483,330.5319,2:52:41:585758,0
308.4302,329.395,2:52:41:589762,0
308.0367,328.2873,2:52:41:593757,0
307.6432,327.2379,2:52:41:597772,0
307.2497,326.2468,2:52:41:601757,0
306.8316,325.314,2:52:41:606752,0
306.4381,324.4687,2:52:41:609770,0
305.9955,323.6816,2:52:41:613762,0
305.479,323.0111,2:52:41:617782,0
304.8641,322.399,2:52:41:621757,0
304.0525,321.7868,2:52:41:625757,0
303.2163,321.2039,2:52:41:629757,1428
302.208,320.6791,2:52:41:633758,1433
301.1259,320.2127,2:52:41:637757,1452
299.8962,319.8047,2:52:41:641757,1506
298.6665,319.3965,2:52:41:645757,1573
297.3384,319.0176,2:52:41:649707,1632
296.0104,318.7261,2:52:41:653702,1680
294.7807,318.4637,2:52:41:658697,1693
293.5018,318.2888,2:52:41:662076,1693
292.2967,318.1722,2:52:41:667096,1697
291.1408,318.0556,2:52:41:670097,1703
289.9357,317.9973,2:52:41:673621,1708
288.829,317.9099,2:52:41:677670,1708
287.6731,317.9099,2:52:41:682639,1717
286.5172,317.9099,2:52:41:686637,1717
285.3613,317.9099,2:52:41:690644,1714
284.2054,317.9099,2:52:41:694662,1716
282.9757,317.9099,2:52:41:698488,1709
281.6968,317.9099,2:52:41:701510,1714
280.3933,318.7844,2:52:41:705529,1719
279.0161,318.7844,2:52:41:709505,1724
277.5159,319.5423,2:52:41:713506,1726
275.9419,320.067,2:52:41:717506,1716
274.3679,320.6208,2:52:41:722074,1715
272.7447,321.2913,2:52:41:726141,1715
271.0969,322.0201,2:52:41:730140,1715
269.5229,322.8654,2:52:41:734179,1721
267.8997,323.8565,2:52:41:738143,1740
266.3503,324.8767,2:52:41:742144,1774
264.9239,326.0136,2:52:41:746345,1810
263.6204,327.3545,2:52:41:749361,1854
262.3415,328.8994,2:52:41:754361,1893
261.1364,330.561,2:52:41:757946,1920
260.0543,332.4849,2:52:41:761958,1962
259.046,334.5254,2:52:41:766959,2000
258.1852,336.7408,2:52:41:770559,2036
257.3982,339.2477,2:52:41:774524,2083
256.7096,341.7838,2:52:41:778545,2129
256.1193,344.4073,2:52:41:782556,2186
255.652,347.0891,2:52:41:786568,2248
255.3077,349.8583,2:52:41:790527,2298
255.0618,352.5984,2:52:41:794129,2341
254.988,355.4259,2:52:41:798143,2383
254.988,358.2535,2:52:41:802144,2406
254.988,361.2268,2:52:41:806148,2430
254.988,364.2584,2:52:41:810158,2450
255.9963,367.4066,2:52:41:814179,2460
256.6112,370.6714,2:52:41:818439,2465
257.3736,373.8779,2:52:41:822457,2473
258.2344,377.1427,2:52:41:826453,2484
259.2427,380.3784,2:52:41:829905,2486
260.3248,383.5557,2:52:41:833907,2496
261.5791,386.4998,2:52:41:838942,2506
262.8826,389.2982,2:52:41:841910,2515
264.2599,391.8343,2:52:41:846188,2526
265.7355,394.1663,2:52:41:850225,2537
267.2603,396.2943,2:52:41:854225,2549
268.8835,398.0724,2:52:41:858206,2556
270.5558,399.6757,2:52:41:862205,2565
272.2282,401.0457,2:52:41:866204,2568
273.9006,402.2117,2:52:41:870525,2562
275.5484,403.2028,2:52:41:873530,2531
277.1962,403.9898,2:52:41:878529,2459
278.7947,404.5437,2:52:41:882554,2343
280.295,404.8643,2:52:41:886530,2152
281.7706,405.0684,2:52:41:890544,1879
283.1233,405.0684,2:52:41:894089,1498
284.4513,405.0684,2:52:41:897679,1027
285.7056,404.1064,2:52:41:902648,583
286.8123,403.2028,2:52:41:905647,245
287.919,402.0659,2:52:41:912647,0
288.8782,400.6085,2:52:41:914671,0
289.7144,398.9178,2:52:41:919276,0
290.4768,396.9064,2:52:41:922260,0
291.0916,394.7202,2:52:41:926262,0
291.5589,392.2133,2:52:41:931258,0
291.9524,389.5023,2:52:41:934255,0
292.2475,386.6165,2:52:41:938265,0
292.4443,383.4974,2:52:41:942278,0
292.5673,380.1743,2:52:41:946687,0
292.6656,376.7637,2:52:41:949705,0
292.764,373.2075,2:52:41:953706,0
292.8378,369.4471,2:52:41:957705,0
292.9362,365.5118,2:52:41:961706,0
293.1329,361.5183,2:52:41:966058,0
293.3788,357.379,2:52:41:969756,0
293.6494,353.1523,2:52:41:973747,0
294.0429,348.8964,2:52:41:978726,0
294.5348,344.4073,2:52:41:981755,0
295.1496,339.7433,2:52:41:986059,0
295.912,335.0793,2:52:41:989783,0
296.699,330.2986,2:52:41:993784,0
297.4614,325.6055,2:52:41:997784,0
298.396,320.8249,2:52:42:002784,0
299.4043,316.1609,2:52:42:006056,0
300.511,311.4386,2:52:42:009848,0
301.6669,306.8037,2:52:42:013875,0
302.8474,302.4312,2:52:42:017852,0
304.0279,298.1462,2:52:42:022056,0
305.2822,294.0069,2:52:42:026101,0
306.6349,289.9259,2:52:42:030543,0
307.9384,286.1364,2:52:42:033561,0
309.2664,282.4926,2:52:42:037560,0
310.5699,279.1112,2:52:42:042562,0
311.775,275.9922,2:52:42:045561,0
312.9309,273.048,2:52:42:050409,0
314.0868,270.3371,2:52:42:054428,0
315.1935,267.8302,2:52:42:058446,0
316.2018,265.4107,2:52:42:061453,0
317.161,263.0496,2:52:42:065432,0
318.0464,260.8633,2:52:42:070851,0
318.9318,258.6771,2:52:42:073870,0
319.7679,256.4908,2:52:42:077872,0
320.5549,254.392,2:52:42:081902,0
321.3665,252.3515,2:52:42:087296,0
322.1043,250.3985,2:52:42:090315,0
322.8668,248.5038,2:52:42:094315,0
323.6046,246.7839,2:52:42:098316,0
324.367,245.1223,2:52:42:103314,0
325.0802,243.6357,2:52:42:106317,0
325.7688,242.3239,2:52:42:110755,0
326.482,241.2162,2:52:42:113775,0
327.0723,240.2543,2:52:42:117772,0
327.6871,239.3506,2:52:42:121778,0
328.056,238.4762,2:52:42:125779,0
328.2774,237.5434,2:52:42:129773,1925
328.3266,236.7271,2:52:42:134123,1921
328.3266,235.9401,2:52:42:138140,1949
328.3266,235.1822,2:52:42:142157,2006
328.3266,234.4534,2:52:42:146523,2073
328.3266,233.8121,2:52:42:149525,2149
327.5887,233.1709,2:52:42:153544,2194
327.5887,232.617,2:52:42:157524,2207
327.5887,232.0923,2:52:42:161527,2217
327.5887,231.4801,2:52:42:166520,2216
327.5887,230.8097,2:52:42:169952,2219
328.6217,230.0518,2:52:42:174978,2221
329.2611,229.2065,2:52:42:178968,2215
330.1219,228.2153,2:52:42:181971,2224
331.204,227.1368,2:52:42:185970,2230
332.4829,226.0291,2:52:42:190973,2235
333.8602,224.9797,2:52:42:193974,2243
335.385,224.076,2:52:42:197970,2243
336.9836,223.1724,2:52:42:201970,2243
338.7051,222.3853,2:52:42:206500,2250
340.4513,221.8024,2:52:42:210518,2251
342.1729,221.4234,2:52:42:213519,2248
343.8452,221.3651,2:52:42:217523,2258
345.5176,221.3651,2:52:42:221518,2258
347.0916,221.3651,2:52:42:225518,2269
348.6656,222.6185,2:52:42:230125,2284
350.1904,223.668,2:52:42:234140,2290
351.666,225.038,2:52:42:238139,2296
353.0925,226.6996,2:52:42:242143,2301
354.4697,228.6817,2:52:42:246139,2308
355.7486,230.9263,2:52:42:250139,2314
357.0275,233.3166,2:52:42:254123,2327
358.2326,235.8818,2:52:42:259167,2336
359.2901,238.5053,2:52:42:262145,2344
360.2492,241.2162,2:52:42:266147,2351
361.1346,244.0146,2:52:42:270141,2358
361.897,246.7839,2:52:42:274142,2371
362.5611,249.6698,2:52:42:278164,2384
363.0529,252.6722,2:52:42:282140,2386
363.3727,255.7621,2:52:42:286171,2389
363.4956,258.852,2:52:42:290124,2380
363.4956,262.0002,2:52:42:294138,2369
363.4956,265.1484,2:52:42:298139,2357
363.4956,268.2675,2:52:42:302319,2347
362.4135,271.299,2:52:42:306339,2330
361.6511,274.1558,2:52:42:310372,2313
360.6919,276.8084,2:52:42:314336,2296
359.6344,279.257,2:52:42:318337,2273
358.4539,281.5598,2:52:42:322347,2253
357.1013,283.6587,2:52:42:326385,2225
355.601,285.5826,2:52:42:330413,2190
354.0024,287.2441,2:52:42:334447,2161
352.33,288.8182,2:52:42:338131,2139
350.5593,290.2174,2:52:42:342160,2121
348.764,291.4417,2:52:42:346147,2113
346.8211,292.5494,2:52:42:350149,2108
344.829,293.4822,2:52:42:354160,2097
342.7631,294.1818,2:52:42:358152,2094
340.6726,294.7357,2:52:42:362158,2087
338.533,295.2312,2:52:42:366174,2074
336.5409,295.4644,2:52:42:370184,2068
334.5734,295.5518,2:52:42:373677,2060
332.778,295.5518,2:52:42:377695,2061
331.0811,295.5518,2:52:42:381695,2062
329.5808,294.8231,2:52:42:386060,2067
328.2774,294.8231,2:52:42:390097,2073
327.1953,293.8611,2:52:42:394097,2091
326.3591,293.8611,2:52:42:398078,2110
325.6458,292.8409,2:52:42:402110,2128
325.1048,292.8409,2:52:42:406103,2152
324.7359,292.083,2:52:42:410392,2163
324.5145,292.083,2:52:42:416458,2170
324.4162,291.5,2:52:42:418439,2170
324.4162,291.5,2:52:42:422439,2162
324.4162,291.1211,2:52:42:425435,2162
324.4162,291.1211,2:52:42:430440,2159
325.3015,290.7421,2:52:42:434615,2157
325.8672,290.7421,2:52:42:438635,2152
326.5804,290.3632,2:52:42:442635,2147
327.4166,290.2174,2:52:42:446080,2152
328.4987,290.1008,2:52:42:450064,2158
329.7284,290.1008,2:52:42:454060,2170
331.1302,289.9842,2:52:42:458057,2172
332.8026,289.9842,2:52:42:463085,2181
334.5734,289.9842,2:52:42:468064,2203
336.5163,289.9842,2:52:42:470057,2219
338.533,289.9842,2:52:42:474078,2257
340.7218,289.9842,2:52:42:480081,2290
342.9106,289.9842,2:52:42:483060,2321
345.1733,290.7712,2:52:42:486058,2367
347.3867,290.7712,2:52:42:490068,2404
349.6248,291.5875,2:52:42:494443,2437
351.8874,292.1413,2:52:42:497973,2465
354.1746,292.8409,2:52:42:501973,2487
356.4618,293.628,2:52:42:505994,2499
358.8474,294.4733,2:52:42:509990,2509
361.356,295.5227,2:52:42:513994,2519
363.8645,296.747,2:52:42:517988,2523
366.3977,297.9421,2:52:42:521989,2534
368.9308,299.2831,2:52:42:525991,2548
371.4394,300.6531,2:52:42:530025,2558
373.8988,302.0232,2:52:42:534025,2567
376.2844,303.3932,2:52:42:538026,2575
378.4732,304.7632,2:52:42:542070,2579
380.4899,306.075,2:52:42:546689,2585
382.4082,307.3285,2:52:42:550696,2588
384.179,308.4653,2:52:42:554228,2579
385.8268,309.5147,2:52:42:558231,2545
387.4254,310.4767,2:52:42:562228,2459
388.8764,311.2928,2:52:42:567223,2316
390.1552,311.9925,2:52:42:570248,2105
391.3604,312.6046,2:52:42:574282,1784
392.4917,313.0127,2:52:42:578266,1372
393.5492,313.2751,2:52:42:582274,876
394.5083,313.3333,2:52:42:586265,451
395.3691,313.3333,2:52:42:590262,159
396.1069,313.3333,2:52:42:594154,0
396.7464,311.9633,2:52:42:598175,0
397.3366,310.9139,2:52:42:602215,0
397.8039,309.6313,2:52:42:606151,0
398.099,308.028,2:52:42:610175,0
398.2466,306.1333,2:52:42:614173,0
398.2466,304.0345,2:52:42:618486,0
398.2466,301.5859,2:52:42:621504,0
398.2466,299.0207,2:52:42:625504,0
397.4842,296.2514,2:52:42:629508,0
397.4842,293.249,2:52:42:634502,0
396.4758,290.1008,2:52:42:638500,0
395.8856,286.836,2:52:42:642057,0
395.3691,283.4546,2:52:42:645710,0
394.8527,279.9566,2:52:42:649711,0
394.4346,276.4878,2:52:42:653710,0
394.0411,272.9023,2:52:42:657710,0
394.0411,269.346,2:52:42:661720,0
393.5492,265.848,2:52:42:665743,0
393.5492,262.4083,2:52:42:669743,0
393.5492,258.9977,2:52:42:674054,0
393.5492,255.7621,2:52:42:677801,0
393.5492,252.5556,2:52:42:681807,0
393.5492,249.6115,2:52:42:685801,0
393.5492,246.8714,2:52:42:690803,0
393.5492,244.3645,2:52:42:693805,0
393.5492,242.0325,2:52:42:697827,0
393.5492,239.9045,2:52:42:702053,0
393.5492,238.1263,2:52:42:705824,0
394.1394,236.5814,2:52:42:709826,0
394.1394,235.3279,2:52:42:713824,0
394.7297,234.2202,2:52:42:718677,0
394.7297,233.3457,2:52:42:721727,0
395.4183,232.6753,2:52:42:726698,0
395.4183,232.1214,2:52:42:729700,0
396.0086,231.7717,2:52:42:734719,0
396.0086,231.5385,2:52:42:737754,0
396.4513,231.4801,2:52:42:741737,0
396.4513,231.4801,2:52:42:745736,0
396.6972,231.4801,2:52:42:750526,0
396.6972,231.4801,2:52:42:754564,0
396.6972,231.4801,2:52:42:757550,0
396.6972,232.1797,2:52:42:761821,0
396.6972,232.1797,2:52:42:765825,2230
395.8856,232.1797,2:52:42:769827,2238
395.8856,232.1797,2:52:42:773831,2245
395.2708,232.1797,2:52:42:777827,2242
395.2708,232.1797,2:52:42:781826,2236
394.6805,232.1797,2:52:42:786826,2224
394.6805,232.1797,2:52:42:789823,2211
394.6805,232.1797,2:52:42:794820,2210
394.6805,233.1417,2:52:42:797839,2213
394.6805,233.1417,2:52:42:802827,2216
394.6805,234.3951,2:52:42:805827,2227
395.4183,235.2405,2:52:42:810132,2236
395.4183,236.2316,2:52:42:814148,2246
396.1807,237.3102,2:52:42:818153,2249
396.1807,238.5053,2:52:42:822125,2238
396.9431,239.6713,2:52:42:826139,2222
396.9431,240.8956,2:52:42:830155,2192
397.558,242.1199,2:52:42:834144,2160
397.558,243.3734,2:52:42:838139,2123
397.558,244.6851,2:52:42:842139,2077
397.558,245.9386,2:52:42:846139,2026
397.558,247.2794,2:52:42:850138,1986
397.558,248.6203,2:52:42:854139,1952
396.4267,249.903,2:52:42:858518,1945
395.7872,251.1564,2:52:42:862536,1948
395.074,252.4099,2:52:42:866539,1946
394.2378,253.6342,2:52:42:870544,1952
393.3279,254.8002,2:52:42:874555,1942
392.4179,255.9079,2:52:42:878537,1941
391.4587,256.9281,2:52:42:882013,1940
390.5242,257.8609,2:52:42:886026,1929
389.6142,258.7062,2:52:42:890026,1928
388.5812,259.4933,2:52:42:894377,1927
387.6221,260.1346,2:52:42:898418,1921
386.6383,260.6302,2:52:42:902371,1925
385.6792,260.9799,2:52:42:906406,1922
384.72,261.184,2:52:42:910368,1914
383.8101,261.2423,2:52:42:914365,1907
382.8263,261.2423,2:52:42:918450,1901
381.9409,261.2423,2:52:42:921473,1891
381.0556,260.4844,2:52:42:927472,1899
380.1702,260.4844,2:52:42:930471,1899
379.334,259.3475,2:52:42:935477,1903
378.4978,258.6479,2:52:42:938483,1910
377.6616,257.8609,2:52:42:941873,1905
376.85,257.1321,2:52:42:945871,1912
376.063,256.3451,2:52:42:949862,1905
375.276,255.558,2:52:42:953871,1891
374.5628,254.7127,2:52:42:957879,1881
373.8496,253.9256,2:52:42:961908,1867
373.161,253.1678,2:52:42:966866,1861
372.5707,252.3515,2:52:42:969865,1862
372.0051,251.5354,2:52:42:974820,1869
371.5624,250.6317,2:52:42:978846,1869
371.1935,249.7863,2:52:42:981833,1873
370.9475,248.9118,2:52:42:986850,1871
370.7262,248.0956,2:52:42:990836,1864
370.6524,247.2503,2:52:42:993840,1865
370.6524,246.4341,2:52:42:997837,1864
370.6524,245.647,2:52:43:002338,1858
370.6524,244.9183,2:52:43:006517,1850
370.6524,244.1604,2:52:43:010064,1842
371.5624,243.4317,2:52:43:014074,1837
371.5624,242.6738,2:52:43:018066,1840
372.5953,241.945,2:52:43:022069,1843
373.2839,241.1579,2:52:43:026320,1847
374.0709,240.4583,2:52:43:030351,1851
374.9563,239.6713,2:52:43:034338,1859
375.9401,238.9717,2:52:43:037341,1864
376.973,238.2721,2:52:43:042338,1868
378.0305,237.6017,2:52:43:046338,1869
379.1864,237.0186,2:52:43:049343,1865
380.3177,236.4648,2:52:43:054338,1857
381.4737,235.9693,2:52:43:058338,1854
382.6296,235.5903,2:52:43:062228,1858
383.8101,235.2697,2:52:43:066759,1867
384.9906,235.0073,2:52:43:070763,1879
386.2202,234.8615,2:52:43:073756,1887
387.45,234.7741,2:52:43:077777,1897
388.7042,234.7741,2:52:43:081757,1918
389.9585,234.7741,2:52:43:085755,1955
391.262,234.7741,2:52:43:089756,1998
392.6146,234.7741,2:52:43:093756,2044
393.9919,235.6777,2:52:43:097760,2082
395.3691,235.6777,2:52:43:101756,2116
396.771,236.698,2:52:43:105756,2143
398.1482,237.3102,2:52:43:109761,2166
399.4763,238.0681,2:52:43:113756,2190
400.9027,238.8842,2:52:43:117755,2210
402.2062,239.7879,2:52:43:121835,2241
403.4605,240.7498,2:52:43:125852,2263
404.641,241.7993,2:52:43:129852,2283
405.7723,242.907,2:52:43:134104,2303
406.8544,244.1021,2:52:43:137657,2315
407.8873,245.3264,2:52:43:142675,2335
408.8465,246.609,2:52:43:145656,2348
409.8303,247.979,2:52:43:150671,2361
410.7402,249.3491,2:52:43:154713,2373
411.6256,250.7483,2:52:43:158405,2390
412.511,252.2058,2:52:43:162448,2402
413.3226,253.6924,2:52:43:166428,2420
414.1342,255.2957,2:52:43:170424,2433
414.9211,256.899,2:52:43:174424,2435
415.6344,258.5605,2:52:43:178420,2435
416.323,260.1929,2:52:43:182005,2434
417.0116,261.8545,2:52:43:187025,2438
417.6019,263.5743,2:52:43:190024,2440
418.1921,265.2358,2:52:43:194053,2452
418.7824,266.8099,2:52:43:198067,2456
419.3234,268.3257,2:52:43:202108,2453
419.8153,269.6958,2:52:43:206052,2454
420.3564,271.0075,2:52:43:210093,2419
420.8482,272.1444,2:52:43:214096,2339
421.3401,273.1938,2:52:43:218070,2189
421.7828,274.0392,2:52:43:222068,1938
422.2501,274.7387,2:52:43:226095,1572
422.6928,275.2926,2:52:43:230275,1088
423.1109,275.6424,2:52:43:234307,627
423.406,275.7299,2:52:43:238299,266
423.7257,275.7299,2:52:43:242293,0
423.9716,275.7299,2:52:43:246292,0
424.0946,274.5347,2:52:43:250293,0
424.1192,273.5144,2:52:43:254051,0
424.1192,272.2027,2:52:43:258070,0
424.1192,270.5995,2:52:43:262077,0
423.5044,268.7921,2:52:43:266065,0
423.5044,266.6642,2:52:43:271763,0
422.496,264.3322,2:52:43:274893,0
421.9058,261.9419,2:52:43:277876,0
421.2909,259.3475,2:52:43:281881,0
420.7007,256.6075,2:52:43:286009,0
420.1596,253.7799,2:52:43:290028,0
419.6924,250.9523,2:52:43:294025,0
419.3234,248.0082,2:52:43:298025,0
419.3234,245.0932,2:52:43:303855,0
419.3234,242.1782,2:52:43:305847,0
419.3234,239.2049,2:52:43:309851,0
419.3234,236.319,2:52:43:313846,0
419.3234,233.3457,2:52:43:317847,0
420.1104,230.6931,2:52:43:322418,0
420.1104,227.3117,2:52:43:325436,0
420.1104,227.3117,2:52:43:344122,0
445.442,169.8571,2:52:43:448325,0
445.442,169.8571,2:52:43:452359,0
445.442,169.8571,2:52:43:456319,0
445.442,169.8571,2:52:43:460285,0
445.442,169.8571,2:52:43:464305,0
445.442,169.8571,2:52:43:468304,0
445.442,170.6441,2:52:43:472396,0
445.442,170.6441,2:52:43:475398,0
444.7534,170.6441,2:52:43:479397,0
444.1877,171.198,2:52:43:484394,0
443.5975,171.198,2:52:43:488398,0
442.9334,171.198,2:52:43:491398,0
442.171,171.7809,2:52:43:496678,0
441.4578,171.7809,2:52:43:499680,0
440.6954,172.1599,2:52:43:504678,0
439.9084,172.1599,2:52:43:507675,0
439.1214,172.4805,2:52:43:511676,0
438.4082,172.4805,2:52:43:515675,0
437.6458,172.6555,2:52:43:520280,0
436.9326,172.6555,2:52:43:524300,0
436.2439,172.6555,2:52:43:528301,0
435.5061,172.6555,2:52:43:532300,0
434.8175,172.6555,2:52:43:535298,0
434.1289,172.6555,2:52:43:540299,0
433.3665,172.6555,2:52:43:544340,0
432.6779,172.6555,2:52:43:547344,0
432.063,172.6555,2:52:43:551349,0
431.3252,172.6555,2:52:43:556343,0
430.5874,172.6555,2:52:43:559345,0
429.9479,172.6555,2:52:43:563343,0
429.2593,172.6555,2:52:43:568162,0
428.4723,173.4425,2:52:43:572181,0
427.7099,173.4425,2:52:43:576207,0
426.9475,174.4044,2:52:43:580245,0
426.1851,175.0457,2:52:43:584226,0
425.4719,175.5996,2:52:43:588226,0
424.6849,176.2701,2:52:43:592616,0
423.7257,176.9113,2:52:43:595635,0
422.8895,177.4069,2:52:43:599635,0
422.1517,177.9025,2:52:43:603635,0
421.3401,178.194,2:52:43:607635,0
420.5039,178.194,2:52:43:611635,0
419.6432,178.5729,2:52:43:616405,0
418.8562,178.5729,2:52:43:619423,0
418.1675,178.5729,2:52:43:623451,0
417.6019,178.5729,2:52:43:628425,0
416.9378,178.5729,2:52:43:631437,0
416.2984,178.5729,2:52:43:635424,0
415.8311,178.5729,2:52:43:640564,0
415.3147,178.5729,2:52:43:643587,0
414.7982,178.5729,2:52:43:647582,0
414.2817,178.5729,2:52:43:652582,0
413.7899,178.5729,2:52:43:655587,0
413.3472,178.5729,2:52:43:659582,0
412.8799,178.5729,2:52:43:664807,0
412.4126,178.5729,2:52:43:668333,0
411.9699,178.5729,2:52:43:671338,0
411.5518,178.5729,2:52:43:676329,0
411.1583,178.5729,2:52:43:680330,0
410.7894,178.5729,2:52:43:684346,0
410.4451,178.5729,2:52:43:688334,0
410.1008,178.5729,2:52:43:692331,0
409.8549,178.5729,2:52:43:696342,0
409.6335,178.5729,2:52:43:699361,0
409.4122,177.815,2:52:43:703361,0
409.1908,177.815,2:52:43:707918,0
409.0432,177.0571,2:52:43:711918,0
408.9203,177.0571,2:52:43:715918,0
408.7727,176.0368,2:52:43:719917,0
408.6006,175.483,2:52:43:723918,0
408.5022,175.0166,2:52:43:727918,0
408.4284,174.5793,2:52:43:731953,0
408.33,174.0546,2:52:43:735961,0
408.2317,173.6757,2:52:43:739923,0
408.1333,173.2676,2:52:43:743915,0
408.0841,172.9469,2:52:43:747920,0
408.0349,172.6846,2:52:43:751918,0
408.0349,172.4223,2:52:43:755920,0
408.0103,172.1891,2:52:43:760039,0
407.9857,172.0141,2:52:43:763945,0
407.9611,171.8684,2:52:43:767944,0
407.9611,171.7518,2:52:43:771945,0
407.9611,171.6352,2:52:43:776593,0
407.9611,171.5769,2:52:43:779612,0
407.9611,171.4603,2:52:43:783633,0
407.9119,171.3728,2:52:43:787617,0
407.9119,171.2271,2:52:43:791611,0
407.9119,171.0813,2:52:43:795609,0
407.9119,170.9064,2:52:43:800610,0
407.9119,170.6732,2:52:43:803616,0
407.8628,170.4692,2:52:43:807617,0
407.7398,170.236,2:52:43:811617,0
407.5676,170.0611,2:52:43:816416,0
407.3955,169.9153,2:52:43:819435,0
407.1003,169.7404,2:52:43:823435,0
406.8544,169.7404,2:52:43:828164,0
406.5101,169.7113,2:52:43:832185,0
406.1412,169.7113,2:52:43:836466,0
405.7231,169.7113,2:52:43:840481,0
405.3296,169.7113,2:52:43:844502,0
404.9115,170.3817,2:52:43:847485,0
404.5426,170.3817,2:52:43:851483,0
404.1737,170.3817,2:52:43:855485,0
403.8048,171.198,2:52:43:859491,0
403.4113,171.198,2:52:43:863485,0
403.067,171.7227,2:52:43:867489,0
402.6981,171.7227,2:52:43:872377,0
402.3046,171.7227,2:52:43:875397,1853
401.8865,171.7227,2:52:43:879396,1853
401.5175,171.7227,2:52:43:883396,1852
401.1978,171.7227,2:52:43:887397,1856
400.9027,171.7227,2:52:43:892396,1855
400.6814,171.7227,2:52:43:895396,1850
400.4846,171.7227,2:52:43:900073,1850
400.3617,171.1105,2:52:43:904093,1841
400.3617,171.1105,2:52:43:908093,1834
400.3617,171.1105,2:52:43:912093,1835
400.3617,171.1105,2:52:43:916092,1832
401.0749,171.1105,2:52:43:920355,1833
401.0749,171.8392,2:52:43:924377,1840
401.9111,171.8392,2:52:43:928377,1851
402.4521,172.7137,2:52:43:932374,1859
403.1161,173.355,2:52:43:936389,1861
403.731,174.0255,2:52:43:940416,1870
404.4442,174.7834,2:52:43:945400,1877
405.1328,175.6288,2:52:43:948378,1887
405.8461,176.5616,2:52:43:951377,1915
406.6085,177.4652,2:52:43:956295,1922
407.3463,178.4563,2:52:43:959314,1933
408.0841,179.5932,2:52:43:964314,1935
408.8219,180.9049,2:52:43:968314,1947
409.6089,182.2749,2:52:43:972314,1969
410.4205,183.8199,2:52:43:975313,1982
411.2567,185.4814,2:52:43:980467,2009
412.1421,187.2305,2:52:43:983487,2014
413.0766,189.1543,2:52:43:988488,2031
414.0604,191.0491,2:52:43:993486,2052
415.1425,192.8855,2:52:43:996496,2076
416.2492,194.6054,2:52:44:000489,2111
417.4543,196.2378,2:52:44:005487,2143
418.684,197.637,2:52:44:008488,2180
419.9629,198.8613,2:52:44:012485,2209
421.3401,199.8815,2:52:44:015485,2236
422.8158,200.6978,2:52:44:020488,2262
424.3406,201.3099,2:52:44:024485,2284
425.9637,201.6306,2:52:44:027896,2309
427.5869,201.7763,2:52:44:031913,2328
429.2839,201.7763,2:52:44:035912,2345
430.9809,201.7763,2:52:44:040063,2356
432.6779,200.9601,2:52:44:044111,2368
434.3502,200.2896,2:52:44:048105,2376
435.8996,199.4443,2:52:44:052063,2379
437.3998,198.3658,2:52:44:056102,2385
438.7771,197.1123,2:52:44:060103,2393
440.0806,195.6548,2:52:44:064270,2395
441.2365,193.9933,2:52:44:068238,2393
442.3432,192.1568,2:52:44:072235,2399
443.3023,190.1163,2:52:44:076235,2393
444.2123,188.0466,2:52:44:080238,2397
444.9993,185.8604,2:52:44:084235,2406
445.6879,183.6741,2:52:44:088380,2402
446.2536,181.4296,2:52:44:091428,2401
446.7455,179.2725,2:52:44:096401,2393
447.0898,177.0862,2:52:44:099399,2381
447.3357,174.9874,2:52:44:103420,2373
447.4587,172.9469,2:52:44:108397,2368
447.4587,170.819,2:52:44:111694,2361
447.4587,168.6911,2:52:44:115694,2355
447.4587,166.5048,2:52:44:119703,2348
446.7209,164.3185,2:52:44:124699,2359
446.7209,162.1031,2:52:44:128697,2380
445.6388,159.8586,2:52:44:131695,2416
444.9747,157.614,2:52:44:135698,2457
444.1877,155.3987,2:52:44:140703,2481
443.3023,153.2124,2:52:44:144708,2500
442.3924,151.1427,2:52:44:148132,2505
441.4086,149.248,2:52:44:152167,2510
440.3511,147.5282,2:52:44:156186,2515
439.269,145.9541,2:52:44:160151,2509
438.1623,144.5549,2:52:44:164179,2509
437.0555,143.3306,2:52:44:168179,2502
435.9734,142.2811,2:52:44:172065,2484
434.9651,141.465,2:52:44:176106,2474
434.0305,140.7945,2:52:44:180085,2465
433.1451,140.2115,2:52:44:184107,2437
432.4073,139.7159,2:52:44:188096,2383
431.7433,139.3953,2:52:44:192079,2289
431.276,139.1038,2:52:44:196693,2103
430.9071,138.9581,2:52:44:200707,1805
430.6366,138.8414,2:52:44:204733,1421
430.5136,138.754,2:52:44:207712,1003
430.5136,138.754,2:52:44:211711,612
430.5136,138.754,2:52:44:215711,315
430.5136,138.754,2:52:44:220124,140
431.1776,138.754,2:52:44:224147,0
431.1776,138.754,2:52:44:228148,0
432.063,139.4245,2:52:44:232144,0
432.6041,139.4245,2:52:44:236159,0
433.1451,139.4245,2:52:44:240164,0
433.76,139.4245,2:52:44:244067,0
434.3748,139.9783,2:52:44:247957,0
435.0388,139.9783,2:52:44:251956,0
435.7766,139.9783,2:52:44:256543,0
436.5637,139.9783,2:52:44:259563,0
437.3998,139.9783,2:52:44:264579,0
438.3098,139.1038,2:52:44:267605,0
439.2444,139.1038,2:52:44:271562,0
440.3019,137.8503,2:52:44:276562,0
441.4332,137.0341,2:52:44:280104,0
442.6629,136.0139,2:52:44:284158,0
443.8926,134.877,2:52:44:288151,0
445.2452,133.6236,2:52:44:292585,0
446.5979,132.2536,2:52:44:296115,0
447.9998,130.7961,2:52:44:300156,0
449.4508,129.2802,2:52:44:304170,0
450.9018,127.7353,2:52:44:308132,0
452.2053,126.132,2:52:44:312130,0
453.4842,124.5288,2:52:44:316659,0
454.7138,122.8964,2:52:44:320678,0
455.8452,121.2057,2:52:44:323678,0
456.9273,119.6024,2:52:44:327682,0
457.8618,117.97,2:52:44:331683,0
458.6734,116.3085,2:52:44:335678,0
459.4359,114.5886,2:52:44:339688,0
460.149,112.8397,2:52:44:344718,0
460.7639,111.2655,2:52:44:347716,0
461.3296,109.6331,2:52:44:352120,0
461.8214,108.0882,2:52:44:356135,0
462.2395,106.6015,2:52:44:360144,0
462.6084,105.2315,2:52:44:364388,0
462.9528,104.0072,2:52:44:367411,0
463.2479,102.9578,2:52:44:372407,0
463.4446,102.1124,2:52:44:375411,0
463.5676,101.3837,2:52:44:380414,0
463.666,100.6841,2:52:44:384403,0
463.666,100.0428,2:52:44:388406,0
463.666,99.4598,2:52:44:391407,2270
462.756,98.96425,2:52:44:396403,2285
462.756,98.527,2:52:44:400404,2331
461.6985,98.08975,2:52:44:404413,2411
461.1328,97.73995,2:52:44:408570,2494
460.6409,97.33185,2:52:44:412572,2559
460.1245,97.1278,2:52:44:416570,2588
460.1245,97.0112,2:52:44:420571,2583
459.6818,97.0112,2:52:44:424570,2576
459.6818,97.0112,2:52:44:428573,2577
459.6818,97.0112,2:52:44:431575,2582
459.6818,97.8857,2:52:44:435570,2595
460.5917,97.8857,2:52:44:440571,2607
460.5917,99.08085,2:52:44:444155,2616
461.6985,99.8679,2:52:44:448211,2626
462.4609,100.7716,2:52:44:452188,2630
463.3217,101.7918,2:52:44:456216,2637
464.3054,102.812,2:52:44:460397,2645
465.3629,103.9197,2:52:44:464416,2649
466.5434,105.2023,2:52:44:468659,2666
467.7977,106.5724,2:52:44:471682,2678
469.1504,108.0882,2:52:44:476833,2697
470.503,109.7789,2:52:44:479852,2721
471.9541,111.6445,2:52:44:483855,2753
473.4297,113.6267,2:52:44:487851,2818
474.9545,115.9296,2:52:44:492106,2892
476.4793,118.3198,2:52:44:497129,2985
478.0533,120.8559,2:52:44:500114,3077
479.6765,123.4794,2:52:44:505110,3155
481.2997,126.1903,2:52:44:511111,3233
482.9721,128.9888,2:52:44:513115,3295
484.7674,131.8746,2:52:44:516108,3357
486.6611,134.8188,2:52:44:521434,3405
488.5794,137.8795,2:52:44:525447,3440
490.4977,141.0277,2:52:44:528452,3473
492.4406,144.2342,2:52:44:532496,3488
494.3836,147.4407,2:52:44:536478,3505
496.2773,150.618,2:52:44:540484,3516
498.1218,153.6788,2:52:44:544453,3532
499.8434,156.623,2:52:44:547451,3541
501.4911,159.4214,2:52:44:552067,3554
503.0406,161.9283,2:52:44:556097,3566
504.4916,164.202,2:52:44:560087,3573
505.8442,166.2133,2:52:44:564096,3583
507.1231,168.0206,2:52:44:568274,3567
508.3036,169.5947,2:52:44:572294,3512
509.3611,171.0522,2:52:44:576289,3391
510.3695,172.3348,2:52:44:580294,3201
511.2795,173.4425,2:52:44:584436,2948
512.0173,174.4628,2:52:44:587455,2601
512.6567,175.3081,2:52:44:592451,2061
513.124,176.0952,2:52:44:595458,1355
513.3699,176.7073,2:52:44:600450,728
513.3699,177.2612,2:52:44:604456,0
513.3699,177.7276,2:52:44:607484,0
512.4354,178.0482,2:52:44:612450,0
511.3286,178.2814,2:52:44:616457,0
509.8038,178.3689,2:52:44:619478,0
507.738,178.4272,2:52:44:624451,0
505.131,178.4272,2:52:44:628054,0
501.9338,178.4272,2:52:44:631483,0
498.1956,178.4272,2:52:44:636491,0
493.8671,178.4272,2:52:44:640329,0
489.0713,178.4272,2:52:44:644315,0
483.8575,177.7567,2:52:44:648340,0
478.1271,177.7567,2:52:44:652313,0
471.8803,177.7567,2:52:44:656314,0
465.2892,178.6895,2:52:44:660315,0
458.4521,178.6895,2:52:44:664315,0
451.2953,180.2053,2:52:44:668319,0
443.868,181.4296,2:52:44:672497,0
436.2439,182.858,2:52:44:675517,0
428.4723,184.3737,2:52:44:680519,0
420.6023,186.1227,2:52:44:683516,0
412.6585,188.0758,2:52:44:687516,0
412.6585,188.0758,2:52:44:706041,0
217.4825,304.0345,2:52:44:798050,0
217.4825,304.0345,2:52:44:804482,0
215.8102,305.113,2:52:44:808392,0
214.6051,306.2499,2:52:44:812395,0
213.2032,307.6783,2:52:44:816415,0
211.7276,309.4272,2:52:44:820434,0
210.0552,311.4677,2:52:44:823445,0
208.2845,313.7706,2:52:44:828438,0
206.4153,316.2775,2:52:44:831432,0
205.1119,318.7261,2:52:44:836458,0
204.0789,320.9124,2:52:44:840434,0
203.1936,322.8362,2:52:44:844471,0
202.4803,324.5852,2:52:44:848032,0
201.7917,326.1302,2:52:44:852032,0
201.2753,327.4711,2:52:44:855491,0
200.8572,328.6371,2:52:44:860518,0
200.5374,329.5991,2:52:44:863507,0
200.2915,330.4735,2:52:44:868078,0
200.1439,331.0565,2:52:44:872126,0
200.021,331.5229,2:52:44:876124,0
199.898,331.8436,2:52:44:880079,963
199.8734,332.0476,2:52:44:884120,962
199.8242,332.1351,2:52:44:888101,961
199.8242,332.1351,2:52:44:892120,955
199.8242,332.1351,2:52:44:896140,952
199.8242,332.1351,2:52:44:900135,945
199.8242,331.1732,2:52:44:904138,943
200.7096,331.1732,2:52:44:908134,951
201.2753,329.8905,2:52:44:912143,955
202.0131,329.0161,2:52:44:918165,969
202.9968,327.9375,2:52:44:920135,977
204.2265,326.6549,2:52:44:924144,985
205.7021,325.1974,2:52:44:928137,996
207.4483,323.6524,2:52:44:933617,1002
209.4158,321.9326,2:52:44:936633,1011
211.6046,320.0087,2:52:44:939640,1028
213.941,317.9099,2:52:44:943640,1063
216.425,315.6071,2:52:44:949845,1121
219.0073,313.1584,2:52:44:951849,1217
221.6635,310.4767,2:52:44:955843,1297
224.3442,307.5908,2:52:44:959844,1365
227.1233,304.5009,2:52:44:963843,1438
230.0745,301.3527,2:52:44:967843,1501
233.1979,298.2628,2:52:44:971843,1573
236.4689,295.0563,2:52:44:976100,1645
239.912,291.9664,2:52:44:980114,1686
243.4535,288.8474,2:52:44:984114,1712
247.118,285.6992,2:52:44:988179,1739
250.8562,282.5801,2:52:44:992154,1770
254.7175,279.4319,2:52:44:996156,1812
258.6525,276.0505,2:52:45:000151,1856
262.6859,272.3776,2:52:45:004154,1891
266.7684,268.5881,2:52:45:008151,1935
270.9001,264.7403,2:52:45:014381,1968
275.1057,260.8633,2:52:45:018405,1986
279.3604,256.9281,2:52:45:021397,2001
283.6643,253.0511,2:52:45:024442,2000
288.042,249.1742,2:52:45:028755,2000
292.4935,245.2681,2:52:45:031777,2010
296.9449,241.4203,2:52:45:035781,2012
301.3718,237.4559,2:52:45:040049,2020
305.7741,233.3166,2:52:45:044081,2037
310.1518,229.2356,2:52:45:048097,2038
314.5541,225.1837,2:52:45:052069,2053
318.9809,221.161,2:52:45:056095,2052
323.5308,217.1675,2:52:45:060064,2041
327.9822,213.2905,2:52:45:064052,2043
332.4337,209.4427,2:52:45:068100,2041
336.7622,205.7115,2:52:45:072101,2075
341.1153,202.0095,2:52:45:076098,2122
345.4684,198.1034,2:52:45:080127,2170
349.8461,194.1973,2:52:45:084127,2244
354.2976,190.2621,2:52:45:088045,2292
358.6507,186.4142,2:52:45:092148,2331
363.0284,182.5665,2:52:45:096148,2376
367.3322,178.8644,2:52:45:100119,2395
371.6607,175.1915,2:52:45:104150,2422
375.9647,171.6352,2:52:45:108137,2451
380.3177,168.0789,2:52:45:112139,2473
384.7446,164.5226,2:52:45:116134,2501
389.1469,160.8206,2:52:45:121155,2517
393.5246,157.0894,2:52:45:123660,2535
397.8531,153.329,2:52:45:127678,2546
402.2308,149.5395,2:52:45:131678,2555
406.6085,145.8083,2:52:45:135677,2569
411.0107,142.1062,2:52:45:139683,2578
415.6098,138.5208,2:52:45:143682,2586
420.135,134.9062,2:52:45:148119,2584
424.6849,131.4082,2:52:45:152134,2587
429.1855,127.7353,2:52:45:156144,2587
433.6616,123.9458,2:52:45:160134,2587
438.1869,120.0688,2:52:45:164134,2602
442.7859,116.1919,2:52:45:168139,2612
447.4833,112.3441,2:52:45:172676,2618
452.1561,108.4963,2:52:45:175696,2629
456.7797,104.7359,2:52:45:180699,2623
461.3296,101.1505,2:52:45:184711,2618
465.8794,97.68165,2:52:45:187699,2608
470.4293,94.2711,2:52:45:191705,2604
474.8807,90.97715,2:52:45:195695,2605
479.3814,87.65405,2:52:45:199697,2600
483.7591,84.2435,2:52:45:204695,2602
488.0138,80.94955,2:52:45:208135,2608
492.0963,77.6556,2:52:45:212078,2616
496.0313,74.5074,2:52:45:216120,2622
499.8434,71.50495,2:52:45:220115,2630
503.5078,68.7357,2:52:45:224106,2624
507.0002,66.1705,2:52:45:228080,2618
510.2219,63.80935,2:52:45:231999,2619
513.2224,61.6814,2:52:45:236167,2611
516.0507,59.6409,2:52:45:240164,2603
518.7314,57.717,2:52:45:244164,2599
521.3383,55.9097,2:52:45:248165,2589
523.7731,54.18985,2:52:45:252166,2593
526.0849,52.47,2:52:45:256186,2591
528.2,50.8376,2:52:45:260182,2556
530.1675,49.29265,2:52:45:264160,2457
531.889,47.806,2:52:45:268452,2264
533.3647,46.43595,2:52:45:271469,1951
534.6436,45.21165,2:52:45:276504,1496
535.6765,44.10395,2:52:45:279470,949
536.5372,43.11285,2:52:45:284466,490
537.1275,42.2675,2:52:45:288470,0
537.5456,41.53875,2:52:45:291352,0
537.6932,40.9849,2:52:45:296355,0
537.6932,40.66425,2:52:45:300352,0
537.6932,40.48935,2:52:45:304117,0
536.488,40.48935,2:52:45:308132,0
535.4797,40.48935,2:52:45:312158,0
534.1025,40.48935,2:52:45:316138,0
532.4547,41.5096,2:52:45:320131,0
530.5118,41.5096,2:52:45:324118,0
528.2245,42.8505,2:52:45:328134,0
525.7652,43.63755,2:52:45:332149,0
523.0599,44.4829,2:52:45:336139,0
520.1824,45.4157,2:52:45:340138,0
517.1573,46.26105,2:52:45:344319,0
514.034,47.13555,2:52:45:348337,0
510.9106,48.06835,2:52:45:352339,0
507.7872,49.00115,2:52:45:356337,0
507.7872,49.00115,2:52:45:374115,0
