226.3117,221.8898,5:27:48:510744,0
227.0741,221.8898,5:27:48:514750,0
227.0741,220.374,5:27:48:518756,0
228.3776,219.1497,5:27:48:522653,0
229.0662,217.5464,5:27:48:526661,0
229.6564,215.6517,5:27:48:530574,0
230.2959,213.5529,5:27:48:534651,0
230.2959,211.1335,5:27:48:538658,0
231.1075,208.4808,5:27:48:542678,0
231.1075,206.1488,5:27:48:546793,0
230.2221,203.9334,5:27:48:550307,0
229.6073,201.7471,5:27:48:554306,0
228.8694,199.7066,5:27:48:558307,0
228.23,197.6953,5:27:48:562306,0
227.4184,195.6548,5:27:48:566651,0
226.6806,193.6726,5:27:48:570658,0
225.9674,191.6321,5:27:48:574662,0
225.2787,189.679,5:27:48:578655,0
224.5901,187.6677,5:27:48:582700,0
223.9753,185.5981,5:27:48:586679,0
223.4342,183.4993,5:27:48:590671,0
222.8932,181.3713,5:27:48:594682,0
222.3521,179.2725,5:27:48:598668,0
221.8602,177.2029,5:27:48:602681,0
221.4175,175.1624,5:27:48:606623,0
220.9748,173.0927,5:27:48:610634,0
220.6551,171.1688,5:27:48:614631,0
220.2862,169.274,5:27:48:618637,0
219.9173,167.4668,5:27:48:622840,0
219.6714,165.7177,5:27:48:626771,0
219.45,164.0853,5:27:48:629781,0
219.2041,162.5404,5:27:48:634780,0
219.0073,161.0246,5:27:48:637780,0
218.786,159.6546,5:27:48:641781,0
218.5401,158.2262,5:27:48:646680,0
218.3187,156.9727,5:27:48:650690,0
218.0482,155.6902,5:27:48:653693,0
217.7285,154.495,5:27:48:658681,0
217.3596,153.329,5:27:48:662691,0
217.0398,152.1047,5:27:48:666691,0
216.6955,150.9387,5:27:48:669694,0
216.3512,149.6852,5:27:48:674691,0
215.9823,148.461,5:27:48:678597,0
215.6134,147.295,5:27:48:681955,0
215.3183,146.129,5:27:48:685953,0
214.974,144.963,5:27:48:690033,0
214.6788,143.7386,5:27:48:693927,0
214.3591,142.5435,5:27:48:697927,0
214.0394,141.3483,5:27:48:701927,0
213.7197,140.299,5:27:48:705926,0
213.4492,139.2787,5:27:48:709929,0
213.1294,138.2876,5:27:48:713927,0
212.8343,137.3548,5:27:48:717927,0
212.5392,136.5094,5:27:48:721926,0
212.3178,135.7807,5:27:48:725929,0
212.1949,135.1102,5:27:48:729958,0
212.1457,134.4981,5:27:48:733927,0
212.0965,133.9442,5:27:48:737926,0
212.0965,133.4487,5:27:48:741927,0
212.0965,132.924,5:27:48:745926,0
212.0965,132.4285,5:27:48:750580,0
212.0965,132.0204,5:27:48:754691,0
212.6622,131.6122,5:27:48:757704,0
212.6622,131.2625,5:27:48:761701,0
212.6622,130.9126,5:27:48:766701,0
212.6622,130.6212,5:27:48:769729,0
212.6622,130.3588,5:27:48:774674,0
212.6622,130.213,5:27:48:777687,0
212.6622,130.1839,5:27:48:782684,0
212.6622,130.1839,5:27:48:785706,0
212.1457,130.1839,5:27:48:790684,0
212.1457,130.1839,5:27:48:794603,0
212.1457,130.1839,5:27:48:798614,0
212.1457,131.175,5:27:48:802612,0
212.1457,131.8163,5:27:48:806618,0
212.1457,132.5159,5:27:48:810627,0
212.1457,133.2155,5:27:48:814628,0
212.1457,133.9151,5:27:48:818631,1200
212.1457,134.6438,5:27:48:822968,1199
212.1457,135.5184,5:27:48:825982,1199
212.1457,136.3929,5:27:48:830681,1205
212.1457,137.4714,5:27:48:833691,1216
212.1457,138.5208,5:27:48:838691,1235
212.1457,139.7159,5:27:48:842689,1279
212.1457,141.1443,5:27:48:846926,1354
212.1457,142.7767,5:27:48:849939,1442
212.1457,144.584,5:27:48:854032,1535
212.1457,146.537,5:27:48:857936,1610
212.1457,148.5775,5:27:48:862507,1649
212.1457,150.618,5:27:48:866505,1683
212.1457,152.7168,5:27:48:870553,1708
212.1457,154.7865,5:27:48:874503,1734
212.1457,156.8853,5:27:48:877929,1765
212.1457,158.8675,5:27:48:882939,1792
212.1457,160.8206,5:27:48:885938,1823
212.6622,162.7153,5:27:48:889938,1849
212.6622,164.4935,5:27:48:893939,1870
212.6622,166.2133,5:27:48:897957,1888
212.6622,167.8165,5:27:48:901958,1905
212.6622,169.4198,5:27:48:906233,1929
213.0802,170.9648,5:27:48:910123,1952
213.0802,172.568,5:27:48:914120,1977
213.4246,174.0838,5:27:48:918121,1990
213.4246,175.5704,5:27:48:922680,2003
213.7197,177.0862,5:27:48:925693,2009
213.9164,178.6021,5:27:48:930685,2012
213.9164,180.147,5:27:48:934710,2015
214.2362,181.6628,5:27:48:938696,2014
214.4083,183.1494,5:27:48:942707,2017
214.6051,184.6361,5:27:48:946680,2019
214.7526,186.0061,5:27:48:950690,2018
214.9494,187.4053,5:27:48:954690,2009
215.0969,188.6297,5:27:48:958691,2012
215.2691,189.7957,5:27:48:962964,2003
215.4167,190.7867,5:27:48:965996,2006
215.5396,191.6321,5:27:48:970065,2013
215.6626,192.3609,5:27:48:973972,2014
215.761,192.973,5:27:48:977975,2024
215.8102,193.4394,5:27:48:981972,2027
215.9085,193.8183,5:27:48:986620,2027
216.0069,194.0807,5:27:48:990630,2035
216.0315,194.2556,5:27:48:994629,2048
216.0807,194.343,5:27:48:998628,2082
216.0807,194.4014,5:27:49:002938,2120
216.1053,194.4014,5:27:49:005948,2154
216.1053,194.4014,5:27:49:010028,2179
216.1053,194.4014,5:27:49:013948,2179
216.1053,193.5269,5:27:49:018068,2174
216.1053,193.5269,5:27:49:021948,2167
216.1053,192.3026,5:27:49:026671,2161
216.1053,191.5155,5:27:49:030681,2163
215.6134,190.5827,5:27:49:034797,2166
215.6134,189.5625,5:27:49:037807,2167
215.6134,188.4256,5:27:49:041930,2171
215.0723,187.2596,5:27:49:045808,2167
215.0723,186.0353,5:27:49:050808,2160
214.5313,184.811,5:27:49:053808,2156
214.5313,183.6741,5:27:49:058668,2140
213.8918,182.479,5:27:49:061678,2137
213.4738,181.3713,5:27:49:066636,2142
212.9819,180.2928,5:27:49:070639,2136
212.4408,179.3017,5:27:49:074639,2137
211.8506,178.3397,5:27:49:078640,2138
211.1619,177.5235,5:27:49:082663,2128
210.4241,176.7073,5:27:49:085674,2129
209.5388,175.9785,5:27:49:090635,2126
208.7026,175.2789,5:27:49:094641,2123
207.7434,174.6376,5:27:49:098639,2125
206.7105,174.1129,5:27:49:102649,2122
205.5546,173.6757,5:27:49:106642,2123
204.3249,173.355,5:27:49:110641,2124
203.0214,173.1219,5:27:49:114622,2124
201.6196,172.9469,5:27:49:118763,2122
200.1439,172.8595,5:27:49:122674,2124
198.5208,172.8595,5:27:49:126192,2113
196.7992,172.8595,5:27:49:130203,2112
195.0284,172.8595,5:27:49:134193,2116
193.1101,173.6757,5:27:49:138191,2117
191.1426,173.6757,5:27:49:142190,2129
189.0522,174.7251,5:27:49:146191,2132
186.8633,175.3372,5:27:49:150192,2133
184.6253,176.1243,5:27:49:154192,2135
182.4118,176.9405,5:27:49:158191,2138
180.223,177.7276,5:27:49:162616,2140
177.985,178.6312,5:27:49:166627,2143
175.8453,179.6806,5:27:49:170405,2148
173.7548,180.7592,5:27:49:174402,2143
171.7382,181.896,5:27:49:178476,2144
169.869,183.1203,5:27:49:182407,2143
168.1229,184.3737,5:27:49:186630,2139
166.4505,185.6855,5:27:49:190415,2138
164.8765,187.1138,5:27:49:194415,2135
163.4501,188.513,5:27:49:198424,2135
162.1958,189.8539,5:27:49:202415,2134
161.0645,191.224,5:27:49:206413,2135
160.1053,192.5941,5:27:49:210562,2131
159.2937,193.9058,5:27:49:214423,2131
158.6543,195.1884,5:27:49:218398,2128
158.1624,196.4418,5:27:49:222412,2128
157.8919,197.637,5:27:49:226399,2135
157.7443,198.7738,5:27:49:230400,2135
157.7443,199.8815,5:27:49:234335,2136
157.7443,200.9018,5:27:49:238345,2137
157.7443,201.8929,5:27:49:242464,2134
158.8264,202.7674,5:27:49:246508,2136
159.5151,203.6711,5:27:49:250649,2143
160.3758,204.4872,5:27:49:254644,2150
161.3104,205.3035,5:27:49:258698,2156
162.4417,206.0322,5:27:49:261646,2159
163.7206,206.7318,5:27:49:266139,2157
165.147,207.4023,5:27:49:270150,2161
166.7456,208.0727,5:27:49:274149,2167
168.418,208.714,5:27:49:278153,2171
170.3117,209.297,5:27:49:282149,2180
172.4268,209.88,5:27:49:286150,2179
174.7878,210.4339,5:27:49:289788,2174
177.3455,210.9877,5:27:49:294799,2176
180.0508,211.5124,5:27:49:298124,2181
183.0021,212.0079,5:27:49:302161,2180
186.0271,212.5035,5:27:49:306164,2190
189.2489,212.9991,5:27:49:310134,2193
192.5445,213.4655,5:27:49:314136,2188
195.84,213.961,5:27:49:318134,2191
199.1356,214.5148,5:27:49:322674,2186
202.5049,215.0396,5:27:49:325687,2191
205.9235,215.6225,5:27:49:330816,2191
209.3174,216.293,5:27:49:333826,2194
212.7359,217.0217,5:27:49:338825,2195
216.0315,217.9545,5:27:49:342827,2195
219.2287,218.9456,5:27:49:345913,2202
222.3521,220.0533,5:27:49:349826,2198
225.2542,221.336,5:27:49:353944,2200
227.9349,222.7352,5:27:49:357962,2197
230.3451,224.2509,5:27:49:361975,2195
232.4355,225.8833,5:27:49:365955,2197
234.2801,227.5449,5:27:49:370831,2195
235.8541,229.2356,5:27:49:373842,2199
237.1329,230.9846,5:27:49:378020,2200
238.1905,232.7919,5:27:49:381970,2201
238.9283,234.6575,5:27:49:385969,2208
239.4447,236.4648,5:27:49:389967,2218
239.6661,238.243,5:27:49:394630,2232
239.6907,239.9919,5:27:49:398644,2254
239.6907,241.6243,5:27:49:402283,2274
239.0267,243.1985,5:27:49:406310,2297
238.4118,244.7142,5:27:49:410460,2325
237.5264,246.1718,5:27:49:414474,2354
236.4443,247.4835,5:27:49:418681,2384
235.0917,248.7661,5:27:49:422697,2408
233.5668,249.9904,5:27:49:426691,2425
231.7715,251.0981,5:27:49:430691,2433
229.804,252.1475,5:27:49:434691,2439
227.5414,253.1386,5:27:49:438692,2441
225.0082,254.0423,5:27:49:441691,2442
222.2537,254.8584,5:27:49:446693,2445
219.3517,255.558,5:27:49:450688,2445
216.3266,256.1119,5:27:49:453691,2440
213.2032,256.6075,5:27:49:458843,2435
209.9814,256.9281,5:27:49:461854,2429
206.7105,257.1321,5:27:49:465853,2424
203.4149,257.1321,5:27:49:469854,2419
200.1685,257.1321,5:27:49:474853,2419
196.9467,257.1321,5:27:49:478855,2413
193.7742,255.9662,5:27:49:481855,2408
190.6262,255.2666,5:27:49:486877,2404
187.5027,254.4503,5:27:49:489859,2388
184.5269,253.4884,5:27:49:494866,2379
181.674,252.4099,5:27:49:498852,2370
179.0179,251.3604,5:27:49:502852,2368
176.5093,250.1944,5:27:49:506855,2368
174.1975,248.941,5:27:49:511881,2365
172.0825,247.6584,5:27:49:514853,2369
170.2625,246.3175,5:27:49:519854,2367
168.6147,245.0058,5:27:49:521852,2369
167.1883,243.694,5:27:49:526856,2369
165.9832,242.3531,5:27:49:532852,2361
164.9749,241.0122,5:27:49:535868,2356
164.1879,239.7296,5:27:49:539853,2357
163.5976,238.4762,5:27:49:542853,2355
163.2287,237.2518,5:27:49:545852,2356
163.032,236.0567,5:27:49:550851,2358
163.032,234.9198,5:27:49:554853,2349
163.032,233.8413,5:27:49:557854,2351
163.6222,232.8502,5:27:49:561854,2351
163.6222,231.9465,5:27:49:566852,2345
164.8273,231.1304,5:27:49:569857,2346
165.5897,230.4308,5:27:49:574540,2341
166.4751,229.8769,5:27:49:577942,2339
167.4588,229.4688,5:27:49:582393,2341
168.541,229.2356,5:27:49:586399,2340
169.6477,229.2065,5:27:49:589716,2340
170.8036,229.2065,5:27:49:594743,2338
171.9349,229.2065,5:27:49:598726,2334
173.0908,230.5473,5:27:49:602725,2332
174.3697,231.4801,5:27:49:606729,2340
175.5994,232.6461,5:27:49:610724,2347
176.8045,234.0453,5:27:49:614615,2357
177.9604,235.6486,5:27:49:617863,2362
179.1409,237.4267,5:27:49:622673,2367
180.346,239.3215,5:27:49:626684,2365
181.5265,241.3037,5:27:49:630682,2367
182.6086,243.3734,5:27:49:634684,2374
183.5923,245.5013,5:27:49:638684,2379
184.5269,247.6584,5:27:49:641684,2392
185.4369,249.903,5:27:49:646670,2402
186.2731,252.3224,5:27:49:649681,2410
186.9863,254.8002,5:27:49:654682,2415
187.6503,257.2779,5:27:49:657715,2420
188.2652,259.8723,5:27:49:662679,2426
188.8554,262.4958,5:27:49:666691,2430
189.3965,265.0901,5:27:49:670690,2432
189.9375,267.7136,5:27:49:674690,2435
190.454,270.2205,5:27:49:678689,2441
190.9705,272.64,5:27:49:682689,2446
191.5115,274.8845,5:27:49:686623,2451
192.0526,277.0707,5:27:49:690634,2453
192.6674,279.1112,5:27:49:693794,2447
193.3315,281.0643,5:27:49:698809,2445
194.0201,282.9299,5:27:49:702228,2447
194.7333,284.708,5:27:49:706744,2446
195.5449,286.3405,5:27:49:710759,2451
196.4303,287.7979,5:27:49:713743,2450
197.3403,289.2263,5:27:49:718743,2439
198.3732,290.5963,5:27:49:722743,2408
199.4307,291.8206,5:27:49:726666,2337
200.5374,292.8701,5:27:49:730201,2204
201.7425,293.8029,5:27:49:734669,1988
203.046,294.5024,5:27:49:738211,1660
204.4724,295.0272,5:27:49:742211,1247
206.0219,295.3186,5:27:49:746213,769
207.6942,295.4061,5:27:49:750253,381
209.4404,295.4061,5:27:49:754210,0
211.3341,294.6482,5:27:49:758672,0
213.2524,294.6482,5:27:49:762064,0
215.3183,293.1324,5:27:49:767066,0
217.3596,292.1122,5:27:49:770064,0
219.3763,290.8878,5:27:49:774126,0
221.4421,289.5469,5:27:49:778068,0
223.4834,288.0312,5:27:49:782670,0
225.5739,286.3987,5:27:49:785690,0
227.7135,284.6206,5:27:49:790668,0
229.8532,282.5801,5:27:49:793682,0
232.042,280.4521,5:27:49:798699,0
234.2801,278.1493,5:27:49:801699,0
236.6902,275.6715,5:27:49:806696,0
239.0513,273.048,5:27:49:809698,0
241.486,270.2788,5:27:49:814616,0
243.97,267.3055,5:27:49:818250,0
246.4048,264.303,5:27:49:822669,0
248.8396,261.1548,5:27:49:826677,0
251.2743,257.8318,5:27:49:830679,0
253.6599,254.4503,5:27:49:834679,0
255.898,251.0107,5:27:49:838673,0
258.136,247.6001,5:27:49:841696,0
260.374,244.1604,5:27:49:846697,0
262.3661,240.8082,5:27:49:850684,0
264.309,237.281,5:27:49:853688,0
266.2028,233.7538,5:27:49:858671,0
267.9735,230.285,5:27:49:862694,0
269.6459,226.8453,5:27:49:865699,0
271.2445,223.2598,5:27:49:870679,0
272.6955,219.6452,5:27:49:873681,0
273.9498,216.0307,5:27:49:878681,0
275.2287,212.416,5:27:49:882666,0
276.36,208.8598,5:27:49:886677,0
277.3437,205.3909,5:27:49:890774,0
278.2045,202.0387,5:27:49:893785,0
279.0161,198.6281,5:27:49:897784,0
279.631,195.4507,5:27:49:901784,0
280.2704,192.2151,5:27:49:905784,0
280.7622,189.1543,5:27:49:909787,0
281.2295,186.0353,5:27:49:914617,0
281.6722,182.9745,5:27:49:918030,0
281.9673,180.0013,5:27:49:922032,0
282.3608,177.1445,5:27:49:926030,0
282.7052,174.4044,5:27:49:930032,0
283.0495,171.7809,5:27:49:934033,0
283.32,169.3032,5:27:49:938712,0
283.6397,166.9712,5:27:49:941711,0
283.8857,164.8724,5:27:49:946665,0
284.107,162.9193,5:27:49:950676,0
284.3283,161.0538,5:27:49:954673,0
284.5005,159.3631,5:27:49:958677,0
284.5989,157.7307,5:27:49:962680,0
284.6727,156.2148,5:27:49:966691,0
284.6972,154.7865,5:27:49:970250,0
284.6972,153.4164,5:27:49:974675,0
284.6972,152.163,5:27:49:977685,0
284.6972,150.997,5:27:49:981773,0
284.6972,149.8602,5:27:49:985774,0
284.6972,148.869,5:27:49:989823,0
284.1316,147.9362,5:27:49:993773,0
284.1316,147.0909,5:27:49:998676,0
284.1316,146.2747,5:27:50:002687,0
284.1316,145.5751,5:27:50:006560,0
284.1316,145.0213,5:27:50:010572,0
284.1316,144.4966,5:27:50:014608,0
284.1316,144.1467,5:27:50:018549,0
284.1316,143.797,5:27:50:022675,0
284.1316,143.5054,5:27:50:026685,0
284.7218,143.2431,5:27:50:030623,0
284.7218,143.0974,5:27:50:034651,0
285.3613,142.9516,5:27:50:038734,0
285.3613,142.8058,5:27:50:041737,0
286.0007,142.6601,5:27:50:046584,0
286.0007,142.5143,5:27:50:050600,0
286.6648,142.3686,5:27:50:055596,0
286.9845,142.2811,5:27:50:059266,0
287.255,142.2811,5:27:50:062250,0
287.255,142.2811,5:27:50:066276,0
287.6731,142.252,5:27:50:070251,0
287.6731,142.252,5:27:50:074677,0
287.919,142.252,5:27:50:078688,0
287.919,142.252,5:27:50:082626,0
288.042,142.252,5:27:50:086637,0
288.042,142.252,5:27:50:090649,0
288.042,142.252,5:27:50:094634,0
288.042,142.252,5:27:50:097635,0
288.042,142.252,5:27:50:102945,0
288.042,142.252,5:27:50:105953,0
288.042,142.252,5:27:50:110955,0
288.042,142.252,5:27:50:113954,0
287.4763,142.7767,5:27:50:117954,0
287.4763,142.7767,5:27:50:121955,0
287.4763,142.7767,5:27:50:126669,0
287.4763,142.7767,5:27:50:130680,0
287.0583,142.7767,5:27:50:134772,0
287.0583,142.7767,5:27:50:137782,0
287.0583,142.7767,5:27:50:142831,0
287.0583,142.7767,5:27:50:145844,0
287.0583,142.7767,5:27:50:149934,0
287.0583,142.7767,5:27:50:154841,0
287.0583,142.7767,5:27:50:157872,0
287.0583,142.7767,5:27:50:161841,0
287.0583,142.7767,5:27:50:166617,0
287.0583,142.7767,5:27:50:169963,0
287.0583,142.7767,5:27:50:174617,0
287.0583,142.7767,5:27:50:177881,0
287.0583,142.252,5:27:50:182668,0
287.0583,142.252,5:27:50:185692,0
287.5501,142.252,5:27:50:190679,0
287.5501,142.252,5:27:50:194679,0
287.5501,142.252,5:27:50:198678,0
287.5501,141.9605,5:27:50:201676,0
287.9436,141.9605,5:27:50:206076,0
287.9436,141.9605,5:27:50:210083,0
288.3617,141.9605,5:27:50:214081,0
288.5585,141.7565,5:27:50:218082,0
288.8536,141.6107,5:27:50:222082,0
289.1979,141.4941,5:27:50:226082,0
289.5668,141.3192,5:27:50:230623,0
290.0095,141.1443,5:27:50:234243,0
290.4768,140.9111,5:27:50:238222,0
290.9687,140.707,5:27:50:242234,0
291.5097,140.3864,5:27:50:246859,0
292.1,140.1823,5:27:50:250869,0
292.641,139.9491,5:27:50:253882,0
293.1821,139.6868,5:27:50:257869,0
293.7969,139.5119,5:27:50:261882,0
294.338,139.2495,5:27:50:265869,0
294.8545,139.0163,5:27:50:269977,0
295.2726,138.8414,5:27:50:273992,0
295.7152,138.6082,5:27:50:278673,0
296.1088,138.4333,5:27:50:282683,0
296.4285,138.2585,5:27:50:286673,0
296.7236,138.0544,5:27:50:290684,0
296.9695,137.8795,5:27:50:293682,0
297.1171,137.7337,5:27:50:298732,0
297.2401,137.6171,5:27:50:301730,0
297.3876,137.4714,5:27:50:306731,0
297.4614,137.3257,5:27:50:309744,0
297.5352,137.1799,5:27:50:314675,0
297.6581,137.0633,5:27:50:318686,0
297.7565,136.9176,5:27:50:322701,0
297.8549,136.8009,5:27:50:325683,0
297.9041,136.6552,5:27:50:330685,0
298.1008,136.5969,5:27:50:333688,0
298.273,136.4803,5:27:50:338577,0
298.4452,136.3929,5:27:50:342588,0
298.5681,136.3345,5:27:50:346684,0
298.7403,136.2762,5:27:50:349700,0
298.9124,136.2471,5:27:50:354694,0
299.0846,136.2471,5:27:50:358708,0
299.2813,136.2471,5:27:50:362694,0
299.4289,136.2471,5:27:50:366695,0
299.5273,136.2471,5:27:50:370527,0
299.6257,136.2471,5:27:50:374535,0
299.7486,136.2471,5:27:50:378537,0
299.8962,136.2471,5:27:50:382535,0
299.9946,136.2471,5:27:50:386672,0
300.1175,136.2471,5:27:50:389682,153
300.2159,136.2471,5:27:50:394521,145
300.3389,136.2471,5:27:50:398565,145
300.5356,136.2471,5:27:50:402678,190
300.7816,136.8009,5:27:50:406696,276
301.0521,136.8009,5:27:50:410676,396
301.4456,137.3257,5:27:50:414693,510
301.8637,137.7046,5:27:50:418699,601
302.3064,138.1418,5:27:50:422239,668
302.8228,138.7249,5:27:50:426242,743
303.3639,139.4245,5:27:50:430239,847
303.9788,140.2115,5:27:50:434239,960
304.4706,141.0277,5:27:50:438240,1066
304.9625,141.9022,5:27:50:442242,1156
305.3068,142.9225,5:27:50:446242,1223
305.6265,144.001,5:27:50:450240,1288
305.8725,145.1378,5:27:50:454675,1355
306.0692,146.333,5:27:50:458687,1420
306.143,147.499,5:27:50:462686,1480
306.143,148.665,5:27:50:466746,1528
306.143,149.831,5:27:50:470753,1564
306.143,151.0262,5:27:50:474746,1601
305.5036,152.1339,5:27:50:478746,1650
305.5036,153.125,5:27:50:481746,1717
304.6182,154.0578,5:27:50:486746,1786
304.0525,154.8739,5:27:50:489729,1850
303.4131,155.5735,5:27:50:493774,1917
302.6753,156.2148,5:27:50:497795,1959
302.0113,156.6812,5:27:50:502773,2002
301.2734,157.0602,5:27:50:506775,2032
300.511,157.3226,5:27:50:510774,2049
299.6994,157.4391,5:27:50:515552,2056
298.8387,157.4391,5:27:50:518542,2058
297.9779,157.4391,5:27:50:522637,2060
297.0433,157.4391,5:27:50:526544,2056
296.1579,156.5063,5:27:50:530942,2060
295.1988,156.5063,5:27:50:533959,2060
294.215,155.2529,5:27:50:537952,2058
293.2805,154.3784,5:27:50:542960,2059
292.3459,153.4747,5:27:50:546952,2053
291.5097,152.4254,5:27:50:550953,2049
290.6981,151.2885,5:27:50:555951,2047
289.9849,150.0642,5:27:50:557951,2039
289.2471,148.8107,5:27:50:562950,2039
288.6077,147.5865,5:27:50:566550,2044
288.0174,146.333,5:27:50:570583,2042
287.5501,145.1087,5:27:50:574592,2044
287.1075,143.9135,5:27:50:578583,2035
286.7877,142.7767,5:27:50:582617,2032
286.5418,141.6982,5:27:50:586627,2025
286.3942,140.707,5:27:50:591641,2018
286.2958,139.8034,5:27:50:596629,2016
286.2958,138.8706,5:27:50:598647,2002
286.2958,138.0253,5:27:50:602628,2006
286.2958,137.209,5:27:50:606650,1999
286.2958,136.5094,5:27:50:610629,1988
287.1566,135.8098,5:27:50:614610,1985
287.1566,135.2269,5:27:50:618565,1966
288.0174,134.7021,5:27:50:622562,1960
288.5585,134.2066,5:27:50:626562,1958
289.2225,133.7693,5:27:50:630665,1953
289.9111,133.4487,5:27:50:634673,1954
290.7227,133.1864,5:27:50:637721,1950
291.6573,132.9532,5:27:50:642734,1940
292.6656,132.8074,5:27:50:646718,1939
293.7969,132.6617,5:27:50:650735,1936
295.002,132.5742,5:27:50:654664,1935
296.2809,132.5742,5:27:50:657674,1938
297.5844,132.5742,5:27:50:662260,1936
299.0846,132.5742,5:27:50:666257,1936
300.5848,132.5742,5:27:50:670345,1941
302.1834,133.5361,5:27:50:674256,1944
303.8066,133.5361,5:27:50:678656,1944
305.479,134.7313,5:27:50:682668,1944
307.1267,135.5766,5:27:50:686278,1944
308.7991,136.6261,5:27:50:690285,1948
310.4715,137.7921,5:27:50:694287,1970
311.9963,139.1038,5:27:50:698287,1986
313.4965,140.6196,5:27:50:702287,1995
314.8984,142.3978,5:27:50:706285,2007
316.2018,144.3508,5:27:50:710557,2000
317.407,146.5079,5:27:50:714326,1997
318.4399,148.7525,5:27:50:718612,2005
319.3253,151.1719,5:27:50:722068,2012
320.063,153.6205,5:27:50:727202,2015
320.6533,156.244,5:27:50:730206,2020
320.9976,158.8383,5:27:50:734272,2021
321.1698,161.3452,5:27:50:738262,2025
321.1698,163.7939,5:27:50:742352,2027
321.1698,166.2424,5:27:50:746271,2046
320.3336,168.6328,5:27:50:750669,2061
319.5958,171.0231,5:27:50:754678,2077
318.6366,173.3842,5:27:50:758542,2103
317.4561,175.7453,5:27:50:762545,2113
316.0297,178.2814,5:27:50:766547,2122
314.3327,180.8466,5:27:50:770547,2122
312.439,183.4409,5:27:50:774547,2125
310.1764,186.0936,5:27:50:778548,2126
307.8154,188.6297,5:27:50:782659,2127
305.2822,191.1949,5:27:50:786670,2130
302.6015,193.6726,5:27:50:790670,2129
299.7732,195.9754,5:27:50:794671,2125
296.9203,197.9868,5:27:50:798672,2127
294.0921,199.8524,5:27:50:802683,2129
291.3376,201.4848,5:27:50:806689,2128
288.7306,202.8257,5:27:50:810672,2129
286.1975,203.9626,5:27:50:814673,2132
283.7627,204.8079,5:27:50:817710,2133
281.5493,205.4783,5:27:50:822711,2137
279.5326,205.8864,5:27:50:825710,2143
277.8356,206.1196,5:27:50:830711,2152
276.2862,206.1196,5:27:50:833710,2164
275.0319,206.1196,5:27:50:838670,2172
274.0482,206.1196,5:27:50:842681,2182
273.2857,204.9536,5:27:50:846596,2182
272.7939,204.2832,5:27:50:850596,2181
272.4742,203.5253,5:27:50:854595,2177
272.4004,202.6216,5:27:50:858596,2168
272.4004,201.6888,5:27:50:862828,2166
272.4004,200.6978,5:27:50:865841,2158
272.4004,199.7358,5:27:50:870004,2154
273.3595,198.803,5:27:50:873987,2157
273.9252,197.9576,5:27:50:877951,2153
274.5646,197.2289,5:27:50:881954,2155
275.3516,196.5585,5:27:50:886619,2163
276.237,196.0338,5:27:50:890620,2158
277.1716,195.6257,5:27:50:893835,2157
278.1799,195.4216,5:27:50:898848,2154
279.2374,195.4216,5:27:50:901848,2144
280.2212,195.4216,5:27:50:905857,2143
281.2541,195.4216,5:27:50:910846,2141
282.2379,196.1212,5:27:50:914847,2140
283.1233,196.1212,5:27:50:918663,2142
283.984,197.433,5:27:50:922184,2143
284.7218,198.3366,5:27:50:926668,2152
285.4105,199.3277,5:27:50:930695,2161
286.0007,200.4937,5:27:50:934676,2167
286.5664,201.7471,5:27:50:938679,2183
287.0583,203.0298,5:27:50:942677,2192
287.5747,204.3998,5:27:50:946688,2203
288.0666,205.799,5:27:50:950667,2215
288.6077,207.3439,5:27:50:954678,2222
289.1241,208.8598,5:27:50:958678,2243
289.6652,210.4339,5:27:50:961678,2265
290.28,212.0079,5:27:50:966834,2293
290.9687,213.582,5:27:50:969845,2331
291.6819,215.3019,5:27:50:974844,2358
292.4689,217.1384,5:27:50:978845,2386
293.2805,219.004,5:27:50:981847,2407
294.1167,220.8696,5:27:50:985847,2411
295.0266,222.7934,5:27:50:990498,2418
296.0104,224.7173,5:27:50:994505,2416
296.9695,226.7287,5:27:50:998114,2410
298.0025,228.6817,5:27:51:002124,2410
299.0846,230.6057,5:27:51:006218,2407
300.2897,232.3838,5:27:51:010216,2410
301.5194,234.1037,5:27:51:014220,2410
302.872,235.6194,5:27:51:018218,2407
304.2739,237.0478,5:27:51:022215,2401
305.7495,238.3595,5:27:51:028221,2384
307.3727,239.5255,5:27:51:031235,2337
309.0205,240.4875,5:27:51:034217,2242
310.742,241.2454,5:27:51:038246,2086
312.5374,241.8575,5:27:51:042667,1857
314.4065,242.3531,5:27:51:046678,1547
316.3002,242.6738,5:27:51:050663,1169
318.2431,242.8778,5:27:51:054673,727
320.2352,242.907,5:27:51:058769,368
322.1781,242.907,5:27:51:061758,0
324.1456,242.907,5:27:51:065756,0
326.0393,242.0907,5:27:51:069785,0
327.9331,242.0907,5:27:51:075676,0
329.7776,240.8665,5:27:51:077698,0
331.5483,239.9919,5:27:51:083693,0
333.2699,238.9426,5:27:51:087687,0
334.9177,237.7474,5:27:51:090694,0
336.5163,236.3773,5:27:51:093687,0
338.0411,234.7741,5:27:51:098530,0
339.6397,232.9959,5:27:51:102530,0
341.1399,230.9846,5:27:51:106526,0
342.6155,228.6817,5:27:51:110553,0
344.0666,226.204,5:27:51:114254,0
345.5422,223.4639,5:27:51:118276,0
347.0178,220.5489,5:27:51:122267,0
348.518,217.4007,5:27:51:126268,0
350.092,214.1651,5:27:51:130372,0
351.6414,210.7836,5:27:51:135265,0
353.2646,207.2565,5:27:51:138405,0
354.8878,203.7294,5:27:51:142435,0
356.4618,200.0273,5:27:51:146663,0
358.0358,196.3253,5:27:51:150671,0
359.536,192.6232,5:27:51:154352,0
361.0117,188.8337,5:27:51:158281,0
362.3889,184.9568,5:27:51:162284,0
363.717,181.0798,5:27:51:166280,0
364.8975,177.3194,5:27:51:170663,0
366.0288,173.5591,5:27:51:173674,0
367.0371,169.9736,5:27:51:178674,0
367.9963,166.4465,5:27:51:182872,0
368.9063,163.0068,5:27:51:186880,0
369.6195,159.7128,5:27:51:189881,0
370.2589,156.3898,5:27:51:193882,0
370.677,153.2124,5:27:51:197880,0
371.0213,150.035,5:27:51:201880,0
371.2426,146.8869,5:27:51:205880,0
371.341,143.797,5:27:51:210615,0
371.341,140.8819,5:27:51:213897,0
371.341,138.0253,5:27:51:218986,0
371.341,135.4017,5:27:51:221999,0
370.7262,133.0406,5:27:51:226669,0
370.7262,130.8835,5:27:51:229679,0
370.0622,128.9596,5:27:51:234412,0
370.0622,127.2106,5:27:51:238410,0
369.3735,125.6365,5:27:51:242462,893
369.3735,124.2082,5:27:51:246414,906
368.6849,122.9838,5:27:51:250549,915
368.6849,121.8762,5:27:51:254581,935
368.0947,121.0308,5:27:51:258610,999
368.0947,120.2438,5:27:51:262606,1073
367.6766,119.6316,5:27:51:266607,1151
367.6766,119.1944,5:27:51:270609,1219
367.406,118.8737,5:27:51:274605,1241
367.406,118.728,5:27:51:278605,1241
367.406,118.728,5:27:51:282666,1273
367.406,118.728,5:27:51:285674,1357
367.406,119.6024,5:27:51:290457,1468
367.406,120.3312,5:27:51:294335,1613
367.9963,121.2932,5:27:51:298332,1751
367.9963,122.4883,5:27:51:302332,1864
368.7095,123.9166,5:27:51:306422,1964
368.7095,125.5782,5:27:51:310426,2057
369.6441,127.4438,5:27:51:314355,2137
370.1605,129.4843,5:27:51:319342,2206
370.6524,131.6705,5:27:51:322846,2274
371.1443,134.0025,5:27:51:325857,2351
371.6116,136.5386,5:27:51:329856,2445
372.0297,139.3661,5:27:51:333859,2556
372.3986,142.3978,5:27:51:338857,2673
372.7183,145.6042,5:27:51:341856,2772
372.9396,148.9857,5:27:51:345814,2850
373.1118,152.4545,5:27:51:349867,2914
373.1118,156.0108,5:27:51:354674,2973
373.2839,159.5379,5:27:51:358685,3029
373.2839,163.0068,5:27:51:362649,3079
373.2839,166.3591,5:27:51:366649,3117
373.2839,169.5656,5:27:51:370645,3156
373.2839,172.8595,5:27:51:374648,3180
373.2839,176.1826,5:27:51:378649,3198
373.2839,179.564,5:27:51:382648,3213
373.2839,182.9745,5:27:51:386594,3214
373.2839,186.3268,5:27:51:390604,3218
373.2839,189.7374,5:27:51:394604,3223
373.2839,193.0896,5:27:51:398623,3221
373.2839,196.3835,5:27:51:402604,3219
373.2839,199.4151,5:27:51:406605,3212
373.2839,202.301,5:27:51:410605,3193
373.2839,204.9245,5:27:51:414578,3146
373.2839,207.4023,5:27:51:418575,3056
373.2839,209.7051,5:27:51:422577,2920
373.2839,211.8039,5:27:51:426616,2727
373.2839,213.7569,5:27:51:430626,2476
373.2839,215.5934,5:27:51:434605,2101
373.7758,217.2549,5:27:51:438615,1589
373.7758,218.6833,5:27:51:442613,994
374.2185,219.8784,5:27:51:446638,489
374.2185,220.8112,5:27:51:450655,0
374.735,221.4234,5:27:51:454667,0
375.0793,221.7732,5:27:51:458690,0
375.4728,221.7732,5:27:51:461665,0
375.9647,221.7732,5:27:51:465812,0
376.4565,220.4615,5:27:51:469813,0
377.0222,219.412,5:27:51:473885,0
377.7108,218.042,5:27:51:477813,0
378.5224,216.3513,5:27:51:482663,0
379.4324,214.4274,5:27:51:486200,0
380.4653,212.3577,5:27:51:490617,0
381.6458,210.1132,5:27:51:494626,0
383.0477,207.6938,5:27:51:498660,0
384.6462,205.0994,5:27:51:502676,0
386.3924,202.3593,5:27:51:506659,0
388.3107,199.5318,5:27:51:510662,0
390.4012,196.5585,5:27:51:514664,0
392.6146,193.4102,5:27:51:518671,0
394.9019,190.2038,5:27:51:522671,0
397.2137,186.7349,5:27:51:526186,0
399.4763,183.2369,5:27:51:530664,0
401.7635,179.6806,5:27:51:534185,0
404.0261,176.0952,5:27:51:538633,0
406.1904,172.4805,5:27:51:542633,0
408.3055,168.9534,5:27:51:546634,0
410.2238,165.4554,5:27:51:549646,0
412.0929,161.8991,5:27:51:554669,0
413.7899,158.4303,5:27:51:558015,0
415.3638,155.0488,5:27:51:562067,0
416.7903,151.58,5:27:51:566067,0
418.0446,148.1403,5:27:51:571068,0
419.1021,144.7298,5:27:51:576065,0
420.0612,141.4066,5:27:51:578067,0
420.8728,138.1418,5:27:51:583065,0
421.5369,135.1102,5:27:51:588067,0
422.1025,132.2244,5:27:51:590065,0
422.496,129.426,5:27:51:594073,0
422.8158,126.8608,5:27:51:598070,0
423.0371,124.4414,5:27:51:602665,0
423.2339,122.226,5:27:51:606675,0
423.3076,120.2146,5:27:51:610674,0
423.3568,118.4948,5:27:51:614676,0
423.3568,116.9498,5:27:51:618691,0
423.3568,115.6672,5:27:51:622675,1468
423.3568,114.6761,5:27:51:626661,1468
423.3568,113.9182,5:27:51:631686,1468
423.3568,113.4518,5:27:51:634671,1460
423.3568,113.1895,5:27:51:638674,1452
423.3568,113.1895,5:27:51:642672,1447
423.3568,113.1895,5:27:51:646666,1458
423.3568,114.2097,5:27:51:650684,1503
423.3568,115.2882,5:27:51:654666,1582
423.3568,116.6292,5:27:51:658674,1689
423.3568,118.2907,5:27:51:662721,1807
423.9962,120.2146,5:27:51:665728,1948
423.9962,122.4883,5:27:51:670730,2081
423.9962,124.8786,5:27:51:674728,2191
424.6357,127.4146,5:27:51:678658,2296
424.6357,130.0381,5:27:51:682668,2383
425.0292,132.6908,5:27:51:686625,2483
425.0292,135.4309,5:27:51:690623,2593
425.3489,138.3459,5:27:51:694623,2701
425.3489,141.4358,5:27:51:698650,2791
425.6194,144.7006,5:27:51:702626,2859
425.6194,148.1111,5:27:51:706627,2929
425.7916,151.58,5:27:51:710618,2987
425.7916,155.1071,5:27:51:713659,3036
425.7916,158.6343,5:27:51:718796,3073
425.7916,162.2489,5:27:51:721807,3094
425.7916,165.8052,5:27:51:726613,3106
425.7916,169.1866,5:27:51:730627,3124
425.2505,172.5972,5:27:51:734621,3139
425.2505,176.0952,5:27:51:738632,3152
425.2505,179.564,5:27:51:742632,3162
424.6357,183.0329,5:27:51:746597,3163
424.6357,186.5017,5:27:51:750608,3155
424.193,189.8539,5:27:51:754933,3130
424.193,193.1187,5:27:51:757934,3074
423.8733,196.2961,5:27:51:761936,2976
423.8733,199.2111,5:27:51:765934,2828
423.5782,201.8055,5:27:51:770672,2634
423.5782,204.1958,5:27:51:774682,2387
423.5782,206.2946,5:27:51:778615,2047
423.5782,208.131,5:27:51:782626,1597
423.5782,209.7634,5:27:51:786626,1023
423.5782,211.1335,5:27:51:790636,536
424.3406,212.2411,5:27:51:794625,0
424.3406,213.1448,5:27:51:798626,0
425.2505,213.8152,5:27:51:802225,0
425.8162,214.1651,5:27:51:806637,0
426.431,214.2816,5:27:51:810649,0
427.1197,214.2816,5:27:51:814659,0
427.9066,214.2816,5:27:51:818688,0
428.792,213.0573,5:27:51:821694,0
429.825,212.1537,5:27:51:826693,0
430.9317,211.046,5:27:51:830694,0
432.1368,209.7343,5:27:51:834667,0
433.4894,208.3351,5:27:51:838677,0
435.0388,206.8484,5:27:51:842668,0
436.785,205.216,5:27:51:847011,0
438.7279,203.5544,5:27:51:850015,0
440.8922,201.8929,5:27:51:854010,0
443.1794,200.2314,5:27:51:858015,0
445.7371,198.4823,5:27:51:862044,0
448.3687,196.7917,5:27:51:866662,0
451.1232,195.0426,5:27:51:869675,0
453.9514,193.2937,5:27:51:874667,0
456.8289,191.603,5:27:51:878677,0
459.6326,189.8539,5:27:51:882690,0
462.3379,188.1049,5:27:51:885693,0
464.994,186.4142,5:27:51:890666,0
467.3796,184.7527,5:27:51:893677,0
469.7652,183.0912,5:27:51:898669,0
471.9787,181.4879,5:27:51:901680,0
474.0445,179.9429,5:27:51:906679,0
475.9383,178.4854,5:27:51:910680,0
477.7336,177.0862,5:27:51:914682,0
479.3568,175.862,5:27:51:917699,0
480.9554,174.7251,5:27:51:923134,0
482.3818,173.6174,5:27:51:926145,1024
483.6361,172.5972,5:27:51:930247,1027
484.7182,171.6935,5:27:51:934145,1031
485.6528,170.8773,5:27:51:938208,1047
486.5135,170.1485,5:27:51:942145,1105
487.2514,169.5364,5:27:51:946145,1199
487.8908,168.9825,5:27:51:950145,1324
488.3581,168.5453,5:27:51:954670,1445
488.727,168.1955,5:27:51:957683,1531
489.0467,167.9332,5:27:51:962614,1590
489.3173,167.7874,5:27:51:966376,1662
489.5632,167.7874,5:27:51:970232,1746
489.7599,167.7874,5:27:51:974243,1845
489.8829,167.7874,5:27:51:978246,1950
489.9813,168.6911,5:27:51:982241,2027
490.0551,168.6911,5:27:51:986243,2105
490.1288,169.9445,5:27:51:990241,2174
490.2026,170.819,5:27:51:994243,2236
490.2272,171.8392,5:27:51:998243,2293
490.2272,172.9469,5:27:52:002684,2346
490.2272,174.1129,5:27:52:006705,2397
490.2272,175.4247,5:27:52:010631,2452
490.2272,176.7365,5:27:52:014195,2507
490.2272,178.2231,5:27:52:018234,2566
489.4648,179.7972,5:27:52:022244,2629
489.4648,181.3713,5:27:52:026243,2688
488.85,183.0912,5:27:52:030244,2738
488.85,184.7818,5:27:52:036243,2775
488.063,186.5309,5:27:52:038253,2799
487.6203,188.2215,5:27:52:042241,2812
487.03,189.9997,5:27:52:046240,2823
486.3906,191.6613,5:27:52:050240,2834
485.6528,193.2645,5:27:52:054240,2838
484.8412,194.7803,5:27:52:058790,2843
483.8083,196.1795,5:27:52:061800,2851
482.6277,197.4912,5:27:52:065857,2850
481.2505,198.6281,5:27:52:069800,2851
479.7503,199.6775,5:27:52:073799,2849
478.1763,200.5811,5:27:52:077803,2841
476.4055,201.3099,5:27:52:082799,2835
474.6102,201.8638,5:27:52:087801,2829
472.6673,202.2135,5:27:52:090801,2818
470.7244,202.4176,5:27:52:093800,2809
468.8307,202.4176,5:27:52:097801,2798
466.9861,202.4176,5:27:52:102692,2786
465.24,202.4176,5:27:52:106700,2777
463.5676,201.2224,5:27:52:110703,2767
462.0428,200.4937,5:27:52:114707,2759
460.6655,199.5609,5:27:52:118711,2749
459.4604,198.4532,5:27:52:121710,2729
458.4275,197.1998,5:27:52:126709,2711
457.5421,195.7714,5:27:52:130732,2680
456.8289,194.2265,5:27:52:134700,2648
456.1649,192.5649,5:27:52:138700,2620
455.6238,190.8159,5:27:52:142235,2580
455.1073,188.9211,5:27:52:146235,2547
454.7138,187.0847,5:27:52:150239,2519
454.4187,185.2191,5:27:52:154237,2493
454.1728,183.4409,5:27:52:158660,2480
454.0498,181.7211,5:27:52:162671,2474
454.0006,180.0013,5:27:52:165782,2469
454.0006,178.3689,5:27:52:169774,2455
454.0006,176.853,5:27:52:173771,2452
454.6401,175.483,5:27:52:177772,2445
454.6401,174.1129,5:27:52:182603,2437
455.7468,172.8595,5:27:52:186636,2442
456.4846,171.6352,5:27:52:190612,2436
457.37,170.4984,5:27:52:194612,2436
458.4029,169.4489,5:27:52:198615,2436
459.5834,168.487,5:27:52:202618,2435
460.8869,167.6125,5:27:52:206455,2436
462.3871,166.7963,5:27:52:210492,2436
464.0841,166.0967,5:27:52:214715,2436
465.7564,165.4554,5:27:52:218719,2434
467.5518,164.9016,5:27:52:222668,2432
469.4455,164.4352,5:27:52:226687,2432
471.4622,164.0271,5:27:52:230916,2432
473.5526,163.6772,5:27:52:233927,2435
475.7415,163.3857,5:27:52:237929,2438
477.9795,163.1234,5:27:52:241929,2440
480.2914,162.9485,5:27:52:245956,2443
482.7261,162.7153,5:27:52:249932,2442
485.2593,162.5404,5:27:52:254673,2438
487.9154,162.3072,5:27:52:258683,2433
490.5961,162.1031,5:27:52:262616,2427
493.3752,161.8408,5:27:52:266629,2429
496.2281,161.4619,5:27:52:270624,2430
499.1056,161.0538,5:27:52:274628,2427
502.0568,160.5291,5:27:52:278624,2408
505.0327,159.9169,5:27:52:282626,2371
507.9839,159.159,5:27:52:286625,2325
510.8368,158.2845,5:27:52:290627,2281
513.6896,157.2351,5:27:52:294705,2240
516.4933,156.0691,5:27:52:298707,2219
519.2725,154.6991,5:27:52:301707,2207
521.9777,153.125,5:27:52:306707,2192
524.5847,151.4051,5:27:52:310709,2200
527.1179,149.5686,5:27:52:314732,2198
529.5526,147.6447,5:27:52:318657,2200
531.9628,145.6042,5:27:52:321667,2200
534.2009,143.5054,5:27:52:326666,2188
536.3159,141.3483,5:27:52:330678,2184
538.2834,139.2495,5:27:52:334611,2188
540.1033,137.1799,5:27:52:337829,2193
541.7265,135.1102,5:27:52:341829,2201
543.1284,133.0406,5:27:52:345863,2204
544.4564,130.9126,5:27:52:350669,2197
545.5386,128.7847,5:27:52:354680,2190
546.4731,126.6276,5:27:52:358680,2181
547.1863,124.3539,5:27:52:362679,2176
547.8012,122.0802,5:27:52:366680,2167
548.2685,119.7482,5:27:52:370681,2165
548.6374,117.3579,5:27:52:373781,2171
548.8587,115.0842,5:27:52:377791,2191
548.8833,112.9563,5:27:52:382790,2240
548.8833,110.9157,5:27:52:385791,2300
548.8833,109.1376,5:27:52:390578,2378
548.8833,107.5343,5:27:52:394606,2459
548.2931,106.1935,5:27:52:398060,2530
548.2931,105.1149,5:27:52:402817,2607
547.7274,104.2987,5:27:52:406451,2661
547.7274,103.7157,5:27:52:410461,2693
547.2601,103.2201,5:27:52:414752,2707
547.2601,102.9286,5:27:52:417758,2706
547.2601,102.7829,5:27:52:422671,2700
546.8912,102.7829,5:27:52:425681,2699
546.8912,102.7829,5:27:52:429817,2710
546.8912,103.9197,5:27:52:433827,2721
546.6453,104.8525,5:27:52:437829,2740
546.6453,106.106,5:27:52:442826,2765
546.4485,107.7093,5:27:52:446669,2792
546.4485,109.6331,5:27:52:449702,2828
546.2272,111.8485,5:27:52:454611,2873
546.1042,114.2971,5:27:52:458627,2924
545.9813,116.9498,5:27:52:462621,2985
545.8583,119.8065,5:27:52:466621,3057
545.6861,122.7506,5:27:52:470632,3136
545.5386,125.6948,5:27:52:474639,3225
545.3418,128.7847,5:27:52:477947,3321
545.1451,131.9621,5:27:52:481957,3426
544.9483,135.1685,5:27:52:485956,3527
544.7516,138.6665,5:27:52:489957,3626
544.5794,142.252,5:27:52:494537,3722
544.3581,145.9832,5:27:52:498573,3808
544.1613,149.8602,5:27:52:502226,3895
543.9399,153.8246,5:27:52:506770,3965
543.694,157.8764,5:27:52:510771,4035
543.4235,161.9283,5:27:52:514793,4101
543.1038,165.9801,5:27:52:518794,4173
542.7841,169.9736,5:27:52:522770,4244
542.4398,173.9672,5:27:52:525812,4299
542.0709,178.019,5:27:52:529820,4338
541.702,182.0709,5:27:52:534610,4354
541.333,186.1519,5:27:52:538288,4368
540.9887,190.1454,5:27:52:542289,4382
540.6444,194.0807,5:27:52:546307,4394
540.3247,197.9285,5:27:52:550660,4403
540.0787,201.6306,5:27:52:553669,4408
539.8328,205.1868,5:27:52:558670,4419
539.636,208.5099,5:27:52:562676,4426
539.4885,211.7456,5:27:52:566728,4441
539.3655,214.8938,5:27:52:569738,4452
539.2672,217.9545,5:27:52:574740,4449
539.1934,220.9278,5:27:52:577736,4435
539.1442,223.7554,5:27:52:582093,4389
539.0704,226.4372,5:27:52:586101,4321
539.0458,228.8858,5:27:52:590103,4221
538.972,231.1012,5:27:52:594102,4087
538.9229,232.9959,5:27:52:598112,3928
538.8491,234.5701,5:27:52:602126,3738
538.7999,235.7943,5:27:52:608344,3516
538.7261,236.7271,5:27:52:610658,3276
538.7015,237.3976,5:27:52:615653,3009
538.6277,237.7474,5:27:52:617660,2706
538.5048,237.8349,5:27:52:625105,2336
538.3818,237.8349,5:27:52:627123,1852
538.1605,237.0478,5:27:52:630112,1293
537.9145,236.2316,5:27:52:634181,741
537.5948,235.1822,5:27:52:638195,323
537.1275,233.8413,5:27:52:642671,0
536.5864,232.2381,5:27:52:646681,0
535.8486,230.4308,5:27:52:650681,0
534.9879,228.4194,5:27:52:654702,0
533.8811,226.204,5:27:52:658680,0
532.5776,223.9594,5:27:52:661681,0
530.9791,221.54,5:27:52:666824,0
529.0853,219.0623,5:27:52:669833,0
526.9211,216.4388,5:27:52:673951,0
524.4617,213.7569,5:27:52:677833,0
521.6826,211.046,5:27:52:682907,0
518.6084,208.1893,5:27:52:686422,0
515.2637,205.3326,5:27:52:689836,0
511.6484,202.2719,5:27:52:693843,0
507.8363,199.1236,5:27:52:698662,0
503.7538,195.8589,5:27:52:702672,0
499.4253,192.5649,5:27:52:706670,0
494.9,189.0086,5:27:52:710672,0
490.1534,185.3357,5:27:52:714673,0
485.2347,181.6045,5:27:52:718670,0
480.0454,177.815,5:27:52:722664,0
474.5856,174.0255,5:27:52:727672,0
468.8061,170.2068,5:27:52:730755,0
462.8544,166.4173,5:27:52:733759,0
456.6567,162.5987,5:27:52:738035,0
450.1148,158.8675,5:27:52:741911,0
443.3023,155.2529,5:27:52:746039,0
436.2685,151.58,5:27:52:749930,0
429.0872,147.9071,5:27:52:754610,0
421.7336,144.2925,5:27:52:758621,0
414.2079,140.7362,5:27:52:761968,0
406.5347,137.2965,5:27:52:765975,0
398.7877,133.9442,5:27:52:769981,0
390.9177,130.8544,5:27:52:774033,0
383.0968,127.8519,5:27:52:778081,0
375.2268,125.1118,5:27:52:782044,0
367.3322,122.5174,5:27:52:786032,0
359.4377,120.1563,5:27:52:790064,0
351.6414,117.97,5:27:52:794657,0
343.919,115.813,5:27:52:798000,0
336.1966,113.7724,5:27:52:802161,0
328.7447,111.936,5:27:52:806192,0
321.2928,110.187,5:27:52:810452,0
313.9638,108.5546,5:27:52:814475,0
306.8316,107.0679,5:27:52:818498,0
299.9454,105.6979,5:27:52:822449,0
293.2559,104.4736,5:27:52:826659,0
286.8123,103.4533,5:27:52:830669,0
280.6393,102.608,5:27:52:833952,0
274.9581,101.7335,5:27:52:837947,0
269.7443,100.9756,5:27:52:842021,0
265.0468,100.1594,5:27:52:845953,2316
260.7675,99.37235,5:27:52:850664,2201
256.9801,98.6436,5:27:52:854675,2019
253.7337,97.944,5:27:52:858669,1830
250.9546,97.27355,5:27:52:862688,1640
248.6428,96.57395,5:27:52:866568,1564
246.6261,95.9618,5:27:52:870568,1564
244.9292,95.4954,5:27:52:874565,1582
243.5519,95.1456,5:27:52:878589,1615
242.519,94.9707,5:27:52:882602,1662
241.7812,94.82495,5:27:52:886632,1710
241.3385,94.7375,5:27:52:890611,1747
241.2155,94.7375,5:27:52:894612,1774
241.2155,94.7375,5:27:52:898767,1780
241.8303,94.7375,5:27:52:901778,1793
242.5927,94.7375,5:27:52:905780,1804
243.5519,94.7375,5:27:52:909780,1812
244.7816,94.7375,5:27:52:914807,1846
246.3064,95.46625,5:27:52:917777,1894
248.1263,95.46625,5:27:52:922670,1962
250.2414,96.0784,5:27:52:926678,2041
252.75,96.0784,5:27:52:930703,2114
255.652,96.8363,5:27:52:934681,2174
258.9968,96.8363,5:27:52:938669,2235
262.858,97.5942,5:27:52:942680,2298
267.2603,97.97315,5:27:52:946703,2362
272.2528,97.97315,5:27:52:949680,2422
277.7372,98.55615,5:27:52:954679,2471
283.8857,98.55615,5:27:52:958679,2519
290.5998,98.96425,5:27:52:962673,2556
297.9779,99.1683,5:27:52:965683,2580
305.8725,99.1683,5:27:52:970681,2600
314.3081,99.4015,5:27:52:974683,2611
323.3094,99.5764,5:27:52:978938,2619
332.778,99.72215,5:27:52:981951,2629
342.7877,99.89705,5:27:52:985948,2643
353.1909,100.1302,5:27:52:989972,2656
363.9137,100.4218,5:27:52:993960,2673
374.9317,100.7716,5:27:52:998947,2693
386.1711,101.1796,5:27:53:002298,2717
397.6317,101.7043,5:27:53:006331,2742
409.24,102.2582,5:27:53:010636,2768
420.8728,102.9286,5:27:53:014673,2795
432.5057,103.6283,5:27:53:018676,2816
444.0894,104.3279,5:27:53:022683,2836
455.5255,105.2023,5:27:53:026677,2849
466.691,106.1935,5:27:53:029674,2859
477.7336,107.272,5:27:53:034305,2865
488.3089,108.5255,5:27:53:038302,2874
498.4661,109.8081,5:27:53:042618,2882
508.2544,111.1781,5:27:53:046961,2883
517.4279,112.6647,5:27:53:049961,2889
525.9619,114.2097,5:27:53:053961,2891
533.8811,115.7546,5:27:53:057963,2893
541.1117,117.2122,5:27:53:061961,2901
547.5306,118.553,5:27:53:067296,2903
553.261,119.8065,5:27:53:070306,2902
558.1306,121.0016,5:27:53:074306,2894
562.1885,121.9928,5:27:53:078319,2852
565.3365,122.8964,5:27:53:082304,2740
567.7467,123.6252,5:27:53:086305,2579
569.3699,124.2664,5:27:53:090575,2383
570.2061,124.8494,5:27:53:094583,2186
570.4274,125.3741,5:27:53:098587,2034
570.4274,125.8114,5:27:53:102583,1913
569.0502,126.2195,5:27:53:106586,1800
567.7221,126.6276,5:27:53:110585,1655
566.0005,127.0357,5:27:53:114587,1490
563.9101,127.4438,5:27:53:120586,1296
561.5737,127.8811,5:27:53:123586,1135
559.0897,128.2892,5:27:53:126607,1032
556.4828,128.6973,5:27:53:130597,970
553.7283,129.1345,5:27:53:134656,965
550.9492,129.6009,5:27:53:138663,958
548.1947,130.0381,5:27:53:142601,960
545.5632,130.4754,5:27:53:146638,976
543.1284,130.9126,5:27:53:149784,976
541.0133,131.3208,5:27:53:153799,993
539.1442,131.7289,5:27:53:157872,1018
537.644,132.0786,5:27:53:161796,1037
536.488,132.3701,5:27:53:165795,1077
535.7256,132.5742,5:27:53:169796,1104
535.283,132.8074,5:27:53:174665,1127
535.2092,132.9532,5:27:53:178693,1154
535.2092,133.0697,5:27:53:182727,1162
535.2092,133.1281,5:27:53:186726,1174
536.2913,133.1281,5:27:53:190726,1178
536.9799,133.1281,5:27:53:193726,1175
537.6932,133.1281,5:27:53:198736,1126
538.4556,133.1281,5:27:53:202760,941
539.1934,133.1281,5:27:53:206747,647
539.882,132.3993,5:27:53:210741,355
540.5214,132.3993,5:27:53:214608,0
541.0379,131.6997,5:27:53:219643,0
541.4806,131.6997,5:27:53:222681,0
541.8003,130.7669,5:27:53:226676,0
541.8003,130.3005,5:27:53:230664,0
542.1692,129.7758,5:27:53:233662,0
542.1692,129.2511,5:27:53:238661,0
542.1692,128.7264,5:27:53:241674,0
542.1692,128.1725,5:27:53:246670,0
541.579,127.5895,5:27:53:249680,0
541.579,127.094,5:27:53:254682,0
540.5706,126.6567,5:27:53:258680,0
539.882,126.2778,5:27:53:262681,0
539.095,125.9571,5:27:53:265680,0
538.1359,125.7822,5:27:53:270689,0
537.1029,125.6656,5:27:53:273695,0
535.8486,125.6656,5:27:53:278660,0
534.4468,125.6656,5:27:53:282175,0
533.1679,125.6656,5:27:53:286661,0
533.1679,125.6656,5:27:53:304657,0
