187.5027,128.5515,5:24:09:967805,0
187.5027,128.5515,5:24:09:970815,0
188.8308,128.5515,5:24:09:975815,0
189.6424,128.5515,5:24:09:978815,0
190.5278,127.7353,5:24:09:982918,0
191.4623,127.7353,5:24:09:986813,0
192.4953,126.7442,5:24:09:991573,0
193.5528,126.1029,5:24:09:994581,0
194.7087,125.4033,5:24:09:999584,0
195.2744,124.6746,5:24:10:002583,0
195.8646,124.0041,5:24:10:007582,0
196.4795,123.3336,5:24:10:010583,0
197.1435,122.809,5:24:10:015412,0
198.0289,122.2842,5:24:10:018436,0
198.8897,121.7887,5:24:10:023446,0
199.7012,121.3806,5:24:10:026980,0
200.808,120.9725,5:24:10:031758,0
201.9147,120.5061,5:24:10:034800,0
203.0214,120.1854,5:24:10:038776,0
204.1035,119.9231,5:24:10:042769,0
205.284,119.6024,5:24:10:046830,0
206.2924,119.2818,5:24:10:050766,0
207.3991,119.0778,5:24:10:055569,0
208.555,118.8446,5:24:10:058583,0
209.3174,118.6988,5:24:10:063583,0
210.0552,118.5822,5:24:10:066583,0
210.6455,118.4948,5:24:10:071583,0
211.1127,118.4073,5:24:10:074583,0
211.3341,118.4073,5:24:10:079445,0
211.3587,118.4073,5:24:10:082455,0
211.3587,118.4073,5:24:10:086956,0
211.3587,118.4073,5:24:10:090937,0
210.6455,119.2235,5:24:10:095057,0
210.6455,119.2235,5:24:10:098938,0
210.0798,119.7774,5:24:10:103586,0
210.0798,119.7774,5:24:10:106621,0
209.5388,120.3604,5:24:10:111654,0
209.5388,120.3604,5:24:10:115183,0
209.5388,121.0016,5:24:10:119195,0
209.5388,121.0016,5:24:10:123173,0
209.1698,121.6138,5:24:10:127186,0
209.1698,122.0219,5:24:10:131173,0
209.1698,122.4883,5:24:10:135782,0
209.1698,122.9256,5:24:10:138793,0
209.1698,123.3628,5:24:10:142807,0
209.1698,123.8,5:24:10:146812,0
209.1698,124.2956,5:24:10:151794,0
209.1698,124.762,5:24:10:154807,0
209.7847,125.2284,5:24:10:159582,0
209.7847,125.6365,5:24:10:162620,0
210.2274,126.0737,5:24:10:167585,0
210.2274,126.511,5:24:10:171079,0
210.5963,126.9191,5:24:10:175096,0
210.5963,127.3272,5:24:10:179078,0
210.9898,127.7353,5:24:10:183133,0
210.9898,128.1434,5:24:10:187078,0
211.2357,128.5515,5:24:10:191727,0
211.2357,128.9596,5:24:10:194737,0
211.4571,129.3677,5:24:10:199505,0
211.6046,129.7466,5:24:10:202515,0
211.6046,130.1548,5:24:10:207514,0
211.826,130.4754,5:24:10:210515,0
211.9489,130.7669,5:24:10:215514,0
212.0473,131.0293,5:24:10:218518,0
212.0965,131.2916,5:24:10:223512,0
212.1703,131.4665,5:24:10:226492,0
212.1703,131.5831,5:24:10:231584,0
212.1703,131.6705,5:24:10:234611,0
212.1703,131.7289,5:24:10:238676,0
212.1703,131.758,5:24:10:243035,0
212.1703,131.8163,5:24:10:247513,191
212.1703,131.8163,5:24:10:250975,198
212.1703,131.8163,5:24:10:255492,207
212.1703,131.8163,5:24:10:258503,218
212.1703,131.8454,5:24:10:263505,240
212.1703,131.8454,5:24:10:266506,267
212.1703,131.8746,5:24:10:271504,300
212.1703,131.9329,5:24:10:274503,337
212.1703,131.9329,5:24:10:279521,366
212.1703,131.9912,5:24:10:282543,428
212.1703,132.0786,5:24:10:287454,530
212.1703,132.2244,5:24:10:290462,636
212.1703,132.4285,5:24:10:295256,750
212.1703,132.7782,5:24:10:299255,844
212.1703,133.1281,5:24:10:303255,925
212.1703,133.6819,5:24:10:307256,1004
212.1703,134.3232,5:24:10:311484,1082
212.1703,135.1394,5:24:10:314492,1139
212.6868,136.0722,5:24:10:319494,1182
212.6868,137.0925,5:24:10:322492,1231
212.6868,138.2876,5:24:10:326643,1301
213.1294,139.541,5:24:10:331518,1381
213.1294,141.0277,5:24:10:335305,1442
213.1294,142.6601,5:24:10:339319,1502
213.1294,144.5549,5:24:10:343468,1539
213.1294,146.5662,5:24:10:346479,1579
213.1294,148.7233,5:24:10:351479,1629
213.1294,150.997,5:24:10:354479,1677
213.1294,153.2415,5:24:10:359738,1722
213.1294,155.5735,5:24:10:362749,1755
213.1294,157.8764,5:24:10:367747,1778
213.1294,160.0918,5:24:10:370751,1809
213.1294,162.1031,5:24:10:374846,1838
213.1294,164.0271,5:24:10:378748,1877
212.5638,165.8344,5:24:10:383413,1907
212.5638,167.5251,5:24:10:386772,1923
212.5638,169.1575,5:24:10:391512,1935
212.0719,170.7024,5:24:10:394510,1934
212.0719,172.1891,5:24:10:398513,1937
211.703,173.5591,5:24:10:402510,1943
211.703,174.9292,5:24:10:407276,1948
211.2357,176.1826,5:24:10:411284,1959
211.0144,177.3777,5:24:10:415285,1972
210.7193,178.4563,5:24:10:419303,1979
210.4733,179.5349,5:24:10:423286,1988
210.252,180.4385,5:24:10:427291,1988
210.1044,181.3713,5:24:10:431197,1988
209.9568,182.1875,5:24:10:435206,1989
209.8339,182.8288,5:24:10:439444,1995
209.7601,183.3535,5:24:10:442442,2002
209.6371,183.7908,5:24:10:447443,2006
209.6125,184.1114,5:24:10:450446,2008
209.5633,184.2572,5:24:10:455505,2007
209.5633,184.2572,5:24:10:458891,2004
209.5633,184.2572,5:24:10:463637,2000
209.5633,184.2572,5:24:10:466648,2001
209.5633,183.2661,5:24:10:470662,2011
209.5633,183.2661,5:24:10:474648,2009
209.5633,182.1584,5:24:10:478649,2017
209.5633,181.4879,5:24:10:482651,2017
209.5633,180.7009,5:24:10:486645,1997
209.5633,179.9429,5:24:10:490646,1995
209.5633,179.185,5:24:10:495304,1982
209.5633,178.4272,5:24:10:499315,1982
209.5633,177.6693,5:24:10:503370,1985
209.5633,176.9405,5:24:10:507394,1977
209.5633,176.1826,5:24:10:511372,1979
209.5633,175.4538,5:24:10:514373,1968
209.5633,174.7834,5:24:10:519370,1965
209.5633,174.1129,5:24:10:523396,1964
209.0223,173.53,5:24:10:527016,1961
209.0223,172.9469,5:24:10:531026,1961
208.6042,172.3348,5:24:10:535309,1956
208.6042,171.8392,5:24:10:538376,1952
208.1369,171.3145,5:24:10:543347,1944
207.8664,170.7899,5:24:10:547347,1939
207.4729,170.3235,5:24:10:551348,1930
207.1777,169.8279,5:24:10:554349,1920
206.8826,169.3907,5:24:10:559303,1911
206.6121,168.9534,5:24:10:562313,1901
206.2678,168.5744,5:24:10:566833,1905
205.8005,168.1955,5:24:10:570846,1909
205.3578,167.8165,5:24:10:574845,1918
204.8168,167.5833,5:24:10:578843,1921
204.3003,167.2627,5:24:10:583252,1916
203.6362,166.9712,5:24:10:586857,1909
202.9476,166.7672,5:24:10:591304,1899
202.1606,166.5631,5:24:10:595312,1893
201.2753,166.3882,5:24:10:598926,1885
200.3407,166.2424,5:24:10:602854,1887
199.2586,166.1259,5:24:10:606852,1880
198.1518,166.0384,5:24:10:610854,1874
196.7992,166.0384,5:24:10:615195,1871
195.299,166.0384,5:24:10:618735,1862
193.5774,166.0384,5:24:10:622830,1853
191.7083,166.0384,5:24:10:626843,1850
189.667,166.0384,5:24:10:631235,1837
187.5273,166.7963,5:24:10:635215,1826
185.2647,166.7963,5:24:10:639217,1824
182.9529,167.4959,5:24:10:643216,1819
180.6903,167.4959,5:24:10:647256,1820
178.4277,168.3412,5:24:10:651268,1829
176.288,168.866,5:24:10:655267,1835
174.1975,169.3907,5:24:10:659274,1847
172.1317,169.9736,5:24:10:663303,1853
170.1642,170.6149,5:24:10:667317,1855
168.2458,171.3145,5:24:10:671476,1861
166.4013,171.985,5:24:10:674472,1863
164.606,172.7137,5:24:10:679472,1874
162.8598,173.5008,5:24:10:682473,1880
161.1382,174.2296,5:24:10:687378,1876
159.5643,175.0166,5:24:10:690386,1874
158.1624,175.8328,5:24:10:694964,1878
156.9081,176.5907,5:24:10:699200,1884
155.8506,177.3486,5:24:10:702939,1896
154.9652,178.0482,5:24:10:706937,1913
154.3258,178.7478,5:24:10:711028,1915
153.9077,179.4765,5:24:10:715036,1919
153.7355,180.2053,5:24:10:719038,1927
153.7355,180.9632,5:24:10:723038,1922
153.7355,181.7794,5:24:10:727038,1938
153.7355,182.5956,5:24:10:731039,1944
154.8423,183.5284,5:24:10:735311,1953
155.5801,184.4904,5:24:10:738348,1963
156.4162,185.4814,5:24:10:743305,1966
157.3508,186.5017,5:24:10:747313,1972
158.3837,187.5219,5:24:10:751314,1975
159.5397,188.4547,5:24:10:755315,1978
160.7202,189.3875,5:24:10:759332,1980
161.9744,190.2621,5:24:10:763314,1990
163.2533,191.1074,5:24:10:767649,1988
164.5322,191.9527,5:24:10:770659,1995
165.8848,192.769,5:24:10:774715,2007
167.1883,193.5269,5:24:10:778657,2007
168.5901,194.2847,5:24:10:782661,2018
169.9428,195.0718,5:24:10:786657,2025
171.3201,195.8297,5:24:10:791251,2022
172.7465,196.5293,5:24:10:794673,2031
174.2467,197.2289,5:24:10:798674,2051
175.8453,197.8994,5:24:10:803673,2059
177.3947,198.5115,5:24:10:806671,2068
179.0917,199.1236,5:24:10:810672,2068
180.7887,199.7066,5:24:10:815145,2066
182.584,200.2605,5:24:10:819151,2074
184.4531,200.7852,5:24:10:823151,2084
186.2977,201.2516,5:24:10:828153,2100
188.1422,201.6888,5:24:10:831151,2097
189.9621,202.1552,5:24:10:835303,2088
191.7821,202.5925,5:24:10:838356,2084
193.5282,203.0298,5:24:10:843337,2076
195.2006,203.5253,5:24:10:846341,2080
196.8238,204.0208,5:24:10:851594,2086
198.3732,204.633,5:24:10:854604,2088
199.7996,205.216,5:24:10:858604,2094
201.0785,205.8864,5:24:10:862604,2091
202.3328,206.5278,5:24:10:866606,2094
203.3657,207.1691,5:24:10:870619,2101
204.2757,207.927,5:24:10:875305,2109
205.0873,208.6266,5:24:10:879312,2129
205.7759,209.3261,5:24:10:883208,2144
206.4399,210.0257,5:24:10:887086,2166
206.9564,210.8128,5:24:10:891129,2187
207.4237,211.5999,5:24:10:895088,2202
207.768,212.4743,5:24:10:899313,2225
208.0877,213.4363,5:24:10:903324,2254
208.2845,214.34,5:24:10:907196,2277
208.4812,215.2144,5:24:10:911119,2308
208.555,216.2056,5:24:10:915117,2342
208.555,217.2549,5:24:10:919117,2362
208.555,218.3918,5:24:10:922823,2394
208.555,219.5869,5:24:10:926836,2430
207.7434,220.8404,5:24:10:931128,2457
207.7434,222.0938,5:24:10:935135,2488
206.7597,223.5222,5:24:10:939202,2510
206.0464,224.9797,5:24:10:943135,2525
205.1365,226.4955,5:24:10:947135,2539
204.0052,228.0696,5:24:10:951135,2542
202.7263,229.5562,5:24:10:955249,2547
201.2261,231.1012,5:24:10:959298,2545
199.4799,232.617,5:24:10:963307,2544
197.414,234.1037,5:24:10:967316,2549
195.176,235.6194,5:24:10:971333,2550
192.7412,237.0478,5:24:10:975335,2551
190.1097,238.4762,5:24:10:979317,2551
187.306,239.8462,5:24:10:983318,2548
184.4285,241.0997,5:24:10:986855,2535
181.5019,242.2657,5:24:10:991343,2510
178.5998,243.3734,5:24:10:995326,2457
175.7469,244.3936,5:24:10:999326,2377
172.9924,245.2681,5:24:11:004328,2257
170.4101,246.026,5:24:11:007329,2100
168.0245,246.6382,5:24:11:010330,1894
165.8357,247.0754,5:24:11:015152,1642
163.8436,247.396,5:24:11:019160,1346
162.0974,247.4835,5:24:11:023139,1033
160.5726,247.4835,5:24:11:027141,709
159.3921,247.4835,5:24:11:031140,407
158.5067,246.6964,5:24:11:035142,196
157.8919,246.6964,5:24:11:039285,0
157.5722,245.239,5:24:11:043293,0
157.4738,244.2478,5:24:11:047293,0
157.4738,243.0818,5:24:11:050294,0
157.4738,241.7993,5:24:11:055256,0
158.5067,240.3418,5:24:11:058992,0
159.0724,238.8259,5:24:11:062992,0
159.7118,237.2518,5:24:11:067308,0
160.4004,235.532,5:24:11:070327,0
161.1874,233.7538,5:24:11:075325,0
161.9744,231.9465,5:24:11:079341,0
162.8106,230.1393,5:24:11:083577,0
163.7206,228.2445,5:24:11:086586,0
164.7781,226.4081,5:24:11:090587,0
165.9094,224.5133,5:24:11:094587,0
167.1145,222.7643,5:24:11:098588,0
168.4426,221.0153,5:24:11:103586,0
169.7707,219.3537,5:24:11:106587,0
171.1233,217.6922,5:24:11:110606,0
172.4022,216.1472,5:24:11:114779,0
173.6565,214.6606,5:24:11:118779,0
174.7878,213.2905,5:24:11:122779,0
175.7715,212.0663,5:24:11:126781,0
176.5339,210.8419,5:24:11:131241,0
177.0504,209.7634,5:24:11:134793,0
177.3701,208.8015,5:24:11:139297,0
177.4931,207.9852,5:24:11:142308,0
177.4931,207.2565,5:24:11:147293,0
177.4931,206.7027,5:24:11:151322,0
176.6323,206.1488,5:24:11:155301,0
176.0175,205.6241,5:24:11:159327,0
175.378,205.1577,5:24:11:163312,590
174.6156,204.6622,5:24:11:167312,582
173.8532,204.2249,5:24:11:171312,576
173.0662,203.7876,5:24:11:175312,574
172.3776,203.3212,5:24:11:179299,572
171.6152,202.8548,5:24:11:183307,571
170.8528,202.4467,5:24:11:187307,582
170.0412,202.0678,5:24:11:191307,613
169.2296,201.7471,5:24:11:195309,678
168.4426,201.4848,5:24:11:199307,764
167.631,201.2516,5:24:11:203305,854
166.8194,201.0767,5:24:11:206822,928
165.934,200.9601,5:24:11:210818,980
165.0978,200.931,5:24:11:214821,1024
164.2125,200.931,5:24:11:218819,1062
163.3763,200.931,5:24:11:222819,1103
162.5155,200.931,5:24:11:227357,1144
161.6301,200.931,5:24:11:231374,1174
160.7202,201.8638,5:24:11:235314,1212
159.761,201.8638,5:24:11:238351,1235
158.7773,203.0006,5:24:11:243302,1270
157.6951,203.7294,5:24:11:247310,1325
156.5392,204.6622,5:24:11:251368,1377
155.2357,205.7115,5:24:11:254365,1442
153.8585,206.9359,5:24:11:259367,1494
152.3583,208.3059,5:24:11:263366,1529
150.7843,209.8508,5:24:11:267307,1566
149.2349,211.4832,5:24:11:270841,1595
147.6363,213.4072,5:24:11:274844,1621
146.0623,215.6225,5:24:11:278844,1651
144.4883,217.9837,5:24:11:282862,1667
142.9143,220.6072,5:24:11:286842,1685
141.3895,223.3473,5:24:11:290508,1710
139.9138,226.2332,5:24:11:294509,1725
138.512,229.1773,5:24:11:298561,1748
137.1102,232.1797,5:24:11:302570,1775
135.7083,235.0947,5:24:11:306574,1777
134.3802,237.9223,5:24:11:310572,1785
133.1998,240.575,5:24:11:315252,1783
132.1176,243.1693,5:24:11:319266,1782
131.1339,245.6762,5:24:11:322635,1802
130.3715,248.2122,5:24:11:327641,1823
129.7812,250.7483,5:24:11:331161,1844
129.3877,253.3427,5:24:11:335196,1862
129.2156,256.0244,5:24:11:339264,1873
129.2156,258.7062,5:24:11:343196,1888
129.2156,261.3881,5:24:11:347196,1901
129.8304,263.9824,5:24:11:351196,1921
129.8304,266.4601,5:24:11:355707,1932
131.1339,268.8213,5:24:11:358717,1945
132.0193,270.9784,5:24:11:362771,1960
133.0768,272.844,5:24:11:366715,1969
134.3065,274.5347,5:24:11:370717,1981
135.7083,275.963,5:24:11:374717,1996
137.3069,277.2165,5:24:11:379302,2017
139.0531,278.295,5:24:11:383312,2036
141.1435,279.257,5:24:11:387311,2057
143.4308,279.9566,5:24:11:391312,2078
145.9885,280.5688,5:24:11:395310,2101
148.7676,280.9768,5:24:11:399309,2123
151.7188,281.1809,5:24:11:403303,2153
154.916,281.2101,5:24:11:407314,2175
158.31,281.2101,5:24:11:411257,2188
161.8761,281.2101,5:24:11:414278,2195
165.5405,280.2481,5:24:11:419260,2193
169.3772,279.6068,5:24:11:423259,2199
173.3859,278.7906,5:24:11:426566,2199
177.4685,277.8286,5:24:11:430577,2207
181.6248,276.7501,5:24:11:435343,2214
185.8304,275.555,5:24:11:438354,2213
190.0113,274.3015,5:24:11:443306,2209
194.1185,272.9315,5:24:11:447326,2200
198.1518,271.5614,5:24:11:451367,2191
201.9885,270.1622,5:24:11:454374,2180
205.6037,268.7339,5:24:11:459368,2174
208.9731,267.3347,5:24:11:462370,2155
212.1457,265.9646,5:24:11:467303,2085
214.974,264.5945,5:24:11:471311,1908
217.5317,263.2245,5:24:11:474551,1594
219.7943,261.9419,5:24:11:478552,1153
221.6881,260.601,5:24:11:482600,680
223.2129,259.2601,5:24:11:486552,312
224.3688,258.0358,5:24:11:490551,0
225.2296,256.7532,5:24:11:495550,0
225.746,255.4123,5:24:11:498513,0
226.0412,254.1006,5:24:11:502512,0
226.0658,252.6722,5:24:11:507513,0
226.0658,251.1855,5:24:11:511514,0
226.0658,249.6698,5:24:11:514639,0
225.4755,248.0665,5:24:11:518647,0
225.4755,246.2009,5:24:11:522649,0
225.4755,244.277,5:24:11:526649,0
224.9836,242.2074,5:24:11:531298,0
224.9836,239.9919,5:24:11:534660,0
224.9836,237.6599,5:24:11:539301,0
224.9836,235.1822,5:24:11:542674,0
225.8198,232.5878,5:24:11:547983,0
226.3609,229.7603,5:24:11:551984,0
226.9019,226.8161,5:24:11:554983,0
227.5906,223.7554,5:24:11:558983,0
228.4759,220.578,5:24:11:562983,0
229.4843,217.2841,5:24:11:567488,0
230.6894,213.961,5:24:11:570498,0
231.9682,210.5504,5:24:11:574501,0
233.4193,207.0816,5:24:11:578498,0
234.9687,203.6711,5:24:11:582501,0
236.6902,200.2314,5:24:11:586513,0
238.5594,196.8499,5:24:11:591300,0
240.5269,193.3811,5:24:11:595324,0
242.519,189.9414,5:24:11:599310,0
244.6094,186.4142,5:24:11:602310,0
246.7983,182.858,5:24:11:606308,0
248.9625,179.3308,5:24:11:610569,0
251.176,175.8911,5:24:11:615297,0
253.3894,172.5388,5:24:11:619320,0
255.5291,169.1866,5:24:11:623322,0
257.5949,166.0384,5:24:11:627322,0
259.587,162.9193,5:24:11:631539,0
261.5299,159.9169,5:24:11:634550,0
263.2761,156.9144,5:24:11:638581,0
264.8009,154.0286,5:24:11:642552,0
266.1044,151.1427,5:24:11:646549,0
267.2357,148.2861,5:24:11:651547,0
268.1703,145.4585,5:24:11:654549,0
268.8343,142.7767,5:24:11:659307,0
269.277,140.1241,5:24:11:662318,0
269.4245,137.7046,5:24:11:666649,0
269.4737,135.4601,5:24:11:671649,0
269.4737,133.3904,5:24:11:674652,0
269.4737,131.4665,5:24:11:679662,0
269.4737,129.7466,5:24:11:682541,0
268.7605,128.2309,5:24:11:686553,0
268.7605,126.8608,5:24:11:691305,0
267.9735,125.6365,5:24:11:695316,0
267.4816,124.558,5:24:11:699326,0
266.9897,123.6252,5:24:11:703313,0
266.4979,122.8381,5:24:11:707570,0
265.9322,122.1968,5:24:11:710578,0
265.3911,121.6721,5:24:11:714581,0
264.8993,121.264,5:24:11:718589,0
264.432,120.885,5:24:11:722580,0
263.9647,120.6518,5:24:11:726581,0
263.645,120.477,5:24:11:731299,0
263.3007,120.3604,5:24:11:734310,0
263.0793,120.302,5:24:11:739309,858
262.8826,120.302,5:24:11:742313,844
262.735,120.302,5:24:11:747596,836
262.6367,120.302,5:24:11:750609,832
262.5383,120.302,5:24:11:754620,831
262.5383,120.302,5:24:11:758606,841
262.5137,120.302,5:24:11:762608,834
262.5137,121.264,5:24:11:766606,827
262.5137,121.264,5:24:11:771658,831
262.5137,122.2842,5:24:11:775666,845
262.5137,122.9838,5:24:11:779546,873
262.5137,123.8,5:24:11:783548,906
262.5137,124.7037,5:24:11:786595,943
262.5137,125.6656,5:24:11:790548,1001
262.5137,126.7442,5:24:11:795303,1083
262.5137,127.8227,5:24:11:798313,1197
263.0793,128.9888,5:24:11:803014,1317
263.0793,130.2422,5:24:11:807017,1421
263.0793,131.6122,5:24:11:811014,1511
263.0793,133.1281,5:24:11:815017,1603
263.399,134.8479,5:24:11:818616,1691
263.399,136.6552,5:24:11:822594,1805
263.399,138.754,5:24:11:827007,1926
263.399,141.1443,5:24:11:831017,2027
263.399,143.7678,5:24:11:835167,2125
263.399,146.6245,5:24:11:839034,2198
262.6859,149.5686,5:24:11:843033,2274
262.6859,152.6877,5:24:11:847033,2343
262.071,155.8359,5:24:11:851045,2402
262.071,159.1007,5:24:11:855052,2449
261.3332,162.2489,5:24:11:859311,2489
260.9151,165.3388,5:24:11:863337,2524
260.5216,168.4579,5:24:11:867257,2571
260.0543,171.5769,5:24:11:871268,2616
259.587,174.9,5:24:11:875264,2642
259.1198,178.3689,5:24:11:879267,2674
258.5787,182.0126,5:24:11:883304,2691
258.0622,185.6272,5:24:11:887314,2712
257.5211,189.3001,5:24:11:891222,2735
257.0293,193.0022,5:24:11:895239,2741
256.5128,196.6167,5:24:11:899250,2752
256.0455,200.173,5:24:11:903222,2752
255.5782,203.4379,5:24:11:907321,2756
255.1356,206.6152,5:24:11:910347,2770
254.7667,209.8508,5:24:11:914441,2780
254.4223,213.0573,5:24:11:918452,2791
254.0534,216.3221,5:24:11:922450,2800
253.7829,219.5578,5:24:11:926450,2798
253.4632,222.7643,5:24:11:931451,2801
253.2173,225.9125,5:24:11:935449,2802
252.9959,228.9733,5:24:11:939296,2806
252.7992,231.8882,5:24:11:943306,2805
252.6516,234.5117,5:24:11:947226,2776
252.504,236.8729,5:24:11:951234,2707
252.3565,239.03,5:24:11:955267,2584
252.2827,240.983,5:24:11:959232,2399
252.2089,242.7321,5:24:11:963247,2128
252.1597,244.2478,5:24:11:966498,1751
252.0859,245.5304,5:24:11:971250,1261
252.0613,246.609,5:24:11:975279,750
252.0613,247.396,5:24:11:979018,344
252.0613,247.8624,5:24:11:983042,0
252.0613,248.0956,5:24:11:987015,0
252.0613,248.0956,5:24:11:991015,0
252.0613,248.0956,5:24:11:995300,0
252.0613,246.7547,5:24:11:999320,0
252.0613,245.7345,5:24:12:003028,0
252.5532,244.3936,5:24:12:007030,0
252.5532,242.8195,5:24:12:011030,0
252.5532,241.0414,5:24:12:015029,0
253.0943,239.0883,5:24:12:019245,0
253.0943,237.0186,5:24:12:023267,0
253.6107,234.8033,5:24:12:027253,0
253.9797,232.5004,5:24:12:031259,0
254.4223,230.1101,5:24:12:035253,0
254.988,227.6032,5:24:12:039260,0
255.6274,225.0672,5:24:12:043263,0
256.3407,222.4436,5:24:12:047292,0
257.1523,219.7327,5:24:12:051274,0
258.0868,217.0217,5:24:12:057289,0
259.1198,214.34,5:24:12:060282,0
260.3248,211.5415,5:24:12:063273,0
261.6775,208.8598,5:24:12:067274,0
263.0547,206.1779,5:24:12:071283,0
264.5796,203.467,5:24:12:075291,0
266.1536,200.8435,5:24:12:078689,0
267.8259,198.1617,5:24:12:083335,0
269.4491,195.3633,5:24:12:086334,0
271.1461,192.4483,5:24:12:091334,0
272.7939,189.5333,5:24:12:095335,0
274.4171,186.5017,5:24:12:099262,0
276.0157,183.2952,5:24:12:103273,0
277.5405,180.147,5:24:12:107120,0
279.0653,176.9697,5:24:12:111122,0
280.5163,173.7923,5:24:12:115122,0
281.9673,170.6732,5:24:12:119124,0
283.4184,167.6416,5:24:12:123389,0
284.8202,164.5809,5:24:12:126402,0
286.1729,161.5784,5:24:12:130436,0
287.5747,158.6343,5:24:12:135404,0
288.9766,155.7193,5:24:12:139400,0
290.3292,152.9209,5:24:12:143245,0
291.6573,150.2391,5:24:12:146410,0
292.9116,147.703,5:24:12:151297,0
294.1167,145.2836,5:24:12:155308,0
295.2234,143.039,5:24:12:159245,255
296.2563,140.9986,5:24:12:162566,249
297.1909,139.2204,5:24:12:166615,256
298.0271,137.588,5:24:12:170612,274
298.9124,136.1888,5:24:12:174730,299
299.7732,134.8188,5:24:12:179612,348
300.6832,133.6528,5:24:12:183298,385
301.6177,132.6325,5:24:12:186742,416
302.5523,131.758,5:24:12:191306,445
303.5607,131.0001,5:24:12:195318,457
304.6182,130.3588,5:24:12:199316,486
305.6757,129.8049,5:24:12:202315,510
306.6841,129.426,5:24:12:206316,529
307.6432,129.1345,5:24:12:211323,544
308.5532,128.9888,5:24:12:214451,547
309.414,128.9888,5:24:12:219460,547
310.1764,128.9888,5:24:12:222847,559
310.9388,128.9888,5:24:12:226860,581
311.5782,129.8049,5:24:12:231266,600
312.2177,129.8049,5:24:12:235286,632
312.7833,131.0584,5:24:12:239275,684
313.349,131.9621,5:24:12:243266,738
313.89,132.9823,5:24:12:247306,797
314.4557,134.2649,5:24:12:250314,856
314.9968,135.6641,5:24:12:254870,903
315.5132,137.209,5:24:12:258799,985
316.0543,139.0163,5:24:12:262800,1065
316.497,141.1734,5:24:12:266799,1158
316.8905,143.5929,5:24:12:271307,1248
317.2102,146.1581,5:24:12:275316,1317
317.3578,148.9565,5:24:12:279317,1409
317.407,151.8715,5:24:12:283316,1485
317.407,154.8739,5:24:12:287315,1566
317.407,157.993,5:24:12:291317,1642
316.5216,161.0246,5:24:12:295299,1695
315.8329,163.9396,5:24:12:299307,1747
314.9722,166.7963,5:24:12:303012,1787
313.8654,169.653,5:24:12:307015,1821
312.562,172.4514,5:24:12:311012,1855
310.9634,175.3956,5:24:12:315013,1880
309.2418,178.4272,5:24:12:318610,1907
307.2989,181.517,5:24:12:323470,1918
305.2084,184.7527,5:24:12:327709,1926
302.9458,187.9592,5:24:12:330720,1938
300.5356,191.1074,5:24:12:335720,1941
297.9041,194.1973,5:24:12:338720,1942
295.2234,197.1998,5:24:12:342779,1952
292.4443,199.9398,5:24:12:347726,1951
289.5668,202.4176,5:24:12:351248,1949
286.6402,204.6913,5:24:12:354732,1953
283.7627,206.7318,5:24:12:359310,1949
280.959,208.5974,5:24:12:362348,1948
278.3275,210.2298,5:24:12:367320,1949
275.9173,211.6581,5:24:12:370320,1950
273.8268,212.9116,5:24:12:375246,1953
272.0561,213.961,5:24:12:379358,1957
270.605,214.8355,5:24:12:383359,1955
269.5229,215.506,5:24:12:387359,1953
268.7359,215.9432,5:24:12:391359,1954
268.244,216.293,5:24:12:395358,1958
267.9489,216.4971,5:24:12:398499,1962
267.8259,216.6136,5:24:12:402507,1966
267.8013,216.672,5:24:12:406508,1966
267.8013,216.672,5:24:12:410509,1958
267.8013,216.672,5:24:12:415297,1960
267.8013,216.672,5:24:12:418307,1961
268.5146,216.672,5:24:12:422903,1966
268.5146,216.672,5:24:12:426903,1975
269.3999,216.672,5:24:12:430903,1975
270.0148,215.914,5:24:12:434903,1975
270.728,215.914,5:24:12:439840,1976
271.515,215.914,5:24:12:442846,1972
272.4004,215.914,5:24:12:447297,1974
273.3595,215.3893,5:24:12:450311,1980
274.1957,215.3893,5:24:12:455308,1981
275.0811,215.3893,5:24:12:459309,1985
275.8927,215.3893,5:24:12:463322,1984
276.6797,215.3893,5:24:12:467306,1978
277.3929,215.3893,5:24:12:471526,1976
278.0815,216.1764,5:24:12:474537,1981
278.7701,216.1764,5:24:12:478635,1991
279.4096,217.1384,5:24:12:482553,1999
280.0736,217.8088,5:24:12:486536,2010
280.7377,218.5959,5:24:12:490539,2017
281.3771,219.4704,5:24:12:494748,2020
282.0411,220.5489,5:24:12:498672,2032
282.7297,221.8024,5:24:12:502672,2047
283.4184,223.2016,5:24:12:506675,2074
284.107,224.6299,5:24:12:510672,2110
284.7956,226.1457,5:24:12:514674,2146
285.5089,227.6615,5:24:12:520670,2179
286.2221,229.2939,5:24:12:522672,2203
287.0091,230.9554,5:24:12:526992,2242
287.7961,232.5878,5:24:12:531002,2287
288.5585,234.1328,5:24:12:535306,2330
289.3701,235.6777,5:24:12:538342,2369
290.2308,237.2518,5:24:12:543343,2389
291.0916,238.8259,5:24:12:546342,2392
292.0262,240.4583,5:24:12:551344,2391
292.9854,241.945,5:24:12:554344,2395
293.9445,243.3442,5:24:12:559381,2399
294.9529,244.7434,5:24:12:562391,2404
296.0104,246.0843,5:24:12:569428,2412
297.0679,247.3378,5:24:12:572438,2419
298.2484,248.6203,5:24:12:575440,2427
299.5027,249.728,5:24:12:578439,2438
300.8062,250.7483,5:24:12:582437,2443
302.208,251.6811,5:24:12:587167,2446
303.7574,252.4682,5:24:12:591200,2446
305.4052,253.1386,5:24:12:594554,2443
307.1759,253.6342,5:24:12:598555,2434
309.1434,254.0131,5:24:12:603084,2411
311.1847,254.2463,5:24:12:607002,2332
313.349,254.2755,5:24:12:611412,2159
315.587,254.2755,5:24:12:614423,1826
317.9726,254.2755,5:24:12:618468,1342
320.3582,253.1386,5:24:12:623426,811
322.7684,252.3224,5:24:12:627421,374
325.154,251.3604,5:24:12:630420,0
327.515,250.1653,5:24:12:635424,0
329.9006,248.7661,5:24:12:638422,0
332.1632,247.1628,5:24:12:643436,0
334.4012,245.3847,5:24:12:647422,0
336.4425,243.4608,5:24:12:651297,0
338.41,241.3911,5:24:12:655308,0
340.3775,239.1758,5:24:12:659301,0
342.2712,236.7563,5:24:12:662315,0
344.1158,234.2202,5:24:12:667381,0
345.8619,231.5093,5:24:12:670387,0
347.5835,228.5652,5:24:12:674841,0
349.2558,225.621,5:24:12:678787,0
351.0512,222.4728,5:24:12:682846,0
352.7973,219.208,5:24:12:686787,0
354.5681,215.914,5:24:12:691298,0
356.3142,212.5909,5:24:12:694309,0
358.0358,209.2095,5:24:12:698802,0
359.7574,205.8573,5:24:12:702802,0
361.4052,202.5051,5:24:12:706801,0
363.0529,199.1236,5:24:12:710804,0
364.6024,195.7422,5:24:12:715297,0
366.0288,192.3609,5:24:12:718635,0
367.406,188.8629,5:24:12:723299,0
368.6603,185.2774,5:24:12:727326,0
369.8408,181.6628,5:24:12:731006,0
370.8983,178.0773,5:24:12:735020,0
371.9559,174.6085,5:24:12:739019,0
372.915,171.2854,5:24:12:743017,0
373.7758,168.0789,5:24:12:747249,0
374.6612,165.0181,5:24:12:751262,0
375.4236,162.1906,5:24:12:755536,0
376.186,159.4505,5:24:12:758549,0
376.85,156.7979,5:24:12:762565,0
377.3665,154.0578,5:24:12:766546,0
377.8092,151.4051,5:24:12:770598,0
378.1289,148.8107,5:24:12:774546,1576
378.3503,146.2747,5:24:12:779295,1578
378.5224,143.9135,5:24:12:783305,1590
378.7191,141.7273,5:24:12:787343,1594
378.8175,139.7742,5:24:12:790344,1597
378.9405,138.0544,5:24:12:795344,1604
379.0635,136.7718,5:24:12:799344,1599
379.1864,135.6641,5:24:12:803295,1628
379.3094,134.7605,5:24:12:807303,1685
379.4078,134.0609,5:24:12:811285,1764
379.4324,133.507,5:24:12:815286,1848
379.457,133.0989,5:24:12:819286,1909
379.457,132.8949,5:24:12:823286,1932
379.457,132.72,5:24:12:826995,1926
379.457,132.6617,5:24:12:830326,1917
379.457,132.6617,5:24:12:835302,1900
379.457,132.6617,5:24:12:839310,1900
379.457,133.5361,5:24:12:843312,1910
379.457,134.3232,5:24:12:847312,1918
378.8667,135.4017,5:24:12:851417,1933
378.8667,136.7426,5:24:12:854428,1958
378.4732,138.4625,5:24:12:859706,1980
378.4732,140.6196,5:24:12:862730,2018
377.9568,143.0974,5:24:12:866715,2074
377.9568,145.8666,5:24:12:870716,2130
377.4403,148.869,5:24:12:874793,2187
377.1451,151.9881,5:24:12:878732,2249
376.8746,155.1363,5:24:12:883300,2303
376.6287,158.3428,5:24:12:887309,2354
376.3828,161.5493,5:24:12:891312,2403
376.1122,164.61,5:24:12:894310,2442
375.8663,167.6708,5:24:12:899308,2477
375.5958,170.7024,5:24:12:903311,2522
375.3006,173.8506,5:24:12:907243,2574
375.0055,177.232,5:24:12:911007,2626
374.6858,180.7883,5:24:12:915170,2684
374.3661,184.4029,5:24:12:919193,2738
374.0709,188.1049,5:24:12:923180,2785
373.7512,191.7778,5:24:12:927200,2828
373.4315,195.4799,5:24:12:931195,2861
373.1118,199.1236,5:24:12:935178,2875
372.8658,202.5925,5:24:12:939299,2886
372.6445,205.8864,5:24:12:942309,2906
372.4232,208.9472,5:24:12:947303,2919
372.2264,212.0079,5:24:12:950329,2933
372.0543,215.0396,5:24:12:955327,2948
371.9067,218.042,5:24:12:958328,2951
371.7837,221.0736,5:24:12:963330,2960
371.6853,223.9594,5:24:12:967327,2967
371.5624,226.6996,5:24:12:971301,2968
371.4394,229.2939,5:24:12:975311,2970
371.341,231.7133,5:24:12:979571,2955
371.2426,233.8996,5:24:12:982582,2914
371.0951,235.8235,5:24:12:986589,2842
370.9967,237.4559,5:24:12:990581,2717
370.8737,238.8259,5:24:12:994633,2530
370.7262,239.9337,5:24:12:998581,2272
370.5049,240.8082,5:24:13:003149,1929
370.3327,241.3911,5:24:13:007146,1470
370.1359,241.7118,5:24:13:011148,927
369.9146,241.7701,5:24:13:015146,483
369.5949,241.7701,5:24:13:019660,0
369.2505,241.7701,5:24:13:022664,0
368.8325,240.3418,5:24:13:026669,0
368.3406,239.3506,5:24:13:030666,0
367.8241,238.1555,5:24:13:035840,0
367.0863,236.7271,5:24:13:038853,0
366.3239,235.1239,5:24:13:042951,0
365.3647,233.3457,5:24:13:046853,0
364.258,231.4801,5:24:13:050916,0
362.9792,229.3522,5:24:13:054851,0
361.5035,227.1077,5:24:13:059247,0
359.8557,224.8048,5:24:13:062957,0
358.0358,222.3853,5:24:13:068939,0
356.0437,219.8784,5:24:13:071940,0
353.8795,217.3132,5:24:13:074939,0
351.5677,214.6897,5:24:13:078939,0
349.1329,212.0371,5:24:13:082939,0
346.4767,209.3553,5:24:13:087298,0
343.6977,206.7318,5:24:13:091309,0
340.771,204.0208,5:24:13:095309,0
337.6722,201.3391,5:24:13:098311,0
334.4258,198.599,5:24:13:103306,0
331.0565,195.7714,5:24:13:107306,0
327.5396,192.973,5:24:13:110489,0
323.9243,190.1454,5:24:13:114499,0
320.2352,187.2596,5:24:13:118501,0
316.3986,184.2572,5:24:13:122499,0
312.4882,181.2547,5:24:13:127497,0
308.4056,178.3105,5:24:13:130499,0
304.2247,175.4247,5:24:13:134452,0
299.9946,172.5972,5:24:13:139454,0
295.6906,169.9153,5:24:13:142453,0
291.2884,167.2336,5:24:13:146455,0
286.7139,164.7267,5:24:13:151298,0
282.1887,162.3363,5:24:13:155309,0
277.5405,160.0627,5:24:13:159296,0
272.9168,157.7598,5:24:13:162306,0
268.3178,155.457,5:24:13:167306,0
263.6696,153.1832,5:24:13:171313,0
258.9968,150.8804,5:24:13:175316,0
254.2502,148.5775,5:24:13:179298,0
249.6758,146.2747,5:24:13:183308,0
245.1505,144.0302,5:24:13:187306,0
240.7236,141.8147,5:24:13:190430,0
236.4443,139.6868,5:24:13:194429,0
232.2142,137.7337,5:24:13:198428,0
228.1316,135.839,5:24:13:202431,0
224.2212,134.0317,5:24:13:207295,0
220.5076,132.3701,5:24:13:210333,0
216.9661,130.7669,5:24:13:215292,0
213.6459,129.2802,5:24:13:218633,0
210.4733,127.8811,5:24:13:222766,0
207.4483,126.5401,5:24:13:226725,0
204.5708,125.2576,5:24:13:230827,0
201.9639,124.0624,5:24:13:234727,0
199.4553,122.9256,5:24:13:239294,0
197.1681,121.8762,5:24:13:243320,0
194.9301,120.9725,5:24:13:247298,0
192.8888,120.098,5:24:13:250311,0
190.9213,119.3692,5:24:13:255294,0
189.1505,118.7862,5:24:13:259303,0
187.5027,118.2907,5:24:13:263304,0
185.9288,117.97,5:24:13:267321,0
184.6253,117.7077,5:24:13:271304,0
183.494,117.562,5:24:13:274303,0
182.6086,117.4454,5:24:13:279317,692
181.9692,117.4162,5:24:13:283303,694
181.5265,117.4162,5:24:13:287296,697
181.2805,117.4162,5:24:13:291307,701
181.2559,117.4162,5:24:13:295365,705
181.2559,117.4162,5:24:13:299377,703
181.2559,117.4162,5:24:13:303365,702
181.8462,118.145,5:24:13:306384,709
181.8462,118.145,5:24:13:311365,714
182.6824,118.8154,5:24:13:315365,725
183.2234,118.8154,5:24:13:318364,730
183.8383,119.7774,5:24:13:323366,730
184.5269,120.302,5:24:13:327335,729
185.2647,120.8559,5:24:13:331340,733
186.1255,121.4098,5:24:13:335419,752
187.0355,121.9928,5:24:13:338426,782
187.9946,122.5466,5:24:13:343301,828
189.0276,123.1004,5:24:13:347324,911
190.1097,123.6252,5:24:13:351310,1030
191.3148,124.1207,5:24:13:354309,1183
192.6183,124.558,5:24:13:359310,1339
194.0447,124.9078,5:24:13:363311,1483
195.5941,125.2576,5:24:13:367373,1579
197.2911,125.5199,5:24:13:370380,1634
199.1356,125.6948,5:24:13:375380,1722
201.2999,125.8405,5:24:13:379379,1804
203.6608,125.928,5:24:13:383294,1904
206.3907,125.928,5:24:13:386304,2021
209.4896,125.928,5:24:13:391118,2090
212.8835,125.928,5:24:13:395107,2149
216.5972,125.928,5:24:13:399107,2194
220.6305,125.928,5:24:13:403109,2231
224.9836,125.1701,5:24:13:407287,2268
229.6073,125.1701,5:24:13:410297,2297
234.5998,124.6162,5:24:13:415297,2326
239.8383,124.6162,5:24:13:419299,2344
245.2981,124.0041,5:24:13:423297,2362
250.9054,124.0041,5:24:13:427295,2374
256.7834,123.4502,5:24:13:431177,2392
262.981,123.4502,5:24:13:435213,2407
269.5229,122.9547,5:24:13:439386,2415
276.114,122.9547,5:24:13:442405,2429
282.8281,122.634,5:24:13:447302,2432
289.6652,122.634,5:24:13:450315,2442
296.7236,122.4008,5:24:13:454700,2458
303.9296,122.4008,5:24:13:458697,2474
311.0863,122.4008,5:24:13:462699,2495
318.1447,122.4008,5:24:13:466696,2508
325.2032,122.4008,5:24:13:471295,2524
332.3354,123.0713,5:24:13:475305,2536
339.197,123.0713,5:24:13:479302,2548
345.8865,123.9458,5:24:13:482307,2560
352.2809,124.5288,5:24:13:487305,2569
358.4539,125.141,5:24:13:491305,2580
364.4794,125.7822,5:24:13:495242,2588
370.1851,126.4527,5:24:13:499253,2598
375.4974,127.094,5:24:13:503250,2609
380.244,127.7353,5:24:13:507256,2614
384.6462,128.3766,5:24:13:511252,2616
388.6058,128.9596,5:24:13:515253,2619
392.1473,129.4843,5:24:13:518663,2622
395.1724,129.9507,5:24:13:522704,2628
397.6809,130.3588,5:24:13:527476,2636
399.5992,130.7377,5:24:13:532483,2640
401.0749,131.0293,5:24:13:535483,2634
402.2062,131.2625,5:24:13:538482,2624
402.9932,131.4373,5:24:13:542528,2617
403.4113,131.5831,5:24:13:546534,2611
403.5342,131.6997,5:24:13:550537,2615
403.5342,131.8163,5:24:13:554537,2621
403.5342,131.8746,5:24:13:559296,2626
402.5259,131.9329,5:24:13:562307,2626
401.7635,131.9912,5:24:13:567297,2623
400.8535,132.0204,5:24:13:570305,2602
399.6976,132.1078,5:24:13:576308,2552
398.3696,132.1369,5:24:13:579310,2449
396.7956,132.2244,5:24:13:585309,2279
394.951,132.2244,5:24:13:587327,2039
392.8606,132.2536,5:24:13:591310,1729
390.5733,132.2827,5:24:13:595138,1387
388.1385,132.3118,5:24:13:599320,1027
385.6054,132.3701,5:24:13:603005,671
383.0968,132.3701,5:24:13:607002,373
380.6129,132.3701,5:24:13:611003,163
378.3503,132.3701,5:24:13:615003,0
376.3828,132.3701,5:24:13:618667,0
374.8825,132.3701,5:24:13:622677,0
373.7758,132.3701,5:24:13:626715,0
373.2101,132.3701,5:24:13:630697,0
373.0626,132.3701,5:24:13:635240,0
373.0626,132.3701,5:24:13:639250,0
373.8988,132.3701,5:24:13:643164,0
374.7104,131.6997,5:24:13:647197,0
375.7187,131.6997,5:24:13:651115,0
376.7762,131.6997,5:24:13:655136,0
377.8338,130.8835,5:24:13:659327,0
378.8667,130.8835,5:24:13:662684,0
379.8013,130.1548,5:24:13:667238,0
380.6866,129.7466,5:24:13:671248,0
381.4245,129.2802,5:24:13:675246,0
382.1131,128.7847,5:24:13:679246,0
382.6787,128.26,5:24:13:683257,0
383.1214,127.7061,5:24:13:687246,0
383.4904,127.094,5:24:13:691247,0
383.7855,126.4818,5:24:13:695246,0
384.0314,125.7822,5:24:13:698762,0
384.0314,125.1118,5:24:13:702695,0
384.0314,124.3539,5:24:13:706695,0
384.0314,123.6543,5:24:13:710695,0
384.0314,122.9256,5:24:13:715298,0
383.2936,122.1968,5:24:13:718640,0
382.7033,121.4389,5:24:13:722692,0
382.0147,120.7684,5:24:13:726702,0
382.0147,120.7684,5:24:13:745232,0
