245.6424,294.619,6:10:01:913319,0
245.6424,294.619,6:10:01:915319,0
245.6424,294.619,6:10:01:917319,0
245.6424,294.619,6:10:01:918321,0
245.6424,294.619,6:10:01:919320,0
245.6424,294.619,6:10:01:919320,0
245.6424,294.619,6:10:01:920321,0
245.6424,294.619,6:10:01:920321,0
245.6424,294.619,6:10:01:922325,0
245.6424,294.619,6:10:01:924324,0
245.6424,294.619,6:10:01:927321,0
245.6424,294.619,6:10:01:927321,0
245.6424,294.619,6:10:01:928319,0
245.6424,294.619,6:10:01:928319,0
245.6424,294.619,6:10:01:929322,0
245.6424,294.619,6:10:01:929322,0
245.6424,294.619,6:10:01:929322,0
245.6424,294.619,6:10:01:931322,0
245.6424,294.619,6:10:01:932320,0
245.6424,294.619,6:10:01:933320,0
245.6424,294.619,6:10:01:933320,0
245.6424,294.619,6:10:01:933320,0
245.6424,294.619,6:10:01:934320,0
245.6424,294.619,6:10:01:934320,0
245.6424,294.619,6:10:01:934320,0
245.6424,294.619,6:10:01:935320,0
245.6424,294.619,6:10:01:935320,0
245.6424,294.619,6:10:01:936332,0
246.1096,294.619,6:10:01:936332,0
246.1096,294.619,6:10:01:936332,0
246.1096,294.619,6:10:01:938320,0
246.1096,294.619,6:10:01:939335,0
246.1096,294.619,6:10:01:939335,0
246.1096,294.619,6:10:01:939335,0
246.1096,294.619,6:10:01:940330,0
246.1096,294.619,6:10:01:940330,0
246.1096,294.619,6:10:01:940330,0
246.1096,294.619,6:10:01:941353,0
246.1096,294.619,6:10:01:942339,0
246.1096,294.619,6:10:01:946248,0
246.1096,294.619,6:10:01:951225,0
246.1096,294.619,6:10:01:954218,0
246.1096,294.619,6:10:01:959219,0
246.1096,294.619,6:10:01:962218,0
246.1096,294.619,6:10:01:966702,0
246.1096,294.619,6:10:01:970646,0
246.1096,294.619,6:10:01:974661,0
246.1096,294.619,6:10:01:979646,0
246.1096,294.619,6:10:01:982649,0
246.1096,294.619,6:10:01:986553,0
246.1096,294.619,6:10:01:990565,0
246.1096,294.619,6:10:01:994685,0
246.1096,294.619,6:10:01:998564,0
245.5932,294.619,6:10:02:003565,0
245.5932,294.619,6:10:02:006567,0
245.5932,294.619,6:10:02:011323,0
245.5932,294.619,6:10:02:014336,0
245.5932,294.619,6:10:02:018817,0
245.5932,294.619,6:10:02:022387,0
245.5932,294.619,6:10:02:027192,0
245.5932,294.619,6:10:02:030203,0
245.5932,294.619,6:10:02:035406,0
245.5932,294.619,6:10:02:038405,0
245.5932,294.619,6:10:02:042557,0
245.5932,294.619,6:10:02:046408,0
245.5932,294.619,6:10:02:051322,0
245.5932,294.619,6:10:02:054336,0
245.5932,294.619,6:10:02:059333,0
245.5932,294.619,6:10:02:062332,0
245.5932,294.619,6:10:02:067333,0
245.5932,294.619,6:10:02:070332,0
245.5932,294.619,6:10:02:075175,0
245.5932,294.619,6:10:02:078187,0
245.5932,294.619,6:10:02:082894,0
245.5932,294.619,6:10:02:086901,0
245.5932,294.619,6:10:02:091079,0
245.5932,294.619,6:10:02:094082,0
245.5932,294.619,6:10:02:099138,0
245.5932,294.619,6:10:02:103077,0
245.5932,294.619,6:10:02:107079,0
245.5932,293.8903,6:10:02:111077,0
245.5932,293.8903,6:10:02:115096,0
245.5932,293.8903,6:10:02:119107,0
245.5932,293.8903,6:10:02:123110,0
245.5932,293.8903,6:10:02:126106,0
245.5932,293.8903,6:10:02:131106,0
245.5932,293.8903,6:10:02:134109,0
245.5932,293.8903,6:10:02:139130,0
245.5932,293.8903,6:10:02:142167,0
245.5932,293.8903,6:10:02:147204,0
245.5932,293.8903,6:10:02:150203,0
245.5932,293.8903,6:10:02:155202,0
245.5932,293.8903,6:10:02:158203,0
245.5932,293.8903,6:10:02:163173,0
245.5932,293.1907,6:10:02:166184,0
245.5932,293.1907,6:10:02:171185,0
245.5932,293.1907,6:10:02:174187,0
245.5932,293.1907,6:10:02:179183,0
245.5932,293.1907,6:10:02:182183,0
245.5932,292.6952,6:10:02:187577,0
245.5932,292.6952,6:10:02:190590,0
245.5932,292.6952,6:10:02:194686,0
245.5932,292.3162,6:10:02:198590,0
245.5932,292.3162,6:10:02:203677,0
245.5932,292.1122,6:10:02:206718,0
245.5932,292.1122,6:10:02:210786,0
245.5932,291.8498,6:10:02:214994,0
245.5932,291.7332,6:10:02:219010,0
245.5932,291.6749,6:10:02:222995,0
245.5932,291.6166,6:10:02:227018,0
245.5932,291.6166,6:10:02:230998,0
245.5932,291.5875,6:10:02:235203,0
245.5932,291.5,6:10:02:238214,0
245.5932,291.5,6:10:02:243272,0
245.5932,291.4709,6:10:02:246270,0
245.5932,291.3542,6:10:02:250282,0
245.5932,291.2668,6:10:02:254273,0
245.5932,291.1794,6:10:02:259467,0
245.5932,290.9461,6:10:02:262484,0
245.5932,290.7712,6:10:02:266723,0
245.5932,290.6255,6:10:02:270479,0
245.5932,290.3048,6:10:02:275478,0
245.5932,290.0717,6:10:02:278497,0
245.5932,289.8384,6:10:02:283215,0
245.5932,289.5469,6:10:02:286228,0
245.5932,289.2555,6:10:02:291226,0
245.5932,289.0222,6:10:02:294225,0
245.0275,288.7891,6:10:02:299225,0
245.0275,288.4392,6:10:02:302226,0
245.0275,288.1769,6:10:02:307523,0
245.0275,287.8563,6:10:02:310534,0
245.0275,287.5939,6:10:02:314534,0
245.0275,287.3315,6:10:02:318531,0
245.0275,287.04,6:10:02:323534,0
245.0275,286.7485,6:10:02:326534,0
245.0275,286.4571,6:10:02:331330,0
244.5603,286.1364,6:10:02:334344,0
244.5603,285.9323,6:10:02:339205,0
244.5603,285.6992,6:10:02:342219,0
244.2159,285.4077,6:10:02:347246,0
244.2159,285.087,6:10:02:350214,0
244.2159,284.7372,6:10:02:355420,0
243.9946,284.4457,6:10:02:358417,0
243.9946,284.1542,6:10:02:363330,0
243.9946,283.7752,6:10:02:366343,0
243.9946,283.3672,6:10:02:370724,0
243.9946,282.9299,6:10:02:374574,0
243.9946,282.4926,6:10:02:378735,0
243.9946,282.0262,6:10:02:382572,0
243.9946,281.5598,6:10:02:387258,0
243.9946,281.006,6:10:02:390589,0
243.9946,280.4813,6:10:02:395335,0
243.9946,279.9566,6:10:02:398347,0
243.9946,279.3445,6:10:02:403198,0
243.9946,278.7323,6:10:02:406230,0
243.9946,278.1201,6:10:02:411198,0
243.9946,277.4206,6:10:02:414195,0
243.9946,276.7501,6:10:02:419345,0
243.9946,275.9922,6:10:02:423352,0
243.9946,275.2343,6:10:02:426516,0
244.757,274.4472,6:10:02:430546,0
244.757,273.7185,6:10:02:435324,0
245.3964,272.9023,6:10:02:438337,0
245.3964,272.0861,6:10:02:443270,0
246.5032,271.299,6:10:02:447280,0
247.2656,270.4828,6:10:02:451120,0
248.1755,269.6958,6:10:02:454127,0
247.905,284.3582,6:10:02:767784,0
247.0196,284.3582,6:10:02:770793,0
246.0359,284.3582,6:10:02:774808,0
244.88,284.3582,6:10:02:778793,0
243.6749,285.1453,6:10:02:782810,0
242.396,285.1453,6:10:02:786796,0
241.1171,286.1364,6:10:02:791209,0
239.8137,286.836,6:10:02:795237,0
238.6823,287.5939,6:10:02:799242,0
238.6823,288.2061,6:10:02:802270,0
238.6823,288.964,6:10:02:807256,0
238.6823,289.5761,6:10:02:810240,0
238.6823,290.1008,6:10:02:815217,0
239.7153,290.5381,6:10:02:818913,0
240.5515,290.8587,6:10:02:823153,0
241.5598,290.8587,6:10:02:827086,0
242.519,291.1211,6:10:02:831140,0
243.6503,291.1211,6:10:02:834838,0
244.6832,291.1211,6:10:02:839693,0
245.6916,291.1211,6:10:02:842699,0
246.5769,291.1211,6:10:02:847143,0
247.4377,291.1211,6:10:02:851154,0
248.1755,291.1211,6:10:02:855155,0
248.8642,290.334,6:10:02:858154,0
249.4544,290.334,6:10:02:863158,0
249.9955,290.334,6:10:02:866154,0
250.5365,289.7802,6:10:02:871171,0
251.0038,289.7802,6:10:02:874182,0
251.3973,289.7802,6:10:02:879182,0
251.84,289.2846,6:10:02:883182,0
252.1843,289.2846,6:10:02:887433,0
252.5286,289.2846,6:10:02:890443,0
252.8729,289.2846,6:10:02:895192,0
253.1681,289.0222,6:10:02:898211,0
253.4386,289.0222,6:10:02:903298,0
253.6599,289.0222,6:10:02:906299,0
253.8321,289.0222,6:10:02:911298,0
253.9797,288.8474,6:10:02:914296,0
254.078,288.7307,6:10:02:919128,0
254.1764,288.585,6:10:02:922143,0
254.201,288.4101,6:10:02:927140,0
254.201,288.1477,6:10:02:931141,0
254.201,287.8563,6:10:02:935302,0
254.201,287.5064,6:10:02:939310,0
254.201,287.1566,6:10:02:942312,0
253.6599,286.7777,6:10:02:947310,0
253.6599,286.3696,6:10:02:951312,0
253.6599,285.9323,6:10:02:954955,0
253.0943,285.4659,6:10:02:958967,0
253.0943,285.0287,6:10:02:963364,0
253.0943,284.5915,6:10:02:966374,0
252.5532,284.0959,6:10:02:970412,0
252.5532,283.6295,6:10:02:974375,0
252.2827,283.1048,6:10:02:978408,0
252.2827,282.6384,6:10:02:983374,0
252.2827,282.1429,6:10:02:987383,0
252.0613,281.6181,6:10:02:990393,0
252.0613,281.1517,6:10:02:995193,0
252.0613,280.627,6:10:02:998204,0
252.0613,280.1606,6:10:03:003205,0
252.0613,279.6651,6:10:03:006207,0
252.7992,279.1987,6:10:03:011206,0
252.7992,278.7032,6:10:03:014225,0
253.3648,278.2659,6:10:03:019441,0
253.3648,277.7704,6:10:03:022451,0
253.9797,277.3331,6:10:03:026499,0
253.9797,276.8667,6:10:03:030454,0
254.5945,276.3712,6:10:03:034622,0
254.8896,275.9339,6:10:03:038287,0
255.1848,275.4384,6:10:03:043208,0
255.4307,275.0011,6:10:03:046635,0
255.7504,274.5347,6:10:03:051252,0
256.0209,274.0683,6:10:03:054835,0
256.2669,273.6019,6:10:03:058859,0
256.5866,273.1646,6:10:03:062787,0
256.9063,272.6982,6:10:03:066793,0
257.1768,272.2902,6:10:03:070787,0
257.4474,271.882,6:10:03:075127,0
257.7917,271.4739,6:10:03:078139,0
258.136,271.1241,6:10:03:083137,0
258.4557,270.7744,6:10:03:086137,0
258.7755,270.4828,6:10:03:090140,0
259.0952,270.1622,6:10:03:094140,0
259.3903,269.8707,6:10:03:099520,0
259.71,269.6083,6:10:03:102531,0
260.0297,269.2585,6:10:03:107262,0
260.2757,268.967,6:10:03:110273,0
260.497,268.6755,6:10:03:115274,0
260.743,268.3257,6:10:03:118272,0
260.9889,267.976,6:10:03:123274,0
261.1364,267.6262,6:10:03:126275,0
261.3332,267.218,6:10:03:131205,0
261.4561,266.8683,6:10:03:135218,0
261.5791,266.5185,6:10:03:138297,0
261.7021,266.1686,6:10:03:142283,0
261.8005,265.7897,6:10:03:146389,0
261.9234,265.4399,6:10:03:150283,0
262.0464,265.1484,6:10:03:155458,0
262.1694,264.8278,6:10:03:158470,0
262.2432,264.4779,6:10:03:162587,0
262.3661,264.1281,6:10:03:166468,0
262.4645,263.7492,6:10:03:170483,0
262.5383,263.3702,6:10:03:174468,723
262.5383,263.0204,6:10:03:179131,740
262.5383,262.6415,6:10:03:183143,795
262.5383,262.2334,6:10:03:186561,876
262.5383,261.9419,6:10:03:190574,984
262.5383,261.6795,6:10:03:194572,1108
262.5383,261.4464,6:10:03:198574,1243
262.5383,261.3006,6:10:03:203198,1379
262.5383,261.184,6:10:03:206209,1517
262.5383,261.1548,6:10:03:212003,1641
262.5383,261.0966,6:10:03:215013,1735
262.5383,261.0966,6:10:03:219045,1807
262.5383,261.0966,6:10:03:223015,1843
262.5383,261.0966,6:10:03:227158,1851
262.5383,261.0966,6:10:03:231015,1840
262.5383,261.0966,6:10:03:235186,1832
262.5383,261.0966,6:10:03:239194,1828
262.5383,261.0966,6:10:03:243200,1844
262.5383,261.7961,6:10:03:247212,1872
262.5383,261.7961,6:10:03:251187,1912
262.5383,262.9038,6:10:03:255182,1972
262.5383,263.6617,6:10:03:259179,2037
262.5383,264.5945,6:10:03:262179,2112
262.5383,265.6731,6:10:03:267030,2187
263.0302,266.8099,6:10:03:271046,2269
263.0302,268.0051,6:10:03:275038,2353
263.0302,269.2585,6:10:03:279054,2428
263.0302,270.4828,6:10:03:283038,2493
263.399,271.7946,6:10:03:287040,2554
263.399,273.048,6:10:03:291040,2611
263.399,274.3307,6:10:03:295040,2674
263.399,275.5841,6:10:03:299039,2735
263.399,276.8667,6:10:03:303046,2788
263.5466,278.0327,6:10:03:307087,2838
263.5466,279.257,6:10:03:310097,2877
263.645,280.3939,6:10:03:315034,2916
263.645,281.5307,6:10:03:319034,2953
263.768,282.5801,6:10:03:323042,2996
263.8417,283.6295,6:10:03:327035,3042
263.9155,284.6206,6:10:03:331022,3088
264.0139,285.5826,6:10:03:335025,3132
264.1123,286.4862,6:10:03:339035,3159
264.1369,287.3024,6:10:03:343030,3175
264.1861,288.0603,6:10:03:347041,3183
264.2353,288.7307,6:10:03:351031,3192
264.2353,289.2555,6:10:03:355162,3209
264.2353,289.6927,6:10:03:359169,3234
264.2353,290.0425,6:10:03:363175,3265
264.2353,290.2466,6:10:03:366185,3308
264.2353,290.3923,6:10:03:371188,3370
264.2353,290.4797,6:10:03:374185,3460
264.2353,290.4797,6:10:03:379186,3585
264.2353,290.4797,6:10:03:382185,3733
264.2353,290.4797,6:10:03:387212,3864
264.2353,290.4797,6:10:03:390230,3959
264.2353,290.4797,6:10:03:395173,4006
264.2353,289.4886,6:10:03:398185,4012
264.2353,289.4886,6:10:03:403297,4005
264.2353,288.1769,6:10:03:406310,3991
263.645,287.3315,6:10:03:411307,3985
263.645,286.3405,6:10:03:414307,3968
263.645,285.2619,6:10:03:419309,3958
263.0302,284.1833,6:10:03:422308,3950
263.0302,283.0757,6:10:03:426805,3928
262.4891,282.0845,6:10:03:430805,3883
262.2186,281.0352,6:10:03:434923,3818
261.8005,280.1024,6:10:03:438934,3739
261.3824,279.2278,6:10:03:443933,3659
260.8905,278.3825,6:10:03:446935,3604
260.3248,277.5955,6:10:03:450933,3552
259.71,276.8667,6:10:03:454933,3500
258.9968,276.1963,6:10:03:459021,3449
258.1852,275.5841,6:10:03:463019,3399
257.2998,275.0886,6:10:03:467031,3356
256.439,274.6222,6:10:03:471042,3325
255.4799,274.3307,6:10:03:475168,3300
254.5207,274.1266,6:10:03:478160,3280
253.4878,274.01,6:10:03:483169,3263
252.4303,274.01,6:10:03:486160,3250
251.3727,274.01,6:10:03:491158,3245
250.3152,274.01,6:10:03:495160,3237
249.2331,275.0011,6:10:03:499124,3232
248.2493,275.0011,6:10:03:502124,3234
247.241,276.2545,6:10:03:507124,3235
246.3064,277.0416,6:10:03:511125,3238
245.4948,277.8578,6:10:03:514179,3242
244.757,278.7323,6:10:03:518190,3240
244.1422,279.636,6:10:03:522295,3236
243.7241,280.5104,6:10:03:526295,3234
243.4043,281.3849,6:10:03:530426,3234
243.306,282.172,6:10:03:534428,3236
243.306,282.959,6:10:03:538426,3240
243.306,283.6587,6:10:03:542428,3249
243.97,284.3291,6:10:03:546770,3258
244.5603,284.8829,6:10:03:550781,3268
245.2981,285.3785,6:10:03:554783,3279
246.208,285.7866,6:10:03:558781,3286
247.241,286.049,6:10:03:562780,3294
248.4707,286.1364,6:10:03:566849,3307
249.8479,286.1364,6:10:03:570778,3309
251.3727,286.1364,6:10:03:575051,3308
253.0205,286.1364,6:10:03:578071,3309
254.7421,285.2328,6:10:03:582544,3310
256.562,285.2328,6:10:03:586435,3312
258.3573,283.9501,6:10:03:590448,3317
260.2019,283.2214,6:10:03:594433,3317
262.0218,282.4052,6:10:03:598991,3308
263.7434,281.589,6:10:03:602001,3304
265.4895,280.7437,6:10:03:606420,3296
267.1619,279.84,6:10:03:610376,3289
268.8343,279.0529,6:10:03:614429,3286
270.3837,278.3242,6:10:03:618389,3282
271.8839,277.6829,6:10:03:622986,3280
273.2857,277.1582,6:10:03:626318,3279
274.6138,276.7501,6:10:03:630318,3273
275.7943,276.4586,6:10:03:634316,3268
276.8272,276.4586,6:10:03:638318,3267
277.6389,276.2545,6:10:03:642316,3267
278.3521,276.2545,6:10:03:647074,3268
278.9177,276.2545,6:10:03:650592,3269
279.385,276.2545,6:10:03:654589,3272
279.7293,277.0999,6:10:03:658592,3282
279.9998,277.0999,6:10:03:662589,3304
280.1966,278.1493,6:10:03:666589,3332
280.3933,278.7906,6:10:03:671132,3363
280.4425,279.5193,6:10:03:674666,3393
280.5163,280.3064,6:10:03:679061,3413
280.5163,281.1517,6:10:03:682074,3434
280.5163,281.968,6:10:03:687071,3451
280.5163,282.8424,6:10:03:690074,3465
280.5163,283.7461,6:10:03:695256,3490
280.5163,284.5915,6:10:03:698267,3512
280.5163,285.4368,6:10:03:702269,3538
280.5163,286.253,6:10:03:706269,3561
280.5163,287.04,6:10:03:710269,3575
280.5163,287.7979,6:10:03:714267,3581
280.5163,288.5558,6:10:03:719019,3584
281.1312,289.168,6:10:03:723019,3585
281.1312,289.8093,6:10:03:727019,3583
281.623,290.3048,6:10:03:731019,3547
281.623,290.7421,6:10:03:734992,3441
282.1395,291.1211,6:10:03:739003,3241
282.1395,291.4417,6:10:03:743001,2918
282.6068,291.6749,6:10:03:747014,2470
282.6068,291.8498,6:10:03:751038,1801
283.1233,291.8789,6:10:03:755049,1105
283.443,291.8789,6:10:03:759049,532
283.7873,291.8789,6:10:03:763041,0
284.1562,291.8789,6:10:03:766052,0
284.5743,291.8789,6:10:03:771046,0
285.017,290.6255,6:10:03:774056,0
285.5089,289.8384,6:10:03:778056,0
286.0991,288.8765,6:10:03:783053,0
286.7631,287.7688,6:10:03:786056,0
287.4763,286.5154,6:10:03:791222,0
288.3125,285.1453,6:10:03:794248,0
289.3209,283.7461,6:10:03:798248,0
290.5014,282.376,6:10:03:802253,0
291.731,281.0352,6:10:03:806248,0
293.1575,279.84,6:10:03:810974,0
294.5594,278.7323,6:10:03:815004,0
296.035,277.712,6:10:03:819015,0
297.5598,276.7501,6:10:03:823015,0
299.1584,275.8464,6:10:03:826018,0
300.757,275.0011,6:10:03:831017,0
302.2572,274.1558,6:10:03:835014,0
303.782,273.3395,6:10:03:839014,0
305.2084,272.5233,6:10:03:843015,0
306.6595,271.7363,6:10:03:846200,0
308.0367,271.0075,6:10:03:851210,0
309.3156,270.3371,6:10:03:855211,0
310.4961,269.7541,6:10:03:858273,0
311.529,269.2585,6:10:03:863211,0
312.4882,268.8504,6:10:03:866213,0
313.349,268.559,6:10:03:870213,0
314.0868,268.3257,6:10:03:874211,0
314.7508,268.2383,6:10:03:878211,0
315.2673,268.18,6:10:03:882737,0
315.71,268.18,6:10:03:886736,0
316.0543,268.18,6:10:03:890737,0
316.3002,268.18,6:10:03:894738,0
316.4724,268.18,6:10:03:898764,0
316.6199,268.18,6:10:03:902827,1717
316.6691,268.18,6:10:03:906875,1787
316.7429,267.3055,6:10:03:910820,1883
316.7429,267.3055,6:10:03:914832,2010
316.7429,266.7225,6:10:03:918886,2190
316.7675,266.7225,6:10:03:922886,2339
316.7675,266.1104,6:10:03:926993,2486
316.7675,266.1104,6:10:03:930919,2615
316.7675,266.1104,6:10:03:935006,2694
316.7675,266.1104,6:10:03:939009,2731
316.7675,266.1104,6:10:03:943007,2744
316.7675,266.1104,6:10:03:947017,2744
316.7675,266.1104,6:10:03:951017,2742
316.7675,266.1104,6:10:03:955019,2746
316.7675,266.1104,6:10:03:959017,2758
316.7675,267.0432,6:10:03:963018,2779
316.7675,267.6262,6:10:03:967082,2816
317.4561,268.3841,6:10:03:970082,2863
317.4561,269.2294,6:10:03:975081,2907
318.0956,270.2205,6:10:03:979082,2956
318.0956,271.299,6:10:03:983059,3001
318.7842,272.4067,6:10:03:987069,3046
318.7842,273.5728,6:10:03:991045,3102
319.3253,274.7387,6:10:03:995055,3161
319.3253,275.9048,6:10:03:999056,3225
319.7188,277.0707,6:10:04:003055,3288
319.7188,278.2368,6:10:04:008057,3343
319.9401,279.3445,6:10:04:010054,3390
319.9401,280.4521,6:10:04:014945,3437
319.9401,281.5307,6:10:04:018820,3480
319.9401,282.5218,6:10:04:022563,3523
320.063,283.4837,6:10:04:026557,3559
320.063,284.3582,6:10:04:031137,3580
320.063,285.1744,6:10:04:034147,3594
320.1122,285.8449,6:10:04:038145,3604
320.1122,286.4862,6:10:04:043150,3615
320.1368,287.0109,6:10:04:046147,3628
320.186,287.419,6:10:04:050724,3639
320.186,287.7105,6:10:04:054736,3653
320.2106,287.9146,6:10:04:058785,3664
320.2352,288.0603,6:10:04:062731,3679
320.2844,288.1477,6:10:04:066992,3693
320.2844,288.1769,6:10:04:071003,3719
320.309,288.2061,6:10:04:075120,3765
320.309,288.2061,6:10:04:078133,3808
320.309,288.2061,6:10:04:083128,3848
320.309,288.2061,6:10:04:086133,3870
320.309,288.2061,6:10:04:090133,3865
320.309,287.1858,6:10:04:094132,3852
320.309,287.1858,6:10:04:099041,3835
319.522,286.0781,6:10:04:103051,3814
319.522,285.3785,6:10:04:107052,3786
318.612,284.6206,6:10:04:111051,3747
318.0218,283.8627,6:10:04:115075,3707
317.3332,283.0757,6:10:04:119051,3662
316.5216,282.376,6:10:04:122212,3617
315.6608,281.7347,6:10:04:127100,3580
314.7016,281.1517,6:10:04:130532,3543
313.6441,280.5979,6:10:04:134542,3515
312.562,280.1606,6:10:04:138542,3497
311.4307,279.7526,6:10:04:142542,3482
310.2256,279.4027,6:10:04:146546,3471
308.9221,279.1404,6:10:04:150559,3463
307.594,278.9655,6:10:04:154671,3456
306.1922,278.8198,6:10:04:158699,3451
304.7903,278.7323,6:10:04:163041,3449
303.4131,278.7323,6:10:04:167053,3444
301.9375,278.7323,6:10:04:171051,3441
300.4127,278.7323,6:10:04:175066,3442
298.8387,279.5193,6:10:04:179051,3437
297.3138,279.5193,6:10:04:183051,3437
295.8136,280.5688,6:10:04:186421,3435
294.338,281.2101,6:10:04:190424,3432
292.9362,281.968,6:10:04:194555,3433
291.5589,282.7841,6:10:04:198424,3429
290.3784,283.6295,6:10:04:203052,3429
289.3701,284.504,6:10:04:207063,3427
288.6077,285.3785,6:10:04:210730,3418
288.0174,286.2238,6:10:04:214727,3411
287.5747,287.0109,6:10:04:218727,3405
287.3534,287.7397,6:10:04:222727,3395
287.3288,288.3227,6:10:04:227021,3396
287.3288,288.8765,6:10:04:230541,3399
287.3288,289.3429,6:10:04:234137,3402
288.2141,289.6635,6:10:04:238149,3414
288.8536,289.8968,6:10:04:243142,3422
289.6652,289.9259,6:10:04:247151,3426
290.6244,289.9259,6:10:04:251015,3433
291.6819,289.9259,6:10:04:255026,3436
292.887,289.9259,6:10:04:258707,3444
294.0921,288.8474,6:10:04:262710,3465
295.3217,288.8474,6:10:04:266749,3497
296.4285,287.623,6:10:04:270705,3545
297.4368,286.9235,6:10:04:274991,3594
298.2484,286.2238,6:10:04:278722,3643
298.9124,285.4368,6:10:04:283041,3694
299.3797,284.7372,6:10:04:287054,3736
299.724,284.0085,6:10:04:291050,3775
299.9454,283.3088,6:10:04:294565,3806
299.9454,282.6675,6:10:04:298583,3819
299.9454,282.0845,6:10:04:302565,3822
299.9454,281.589,6:10:04:306653,3801
299.9454,281.1517,6:10:04:310565,3736
299.9454,280.7728,6:10:04:314293,3589
299.9454,280.4813,6:10:04:318250,3335
299.9454,280.2481,6:10:04:322256,2942
299.1584,280.1606,6:10:04:326247,2354
299.1584,280.0732,6:10:04:330388,1609
299.1584,280.0732,6:10:04:334396,911
298.5435,280.0732,6:10:04:339039,369
298.5435,280.0732,6:10:04:342070,0
298.5435,280.0732,6:10:04:347047,0
298.5435,280.0732,6:10:04:351050,0
298.5435,280.0732,6:10:04:355049,0
299.5273,280.0732,6:10:04:358049,0
300.2897,280.0732,6:10:04:363042,0
301.2242,280.0732,6:10:04:366888,0
302.4048,280.0732,6:10:04:370924,0
303.7574,280.0732,6:10:04:374888,0
305.1838,280.0732,6:10:04:379012,0
306.8316,279.2278,6:10:04:382918,0
308.5286,279.2278,6:10:04:386990,0
310.2502,278.5283,6:10:04:391001,0
312.0455,278.5283,6:10:04:395042,0
313.8409,277.712,6:10:04:398354,0
315.6116,277.304,6:10:04:403358,0
317.407,276.8667,6:10:04:406354,0
319.1531,276.342,6:10:04:410475,0
320.8255,275.8173,6:10:04:414354,0
322.4978,275.2926,6:10:04:418991,0
324.121,274.7096,6:10:04:423001,0
325.6458,274.1266,6:10:04:427043,0
327.0231,273.4853,6:10:04:430057,0
328.179,272.9315,6:10:04:435052,0
329.2119,272.3776,6:10:04:439071,0
330.1465,271.8529,6:10:04:443054,0
330.9581,271.4156,6:10:04:446355,0
331.6221,270.9784,6:10:04:451041,0
332.114,270.6577,6:10:04:454053,0
332.4583,270.3662,6:10:04:459051,0
332.778,270.1622,6:10:04:462054,0
333.0486,269.9582,6:10:04:467245,0
333.1469,269.8707,6:10:04:470256,0
333.2699,269.6375,6:10:04:475080,0
333.3191,269.2877,6:10:04:478086,0
333.3683,268.8504,6:10:04:483426,2290
333.3683,268.4132,6:10:04:486425,2341
333.3929,267.976,6:10:04:490454,2415
333.3929,267.4804,6:10:04:494428,2524
333.3929,267.014,6:10:04:498492,2701
333.3929,266.5768,6:10:04:502428,2878
333.3929,266.227,6:10:04:507116,3058
333.3929,265.9937,6:10:04:510130,3214
333.3929,265.9355,6:10:04:515126,3303
333.3929,265.9063,6:10:04:518126,3337
333.3929,265.9063,6:10:04:523126,3342
333.3929,265.9063,6:10:04:526126,3339
333.3929,265.9063,6:10:04:530126,3337
333.3929,265.9063,6:10:04:536128,3342
333.3929,266.6642,6:10:04:538570,3353
333.3929,266.6642,6:10:04:542600,3375
333.9585,267.8302,6:10:04:547133,3400
333.9585,268.5881,6:10:04:551140,3439
334.4258,269.4918,6:10:04:554838,3494
334.4258,270.5703,6:10:04:558851,3555
334.9177,271.678,6:10:04:562902,3637
334.9177,272.8148,6:10:04:566849,3724
335.385,274.0392,6:10:04:570945,3801
335.385,275.2343,6:10:04:574849,3878
335.7539,276.4586,6:10:04:578810,3934
335.7539,277.6829,6:10:04:582861,3979
335.9752,278.8489,6:10:04:587040,4021
335.9752,280.044,6:10:04:590040,4048
336.1474,281.1809,6:10:04:595038,4075
336.1474,282.2595,6:10:04:599039,4087
336.2458,283.338,6:10:04:603045,4090
336.295,284.3291,6:10:04:606050,4095
336.3687,285.3785,6:10:04:610698,4093
336.4425,286.3696,6:10:04:614698,4101
336.5409,287.3024,6:10:04:618749,4111
336.6147,288.2061,6:10:04:622708,4103
336.7376,289.0222,6:10:04:626699,4036
336.836,289.751,6:10:04:630702,3864
336.959,290.3632,6:10:04:634715,3562
337.0573,290.8878,6:10:04:638720,3116
337.1065,291.3251,6:10:04:643037,2478
337.2295,291.6749,6:10:04:647056,1622
337.3525,291.8206,6:10:04:650208,892
337.5492,291.8789,6:10:04:654095,0
337.7952,291.8789,6:10:04:659095,0
338.1395,291.8789,6:10:04:662095,0
338.5822,291.8789,6:10:04:666847,0
339.1724,291.0627,6:10:04:670853,0
339.9594,291.0627,6:10:04:674217,0
340.8448,289.5178,6:10:04:678234,0
341.9269,288.5267,6:10:04:683050,0
343.132,287.2441,6:10:04:687060,0
344.4846,285.8449,6:10:04:690823,0
345.9111,284.3291,6:10:04:694833,0
347.4113,282.8133,6:10:04:699008,0
348.9361,281.3267,6:10:04:702940,0
350.5347,279.8983,6:10:04:706955,0
352.0103,278.6448,6:10:04:710937,0
353.5352,277.4789,6:10:04:714882,0
354.9862,276.4586,6:10:04:718890,0
356.4126,275.555,6:10:04:723038,0
357.7161,274.7387,6:10:04:726048,0
358.8474,274.01,6:10:04:731042,0
359.8803,273.3395,6:10:04:734406,0
360.7903,272.6982,6:10:04:738407,0
361.7003,272.1152,6:10:04:742407,0
362.3889,271.5614,6:10:04:746431,0
363.0284,271.0659,6:10:04:750406,0
363.5448,270.6286,6:10:04:755047,0
363.9383,270.2205,6:10:04:758402,0
364.3072,269.8707,6:10:04:763050,0
364.6269,269.55,6:10:04:766062,0
364.7745,269.2877,6:10:04:771060,0
364.8729,269.0836,6:10:04:774063,0
364.8975,268.8213,6:10:04:779060,0
364.8975,268.7047,6:10:04:782063,0
364.8975,268.5298,6:10:04:786433,0
364.8975,268.2675,6:10:04:790434,0
364.8975,268.0051,6:10:04:794547,2252
364.8975,267.7427,6:10:04:798434,2270
364.3564,267.4804,6:10:04:803033,2286
364.3564,267.2763,6:10:04:807041,2300
364.3564,267.1306,6:10:04:811042,2331
364.3564,266.8683,6:10:04:815043,2364
364.3564,266.7808,6:10:04:819042,2416
364.3564,266.7808,6:10:04:823043,2508
364.3564,266.7808,6:10:04:826250,2642
364.3564,266.7808,6:10:04:830258,2794
364.3564,267.7136,6:10:04:834255,2954
364.3564,267.7136,6:10:04:838272,3102
364.8483,269.0836,6:10:04:842255,3212
364.8483,270.0164,6:10:04:846255,3302
365.4139,271.0659,6:10:04:850427,3388
365.7828,272.261,6:10:04:855447,3477
366.1518,273.5144,6:10:04:859421,3565
366.5699,274.8553,6:10:04:862431,3661
366.9633,276.1379,6:10:04:866398,3743
367.3076,277.4789,6:10:04:870393,3808
367.6028,278.7906,6:10:04:874999,3861
367.8487,280.1024,6:10:04:878434,3892
368.0701,281.4141,6:10:04:882713,3921
368.2176,282.6384,6:10:04:886748,3944
368.316,283.8627,6:10:04:890751,3959
368.316,285.0287,6:10:04:894751,3970
368.3652,286.1364,6:10:04:898748,3977
368.3652,287.1858,6:10:04:902750,3980
368.3652,288.1477,6:10:04:906549,3981
368.3652,289.0222,6:10:04:910550,3982
368.3652,289.7802,6:10:04:914649,3987
368.3652,290.4506,6:10:04:918550,3992
368.3652,291.0336,6:10:04:922904,3997
368.3652,291.5,6:10:04:926902,4003
368.3652,291.8498,6:10:04:930901,4004
368.3652,292.083,6:10:04:934900,4011
368.3652,292.2288,6:10:04:939245,4023
368.3652,292.3162,6:10:04:942266,4041
368.3652,292.3745,6:10:04:946335,4064
368.3652,292.3745,6:10:04:950334,4084
368.3652,292.3745,6:10:04:954357,4101
368.3652,292.3745,6:10:04:958367,4114
368.3652,292.3745,6:10:04:962358,4115
368.3652,291.5583,6:10:04:967047,4116
368.3652,291.5583,6:10:04:970057,4109
368.3652,290.5963,6:10:04:975040,4098
368.3652,289.955,6:10:04:980052,4085
368.3652,289.2263,6:10:04:983053,4072
368.3652,288.4101,6:10:04:987050,4058
368.3652,287.4773,6:10:04:990050,4044
368.3652,286.5445,6:10:04:995043,4035
368.3652,285.6408,6:10:04:999053,4020
367.7257,284.7372,6:10:05:003040,4005
367.7257,283.8627,6:10:05:007040,3992
366.6928,283.0465,6:10:05:011040,3976
366.0042,282.2303,6:10:05:015039,3958
365.2418,281.5307,6:10:05:019035,3934
364.3564,280.8019,6:10:05:023046,3907
363.3481,280.219,6:10:05:027043,3871
362.1922,279.6942,6:10:05:031046,3821
360.8395,279.2862,6:10:05:035045,3774
359.4131,278.9947,6:10:05:038045,3725
357.8145,278.8489,6:10:05:042894,3687
356.0683,278.8489,6:10:05:046905,3672
354.1746,278.8489,6:10:05:050902,3662
352.2809,278.8489,6:10:05:054904,3658
350.4117,279.8109,6:10:05:058967,3655
348.5918,280.4813,6:10:05:062975,3650
346.9194,281.2683,6:10:05:067036,3650
345.3946,282.1137,6:10:05:071046,3649
344.1158,283.0757,6:10:05:075046,3649
343.0828,284.0376,6:10:05:078046,3652
342.3204,284.9704,6:10:05:083074,3659
341.8531,285.9323,6:10:05:087047,3677
341.6564,286.836,6:10:05:091047,3717
341.6564,287.7105,6:10:05:095055,3767
342.3942,288.4684,6:10:05:099068,3817
343.2304,289.1389,6:10:05:103070,3854
344.4109,289.751,6:10:05:107069,3871
345.8127,290.1883,6:10:05:111071,3876
347.4359,290.5089,6:10:05:114990,3876
349.2067,290.6547,6:10:05:119007,3879
351.0512,290.6547,6:10:05:123193,3878
352.8711,290.6547,6:10:05:126193,3879
354.6911,290.6547,6:10:05:130194,3881
356.388,289.9259,6:10:05:134193,3877
357.8882,289.9259,6:10:05:138962,3850
359.1671,288.9931,6:10:05:142970,3744
360.3476,288.9931,6:10:05:147152,3524
361.356,287.9146,6:10:05:151162,3183
362.2413,287.3315,6:10:05:154162,2676
363.0038,286.7777,6:10:05:159162,1983
363.6186,286.1947,6:10:05:162245,1231
364.1351,285.6408,6:10:05:166159,604
364.5286,285.087,6:10:05:170989,0
364.8483,284.6206,6:10:05:174362,0
364.8729,284.1833,6:10:05:179117,0
364.8729,283.8627,6:10:05:182127,0
364.8729,283.5421,6:10:05:187127,0
363.594,283.338,6:10:05:190127,0
362.6349,283.1923,6:10:05:195127,0
361.4297,283.1923,6:10:05:198130,0
360.0771,283.1923,6:10:05:202123,0
358.5769,283.1923,6:10:05:206140,0
357.0275,283.1923,6:10:05:211042,0
355.5027,283.8627,6:10:05:214348,0
354.0024,283.8627,6:10:05:219009,0
352.576,284.7664,6:10:05:222974,0
351.2234,285.3202,6:10:05:226974,0
349.9445,285.9323,6:10:05:230976,0
348.7886,286.4571,6:10:05:235042,0
347.6573,286.9235,6:10:05:239052,0
346.5997,286.9235,6:10:05:243112,0
345.616,287.5939,6:10:05:246112,0
344.6322,287.5939,6:10:05:251111,0
343.6977,287.5939,6:10:05:254112,0
342.7385,287.5939,6:10:05:259041,0
341.8039,287.5939,6:10:05:262052,0
340.8202,287.5939,6:10:05:266989,0
339.8364,286.6611,6:10:05:270999,0
338.7297,286.6611,6:10:05:274997,0
337.5984,285.6992,6:10:05:278999,0
336.4179,285.1161,6:10:05:283044,0
335.262,284.504,6:10:05:287415,0
334.0569,283.921,6:10:05:290817,0
332.8272,283.3672,6:10:05:294791,0
331.5483,282.8133,6:10:05:298758,0
330.2695,282.2595,6:10:05:302756,0
329.089,281.7347,6:10:05:306758,0
327.8347,281.2683,6:10:05:310761,0
326.605,280.8019,6:10:05:314758,0
325.3753,280.4521,6:10:05:318759,0
324.0718,280.0732,6:10:05:322755,0
322.8668,279.6942,6:10:05:327127,0
321.6125,279.3736,6:10:05:330140,0
320.309,279.0529,6:10:05:334176,0
319.0301,278.7032,6:10:05:338137,0
317.7021,278.3825,6:10:05:342136,0
316.374,278.0035,6:10:05:346137,0
315.0213,277.6246,6:10:05:350140,0
313.6933,277.2165,6:10:05:354987,0
312.316,276.8084,6:10:05:358783,0
310.9388,276.342,6:10:05:362767,0
309.5615,275.8464,6:10:05:366770,0
308.1597,275.3509,6:10:05:370505,0
306.7578,274.8262,6:10:05:374464,0
305.3314,274.2141,6:10:05:378460,0
304.0525,273.631,6:10:05:382459,0
302.7491,273.0772,6:10:05:386459,0
301.4702,272.4942,6:10:05:390992,0
300.1913,271.9403,6:10:05:394491,0
298.8878,271.3865,6:10:05:399007,0
297.5352,270.8618,6:10:05:402952,0
296.1579,270.4246,6:10:05:406950,0
294.7561,269.9582,6:10:05:411013,0
293.2559,269.55,6:10:05:414949,0
291.731,269.1419,6:10:05:419037,0
290.1079,268.7921,6:10:05:422558,0
288.4355,268.4424,6:10:05:427343,0
286.7631,268.1508,6:10:05:430353,0
285.017,267.8302,6:10:05:434441,0
283.2954,267.5387,6:10:05:438356,0
281.4755,267.1598,6:10:05:442424,0
279.6555,266.8683,6:10:05:446436,0
277.8602,266.5185,6:10:05:451040,0
276.0403,266.1978,6:10:05:454053,0
274.2941,265.848,6:10:05:459053,0
272.5725,265.5565,6:10:05:462053,0
270.851,265.265,6:10:05:467059,0
269.2032,265.0027,6:10:05:470387,0
267.58,264.7986,6:10:05:474368,0
265.9814,264.5945,6:10:05:479255,0
264.3828,264.4196,6:10:05:482771,0
262.8334,264.2739,6:10:05:486841,0
261.2102,264.1573,6:10:05:491793,0
259.6116,264.0699,6:10:05:494913,0
257.9884,264.0115,6:10:05:498771,0
256.3653,263.9824,6:10:05:502399,0
254.8158,263.9241,6:10:05:506380,0
253.2664,263.8658,6:10:05:510388,0
251.8646,263.8658,6:10:05:515065,0
250.6103,263.8658,6:10:05:519079,0
249.5528,263.8366,6:10:05:522078,0
248.692,263.7784,6:10:05:527093,661
248.0526,263.7492,6:10:05:530078,678
247.5853,263.6617,6:10:05:535895,699
247.3639,263.6035,6:10:05:539914,716
247.2656,263.4868,6:10:05:542906,733
247.2656,263.3411,6:10:05:546915,739
247.2656,263.1953,6:10:05:550905,773
248.1263,263.0204,6:10:05:554903,872
248.8642,262.7873,6:10:05:559673,1011
249.8971,262.6123,6:10:05:562685,1186
251.2498,262.3792,6:10:05:566809,1375
252.8975,262.1459,6:10:05:570683,1546
254.8896,261.9419,6:10:05:574854,1731
257.1768,261.7379,6:10:05:578686,1915
259.6362,261.563,6:10:05:583054,2096
262.4891,261.4172,6:10:05:586064,2278
265.6125,261.3006,6:10:05:591138,2446
269.0556,261.2423,6:10:05:595062,2614
272.8676,261.2423,6:10:05:599256,2758
277.0486,261.2423,6:10:05:602267,2890
281.5001,261.2423,6:10:05:607268,3012
286.2958,261.2423,6:10:05:610267,3112
291.5343,261.2423,6:10:05:614350,3223
297.0925,261.2423,6:10:05:618266,3314
302.9458,261.8836,6:10:05:622362,3406
308.8729,261.8836,6:10:05:626357,3486
314.7016,261.8836,6:10:05:630375,3542
320.5303,262.4083,6:10:05:634359,3593
326.3099,262.4083,6:10:05:638297,3625
332.0402,262.4083,6:10:05:642310,3660
337.5246,262.8747,6:10:05:646705,3705
342.6155,262.8747,6:10:05:650701,3749
347.19,262.8747,6:10:05:654755,3795
351.2971,263.1662,6:10:05:658701,3844
355.06,263.1662,6:10:05:662951,3884
358.3801,263.1662,6:10:05:666962,3921
361.1838,263.1662,6:10:05:670800,3949
363.5448,263.1662,6:10:05:674800,3968
365.4385,263.1662,6:10:05:678812,3981
366.865,263.1662,6:10:05:682903,3989
367.9717,263.312,6:10:05:686799,3991
368.7833,263.312,6:10:05:691028,3986
369.3489,263.312,6:10:05:695030,3972
369.6441,263.3702,6:10:05:699033,3958
369.7178,263.4577,6:10:05:703030,3920
369.7178,263.5743,6:10:05:707016,3812
369.103,263.6326,6:10:05:710715,3605
368.4882,263.7784,6:10:05:715210,3268
367.6274,263.9241,6:10:05:718233,2792
366.6928,264.1573,6:10:05:722562,2118
365.5369,264.3905,6:10:05:726562,1341
364.2088,264.5945,6:10:05:730562,693
362.8562,264.8278,6:10:05:734562,0
361.5035,265.0901,6:10:05:738914,0
360.2247,265.265,6:10:05:742926,0
359.0934,265.4107,6:10:05:746927,0
358.2326,265.5273,6:10:05:750926,0
357.4702,265.5273,6:10:05:754939,0
356.9045,265.5273,6:10:05:758925,0
356.634,265.5273,6:10:05:763562,0
356.4372,265.5273,6:10:05:766572,0
356.4372,265.5273,6:10:05:770693,0
356.4372,265.5273,6:10:05:774572,0
356.4372,265.5273,6:10:05:778637,0
356.4372,264.9735,6:10:05:782852,0
356.4372,264.9735,6:10:05:786930,0
357.1259,264.9735,6:10:05:790943,0
357.1259,264.9735,6:10:05:795317,0
357.1259,264.9735,6:10:05:798328,0
357.6177,264.9735,6:10:05:802388,0
357.6177,264.9735,6:10:05:806328,0
357.6177,264.9735,6:10:05:810345,0
357.6177,264.9735,6:10:05:814341,0
357.6177,264.9735,6:10:05:818964,0
357.6177,264.9735,6:10:05:822973,0
357.6177,265.5857,6:10:05:827018,0
357.6177,265.5857,6:10:05:830973,0
356.7323,265.5857,6:10:05:835069,0
356.1667,266.1686,6:10:05:838080,0
355.5027,266.1686,6:10:05:843241,0
354.7894,266.7225,6:10:05:846937,0
353.9532,267.014,6:10:05:851215,0
352.9449,267.3638,6:10:05:854228,0
351.789,267.7719,6:10:05:859229,0
350.6085,268.18,6:10:05:862239,0
349.2804,268.7047,6:10:05:867228,0
347.7802,269.1419,6:10:05:870228,0
346.157,269.6667,6:10:05:875643,0
344.4109,270.1622,6:10:05:878654,0
342.5172,270.6577,6:10:05:882741,0
340.5251,271.1533,6:10:05:886682,0
338.4838,271.678,6:10:05:890666,0
336.3933,272.2027,6:10:05:894656,0
334.2291,272.6691,6:10:05:899321,0
332.0894,273.223,6:10:05:902332,0
329.9497,273.7477,6:10:05:907182,0
327.9822,274.2723,6:10:05:910216,0
326.0393,274.7096,6:10:05:915195,0
324.2686,275.1469,6:10:05:918192,0
322.547,275.555,6:10:05:923191,0
320.9239,275.9339,6:10:05:926193,0
319.3745,276.3128,6:10:05:931085,0
317.9234,276.6335,6:10:05:934104,0
316.5216,276.925,6:10:05:939293,0
314.9968,277.2748,6:10:05:942303,0
313.5211,277.5955,6:10:05:946744,0
311.9963,277.9744,6:10:05:950507,0
310.3485,278.3242,6:10:05:955505,0
308.6024,278.674,6:10:05:958506,0
306.7578,279.0529,6:10:05:963525,0
304.9133,279.4319,6:10:05:966534,0
302.872,279.8109,6:10:05:970956,0
300.757,280.2481,6:10:05:974876,0
298.6173,280.7437,6:10:05:979078,0
296.4285,281.2101,6:10:05:982875,0
294.2888,281.7056,6:10:05:987311,0
292.1492,282.2303,6:10:05:990321,0
290.0587,282.7841,6:10:05:995040,0
288.0174,283.3672,6:10:05:999064,0
286.0499,283.9501,6:10:06:003306,0
284.23,284.504,6:10:06:006305,0
282.4346,285.087,6:10:06:011308,0
280.7377,285.6408,6:10:06:014305,0
279.1391,286.253,6:10:06:019187,0
277.5405,286.8943,6:10:06:022710,0
275.9419,287.4482,6:10:06:027188,0
274.3925,288.002,6:10:06:030718,0
273.0152,288.5267,6:10:06:034834,0
271.515,288.9931,6:10:06:038717,0
270.0394,289.4304,6:10:06:042719,0
268.5883,289.955,6:10:06:046721,0
267.0881,290.334,6:10:06:050720,0
265.5387,290.6547,6:10:06:054067,0
264.0385,291.0045,6:10:06:059070,0
262.5875,291.296,6:10:06:063071,0
260.9151,291.6166,6:10:06:066068,0
259.3657,291.9955,6:10:06:071188,0
257.7671,292.3745,6:10:06:074705,0
256.1685,292.6368,6:10:06:078966,0
254.5945,293.045,6:10:06:082703,0
252.9221,293.453,6:10:06:086739,0
251.3481,293.8611,6:10:06:090729,0
249.6512,294.3275,6:10:06:095382,0
247.9296,294.7648,6:10:06:098384,0
246.1588,295.1729,6:10:06:102511,0
244.3635,295.6101,6:10:06:106381,0
242.6911,296.0765,6:10:06:111097,0
240.945,296.4846,6:10:06:114108,0
239.2726,296.8928,6:10:06:118754,0
237.6002,297.3008,6:10:06:122617,0
235.9278,297.709,6:10:06:126623,0
234.403,298.1462,6:10:06:130616,0
232.9274,298.5251,6:10:06:135603,0
231.4764,298.9333,6:10:06:138616,0
229.9516,299.3997,6:10:06:142791,0
228.5005,299.8369,6:10:06:146616,0
227.0249,300.2159,6:10:06:150632,0
225.6231,300.5365,6:10:06:154614,0
224.295,300.8863,6:10:06:159313,0
222.9669,301.1487,6:10:06:163322,0
221.5897,301.3527,6:10:06:167246,0
220.2616,301.5568,6:10:06:170261,0
219.0073,301.6151,6:10:06:175180,0
217.876,301.6442,6:10:06:178702,0
216.6709,301.7317,6:10:06:182788,0
215.4167,301.7317,6:10:06:186701,0
214.2853,301.7317,6:10:06:191939,0
213.1786,301.7317,6:10:06:194952,0
212.1457,301.7317,6:10:06:199050,0
211.1373,301.7317,6:10:06:202950,0
210.252,301.7317,6:10:06:206952,0
209.3174,301.7317,6:10:06:210952,0
208.678,301.7317,6:10:06:215114,0
208.0385,301.7317,6:10:06:218050,0
207.3499,301.7317,6:10:06:223371,0
206.3661,301.7317,6:10:06:226380,0
205.8989,301.7317,6:10:06:230463,0
204.9889,301.7317,6:10:06:234382,0
204.2757,301.7317,6:10:06:239383,0
203.6117,301.7317,6:10:06:242380,0
202.6033,302.2855,6:10:06:246761,0
201.5212,302.2855,6:10:06:250642,0
200.1193,302.2855,6:10:06:255053,0
199.0372,302.2855,6:10:06:259044,0
