230.6156,271.4156,6:05:26:613835,0
231.2796,271.4156,6:05:26:618037,0
232.0912,271.4156,6:05:26:622332,0
232.8044,270.6577,6:05:26:625341,0
233.9357,270.6577,6:05:26:629341,0
234.8703,270.6577,6:05:26:633341,0
235.9278,269.929,6:05:26:637344,0
236.8378,269.929,6:05:26:641342,0
237.8707,269.2877,6:05:26:646094,0
237.8707,269.2877,6:05:26:649106,0
238.4118,269.2877,6:05:26:653124,0
238.4118,269.2877,6:05:26:657104,0
238.4118,268.7047,6:05:26:661104,0
238.4118,268.7047,6:05:26:665969,0
238.4118,268.18,6:05:26:669979,0
239.371,267.8593,6:05:26:673978,0
239.371,267.5678,6:05:26:677978,0
240.3301,267.0723,6:05:26:680979,0
240.945,266.5185,6:05:26:685875,0
241.5844,265.9937,6:05:26:689222,0
242.2976,265.4399,6:05:26:693223,0
243.06,264.8569,6:05:26:697232,0
243.8962,264.303,6:05:26:701245,0
244.6586,263.6617,6:05:26:705223,0
245.3472,263.1953,6:05:26:709879,0
246.0605,262.7873,6:05:26:713887,0
246.7491,262.5249,6:05:26:717875,0
247.3639,262.2334,6:05:26:721883,0
247.8804,261.9419,6:05:26:725886,0
248.2739,261.7379,6:05:26:729886,0
248.6182,261.563,6:05:26:733887,0
248.8642,261.563,6:05:26:738162,0
249.0609,261.4464,6:05:26:741174,0
249.1839,261.3881,6:05:26:745174,0
249.1839,261.3006,6:05:26:749172,0
249.1839,261.3006,6:05:26:753172,0
249.1839,261.3006,6:05:26:757174,0
249.1839,261.3006,6:05:26:761981,0
249.1839,261.3006,6:05:26:765997,0
249.1839,261.3006,6:05:26:769991,0
249.1839,261.3006,6:05:26:772991,0
248.692,261.8836,6:05:26:776991,0
248.692,261.8836,6:05:26:780994,0
248.692,261.8836,6:05:26:785882,0
248.692,261.8836,6:05:26:789397,0
248.692,261.8836,6:05:26:793396,0
249.3314,261.8836,6:05:26:797394,0
249.3314,261.8836,6:05:26:801400,0
249.3314,261.184,6:05:26:805399,0
249.9955,261.184,6:05:26:809399,0
249.9955,261.184,6:05:26:813400,0
250.4382,260.6302,6:05:26:817181,0
250.4382,260.6302,6:05:26:821184,0
250.4382,260.6302,6:05:26:825182,0
250.8071,260.1346,6:05:26:829181,0
250.8071,260.1346,6:05:26:833181,0
250.8071,259.7556,6:05:26:837874,0
251.0776,259.7556,6:05:26:841884,0
251.0776,259.4933,6:05:26:845824,0
251.2006,259.4933,6:05:26:849832,0
251.2989,259.3184,6:05:26:853834,0
251.2989,259.3184,6:05:26:857832,0
251.3727,259.231,6:05:26:861833,0
251.3727,259.2018,6:05:26:865830,0
251.3727,259.2018,6:05:26:869843,0
251.3727,259.1143,6:05:26:873863,0
251.3727,258.9977,6:05:26:877232,0
251.3727,258.9103,6:05:26:881223,0
250.7087,258.7062,6:05:26:885223,0
250.7087,258.5313,6:05:26:889223,0
250.7087,258.269,6:05:26:894227,0
250.0938,257.9775,6:05:26:897233,0
250.0938,257.686,6:05:26:901769,0
249.6512,257.3945,6:05:26:905813,0
249.6512,257.0739,6:05:26:909822,0
249.2085,256.7823,6:05:26:913823,0
249.2085,256.52,6:05:26:917823,0
248.8642,256.2577,6:05:26:921823,0
248.8642,256.0536,6:05:26:925823,0
248.692,255.8204,6:05:26:929812,0
248.692,255.6455,6:05:26:933822,0
248.569,255.4998,6:05:26:937823,0
248.569,255.2957,6:05:26:941214,0
248.569,255.1499,6:05:26:945217,0
248.569,254.9751,6:05:26:949214,0
248.569,254.8293,6:05:26:953219,0
248.569,254.7127,6:05:26:957694,0
248.569,254.5961,6:05:26:962210,0
248.569,254.4212,6:05:26:965209,0
248.569,254.2463,6:05:26:969722,0
248.569,254.0423,6:05:26:973733,0
248.569,253.8674,6:05:26:977733,0
248.569,253.6924,6:05:26:981731,0
248.569,253.4884,6:05:26:985780,0
248.569,253.3427,6:05:26:989790,0
248.569,253.1678,6:05:26:993791,0
248.569,253.0511,6:05:26:997791,0
248.569,252.9346,6:05:27:001791,0
248.569,252.8763,6:05:27:005675,0
248.0034,252.8179,6:05:27:009685,0
248.0034,252.7596,6:05:27:013653,0
248.0034,252.7305,6:05:27:017706,0
248.0034,252.6431,6:05:27:021696,0
248.0034,252.6139,6:05:27:025697,0
247.6591,252.4973,6:05:27:029698,0
247.6591,252.3807,6:05:27:034044,0
247.6591,252.3224,6:05:27:037043,0
247.6591,252.2058,6:05:27:042045,0
247.6591,252.1183,6:05:27:045045,0
247.6591,252.06,6:05:27:049042,0
247.6591,251.9435,6:05:27:053043,0
247.6591,251.9143,6:05:27:058471,0
247.6591,251.9143,6:05:27:061508,0
247.6591,251.9143,6:05:27:065481,0
247.6591,251.9143,6:05:27:069481,0
247.6591,251.9143,6:05:27:073678,0
247.6591,251.9143,6:05:27:077484,0
247.6591,251.9143,6:05:27:082070,0
247.6591,251.9143,6:05:27:085081,0
247.1918,251.9143,6:05:27:090272,0
247.1918,251.9143,6:05:27:093271,1199
247.1918,251.9143,6:05:27:097424,1195
246.7491,251.9143,6:05:27:101274,1203
246.7491,251.9143,6:05:27:106214,1238
246.7491,251.9143,6:05:27:109212,1314
246.4294,251.9143,6:05:27:114214,1448
246.4294,251.9143,6:05:27:117210,1601
246.4294,251.3604,6:05:27:121929,1745
246.208,251.3604,6:05:27:125246,1867
246.208,251.3604,6:05:27:129956,1974
246.0851,250.894,6:05:27:132969,2092
246.0851,250.894,6:05:27:137982,2225
245.9375,250.894,6:05:27:140971,2369
245.8637,250.4859,6:05:27:145971,2496
245.8145,250.4859,6:05:27:148969,2589
245.7654,250.1653,6:05:27:154341,2662
245.7654,249.9904,6:05:27:157866,2713
245.7654,249.7863,6:05:27:161865,2748
245.7654,249.524,6:05:27:165866,2783
245.7654,249.2325,6:05:27:169879,2828
245.7654,248.941,6:05:27:173866,2879
246.4048,248.6203,6:05:27:178072,2925
246.4048,248.2414,6:05:27:181429,2969
247.2164,247.8333,6:05:27:185742,2993
247.8804,247.4543,6:05:27:189742,2995
248.6182,247.0462,6:05:27:193741,2997
249.5282,246.6382,6:05:27:197742,2995
250.5611,246.3175,6:05:27:201850,2992
251.6432,245.9677,6:05:27:205873,2992
252.8237,245.6762,6:05:27:209856,2994
254.0288,245.4722,6:05:27:213858,2991
255.2094,245.3264,6:05:27:217857,2987
256.3898,245.2098,6:05:27:221859,2989
257.5457,245.1515,6:05:27:225929,2988
258.6033,245.1515,6:05:27:229918,2987
259.6116,245.1515,6:05:27:233920,2991
260.5708,245.1515,6:05:27:237927,2991
261.4807,246.026,6:05:27:241931,2991
262.2924,246.026,6:05:27:244917,2996
263.0547,246.9296,6:05:27:249917,2997
263.6942,247.4835,6:05:27:252917,3000
264.2353,248.0956,6:05:27:257919,3005
264.6779,248.7661,6:05:27:260917,3004
264.9977,249.4657,6:05:27:265878,3008
265.1452,250.1944,6:05:27:269780,3011
265.2436,250.9815,6:05:27:273835,3016
265.2436,251.7103,6:05:27:277779,3027
265.2436,252.4682,6:05:27:281912,3042
264.555,253.2843,6:05:27:284925,3057
264.555,254.1297,6:05:27:289921,3074
263.3745,254.9751,6:05:27:292943,3088
262.5875,255.8204,6:05:27:298098,3095
261.7021,256.6366,6:05:27:301096,3105
260.743,257.4236,6:05:27:305094,3112
259.71,258.1524,6:05:27:310095,3124
258.7017,258.9103,6:05:27:313096,3128
257.7179,259.5225,6:05:27:317095,3126
256.808,260.0471,6:05:27:321927,3128
256.0209,260.4844,6:05:27:324940,3124
255.3323,260.8342,6:05:27:329049,3131
254.8158,261.0966,6:05:27:332939,3147
254.4223,261.2423,6:05:27:337938,3172
254.1518,261.3006,6:05:27:340940,3211
253.9797,261.3881,6:05:27:345875,3266
253.9797,261.3881,6:05:27:348885,3333
253.9797,261.3881,6:05:27:352994,3411
253.9797,261.3881,6:05:27:357035,3497
253.9797,261.3881,6:05:27:361278,3576
253.9797,261.3881,6:05:27:365164,3642
253.9797,261.3881,6:05:27:369168,3682
253.9797,261.3881,6:05:27:373167,3697
254.5945,261.3881,6:05:27:377866,3697
254.5945,260.7176,6:05:27:380876,3690
255.4553,260.7176,6:05:27:385382,3684
256.0455,260.7176,6:05:27:389392,3679
256.7342,260.2803,6:05:27:393394,3679
257.5211,260.2803,6:05:27:397392,3680
258.4311,260.2803,6:05:27:402023,3681
259.2919,260.2803,6:05:27:405034,3682
260.1773,260.2803,6:05:27:409034,3681
261.0135,261.1548,6:05:27:413036,3678
261.8005,261.1548,6:05:27:417032,3676
262.5875,262.2625,6:05:27:422031,3677
263.3007,262.9622,6:05:27:425287,3678
263.9647,263.7201,6:05:27:429063,3676
264.5058,264.4779,6:05:27:434113,3672
265.0468,265.265,6:05:27:438120,3671
265.4649,266.0812,6:05:27:442112,3676
265.7601,266.8974,6:05:27:445114,3687
266.006,267.6844,6:05:27:449957,3705
266.1044,268.5006,6:05:27:453967,3726
266.1044,269.2585,6:05:27:457025,3752
266.1044,270.0456,6:05:27:460967,3788
266.1044,270.8326,6:05:27:465966,3830
265.1944,271.5905,6:05:27:468967,3871
264.6534,272.3484,6:05:27:473636,3916
263.8909,273.048,6:05:27:477505,3950
262.9564,273.7477,6:05:27:481504,3985
261.8988,274.3598,6:05:27:485505,4014
260.7184,274.972,6:05:27:489514,4032
259.3903,275.5258,6:05:27:493505,4052
258.0622,275.9922,6:05:27:497871,4061
256.685,276.4586,6:05:27:500883,4070
255.3323,276.8084,6:05:27:505896,4080
254.0534,277.0999,6:05:27:509881,4089
252.9221,277.3622,6:05:27:513882,4097
251.9384,277.5663,6:05:27:517803,4107
251.053,277.6829,6:05:27:521814,4113
250.3644,277.712,6:05:27:525814,4121
249.7987,277.712,6:05:27:529814,4133
249.3314,277.712,6:05:27:533834,4143
248.9379,277.712,6:05:27:537827,4149
248.5936,277.712,6:05:27:541820,4121
248.2985,277.0125,6:05:27:545825,4037
248.0772,277.0125,6:05:27:549820,3854
247.905,276.1963,6:05:27:553830,3558
247.7328,276.1963,6:05:27:557828,3137
247.6837,275.1177,6:05:27:561830,2512
247.6837,274.4764,6:05:27:565830,1657
247.6837,273.7768,6:05:27:569830,917
248.2739,272.9897,6:05:27:574021,332
248.2739,272.2318,6:05:27:577536,0
249.2823,271.3865,6:05:27:581535,0
249.9217,270.4537,6:05:27:585557,0
250.7087,269.4043,6:05:27:589538,0
251.5941,268.4132,6:05:27:593536,0
252.5286,267.3347,6:05:27:597216,0
253.4878,266.3435,6:05:27:601203,0
254.5453,265.2942,6:05:27:605203,0
255.652,264.303,6:05:27:609206,0
256.808,263.312,6:05:27:613819,0
258.013,262.4083,6:05:27:618829,0
259.2427,261.5921,6:05:27:622829,0
260.4478,260.8342,6:05:27:625829,0
261.6775,260.1638,6:05:27:629827,0
262.8088,259.5516,6:05:27:633950,0
263.7926,259.0561,6:05:27:637960,0
264.6779,258.6479,6:05:27:641966,0
265.3911,258.3856,6:05:27:644963,0
265.9322,258.2398,6:05:27:649000,0
266.2765,258.1815,6:05:27:653208,0
266.3503,258.1815,6:05:27:657581,0
266.3995,258.1815,6:05:27:661471,0
266.3995,258.1815,6:05:27:665473,0
266.3995,259.1143,6:05:27:669471,0
265.7601,259.1143,6:05:27:673863,0
265.7601,259.9305,6:05:27:676909,0
265.1206,259.9305,6:05:27:681801,0
265.1206,259.9305,6:05:27:685760,2473
264.5058,260.4261,6:05:27:689803,2493
264.5058,260.4261,6:05:27:693760,2508
264.0139,260.4261,6:05:27:697896,2527
264.0139,260.4261,6:05:27:700896,2546
264.0139,260.4261,6:05:27:705896,2559
263.645,260.4261,6:05:27:708895,2596
263.645,259.6682,6:05:27:713865,2650
263.645,259.6682,6:05:27:716876,2714
263.645,259.6682,6:05:27:721882,2767
263.645,259.6682,6:05:27:725880,2807
263.645,259.6682,6:05:27:729876,2834
264.2107,259.6682,6:05:27:732876,2850
264.2107,259.6682,6:05:27:738963,2864
265.1944,259.6682,6:05:27:740976,2874
265.8093,259.6682,6:05:27:745973,2876
266.5471,259.6682,6:05:27:748986,2878
267.3586,259.6682,6:05:27:753972,2879
268.2932,259.6682,6:05:27:757973,2884
269.2032,259.6682,6:05:27:761865,2900
270.0394,259.6682,6:05:27:765876,2926
270.8264,258.9686,6:05:27:769749,2968
271.5396,258.9686,6:05:27:773711,3018
272.2282,258.4439,6:05:27:777816,3065
272.8676,258.4439,6:05:27:781701,3110
273.4087,257.6277,6:05:27:785820,3151
273.9006,257.0447,6:05:27:789828,3189
274.3187,256.4908,6:05:27:793837,3220
274.663,255.9079,6:05:27:797814,3254
274.9581,255.2083,6:05:27:801815,3283
275.2041,254.4795,6:05:27:805818,3309
275.4254,253.7507,6:05:27:809818,3347
275.5484,252.9637,6:05:27:813857,3384
275.5976,252.235,6:05:27:817855,3418
275.6468,251.5354,6:05:27:821857,3454
275.6468,250.7775,6:05:27:825859,3488
275.6468,250.0779,6:05:27:829509,3536
275.6468,249.4657,6:05:27:833523,3611
275.6468,248.8535,6:05:27:837944,3702
275.6468,248.3871,6:05:27:840953,3811
275.6468,247.979,6:05:27:845604,3908
275.6468,247.6584,6:05:27:849528,3984
275.1795,247.4543,6:05:27:853525,4038
275.1795,247.2794,6:05:27:857526,4060
275.1795,247.192,6:05:27:861818,4074
275.1795,247.1337,6:05:27:865736,4082
275.1795,247.1337,6:05:27:869612,4082
275.1795,247.0754,6:05:27:873623,4079
275.1795,247.0754,6:05:27:877623,4072
275.1795,247.0754,6:05:27:881622,4058
275.1795,247.0754,6:05:27:885622,4047
275.1795,247.0754,6:05:27:889775,4031
275.1795,247.0754,6:05:27:893786,4017
275.1795,247.0754,6:05:27:897606,4008
275.1795,247.0754,6:05:27:901627,4003
275.1795,247.7167,6:05:27:905674,4008
275.1795,247.7167,6:05:27:909604,4015
275.1795,248.6786,6:05:27:913869,4024
275.1795,249.3199,6:05:27:917879,4034
275.1795,250.1362,6:05:27:920879,4047
275.7943,251.0398,6:05:27:925881,4075
275.7943,252.06,6:05:27:929521,4112
275.7943,253.1969,6:05:27:933531,4159
276.3846,254.392,6:05:27:937534,4213
276.3846,255.6455,6:05:27:941820,4265
276.3846,256.9281,6:05:27:945551,4323
276.9256,258.2982,6:05:27:949326,4375
276.9256,259.6682,6:05:27:953202,4413
277.2208,261.0966,6:05:27:957201,4441
277.2208,262.4958,6:05:27:961202,4453
277.5405,263.7784,6:05:27:966045,4454
277.5405,265.0027,6:05:27:969056,4459
277.7618,266.1104,6:05:27:974055,4461
277.8602,267.1598,6:05:27:978055,4462
277.9586,268.0926,6:05:27:981158,4469
278.0078,268.9088,6:05:27:985056,4470
278.1061,269.6375,6:05:27:989865,4445
278.1799,270.308,6:05:27:992875,4370
278.2045,270.8618,6:05:27:997875,4210
278.3029,271.299,6:05:28:001874,3959
278.3766,271.678,6:05:28:006005,3630
278.4504,271.9695,6:05:28:009016,3252
278.5488,272.1444,6:05:28:014015,2855
278.598,272.2902,6:05:28:017016,2434
278.6964,272.3484,6:05:28:021015,1891
278.8439,272.3484,6:05:28:025019,1228
279.1391,272.3484,6:05:28:029515,664
279.4096,271.5905,6:05:28:033525,0
279.7539,271.5905,6:05:28:037524,0
280.1474,270.2205,6:05:28:041525,0
280.5655,269.2003,6:05:28:045813,0
281.082,267.9468,6:05:28:049542,0
281.6722,266.4893,6:05:28:053865,0
282.2625,264.9443,6:05:28:057876,0
282.8527,263.3702,6:05:28:061644,0
283.443,261.7961,6:05:28:065654,0
284.107,260.222,6:05:28:069685,0
284.7218,258.8228,6:05:28:073641,0
285.3613,257.6277,6:05:28:077828,0
285.9023,256.5783,6:05:28:081132,0
286.3942,255.6455,6:05:28:085133,0
286.7139,254.8584,6:05:28:089131,0
287.0091,254.1297,6:05:28:093224,0
287.1566,253.4301,6:05:28:097131,0
287.2058,252.7305,6:05:28:101817,2282
287.2058,252.06,6:05:28:105148,2358
287.2058,251.3896,6:05:28:109812,2492
287.2058,250.7483,6:05:28:113195,2700
287.2058,250.1653,6:05:28:117574,2974
287.2058,249.6115,6:05:28:121577,3241
286.5664,249.1159,6:05:28:125574,3525
286.5664,248.7952,6:05:28:129577,3785
286.5664,248.6203,6:05:28:133127,4010
286.5664,248.4454,6:05:28:137134,4178
286.5664,248.3871,6:05:28:141233,4272
286.1729,248.2997,6:05:28:145134,4315
286.1729,248.2706,6:05:28:149136,4330
286.1729,248.2706,6:05:28:153133,4324
286.1729,248.2706,6:05:28:157841,4313
286.1729,248.2706,6:05:28:161388,4299
286.1729,248.2706,6:05:28:165378,4285
286.1729,248.2706,6:05:28:169356,4288
286.1729,249.0284,6:05:28:174355,4298
286.1729,249.0284,6:05:28:179358,4312
286.1729,250.0779,6:05:28:181356,4330
286.1729,250.8649,6:05:28:185359,4346
286.1729,251.7103,6:05:28:189873,4366
286.1729,252.7888,6:05:28:193883,4394
286.1729,254.0423,6:05:28:197881,4422
286.1729,255.3831,6:05:28:200893,4462
286.1729,256.8406,6:05:28:205891,4509
286.1729,258.3564,6:05:28:209897,4559
286.5664,259.9014,6:05:28:212891,4607
286.5664,261.5046,6:05:28:216892,4642
286.5664,263.1662,6:05:28:221730,4661
286.5664,264.7986,6:05:28:225738,4672
286.5664,266.2561,6:05:28:229802,4682
286.8123,267.7136,6:05:28:233805,4693
286.8123,269.0545,6:05:28:237810,4705
286.8123,270.308,6:05:28:241799,4709
286.8123,271.4156,6:05:28:246022,4708
286.9353,272.4359,6:05:28:249035,4707
286.9353,273.3395,6:05:28:253400,4704
287.0583,274.1266,6:05:28:257410,4708
287.1566,274.7679,6:05:28:261501,4713
287.2304,275.2926,6:05:28:265412,4709
287.255,275.7007,6:05:28:269409,4692
287.2796,275.9922,6:05:28:273410,4648
287.3288,276.2254,6:05:28:277453,4557
287.3534,276.342,6:05:28:282462,4414
287.3534,276.4003,6:05:28:285462,4214
287.378,276.4003,6:05:28:289589,3958
287.4026,276.4003,6:05:28:293466,3647
287.4518,276.4003,6:05:28:297780,3209
287.4518,276.4003,6:05:28:301790,2555
287.4763,276.4003,6:05:28:305790,1677
287.5501,275.2926,6:05:28:309790,899
287.6731,274.6222,6:05:28:313790,0
287.7961,273.8059,6:05:28:317790,0
287.9682,272.844,6:05:28:321182,0
288.2633,271.7072,6:05:28:326194,0
288.6568,270.4537,6:05:28:329195,0
289.1979,269.1419,6:05:28:333233,0
289.7881,267.8593,6:05:28:337195,0
290.5014,266.6059,6:05:28:341244,0
291.313,265.3524,6:05:28:345272,0
292.1983,264.1281,6:05:28:349260,0
293.1329,262.9038,6:05:28:353270,0
294.0675,261.7379,6:05:28:357394,0
295.0758,260.6302,6:05:28:361272,0
296.035,259.6099,6:05:28:365866,0
296.9449,258.5313,6:05:28:369895,0
297.7565,257.5403,6:05:28:373324,0
298.5435,256.6657,6:05:28:377328,0
299.2813,255.8495,6:05:28:381325,0
299.97,255.1208,6:05:28:385325,0
300.5602,254.4503,6:05:28:389249,0
301.1259,253.8674,6:05:28:393262,0
301.5932,253.3427,6:05:28:397868,0
302.0113,252.9054,6:05:28:400878,0
302.4048,252.4682,6:05:28:405877,0
302.7245,252.0018,6:05:28:408878,2350
302.9704,251.6519,6:05:28:413895,2368
303.1671,251.3604,6:05:28:417878,2401
303.3147,251.0398,6:05:28:421129,2438
303.3639,250.8649,6:05:28:426191,2493
303.4377,250.7191,6:05:28:429941,2539
303.4623,250.6317,6:05:28:433952,2571
303.4623,250.6026,6:05:28:437966,2597
303.5115,250.6026,6:05:28:440954,2604
303.5115,250.6026,6:05:28:445043,2613
303.5115,250.6026,6:05:28:448951,2661
303.5115,250.6026,6:05:28:453948,2730
303.5115,251.5062,6:05:28:456949,2805
303.5115,251.5062,6:05:28:461817,2879
303.5115,252.5264,6:05:28:466354,2924
303.5115,253.226,6:05:28:469393,2959
303.5115,254.1297,6:05:28:473403,3004
303.5115,255.1499,6:05:28:477527,3051
303.5115,256.1993,6:05:28:481527,3100
303.5115,257.2779,6:05:28:485529,3155
303.5115,258.2982,6:05:28:489529,3210
303.5115,259.4059,6:05:28:493812,3269
303.5115,260.5427,6:05:28:497287,3324
303.5115,261.5921,6:05:28:501811,3372
303.5115,262.6123,6:05:28:505822,3413
302.5523,263.5743,6:05:28:509824,3443
302.5523,264.4196,6:05:28:513822,3468
301.5932,265.2358,6:05:28:517822,3486
301.1259,265.9646,6:05:28:521822,3501
300.5356,266.6059,6:05:28:525346,3515
299.9454,267.1306,6:05:28:529358,3524
299.3059,267.5678,6:05:28:533684,3535
298.6665,267.8885,6:05:28:537229,3551
298.0271,268.1217,6:05:28:541228,3568
297.4122,268.2675,6:05:28:545232,3587
296.7236,268.2675,6:05:28:549228,3605
296.0596,268.2675,6:05:28:553229,3619
295.4693,268.2675,6:05:28:557865,3635
294.9037,268.2675,6:05:28:560875,3647
294.4118,267.4221,6:05:28:565862,3658
293.9937,267.4221,6:05:28:569869,3668
293.6494,266.7225,6:05:28:573871,3678
293.4034,266.7225,6:05:28:577870,3698
293.1821,266.0812,6:05:28:581872,3718
293.0591,266.0812,6:05:28:584875,3740
292.9854,266.0812,6:05:28:589857,3756
292.9362,265.5565,6:05:28:592885,3766
292.9362,265.5565,6:05:28:596856,3775
292.9362,265.5565,6:05:28:601858,3773
292.9362,265.5565,6:05:28:605862,3771
292.9362,265.5565,6:05:28:608870,3760
292.9362,265.5565,6:05:28:613872,3743
292.9362,265.5565,6:05:28:616873,3730
292.9362,265.5565,6:05:28:622125,3720
292.9362,265.5565,6:05:28:625395,3721
292.9362,266.227,6:05:28:628967,3727
293.6986,266.227,6:05:28:633965,3744
293.6986,267.1889,6:05:28:637962,3765
294.5348,267.8593,6:05:28:640966,3791
295.1004,268.6464,6:05:28:644964,3843
295.7644,269.4918,6:05:28:648965,3914
296.4777,270.4246,6:05:28:653816,3997
297.1909,271.299,6:05:28:657241,4093
297.9041,272.2027,6:05:28:662217,4180
298.6665,273.0772,6:05:28:665230,4252
299.5273,273.8934,6:05:28:669226,4315
300.4373,274.6805,6:05:28:673228,4357
301.3718,275.38,6:05:28:677265,4383
302.3802,276.0505,6:05:28:681225,4397
303.4131,276.6335,6:05:28:685424,4410
304.446,277.0999,6:05:28:691354,4409
305.5036,277.5663,6:05:28:693356,4411
306.5365,277.9744,6:05:28:698353,4410
307.4465,278.2659,6:05:28:701353,4387
308.2827,278.5283,6:05:28:705853,4347
308.9959,278.7323,6:05:28:709861,4249
309.5615,278.8781,6:05:28:713863,4093
310.078,278.9947,6:05:28:717863,3873
310.4715,279.0529,6:05:28:722222,3558
310.7174,279.0529,6:05:28:725254,3125
310.9142,279.0529,6:05:28:729456,2490
311.0372,279.0529,6:05:28:733875,1637
311.0863,278.2659,6:05:28:737850,894
311.0863,278.2659,6:05:28:740863,322
311.0863,277.0999,6:05:28:745859,0
311.0863,276.342,6:05:28:749859,0
311.0863,275.4092,6:05:28:753860,0
311.0863,274.4181,6:05:28:757858,0
311.0863,273.3395,6:05:28:761861,0
311.0863,272.261,6:05:28:764871,0
311.0863,271.2699,6:05:28:769898,0
311.0863,270.2205,6:05:28:772899,0
311.0863,269.2294,6:05:28:777899,0
311.0863,268.2966,6:05:28:780923,0
311.0863,267.4804,6:05:28:785862,0
311.0863,266.7516,6:05:28:789875,0
311.0863,266.0521,6:05:28:793506,0
311.0863,265.4982,6:05:28:796986,0
310.4223,264.9735,6:05:28:800988,0
310.4223,264.5363,6:05:28:804985,0
309.6599,264.1573,6:05:28:809861,0
309.1434,263.8658,6:05:28:812871,0
308.6024,263.6326,6:05:28:817560,0
308.0367,263.4577,6:05:28:821563,0
307.4465,263.3702,6:05:28:825616,0
306.8316,263.2537,6:05:28:829560,0
306.2906,263.2245,6:05:28:833559,0
305.7495,263.1079,6:05:28:837559,1871
305.3068,263.0496,6:05:28:841561,1927
304.9379,262.9622,6:05:28:845561,2019
304.6182,262.9038,6:05:28:849561,2136
304.3723,262.8164,6:05:28:853668,2288
304.1755,262.7581,6:05:28:857696,2436
304.0525,262.6707,6:05:28:861719,2593
304.0034,262.6415,6:05:28:865666,2766
303.9788,262.6415,6:05:28:869868,2934
303.9788,262.6415,6:05:28:872900,3071
303.9788,262.6415,6:05:28:876971,3171
303.9788,262.6415,6:05:28:881004,3234
303.9788,262.6415,6:05:28:885021,3285
303.9788,262.6415,6:05:28:889971,3326
303.9788,262.6415,6:05:28:893808,3370
303.9788,262.6415,6:05:28:897588,3424
303.9788,262.6415,6:05:28:902034,3469
304.4706,262.6415,6:05:28:905042,3508
304.4706,262.6415,6:05:28:909043,3542
305.0855,262.6415,6:05:28:913046,3564
305.6511,262.6415,6:05:28:917044,3578
306.4135,262.6415,6:05:28:921042,3584
307.2989,262.6415,6:05:28:925644,3586
308.4056,262.6415,6:05:28:929655,3582
309.6599,262.6415,6:05:28:933654,3576
311.0372,262.0585,6:05:28:937652,3572
312.4636,262.0585,6:05:28:941885,3549
313.8654,261.563,6:05:28:945896,3498
315.2181,261.563,6:05:28:949896,3386
316.4724,261.1257,6:05:28:952895,3191
317.5791,261.1257,6:05:28:958013,2914
318.5628,260.5718,6:05:28:961039,2509
319.3745,260.222,6:05:28:965810,1922
320.0139,259.8139,6:05:28:969806,1225
320.5549,259.3184,6:05:28:973810,628
320.9239,258.7646,6:05:28:977806,0
321.219,258.1233,6:05:28:981814,0
321.4403,257.4819,6:05:28:985820,0
321.6125,256.8698,6:05:28:989148,0
321.8092,256.2577,6:05:28:993151,0
322.0305,255.7038,6:05:28:997203,0
322.2765,255.2666,6:05:29:001148,0
322.547,255.0042,6:05:29:005862,0
322.9159,254.8002,6:05:29:008901,0
323.4078,254.6544,6:05:29:013197,0
323.8751,254.5378,6:05:29:017194,0
324.3916,254.4795,6:05:29:021862,0
324.9326,254.4795,6:05:29:025391,0
325.4245,254.4795,6:05:29:029382,0
325.9164,254.4795,6:05:29:033378,0
326.3837,254.4795,6:05:29:037468,0
326.8264,254.4795,6:05:29:041378,0
327.2444,254.4795,6:05:29:045607,0
327.5887,254.4795,6:05:29:049488,0
327.8101,255.0625,6:05:29:053725,0
327.9822,255.0625,6:05:29:057726,1877
328.179,255.0625,6:05:29:061733,1910
328.2282,255.0625,6:05:29:065724,1981
328.302,255.0625,6:05:29:069871,2101
328.3266,255.0625,6:05:29:072884,2280
328.3266,255.0625,6:05:29:077959,2490
328.3266,255.0625,6:05:29:080969,2727
328.3266,255.0625,6:05:29:085088,2974
328.3266,255.0625,6:05:29:088969,3211
328.3266,255.0625,6:05:29:092976,3432
328.3266,255.0625,6:05:29:096969,3631
328.3266,255.0625,6:05:29:101869,3813
327.8593,255.0625,6:05:29:104987,3987
327.8593,255.0625,6:05:29:108986,4143
327.8593,255.0625,6:05:29:112987,4274
327.8593,255.0625,6:05:29:116989,4374
327.8593,255.0625,6:05:29:120988,4425
327.4658,255.0625,6:05:29:125744,4450
327.4658,255.0625,6:05:29:129754,4458
326.9985,255.0625,6:05:29:133756,4461
326.6542,255.0625,6:05:29:137754,4469
326.2361,254.3046,6:05:29:141755,4478
325.7934,254.3046,6:05:29:145754,4482
325.3261,253.7216,6:05:29:149872,4482
324.8589,253.7216,6:05:29:152886,4486
324.4162,252.9637,6:05:29:157935,4487
324.0226,252.4973,6:05:29:160935,4489
323.7029,252.06,6:05:29:165935,4488
323.4324,251.5354,6:05:29:168935,4479
323.2357,251.0398,6:05:29:173814,4456
323.1373,250.4859,6:05:29:177087,4415
323.1373,249.9321,6:05:29:181867,4362
323.1373,249.4366,6:05:29:185878,4301
323.1373,248.9118,6:05:29:189879,4251
323.8997,248.3871,6:05:29:194883,4213
323.8997,247.9499,6:05:29:196880,4180
324.8834,247.4835,6:05:29:201877,4152
325.5229,247.1628,6:05:29:205879,4119
326.1869,246.9005,6:05:29:208880,4088
326.8264,246.7547,6:05:29:213546,4055
327.515,246.6382,6:05:29:217555,4027
328.179,246.6382,6:05:29:221555,3995
328.843,246.6382,6:05:29:225555,3962
329.3841,246.6382,6:05:29:229555,3925
329.8514,246.6382,6:05:29:233556,3881
330.2449,247.3086,6:05:29:238364,3835
330.5892,247.3086,6:05:29:241374,3797
330.8351,248.1539,6:05:29:245462,3765
330.9827,248.7661,6:05:29:249428,3744
331.1057,249.4948,6:05:29:253427,3734
331.1057,250.3111,6:05:29:257428,3732
331.1057,251.2439,6:05:29:261871,3734
331.1057,252.2641,6:05:29:264881,3741
330.5154,253.5175,6:05:29:269891,3750
330.5154,254.8584,6:05:29:273879,3753
329.6546,256.2577,6:05:29:277880,3763
329.1382,257.7151,6:05:29:280879,3777
328.6463,259.2018,6:05:29:285716,3789
328.1052,260.6302,6:05:29:289726,3809
327.6379,262.0876,6:05:29:293818,3830
327.2936,263.4577,6:05:29:297726,3855
327.2936,264.7112,6:05:29:301850,3888
327.2936,265.848,6:05:29:305860,3929
327.2936,266.9265,6:05:29:309853,3978
327.2936,267.8593,6:05:29:312865,4025
327.9331,268.7339,6:05:29:316880,4067
328.4987,269.5209,6:05:29:321863,4094
329.2611,270.1913,6:05:29:325863,4106
330.1957,270.7452,6:05:29:329871,4113
331.2778,271.1824,6:05:29:333623,4118
332.4829,271.5323,6:05:29:338138,4122
333.7372,271.7072,6:05:29:341809,4130
335.0406,271.7363,6:05:29:345514,4135
336.3195,271.7363,6:05:29:349066,4138
337.6722,271.7363,6:05:29:353075,4137
338.9265,271.7363,6:05:29:357114,4135
340.0824,270.6286,6:05:29:361072,4136
341.1645,270.0164,6:05:29:365884,4130
342.1483,269.2585,6:05:29:368913,4126
342.9598,268.2966,6:05:29:373003,4112
343.6977,267.1598,6:05:29:377000,4086
344.3125,265.8188,6:05:29:381053,4052
344.8044,264.2739,6:05:29:386000,4010
345.1733,262.5249,6:05:29:389855,3976
345.4192,260.7759,6:05:29:392867,3948
345.5668,258.9977,6:05:29:397911,3934
345.6406,257.307,6:05:29:400912,3928
345.6406,255.6455,6:05:29:405910,3925
345.6406,254.1588,6:05:29:408913,3924
345.6406,252.9054,6:05:29:413861,3920
345.6406,251.7977,6:05:29:417871,3924
345.0503,250.9523,6:05:29:421870,3928
345.0503,250.1362,6:05:29:425872,3940
345.0503,249.4948,6:05:29:429871,3978
344.4846,248.941,6:05:29:433884,4031
344.4846,248.5038,6:05:29:437922,4092
344.4846,248.2122,6:05:29:440920,4145
344.1158,247.9499,6:05:29:445808,4173
344.1158,247.8042,6:05:29:449526,4175
344.1158,247.7167,6:05:29:453526,4159
344.1158,247.6875,6:05:29:457526,4140
344.1158,247.6875,6:05:29:461526,4120
344.1158,247.6875,6:05:29:465505,4105
344.1158,247.6875,6:05:29:469502,4102
344.1158,247.6875,6:05:29:473619,4103
344.1158,248.6786,6:05:29:477502,4111
344.1158,248.6786,6:05:29:481807,4131
344.1158,250.0195,6:05:29:485520,4167
344.1158,250.894,6:05:29:489601,4223
344.8044,252.0018,6:05:29:493599,4291
344.8044,253.3135,6:05:29:497599,4372
345.4438,254.8293,6:05:29:501601,4467
345.8619,256.4908,6:05:29:505599,4575
346.28,258.2982,6:05:29:509807,4679
346.7719,260.1929,6:05:29:513818,4775
347.2638,262.0876,6:05:29:517815,4836
347.7556,264.0699,6:05:29:521818,4869
348.2967,265.9937,6:05:29:525816,4891
348.764,267.7719,6:05:29:529821,4899
349.2313,269.4626,6:05:29:533817,4907
349.6248,270.9201,6:05:29:538641,4911
350.0182,272.261,6:05:29:541652,4917
350.3134,273.4561,6:05:29:545765,4915
350.5593,274.5347,6:05:29:549654,4910
350.7807,275.4092,6:05:29:553700,4862
350.9774,276.1963,6:05:29:557652,4734
351.1004,276.8084,6:05:29:561339,4512
351.1988,277.304,6:05:29:565351,4165
351.2234,277.6829,6:05:29:569339,3731
351.2479,277.9161,6:05:29:573339,3234
351.2971,278.1201,6:05:29:577861,2607
351.3217,278.1201,6:05:29:580871,1736
351.3463,278.1201,6:05:29:585870,989
351.4201,278.1201,6:05:29:588873,380
351.5185,276.8958,6:05:29:593870,0
351.6906,276.0797,6:05:29:597869,0
351.9366,275.0011,6:05:29:601869,0
352.2809,273.6602,6:05:29:604880,0
352.7236,272.0278,6:05:29:609880,0
353.2154,270.1913,6:05:29:612882,0
353.8549,268.2966,6:05:29:617880,0
354.5435,266.2561,6:05:29:621158,0
355.2567,264.1865,6:05:29:625005,0
355.9945,262.1459,6:05:29:629015,0
356.6832,260.222,6:05:29:633015,0
357.3472,258.4147,6:05:29:637015,0
357.962,256.7241,6:05:29:641859,0
358.5277,255.1499,6:05:29:645867,0
358.995,253.7507,6:05:29:649912,0
359.3885,252.5264,6:05:29:652914,0
359.7328,251.5354,6:05:29:657916,0
359.9295,250.6317,6:05:29:661914,0
360.1263,249.903,6:05:29:665913,0
360.2247,249.3199,6:05:29:670909,0
360.2738,248.8244,6:05:29:673908,0
360.323,248.4163,6:05:29:677910,0
360.3476,248.0082,6:05:29:681907,2714
360.3476,247.6875,6:05:29:684909,2790
360.3476,247.396,6:05:29:689735,2898
360.3476,247.1337,6:05:29:693744,3034
360.3476,246.9005,6:05:29:697780,3221
360.3476,246.6964,6:05:29:701743,3372
360.3476,246.5215,6:05:29:706169,3516
360.3476,246.4632,6:05:29:709179,3638
360.3476,246.4632,6:05:29:713177,3711
360.3476,246.4632,6:05:29:718177,3747
360.3476,246.4632,6:05:29:721178,3777
360.3476,246.4632,6:05:29:725179,3830
360.3476,246.4632,6:05:29:729464,3914
360.3476,247.3378,6:05:29:733194,4020
360.3476,247.3378,6:05:29:737512,4125
360.3476,248.562,6:05:29:741556,4227
360.3476,249.4366,6:05:29:745836,4316
360.3476,250.4276,6:05:29:749807,4416
360.9379,251.5645,6:05:29:753836,4521
360.9379,252.9054,6:05:29:757819,4628
361.3806,254.4212,6:05:29:761807,4726
361.3806,256.0536,6:05:29:765807,4806
361.8724,257.8026,6:05:29:769851,4867
361.8724,259.6099,6:05:29:772895,4907
362.3889,261.4464,6:05:29:777359,4943
362.3889,263.3702,6:05:29:781359,4959
362.8808,265.265,6:05:29:785361,4972
363.1267,267.0432,6:05:29:789359,4979
363.3972,268.7047,6:05:29:793361,4982
363.6678,270.2788,6:05:29:797359,4985
363.8645,271.678,6:05:29:801779,4988
364.0859,272.9897,6:05:29:805675,4996
364.2826,274.1558,6:05:29:809675,4986
364.4056,275.176,6:05:29:813674,4957
364.5286,276.1088,6:05:29:817675,4886
364.6024,276.8958,6:05:29:821762,4739
364.6269,277.508,6:05:29:826502,4522
364.6269,278.0035,6:05:29:829512,4223
364.6269,278.3825,6:05:29:833612,3858
364.6269,278.5865,6:05:29:837542,3444
364.6269,278.7323,6:05:29:841513,2874
364.6269,278.7323,6:05:29:845512,2058
364.6269,278.7323,6:05:29:849807,1247
363.9383,278.7323,6:05:29:853648,555
363.9383,277.6829,6:05:29:857770,0
362.807,276.9542,6:05:29:861770,0
361.9708,276.0797,6:05:29:865860,0
360.9133,275.0302,6:05:29:869858,0
359.7574,273.8059,6:05:29:872859,0
358.5031,272.5233,6:05:29:877860,0
357.2242,271.2699,6:05:29:881859,0
355.8716,270.0456,6:05:29:885317,0
354.5927,268.8213,6:05:29:889318,0
353.3138,267.7719,6:05:29:893320,0
352.1087,266.8683,6:05:29:897321,0
350.879,266.0812,6:05:29:901323,0
349.6002,265.4107,6:05:29:905318,0
348.2967,264.8278,6:05:29:909318,0
346.8948,264.3322,6:05:29:913864,0
345.3454,263.8658,6:05:29:916874,0
343.7223,263.4286,6:05:29:921874,0
342.0007,262.9622,6:05:29:925872,0
340.1316,262.4958,6:05:29:928875,0
338.2133,261.971,6:05:29:933907,0
336.2458,261.4172,6:05:29:936914,0
334.1307,260.8342,6:05:29:941951,0
332.0156,260.1929,6:05:29:945503,0
329.8514,259.5516,6:05:29:949588,0
327.6871,258.9103,6:05:29:953503,0
325.5229,258.2398,6:05:29:957502,0
323.4078,257.5694,6:05:29:961506,0
321.3419,256.8698,6:05:29:965940,0
319.3007,256.2577,6:05:29:968950,0
317.407,255.7912,6:05:29:973951,0
315.5624,255.2957,6:05:29:976950,0
313.8654,254.8876,6:05:29:980980,0
312.2668,254.5378,6:05:29:985959,0
310.8158,254.2463,6:05:29:988950,0
309.3648,253.9839,6:05:29:993138,0
308.0367,253.8382,6:05:29:997708,0
306.6841,253.605,6:05:30:001721,0
305.3806,253.3718,6:05:30:005816,0
304.1263,253.1969,6:05:30:009715,0
302.8966,252.9637,6:05:30:013715,0
301.7161,252.8179,6:05:30:018043,0
300.4619,252.6431,6:05:30:021052,0
299.2813,252.4682,6:05:30:025162,0
298.1254,252.235,6:05:30:029054,0
296.9941,252.06,6:05:30:033054,0
295.9612,251.8268,6:05:30:037864,0
294.8791,251.5936,6:05:30:040874,0
293.7477,251.3896,6:05:30:045875,0
292.6656,251.1272,6:05:30:048875,0
291.6327,250.8649,6:05:30:053873,0
290.5752,250.6026,6:05:30:057872,0
289.5176,250.3985,6:05:30:061238,0
288.4847,250.1362,6:05:30:065239,0
287.4518,249.9321,6:05:30:069274,0
286.468,249.728,6:05:30:073238,0
285.5826,249.5823,6:05:30:077242,0
284.6235,249.3783,6:05:30:081242,0
283.7627,249.2325,6:05:30:085241,0
282.9511,249.1159,6:05:30:089239,0
282.1395,249.0284,6:05:30:093894,0
281.3771,248.941,6:05:30:097897,0
280.6885,248.8535,6:05:30:100896,0
279.9998,248.8244,6:05:30:104899,0
279.3604,248.7952,6:05:30:109897,0
278.7947,248.7661,6:05:30:112898,0
278.2291,248.7661,6:05:30:116896,0
277.7372,248.6786,6:05:30:121897,0
277.2699,248.562,6:05:30:125897,0
276.8518,248.4454,6:05:30:128898,0
276.4091,248.2997,6:05:30:132899,0
276.0157,248.1248,6:05:30:137898,0
275.573,247.979,6:05:30:140897,0
275.1057,247.7458,6:05:30:145897,0
274.6138,247.571,6:05:30:148896,0
274.1465,247.396,6:05:30:152899,0
273.6055,247.2503,6:05:30:156896,0
273.0398,247.0462,6:05:30:160896,213
272.425,246.8422,6:05:30:165531,214
271.7855,246.6382,6:05:30:169530,217
271.0969,246.4341,6:05:30:173528,217
270.5067,246.2009,6:05:30:177528,220
269.8672,245.9386,6:05:30:181530,223
269.2032,245.7345,6:05:30:185530,239
268.49,245.5013,6:05:30:189531,274
267.7276,245.3264,6:05:30:193530,315
267.0143,245.1515,6:05:30:197530,377
266.3257,245.064,6:05:30:201531,436
265.6371,244.9766,6:05:30:205530,493
264.8993,244.9474,6:05:30:209530,552
264.2107,244.9183,6:05:30:213531,591
263.522,244.9183,6:05:30:217529,629
262.8826,244.9183,6:05:30:223530,670
262.3415,244.9183,6:05:30:225529,722
261.8251,244.9183,6:05:30:229540,794
261.3578,244.9183,6:05:30:233530,867
261.0135,244.9183,6:05:30:237530,935
260.7675,244.9183,6:05:30:241528,997
260.5708,244.9183,6:05:30:245528,1049
260.497,244.9183,6:05:30:249530,1110
260.497,244.9183,6:05:30:253530,1213
260.497,244.9183,6:05:30:257552,1332
260.497,244.9183,6:05:30:261530,1494
260.497,244.9183,6:05:30:265528,1701
261.4315,244.9183,6:05:30:269645,1887
262.071,244.9183,6:05:30:273653,2083
263.0302,244.9183,6:05:30:277701,2256
264.1369,244.9183,6:05:30:281712,2393
265.5879,244.9183,6:05:30:285712,2530
267.3341,244.9183,6:05:30:289712,2653
269.4491,244.9183,6:05:30:293714,2759
271.8347,244.9183,6:05:30:297712,2862
274.4171,244.9183,6:05:30:301736,2940
277.2208,244.9183,6:05:30:305224,3005
280.172,244.9183,6:05:30:309262,3068
283.3446,244.9183,6:05:30:313818,3117
286.5418,244.9183,6:05:30:317818,3166
289.6406,244.9183,6:05:30:321816,3218
292.6656,245.6179,6:05:30:325817,3261
295.5431,245.6179,6:05:30:330183,3305
298.2484,245.6179,6:05:30:333193,3344
300.6832,245.6179,6:05:30:338193,3372
302.8228,245.6179,6:05:30:341192,3400
304.569,245.6179,6:05:30:345193,3419
306.02,246.0551,6:05:30:349198,3433
307.2251,246.0551,6:05:30:353805,3452
308.0859,246.0551,6:05:30:357213,3471
308.6761,246.0551,6:05:30:361805,3495
309.0205,246.0551,6:05:30:365260,3524
309.2172,246.0551,6:05:30:369674,3550
309.2664,246.0551,6:05:30:373603,3569
309.2664,246.0551,6:05:30:377627,3580
309.2664,246.0551,6:05:30:381603,3589
309.2664,246.0551,6:05:30:385805,3587
309.2664,246.0551,6:05:30:389838,3530
308.6761,246.0551,6:05:30:393844,3386
308.6761,246.0551,6:05:30:397852,3120
308.0367,246.0551,6:05:30:401862,2699
308.0367,246.0551,6:05:30:405837,2113
307.2743,246.0551,6:05:30:409837,1396
307.2743,246.0551,6:05:30:413837,762
306.6841,246.0551,6:05:30:418118,290
306.6841,246.0551,6:05:30:421129,0
306.6841,246.0551,6:05:30:424995,0
306.6841,246.0551,6:05:30:429114,0
307.717,246.0551,6:05:30:433317,0
308.6024,246.0551,6:05:30:437318,0
309.7091,246.0551,6:05:30:441320,0
311.0863,245.2681,6:05:30:445318,0
312.6603,245.2681,6:05:30:449337,0
314.3327,244.6851,6:05:30:453321,0
316.1526,244.6851,6:05:30:457855,0
318.0218,244.0438,6:05:30:461850,0
319.8909,244.0438,6:05:30:465861,0
321.8092,243.6066,6:05:30:469850,0
323.6783,243.6066,6:05:30:474149,0
325.4245,243.6066,6:05:30:477157,0
327.1953,243.2276,6:05:30:481233,0
328.9168,243.2276,6:05:30:485159,0
330.6138,243.2276,6:05:30:489159,0
332.2862,243.2276,6:05:30:493251,0
333.9339,243.2276,6:05:30:497863,0
335.4096,243.2276,6:05:30:501873,0
336.836,243.2276,6:05:30:505874,0
338.1395,243.2276,6:05:30:508875,0
339.2954,243.8689,6:05:30:513873,0
340.3283,243.8689,6:05:30:518134,0
341.1645,243.8689,6:05:30:521650,0
341.8531,244.4519,6:05:30:525717,0
342.345,244.4519,6:05:30:529650,0
342.6893,244.9183,6:05:30:533670,0
342.9844,244.9183,6:05:30:537650,0
343.132,245.3847,6:05:30:541624,0
343.2058,245.3847,6:05:30:545684,0
343.2058,245.7345,6:05:30:549664,0
343.2058,245.7345,6:05:30:553661,0
343.2058,245.9094,6:05:30:557863,0
343.2058,245.9094,6:05:30:560873,0
343.2058,245.9094,6:05:30:565872,1069
343.2058,245.9094,6:05:30:569873,1094
343.2058,245.9094,6:05:30:573880,1153
342.7385,245.9094,6:05:30:576873,1224
342.7385,245.9094,6:05:30:581850,1318
342.7385,245.9094,6:05:30:585852,1401
342.7385,245.9094,6:05:30:589850,1468
342.1729,245.9094,6:05:30:593852,1549
342.1729,245.9094,6:05:30:597867,1634
341.5826,245.9094,6:05:30:601353,1732
341.1891,245.9094,6:05:30:605361,1841
340.7218,245.9094,6:05:30:609364,1959
340.1808,245.9094,6:05:30:613361,2094
339.5659,245.9094,6:05:30:617366,2238
338.9756,245.9094,6:05:30:621363,2397
338.41,245.9094,6:05:30:625753,2561
337.8689,246.5215,6:05:30:629755,2715
337.3525,246.5215,6:05:30:633755,2858
336.8852,246.5215,6:05:30:637760,2973
336.5409,246.9296,6:05:30:642231,3067
336.2704,246.9296,6:05:30:645241,3146
336.0736,246.9296,6:05:30:649358,3217
335.9506,246.9296,6:05:30:653358,3296
335.9014,246.9296,6:05:30:657361,3372
335.8523,246.9296,6:05:30:661359,3438
335.8523,246.9296,6:05:30:665868,3491
335.8523,246.9296,6:05:30:669878,3535
335.8523,246.9296,6:05:30:673879,3577
335.8523,246.9296,6:05:30:676881,3614
335.8523,246.9296,6:05:30:682108,3659
335.8523,246.9296,6:05:30:685118,3709
336.5409,246.9296,6:05:30:689118,3776
336.5409,246.9296,6:05:30:693119,3868
337.5984,246.9296,6:05:30:697118,3970
338.5084,246.9296,6:05:30:701118,4071
339.6643,246.9296,6:05:30:705807,4159
341.0661,246.9296,6:05:30:709818,4235
342.7385,246.9296,6:05:30:713818,4303
344.6568,246.9296,6:05:30:717818,4367
346.7965,246.9296,6:05:30:721818,4435
349.0345,246.9296,6:05:30:725877,4495
351.3217,246.9296,6:05:30:731886,4549
353.6089,246.9296,6:05:30:733905,4601
355.724,246.9296,6:05:30:737905,4636
357.7899,246.9296,6:05:30:740886,4669
359.659,246.9296,6:05:30:746007,4702
361.3806,246.9296,6:05:30:749020,4732
362.9792,246.9296,6:05:30:753729,4771
364.3072,246.9296,6:05:30:757738,4808
365.4385,246.9296,6:05:30:761739,4838
366.3239,246.9296,6:05:30:765738,4858
367.0617,246.9296,6:05:30:769762,4876
367.652,246.9296,6:05:30:773738,4886
368.0701,246.9296,6:05:30:777384,4896
368.3406,246.9296,6:05:30:781382,4911
368.439,246.9296,6:05:30:785485,4906
368.439,246.9296,6:05:30:789382,4881
368.439,246.9296,6:05:30:793386,4793
368.439,246.9296,6:05:30:797394,4599
367.652,246.9296,6:05:30:801807,4258
367.1355,246.9296,6:05:30:805817,3749
366.3977,246.9296,6:05:30:809815,3058
365.6353,246.9296,6:05:30:813817,2111
364.7499,246.9296,6:05:30:817816,1231
363.717,246.9296,6:05:30:821818,540
362.5857,246.9296,6:05:30:825301,0
361.4789,246.6382,6:05:30:830293,0
360.4214,246.6382,6:05:30:833292,0
359.536,246.3758,6:05:30:837290,0
358.872,246.2009,6:05:30:841291,0
358.2817,245.9677,6:05:30:845808,0
357.8391,245.7636,6:05:30:849302,0
357.6915,245.5304,6:05:30:853153,0
357.6915,245.2681,6:05:30:857186,0
357.6915,245.0932,6:05:30:861268,0
358.3063,244.9183,6:05:30:866161,0
358.3063,244.8017,6:05:30:869181,0
359.0442,244.6559,6:05:30:873163,0
359.0442,244.5977,6:05:30:877161,0
359.8557,244.5977,6:05:30:881161,0
359.8557,244.5977,6:05:30:886163,0
360.2738,244.5977,6:05:30:889218,0
360.2738,244.5394,6:05:30:893218,0
360.2738,244.5394,6:05:30:897312,0
360.2738,244.5102,6:05:30:901218,0
360.2738,244.5102,6:05:30:905861,0
359.4131,244.4227,6:05:30:909871,0
359.4131,244.4227,6:05:30:913340,0
358.3063,244.3936,6:05:30:917236,0
357.6915,244.3936,6:05:30:921212,0
357.0275,244.3936,6:05:30:925221,0
356.1667,244.3936,6:05:30:929812,0
355.3797,244.3936,6:05:30:933251,0
354.4451,245.1515,6:05:30:937255,0
353.5352,245.1515,6:05:30:941866,0
352.5268,245.7345,6:05:30:945220,0
351.5185,245.7345,6:05:30:950219,0
350.4117,246.2883,6:05:30:953220,0
349.3296,246.2883,6:05:30:957225,0
348.2229,246.7547,6:05:30:961220,0
347.1408,246.7547,6:05:30:965803,0
345.9849,247.3086,6:05:30:969172,0
344.8781,247.6875,6:05:30:973171,0
343.8206,247.979,6:05:30:977375,0
342.6893,248.2414,6:05:30:981374,0
341.4842,248.6203,6:05:30:985373,0
340.2054,249.0576,6:05:30:989374,0
338.8773,249.4657,6:05:30:993373,0
337.4754,249.7863,6:05:30:997385,0
336.0736,250.1944,6:05:31:001394,0
334.5734,250.6026,6:05:31:005430,0
333.024,251.1272,6:05:31:009395,0
331.4745,251.5354,6:05:31:013395,0
330.0235,252.0018,6:05:31:017395,0
328.5233,252.3807,6:05:31:021856,0
326.9247,252.7596,6:05:31:024866,0
325.4245,253.1969,6:05:31:029854,0
323.9243,253.5175,6:05:31:032863,0
322.4487,253.7507,6:05:31:037864,0
321.0222,253.8965,6:05:31:041862,0
299.7732,261.8836,6:05:31:083808,0
