281.7214,226.7287,6:04:47:576976,0
280.8114,226.7287,6:04:47:578984,0
279.7539,226.7287,6:04:47:578984,0
278.6964,225.9417,6:04:47:579976,0
277.4175,225.9417,6:04:47:579976,0
276.114,225.9417,6:04:47:583986,0
274.7614,225.9417,6:04:47:587954,0
273.3841,225.9417,6:04:47:592054,0
272.6955,225.9417,6:04:47:596085,0
271.9085,225.9417,6:04:47:599950,0
271.3182,225.9417,6:04:47:603965,0
270.6296,225.9417,6:04:47:607981,0
270.1624,225.9417,6:04:47:611960,0
269.7443,225.9417,6:04:47:616253,0
269.3261,225.9417,6:04:47:619265,0
268.7851,226.5829,6:04:47:623265,0
268.367,226.5829,6:04:47:627315,0
268.0719,226.5829,6:04:47:631262,0
267.6784,226.5829,6:04:47:635953,0
267.2603,227.0493,6:04:47:639962,0
266.6946,227.0493,6:04:47:643980,0
266.0798,227.4574,6:04:47:647977,0
265.3911,227.4574,6:04:47:651992,0
264.7763,227.8656,6:04:47:655963,0
264.1123,228.0988,6:04:47:659853,0
263.522,228.3611,6:04:47:663936,0
262.8088,228.5652,6:04:47:667946,0
262.2432,228.7401,6:04:47:671936,0
261.7759,228.9733,6:04:47:675875,0
261.2594,229.1773,6:04:47:679937,0
260.8413,229.323,6:04:47:683947,0
260.4478,229.4397,6:04:47:687969,0
260.1035,229.5854,6:04:47:691947,0
259.7346,229.7312,6:04:47:695947,0
259.4149,229.9061,6:04:47:699947,0
259.1198,230.1101,6:04:47:704321,0
258.8246,230.285,6:04:47:707329,0
258.5295,230.4599,6:04:47:711937,0
258.2344,230.6931,6:04:47:715947,0
257.8901,230.9263,6:04:47:719945,0
257.5949,231.1304,6:04:47:723945,0
257.2998,231.3053,6:04:47:727947,0
257.0539,231.5093,6:04:47:731990,0
256.808,231.6842,6:04:47:735992,0
256.562,231.8882,6:04:47:740000,0
256.3653,232.034,6:04:47:744000,0
256.2177,232.1214,6:04:47:748002,0
256.0947,232.2089,6:04:47:752002,0
255.9718,232.2381,6:04:47:755002,0
255.8734,232.2381,6:04:47:760002,0
255.7996,232.2381,6:04:47:763991,0
255.7504,232.2381,6:04:47:767874,0
255.7012,232.2381,6:04:47:771391,0
255.652,232.2381,6:04:47:775390,0
255.5782,232.2381,6:04:47:779407,0
255.5291,231.5093,6:04:47:783394,0
255.4553,231.5093,6:04:47:788024,0
255.4061,231.5093,6:04:47:791840,0
255.3077,231.0721,6:04:47:795851,0
255.1356,231.0721,6:04:47:799851,0
254.988,231.0721,6:04:47:803851,0
254.8404,230.6931,6:04:47:807873,0
254.6437,230.6931,6:04:47:811851,0
254.4715,230.6931,6:04:47:815838,0
254.2748,230.4599,6:04:47:819849,0
254.078,230.4599,6:04:47:823849,0
253.8567,230.4599,6:04:47:827839,0
253.6845,230.3141,6:04:47:831839,0
253.4632,230.2558,6:04:47:835840,0
253.2418,230.1976,6:04:47:839850,0
253.0205,230.1393,6:04:47:843850,0
252.7746,230.0226,6:04:47:847878,0
252.504,229.9061,6:04:47:851850,0
252.2089,229.7894,6:04:47:856034,0
251.9384,229.6145,6:04:47:860015,0
251.6432,229.4397,6:04:47:863016,0
251.3727,229.323,6:04:47:867894,0
251.1268,229.1481,6:04:47:871904,0
250.8316,228.9733,6:04:47:875904,0
250.5857,228.7984,6:04:47:879838,0
250.3398,228.6234,6:04:47:883848,0
250.0938,228.4777,6:04:47:887849,0
249.8479,228.332,6:04:47:891848,0
249.5528,228.2153,6:04:47:895848,0
249.2823,228.0696,6:04:47:899839,0
248.9625,227.9238,6:04:47:904118,0
248.6428,227.8073,6:04:47:907128,0
248.2985,227.6906,6:04:47:911128,0
248.0034,227.5449,6:04:47:915128,0
247.6591,227.4283,6:04:47:919128,0
247.3147,227.3117,6:04:47:923128,0
246.9704,227.166,6:04:47:927128,0
246.6507,227.0202,6:04:47:931846,0
246.331,226.8745,6:04:47:936188,0
245.9867,226.7287,6:04:47:939197,0
245.6424,226.5829,6:04:47:943316,0
245.2981,226.4664,6:04:47:947319,0
245.0521,226.3206,6:04:47:951344,0
244.7816,226.204,6:04:47:955318,0
244.4865,226.0874,6:04:47:959858,0
244.2897,226.0291,6:04:47:963868,0
244.093,225.9417,6:04:47:967868,0
243.9454,225.8833,6:04:47:971883,0
243.7978,225.7959,6:04:47:975868,0
243.7241,225.7668,6:04:47:979868,0
243.6011,225.7376,6:04:47:984050,0
243.5027,225.6793,6:04:47:987839,0
243.4289,225.6793,6:04:47:991837,0
243.306,225.6793,6:04:47:995847,0
243.2076,225.6501,6:04:47:999848,0
243.0846,225.6501,6:04:48:003848,0
242.9617,225.5918,6:04:48:007845,0
242.8141,225.5918,6:04:48:011805,0
242.7157,225.5336,6:04:48:016019,0
242.5927,225.5044,6:04:48:020028,0
242.4944,225.4461,6:04:48:023032,0
242.3714,225.3586,6:04:48:028029,0
242.273,225.2712,6:04:48:031032,0
242.1747,225.2129,6:04:48:035892,0
242.1255,225.1254,6:04:48:039900,0
242.1009,225.0672,6:04:48:043837,0
242.0271,224.9797,6:04:48:047840,0
242.0025,224.9214,6:04:48:051850,0
241.9779,224.8631,6:04:48:055850,0
241.9041,224.8631,6:04:48:059850,0
241.8795,224.8631,6:04:48:063851,0
241.7812,224.8631,6:04:48:068021,0
241.6582,224.8631,6:04:48:071032,0
241.5352,224.8631,6:04:48:076030,0
241.4122,224.8631,6:04:48:079992,0
241.2893,224.8631,6:04:48:083005,0
241.1171,224.8631,6:04:48:087002,0
240.945,224.8631,6:04:48:092001,0
240.7482,224.8631,6:04:48:096000,0
240.6007,224.8631,6:04:48:100002,0
240.4285,224.8631,6:04:48:103027,0
240.3055,224.8631,6:04:48:108006,0
240.2072,224.8631,6:04:48:112002,0
240.1334,224.8631,6:04:48:115002,0
240.0596,224.2801,6:04:48:119002,1335
240.0104,224.2801,6:04:48:124002,1386
239.9612,223.7554,6:04:48:128186,1485
239.9612,223.7554,6:04:48:131196,1623
239.9612,223.1432,6:04:48:135846,1795
239.9366,222.7352,6:04:48:139840,1955
239.912,222.3562,6:04:48:143976,2109
239.8628,221.9189,6:04:48:147973,2247
239.8628,221.4817,6:04:48:151990,2381
239.8628,220.9861,6:04:48:155984,2499
239.8628,220.5197,6:04:48:159858,2582
239.8628,220.0242,6:04:48:163892,2665
239.8628,219.5578,6:04:48:167898,2730
239.8628,219.0623,6:04:48:171892,2799
239.8628,218.6541,6:04:48:175895,2875
239.8628,218.2752,6:04:48:179902,2930
239.8628,217.9254,6:04:48:183503,2968
239.8628,217.5756,6:04:48:187537,2981
240.5515,217.2549,6:04:48:192019,2979
240.5515,216.9052,6:04:48:195016,2976
241.3139,216.5553,6:04:48:200027,2975
241.8795,216.1764,6:04:48:204015,2975
242.6419,215.7392,6:04:48:208079,2969
243.5273,215.2436,6:04:48:211090,2969
244.5357,214.8355,6:04:48:215117,2964
245.6424,214.4274,6:04:48:220092,2965
246.8475,214.1068,6:04:48:224088,2962
248.0526,213.8736,6:04:48:228092,2956
249.3314,213.7569,6:04:48:231093,2956
250.5857,213.7569,6:04:48:235088,2946
251.8154,213.7569,6:04:48:239092,2949
252.9221,213.7569,6:04:48:243090,2950
253.9305,214.748,6:04:48:247975,2952
254.9388,214.748,6:04:48:251914,2962
255.775,215.8557,6:04:48:255988,2963
256.562,216.4971,6:04:48:259900,2968
257.1523,217.3132,6:04:48:264075,2974
257.6195,218.2169,6:04:48:268086,2973
257.9392,219.1497,6:04:48:271085,2979
258.0868,220.1116,6:04:48:276086,2985
258.0868,221.1028,6:04:48:280095,2994
258.0868,222.1813,6:04:48:284084,3004
258.0868,223.289,6:04:48:287790,3016
256.9309,224.4258,6:04:48:291792,3024
256.2177,225.5044,6:04:48:296606,3027
255.3077,226.5829,6:04:48:299614,3032
254.324,227.5741,6:04:48:303755,3032
253.3156,228.536,6:04:48:307615,3034
252.2335,229.4397,6:04:48:312166,3036
251.176,230.2558,6:04:48:315177,3041
250.2168,230.9554,6:04:48:320179,3041
249.3314,231.5676,6:04:48:324177,3042
248.5936,232.0923,6:04:48:327177,3049
247.9542,232.4713,6:04:48:331178,3050
247.4869,232.7628,6:04:48:336290,3059
247.118,232.9959,6:04:48:339289,3075
246.8967,233.1417,6:04:48:344212,3096
246.7491,233.1709,6:04:48:347734,3129
246.7491,233.1709,6:04:48:352212,3162
246.7491,233.1709,6:04:48:356213,3186
246.7491,233.1709,6:04:48:359220,3200
246.7491,233.1709,6:04:48:363213,3202
246.7491,233.1709,6:04:48:368069,3196
247.3639,233.1709,6:04:48:371085,3189
247.3639,232.5004,6:04:48:375083,3184
248.2493,232.5004,6:04:48:380080,3177
248.815,232.5004,6:04:48:383641,3176
249.4298,232.034,6:04:48:387097,3175
250.1184,232.034,6:04:48:391968,3166
250.8562,232.034,6:04:48:395989,3168
251.6924,232.034,6:04:48:399981,3168
252.504,232.034,6:04:48:402978,3172
253.3156,232.7919,6:04:48:407992,3180
254.1518,232.7919,6:04:48:411006,3188
254.9634,234.0162,6:04:48:415987,3194
255.775,234.8033,6:04:48:419995,3200
256.562,235.6486,6:04:48:424013,3210
257.2506,236.4939,6:04:48:427995,3223
257.8655,237.4267,6:04:48:432130,3236
258.4065,238.3595,6:04:48:435141,3256
258.8,239.2923,6:04:48:439982,3281
259.0952,240.1669,6:04:48:443993,3304
259.2427,241.0414,6:04:48:447990,3330
259.2427,241.9158,6:04:48:450993,3356
259.2427,242.7903,6:04:48:455992,3380
259.2427,243.6357,6:04:48:460008,3416
258.4557,244.5102,6:04:48:463988,3467
257.8409,245.2681,6:04:48:467998,3523
257.1031,246.0843,6:04:48:471055,3581
256.2177,246.8422,6:04:48:475998,3627
255.1848,247.571,6:04:48:479998,3669
254.0288,248.2706,6:04:48:483996,3703
252.7992,248.9118,6:04:48:487746,3738
251.4957,249.4948,6:04:48:491782,3772
250.1184,250.0487,6:04:48:495755,3803
248.7658,250.5443,6:04:48:499756,3840
247.4623,250.9523,6:04:48:504076,3876
246.1834,251.2439,6:04:48:507086,3916
245.0029,251.5062,6:04:48:511991,3952
243.847,251.5936,6:04:48:515999,3972
242.7403,251.6519,6:04:48:520017,3990
241.8058,251.6519,6:04:48:524024,3998
240.9942,251.6519,6:04:48:528019,4000
240.2563,251.6519,6:04:48:532018,4007
239.5923,251.6519,6:04:48:535989,3993
239.0021,250.69,6:04:48:540016,3949
238.5348,250.69,6:04:48:543937,3849
238.1659,249.903,6:04:48:547941,3660
237.8707,249.903,6:04:48:551921,3348
237.6494,248.941,6:04:48:555932,2888
237.5264,248.4163,6:04:48:559756,2164
237.5264,247.8333,6:04:48:563643,1350
237.5264,247.192,6:04:48:567837,674
237.5264,246.4924,6:04:48:571832,0
238.6823,245.7345,6:04:48:575850,0
239.4447,244.9183,6:04:48:579815,0
240.3793,243.9563,6:04:48:583631,0
241.4614,242.907,6:04:48:587641,0
242.7157,241.7701,6:04:48:592662,0
244.1176,240.6624,6:04:48:595643,0
245.6178,239.4964,6:04:48:599644,0
247.1918,238.3887,6:04:48:604642,0
248.7412,237.3102,6:04:48:607895,0
250.3644,236.3482,6:04:48:611906,0
251.9384,235.4737,6:04:48:615938,0
253.4878,234.6866,6:04:48:619907,0
255.0126,233.987,6:04:48:623937,0
256.3653,233.4041,6:04:48:627906,0
257.5949,232.8793,6:04:48:631939,0
258.6033,232.3838,6:04:48:635949,0
259.5132,232.034,6:04:48:640077,0
260.2265,231.6842,6:04:48:643078,0
260.7675,231.4218,6:04:48:647080,0
261.1118,231.2469,6:04:48:651078,0
261.2594,231.1595,6:04:48:655975,0
261.3086,231.1012,6:04:48:659213,0
261.3086,231.1012,6:04:48:663849,0
261.3086,231.1012,6:04:48:667804,0
261.3086,231.1012,6:04:48:671844,0
260.4232,231.1012,6:04:48:675805,0
260.4232,231.9174,6:04:48:679805,0
259.71,231.9174,6:04:48:683805,0
259.71,232.617,6:04:48:687915,0
259.046,232.617,6:04:48:691835,0
259.046,233.2874,6:04:48:695984,0
258.5787,233.2874,6:04:48:699994,0
258.5787,233.2874,6:04:48:702995,2083
258.259,233.2874,6:04:48:707913,2083
258.259,233.2874,6:04:48:711257,2082
258.259,233.2874,6:04:48:716050,2080
258.259,233.2874,6:04:48:719061,2084
258.259,233.2874,6:04:48:724058,2097
258.259,233.2874,6:04:48:727078,2114
258.259,233.2874,6:04:48:732060,2155
258.259,233.2874,6:04:48:735061,2185
258.259,232.7336,6:04:48:739927,2205
258.8738,232.7336,6:04:48:743096,2226
258.8738,232.7336,6:04:48:747142,2228
259.7592,232.7336,6:04:48:751139,2233
260.3986,232.7336,6:04:48:755138,2240
261.1364,232.7336,6:04:48:759139,2245
261.948,232.7336,6:04:48:763935,2248
262.858,232.7336,6:04:48:767945,2251
263.7434,232.4421,6:04:48:771943,2257
264.6534,232.4421,6:04:48:775944,2258
265.5141,232.4421,6:04:48:779943,2262
266.3011,232.1214,6:04:48:783953,2281
266.9897,232.034,6:04:48:787795,2309
267.6292,231.83,6:04:48:791806,2352
268.2686,231.655,6:04:48:796015,2409
268.7851,231.4218,6:04:48:799023,2478
269.2278,231.2178,6:04:48:804022,2560
269.6459,230.9846,6:04:48:808027,2654
269.9902,230.6931,6:04:48:812025,2739
270.2607,230.3433,6:04:48:815027,2812
270.5804,229.9935,6:04:48:819937,2871
270.8018,229.5854,6:04:48:823193,2913
270.851,229.0898,6:04:48:827321,2957
270.9493,228.536,6:04:48:831249,2992
270.9493,227.9238,6:04:48:835250,3021
270.9493,227.2825,6:04:48:839253,3042
270.9493,226.5829,6:04:48:843302,3053
270.9493,225.8542,6:04:48:847311,3065
270.9493,225.0963,6:04:48:851311,3067
270.3591,224.3676,6:04:48:855312,3066
270.3591,223.5805,6:04:48:860054,3065
270.3591,222.8809,6:04:48:863062,3068
269.7934,222.2104,6:04:48:868062,3074
269.7934,221.5108,6:04:48:871065,3082
269.7934,220.8696,6:04:48:875064,3089
269.3261,220.1991,6:04:48:880063,3094
269.3261,219.6161,6:04:48:883064,3101
269.3261,219.0914,6:04:48:888074,3112
268.9818,218.6541,6:04:48:891908,3130
268.9818,218.246,6:04:48:895443,3152
268.9818,217.8671,6:04:48:900050,3177
268.7851,217.6339,6:04:48:903061,3209
268.7851,217.4299,6:04:48:908060,3234
268.7113,217.2841,6:04:48:911060,3258
268.6375,217.2549,6:04:48:916059,3273
268.6129,217.2258,6:04:48:919061,3278
268.5883,217.1384,6:04:48:923929,3284
268.5883,217.1384,6:04:48:927075,3280
268.5883,217.1384,6:04:48:932112,3274
268.5392,217.1384,6:04:48:935121,3268
268.5392,217.1384,6:04:48:939124,3253
268.5392,217.1384,6:04:48:943122,3234
268.5392,217.1384,6:04:48:947124,3220
268.5392,217.1384,6:04:48:951146,3210
268.5392,217.1384,6:04:48:955249,3209
268.5392,217.9545,6:04:48:959265,3218
268.5392,217.9545,6:04:48:963986,3234
268.5392,219.0914,6:04:48:967292,3257
268.5392,219.9076,6:04:48:971258,3288
268.5392,220.9278,6:04:48:975255,3328
268.5392,222.1521,6:04:48:979254,3375
269.1048,223.5222,6:04:48:983258,3436
269.1048,224.9797,6:04:48:988260,3509
269.5229,226.5538,6:04:48:991780,3592
269.5229,228.2153,6:04:48:995830,3676
269.9902,229.9061,6:04:48:999781,3758
269.9902,231.655,6:04:49:003777,3836
270.4821,233.4332,6:04:49:007777,3896
270.4821,235.1239,6:04:49:011993,3953
270.851,236.7563,6:04:49:016011,3997
271.0477,238.3304,6:04:49:020055,4030
271.0477,239.7587,6:04:49:023062,4066
271.2691,241.1288,6:04:49:027079,4093
271.3674,242.3822,6:04:49:031084,4109
271.4166,243.5482,6:04:49:036084,4120
271.4904,244.5685,6:04:49:039089,4129
271.638,245.5596,6:04:49:043982,4139
271.7609,246.4341,6:04:49:047981,4147
271.9085,247.2503,6:04:49:051982,4152
272.1053,247.8916,6:04:49:055982,4153
272.302,248.5329,6:04:49:059926,4132
272.4742,249.0284,6:04:49:063937,4069
272.6955,249.4366,6:04:49:067937,3946
272.8922,249.7572,6:04:49:071938,3728
273.0152,249.9904,6:04:49:075938,3426
273.1628,250.1653,6:04:49:079937,3041
273.2612,250.2819,6:04:49:083636,2480
273.3841,250.2819,6:04:49:087966,1659
273.5071,250.2819,6:04:49:091990,941
273.6055,250.2819,6:04:49:095991,0
273.7284,249.3783,6:04:49:098992,0
273.8514,249.3783,6:04:49:102991,0
273.9744,248.0082,6:04:49:107978,0
274.1465,247.0171,6:04:49:111986,0
274.3679,245.8219,6:04:49:116128,0
274.6138,244.5394,6:04:49:119127,0
274.9089,243.1693,6:04:49:124127,0
275.327,241.7701,6:04:49:127129,0
275.7943,240.3126,6:04:49:131930,0
276.3846,238.8842,6:04:49:135938,0
277.0732,237.4559,6:04:49:139990,0
277.8602,236.1733,6:04:49:143988,0
278.6718,234.9198,6:04:49:147993,0
279.508,233.7538,6:04:49:151990,0
280.3441,232.6461,6:04:49:155103,0
281.1312,231.5676,6:04:49:159109,0
281.9182,230.5473,6:04:49:163162,0
282.5822,229.5854,6:04:49:167161,0
283.1724,228.6526,6:04:49:171158,0
283.6643,227.7198,6:04:49:175157,0
284.0086,226.8453,6:04:49:179965,0
284.2546,225.9125,6:04:49:183312,0
284.4513,225.038,6:04:49:187844,0
284.5005,224.1635,6:04:49:191845,0
284.5005,223.3181,6:04:49:195889,0
284.5005,222.502,6:04:49:199856,0
284.5005,221.7732,6:04:49:203926,0
284.5005,221.0153,6:04:49:207914,0
284.5005,220.4615,6:04:49:211927,0
283.9348,219.8493,6:04:49:215899,0
283.9348,219.2955,6:04:49:219947,0
283.9348,218.7708,6:04:49:223927,2369
283.9348,218.3335,6:04:49:227930,2384
283.5414,217.9545,6:04:49:231927,2407
283.5414,217.6631,6:04:49:235926,2439
283.5414,217.4299,6:04:49:239937,2472
283.5414,217.2258,6:04:49:243902,2487
283.2954,217.1384,6:04:49:247935,2498
283.2954,217.1384,6:04:49:251306,2529
283.2954,217.1384,6:04:49:255304,2588
283.2954,217.1384,6:04:49:259309,2672
283.2954,217.8671,6:04:49:263305,2772
283.2954,217.8671,6:04:49:267307,2855
283.2954,219.004,6:04:49:271979,2931
283.2954,219.7619,6:04:49:274992,3003
283.8119,220.6655,6:04:49:279485,3072
283.8119,221.744,6:04:49:283507,3156
284.3283,222.9392,6:04:49:287794,3230
284.3283,224.2509,6:04:49:291807,3307
284.894,225.5918,6:04:49:295806,3384
284.894,226.9619,6:04:49:299804,3456
285.4843,228.3902,6:04:49:303890,3547
285.4843,229.9061,6:04:49:307898,3643
285.9515,231.4218,6:04:49:311852,3749
286.1729,232.9959,6:04:49:315864,3860
286.1729,234.5701,6:04:49:319861,3955
286.468,236.1733,6:04:49:323860,4032
286.591,237.7474,6:04:49:327864,4093
286.591,239.2923,6:04:49:331864,4134
286.591,240.7498,6:04:49:335864,4163
286.591,242.1782,6:04:49:339862,4182
286.591,243.5482,6:04:49:343930,4194
286.591,244.8308,6:04:49:347612,4201
286.591,245.9677,6:04:49:351331,4209
286.591,247.0462,6:04:49:355255,4213
286.591,248.0082,6:04:49:359255,4219
286.591,248.8244,6:04:49:363256,4225
286.591,249.5823,6:04:49:367635,4216
286.591,250.1944,6:04:49:371644,4191
286.591,250.6317,6:04:49:375646,4117
287.0583,250.9815,6:04:49:379645,3969
287.0583,251.1855,6:04:49:384164,3744
287.0583,251.3604,6:04:49:387176,3410
287.0583,251.3896,6:04:49:391173,2939
287.0583,251.3896,6:04:49:395174,2207
287.4026,251.3896,6:04:49:399173,1383
287.4026,250.5734,6:04:49:403296,690
287.6977,250.5734,6:04:49:407792,0
287.919,249.3491,6:04:49:411792,0
288.2141,248.4454,6:04:49:415792,0
288.5585,247.4252,6:04:49:419792,0
289.0012,246.2009,6:04:49:424020,0
289.5668,244.86,6:04:49:427020,0
290.1817,243.4608,6:04:49:431334,0
290.9687,242.0616,6:04:49:435332,0
291.8786,240.5458,6:04:49:439332,0
292.887,239.0591,6:04:49:443335,0
293.9937,237.5434,6:04:49:447332,0
295.1496,236.0567,6:04:49:451238,0
296.3055,234.6283,6:04:49:455238,0
297.4368,233.2583,6:04:49:459974,0
298.5681,231.9174,6:04:49:462985,0
299.6011,230.6057,6:04:49:467985,0
300.5848,229.3522,6:04:49:471988,0
301.5194,228.1279,6:04:49:475984,0
302.2818,226.9619,6:04:49:479985,0
302.9704,225.7959,6:04:49:483927,0
303.5852,224.659,6:04:49:487800,0
304.1755,223.5805,6:04:49:491428,0
304.692,222.502,6:04:49:495416,0
305.1346,221.54,6:04:49:499460,0
305.479,220.6072,6:04:49:503413,0
305.7495,219.8493,6:04:49:507419,0
305.9955,219.1788,6:04:49:511425,0
306.1922,218.625,6:04:49:515995,0
306.3398,218.2169,6:04:49:519002,0
306.4381,217.8671,6:04:49:523925,0
306.5365,217.6631,6:04:49:527936,0
306.5365,217.4299,6:04:49:531936,2181
306.5365,217.2549,6:04:49:535936,2189
306.5365,217.1384,6:04:49:539935,2194
306.5365,217.08,6:04:49:543936,2193
306.5365,216.9926,6:04:49:547927,2199
306.5365,216.9926,6:04:49:551936,2217
306.5365,216.9926,6:04:49:556001,2270
306.5365,216.9926,6:04:49:560002,2363
306.5365,216.9926,6:04:49:564002,2486
306.5365,218.1295,6:04:49:567001,2616
306.5365,218.8873,6:04:49:572030,2741
306.5365,219.8493,6:04:49:575036,2853
306.5365,220.957,6:04:49:579040,2949
307.1267,222.2104,6:04:49:584038,3046
307.1267,223.6971,6:04:49:588037,3135
307.5203,225.2129,6:04:49:592055,3216
307.5203,226.8161,6:04:49:595934,3290
307.8646,228.3902,6:04:49:599469,3344
307.8646,229.9061,6:04:49:603988,3392
307.8646,231.4801,6:04:49:606996,3433
307.8646,232.9085,6:04:49:612012,3468
307.8646,234.3077,6:04:49:615996,3502
307.8646,235.6486,6:04:49:619728,3526
306.9054,236.9021,6:04:49:623736,3546
306.9054,238.0972,6:04:49:627726,3559
305.8971,239.2049,6:04:49:631728,3567
305.2822,240.2543,6:04:49:635987,3571
304.6428,241.1579,6:04:49:639000,3579
304.0034,241.9742,6:04:49:643696,3591
303.3393,242.7321,6:04:49:647738,3604
302.6261,243.315,6:04:49:651377,3621
301.9621,243.7814,6:04:49:656317,3639
301.3718,244.1313,6:04:49:660313,3654
300.8062,244.3062,6:04:49:663321,3666
300.3143,244.3936,6:04:49:667315,3676
299.7486,244.3936,6:04:49:671312,3683
299.2567,244.3936,6:04:49:676054,3681
298.7403,243.6357,6:04:49:680055,3675
298.3468,243.6357,6:04:49:684054,3665
297.9287,242.4697,6:04:49:688054,3648
297.5106,241.7118,6:04:49:692459,3638
297.1171,240.8956,6:04:49:695470,3628
296.7728,240.1377,6:04:49:699469,3626
296.5269,239.3506,6:04:49:703470,3625
296.3547,238.6219,6:04:49:707469,3617
296.2563,237.9806,6:04:49:711470,3613
296.1825,237.4559,6:04:49:715472,3606
296.1579,237.0478,6:04:49:719467,3592
296.1333,236.7563,6:04:49:723468,3583
296.1333,236.7563,6:04:49:727688,3570
296.1333,236.4357,6:04:49:731691,3553
296.1333,236.4357,6:04:49:735686,3541
296.1333,236.4357,6:04:49:739686,3530
296.1333,236.4357,6:04:49:743980,3522
296.1333,236.4357,6:04:49:746990,3519
296.699,237.1353,6:04:49:751861,3520
296.699,237.1353,6:04:49:755872,3522
297.2892,238.1263,6:04:49:759872,3526
297.2892,238.7968,6:04:49:763872,3531
298.0763,239.5255,6:04:49:767872,3545
298.4698,240.3418,6:04:49:771872,3562
298.8387,241.2454,6:04:49:775836,3585
299.3059,242.0907,6:04:49:779846,3618
299.8224,243.0235,6:04:49:784012,3650
300.3881,243.9563,6:04:49:787991,3691
300.9783,244.8308,6:04:49:791909,3738
301.6669,245.7345,6:04:49:795740,3784
302.3556,246.609,6:04:49:799900,3826
303.2163,247.4835,6:04:49:803902,3867
304.1509,248.3871,6:04:49:807902,3902
305.0855,249.2325,6:04:49:811902,3929
306.0938,250.0779,6:04:49:815977,3953
307.1021,250.8649,6:04:49:819987,3968
308.1597,251.6519,6:04:49:824806,3977
309.1926,252.3515,6:04:49:827820,3984
310.1764,252.9346,6:04:49:831867,3988
311.1601,253.4592,6:04:49:835817,3995
311.9963,253.8382,6:04:49:839816,3996
312.8079,254.1297,6:04:49:843816,3979
313.4719,254.3046,6:04:49:847978,3939
314.0376,254.4212,6:04:49:851988,3842
314.4557,254.4212,6:04:49:855986,3651
314.7754,254.4212,6:04:49:860007,3350
314.9722,254.4212,6:04:49:863986,2913
315.1197,254.4212,6:04:49:868005,2313
315.1935,253.6924,6:04:49:871620,1565
315.1935,253.6924,6:04:49:875629,884
315.1935,252.6431,6:04:49:879630,363
315.1935,251.9435,6:04:49:883631,0
315.1935,251.1272,6:04:49:887678,0
315.1935,250.2236,6:04:49:891248,0
315.1935,249.2616,6:04:49:895314,0
314.6524,248.2997,6:04:49:899248,0
314.6524,247.3086,6:04:49:903333,0
314.6524,246.3466,6:04:49:907251,0
314.6524,245.3555,6:04:49:911982,0
314.6524,244.3936,6:04:49:914992,0
315.3165,243.4317,6:04:49:919930,0
315.3165,242.4989,6:04:49:923949,0
315.8575,241.6243,6:04:49:927941,0
315.8575,240.7498,6:04:49:931940,0
316.3986,239.9919,6:04:49:935950,0
316.3986,239.2923,6:04:49:939931,0
316.3986,238.6219,6:04:49:943971,0
316.3986,238.0098,6:04:49:947931,0
316.3986,237.4559,6:04:49:951960,0
316.3986,237.0186,6:04:49:955505,0
316.3986,236.6105,6:04:49:959505,0
315.71,236.2899,6:04:49:963624,0
315.71,236.0275,6:04:49:967505,0
314.7016,235.8235,6:04:49:971923,0
314.1114,235.7652,6:04:49:975565,0
313.5211,235.7652,6:04:49:979730,0
312.9309,235.7652,6:04:49:983730,0
312.316,235.7652,6:04:49:987973,0
311.7258,235.7652,6:04:49:990983,0
311.2093,236.6397,6:04:49:995078,0
310.7666,236.6397,6:04:49:999078,1893
310.3977,236.6397,6:04:50:003187,1908
310.1272,237.3393,6:04:50:007078,1930
309.9059,237.3393,6:04:50:011977,1965
309.9059,237.3393,6:04:50:014993,2041
309.7583,237.3393,6:04:50:019987,2157
309.7583,237.3393,6:04:50:023988,2310
309.7583,237.3393,6:04:50:027062,2481
309.7583,237.3393,6:04:50:030987,2636
309.7583,237.7182,6:04:50:036051,2762
309.7583,237.7182,6:04:50:039345,2851
309.7583,237.7182,6:04:50:043399,2930
310.3977,237.7182,6:04:50:047347,3008
310.3977,237.7182,6:04:50:051445,3086
311.1109,237.7182,6:04:50:055347,3173
311.652,237.7182,6:04:50:059983,3250
312.2668,237.7182,6:04:50:064011,3306
313.0292,237.7182,6:04:50:067992,3339
313.89,237.7182,6:04:50:072001,3355
314.8738,237.7182,6:04:50:075992,3366
315.8575,237.7182,6:04:50:080011,3373
316.8905,237.7182,6:04:50:083635,3374
317.9972,237.7182,6:04:50:087646,3381
319.0793,237.7182,6:04:50:092376,3380
320.1368,237.7182,6:04:50:095375,3378
321.219,237.7182,6:04:50:099375,3380
322.2027,237.1935,6:04:50:103375,3377
323.1373,237.1935,6:04:50:107983,3377
323.9981,237.1935,6:04:50:111992,3372
324.7605,237.1935,6:04:50:115930,3354
325.3999,237.1935,6:04:50:119502,3312
325.8672,236.7854,6:04:50:124053,3216
326.2361,236.7854,6:04:50:128053,3032
326.4574,236.7854,6:04:50:132053,2759
326.605,236.4357,6:04:50:135053,2358
326.7034,236.2025,6:04:50:139452,1801
326.728,235.9693,6:04:50:143449,1146
326.728,235.6777,6:04:50:147535,590
326.728,235.3571,6:04:50:151449,0
326.728,235.0656,6:04:50:155981,0
326.728,234.7741,6:04:50:159493,0
326.728,234.5117,6:04:50:163306,0
326.728,234.2202,6:04:50:167327,0
326.728,233.9579,6:04:50:171312,0
326.728,233.7247,6:04:50:175315,0
326.728,233.4915,6:04:50:179923,0
327.4166,233.3166,6:04:50:183933,0
327.4166,233.0834,6:04:50:188258,0
328.4003,232.8793,6:04:50:192260,0
328.966,232.6753,6:04:50:195307,0
329.507,232.5004,6:04:50:199260,0
330.1219,232.3255,6:04:50:203979,0
330.7122,232.1214,6:04:50:206989,0
331.3024,231.9465,6:04:50:211317,0
331.8189,231.7717,6:04:50:215325,0
332.2862,231.6259,6:04:50:219327,0
332.6797,231.5093,6:04:50:223327,0
332.9748,231.3927,6:04:50:227922,0
333.2453,231.2761,6:04:50:231960,0
333.3929,231.2469,6:04:50:235978,0
333.3929,231.2469,6:04:50:238989,0
333.3929,231.2469,6:04:50:243969,0
333.3929,231.2469,6:04:50:247971,0
333.3929,231.2469,6:04:50:251973,0
332.8272,231.2469,6:04:50:255972,0
332.8272,231.9174,6:04:50:259971,0
332.8272,231.9174,6:04:50:263971,0
332.114,231.9174,6:04:50:267610,2209
332.114,231.9174,6:04:50:271613,2230
331.6713,232.4421,6:04:50:275665,2270
331.6713,232.4421,6:04:50:279615,2331
331.6713,232.4421,6:04:50:283656,2425
331.327,232.4421,6:04:50:287665,2546
331.327,232.4421,6:04:50:291969,2688
331.327,232.4421,6:04:50:295973,2847
331.0811,232.4421,6:04:50:299970,2995
331.0811,232.4421,6:04:50:303972,3115
330.8597,232.4421,6:04:50:308051,3207
330.7122,232.4421,6:04:50:311059,3278
330.4908,232.4421,6:04:50:315678,3341
330.2695,232.4421,6:04:50:319679,3410
329.9989,232.4421,6:04:50:323678,3484
329.6546,232.9085,6:04:50:327679,3569
329.3349,232.9085,6:04:50:331976,3652
328.966,232.9085,6:04:50:334987,3724
328.5725,232.9085,6:04:50:339987,3788
328.2036,232.9085,6:04:50:342986,3830
327.8347,232.9085,6:04:50:347987,3869
327.392,232.2381,6:04:50:351988,3895
326.9985,232.2381,6:04:50:355988,3918
326.5804,231.5385,6:04:50:359987,3944
326.2115,231.5385,6:04:50:363810,3961
325.8426,230.5473,6:04:50:367809,3979
325.5229,229.8769,6:04:50:371812,3984
325.2032,229.1773,6:04:50:375808,3985
324.9818,228.3902,6:04:50:379489,3984
324.8589,227.5157,6:04:50:383500,3972
324.8097,226.5538,6:04:50:387499,3958
324.8097,225.5044,6:04:50:391500,3924
324.8097,224.3967,6:04:50:395602,3879
325.3999,223.2598,6:04:50:399499,3826
325.3999,222.0647,6:04:50:403973,3758
326.4328,220.957,6:04:50:407983,3702
327.1461,219.9951,6:04:50:411589,3651
327.8839,219.1497,6:04:50:415589,3610
328.6955,218.4501,6:04:50:419628,3586
329.5562,217.9254,6:04:50:423586,3568
330.3924,217.5756,6:04:50:427924,3546
331.2286,217.4007,6:04:50:431934,3518
332.0402,217.3132,6:04:50:435555,3487
332.8026,217.3132,6:04:50:439600,3453
333.4912,217.3132,6:04:50:443660,3427
334.1307,217.3132,6:04:50:447660,3407
334.7947,218.1003,6:04:50:451660,3388
335.385,218.1003,6:04:50:455660,3369
335.9506,219.2955,6:04:50:459701,3347
336.3933,220.1116,6:04:50:463666,3333
336.7622,221.0153,6:04:50:467976,3329
337.0081,222.1813,6:04:50:471974,3327
337.1803,223.3473,6:04:50:475979,3332
337.1803,224.659,6:04:50:479982,3338
337.1803,226.0291,6:04:50:483638,3345
337.1803,227.4574,6:04:50:487647,3365
336.1966,228.9441,6:04:50:491843,3396
335.6063,230.4308,6:04:50:495844,3440
334.9423,231.9757,6:04:50:499844,3497
334.2291,233.4915,6:04:50:503844,3546
333.5158,234.9781,6:04:50:508137,3596
332.9256,236.3773,6:04:50:511151,3636
332.3599,237.7474,6:04:50:515209,3664
331.9172,238.9717,6:04:50:519177,3695
331.6221,240.1377,6:04:50:524216,3724
331.6221,241.1579,6:04:50:528218,3753
331.6221,242.0907,6:04:50:532040,3782
331.6221,242.907,6:04:50:536041,3807
332.5813,243.6066,6:04:50:540040,3831
333.3191,244.1895,6:04:50:543041,3847
334.3274,244.7142,6:04:50:547976,3859
335.5079,245.1223,6:04:50:551987,3866
336.8852,245.4138,6:04:50:555227,3870
338.3608,245.5596,6:04:50:559228,3874
339.8856,245.647,6:04:50:563227,3875
341.5088,245.647,6:04:50:567231,3876
343.1074,245.647,6:04:50:571909,3873
344.706,245.647,6:04:50:575917,3870
346.2062,244.86,6:04:50:578988,3868
347.6081,244.86,6:04:50:583983,3871
348.8869,243.9563,6:04:50:587983,3872
350.0428,243.315,6:04:50:591985,3875
351.1004,242.6446,6:04:50:595926,3877
352.0103,241.8284,6:04:50:598993,3867
352.7236,240.8665,6:04:50:603305,3859
353.3384,239.7587,6:04:50:607306,3844
353.8549,238.4762,6:04:50:611308,3827
354.2238,237.0478,6:04:50:615306,3818
354.4697,235.5029,6:04:50:619977,3806
354.5927,233.8705,6:04:50:622987,3795
354.5927,232.2089,6:04:50:628003,3792
354.5927,230.5182,6:04:50:632005,3788
354.5927,228.8858,6:04:50:636002,3794
354.5927,227.37,6:04:50:640002,3816
353.9778,226,6:04:50:643922,3855
353.9778,224.7757,6:04:50:647172,3916
353.9778,223.6971,6:04:50:651254,3994
353.3384,222.7934,6:04:50:655257,4077
353.3384,222.0938,6:04:50:659253,4151
353.3384,221.5108,6:04:50:663255,4215
352.9449,221.1028,6:04:50:667361,4260
352.9449,220.8112,6:04:50:671370,4283
352.9449,220.578,6:04:50:675372,4288
352.9449,220.4615,6:04:50:679372,4284
352.9449,220.4032,6:04:50:683975,4266
352.9449,220.374,6:04:50:686985,4247
352.9449,220.374,6:04:50:691984,4235
352.9449,220.374,6:04:50:696983,4224
352.9449,220.374,6:04:50:698985,4227
352.9449,221.1028,6:04:50:703985,4233
352.9449,221.1028,6:04:50:707985,4240
352.9449,222.0938,6:04:50:711973,4248
352.9449,222.7934,6:04:50:715985,4260
352.9449,223.6971,6:04:50:719531,4288
353.486,224.6882,6:04:50:723530,4330
353.486,225.7959,6:04:50:727633,4389
353.486,227.0202,6:04:50:731531,4454
353.9778,228.2737,6:04:50:735531,4520
353.9778,229.6145,6:04:50:739533,4589
354.3221,231.0721,6:04:50:743533,4649
354.3221,232.4713,6:04:50:747531,4714
354.6419,233.9579,6:04:50:751534,4776
354.6419,235.4154,6:04:50:755542,4835
354.8386,236.8729,6:04:50:759531,4891
354.8386,238.3595,6:04:50:763534,4928
355.06,239.7587,6:04:50:767537,4960
355.1584,241.1288,6:04:50:771533,4978
355.2567,242.4697,6:04:50:775529,4985
355.3797,243.7231,6:04:50:779528,4997
355.4781,244.9183,6:04:50:783780,5002
355.6256,246.026,6:04:50:787780,5006
355.7486,247.0754,6:04:50:791981,5016
355.9453,248.0665,6:04:50:795958,4986
356.1421,248.941,6:04:50:799133,4918
356.3142,249.6698,6:04:50:803132,4783
356.4618,250.3985,6:04:50:808169,4546
356.634,250.894,6:04:50:811137,4219
356.7569,251.3896,6:04:50:815133,3789
356.8799,251.6811,6:04:50:819135,3225
357.0275,251.8268,6:04:50:823144,2414
357.1996,251.8268,6:04:50:827133,1518
357.3718,251.8268,6:04:50:831132,766
357.5685,251.8268,6:04:50:835137,0
357.7653,250.8358,6:04:50:839135,0
358.0358,250.1944,6:04:50:843133,0
358.3555,249.3491,6:04:50:847226,0
358.7244,248.2997,6:04:50:851226,0
359.1671,247.0462,6:04:50:855224,0
359.6344,245.7345,6:04:50:859224,0
360.1263,244.2478,6:04:50:863806,0
360.6182,242.6154,6:04:50:867806,0
361.233,240.8956,6:04:50:871495,0
361.897,239.1758,6:04:50:875495,0
362.6594,237.4267,6:04:50:879519,0
363.3727,235.7361,6:04:50:883497,0
364.0859,234.1037,6:04:50:887934,0
364.7745,232.5878,6:04:50:891933,0
365.4139,231.1304,6:04:50:895933,0
366.1026,229.7894,6:04:50:899934,0
366.6682,228.5652,6:04:50:903935,0
367.0863,227.4283,6:04:50:907933,0
367.4306,226.3206,6:04:50:911933,0
367.6766,225.2712,6:04:50:915933,0
367.8979,224.3092,6:04:50:919936,0
368.0209,223.4348,6:04:50:923934,0
368.1193,222.5894,6:04:50:927938,0
368.1193,221.7732,6:04:50:931943,0
368.1193,221.0153,6:04:50:935935,0
368.1193,220.4323,6:04:50:939933,0
368.1193,219.8493,6:04:50:943933,0
368.1193,219.2955,6:04:50:947933,0
367.5044,218.7999,6:04:50:951936,2824
367.5044,218.3918,6:04:50:955943,2841
367.5044,218.1295,6:04:50:959937,2868
367.5044,217.8671,6:04:50:963933,2902
367.0863,217.7796,6:04:50:967978,2947
367.0863,217.5464,6:04:50:971354,2999
367.0863,217.5173,6:04:50:975408,3096
367.0863,217.5173,6:04:50:979419,3244
367.0863,217.5173,6:04:50:983418,3428
367.0863,218.3335,6:04:50:987418,3618
367.0863,218.3335,6:04:50:992196,3783
367.0863,219.8201,6:04:50:995206,3913
367.0863,220.9278,6:04:50:999206,4031
367.0863,222.2104,6:04:51:003231,4149
367.0863,223.7262,6:04:51:007237,4267
367.0863,225.3878,6:04:51:011206,4379
367.0863,227.166,6:04:51:015777,4482
367.7257,228.9733,6:04:51:019250,4566
367.7257,230.8389,6:04:51:023253,4640
368.1193,232.6461,6:04:51:027248,4711
368.1193,234.3951,6:04:51:031301,4770
368.5865,236.0858,6:04:51:035248,4822
368.5865,237.7182,6:04:51:039460,4861
368.98,239.2341,6:04:51:043459,4888
368.98,240.6624,6:04:51:047571,4903
369.2751,241.945,6:04:51:051458,4912
369.2751,243.1402,6:04:51:055974,4919
369.5211,244.1895,6:04:51:059001,4920
369.5211,245.1515,6:04:51:062985,4908
369.7424,246.0551,6:04:51:067983,4879
369.8408,246.7839,6:04:51:070987,4805
369.9638,247.4543,6:04:51:074985,4668
370.1359,248.0082,6:04:51:079896,4449
370.2589,248.4454,6:04:51:083897,4136
370.3819,248.7661,6:04:51:087896,3736
370.5294,248.9702,6:04:51:091896,3213
370.6278,249.0576,6:04:51:095954,2438
370.7508,249.0576,6:04:51:099979,1551
370.8,249.0576,6:04:51:103976,793
370.8,249.0576,6:04:51:107013,0
370.8,247.9499,6:04:51:112034,0
370.8,247.9499,6:04:51:115038,0
369.9884,246.609,6:04:51:120034,0
369.4473,245.7636,6:04:51:123037,0
368.6603,244.8308,6:04:51:128035,0
367.7257,243.8981,6:04:51:131037,0
366.6682,242.9361,6:04:51:135914,0
365.6353,241.9742,6:04:51:139924,0
364.5532,241.0414,6:04:51:143337,0
363.5448,240.1669,6:04:51:147335,0
362.5365,239.3798,6:04:51:151415,0
361.6019,238.651,6:04:51:155335,0
360.5936,237.9514,6:04:51:159373,0
359.659,237.3102,6:04:51:163418,0
358.6507,236.7271,6:04:51:167977,0
357.4456,236.1441,6:04:51:171299,0
356.1421,235.6194,6:04:51:175991,0
354.6665,235.0656,6:04:51:179998,0
353.0433,234.4534,6:04:51:184045,0
351.2479,233.9579,6:04:51:188047,0
349.3788,233.4332,6:04:51:192046,0
347.3129,232.9085,6:04:51:197045,0
345.0749,232.3838,6:04:51:201074,0
342.7877,231.9465,6:04:51:204073,0
340.4513,231.4801,6:04:51:207074,0
338.0657,230.9846,6:04:51:212075,0
335.7293,230.5473,6:04:51:215076,0
333.4421,230.0518,6:04:51:219979,0
331.204,229.6145,6:04:51:223989,0
329.089,229.2065,6:04:51:228006,0
327.1215,228.7984,6:04:51:231989,0
325.154,228.3902,6:04:51:236008,0
323.3094,227.9821,6:04:51:240101,0
321.4403,227.6615,6:04:51:244100,0
319.6204,227.3117,6:04:51:247100,0
317.8004,227.0202,6:04:51:251103,0
315.9559,226.7287,6:04:51:255980,0
314.0868,226.4664,6:04:51:259132,0
312.1439,226.1749,6:04:51:263917,0
310.1764,225.9125,6:04:51:267821,0
308.2089,225.621,6:04:51:271913,0
306.2414,225.3295,6:04:51:275820,0
304.3477,225.0672,6:04:51:279975,0
302.4294,224.7173,6:04:51:282985,0
300.5848,224.4258,6:04:51:287983,0
298.7895,224.1344,6:04:51:291011,0
297.0679,223.8137,6:04:51:296275,0
295.3709,223.4348,6:04:51:299285,0
293.7969,223.0266,6:04:51:303287,0
292.2229,222.5894,6:04:51:307283,0
290.6981,222.0938,6:04:51:311284,0
289.2471,221.6274,6:04:51:315283,0
287.919,221.1319,6:04:51:319969,0
286.6648,220.6655,6:04:51:323485,0
285.4843,220.17,6:04:51:327532,0
284.4513,219.7327,6:04:51:331498,0
283.443,219.3537,6:04:51:335495,0
282.533,219.0331,6:04:51:339495,0
281.7706,218.7416,6:04:51:343974,0
281.0328,218.5376,6:04:51:347495,0
280.4179,218.3627,6:04:51:351970,0
279.8523,218.2169,6:04:51:354981,0
279.3604,218.1003,6:04:51:359260,0
278.8439,217.9837,6:04:51:363248,0
278.4258,217.8671,6:04:51:367248,0
277.9832,217.8088,6:04:51:371248,0
277.5651,217.7213,6:04:51:375925,0
277.0978,217.6631,6:04:51:379897,0
276.6059,217.5756,6:04:51:383754,0
276.0403,217.5173,6:04:51:387764,0
275.4254,217.4007,6:04:51:391915,0
274.7368,217.2841,6:04:51:395938,0
273.9252,217.1384,6:04:51:399908,0
273.0398,216.9635,6:04:51:403936,0
272.1053,216.7303,6:04:51:407914,0
271.1953,216.4679,6:04:51:411926,0
270.2361,216.1764,6:04:51:415953,0
269.2278,215.8557,6:04:51:419951,0
268.2686,215.5351,6:04:51:423563,0
267.3341,215.2144,6:04:51:427572,0
266.4487,214.9521,6:04:51:431568,0
265.6617,214.6897,6:04:51:435569,0
264.9485,214.4857,6:04:51:440611,0
264.2599,214.2525,6:04:51:443619,0
263.7434,214.0776,6:04:51:447623,0
263.3253,213.961,6:04:51:451621,0
263.0547,213.8736,6:04:51:455626,0
262.8334,213.8152,6:04:51:459621,0
262.7104,213.7278,6:04:51:463611,0
262.5875,213.6987,6:04:51:468268,0
262.5137,213.6695,6:04:51:471281,0
262.4645,213.582,6:04:51:475278,0
262.3907,213.582,6:04:51:479278,0
262.3661,213.5237,6:04:51:483281,0
262.2924,213.4655,6:04:51:487281,0
262.2432,213.4363,6:04:51:491373,713
262.2186,213.4363,6:04:51:495371,764
262.1694,213.4072,6:04:51:499373,852
262.1448,213.4072,6:04:51:503371,969
262.071,213.4072,6:04:51:507967,1125
261.9972,213.4072,6:04:51:510977,1267
261.8988,213.4072,6:04:51:515976,1406
261.8005,213.4072,6:04:51:519975,1542
261.7267,213.4072,6:04:51:523234,1671
261.6529,213.4072,6:04:51:527145,1780
261.5545,213.4072,6:04:51:531143,1879
261.4807,213.4072,6:04:51:535145,1973
261.4561,213.4072,6:04:51:539968,2047
261.4561,213.4072,6:04:51:542979,2106
261.4561,213.4072,6:04:51:547307,2149
261.4561,213.4072,6:04:51:551317,2182
261.4561,213.4072,6:04:51:555319,2198
261.4561,213.4072,6:04:51:559450,2229
261.4561,213.4072,6:04:51:563317,2306
262.0218,213.4072,6:04:51:567976,2415
262.0218,213.4072,6:04:51:572003,2560
263.0547,213.4072,6:04:51:576288,2710
263.9155,213.9901,6:04:51:579290,2844
265.0468,213.9901,6:04:51:584034,2959
266.5471,213.9901,6:04:51:588032,3063
268.49,213.9901,6:04:51:592045,3159
270.8018,213.9901,6:04:51:595034,3236
273.4825,213.9901,6:04:51:599926,3307
276.6059,213.9901,6:04:51:603936,3362
279.9507,213.9901,6:04:51:607367,3409
283.5905,214.2816,6:04:51:611409,3446
287.4026,214.2816,6:04:51:615381,3470
291.3867,214.2816,6:04:51:619409,3498
295.4447,214.544,6:04:51:623979,3525
299.5027,214.6897,6:04:51:627987,3552
303.4131,214.8938,6:04:51:631950,3588
307.0284,214.9812,6:04:51:635974,3626
310.3731,215.127,6:04:51:639950,3668
313.2998,215.2436,6:04:51:644954,3711
315.8329,215.3602,6:04:51:647230,3736
317.8742,215.4476,6:04:51:651242,3755
319.399,215.506,6:04:51:655238,3760
320.4812,215.5351,6:04:51:659242,3764
321.1452,215.5934,6:04:51:664047,3776
321.5633,215.6225,6:04:51:667057,3789
321.7108,215.6225,6:04:51:671060,3812
321.7108,215.6225,6:04:51:675055,3829
321.7108,215.6517,6:04:51:679060,3844
321.096,215.71,6:04:51:683284,3845
320.5303,215.7392,6:04:51:687744,3809
319.7925,215.7392,6:04:51:693768,3728
318.9809,215.7392,6:04:51:695778,3575
318.1201,215.7683,6:04:51:700777,3345
317.2102,215.7683,6:04:51:703777,3031
316.3002,215.7975,6:04:51:707788,2604
315.4886,215.7975,6:04:51:711776,2014
314.8984,215.7975,6:04:51:715920,1295
314.4557,215.7975,6:04:51:719416,683
314.1852,215.7975,6:04:51:723080,228
314.1852,215.7975,6:04:51:727078,0
314.1852,215.7975,6:04:51:731102,0
314.8,215.7975,6:04:51:735078,0
315.464,215.7975,6:04:51:739971,0
316.3002,215.7975,6:04:51:742981,0
317.3332,215.2436,6:04:51:747157,0
318.5874,215.2436,6:04:51:751163,0
320.0139,215.2436,6:04:51:755157,0
321.5633,214.8355,6:04:51:759158,0
323.2111,214.8355,6:04:51:763918,0
324.8834,214.8355,6:04:51:767810,0
326.605,214.8355,6:04:51:771920,0
328.4003,214.544,6:04:51:775930,0
330.2449,214.544,6:04:51:779932,0
332.114,214.544,6:04:51:783930,0
333.9831,214.544,6:04:51:787930,0
335.8277,214.544,6:04:51:791930,0
337.6722,214.3983,6:04:51:795928,0
339.4921,214.3983,6:04:51:799930,0
341.2629,214.34,6:04:51:804058,0
342.9598,214.2525,6:04:51:807071,0
344.5338,214.1359,6:04:51:811143,0
346.0341,214.0193,6:04:51:815068,0
347.4113,213.9319,6:04:51:819976,0
348.6656,213.7569,6:04:51:822986,0
349.7969,213.6112,6:04:51:827987,0
350.7807,213.4655,6:04:51:830987,0
351.666,213.3197,6:04:51:835987,0
352.4038,213.174,6:04:51:839302,0
353.0187,213.0573,6:04:51:843966,0
353.5352,212.9699,6:04:51:847977,0
353.9041,212.8533,6:04:51:851976,0
354.2484,212.7659,6:04:51:855979,0
354.4943,212.7076,6:04:51:859976,0
354.6911,212.7076,6:04:51:863994,0
354.814,212.7076,6:04:51:867976,0
354.8878,212.7076,6:04:51:870988,0
354.8878,212.7076,6:04:51:875974,0
354.8878,212.7076,6:04:51:879984,0
354.8878,212.7076,6:04:51:884000,0
354.1254,212.7076,6:04:51:887981,0
354.1254,213.4363,6:04:51:891995,0
353.0433,213.4363,6:04:51:895978,0
352.3546,213.4363,6:04:51:899990,0
351.5185,214.2525,6:04:51:904076,0
350.6085,214.2525,6:04:51:907086,1079
349.674,214.7772,6:04:51:911085,1134
348.6902,214.7772,6:04:51:915085,1245
347.7556,215.2144,6:04:51:919085,1400
346.8948,215.2144,6:04:51:923085,1599
346.0833,215.6225,6:04:51:927978,1782
345.4192,215.6225,6:04:51:931494,1946
344.8781,215.914,6:04:51:935598,2100
344.5092,215.914,6:04:51:939496,2243
344.2387,216.1181,6:04:51:943980,2369
344.1158,216.1181,6:04:51:947990,2474
344.042,216.2056,6:04:51:951096,2556
344.042,216.2639,6:04:51:955098,2631
344.042,216.293,6:04:51:959221,2714
344.042,216.293,6:04:51:963122,2817
344.7306,216.3221,6:04:51:967974,2945
344.7306,216.3513,6:04:51:971998,3078
345.7881,216.4096,6:04:51:975985,3208
346.5505,216.4679,6:04:51:978984,3329
347.5097,216.5553,6:04:51:984013,3439
348.6656,216.6136,6:04:51:987986,3538
349.9691,216.7011,6:04:51:992318,3626
351.4447,216.7303,6:04:51:995351,3696
353.0679,216.8177,6:04:51:999396,3752
354.8386,216.8468,6:04:52:003317,3802
356.634,216.876,6:04:52:007978,3846
358.5769,216.9052,6:04:52:010985,3886
360.569,216.9052,6:04:52:015925,3920
362.6349,216.9926,6:04:52:019401,3948
364.7253,217.0217,6:04:52:023987,3969
366.8404,217.1092,6:04:52:026997,3986
368.9063,217.1675,6:04:52:031997,4003
370.9475,217.2258,6:04:52:035995,4014
372.9642,217.2841,6:04:52:040217,4026
374.8333,217.3716,6:04:52:043227,4037
376.5549,217.4007,6:04:52:047285,4047
378.1289,217.4299,6:04:52:051225,4055
379.5062,217.459,6:04:52:055226,4063
380.662,217.459,6:04:52:059225,4064
381.5966,217.459,6:04:52:063854,4066
382.2852,217.459,6:04:52:067817,4073
382.7771,217.459,6:04:52:071814,4079
383.0968,217.459,6:04:52:075832,4090
383.2444,217.459,6:04:52:079814,4094
383.269,217.459,6:04:52:083812,4083
383.269,217.459,6:04:52:087827,4037
383.269,217.459,6:04:52:091827,3935
382.5558,217.459,6:04:52:095917,3738
382.5558,217.459,6:04:52:099830,3435
381.4737,217.459,6:04:52:103891,3018
380.7358,217.459,6:04:52:107881,2423
379.998,217.459,6:04:52:111942,1598
379.211,217.459,6:04:52:115897,889
378.424,217.459,6:04:52:119918,0
377.7354,217.459,6:04:52:123626,0
377.2189,217.459,6:04:52:127399,0
376.85,217.459,6:04:52:131312,0
376.85,217.459,6:04:52:135365,0
376.5795,216.8177,6:04:52:139310,0
376.5795,216.8177,6:04:52:143968,0
376.5795,216.1472,6:04:52:146978,0
376.5795,216.1472,6:04:52:151200,0
377.5387,215.2436,6:04:52:155210,0
377.5387,214.7772,6:04:52:159213,0
378.3011,214.34,6:04:52:163211,0
378.3011,213.8736,6:04:52:167210,0
379.0143,213.5237,6:04:52:172213,0
379.0143,213.1156,6:04:52:175714,0
379.5799,212.7076,6:04:52:179717,0
379.5799,212.2995,6:04:52:183895,0
379.5799,211.9496,6:04:52:187903,0
379.5799,211.6581,6:04:52:191907,0
379.5799,211.3667,6:04:52:195904,0
379.5799,211.1917,6:04:52:199918,0
379.5799,211.046,6:04:52:203924,0
379.5799,211.046,6:04:52:208179,0
379.5799,211.046,6:04:52:211186,0
379.5799,211.046,6:04:52:215225,0
379.5799,211.046,6:04:52:219187,0
379.5799,211.8039,6:04:52:223289,0
379.5799,211.8039,6:04:52:227187,0
379.5799,212.4743,6:04:52:231924,0
378.9651,212.4743,6:04:52:235935,0
378.9651,212.4743,6:04:52:239932,0
378.2519,213.2614,6:04:52:243942,0
377.8584,213.2614,6:04:52:247962,0
377.4403,213.8152,6:04:52:251981,0
377.0222,213.8152,6:04:52:255923,0
376.5057,214.1651,6:04:52:259933,0
375.9401,214.4857,6:04:52:263934,0
375.3498,214.8064,6:04:52:267934,0
374.6858,215.0396,6:04:52:271932,0
373.8496,215.0396,6:04:52:275933,0
373.0626,215.3019,6:04:52:279933,0
372.3986,215.3019,6:04:52:283951,0
371.6853,215.506,6:04:52:287940,0
371.0951,215.6517,6:04:52:291948,0
370.4065,215.8849,6:04:52:295946,0
369.6441,215.8849,6:04:52:299945,0
368.5865,216.1764,6:04:52:303921,0
367.7749,216.5553,6:04:52:307816,0
366.5945,216.7011,6:04:52:311922,0
365.4385,216.9052,6:04:52:315816,0
363.8153,217.1384,6:04:52:320429,0
361.9954,217.4007,6:04:52:323437,0
360.323,217.5756,6:04:52:327439,0
358.7244,218.042,6:04:52:331438,0
357.3226,218.2752,6:04:52:335477,0
355.8224,218.6541,6:04:52:339438,0
354.5927,218.9165,6:04:52:343917,0
353.3138,219.2955,6:04:52:347449,0
352.453,219.5869,6:04:52:351313,0
351.6414,219.9076,6:04:52:355306,0
350.8544,220.2865,6:04:52:359359,0
349.8953,220.4615,6:04:52:363306,0
349.1329,220.6655,6:04:52:367921,0
348.3213,220.8696,6:04:52:371931,0
347.5097,221.1028,6:04:52:375916,0
346.6735,221.3942,6:04:52:379927,0
345.8865,221.6857,6:04:52:383088,0
345.0011,221.8898,6:04:52:388087,0
344.2633,222.1521,6:04:52:391086,0
343.6485,222.3853,6:04:52:395088,0
342.9598,222.7352,6:04:52:399257,0
342.345,222.9975,6:04:52:404258,0
341.6564,223.289,6:04:52:407255,0
341.1891,223.5805,6:04:52:411279,0
340.6972,223.8137,6:04:52:415255,0
340.2299,224.1052,6:04:52:419965,0
339.7381,224.3676,6:04:52:422976,0
339.2708,224.6882,6:04:52:427973,0
338.951,224.8631,6:04:52:430976,0
338.533,225.0963,6:04:52:435072,0
338.3608,225.4461,6:04:52:439221,0
338.1395,225.5918,6:04:52:443969,0
337.8935,225.8542,6:04:52:447310,0
337.7706,226.0874,6:04:52:452312,0
337.5738,226.3206,6:04:52:455312,0
337.1065,226.4955,6:04:52:459312,0
336.6393,226.8745,6:04:52:463313,0
336.295,227.1368,6:04:52:467362,0
335.8031,227.37,6:04:52:471324,0
334.9423,227.6906,6:04:52:475922,0
334.1307,227.9238,6:04:52:479881,0
333.3683,228.1862,6:04:52:483882,0
332.4337,228.332,6:04:52:487881,0
331.9172,228.6234,6:04:52:491881,0
331.0811,228.6817,6:04:52:495916,0
330.0727,228.7984,6:04:52:499100,0
329.089,228.9441,6:04:52:503154,0
327.9576,229.0607,6:04:52:507155,0
326.9247,229.2356,6:04:52:512154,0
325.8672,229.3522,6:04:52:515157,0
324.9572,229.5854,6:04:52:519261,0
323.6783,229.7312,6:04:52:523261,0
322.7192,229.9935,6:04:52:528203,0
321.8092,230.1976,6:04:52:531212,0
320.8747,230.4599,6:04:52:535618,0
320.186,230.7222,6:04:52:539587,0
319.3745,231.0137,6:04:52:543693,0
319.3745,231.0137,6:04:52:561752,0
