297.7565,260.3387,6:10:24:343714,0
297.7565,260.3387,6:10:24:345714,0
296.9941,260.3387,6:10:24:347714,0
296.9941,260.3387,6:10:24:348714,0
296.9941,260.3387,6:10:24:349721,0
295.789,260.3387,6:10:24:351715,0
295.789,260.3387,6:10:24:352713,0
295.248,260.3387,6:10:24:353717,0
295.248,260.3387,6:10:24:354712,0
295.248,260.3387,6:10:24:355715,0
296.0104,260.3387,6:10:24:356713,0
296.0104,260.3387,6:10:24:356713,0
296.0104,260.3387,6:10:24:356713,0
297.2155,260.3387,6:10:24:357714,0
296.4039,260.3387,6:10:24:357714,0
296.4039,260.3387,6:10:24:357714,0
296.4039,260.3387,6:10:24:357714,0
296.4039,260.3387,6:10:24:359715,0
296.4039,260.3387,6:10:24:360715,0
295.3709,260.3387,6:10:24:360715,0
295.3709,260.3387,6:10:24:360715,0
294.6085,260.3387,6:10:24:361721,0
294.6085,260.3387,6:10:24:361721,0
295.5677,260.3387,6:10:24:361721,0
296.2809,260.3387,6:10:24:362715,0
296.2809,260.3387,6:10:24:362715,0
296.2809,260.3387,6:10:24:362715,0
296.2809,260.3387,6:10:24:363729,0
296.2809,260.3387,6:10:24:363729,0
296.2809,260.3387,6:10:24:363729,0
296.2809,260.3387,6:10:24:364730,0
296.2809,260.3387,6:10:24:364730,0
295.6661,260.3387,6:10:24:365713,0
295.6661,260.3387,6:10:24:365713,0
295.6661,260.3387,6:10:24:366715,0
295.6661,260.3387,6:10:24:366715,0
295.6661,260.3387,6:10:24:370963,0
296.6252,260.3387,6:10:24:374934,0
296.6252,260.3387,6:10:24:378944,0
296.6252,260.3387,6:10:24:382962,0
296.6252,260.3387,6:10:24:385946,0
296.6252,260.3387,6:10:24:390963,0
296.6252,260.3387,6:10:24:395011,0
296.6252,260.3387,6:10:24:398937,0
296.6252,260.3387,6:10:24:403016,0
296.6252,260.3387,6:10:24:407027,0
296.6252,260.3387,6:10:24:410026,0
296.6252,260.3387,6:10:24:415024,0
296.6252,260.3387,6:10:24:418026,0
296.6252,260.3387,6:10:24:422262,0
296.6252,260.3387,6:10:24:426960,0
296.6252,260.3387,6:10:24:430481,0
296.6252,260.3387,6:10:24:434479,0
295.912,260.3387,6:10:24:439478,0
295.912,260.3387,6:10:24:442482,0
295.912,260.3387,6:10:24:447042,0
295.912,260.3387,6:10:24:451055,0
295.912,260.3387,6:10:24:454868,0
295.912,260.3387,6:10:24:458879,0
295.912,260.3387,6:10:24:462877,0
295.912,260.3387,6:10:24:467055,0
295.912,260.3387,6:10:24:470877,0
295.912,260.3387,6:10:24:475220,0
295.912,260.3387,6:10:24:478234,0
295.912,260.3387,6:10:24:483232,0
295.912,260.3387,6:10:24:486233,0
295.912,260.3387,6:10:24:490291,0
295.912,260.3387,6:10:24:494239,0
295.912,260.3387,6:10:24:499422,0
295.912,260.3387,6:10:24:502435,0
295.912,260.3387,6:10:24:506545,0
295.912,260.3387,6:10:24:510432,0
295.912,260.3387,6:10:24:514505,0
295.912,260.3387,6:10:24:518959,0
295.912,260.3387,6:10:24:522921,0
295.912,260.3387,6:10:24:526931,0
295.912,260.3387,6:10:24:530934,0
295.912,260.3387,6:10:24:535092,0
295.912,260.3387,6:10:24:538933,0
295.912,260.3387,6:10:24:543465,0
296.7482,260.3387,6:10:24:546985,0
296.7482,260.3387,6:10:24:550987,0
296.7482,260.3387,6:10:24:554983,0
296.7482,260.3387,6:10:24:559001,0
296.7482,260.3387,6:10:24:562990,0
297.4614,260.3387,6:10:24:566764,0
297.4614,260.3387,6:10:24:570781,0
297.4614,260.3387,6:10:24:575270,0
297.4614,260.3387,6:10:24:578281,0
297.4614,260.3387,6:10:24:583159,0
297.4614,260.3387,6:10:24:586157,0
297.4614,260.3387,6:10:24:591063,0
297.4614,260.3387,6:10:24:595075,0
297.4614,260.3387,6:10:24:599075,0
297.4614,260.3387,6:10:24:602075,0
297.4614,260.3387,6:10:24:607368,0
297.4614,260.3387,6:10:24:610378,0
297.4614,260.3387,6:10:24:615263,0
297.4614,260.3387,6:10:24:618275,0
297.4614,260.3387,6:10:24:623272,0
297.4614,260.3387,6:10:24:627271,0
296.5023,260.3387,6:10:24:631274,0
296.5023,260.3387,6:10:24:634273,0
295.6906,260.3387,6:10:24:639516,0
295.6906,260.3387,6:10:24:642528,0
295.6906,260.3387,6:10:24:646540,0
295.6906,260.3387,6:10:24:650544,0
295.6906,259.6682,6:10:24:654642,0
295.6906,259.6682,6:10:24:658526,0
295.6906,259.6682,6:10:24:662914,0
295.6906,259.6682,6:10:24:666946,0
295.6906,259.6682,6:10:24:671189,0
295.6906,259.6682,6:10:24:674202,0
295.6906,259.6682,6:10:24:679261,0
295.6906,259.6682,6:10:24:682274,0
295.6906,259.6682,6:10:24:687219,0
295.6906,259.6682,6:10:24:690230,0
295.6906,259.6682,6:10:24:694318,0
295.6906,259.6682,6:10:24:698230,0
295.6906,259.6682,6:10:24:703231,0
295.6906,259.6682,6:10:24:706230,0
295.6906,259.6682,6:10:24:711263,0
295.6906,259.6682,6:10:24:714786,0
295.6906,259.6682,6:10:24:719088,0
295.6906,259.6682,6:10:24:723100,0
295.6906,259.6682,6:10:24:727238,0
296.4039,259.6682,6:10:24:730238,0
296.4039,259.6682,6:10:24:735240,0
296.4039,259.6682,6:10:24:738239,0
296.4039,259.6682,6:10:24:743230,0
296.4039,259.6682,6:10:24:746241,0
296.4039,259.6682,6:10:24:752069,0
296.4039,259.6682,6:10:24:756076,0
296.4039,259.6682,6:10:24:759076,0
296.4039,259.6682,6:10:24:762083,0
296.4039,259.6682,6:10:24:766074,0
296.4039,259.6682,6:10:24:770074,0
296.4039,259.6682,6:10:24:775020,0
296.4039,259.6682,6:10:24:778377,0
296.4039,259.6682,6:10:24:782526,0
296.4039,259.6682,6:10:24:786518,0
296.4039,259.6682,6:10:24:790650,0
296.4039,259.6682,6:10:24:794517,0
296.4039,259.6682,6:10:24:799369,0
296.4039,259.6682,6:10:24:802661,0
296.4039,259.6682,6:10:24:806665,0
295.7644,259.6682,6:10:24:810663,0
295.7644,259.6682,6:10:24:814664,0
295.7644,259.6682,6:10:24:818663,0
295.7644,259.6682,6:10:24:823185,0
295.7644,259.6682,6:10:24:826195,0
295.7644,259.6682,6:10:24:831194,0
295.7644,259.6682,6:10:24:834198,0
296.576,259.6682,6:10:24:839197,0
296.576,259.6682,6:10:24:842198,0
296.576,259.6682,6:10:24:847189,0
297.3138,259.6682,6:10:24:850191,0
297.3138,259.6682,6:10:24:855191,0
297.8057,259.6682,6:10:24:858191,0
297.8057,259.6682,6:10:24:863272,0
297.8057,259.6682,6:10:24:866283,0
297.8057,259.6682,6:10:24:870351,0
297.8057,259.6682,6:10:24:874360,0
297.2401,259.6682,6:10:24:879226,0
297.2401,259.6682,6:10:24:882240,0
297.2401,259.6682,6:10:24:886319,0
297.2401,259.6682,6:10:24:890237,0
297.2401,259.6682,6:10:24:895238,0
297.2401,259.6682,6:10:24:898240,0
297.2401,259.6682,6:10:24:903132,0
297.2401,259.6682,6:10:24:906146,0
297.2401,259.6682,6:10:24:911145,0
297.2401,259.6682,6:10:24:914144,0
297.2401,259.6682,6:10:24:919142,0
297.2401,259.6682,6:10:24:922143,0
297.2401,259.6682,6:10:24:926114,0
298.396,259.6682,6:10:24:930176,0
298.396,259.6682,6:10:24:934194,0
298.396,259.6682,6:10:24:938154,0
299.2813,259.6682,6:10:24:943184,0
299.2813,259.6682,6:10:24:946214,0
299.7732,259.1143,6:10:24:951258,0
299.7732,259.1143,6:10:24:954270,0
300.2897,259.1143,6:10:24:959267,0
300.2897,258.6479,6:10:24:962268,0
300.2897,258.6479,6:10:24:967288,0
311.5044,260.1638,6:10:24:979350,0
281.5739,272.7857,6:10:25:377293,0
281.5739,272.7857,6:10:25:380303,0
281.5739,272.7857,6:10:25:385265,0
280.6147,272.7857,6:10:25:389275,0
280.6147,272.7857,6:10:25:393289,0
279.8277,272.7857,6:10:25:396275,0
279.8277,273.6019,6:10:25:401277,0
278.9423,273.6019,6:10:25:405275,0
278.4504,274.3015,6:10:25:409639,0
278.4504,274.3015,6:10:25:413156,0
277.9586,275.176,6:10:25:417165,0
277.9586,275.6715,6:10:25:421154,0
277.9586,276.0797,6:10:25:425157,0
277.6389,276.4878,6:10:25:428156,0
277.6389,276.8958,6:10:25:433124,0
277.6389,277.304,6:10:25:436142,0
277.6389,277.7704,6:10:25:441154,0
277.6389,278.2659,6:10:25:445157,0
277.6389,278.7323,6:10:25:449181,0
277.6389,279.2278,6:10:25:452159,0
277.6389,279.7526,6:10:25:457400,0
277.6389,280.2481,6:10:25:460410,0
277.6389,280.8019,6:10:25:464502,0
278.1799,281.3267,6:10:25:468427,0
278.1799,281.8513,6:10:25:473412,0
278.1799,282.2886,6:10:25:476412,0
278.1799,282.7841,6:10:25:481060,0
278.4996,283.2214,6:10:25:484075,0
278.4996,283.6295,6:10:25:489267,0
278.4996,284.0376,6:10:25:492280,0
278.4996,284.3582,6:10:25:497277,0
278.4996,284.708,6:10:25:500278,0
278.4996,285.087,6:10:25:505441,0
278.4996,285.4368,6:10:25:508454,0
278.4996,285.7283,6:10:25:512597,0
277.8356,285.9907,6:10:25:516451,0
277.8356,286.2821,6:10:25:520488,0
277.2208,286.5154,6:10:25:524454,0
277.2208,286.7777,6:10:25:528409,0
276.5321,286.9526,6:10:25:532427,0
276.1386,287.0984,6:10:25:537382,0
275.7205,287.2441,6:10:25:540394,0
275.327,287.3607,6:10:25:544586,0
274.9581,287.4773,6:10:25:548392,0
274.5646,287.5648,6:10:25:552489,0
274.1711,287.6522,6:10:25:556392,0
273.8022,287.7105,6:10:25:561108,0
273.4579,287.7688,6:10:25:564457,0
273.1382,287.8854,6:10:25:569268,0
272.8676,287.9728,6:10:25:572308,0
272.5479,288.1186,6:10:25:577284,0
272.2528,288.2061,6:10:25:580628,0
271.9577,288.381,6:10:25:584778,0
271.638,288.4684,6:10:25:588696,0
271.3182,288.6141,6:10:25:592751,0
271.0231,288.7891,6:10:25:596677,0
270.6788,288.8474,6:10:25:601458,0
270.3591,288.9348,6:10:25:604976,0
270.0886,288.964,6:10:25:609077,0
269.7443,288.9931,6:10:25:612973,0
269.4491,288.9931,6:10:25:617075,0
269.2032,288.9931,6:10:25:620973,0
269.0064,288.9931,6:10:25:624973,0
268.8589,288.9931,6:10:25:628976,0
268.7113,288.381,6:10:25:632974,0
268.5883,288.381,6:10:25:636988,0
268.49,288.381,6:10:25:640413,0
268.4654,287.6522,6:10:25:644415,0
268.4162,287.6522,6:10:25:649176,0
268.4162,287.1858,6:10:25:652219,0
268.3916,287.1858,6:10:25:657125,0
268.3178,286.6611,6:10:25:660134,0
268.2932,286.6611,6:10:25:665135,0
268.244,286.1947,6:10:25:668136,0
268.1703,286.1947,6:10:25:673389,0
268.0473,285.8157,6:10:25:676398,0
267.8997,285.6408,6:10:25:680415,0
267.7768,285.4659,6:10:25:684398,0
267.6046,285.3785,6:10:25:688403,0
267.4816,285.2328,6:10:25:692400,0
267.3832,285.1161,6:10:25:697168,0
267.2603,284.9995,6:10:25:700575,0
267.1373,284.8538,6:10:25:705256,0
267.1127,284.708,6:10:25:708266,0
267.0881,284.5623,6:10:25:713268,0
267.0143,284.4165,6:10:25:716267,0
266.9897,284.2125,6:10:25:721211,0
266.9651,284.0085,6:10:25:724222,0
266.916,283.7752,6:10:25:728439,0
266.916,283.5421,6:10:25:732222,0
266.916,283.338,6:10:25:737498,0
266.916,283.0757,6:10:25:740534,0
266.916,282.8133,6:10:25:745509,0
266.916,282.5509,6:10:25:748509,0
266.916,282.3469,6:10:25:753601,0
266.916,282.1137,6:10:25:756612,0
266.916,281.8513,6:10:25:760952,0
267.3586,281.6181,6:10:25:764871,0
267.3586,281.4141,6:10:25:768849,0
267.3586,281.1809,6:10:25:772841,0
267.3586,280.9768,6:10:25:777141,0
267.3586,280.7437,6:10:25:780164,0
267.3586,280.5104,6:10:25:785149,0
267.3586,280.219,6:10:25:788148,0
267.3586,279.9566,6:10:25:793148,0
267.3586,279.6651,6:10:25:796146,0
267.3586,279.3736,6:10:25:801260,0
267.3586,279.1112,6:10:25:805270,0
267.3586,278.8198,6:10:25:809209,0
267.3586,278.5574,6:10:25:812721,0
267.3586,278.295,6:10:25:816738,0
267.3586,278.0619,6:10:25:820723,0
267.3586,277.887,6:10:25:825976,0
267.3586,277.7412,6:10:25:828990,0
267.3586,277.5955,6:10:25:832988,0
267.3586,277.4497,6:10:25:836987,0
267.3586,277.2165,6:10:25:841046,0
267.3586,277.0416,6:10:25:844999,0
267.3586,276.8958,6:10:25:849141,0
267.3586,276.7501,6:10:25:852150,0
267.3586,276.5461,6:10:25:857151,0
267.3586,276.3712,6:10:25:860152,0
267.3586,276.1379,6:10:25:865252,556
267.3586,275.963,6:10:25:868245,594
267.3586,275.8464,6:10:25:872640,679
267.3586,275.7007,6:10:25:876667,802
267.3586,275.555,6:10:25:880757,953
267.3586,275.38,6:10:25:884638,1103
267.3586,275.2343,6:10:25:888859,1260
267.3586,275.0886,6:10:25:892868,1425
267.3586,274.9428,6:10:25:897124,1610
267.3586,274.7679,6:10:25:900122,1793
267.3586,274.6805,6:10:25:905122,1946
267.3586,274.5638,6:10:25:909122,2072
267.3586,274.4472,6:10:25:913618,2163
267.3586,274.4181,6:10:25:916628,2222
267.3586,274.3598,6:10:25:920642,2262
267.3586,274.3598,6:10:25:924628,2279
267.3586,274.3598,6:10:25:929631,2283
267.3586,274.3598,6:10:25:932628,2283
267.3586,274.3598,6:10:25:936944,2273
267.3586,274.3598,6:10:25:940998,2266
267.3586,274.3598,6:10:25:945199,2266
267.3586,274.3598,6:10:25:948198,2288
267.3586,274.3598,6:10:25:953115,2333
267.3586,275.38,6:10:25:956126,2393
267.3586,275.38,6:10:25:961332,2460
267.3586,276.6043,6:10:25:964339,2520
267.8013,277.4206,6:10:25:968435,2577
267.8013,278.3242,6:10:25:972431,2636
267.8013,279.4027,6:10:25:976430,2694
267.8013,280.5104,6:10:25:980429,2761
267.8013,281.7056,6:10:25:984835,2839
267.8013,282.9299,6:10:25:988846,2927
267.8013,284.1833,6:10:25:992845,3016
268.0473,285.5243,6:10:25:996850,3096
268.0473,286.836,6:10:26:000868,3176
268.0473,288.2061,6:10:26:004844,3245
268.1703,289.6635,6:10:26:009017,3314
268.1703,291.1794,6:10:26:013033,3377
268.244,292.666,6:10:26:017226,3424
268.244,294.1526,6:10:26:020236,3466
268.2686,295.5518,6:10:26:024236,3500
268.2686,296.8928,6:10:26:028260,3537
268.2686,298.1754,6:10:26:032633,3569
268.2686,299.3705,6:10:26:036624,3596
268.2932,300.3616,6:10:26:040623,3623
268.2932,301.1778,6:10:26:044622,3638
268.3178,301.8482,6:10:26:049196,3651
268.3178,302.3146,6:10:26:052206,3656
268.3178,302.6936,6:10:26:057049,3660
268.367,302.9851,6:10:26:060061,3683
268.367,303.1309,6:10:26:065063,3727
268.367,303.2474,6:10:26:068061,3793
268.367,303.2474,6:10:26:073061,3886
268.367,303.2474,6:10:26:076061,3996
268.367,303.2474,6:10:26:080790,4112
268.367,303.2474,6:10:26:084804,4236
268.367,303.2474,6:10:26:089128,4351
268.367,303.2474,6:10:26:092138,4432
268.367,303.2474,6:10:26:097138,4482
268.367,302.1689,6:10:26:100139,4498
268.367,301.4984,6:10:26:105138,4494
268.367,300.6823,6:10:26:108153,4488
268.367,299.6912,6:10:26:114605,4478
268.367,298.4377,6:10:26:116616,4468
268.367,297.0385,6:10:26:120616,4454
267.703,295.5518,6:10:26:124615,4431
267.703,294.0652,6:10:26:128628,4390
267.0881,292.5786,6:10:26:132618,4337
267.0881,291.1502,6:10:26:137010,4281
266.3503,289.751,6:10:26:140020,4218
265.9322,288.4392,6:10:26:145057,4164
265.4895,287.2441,6:10:26:149070,4109
264.9977,286.1947,6:10:26:153139,4044
264.4566,285.1744,6:10:26:156138,3985
263.8909,284.3,6:10:26:161144,3931
263.3007,283.5421,6:10:26:164137,3883
262.6121,282.9299,6:10:26:169141,3842
261.8742,282.4052,6:10:26:172139,3804
261.0872,281.9971,6:10:26:177110,3778
260.2019,281.7347,6:10:26:180121,3760
259.2427,281.5598,6:10:26:184130,3751
258.259,281.5598,6:10:26:188121,3749
257.2506,281.5598,6:10:26:192124,3740
256.1439,281.5598,6:10:26:196121,3736
255.0618,281.5598,6:10:26:200118,3731
253.9551,282.6967,6:10:26:205135,3727
252.8975,283.338,6:10:26:208990,3733
251.8646,284.0959,6:10:26:212002,3735
250.93,284.9995,6:10:26:216979,3739
250.0447,285.9323,6:10:26:219990,3739
249.3314,287.0109,6:10:26:224987,3741
248.7166,288.0312,6:10:26:227993,3743
248.2493,288.9931,6:10:26:233234,3748
247.9296,289.955,6:10:26:236247,3756
247.782,290.917,6:10:26:240272,3762
247.782,291.7624,6:10:26:244245,3777
247.782,292.5786,6:10:26:248252,3787
248.3723,293.3656,6:10:26:252244,3795
248.9379,293.9486,6:10:26:256984,3803
249.6512,294.5608,6:10:26:259992,3805
250.6103,295.0272,6:10:26:264994,3813
251.717,295.4061,6:10:26:268994,3821
253.0205,295.5518,6:10:26:272994,3825
254.4715,295.5518,6:10:26:276997,3822
256.0455,295.5518,6:10:26:280567,3820
257.7671,295.5518,6:10:26:285393,3816
259.5624,294.415,6:10:26:288369,3810
261.3824,294.415,6:10:26:292367,3814
263.1777,293.1032,6:10:26:296409,3813
264.9977,292.4037,6:10:26:301420,3813
266.7684,291.6749,6:10:26:304931,3812
268.5146,290.9461,6:10:26:308970,3808
270.2607,290.2466,6:10:26:312935,3805
272.0069,289.6344,6:10:26:316468,3800
273.6793,289.0222,6:10:26:320393,3800
275.327,288.4392,6:10:26:324390,3794
276.8764,287.9146,6:10:26:328490,3790
278.3275,287.4773,6:10:26:334399,3788
279.5818,287.0984,6:10:26:336392,3782
280.6393,286.8943,6:10:26:340833,3778
281.4755,286.7485,6:10:26:344836,3772
282.1641,286.7485,6:10:26:348838,3764
282.6314,286.7485,6:10:26:352835,3761
282.9757,286.7485,6:10:26:356985,3758
283.197,286.7485,6:10:26:360995,3763
283.3446,286.7485,6:10:26:364794,3774
283.443,287.7979,6:10:26:368723,3789
283.5168,287.7979,6:10:26:372723,3806
283.5414,288.9348,6:10:26:376724,3828
283.5414,289.5469,6:10:26:380727,3850
283.5414,290.3048,6:10:26:384733,3871
283.5414,291.1211,6:10:26:388910,3890
283.5414,291.9664,6:10:26:392918,3900
283.5414,292.8409,6:10:26:396918,3913
283.5414,293.7445,6:10:26:400923,3924
283.5414,294.619,6:10:26:405440,3942
283.5414,295.4644,6:10:26:408450,3953
283.5414,296.3972,6:10:26:412980,3962
283.5414,297.2134,6:10:26:415991,3967
283.5414,298.0296,6:10:26:420990,3966
283.5414,298.7584,6:10:26:423992,3972
283.5414,299.4288,6:10:26:429004,3970
284.0824,300.0701,6:10:26:431991,3950
284.0824,300.624,6:10:26:436644,3894
284.5497,301.1487,6:10:26:440647,3774
284.5497,301.6151,6:10:26:444644,3572
285.1399,301.994,6:10:26:448645,3272
285.4843,302.2855,6:10:26:452624,2856
285.8531,302.4604,6:10:26:456659,2242
286.3204,302.5479,6:10:26:460667,1455
286.8615,302.5479,6:10:26:464675,783
287.4026,302.5479,6:10:26:468700,0
288.042,301.8482,6:10:26:472673,0
288.6568,301.8482,6:10:26:477050,0
289.3455,300.5948,6:10:26:480061,0
290.1079,299.662,6:10:26:484064,0
290.8457,298.5543,6:10:26:488064,0
291.6819,297.3592,6:10:26:492063,0
292.5427,296.1349,6:10:26:497061,0
293.5264,294.8814,6:10:26:500654,0
294.6085,293.628,6:10:26:504661,0
295.7152,292.3162,6:10:26:508661,0
296.9941,291.1211,6:10:26:512687,0
298.3222,289.955,6:10:26:516688,0
299.6994,288.8765,6:10:26:520691,0
301.0521,287.9146,6:10:26:524688,0
302.4785,286.9235,6:10:26:528986,0
303.782,285.9907,6:10:26:532326,0
305.0855,285.087,6:10:26:536638,0
306.3643,284.2125,6:10:26:540587,0
307.5203,283.4546,6:10:26:544638,0
308.6024,282.6675,6:10:26:548586,0
309.5861,281.9388,6:10:26:552928,0
310.5207,281.1809,6:10:26:556602,0
311.3815,280.5104,6:10:26:560683,0
312.1931,279.8983,6:10:26:564693,0
312.9063,279.3445,6:10:26:568692,0
313.5457,278.8198,6:10:26:572691,0
314.1606,278.4117,6:10:26:576849,0
314.7016,278.0619,6:10:26:580860,0
315.1935,277.8286,6:10:26:584857,0
315.587,277.6246,6:10:26:588865,0
315.9067,277.4497,6:10:26:592920,0
316.1772,277.2165,6:10:26:596866,2204
316.3248,276.9542,6:10:26:600868,2276
316.4232,276.7501,6:10:26:604867,2361
316.5216,276.5461,6:10:26:609181,2448
316.5216,276.342,6:10:26:612187,2539
316.5216,276.0797,6:10:26:617232,2580
316.5216,275.9048,6:10:26:620242,2623
316.5216,275.7881,6:10:26:624314,2683
316.5216,275.7299,6:10:26:628240,2753
316.5216,275.7299,6:10:26:632245,2806
316.5216,275.7299,6:10:26:636245,2843
316.5216,275.7299,6:10:26:640722,2868
316.5216,275.7299,6:10:26:644733,2925
316.5216,275.7299,6:10:26:648932,3000
316.5216,276.5169,6:10:26:652732,3087
316.5216,276.5169,6:10:26:656772,3176
316.5216,277.4789,6:10:26:660787,3226
316.5216,278.1493,6:10:26:664836,3275
317.2102,278.9655,6:10:26:668839,3334
317.2102,279.84,6:10:26:672895,3399
317.7513,280.7728,6:10:26:676838,3471
317.7513,281.7347,6:10:26:680536,3527
318.3169,282.755,6:10:26:684545,3580
318.3169,283.8044,6:10:26:688546,3636
318.858,284.8829,6:10:26:692546,3687
318.858,286.049,6:10:26:696889,3737
319.2761,287.1858,6:10:26:700915,3776
319.2761,288.3227,6:10:26:704930,3802
319.4482,289.5178,6:10:26:708967,3823
319.4482,290.7421,6:10:26:712969,3843
319.5958,292.0247,6:10:26:716970,3858
319.5958,293.2781,6:10:26:720968,3871
319.5958,294.5024,6:10:26:724968,3882
319.5958,295.6685,6:10:26:728987,3886
319.5958,296.747,6:10:26:732997,3892
319.645,297.7672,6:10:26:737041,3897
319.6696,298.6126,6:10:26:740059,3900
319.7188,299.3705,6:10:26:745043,3908
319.7188,299.8952,6:10:26:748053,3911
319.7188,300.2741,6:10:26:753043,3923
319.7188,300.5948,6:10:26:756044,3945
319.7433,300.6823,6:10:26:760765,3988
319.7679,300.7697,6:10:26:764766,4062
319.7679,300.7989,6:10:26:768766,4157
319.7925,300.7989,6:10:26:772766,4239
319.7925,300.7989,6:10:26:776893,4300
319.7925,300.7989,6:10:26:780904,4327
319.7925,299.7786,6:10:26:784563,4323
319.7925,299.7786,6:10:26:788564,4320
319.7925,298.4377,6:10:26:792564,4315
319.2761,297.4757,6:10:26:796562,4305
319.2761,296.368,6:10:26:800752,4298
318.5874,295.2603,6:10:26:804787,4286
318.0956,294.1526,6:10:26:808850,4266
317.4807,293.045,6:10:26:813367,4245
316.7675,291.9664,6:10:26:816382,4211
316.0297,291.0045,6:10:26:820372,4171
315.1443,290.1591,6:10:26:824369,4127
314.1852,289.4012,6:10:26:828370,4087
313.1276,288.8474,6:10:26:832982,4054
311.9225,288.2935,6:10:26:836036,4032
310.7174,287.7979,6:10:26:841008,4019
309.414,287.4482,6:10:26:844007,4007
308.0367,287.1858,6:10:26:848978,4002
306.5857,287.0109,6:10:26:852061,3994
305.1346,286.9235,6:10:26:857061,3992
303.7574,286.8943,6:10:26:862063,3991
302.4294,286.8943,6:10:26:865062,3988
301.1505,286.8943,6:10:26:869059,3990
299.9454,286.8943,6:10:26:873383,3990
298.8387,287.9146,6:10:26:876391,3987
297.8057,287.9146,6:10:26:880393,3985
296.9449,288.964,6:10:26:884394,3981
296.1579,289.5178,6:10:26:888392,3979
295.4447,290.1591,6:10:26:892393,3982
294.8545,290.8004,6:10:26:896521,3982
294.4118,291.5,6:10:26:900531,3985
294.0921,292.1704,6:10:26:904567,3986
293.9199,292.8701,6:10:26:908578,3985
293.8461,293.5405,6:10:26:912578,3993
293.8461,294.1818,6:10:26:916578,4000
293.8461,294.8814,6:10:26:920980,4007
294.4364,295.4644,6:10:26:924990,4017
294.4364,295.9891,6:10:26:928824,4023
295.3709,296.4264,6:10:26:932834,4028
295.9612,296.7762,6:10:26:936835,4034
296.699,296.951,6:10:26:940834,4038
297.4122,297.0385,6:10:26:944983,4039
298.1254,297.0385,6:10:26:948993,4040
298.8878,297.0385,6:10:26:952426,4043
299.6257,297.0385,6:10:26:956344,4047
300.3881,295.9891,6:10:26:960378,4059
301.1013,295.9891,6:10:26:964344,4076
301.7161,294.7065,6:10:26:969057,4102
302.3064,294.036,6:10:26:972065,4127
302.872,293.3365,6:10:26:977067,4154
303.3393,292.5786,6:10:26:980068,4178
303.7574,291.8206,6:10:26:985067,4187
304.0525,291.0336,6:10:26:988065,4192
304.2739,290.3632,6:10:26:992912,4188
304.3969,289.751,6:10:26:996937,4147
304.4706,289.2263,6:10:27:000944,4045
304.4706,288.7016,6:10:27:004920,3853
304.4706,288.2935,6:10:27:008956,3544
304.4706,287.9728,6:10:27:012923,3122
304.4706,287.7397,6:10:27:017184,2534
304.4706,287.5939,6:10:27:021195,1737
304.4706,287.419,6:10:27:024229,1003
304.4706,287.3024,6:10:27:029192,414
304.4706,287.2441,6:10:27:032193,0
304.4706,287.1858,6:10:27:036192,0
305.5036,287.0984,6:10:27:040978,0
306.2168,287.0109,6:10:27:043986,0
307.1267,286.836,6:10:27:048312,0
308.2581,286.632,6:10:27:052222,0
309.4632,286.4571,6:10:27:056224,0
310.865,286.1947,6:10:27:060225,0
312.439,285.8449,6:10:27:064977,0
314.0622,285.4368,6:10:27:068009,0
315.7346,285.0287,6:10:27:073168,0
317.4807,284.5623,6:10:27:076176,0
319.3007,284.0376,6:10:27:080193,0
321.1206,283.4837,6:10:27:084196,0
322.8914,282.8424,6:10:27:088286,0
324.6375,282.2303,6:10:27:092298,0
326.2607,281.5598,6:10:27:096253,0
327.8347,280.8894,6:10:27:100264,0
329.3595,280.1606,6:10:27:104266,0
330.7614,279.4319,6:10:27:108266,0
332.0402,278.8198,6:10:27:112977,0
333.1223,278.1784,6:10:27:115988,0
334.0569,277.6829,6:10:27:121003,0
334.8685,277.2748,6:10:27:123990,0
335.5571,276.9542,6:10:27:129041,0
336.0244,276.7501,6:10:27:132040,0
336.3195,276.6918,6:10:27:137040,0
336.3933,276.6918,6:10:27:140041,0
336.4179,276.6918,6:10:27:144975,0
336.4179,276.6918,6:10:27:147989,0
336.4179,276.6918,6:10:27:153125,2719
336.4179,276.6918,6:10:27:156136,2747
336.4179,276.6918,6:10:27:160245,2795
335.7539,275.7881,6:10:27:164136,2852
335.7539,275.7881,6:10:27:168152,2952
335.7539,275.0886,6:10:27:172326,3064
335.7539,275.0886,6:10:27:176980,3182
335.7539,275.0886,6:10:27:180179,3309
335.7539,274.6222,6:10:27:184169,3404
335.7539,274.6222,6:10:27:188169,3459
335.7539,274.6222,6:10:27:192169,3488
335.7539,274.6222,6:10:27:197187,3506
335.7539,274.6222,6:10:27:201182,3541
335.7539,274.6222,6:10:27:204169,3593
335.7539,275.6424,6:10:27:209168,3651
335.7539,275.6424,6:10:27:212169,3707
335.7539,276.7792,6:10:27:216984,3744
335.7539,277.508,6:10:27:221006,3781
335.7539,278.3825,6:10:27:225034,3832
336.3195,279.3445,6:10:27:228038,3904
336.3195,280.3064,6:10:27:233206,3977
336.7622,281.2975,6:10:27:236217,4052
336.7622,282.2886,6:10:27:240246,4114
337.1803,283.3672,6:10:27:244206,4161
337.1803,284.4749,6:10:27:248987,4203
337.5492,285.5826,6:10:27:252997,4233
337.5492,286.6902,6:10:27:256997,4257
337.8198,287.7688,6:10:27:260996,4275
337.8198,288.8765,6:10:27:264277,4284
338.0165,289.9842,6:10:27:268192,4291
338.0165,291.1794,6:10:27:272194,4293
338.2133,292.3162,6:10:27:276192,4297
338.287,293.453,6:10:27:280924,4306
338.3854,294.5608,6:10:27:284935,4313
338.4838,295.6101,6:10:27:288933,4318
338.5822,296.6595,6:10:27:292935,4296
338.6805,297.709,6:10:27:297175,4205
338.7543,298.5834,6:10:27:301183,4025
338.8281,299.3705,6:10:27:304185,3712
338.9265,299.9826,6:10:27:309184,3237
338.9756,300.5365,6:10:27:312185,2556
339.074,300.9154,6:10:27:316185,1656
339.1724,301.0904,6:10:27:320969,891
339.2216,301.2069,6:10:27:324978,0
339.3937,301.2069,6:10:27:328399,0
339.5659,301.2069,6:10:27:332340,0
339.9102,300.2741,6:10:27:336457,0
340.3529,299.5746,6:10:27:340341,0
340.9431,298.7,6:10:27:344924,0
341.7056,297.6215,6:10:27:348382,0
342.6401,296.4846,6:10:27:352974,0
343.7714,295.1437,6:10:27:356985,0
344.9765,293.7445,6:10:27:360985,0
346.3292,292.287,6:10:27:363985,0
347.731,290.8004,6:10:27:368987,0
349.2067,289.4012,6:10:27:372987,0
350.6577,288.0603,6:10:27:376913,0
352.1087,286.8069,6:10:27:380430,0
353.5352,285.6408,6:10:27:384427,0
354.9862,284.5623,6:10:27:388445,0
356.3388,283.5129,6:10:27:392427,0
357.6915,282.6384,6:10:27:396425,0
358.872,281.8222,6:10:27:400924,0
359.9295,281.1226,6:10:27:404467,0
360.9625,280.4521,6:10:27:409176,0
361.9462,279.84,6:10:27:412186,0
362.6594,279.3445,6:10:27:416189,0
363.3235,278.8781,6:10:27:420186,0
363.7907,278.5283,6:10:27:424217,0
364.1597,278.2368,6:10:27:428186,0
364.4302,278.0327,6:10:27:432922,0
364.7007,277.887,6:10:27:436275,0
364.7253,277.7412,6:10:27:440922,0
364.7499,277.5663,6:10:27:444319,0
364.7745,277.304,6:10:27:448923,2530
364.7745,277.0416,6:10:27:452342,2555
364.7745,276.7501,6:10:27:456357,2602
364.7745,276.4878,6:10:27:460358,2662
364.7745,276.1963,6:10:27:464474,2753
364.7745,275.8464,6:10:27:468358,2859
364.7745,275.5841,6:10:27:472595,2980
364.7745,275.4092,6:10:27:476605,3107
364.7745,275.38,6:10:27:480632,3221
364.7745,275.3509,6:10:27:484603,3296
364.7745,275.3509,6:10:27:488976,3334
364.7745,275.3509,6:10:27:492312,3356
364.7745,275.3509,6:10:27:496366,3370
364.7745,275.3509,6:10:27:501362,3397
364.7745,276.2254,6:10:27:504363,3447
364.7745,276.2254,6:10:27:508366,3513
364.7745,277.4497,6:10:27:512976,3595
364.7745,278.2659,6:10:27:516985,3678
365.4385,279.2278,6:10:27:520923,3752
365.4385,280.3064,6:10:27:524445,3819
365.9058,281.4432,6:10:27:528614,3874
365.9058,282.5801,6:10:27:532565,3921
366.3731,283.8044,6:10:27:536569,3957
366.3731,285.0287,6:10:27:540566,3992
366.3731,286.2821,6:10:27:544973,4018
366.6928,287.4773,6:10:27:547983,4042
366.6928,288.7016,6:10:27:552348,4064
366.6928,289.9259,6:10:27:556319,4079
366.6928,291.1794,6:10:27:560347,4089
366.6928,292.4328,6:10:27:564320,4094
366.6928,293.6571,6:10:27:568976,4099
366.6928,294.8231,6:10:27:572986,4102
366.6928,295.8725,6:10:27:577013,4106
366.6928,296.951,6:10:27:580014,4112
366.6928,297.8839,6:10:27:584021,4117
366.6928,298.6709,6:10:27:588013,4124
366.6928,299.2831,6:10:27:592866,4135
366.6928,299.7203,6:10:27:596384,4143
366.6928,300.0701,6:10:27:600384,4158
366.6928,300.2741,6:10:27:604383,4180
366.6928,300.3907,6:10:27:608383,4227
366.6928,300.449,6:10:27:612384,4292
367.0617,300.449,6:10:27:616975,4352
367.0617,300.449,6:10:27:619983,4398
367.0617,300.449,6:10:27:624923,4414
367.0617,299.3122,6:10:27:628433,4416
367.3076,298.7,6:10:27:632498,4414
367.3076,297.9421,6:10:27:636433,4407
367.3076,296.9802,6:10:27:640159,4397
367.3076,295.8725,6:10:27:644162,4372
367.3076,294.7065,6:10:27:648159,4335
367.3076,293.3947,6:10:27:652160,4285
366.5945,292.1413,6:10:27:656930,4232
366.0534,290.8587,6:10:27:660934,4172
365.4631,289.5761,6:10:27:664867,4116
364.8237,288.4101,6:10:27:668893,4071
364.1351,287.3315,6:10:27:672865,4021
363.3481,286.2821,6:10:27:676865,3984
362.4627,285.4368,6:10:27:680867,3953
361.6019,284.6789,6:10:27:684864,3931
360.6182,284.0376,6:10:27:688257,3917
359.659,283.5421,6:10:27:692269,3906
358.6261,283.1923,6:10:27:696121,3898
357.4948,282.9882,6:10:27:701130,3888
356.3142,282.959,6:10:27:705132,3884
355.06,282.959,6:10:27:708131,3876
353.8303,282.959,6:10:27:712975,3873
352.5268,283.7752,6:10:27:716985,3873
351.2479,283.7752,6:10:27:721093,3869
350.0182,285.087,6:10:27:724103,3870
348.8132,285.9907,6:10:27:729105,3868
347.731,287.0109,6:10:27:732104,3868
346.7719,288.002,6:10:27:736103,3873
345.9849,289.1389,6:10:27:740103,3877
345.4192,290.3048,6:10:27:744923,3881
345.0749,291.4709,6:10:27:749172,3890
344.9273,292.666,6:10:27:752454,3903
344.9273,293.7737,6:10:27:756453,3925
344.9273,294.7648,6:10:27:760455,3946
345.8127,295.6685,6:10:27:764464,3968
346.5997,296.4846,6:10:27:768975,3985
347.6081,297.0677,6:10:27:771985,3996
348.8623,297.4466,6:10:27:776764,4002
350.3134,297.5923,6:10:27:780765,4001
352.0103,297.5923,6:10:27:784764,3991
353.7565,297.5923,6:10:27:788762,3984
355.601,297.5923,6:10:27:792851,3968
357.3226,296.3972,6:10:27:796879,3900
358.9458,295.7267,6:10:27:800861,3745
360.446,295.0272,6:10:27:804864,3466
361.7495,294.2401,6:10:27:809595,3030
362.8562,293.5405,6:10:27:812608,2331
363.6678,292.8117,6:10:27:816978,1493
364.258,292.083,6:10:27:820986,778
364.6269,291.3542,6:10:27:824986,0
364.8975,290.7421,6:10:27:828988,0
364.8975,290.1883,6:10:27:832988,0
364.8975,289.6635,6:10:27:835988,0
364.8975,289.2555,6:10:27:841098,0
363.9629,288.7891,6:10:27:844106,0
363.3235,288.4392,6:10:27:849107,0
362.5365,288.1769,6:10:27:852105,0
361.5281,287.9146,6:10:27:857119,0
360.4214,287.7397,6:10:27:860130,0
359.1917,287.6522,6:10:27:865130,0
357.8882,287.623,6:10:27:869130,0
356.4372,287.623,6:10:27:872549,0
354.8386,287.623,6:10:27:876549,0
353.2154,287.623,6:10:27:880548,0
351.666,287.623,6:10:27:884552,0
350.092,288.381,6:10:27:888908,0
348.5672,288.381,6:10:27:892196,0
347.0916,288.381,6:10:27:896831,0
345.6652,289.0805,6:10:27:900842,0
344.2879,289.0805,6:10:27:904926,0
342.9106,289.0805,6:10:27:908842,0
341.6072,289.0805,6:10:27:912896,0
340.2545,289.0805,6:10:27:916907,0
338.9265,289.0805,6:10:27:920785,0
337.5492,289.0805,6:10:27:924791,0
336.172,289.0805,6:10:27:928922,0
334.7701,289.0805,6:10:27:932836,0
333.2945,288.2935,6:10:27:936835,0
331.8189,288.2935,6:10:27:940274,0
330.2941,287.5648,6:10:27:944276,0
328.7447,287.5648,6:10:27:948276,0
327.1461,286.6611,6:10:27:952275,0
325.5229,286.1947,6:10:27:956279,0
323.8751,285.7283,6:10:27:960972,0
322.1043,285.2328,6:10:27:963980,0
320.4074,284.7372,6:10:27:968982,0
318.5874,284.3291,6:10:27:972498,0
316.7675,283.8918,6:10:27:976583,0
314.8984,283.4546,6:10:27:980584,0
313.0047,283.0465,6:10:27:984611,0
311.0372,282.6675,6:10:27:988584,0
309.0697,282.2595,6:10:27:992980,0
307.1021,281.8805,6:10:27:996495,0
305.2576,281.5307,6:10:28:000974,0
303.4623,281.1226,6:10:28:004022,0
301.7407,280.6562,6:10:28:008712,0
300.1913,280.219,6:10:28:012655,0
298.7157,279.7526,6:10:28:016656,0
297.4368,279.257,6:10:28:020659,0
296.2317,278.7323,6:10:28:024972,0
295.1004,278.2368,6:10:28:027980,0
293.9445,277.6829,6:10:28:032983,0
292.8378,277.0999,6:10:28:036991,0
291.731,276.5169,6:10:28:040924,0
290.5998,275.9048,6:10:28:044934,0
289.3701,275.2635,6:10:28:048935,0
288.0912,274.593,6:10:28:052934,0
286.7877,273.9225,6:10:28:056934,0
285.3121,273.2521,6:10:28:060935,0
283.8119,272.64,6:10:28:064982,0
282.287,271.9695,6:10:28:069011,0
280.7622,271.3865,6:10:28:072993,0
279.1637,270.8618,6:10:28:076999,0
277.6143,270.3662,6:10:28:080990,0
276.0648,269.9582,6:10:28:084026,0
274.6384,269.6375,6:10:28:088980,0
273.2366,269.346,6:10:28:092027,0
272.0069,269.0545,6:10:28:096930,0
270.851,268.7047,6:10:28:100264,0
269.7934,268.4132,6:10:28:104979,547
268.8343,268.0342,6:10:28:108318,548
267.8505,267.6844,6:10:28:112301,555
266.9897,267.3055,6:10:28:116298,568
266.1044,266.8974,6:10:28:120301,599
265.2928,266.4601,6:10:28:124298,661
264.432,266.0812,6:10:28:128978,756
263.6204,265.7606,6:10:28:131989,886
262.8334,265.4982,6:10:28:136928,1048
262.1694,265.2358,6:10:28:140944,1233
261.6529,265.0318,6:10:28:144936,1405
261.2594,264.9443,6:10:28:148959,1553
260.9889,264.7986,6:10:28:152968,1669
260.8413,264.7403,6:10:28:156979,1751
260.7675,264.7112,6:10:28:160152,1815
260.7675,264.7112,6:10:28:164130,1868
260.7675,264.7112,6:10:28:168127,1952
261.6037,264.7112,6:10:28:173128,2062
262.3907,264.7112,6:10:28:176876,2202
263.4482,264.7112,6:10:28:180832,2389
264.8255,265.3816,6:10:28:184831,2559
266.6454,265.3816,6:10:28:188836,2733
268.9572,265.9646,6:10:28:192917,2923
271.7118,265.9646,6:10:28:196933,3099
274.9581,266.7225,6:10:28:200926,3283
278.5734,266.7225,6:10:28:204935,3454
282.5822,267.4513,6:10:28:209543,3596
286.7877,267.4513,6:10:28:212544,3710
291.3867,268.1217,6:10:28:216615,3797
296.3547,268.4424,6:10:28:220544,3858
301.6915,268.7339,6:10:28:224987,3904
307.2989,268.9962,6:10:28:227997,3946
312.8817,269.2585,6:10:28:232995,3984
318.5874,269.55,6:10:28:236997,4016
324.367,269.8124,6:10:28:240985,4041
330.3679,270.1039,6:10:28:244995,4064
336.2704,270.4246,6:10:28:248993,4092
341.8531,270.7452,6:10:28:252993,4125
347.0178,271.0367,6:10:28:256995,4165
351.666,271.3282,6:10:28:260995,4212
355.9945,271.6488,6:10:28:264922,4255
359.8803,271.8529,6:10:28:268212,4299
363.2497,272.0278,6:10:28:272601,4343
366.0534,272.2318,6:10:28:276597,4380
368.2914,272.3484,6:10:28:280598,4407
370.0376,272.4359,6:10:28:284599,4421
371.4148,272.5233,6:10:28:289004,4422
372.4232,272.5525,6:10:28:293012,4416
373.161,272.6108,6:10:28:297013,4391
373.5791,272.64,6:10:28:301030,4352
373.7512,272.6982,6:10:28:305011,4260
373.7512,272.7857,6:10:28:309014,4069
373.7512,272.844,6:10:28:312972,3754
372.4969,272.9315,6:10:28:315980,3264
371.5378,273.048,6:10:28:320974,2504
370.3327,273.1064,6:10:28:323984,1596
368.9063,273.1646,6:10:28:329032,827
367.1847,273.1646,6:10:28:332036,0
365.2418,273.1646,6:10:28:337035,0
363.1513,273.1646,6:10:28:340033,0
361.0609,273.1646,6:10:28:344301,0
359.0934,272.2318,6:10:28:348301,0
357.3472,272.2318,6:10:28:352304,0
355.9207,271.4739,6:10:28:356301,0
354.7894,271.4739,6:10:28:360978,0
354.0762,270.9201,6:10:28:365001,0
353.8303,270.9201,6:10:28:368989,0
353.8303,270.9201,6:10:28:373001,0
353.8303,270.9201,6:10:28:376988,0
354.7157,270.9201,6:10:28:379998,0
355.3305,271.6488,6:10:28:384985,0
355.9453,271.6488,6:10:28:388998,0
356.511,272.3776,6:10:28:392995,0
356.9783,272.3776,6:10:28:397009,0
356.9783,273.1064,6:10:28:400671,0
357.5931,273.1064,6:10:28:404669,0
357.5931,273.7185,6:10:28:408672,0
357.962,273.7185,6:10:28:412669,0
357.962,274.2141,6:10:28:416994,0
357.962,274.2141,6:10:28:421004,0
357.962,274.7387,6:10:28:424978,0
357.962,275.0011,6:10:28:427989,0
357.3718,275.3509,6:10:28:432082,0
357.3718,275.5841,6:10:28:437094,0
356.5602,275.963,6:10:28:441094,0
356.0683,276.2545,6:10:28:444096,0
355.4535,276.6918,6:10:28:448979,0
354.7157,277.0707,6:10:28:451988,0
354.0024,277.4789,6:10:28:457040,0
353.2154,277.9161,6:10:28:460042,0
352.3792,278.2659,6:10:28:465039,0
351.5185,278.6448,6:10:28:468059,0
350.6577,278.9655,6:10:28:472874,0
349.8215,279.3445,6:10:28:476883,0
349.0345,279.636,6:10:28:480973,0
348.2967,279.9275,6:10:28:483984,0
347.6081,280.1024,6:10:28:488972,0
346.8948,280.3064,6:10:28:491995,0
346.28,280.5104,6:10:28:496714,0
345.6406,280.6562,6:10:28:500730,0
344.9765,280.8603,6:10:28:504719,0
344.3125,280.9768,6:10:28:508754,0
343.6731,281.0643,6:10:28:512720,0
343.0336,281.1809,6:10:28:516722,0
342.345,281.2975,6:10:28:520975,0
341.6318,281.4141,6:10:28:523985,0
340.894,281.589,6:10:28:528981,0
340.1316,281.7347,6:10:28:532991,0
339.32,281.8805,6:10:28:536991,0
338.5084,282.0262,6:10:28:539992,0
337.6476,282.2303,6:10:28:544998,0
336.713,282.376,6:10:28:547991,0
335.8523,282.5218,6:10:28:552976,0
334.9915,282.6967,6:10:28:555987,0
334.1307,282.8133,6:10:28:560301,0
333.3191,282.9299,6:10:28:564294,0
332.6797,282.9882,6:10:28:568298,0
332.0894,283.1048,6:10:28:572294,0
331.45,283.1923,6:10:28:576978,0
330.8843,283.2505,6:10:28:580988,0
330.1957,283.3672,6:10:28:584013,0
329.6792,283.3963,6:10:28:589022,0
329.1136,283.4837,6:10:28:593024,0
328.4249,283.6295,6:10:28:596021,0
327.5887,283.7752,6:10:28:601021,0
326.7772,283.8918,6:10:28:604255,0
325.9656,283.921,6:10:28:609035,0
325.154,284.0667,6:10:28:613041,0
324.3916,284.1833,6:10:28:617046,0
323.6046,284.2708,6:10:28:620052,0
322.793,284.3,6:10:28:624978,0
322.0305,284.3291,6:10:28:628494,0
321.2928,284.4165,6:10:28:632503,0
320.4812,284.4165,6:10:28:636509,0
319.7925,284.4165,6:10:28:640977,0
318.9809,284.4165,6:10:28:644999,0
318.2431,284.4165,6:10:28:648150,0
317.4807,284.4165,6:10:28:652150,0
316.6445,284.4165,6:10:28:656167,0
315.8575,284.4165,6:10:28:661150,0
315.0951,284.4165,6:10:28:664972,0
314.3081,284.4165,6:10:28:667982,0
313.4719,284.4165,6:10:28:672975,0
312.7095,284.4165,6:10:28:675985,0
311.8979,284.4165,6:10:28:680983,0
311.1847,284.4165,6:10:28:683985,0
310.4223,284.4165,6:10:28:688985,0
309.6845,284.4165,6:10:28:691985,0
308.9713,284.4165,6:10:28:696969,0
308.504,284.4165,6:10:28:699978,0
307.963,284.4165,6:10:28:704981,0
307.3973,284.4165,6:10:28:707978,0
306.93,284.4165,6:10:28:712977,0
306.3152,284.4165,6:10:28:715978,0
305.8479,284.4165,6:10:28:720974,0
305.3068,284.4165,6:10:28:723988,0
304.8641,284.4165,6:10:28:728987,0
304.2247,284.4165,6:10:28:731984,0
303.5852,284.4165,6:10:28:736984,0
302.872,284.4165,6:10:28:739984,0
302.1834,284.4165,6:10:28:744987,0
301.3964,284.4165,6:10:28:748988,0
300.7816,284.4165,6:10:28:752989,0
300.0438,284.4165,6:10:28:757000,0
299.3551,284.4165,6:10:28:760975,0
298.5927,285.087,6:10:28:763986,0
297.8549,285.087,6:10:28:768545,0
297.3138,285.087,6:10:28:772545,0
296.699,285.087,6:10:28:776548,0
296.2317,285.5243,6:10:28:780545,0
295.4447,285.5243,6:10:28:785647,0
295.0266,285.8157,6:10:28:788645,0
294.5102,285.8157,6:10:28:792650,0
294.1167,285.8157,6:10:28:796650,0
293.8215,286.1072,6:10:28:800751,0
293.4034,286.1072,6:10:28:804649,0
293.1083,286.1072,6:10:28:808973,0
292.7886,286.1072,6:10:28:811981,0
292.4443,286.1072,6:10:28:816731,0
291.977,286.1072,6:10:28:820744,0
291.6573,286.1072,6:10:28:824843,0
291.1654,286.1072,6:10:28:828852,0
290.6981,286.1072,6:10:28:833852,0
290.3292,286.1072,6:10:28:836853,0
289.8865,286.1072,6:10:28:840853,0
289.3455,286.1072,6:10:28:844885,0
289.0012,286.1072,6:10:28:848866,0
288.706,286.1072,6:10:28:852864,0
288.2633,286.1072,6:10:28:856863,0
287.8206,286.1072,6:10:28:860862,0
287.4518,286.6611,6:10:28:865175,0
287.0337,286.6611,6:10:28:869186,0
286.591,286.6611,6:10:28:874185,0
286.2958,286.6611,6:10:28:876188,0
285.9761,286.6611,6:10:28:881465,0
285.6318,286.6611,6:10:28:884495,0
285.3859,286.6611,6:10:28:888698,0
285.1645,286.6611,6:10:28:892694,0
284.9186,286.6611,6:10:28:896695,0
284.5989,286.6611,6:10:28:900698,0
284.4267,286.6611,6:10:28:904923,0
284.23,286.6611,6:10:28:908932,0
284.0332,286.6611,6:10:28:912135,0
283.8119,286.6611,6:10:28:916101,0
283.5414,286.1072,6:10:28:920100,0
283.32,286.1072,6:10:28:924126,0
283.0987,286.1072,6:10:28:929110,0
282.9265,286.1072,6:10:28:932113,0
282.7297,286.1072,6:10:28:936113,0
282.533,286.1072,6:10:28:940115,0
282.3854,286.1072,6:10:28:944112,0
282.2625,286.1072,6:10:28:948331,0
282.2379,286.1072,6:10:28:952972,0
282.1887,286.1072,6:10:28:955982,0
282.1149,286.1072,6:10:28:960536,0
282.1149,286.1072,6:10:28:964544,0
282.0165,286.1072,6:10:28:968548,0
282.0165,286.1072,6:10:28:972545,0
281.9182,286.1072,6:10:28:976919,0
281.7952,286.1072,6:10:28:980929,0
281.6968,286.1072,6:10:28:984969,0
281.5739,286.1072,6:10:28:988980,0
281.5493,286.1072,6:10:28:992979,0
281.4263,286.1072,6:10:28:995982,0
281.3771,286.1072,6:10:29:000979,0
281.2541,286.1072,6:10:29:003982,0
281.2049,286.1072,6:10:29:008971,0
281.1558,286.1072,6:10:29:011982,0
281.082,286.1072,6:10:29:016970,0
280.9836,286.1072,6:10:29:019981,0
280.7622,286.1072,6:10:29:024980,0
280.5163,286.1072,6:10:29:027981,0
280.3441,286.1072,6:10:29:031980,0
280.049,286.1072,6:10:29:035980,0
279.7539,286.1072,6:10:29:040163,0
279.4588,286.1072,6:10:29:044173,0
279.1637,286.1072,6:10:29:048175,0
278.9423,285.3785,6:10:29:053190,0
278.8439,285.3785,6:10:29:056968,0
278.7701,285.3785,6:10:29:060978,0
278.3766,285.3785,6:10:29:064474,0
278.2537,285.3785,6:10:29:068329,0
278.1307,284.8246,6:10:29:072385,0
278.0323,284.8246,6:10:29:076345,0
278.0323,284.8246,6:10:29:081346,0
277.9094,284.8246,6:10:29:084345,0
277.7864,284.4749,6:10:29:088976,0
277.5405,284.4749,6:10:29:092997,0
277.147,284.4749,6:10:29:096975,0
276.6305,284.0376,6:10:29:099983,0
276.4829,283.8627,6:10:29:104986,0
276.3354,283.7169,6:10:29:108985,0
275.7943,283.7169,6:10:29:112985,0
274.9089,283.5129,6:10:29:115983,0
274.7614,283.4546,6:10:29:121217,0
274.0728,283.3088,6:10:29:125225,0
274.0728,283.2505,6:10:29:129225,0
274.0728,283.2214,6:10:29:132224,0
274.0728,283.1923,6:10:29:136275,0
273.4579,283.1339,6:10:29:140225,0
273.4579,283.0757,6:10:29:144973,0
273.4579,282.959,6:10:29:147983,0
273.4579,282.9008,6:10:29:152925,0
273.4579,282.8133,6:10:29:156934,0
273.4579,282.6384,6:10:29:160932,0
273.4579,282.5218,6:10:29:164934,0
273.4579,282.3469,6:10:29:168933,0
273.4579,282.172,6:10:29:172934,0
272.425,282.1137,6:10:29:177213,0
272.425,282.0262,6:10:29:183739,0
272.425,281.968,6:10:29:184729,0
271.2691,281.8805,6:10:29:188731,0
271.2691,281.8805,6:10:29:192740,0
270.1624,281.8805,6:10:29:196729,0
270.1624,281.8805,6:10:29:201097,0
269.1294,281.8805,6:10:29:204613,0
269.1294,281.8805,6:10:29:208659,0
268.2686,281.8805,6:10:29:212613,0
267.703,281.8805,6:10:29:216612,0
267.703,281.8805,6:10:29:220613,0
266.9897,281.8805,6:10:29:224917,0
266.3257,281.8805,6:10:29:228109,0
266.3257,281.8805,6:10:29:233013,0
265.8338,281.8805,6:10:29:236013,0
265.4649,281.3267,6:10:29:240784,0
265.1452,281.3267,6:10:29:244787,0
265.1452,281.3267,6:10:29:248801,0
265.1452,281.3267,6:10:29:252784,0
265.1452,281.3267,6:10:29:256896,0
265.1452,281.3267,6:10:29:260904,0
264.2107,281.3267,6:10:29:265046,0
264.2107,281.3267,6:10:29:269057,0
264.2107,281.3267,6:10:29:272575,0
264.2107,281.3267,6:10:29:276511,0
263.3253,281.3267,6:10:29:358049,0
263.3253,281.3267,6:10:29:359051,0
263.3253,281.3267,6:10:29:365049,0
263.3253,281.3267,6:10:29:371052,0
263.3253,281.3267,6:10:29:445321,0
262.6859,280.7437,6:10:29:446321,0
262.6859,280.7437,6:10:29:479322,0
262.0464,280.3647,6:10:29:538021,0
260.6446,279.1987,6:10:29:539023,0
260.6446,279.1404,6:10:29:539023,0
260.6446,279.1112,6:10:29:541053,0
260.6446,279.1112,6:10:29:543021,0
260.6446,279.1112,6:10:29:544021,0
260.6446,279.1112,6:10:29:545022,0
260.6446,279.1112,6:10:29:545022,0
260.6446,279.1112,6:10:29:554055,0
260.6446,279.1112,6:10:29:555022,0
260.6446,279.1112,6:10:29:555022,0
260.6446,278.5574,6:10:29:556022,0
260.6446,278.5574,6:10:29:559046,0
260.6446,278.5574,6:10:29:560021,0
260.6446,278.5574,6:10:29:564027,0
260.6446,278.5574,6:10:29:565022,0
260.6446,278.5574,6:10:29:566043,0
260.6446,278.1201,6:10:29:567034,0
260.6446,278.1201,6:10:29:568023,0
260.6446,278.1201,6:10:29:569019,0
260.6446,277.8286,6:10:29:570023,0
260.6446,277.8286,6:10:29:570023,0
260.6446,277.8286,6:10:29:571020,0
260.6446,277.508,6:10:29:571020,0
260.6446,277.3622,6:10:29:572019,0
260.0297,277.2748,6:10:29:573021,0
260.0297,277.0999,6:10:29:574025,0
260.0297,277.0416,6:10:29:575028,0
260.0297,276.8958,6:10:29:577021,0
260.0297,276.7501,6:10:29:577021,0
260.0297,276.5461,6:10:29:578022,0
259.5132,276.4878,6:10:29:579021,0
259.5132,276.3128,6:10:29:580021,0
259.5132,276.1379,6:10:29:581020,0
259.5132,275.9339,6:10:29:582025,0
259.5132,275.7007,6:10:29:583024,0
259.5132,275.4092,6:10:29:585030,0
259.5132,275.1469,6:10:29:586022,0
259.5132,274.8553,6:10:29:587023,0
259.5132,274.5347,6:10:29:588022,0
259.5132,274.1558,6:10:29:589020,0
259.5132,273.7768,6:10:29:596022,0
259.5132,273.3395,6:10:29:597021,0
258.7509,272.9606,6:10:29:597021,0
258.7509,272.5233,6:10:29:598020,0
257.6687,272.0278,6:10:29:598020,0
