258.6033,193.2937,3:30:46:334654,0
259.2673,193.2937,3:30:46:338715,0
259.9805,192.3609,3:30:46:343198,0
260.8659,192.3609,3:30:46:346728,0
261.8742,190.9908,3:30:46:350728,0
262.7596,190.1163,3:30:46:354728,0
263.8663,189.0669,3:30:46:358732,0
264.8501,187.9301,3:30:46:362832,0
266.1044,186.5891,3:30:46:366729,0
266.6946,185.4231,3:30:46:370727,0
267.3095,184.3446,3:30:46:374727,0
267.6292,183.3535,3:30:46:378914,0
267.9735,182.3333,3:30:46:382741,0
268.4654,181.313,3:30:46:387017,0
268.7851,180.2345,3:30:46:391042,0
269.3016,179.2433,3:30:46:395045,0
269.6213,178.2231,3:30:46:398042,0
269.9902,177.3777,3:30:46:403237,0
270.2853,176.5324,3:30:46:406245,0
270.728,175.5996,3:30:46:410263,0
271.0969,174.7251,3:30:46:414249,0
271.515,173.9089,3:30:46:418259,0
271.7855,173.151,3:30:46:422950,0
272.0807,172.3056,3:30:46:426960,0
272.3266,171.4603,3:30:46:430960,0
272.4742,170.5567,3:30:46:434893,0
272.6955,169.6821,3:30:46:438901,0
272.9414,168.6911,3:30:46:442902,0
273.212,167.6708,3:30:46:446904,0
273.3841,166.6505,3:30:46:450904,0
273.6793,165.6303,3:30:46:454950,0
273.9498,164.6684,3:30:46:458960,0
274.2695,163.7939,3:30:46:461965,0
274.6384,162.9193,3:30:46:466947,0
275.0319,162.0448,3:30:46:470958,0
275.4746,161.2287,3:30:46:474957,0
275.9419,160.4124,3:30:46:478956,0
276.5321,159.5671,3:30:46:482957,0
277.1716,158.7218,3:30:46:486950,0
277.8602,157.8472,3:30:46:491237,0
278.598,156.8853,3:30:46:494758,0
279.4096,155.8359,3:30:46:498828,0
280.1966,154.7574,3:30:46:502754,0
281.0082,153.6205,3:30:46:506755,0
281.8198,152.4545,3:30:46:510759,0
282.6314,151.2885,3:30:46:514754,0
283.4184,150.1225,3:30:46:518596,0
284.1562,148.869,3:30:46:522606,0
284.9432,147.6156,3:30:46:526607,0
285.6318,146.3913,3:30:46:530811,0
286.345,145.1378,3:30:46:535003,0
287.0583,143.8261,3:30:46:538036,0
287.7961,142.5143,3:30:46:542185,0
288.5339,141.1443,3:30:46:546185,0
289.2963,139.7742,3:30:46:550185,0
290.0341,138.4333,3:30:46:554187,0
290.7965,137.0633,3:30:46:558183,0
291.5589,135.7224,3:30:46:562815,0
292.3705,134.4398,3:30:46:566825,0
293.2313,133.2155,3:30:46:570943,0
294.0675,132.0786,3:30:46:574952,0
294.8791,130.9126,3:30:46:578965,0
295.6906,129.8341,3:30:46:582967,0
296.4777,128.843,3:30:46:586951,0
297.1909,127.8811,3:30:46:590949,0
297.8549,126.9191,3:30:46:594286,0
298.396,126.0446,3:30:46:598288,0
298.8387,125.141,3:30:46:602319,0
299.183,124.2664,3:30:46:606287,0
299.4781,123.392,3:30:46:610287,0
299.724,122.5758,3:30:46:614291,0
299.9454,121.7012,3:30:46:619066,0
300.0929,120.885,3:30:46:623124,0
300.2897,120.0106,3:30:46:626135,0
300.4127,119.1944,3:30:46:630134,0
300.5602,118.3198,3:30:46:634137,0
300.7078,117.5036,3:30:46:638135,0
300.9045,116.6583,3:30:46:643244,0
301.0275,115.813,3:30:46:646253,0
301.1505,114.9676,3:30:46:651254,0
301.3226,114.1222,3:30:46:654255,0
301.4948,113.2477,3:30:46:658253,0
301.6915,112.4315,3:30:46:662254,0
301.9129,111.6737,3:30:46:666472,0
302.1342,110.8866,3:30:46:670942,0
302.3556,110.1579,3:30:46:673952,0
302.5523,109.4583,3:30:46:678952,0
302.7737,108.8169,3:30:46:681953,0
302.9704,108.2339,3:30:46:686949,0
303.118,107.7093,3:30:46:690949,0
303.3147,107.2137,3:30:46:694942,0
303.4623,106.8056,3:30:46:697953,0
303.6344,106.3683,3:30:46:703014,0
303.782,105.9311,3:30:46:706019,0
303.9788,105.5521,3:30:46:711014,0
304.1509,105.2315,3:30:46:714044,0
304.3231,104.8234,3:30:46:718899,0
304.4952,104.4153,3:30:46:722913,0
304.6428,103.9781,3:30:46:726949,0
304.8641,103.5117,3:30:46:730957,0
305.1346,103.1618,3:30:46:735008,0
305.3806,102.7829,3:30:46:739006,0
305.6265,102.4622,3:30:46:743005,0
305.9463,102.1124,3:30:46:746007,0
306.2414,101.9084,3:30:46:750012,0
306.5857,101.5586,3:30:46:755008,0
306.8808,101.3254,3:30:46:758008,0
307.1021,101.1505,3:30:46:763013,0
307.2743,100.9756,3:30:46:766336,0
307.3973,100.7716,3:30:46:770387,0
307.4957,100.5966,3:30:46:774350,614
307.5203,100.4218,3:30:46:778336,629
307.5203,100.2177,3:30:46:782334,670
307.5203,100.1302,3:30:46:786948,730
307.5203,100.0428,3:30:46:789958,799
307.5203,99.9262,3:30:46:794181,850
307.5203,99.89705,3:30:46:798067,878
307.5203,99.89705,3:30:46:802065,894
307.5203,99.89705,3:30:46:806067,922
307.5203,99.89705,3:30:46:810898,983
307.5203,99.89705,3:30:46:814333,1073
307.5203,100.8298,3:30:46:818333,1192
308.2581,100.8298,3:30:46:822334,1335
308.2581,101.9375,3:30:46:826336,1478
308.7499,102.6954,3:30:46:830332,1631
308.7499,103.7157,3:30:46:834953,1797
309.1926,104.9983,3:30:46:838963,1959
309.1926,106.6307,3:30:46:842332,2111
309.1926,108.5837,3:30:46:846331,2253
309.1926,110.8866,3:30:46:850628,2375
309.1926,113.5101,3:30:46:854627,2485
309.1926,116.396,3:30:46:858631,2598
308.627,119.4858,3:30:46:862629,2698
308.627,122.6924,3:30:46:866898,2785
307.6432,125.928,3:30:46:870444,2855
307.1021,129.1928,3:30:46:874911,2918
306.5611,132.3993,3:30:46:878430,2996
306.02,135.7807,3:30:46:882551,3068
305.6019,139.2495,3:30:46:886430,3146
305.2576,142.8642,3:30:46:890427,3207
304.9379,146.5662,3:30:46:894451,3243
304.9379,150.3266,3:30:46:898456,3270
304.9379,154.0578,3:30:46:902468,3284
304.9379,157.7307,3:30:46:907124,3304
304.9379,161.2287,3:30:46:910136,3323
304.9379,164.4352,3:30:46:914138,3349
304.9379,167.3501,3:30:46:918137,3371
304.9379,169.9445,3:30:46:923136,3392
305.5528,172.3348,3:30:46:926134,3407
305.5528,174.4628,3:30:46:930465,3422
306.0938,176.4449,3:30:46:934144,3440
306.0938,178.3397,3:30:46:938708,3453
306.7086,180.0887,3:30:46:942746,3466
306.7086,181.7211,3:30:46:946947,3471
307.2251,183.2369,3:30:46:950958,3468
307.2251,184.5195,3:30:46:954896,3468
307.594,185.5981,3:30:46:958885,3466
307.594,186.56,3:30:46:962894,3469
307.8646,187.2596,3:30:46:966880,3479
307.8646,187.7551,3:30:46:970887,3504
307.8646,188.1049,3:30:46:974838,3573
307.8646,188.309,3:30:46:978936,3672
308.0367,188.309,3:30:46:982947,3770
308.0367,188.309,3:30:46:985946,3859
308.0367,188.309,3:30:46:990947,3916
308.0367,187.2596,3:30:46:994946,3940
308.0367,186.5891,3:30:46:998947,3969
307.4711,185.7438,3:30:47:002108,3991
307.4711,184.7527,3:30:47:006121,4004
306.7578,183.6741,3:30:47:010383,4012
306.2168,182.479,3:30:47:014394,4010
305.5528,181.2547,3:30:47:018499,4007
304.7903,180.0596,3:30:47:023415,3998
303.8804,178.8936,3:30:47:026929,3990
302.9704,177.815,3:30:47:030938,3988
301.9375,176.8239,3:30:47:034886,3980
300.8553,175.862,3:30:47:038419,3971
299.6502,174.9874,3:30:47:042891,3963
298.3714,174.2004,3:30:47:046909,3953
296.9695,173.53,3:30:47:050649,3946
295.4939,172.9469,3:30:47:054649,3943
293.8707,172.4805,3:30:47:058725,3940
292.0754,172.1599,3:30:47:062649,3935
290.0341,171.8976,3:30:47:066948,3933
287.8206,171.7809,3:30:47:069961,3927
285.5089,171.7809,3:30:47:074958,3922
283.0495,171.7809,3:30:47:078958,3919
280.4671,171.7809,3:30:47:082225,3915
277.8848,172.4805,3:30:47:086229,3917
275.3762,172.4805,3:30:47:090225,3916
272.9168,173.6174,3:30:47:094228,3914
270.6296,174.317,3:30:47:098638,3914
268.4162,175.2206,3:30:47:102646,3914
266.3257,176.2409,3:30:47:106650,3926
264.3582,177.4944,3:30:47:110647,3942
262.5137,179.0101,3:30:47:114647,3954
260.6446,180.8174,3:30:47:118647,3970
258.7755,182.858,3:30:47:122940,3977
256.9309,185.1608,3:30:47:126980,3988
255.0618,187.6385,3:30:47:131117,4001
253.2418,190.2912,3:30:47:134158,4019
251.4957,193.1479,3:30:47:138127,4036
249.8725,196.0046,3:30:47:142127,4045
248.3723,198.803,3:30:47:146177,4064
247.0196,201.5431,3:30:47:150182,4072
245.8391,204.2832,3:30:47:154173,4081
244.8308,207.0233,3:30:47:158195,4105
243.9946,209.8217,3:30:47:162576,4122
243.3306,212.7367,3:30:47:166098,4146
242.8633,215.7975,3:30:47:170097,4166
242.519,218.9456,3:30:47:174098,4182
242.3468,222.2979,3:30:47:178154,4193
242.2976,225.7376,3:30:47:182098,4201
242.2976,229.1481,3:30:47:187164,4213
242.2976,232.4713,3:30:47:190174,4222
243.0846,235.7652,3:30:47:194174,4235
243.0846,238.7968,3:30:47:198199,4254
244.3389,241.7118,3:30:47:202174,4277
245.2489,244.5685,3:30:47:206174,4303
246.3802,247.1628,3:30:47:210377,4326
247.6837,249.7572,3:30:47:214390,4345
249.1839,252.3807,3:30:47:218330,4356
250.8562,254.9751,3:30:47:222331,4361
252.6516,257.5403,3:30:47:226403,4367
254.6191,260.0471,3:30:47:230345,4371
256.685,262.4083,3:30:47:234891,4376
258.8246,264.5363,3:30:47:238901,4379
260.9889,266.5768,3:30:47:242899,4385
263.2023,268.2383,3:30:47:246901,4392
265.5141,269.6083,3:30:47:250915,4401
267.8997,270.6286,3:30:47:254901,4414
270.3345,271.3282,3:30:47:258913,4420
272.7693,271.7363,3:30:47:262902,4424
275.2287,271.882,3:30:47:266916,4432
277.6143,271.882,3:30:47:270906,4426
279.9998,271.882,3:30:47:274885,4428
282.287,270.7744,3:30:47:278913,4429
284.4267,269.8998,3:30:47:282914,4428
286.2958,268.8213,3:30:47:286912,4436
288.042,267.5387,3:30:47:290913,4437
289.5914,265.9937,3:30:47:294913,4437
290.9933,264.303,3:30:47:298933,4439
292.2967,262.5249,3:30:47:302944,4432
293.4526,260.7176,3:30:47:306956,4437
294.461,258.9395,3:30:47:310943,4446
295.4447,257.2779,3:30:47:314010,4448
296.3793,255.6747,3:30:47:318945,4452
297.1909,254.2463,3:30:47:322936,4454
297.9041,252.9637,3:30:47:326972,4457
298.5681,251.9435,3:30:47:330890,4465
299.2567,251.0398,3:30:47:334901,4481
299.8716,250.3111,3:30:47:338904,4488
300.511,249.728,3:30:47:343903,4492
301.0521,249.2325,3:30:47:347144,4492
301.5932,248.9118,3:30:47:351153,4489
302.1588,248.7078,3:30:47:356152,4490
302.8228,248.6786,3:30:47:361172,4492
303.4377,248.6786,3:30:47:363173,4492
304.0279,248.6786,3:30:47:366155,4496
304.6182,248.6786,3:30:47:370693,4508
305.2084,249.6698,3:30:47:374724,4519
305.8479,250.3111,3:30:47:378093,4550
306.4135,251.0981,3:30:47:382094,4600
306.9546,252.1183,3:30:47:386094,4655
307.4957,253.4301,3:30:47:390096,4724
307.9875,254.9459,3:30:47:394948,4795
308.4056,256.7532,3:30:47:399958,4861
308.7991,258.7937,3:30:47:402726,4919
309.1434,261.0091,3:30:47:406736,4982
309.414,263.4286,3:30:47:410735,5035
309.6845,266.0521,3:30:47:414736,5074
309.9305,268.7339,3:30:47:418736,5111
310.1518,271.4739,3:30:47:422736,5120
310.4223,274.2141,3:30:47:426928,5129
310.6928,277.0416,3:30:47:430446,5127
310.988,279.8983,3:30:47:435019,5137
311.3077,282.7841,3:30:47:438029,5150
311.6766,285.8449,3:30:47:443029,5153
312.0209,289.1097,3:30:47:447027,5164
312.3898,292.5203,3:30:47:451028,5153
312.7095,295.9891,3:30:47:454029,5081
312.9555,299.5746,3:30:47:459277,4944
313.1276,303.1309,3:30:47:462287,4722
313.1768,306.658,3:30:47:466287,4404
313.1768,310.0977,3:30:47:470288,3998
313.1768,313.2751,3:30:47:474315,3484
313.1768,316.1609,3:30:47:478288,2859
312.4636,318.8427,3:30:47:482861,1994
312.4636,321.1455,3:30:47:486869,1179
311.9225,323.1277,3:30:47:490692,541
311.9225,324.7602,3:30:47:494611,0
311.9225,326.0428,3:30:47:498611,0
311.9225,326.8589,3:30:47:502614,0
311.9225,327.2379,3:30:47:506883,0
311.9225,327.2379,3:30:47:510223,0
311.9225,326.0428,3:30:47:514978,0
312.6603,324.6144,3:30:47:518978,0
312.6603,322.5447,3:30:47:522976,0
313.6195,319.9504,3:30:47:526976,0
314.1114,316.773,3:30:47:530943,0
314.6524,313.1584,3:30:47:533957,0
315.1443,309.0483,3:30:47:538890,0
315.6608,304.8507,3:30:47:542899,0
316.1772,300.2159,3:30:47:547058,0
316.6691,295.4352,3:30:47:550069,0
317.1856,290.5089,3:30:47:555072,0
317.5791,285.6408,3:30:47:558069,0
317.9726,280.5979,3:30:47:562174,0
317.9726,275.5841,3:30:47:566069,0
317.9726,275.5841,3:30:47:584831,0
274.1465,161.7825,3:30:47:662891,0
273.212,161.7825,3:30:47:666685,0
272.1053,160.7331,3:30:47:671223,0
270.9247,159.7128,3:30:47:674233,0
269.5475,158.4303,3:30:47:678271,0
268.1703,156.827,3:30:47:682255,0
266.6946,154.8739,3:30:47:686309,0
265.1698,152.6003,3:30:47:690236,0
263.645,150.035,3:30:47:694945,0
262.981,147.3824,3:30:47:698971,0
262.5383,144.7589,3:30:47:703009,0
262.1694,142.0188,3:30:47:707009,0
262.1694,139.3661,3:30:47:710012,0
262.1694,136.6844,3:30:47:714009,0
262.1694,134.1483,3:30:47:718945,0
262.1694,131.5831,3:30:47:722955,0
262.1694,129.1345,3:30:47:726584,0
262.9318,126.7733,3:30:47:730594,0
262.9318,124.558,3:30:47:734641,0
263.8663,122.3717,3:30:47:738594,0
264.3582,120.1854,3:30:47:742594,0
264.9485,118.1158,3:30:47:746949,0
265.5879,116.0462,3:30:47:750959,0
266.2765,113.9765,3:30:47:754896,0
266.8668,111.936,3:30:47:758221,0
267.457,109.8955,3:30:47:762555,0
267.9735,107.7093,3:30:47:766554,0
268.5146,105.523,3:30:47:770593,0
269.0064,103.2785,3:30:47:774554,0
269.4737,101.0048,3:30:47:778899,0
269.9164,98.67275,3:30:47:782911,0
270.2853,96.3699,3:30:47:786896,0
270.7034,94.00875,3:30:47:790237,0
271.0477,91.7642,3:30:47:794984,0
271.5888,89.63625,3:30:47:798980,0
271.8839,87.5666,3:30:47:802979,0
272.302,85.55525,3:30:47:806982,0
272.6463,83.63135,3:30:47:810896,0
272.9906,81.70745,3:30:47:814712,0
273.2857,79.871,3:30:47:819036,0
273.6055,78.0637,3:30:47:822049,0
273.8514,76.1981,3:30:47:826046,0
274.0236,74.3908,3:30:47:830046,0
274.2203,72.5835,3:30:47:835046,0
274.4171,70.80535,3:30:47:840044,0
274.6384,68.93975,3:30:47:843049,0
274.8843,67.13245,3:30:47:846046,0
275.2533,65.38345,3:30:47:850948,0
275.7205,63.6053,3:30:47:853958,0
276.2616,61.9146,3:30:47:858257,0
276.8764,60.25305,3:30:47:863278,0
277.6143,58.62065,3:30:47:866286,0
278.3521,57.10485,3:30:47:870263,0
279.1637,55.70565,3:30:47:875020,0
279.9998,54.42305,3:30:47:879030,0
280.8606,53.25705,3:30:47:882497,0
281.6968,52.2368,3:30:47:887520,0
282.5822,51.3623,3:30:47:892499,0
283.4184,50.57525,3:30:47:895499,0
284.2054,49.81735,3:30:47:898498,0
284.894,49.00115,3:30:47:902560,0
285.5089,48.2141,3:30:47:906562,1531
286.0007,47.5145,3:30:47:910559,1573
286.3942,46.8149,3:30:47:914570,1626
286.6402,46.20275,3:30:47:918853,1685
286.7631,45.73635,3:30:47:922833,1744
286.7631,45.2408,3:30:47:926831,1751
286.7631,45.03675,3:30:47:930831,1751
286.7631,45.03675,3:30:47:935173,1753
286.0007,45.03675,3:30:47:938183,1785
285.3859,45.85295,3:30:47:944183,1866
284.5743,46.5234,3:30:47:946182,1966
283.5168,47.36875,3:30:47:951185,2083
282.2379,48.35985,3:30:47:954198,2193
280.6885,49.4967,3:30:47:958258,2289
278.9177,50.8376,3:30:47:962183,2383
277.024,52.1785,3:30:47:966945,2466
274.9827,53.5777,3:30:47:969957,2541
272.8922,54.9769,3:30:47:974548,2601
270.7034,56.34695,3:30:47:978572,2652
268.4654,57.717,3:30:47:982557,2692
266.1044,59.02875,3:30:47:986561,2716
263.645,60.2822,3:30:47:990947,2730
261.0872,61.47735,3:30:47:994958,2742
258.3573,62.58505,3:30:47:998672,2748
255.4307,63.6636,3:30:48:002680,2760
252.4057,64.6547,3:30:48:006682,2772
249.2823,65.61665,3:30:48:010681,2778
246.1834,66.462,3:30:48:014681,2785
243.2076,67.1616,3:30:48:018681,2793
240.3055,67.77375,3:30:48:023479,2802
237.6002,68.24015,3:30:48:026487,2811
235.0425,68.53165,3:30:48:030540,2823
232.7307,68.7357,3:30:48:034550,2825
230.5664,68.7357,3:30:48:038549,2825
228.5989,68.7357,3:30:48:042550,2827
226.779,68.7357,3:30:48:046551,2824
225.1312,67.8029,3:30:48:050548,2826
223.7048,67.8029,3:30:48:054881,2831
222.4505,66.49115,3:30:48:058661,2831
221.5159,65.6458,3:30:48:062933,2829
220.8273,64.6547,3:30:48:066946,2821
220.36,63.51785,3:30:48:070780,2811
220.1633,62.3227,3:30:48:074778,2800
220.1633,60.9818,3:30:48:078777,2785
220.1633,59.5826,3:30:48:082781,2769
221.0978,58.09595,3:30:48:086780,2752
221.8602,56.6676,3:30:48:090780,2734
222.7948,55.2101,3:30:48:094937,2721
223.9753,53.8109,3:30:48:098947,2711
225.3771,52.44085,3:30:48:102946,2702
226.9511,51.09995,3:30:48:106964,2696
228.6973,49.87565,3:30:48:111091,2692
230.4926,48.8554,3:30:48:115106,2688
232.4601,47.9226,3:30:48:118709,2685
234.526,47.1647,3:30:48:123087,2685
236.7886,46.5817,3:30:48:126882,2697
239.1742,46.20275,3:30:48:130895,2721
241.7566,46.057,3:30:48:134935,2762
244.4865,46.057,3:30:48:138947,2827
247.3639,46.057,3:30:48:142383,2916
250.389,47.3396,3:30:48:146401,3031
253.3894,48.3307,3:30:48:150386,3155
256.3898,49.6133,3:30:48:154383,3280
259.2673,51.1874,3:30:48:158835,3399
261.9972,53.053,3:30:48:162848,3498
264.555,55.23925,3:30:48:166880,3583
266.9651,57.80445,3:30:48:170848,3661
269.2278,60.83605,3:30:48:174844,3714
271.4904,64.3049,3:30:48:178843,3759
273.8022,68.18185,3:30:48:182937,3798
276.1386,72.292,3:30:48:185950,3823
278.598,76.5479,3:30:48:190947,3839
281.1066,80.83295,3:30:48:193947,3818
283.6889,85.0014,3:30:48:199137,3747
286.345,89.05325,3:30:48:203164,3578
289.0012,92.78445,3:30:48:206147,3289
291.5589,96.195,3:30:48:210147,2899
294.0921,99.37235,3:30:48:214216,2346
296.576,102.3456,3:30:48:218146,1624
299.0354,105.1149,3:30:48:223173,951
301.3964,107.8259,3:30:48:226180,408
303.7082,110.3327,3:30:48:231114,0
305.8725,112.6065,3:30:48:234125,0
307.7908,114.5886,3:30:48:238126,0
309.4878,116.221,3:30:48:242125,0
310.988,117.4454,3:30:48:246124,0
312.2422,118.3198,3:30:48:250125,0
313.2998,118.9612,3:30:48:254938,0
314.3081,119.2526,3:30:48:258396,0
315.2673,119.3984,3:30:48:262908,0
316.497,119.515,3:30:48:266908,0
317.8742,119.6316,3:30:48:270905,0
319.7188,119.8065,3:30:48:274909,0
321.9322,120.1563,3:30:48:278947,0
324.6129,120.6227,3:30:48:281968,0
327.6133,121.1766,3:30:48:286938,0
330.9827,121.9636,3:30:48:289945,0
334.5488,122.8964,3:30:48:294948,0
338.287,123.9458,3:30:48:297946,0
342.3942,125.1701,3:30:48:302947,0
346.4767,126.6276,3:30:48:305973,0
350.7069,128.1142,3:30:48:310941,0
354.9124,129.7466,3:30:48:314952,0
359.2163,131.6122,3:30:48:318940,0
363.471,133.6528,3:30:48:321951,0
367.6274,135.839,3:30:48:327000,0
371.6607,138.1418,3:30:48:330009,0
375.3744,140.5322,3:30:48:334940,0
378.8667,142.8642,3:30:48:337950,0
382.0885,145.371,3:30:48:342950,0
384.9906,147.7614,3:30:48:346951,0
387.5729,150.0642,3:30:48:351124,0
390.0323,152.2504,3:30:48:355137,0
392.3441,154.3201,3:30:48:358137,0
394.5575,156.2148,3:30:48:362151,0
396.648,157.993,3:30:48:366137,0
398.6401,159.6546,3:30:48:370138,0
400.583,161.1703,3:30:48:374893,0
402.4521,162.5695,3:30:48:378557,0
404.2229,163.823,3:30:48:382550,0
405.8461,164.9016,3:30:48:386940,0
407.3955,165.8635,3:30:48:390238,0
408.7973,166.6797,3:30:48:394253,0
410.1008,167.3501,3:30:48:398940,0
411.3305,167.8748,3:30:48:401951,0
412.4864,168.1955,3:30:48:406948,0
413.5685,168.3704,3:30:48:411952,0
414.626,168.4579,3:30:48:415949,0
415.659,168.4579,3:30:48:419952,0
416.5935,168.4579,3:30:48:423968,0
417.5035,167.6125,3:30:48:425952,0
418.438,167.6125,3:30:48:430820,0
419.3234,166.2424,3:30:48:434566,0
420.1596,165.3096,3:30:48:438943,0
420.9712,164.2894,3:30:48:442271,0
421.7582,163.0943,3:30:48:446273,0
422.4714,161.8408,3:30:48:450270,0
423.1355,160.4999,3:30:48:454273,0
423.8241,159.1007,3:30:48:458270,0
424.4635,157.614,3:30:48:462887,0
425.2014,155.9816,3:30:48:466356,0
425.8408,154.291,3:30:48:470274,0
426.6032,152.4254,3:30:48:474276,0
427.341,150.5306,3:30:48:478304,0
428.2018,148.5484,3:30:48:482274,0
429.0872,146.4787,3:30:48:487012,0
430.0217,144.3217,3:30:48:490022,0
431.0055,142.1646,3:30:48:495022,0
431.94,140.0658,3:30:48:498050,0
432.973,137.9961,3:30:48:503020,0
434.0059,135.9556,3:30:48:506024,0
435.088,133.886,3:30:48:510936,0
436.1948,131.8454,3:30:48:514935,0
437.3015,129.8049,3:30:48:518935,0
438.4574,127.7061,3:30:48:522935,0
439.6625,125.549,3:30:48:526940,0
440.8676,123.4502,3:30:48:529953,0
442.0235,121.3223,3:30:48:534973,0
443.1302,119.3692,3:30:48:537950,0
444.114,117.3579,3:30:48:543222,0
445.0239,115.4048,3:30:48:546236,0
445.8355,113.5684,3:30:48:550232,945
446.5241,111.8485,3:30:48:554232,1000
447.0898,110.3619,3:30:48:558309,1107
447.5325,108.9919,3:30:48:562232,1240
447.9998,107.8259,3:30:48:566891,1424
448.3932,106.7473,3:30:48:570243,1587
448.8113,105.8437,3:30:48:575028,1727
449.1802,105.2023,3:30:48:578027,1850
449.5246,104.7359,3:30:48:583027,1920
449.8443,104.4736,3:30:48:586028,1979
450.1148,104.3861,3:30:48:590745,2061
450.4099,104.3861,3:30:48:594637,2184
450.6805,105.1149,3:30:48:598637,2333
450.951,106.106,3:30:48:602640,2484
451.1723,107.5635,3:30:48:607106,2635
451.3937,109.4874,3:30:48:610628,2780
451.5659,111.8777,3:30:48:614627,2937
451.7134,114.7927,3:30:48:618643,3096
451.8118,117.97,3:30:48:622627,3240
451.8364,121.468,3:30:48:626630,3374
451.8364,125.141,3:30:48:630945,3509
451.8364,128.9888,3:30:48:634956,3660
451.8364,133.0697,3:30:48:638942,3811
451.2461,137.3839,3:30:48:642953,3954
451.2461,141.9897,3:30:48:646953,4092
450.705,146.7702,3:30:48:650951,4218
450.705,151.6091,3:30:48:654953,4338
450.0164,156.5355,3:30:48:657950,4446
450.0164,161.5784,3:30:48:662938,4559
449.2786,166.7088,3:30:48:666948,4668
448.8113,171.985,3:30:48:670745,4763
448.3687,177.1445,3:30:48:674728,4851
447.9014,182.2749,3:30:48:678774,4911
447.4095,187.2596,3:30:48:682727,4956
446.8438,192.2734,3:30:48:687171,4988
446.2536,197.2289,3:30:48:690181,5015
445.6142,202.0678,3:30:48:694181,5055
444.9747,206.965,3:30:48:698183,5088
444.3107,211.6581,3:30:48:702181,5125
443.6713,216.1764,3:30:48:706183,5164
443.0564,220.5489,3:30:48:711327,5174
442.4662,224.7173,3:30:48:714345,5178
441.9005,228.7401,3:30:48:718629,5180
441.4332,232.5004,3:30:48:722632,5182
440.9659,236.0275,3:30:48:726628,5196
440.5479,239.0591,3:30:48:730631,5203
440.1789,241.8575,3:30:48:734827,5208
439.81,244.3062,3:30:48:738845,5212
439.4903,246.4924,3:30:48:742933,5213
439.1952,248.4163,3:30:48:746948,5219
438.8755,250.0487,3:30:48:750935,5213
438.6295,251.3896,3:30:48:754948,5176
438.4082,252.4973,3:30:48:758945,5109
438.236,253.3718,3:30:48:762943,5015
438.1131,253.9839,3:30:48:766943,4908
438.0639,254.3338,3:30:48:770956,4794
438.0639,254.4795,3:30:48:774939,4615
438.0639,254.4795,3:30:48:778952,4351
438.0639,254.4795,3:30:48:782942,3998
438.0639,253.4301,3:30:48:785950,3561
438.0639,252.6139,3:30:48:790952,3096
438.0639,251.5354,3:30:48:794952,2605
438.5804,250.2236,3:30:48:798969,2004
438.5804,248.6786,3:30:48:801982,1306
438.5804,246.8422,3:30:48:806905,711
438.5804,244.8017,3:30:48:810914,254
438.5804,242.6446,3:30:48:814902,0
438.5804,240.4001,3:30:48:818904,0
437.695,238.0972,3:30:48:822905,0
437.695,235.6777,3:30:48:826908,0
436.662,233.2583,3:30:48:831126,0
436.0718,230.8389,3:30:48:834139,0
435.5061,228.5069,3:30:48:838466,0
434.9159,226.204,3:30:48:842452,0
434.3502,224.1052,3:30:48:846452,0
433.8829,222.0647,3:30:48:850452,0
433.5386,220.1116,3:30:48:855126,0
433.2435,218.2752,3:30:48:859136,0
433.2435,216.5845,3:30:48:862151,0
432.973,214.9521,3:30:48:866136,0
432.973,213.378,3:30:48:870134,0
432.973,211.8913,3:30:48:874939,0
432.973,210.2881,3:30:48:877957,0
432.973,208.7431,3:30:48:882254,0
432.973,207.1691,3:30:48:886280,0
432.973,205.5658,3:30:48:890940,0
433.4894,203.8751,3:30:48:893953,0
433.4894,202.1844,3:30:48:898948,0
433.4894,200.4063,3:30:48:901950,0
434.0305,198.6281,3:30:48:906954,0
434.0305,196.7917,3:30:48:911969,570
434.0305,194.9552,3:30:48:916385,595
434.4732,193.1187,3:30:48:919394,648
434.4732,191.224,3:30:48:922396,742
434.4732,189.3001,3:30:48:927008,890
434.4732,187.3762,3:30:48:930010,1065
434.4732,185.5689,3:30:48:935010,1271
434.4732,183.7616,3:30:48:939010,1462
434.4732,182.0417,3:30:48:942942,1636
434.4732,180.351,3:30:48:946953,1774
434.4732,178.6895,3:30:48:951244,1865
434.4732,177.1154,3:30:48:954255,1946
433.8337,175.6288,3:30:48:958377,2017
433.8337,174.2296,3:30:48:962255,2080
432.8992,172.7429,3:30:48:966254,2150
432.2597,171.2271,3:30:48:970254,2215
431.4727,169.7113,3:30:48:974942,2256
430.5382,168.1664,3:30:48:978954,2291
429.4069,166.534,3:30:48:982950,2322
428.251,164.9016,3:30:48:986954,2328
426.9475,163.1525,3:30:48:990952,2339
425.5457,161.3452,3:30:48:994952,2344
423.9716,159.4505,3:30:48:998824,2334
422.2747,157.5266,3:30:49:002834,2344
420.4793,155.661,3:30:49:006832,2351
418.561,153.7663,3:30:49:010832,2364
416.5197,151.9007,3:30:49:014834,2387
414.2571,150.1225,3:30:49:018832,2427
411.8961,148.5775,3:30:49:023105,2488
409.4859,147.1783,3:30:49:026114,2564
407.002,146.0123,3:30:49:030530,2649
404.518,145.1378,3:30:49:034565,2718
402.034,144.4382,3:30:49:038187,2777
399.7468,144.001,3:30:49:042188,2827
397.4596,143.8261,3:30:49:046187,2867
395.2462,143.8261,3:30:49:050188,2905
393.0573,143.8261,3:30:49:054885,2935
390.8931,145.1962,3:30:49:058666,2969
388.7288,146.2455,3:30:49:062166,3006
386.6383,147.5865,3:30:49:066163,3049
384.4987,149.248,3:30:49:070164,3096
382.2361,151.2302,3:30:49:074164,3143
380.0226,153.4164,3:30:49:079076,3186
377.8338,155.8067,3:30:49:082088,3221
375.7679,158.3136,3:30:49:086086,3255
373.7758,160.9371,3:30:49:090085,3278
372.0051,163.6189,3:30:49:094086,3304
370.3819,166.3882,3:30:49:098088,3328
369.0292,169.274,3:30:49:102100,3365
367.7749,172.3348,3:30:49:106110,3408
366.8404,175.5996,3:30:49:110433,3452
366.1763,179.0101,3:30:49:115443,3498
365.8812,182.5373,3:30:49:118711,3528
365.8812,186.1227,3:30:49:122635,3554
365.8812,189.7957,3:30:49:127267,3576
366.8404,193.4394,3:30:49:130250,3598
367.7503,196.9666,3:30:49:134252,3618
369.0538,200.2896,3:30:49:138251,3637
370.6524,203.3795,3:30:49:142939,3658
372.4969,206.2946,3:30:49:145951,3677
374.5382,209.0347,3:30:49:151099,3702
376.7516,211.6581,3:30:49:154106,3740
379.0881,214.1068,3:30:49:159103,3792
381.5474,216.4388,3:30:49:162112,3859
384.1544,218.6541,3:30:49:166885,3935
386.7613,220.6655,3:30:49:170896,4010
389.5158,222.4728,3:30:49:174895,4088
392.3933,223.9886,3:30:49:178896,4170
395.3937,225.2712,3:30:49:183036,4258
398.5417,226.1749,3:30:49:186046,4369
401.8373,226.6996,3:30:49:190262,4487
405.2312,226.8745,3:30:49:194265,4593
408.6743,226.8745,3:30:49:198889,4688
412.1421,226.0582,3:30:49:202889,4743
415.4376,225.1837,3:30:49:206889,4775
418.7332,223.9012,3:30:49:210888,4799
421.8812,222.5894,3:30:49:214602,4813
424.8816,221.0153,3:30:49:219120,4824
427.6361,219.3537,3:30:49:223131,4829
430.1693,217.6339,3:30:49:226118,4832
432.4073,215.914,3:30:49:230118,4830
434.3748,214.2233,3:30:49:234931,4826
436.1456,212.5909,3:30:49:238457,4782
437.6212,211.0751,3:30:49:242880,4692
438.7771,209.4719,3:30:49:246174,4545
439.6625,208.0435,3:30:49:250930,4330
440.3019,206.6735,3:30:49:254943,4051
440.8184,205.3909,3:30:49:257943,3690
441.1627,204.2832,3:30:49:262941,3258
441.4086,203.263,3:30:49:267087,2745
441.6792,202.3302,3:30:49:270098,2117
441.9989,201.4848,3:30:49:274100,1383
442.3924,200.6978,3:30:49:279100,755
442.958,199.969,3:30:49:283277,281
443.6467,199.2694,3:30:49:286305,0
444.5566,198.5698,3:30:49:290288,0
445.7125,197.8994,3:30:49:294288,0
447.0898,197.1414,3:30:49:298288,0
448.7621,196.4127,3:30:49:302277,0
450.6067,195.6257,3:30:49:306886,0
452.6726,194.8969,3:30:49:310901,0
454.9844,194.139,3:30:49:314894,0
457.5175,193.3228,3:30:49:318897,0
460.2474,192.5649,3:30:49:322895,0
463.1495,191.7778,3:30:49:326897,0
466.1991,190.9908,3:30:49:331065,0
469.4947,190.2329,3:30:49:334073,0
472.9132,189.4167,3:30:49:338138,0
476.5039,188.6297,3:30:49:342127,0
480.1684,187.8134,3:30:49:346181,0
484.005,187.0847,3:30:49:350126,0
487.8908,186.3851,3:30:49:354936,0
491.8258,185.6855,3:30:49:357949,0
495.7608,184.9568,3:30:49:362958,0
499.6466,184.2572,3:30:49:367946,0
503.5324,183.5576,3:30:49:371235,0
507.2707,182.8871,3:30:49:374244,0
510.8614,182.1292,3:30:49:378356,0
514.3045,181.1964,3:30:49:382244,0
517.5263,180.1178,3:30:49:386245,0
520.5513,178.9227,3:30:49:390244,0
523.2321,177.6693,3:30:49:394935,0
525.6176,176.3575,3:30:49:398277,0
527.5851,174.9,3:30:49:402091,0
529.2083,173.355,3:30:49:406093,0
530.4626,171.7518,3:30:49:410094,0
531.2742,170.2068,3:30:49:415091,0
531.6677,168.6911,3:30:49:420347,0
531.7415,167.2044,3:30:49:424346,0
531.7415,165.8052,3:30:49:426346,0
530.8315,164.3768,3:30:49:431350,0
529.9461,163.0651,3:30:49:435352,0
528.8886,161.7533,3:30:49:438367,0
527.6097,160.4124,3:30:49:442347,0
526.1833,159.1007,3:30:49:446945,0
524.5847,157.6723,3:30:49:450963,0
523.0107,156.1566,3:30:49:454935,0
521.3875,154.5242,3:30:49:458946,0
519.8627,152.7751,3:30:49:462943,0
518.4363,150.8804,3:30:49:466945,0
517.0344,148.869,3:30:49:470958,0
515.8047,146.7702,3:30:49:476167,0
514.6734,144.4966,3:30:49:478178,0
513.8372,142.1354,3:30:49:482887,0
513.0502,139.6577,3:30:49:486265,0
512.46,137.1799,3:30:49:491211,0
511.9681,134.6147,3:30:49:494215,0
511.6484,132.0786,3:30:49:498263,0
511.5008,129.426,3:30:49:502211,0
511.427,126.8025,3:30:49:506890,0
511.427,124.2664,3:30:49:510901,0
511.427,121.6138,3:30:49:514885,0
512.0173,118.932,3:30:49:518266,0
512.0173,116.2502,3:30:49:522599,1296
512.5583,113.7724,3:30:49:526600,1328
512.5583,111.4405,3:30:49:530599,1395
512.5583,109.3417,3:30:49:534602,1482
513.0748,107.4761,3:30:49:539062,1612
513.0748,105.8437,3:30:49:543088,1771
513.0748,104.5611,3:30:49:546075,1935
513.0748,103.6283,3:30:49:550072,2116
513.0748,103.0452,3:30:49:554120,2246
513.0748,102.5497,3:30:49:558072,2313
513.3699,102.2582,3:30:49:562939,2336
513.3699,102.1999,3:30:49:566949,2320
513.3699,102.1999,3:30:49:570949,2336
513.3699,102.1999,3:30:49:574953,2401
513.3699,103.5991,3:30:49:577949,2523
513.3699,104.9983,3:30:49:581949,2691
513.3699,107.0097,3:30:49:586884,2866
513.3699,109.6331,3:30:49:590898,3030
513.3699,112.8105,3:30:49:594894,3190
513.3699,116.5126,3:30:49:598893,3333
513.3699,120.7102,3:30:49:602894,3477
513.3699,125.3158,3:30:49:606910,3632
513.3699,130.5629,3:30:49:610908,3781
513.3699,136.1305,3:30:49:614930,3927
513.3699,142.0188,3:30:49:618917,4070
513.3699,148.1111,3:30:49:622905,4190
513.3699,154.2327,3:30:49:627017,4282
513.3699,160.7331,3:30:49:631024,4376
513.3699,167.6416,3:30:49:634937,4458
513.911,174.7542,3:30:49:638946,4515
513.911,181.7211,3:30:49:642885,4557
513.911,188.3673,3:30:49:646896,4570
513.911,194.8094,3:30:49:650578,4588
513.911,201.2516,3:30:49:654575,4610
513.911,207.7812,3:30:49:658574,4634
513.911,214.0193,3:30:49:662574,4657
513.2469,219.7619,3:30:49:666609,4661
513.2469,225.0672,3:30:49:670610,4645
512.7059,229.9935,3:30:49:674654,4590
512.7059,234.6575,3:30:49:678610,4486
512.0911,238.9426,3:30:49:682385,4311
512.0911,242.8778,3:30:49:686275,4062
511.3778,246.3466,3:30:49:690275,3731
510.8614,249.4366,3:30:49:694278,3316
510.2711,252.235,3:30:49:698621,2781
509.5579,254.7419,3:30:49:702630,2049
508.7709,257.0155,3:30:49:706630,1267
507.8117,258.852,3:30:49:710630,623
506.7542,260.4261,3:30:49:714630,0
505.5491,261.4172,3:30:49:718628,0
504.3194,262.0002,3:30:49:723036,0
502.9668,262.0585,3:30:49:726046,0
501.5403,262.0585,3:30:49:730045,0
499.9909,260.5718,3:30:49:734046,0
498.3677,259.2018,3:30:49:738045,0
496.7938,257.3362,3:30:49:742049,0
495.0722,255.1208,3:30:49:746935,0
493.3506,252.6431,3:30:49:749946,0
491.6537,250.0195,3:30:49:754945,0
489.8583,247.2794,3:30:49:757967,0
487.9646,244.5102,3:30:49:762946,0
486.0463,241.7701,3:30:49:766277,0
483.9804,238.9717,3:30:49:770375,0
481.7178,236.3482,3:30:49:774353,0
479.3814,233.8121,3:30:49:778469,0
476.8236,231.2761,3:30:49:782355,0
474.0445,228.7401,3:30:49:786890,0
471.0441,226.204,3:30:49:790380,0
467.9207,223.6971,3:30:49:794883,0
464.453,221.0153,3:30:49:799099,0
460.7639,218.3335,3:30:49:802934,0
456.9027,215.5351,3:30:49:806453,0
452.8447,212.7367,3:30:49:810814,0
448.59,209.9966,3:30:49:814825,0
444.0648,207.2565,3:30:49:818850,0
439.4657,204.5164,3:30:49:822836,0
434.5716,201.8638,3:30:49:826835,0
429.5544,199.2986,3:30:49:830369,0
424.4143,196.8791,3:30:49:834348,0
419.0775,194.5471,3:30:49:838889,0
413.5931,192.3026,3:30:49:842359,0
407.9611,190.0289,3:30:49:846945,0
402.2308,187.9009,3:30:49:850280,0
396.4513,185.8313,3:30:49:854281,0
390.7947,183.7033,3:30:49:858280,0
385.2119,181.6045,3:30:49:863461,0
379.7521,179.4765,3:30:49:865978,0
374.2677,177.4652,3:30:49:870322,0
368.8817,175.4538,3:30:49:874372,0
363.594,173.4133,3:30:49:878944,0
358.4539,171.3728,3:30:49:881954,0
353.3138,169.3032,3:30:49:886954,0
348.1245,167.3501,3:30:49:890954,0
342.8615,165.3971,3:30:49:894954,0
337.5738,163.4732,3:30:49:898954,0
332.4583,161.5784,3:30:49:902974,0
327.3428,159.7128,3:30:49:906890,0
322.2027,157.9347,3:30:49:910718,0
317.1118,156.2148,3:30:49:916020,0
312.0209,154.5242,3:30:49:918999,0
307.053,152.8626,3:30:49:923025,0
302.2572,151.2885,3:30:49:927004,0
297.5106,149.6852,3:30:49:930938,0
292.7886,148.1403,3:30:49:934948,0
288.0666,146.6245,3:30:49:938882,0
283.5168,145.1378,3:30:49:942904,0
278.8931,143.6221,3:30:49:946890,0
274.4417,142.1354,3:30:49:950902,0
270.0886,140.7362,3:30:49:954892,0
265.8338,139.3661,3:30:49:958893,0
261.7267,138.0253,3:30:49:962885,0
257.7671,136.7718,3:30:49:966131,0
254.0288,135.5766,3:30:49:970404,0
250.3398,134.5564,3:30:49:974407,0
246.8721,133.6528,3:30:49:978492,0
243.5273,132.8949,3:30:49:982407,0
240.2563,132.2244,3:30:49:986882,0
237.0346,131.6997,3:30:49:990490,0
233.8128,131.2916,3:30:49:994933,0
230.591,131.0001,3:30:49:997944,0
227.443,130.7377,3:30:50:002938,0
224.3442,130.5629,3:30:50:006948,0
221.2208,130.388,3:30:50:010949,0
218.122,130.3005,3:30:50:014948,0
215.2937,130.213,3:30:50:017948,0
212.5146,130.0965,3:30:50:022941,0
210.006,129.9507,3:30:50:025954,0
207.7434,129.7758,3:30:50:030006,0
205.7021,129.5134,3:30:50:034033,0
203.833,129.1345,3:30:50:038886,0
202.2344,128.7264,3:30:50:042900,323
200.8572,128.2892,3:30:50:046900,336
199.5291,127.7645,3:30:50:050897,353
198.324,127.2397,3:30:50:054898,402
197.2173,126.8025,3:30:50:058898,471
196.2335,126.3944,3:30:50:062927,570
195.3973,126.0446,3:30:50:066940,715
194.7333,125.7822,3:30:50:070938,898
194.2414,125.5782,3:30:50:074956,1100
193.9217,125.4033,3:30:50:078940,1249
193.7988,125.2284,3:30:50:082953,1357
193.7988,125.0826,3:30:50:086470,1395
193.7988,124.9078,3:30:50:090471,1412
194.8071,124.7037,3:30:50:094518,1478
195.6187,124.5288,3:30:50:098476,1559
196.75,124.2664,3:30:50:102894,1687
198.201,123.9458,3:30:50:106902,1824
200.0456,123.6543,3:30:50:110904,1952
202.4557,123.3628,3:30:50:114902,2101
205.4316,123.0713,3:30:50:118908,2225
208.9485,122.809,3:30:50:122903,2346
213.0065,122.5466,3:30:50:126932,2464
217.5071,122.2842,3:30:50:130942,2557
222.6226,121.9928,3:30:50:134941,2657
228.4759,121.7887,3:30:50:138967,2744
235.0425,121.468,3:30:50:142999,2817
241.9041,121.1474,3:30:50:146002,2883
249.3314,120.8268,3:30:50:151000,2933
257.3736,120.3604,3:30:50:154997,2980
265.8338,119.894,3:30:50:158935,3025
274.7614,119.3692,3:30:50:162945,3055
284.2791,118.728,3:30:50:166933,3083
294.0429,117.9992,3:30:50:170941,3112
303.9788,117.1538,3:30:50:174943,3140
314.5295,116.1044,3:30:50:178941,3176
325.154,114.9967,3:30:50:182943,3215
335.9752,113.7433,3:30:50:186942,3248
347.2883,112.3733,3:30:50:190882,3296
358.6998,111.0032,3:30:50:194955,3337
370.1851,109.6623,3:30:50:198955,3377
381.8426,108.3797,3:30:50:202976,3410
393.3524,107.1554,3:30:50:206952,3425
404.7885,106.0477,3:30:50:210955,3438
416.2246,104.9691,3:30:50:214960,3442
427.2918,103.9781,3:30:50:218966,3443
438.1131,103.0452,3:30:50:222967,3446
448.9343,102.0833,3:30:50:226929,3451
459.0178,101.1505,3:30:50:230939,3459
468.8307,100.2177,3:30:50:234990,3466
478.5206,99.3432,3:30:50:237990,3464
487.6695,98.43955,3:30:50:242988,3450
496.1543,97.62335,3:30:50:246991,3413
504.2211,96.86545,3:30:50:250007,3359
511.7222,96.0784,3:30:50:254988,3277
518.6576,95.3788,3:30:50:258938,3166
525.2733,94.65005,3:30:50:262948,3018
531.225,93.9213,3:30:50:266643,2818
536.5126,93.2217,3:30:50:270563,2558
541.2347,92.5804,3:30:50:274564,2207
545.7599,91.96825,3:30:50:278577,1747
549.9409,91.38525,3:30:50:282876,1184
553.7283,90.80225,3:30:50:286890,663
557.196,90.27755,3:30:50:290884,272
560.344,89.75285,3:30:50:294887,0
563.1969,89.22815,3:30:50:298886,0
565.7792,88.64515,3:30:50:302886,0
567.9927,88.06215,3:30:50:306881,0
569.788,87.3334,3:30:50:310892,0
571.0177,86.5755,3:30:50:314891,0
571.8293,85.78845,3:30:50:318908,0
572.1736,85.0014,3:30:50:322933,0
572.1736,84.1269,3:30:50:326941,0
572.1736,83.4273,3:30:50:330934,0
570.8455,82.75685,3:30:50:333968,0
569.8372,82.2613,3:30:50:338944,0
568.6813,81.9115,3:30:50:342943,0
568.6813,81.9115,3:30:50:360367,0
