177.0504,238.3595,3:27:43:078289,0
177.0504,238.3595,3:27:43:083295,0
177.0504,238.3595,3:27:43:087363,0
177.0504,238.3595,3:27:43:091373,0
177.0504,238.3595,3:27:43:095494,0
176.5339,237.5434,3:27:43:099824,0
176.5339,237.5434,3:27:43:103835,0
176.5339,236.7854,3:27:43:106833,0
176.5339,236.7854,3:27:43:110833,0
175.9437,235.7943,3:27:43:114834,0
175.9437,235.7943,3:27:43:118833,0
175.9437,235.0073,3:27:43:123483,0
175.9437,235.0073,3:27:43:127432,0
175.5256,234.3951,3:27:43:131440,0
175.5256,234.3951,3:27:43:135440,0
175.5256,233.8121,3:27:43:139443,0
175.1567,233.8121,3:27:43:143442,0
175.1567,233.3457,3:27:43:147307,0
174.7878,233.0834,3:27:43:151403,0
174.5664,232.8793,3:27:43:155309,0
174.2713,232.6461,3:27:43:159398,0
173.9762,232.3838,3:27:43:163428,0
173.6565,232.1214,3:27:43:167481,0
173.2876,231.8882,3:27:43:171427,0
172.8941,231.5385,3:27:43:175318,0
172.5252,231.2469,3:27:43:179321,0
172.1563,230.9554,3:27:43:183321,0
171.7873,230.5765,3:27:43:187542,0
171.4922,230.2558,3:27:43:191550,0
171.2463,229.9061,3:27:43:195552,0
171.0249,229.6145,3:27:43:199552,0
170.8036,229.2939,3:27:43:202552,0
170.5577,228.9733,3:27:43:207552,0
170.3117,228.6817,3:27:43:210551,0
170.0904,228.3902,3:27:43:214552,0
169.9182,228.1279,3:27:43:219430,0
169.6969,227.8073,3:27:43:223440,0
169.4263,227.5449,3:27:43:227604,0
169.1312,227.166,3:27:43:230613,0
168.8115,226.8161,3:27:43:234613,0
168.4426,226.4081,3:27:43:238624,0
168.0983,225.9417,3:27:43:242611,0
167.6556,225.5044,3:27:43:246616,0
167.2129,225.0672,3:27:43:251425,0
166.721,224.5716,3:27:43:255448,0
166.2292,224.1052,3:27:43:259436,0
165.6881,223.6971,3:27:43:263466,0
165.1962,223.289,3:27:43:267436,0
164.6552,222.91,3:27:43:271436,0
164.1387,222.5311,3:27:43:275428,0
163.6222,222.2104,3:27:43:279332,0
163.1549,221.8898,3:27:43:283467,0
162.786,221.5692,3:27:43:287458,0
162.4171,221.2776,3:27:43:290457,0
162.0236,220.9278,3:27:43:294722,0
161.7039,220.6655,3:27:43:298723,0
161.4334,220.2865,3:27:43:302723,0
161.1874,219.9659,3:27:43:306723,0
160.9415,219.6161,3:27:43:310723,0
160.6218,219.208,3:27:43:314724,0
160.3267,218.8291,3:27:43:319644,0
159.9823,218.5084,3:27:43:322657,0
159.5888,218.2169,3:27:43:326737,0
159.1953,217.838,3:27:43:331654,0
158.7281,217.459,3:27:43:334685,0
158.2362,217.08,3:27:43:338657,0
157.6951,216.6136,3:27:43:342654,0
157.1295,216.2639,3:27:43:346654,0
156.5638,215.8557,3:27:43:351720,0
155.949,215.4476,3:27:43:354730,0
155.3587,215.0396,3:27:43:358785,0
154.6947,214.6606,3:27:43:363730,0
154.0798,214.34,3:27:43:366731,0
153.4404,214.0193,3:27:43:371771,0
152.8256,213.7278,3:27:43:374797,0
152.2599,213.5237,3:27:43:378797,0
151.6697,213.2614,3:27:43:382850,0
151.1286,212.9991,3:27:43:386800,0
150.6367,212.7659,3:27:43:391397,0
150.1448,212.5618,3:27:43:394736,0
149.6776,212.3577,3:27:43:399735,0
149.2349,212.1828,3:27:43:403552,0
148.6938,212.0371,3:27:43:407552,0
148.2019,211.8331,3:27:43:411552,0
147.6609,211.6873,3:27:43:414552,0
147.0706,211.5124,3:27:43:419475,0
146.4558,211.3958,3:27:43:422584,0
145.8163,211.2792,3:27:43:426584,0
145.2261,211.2209,3:27:43:430584,0
144.6113,211.1335,3:27:43:435484,0
143.9718,211.1335,3:27:43:439493,0
143.357,211.1335,3:27:43:442494,0
142.6684,211.1335,3:27:43:447492,0
141.9797,211.1335,3:27:43:451493,727
141.3895,211.1335,3:27:43:454494,734
140.6763,211.1335,3:27:43:459500,741
139.963,211.1335,3:27:43:462506,789
139.2252,211.1335,3:27:43:467151,888
138.512,211.1335,3:27:43:471149,1042
137.848,211.1335,3:27:43:475149,1244
137.2577,211.6581,3:27:43:479148,1437
136.7658,211.6581,3:27:43:483157,1607
136.2986,211.6581,3:27:43:487413,1741
135.9543,211.6581,3:27:43:491281,1844
135.7083,212.1537,3:27:43:494565,1915
135.487,212.1537,3:27:43:498565,1967
135.3394,212.1537,3:27:43:503564,1995
135.241,212.1537,3:27:43:507589,2007
135.1673,212.3577,3:27:43:511569,2029
135.1673,212.3577,3:27:43:514575,2051
135.1673,212.5618,3:27:43:518575,2082
135.1673,212.6492,3:27:43:523420,2135
135.1673,212.8533,3:27:43:526586,2195
135.7083,213.0282,3:27:43:531395,2277
135.7083,213.2614,3:27:43:535390,2382
136.6429,213.4363,3:27:43:539393,2488
137.4299,213.6695,3:27:43:543389,2606
138.4874,213.8736,3:27:43:547473,2712
139.7663,214.0193,3:27:43:551508,2803
141.4633,214.1068,3:27:43:555406,2890
143.5045,214.1359,3:27:43:559430,2961
146.0131,214.1359,3:27:43:563413,3017
148.9152,214.1359,3:27:43:567429,3072
152.1124,214.1359,3:27:43:571421,3118
155.5063,214.1359,3:27:43:575424,3151
159.1953,213.2905,3:27:43:579463,3190
163.1549,213.2905,3:27:43:583476,3212
167.3113,212.5618,3:27:43:587285,3228
171.6152,212.5618,3:27:43:591298,3242
175.9929,211.5999,3:27:43:595289,3248
180.2722,211.0751,3:27:43:599288,3258
184.4531,210.5796,3:27:43:603413,3260
188.4865,210.1132,3:27:43:607295,3267
192.2985,209.6759,3:27:43:611295,3270
195.7663,209.1804,3:27:43:615295,3274
198.7421,208.7723,3:27:43:619294,3279
201.2753,208.4516,3:27:43:623293,3284
203.3903,208.1019,3:27:43:627484,3292
205.0873,207.8103,3:27:43:631489,3293
206.5137,207.548,3:27:43:635225,3314
207.5958,207.3439,3:27:43:639236,3362
208.3828,207.1399,3:27:43:643234,3458
208.9731,206.9942,3:27:43:647235,3609
209.3666,206.8775,3:27:43:651477,3810
209.5633,206.8192,3:27:43:654487,3989
209.6125,206.7027,3:27:43:658822,4131
209.6125,206.586,3:27:43:662825,4230
209.6125,206.4695,3:27:43:666819,4266
209.6125,206.3528,3:27:43:670820,4293
208.7518,206.2946,3:27:43:675412,4308
208.7518,206.2071,3:27:43:679419,4311
207.9893,206.1488,3:27:43:683338,4310
207.9893,206.1196,3:27:43:687380,4306
207.1286,206.1196,3:27:43:691449,4304
206.6613,206.1196,3:27:43:695348,4310
206.1202,206.1196,3:27:43:699409,4303
205.4808,206.8192,3:27:43:703417,4300
204.8659,206.8192,3:27:43:707219,4296
204.1773,207.7229,3:27:43:711131,4285
203.3903,208.3934,3:27:43:715130,4287
202.5049,209.1804,3:27:43:719131,4290
201.5458,210.1132,3:27:43:723176,4291
200.4883,211.2209,3:27:43:727162,4293
199.4307,212.5035,3:27:43:731127,4304
198.324,214.1651,3:27:43:735137,4318
197.1189,216.1181,3:27:43:739155,4329
195.8646,218.3335,3:27:43:743136,4347
194.5858,220.8404,3:27:43:747588,4353
193.3069,223.5805,3:27:43:750597,4362
191.9542,226.4664,3:27:43:755597,4374
190.6753,229.498,3:27:43:758598,4385
189.3719,232.5878,3:27:43:763597,4398
188.1422,235.532,3:27:43:766631,4403
187.0355,238.4762,3:27:43:771422,4410
186.0025,241.2746,3:27:43:775166,4414
185.1909,244.0438,3:27:43:779206,4425
184.5023,246.7256,3:27:43:783217,4441
183.9858,249.4657,3:27:43:787219,4460
183.7153,252.235,3:27:43:791217,4475
183.6415,255.0625,3:27:43:795219,4487
183.6415,257.89,3:27:43:799217,4495
183.6415,260.7176,3:27:43:803217,4501
184.7974,263.4868,3:27:43:807474,4512
185.5844,266.1686,3:27:43:811485,4522
186.5928,268.7921,3:27:43:815484,4528
187.7487,271.1533,3:27:43:819486,4538
189.1259,273.3104,3:27:43:823484,4554
190.6508,275.2635,3:27:43:827500,4564
192.2985,277.0125,3:27:43:831113,4579
194.0939,278.5865,3:27:43:835124,4592
196.0122,279.9566,3:27:43:839156,4596
198.0289,281.1517,3:27:43:843124,4609
200.0702,282.1137,3:27:43:847422,4622
202.2098,282.9299,3:27:43:851433,4643
204.4478,283.5129,3:27:43:855495,4666
206.7597,283.921,3:27:43:859483,4685
209.1452,284.1542,3:27:43:863483,4711
211.5554,284.1542,3:27:43:867483,4728
213.941,284.1542,3:27:43:871374,4743
216.3512,284.1542,3:27:43:875384,4761
218.786,282.9008,3:27:43:879392,4771
221.1962,282.0845,3:27:43:883392,4771
223.5326,281.1226,3:27:43:887411,4773
225.7952,279.9275,3:27:43:891443,4771
228.0332,278.5574,3:27:43:895421,4767
230.1975,276.9542,3:27:43:899422,4769
232.3126,275.1469,3:27:43:903728,4769
234.4768,273.0772,3:27:43:906739,4760
236.6165,270.6577,3:27:43:910754,4749
238.7561,268.0051,3:27:43:914741,4737
240.8466,265.1484,3:27:43:918738,4738
242.9125,262.1168,3:27:43:922742,4740
244.8062,258.9977,3:27:43:926884,4747
246.7737,255.7621,3:27:43:930830,4750
248.5936,252.4973,3:27:43:935271,4737
250.3152,249.2034,3:27:43:940288,4728
251.8646,245.9386,3:27:43:943284,4718
253.3402,242.6154,3:27:43:947283,4703
254.7175,239.1174,3:27:43:951282,4691
255.9226,235.4154,3:27:43:955284,4672
257.1768,231.6259,3:27:43:959281,4667
258.259,227.7198,3:27:43:963421,4667
259.2919,223.7262,3:27:43:967444,4662
260.1773,219.7619,3:27:43:971429,4661
260.9643,215.7683,3:27:43:975431,4645
261.6529,211.8913,3:27:43:979430,4630
262.2678,208.0435,3:27:43:984431,4616
262.7596,204.3707,3:27:43:988431,4600
263.0547,200.7269,3:27:43:991433,4581
263.2269,197.258,3:27:43:995432,4571
263.3253,193.8475,3:27:43:999347,4570
263.3253,190.641,3:27:44:003358,4581
263.3253,187.6969,3:27:44:007358,4604
263.3253,185.1317,3:27:44:011358,4639
262.7104,182.8871,3:27:44:015415,4686
262.7104,181.0506,3:27:44:019376,4731
262.2186,179.6514,3:27:44:023362,4780
262.2186,178.5729,3:27:44:027397,4806
262.2186,177.8733,3:27:44:031109,4818
261.6775,177.4652,3:27:44:035119,4814
261.6775,177.2029,3:27:44:039164,4795
261.6775,177.1445,3:27:44:043119,4779
261.6775,177.1445,3:27:44:047464,4769
261.6775,177.1445,3:27:44:051495,4772
261.6775,178.6312,3:27:44:055472,4789
261.6775,179.9721,3:27:44:059475,4809
261.6775,181.7794,3:27:44:063399,4835
261.6775,184.0531,3:27:44:067409,4865
261.6775,186.8223,3:27:44:071415,4908
261.6775,190.0871,3:27:44:075409,4962
261.6775,193.6434,3:27:44:079413,5022
261.6775,197.5495,3:27:44:083408,5079
261.6775,201.6888,3:27:44:087967,5148
261.6775,206.1196,3:27:44:092976,5221
261.6775,210.8419,3:27:44:094977,5294
261.6775,215.7683,3:27:44:100978,5391
261.0627,220.8112,3:27:44:102978,5513
261.0627,225.8542,3:27:44:108985,5654
260.1035,230.9554,3:27:44:111978,5815
259.3903,236.2025,3:27:44:114977,5983
258.6033,241.6243,3:27:44:119653,6109
257.7917,247.0171,3:27:44:123664,6209
256.9309,252.3224,3:27:44:126772,6289
256.0455,257.5403,3:27:44:130663,6338
255.1848,262.6998,3:27:44:135213,6374
254.324,267.8593,3:27:44:139223,6400
253.5616,272.9897,3:27:44:143413,6437
252.8237,278.0327,3:27:44:147424,6462
252.2335,282.959,3:27:44:151421,6481
251.7416,287.6522,3:27:44:155424,6480
251.3973,292.1704,3:27:44:159425,6420
251.1514,296.4264,3:27:44:163435,6270
251.053,300.5074,3:27:44:167639,6012
251.053,304.3552,3:27:44:170652,5656
251.053,308.028,3:27:44:174833,5285
251.7416,311.4386,3:27:44:178834,4887
251.7416,314.4702,3:27:44:183833,4357
252.8729,317.2686,3:27:44:186854,3666
253.5124,319.8629,3:27:44:190833,2582
254.2748,322.1075,3:27:44:194833,1505
255.0618,324.0314,3:27:44:199290,670
255.8242,325.693,3:27:44:204302,0
256.6112,326.9464,3:27:44:207309,0
257.3982,327.8792,3:27:44:211298,0
258.2098,328.433,3:27:44:215300,0
259.0952,328.4622,3:27:44:219700,0
260.1035,328.4622,3:27:44:222724,0
261.2102,327.2379,3:27:44:226818,0
262.5875,326.1302,3:27:44:230710,0
264.1123,324.6436,3:27:44:234709,0
265.9322,322.8654,3:27:44:238831,0
267.8997,320.8249,3:27:44:243466,0
270.1132,318.5804,3:27:44:246477,0
272.5479,316.2192,3:27:44:250566,0
275.0319,313.7997,3:27:44:255477,0
277.5159,311.3803,3:27:44:259477,0
279.9753,308.9026,3:27:44:263488,0
282.5084,306.4831,3:27:44:267478,0
284.8448,304.0345,3:27:44:271477,0
287.2796,301.4984,3:27:44:275126,0
289.5176,299.0207,3:27:44:279129,0
291.8294,296.5429,3:27:44:283205,0
293.9445,294.0652,3:27:44:287129,0
296.1088,291.5875,3:27:44:291460,0
298.273,289.1389,3:27:44:295471,0
300.511,286.7777,3:27:44:298604,0
302.6261,284.3291,3:27:44:303564,0
304.6428,282.0262,3:27:44:306579,0
306.7824,279.7526,3:27:44:311565,0
308.6024,277.4206,3:27:44:314564,0
310.3731,275.0011,3:27:44:319548,0
312.0947,272.64,3:27:44:323557,0
313.5457,270.1622,3:27:44:327559,0
314.8492,267.4804,3:27:44:330561,0
316.0297,264.8569,3:27:44:335558,0
316.8905,262.3792,3:27:44:338556,0
317.5545,259.6682,3:27:44:343555,0
317.9726,257.0155,3:27:44:347558,0
318.2677,254.4503,3:27:44:351417,0
318.3169,251.9435,3:27:44:355427,0
318.3169,249.5823,3:27:44:359427,0
317.6529,247.4252,3:27:44:363428,0
316.9397,245.4722,3:27:44:367468,0
316.1772,243.3734,3:27:44:370477,0
315.2673,241.6535,3:27:44:375004,0
314.3327,240.0502,3:27:44:378933,0
313.3736,238.6219,3:27:44:383930,0
312.562,237.3102,3:27:44:386934,0
311.8979,236.1733,3:27:44:391417,0
311.5044,235.0656,3:27:44:394949,0
311.5044,233.9579,3:27:44:399472,0
311.5044,232.9377,3:27:44:402493,0
312.2177,231.9757,3:27:44:407345,0
313.0784,230.9846,3:27:44:411355,0
314.2343,230.0518,3:27:44:415355,0
315.6116,229.0898,3:27:44:419355,0
317.161,228.1862,3:27:44:423409,0
318.858,227.2534,3:27:44:427417,0
320.6779,226.4664,3:27:44:431474,0
322.547,225.7668,3:27:44:435483,0
324.4653,225.0963,3:27:44:439421,0
326.3345,224.6882,3:27:44:443429,0
328.1544,224.4258,3:27:44:447429,0
330.0235,224.2218,3:27:44:451431,0
331.8927,224.1635,3:27:44:455441,0
333.6634,224.1635,3:27:44:459432,0
335.385,224.1635,3:27:44:463482,0
337.0573,224.1635,3:27:44:466492,0
338.6805,225.038,3:27:44:471422,0
340.2299,225.038,3:27:44:475433,0
341.7056,225.038,3:27:44:479430,0
343.0336,225.6501,3:27:44:483435,0
344.3125,225.6501,3:27:44:487430,0
345.4438,225.6501,3:27:44:491441,0
346.4767,225.6501,3:27:44:495355,0
347.3867,225.6501,3:27:44:498702,0
348.1983,225.6501,3:27:44:503467,0
348.8623,224.7757,3:27:44:507471,0
349.4034,224.7757,3:27:44:511470,0
349.8953,224.076,3:27:44:515470,0
350.1904,224.076,3:27:44:519468,0
350.4363,223.2598,3:27:44:523469,0
350.6331,222.7352,3:27:44:527470,0
350.8298,222.2979,3:27:44:530511,0
351.002,221.744,3:27:44:535481,0
351.2234,221.1028,3:27:44:538480,0
351.4693,220.4615,3:27:44:543478,0
351.7152,219.8201,3:27:44:547478,0
352.1087,219.1788,3:27:44:551515,0
352.453,218.4792,3:27:44:554522,0
352.8219,217.7213,3:27:44:559470,0
353.1663,216.9926,3:27:44:563484,0
353.486,216.1764,3:27:44:567467,0
353.7319,215.4476,3:27:44:570477,0
353.9532,214.6606,3:27:44:574849,0
354.1746,213.8444,3:27:44:578736,0
354.3221,213.0282,3:27:44:582733,0
354.4451,212.2411,3:27:44:586761,0
354.4943,211.5124,3:27:44:591417,0
354.4943,210.7836,3:27:44:596865,0
354.4943,210.1132,3:27:44:598678,0
354.4943,209.4719,3:27:44:602684,0
354.4943,208.8889,3:27:44:606720,0
354.4943,208.3642,3:27:44:610687,0
354.4943,207.8395,3:27:44:615688,0
354.4943,207.4023,3:27:44:618688,0
354.4943,206.9942,3:27:44:623471,0
354.4943,206.6152,3:27:44:626796,0
354.4943,206.2654,3:27:44:630795,0
354.4943,205.8864,3:27:44:634795,0
354.4943,205.5658,3:27:44:638796,0
355.1584,205.1577,3:27:44:644807,0
355.1584,204.7496,3:27:44:647794,0
356.0929,204.2832,3:27:44:651794,0
356.634,203.8168,3:27:44:654798,0
357.3226,203.263,3:27:44:658804,0
358.0112,202.7091,3:27:44:663032,0
358.6998,202.0387,3:27:44:666994,0
359.4377,201.3682,3:27:44:670991,0
360.1263,200.6395,3:27:44:674992,0
360.7903,199.8524,3:27:44:678991,0
361.4789,199.0362,3:27:44:682992,0
362.1676,198.1908,3:27:44:687473,0
362.7578,197.2872,3:27:44:690805,0
363.3481,196.3835,3:27:44:694827,0
363.8645,195.4507,3:27:44:698806,0
364.381,194.4888,3:27:44:702805,0
364.8729,193.556,3:27:44:706808,0
365.3647,192.6232,3:27:44:711468,0
365.7828,191.7778,3:27:44:715477,0
366.0534,190.9034,3:27:44:718728,0
366.3485,190.0871,3:27:44:722735,0
366.4961,189.3001,3:27:44:727467,0
366.5699,188.5714,3:27:44:731492,0
366.5699,187.8134,3:27:44:735359,0
366.5699,187.0847,3:27:44:739392,0
366.5699,186.4142,3:27:44:743367,0
365.7091,185.7438,3:27:44:747369,0
365.7091,185.1317,3:27:44:751370,0
364.8237,184.4904,3:27:44:755391,0
364.3564,183.8199,3:27:44:759201,0
363.8153,183.1786,3:27:44:763211,0
363.8153,182.5956,3:27:44:767299,0
363.0529,181.9834,3:27:44:771211,0
363.0529,181.3421,3:27:44:775437,0
362.5119,180.7009,3:27:44:779467,0
362.5119,180.1178,3:27:44:783451,0
361.9462,179.5349,3:27:44:787448,0
361.7249,178.9227,3:27:44:791471,0
361.5281,178.3105,3:27:44:794481,0
361.2576,177.7276,3:27:44:799481,0
361.0363,177.1154,3:27:44:803499,0
360.7903,176.5907,3:27:44:807554,0
360.569,176.0077,3:27:44:810566,0
360.446,175.4247,3:27:44:815535,0
360.3476,174.8125,3:27:44:818536,0
360.323,174.2296,3:27:44:823536,0
360.2738,173.6757,3:27:44:826539,0
360.2738,173.0052,3:27:44:831530,0
360.2738,172.3931,3:27:44:834537,0
360.2738,171.6935,3:27:44:838537,0
360.2738,170.9356,3:27:44:843472,0
360.8149,170.2068,3:27:44:846482,0
360.8149,169.4198,3:27:44:850484,0
360.8149,168.6328,3:27:44:855482,0
360.8149,167.8165,3:27:44:859482,0
360.8149,167.0587,3:27:44:863482,0
360.8149,166.3008,3:27:44:866602,0
360.8149,165.6012,3:27:44:871610,0
360.8149,164.9307,3:27:44:875610,0
361.1592,164.2894,3:27:44:879609,0
361.1592,163.6481,3:27:44:883610,0
361.1592,163.0651,3:27:44:886611,0
361.4052,162.5112,3:27:44:890611,0
361.4052,161.9283,3:27:44:894611,0
361.4052,161.3744,3:27:44:898611,352
361.6265,160.8788,3:27:44:902610,379
361.6265,160.3833,3:27:44:907613,432
361.7495,160.0627,3:27:44:911612,510
361.8478,159.7128,3:27:44:914611,603
361.897,159.4214,3:27:44:918613,689
362.0446,159.2173,3:27:44:922612,765
362.1676,159.1299,3:27:44:926610,851
362.3397,159.1007,3:27:44:930611,948
362.6349,159.1007,3:27:44:934613,1057
362.93,159.1007,3:27:44:938612,1201
363.3481,159.1007,3:27:44:942618,1358
363.7907,160.2667,3:27:44:946611,1524
364.2826,160.9663,3:27:44:951613,1700
364.8237,161.8991,3:27:44:954615,1857
365.3647,162.9776,3:27:44:958611,1990
365.9796,164.2894,3:27:44:962631,2128
366.4961,165.8052,3:27:44:966615,2255
367.0125,167.5251,3:27:44:970614,2379
367.406,169.5072,3:27:44:974614,2503
367.7749,171.6935,3:27:44:979614,2617
368.0701,174.2296,3:27:44:983339,2721
368.2422,177.232,3:27:44:987373,2829
368.3652,180.526,3:27:44:991298,2935
368.3652,184.0531,3:27:44:995326,3023
368.3652,187.7551,3:27:44:999325,3108
368.3652,191.4863,3:27:45:003338,3171
368.3652,195.1593,3:27:45:007591,3225
368.3652,198.7155,3:27:45:010599,3280
367.8487,201.9512,3:27:45:015292,3332
367.8487,204.8079,3:27:45:019299,3382
367.8487,207.3439,3:27:45:022601,3434
367.8487,209.5593,3:27:45:027633,3482
368.439,211.4832,3:27:45:031609,3527
368.439,213.1156,3:27:45:035619,3571
369.1522,214.544,3:27:45:039609,3607
369.1522,215.8557,3:27:45:042610,3641
369.9638,216.9926,3:27:45:047621,3680
369.9638,217.8671,3:27:45:050609,3713
370.6278,218.625,3:27:45:055478,3746
370.6278,219.2372,3:27:45:059489,3773
371.0951,219.6452,3:27:45:063487,3799
371.0951,220.0242,3:27:45:067492,3856
371.3656,220.2574,3:27:45:071488,3948
371.3656,220.3157,3:27:45:075494,4064
371.3656,220.3157,3:27:45:079489,4187
371.3656,220.3157,3:27:45:082486,4276
371.3656,220.3157,3:27:45:087754,4322
371.3656,219.4995,3:27:45:090754,4345
371.3656,219.4995,3:27:45:094733,4350
370.7754,218.625,3:27:45:099696,4351
370.7754,218.042,3:27:45:102696,4356
369.9392,217.3716,3:27:45:107698,4353
369.2997,216.5845,3:27:45:111699,4347
368.5374,215.7683,3:27:45:115696,4344
367.5536,214.9521,3:27:45:118695,4337
366.5207,214.1359,3:27:45:122697,4334
365.3401,213.2614,3:27:45:126660,4325
363.9629,212.416,3:27:45:131711,4309
362.4381,211.5415,3:27:45:135706,4292
360.8149,210.8419,3:27:45:139706,4270
358.995,210.1715,3:27:45:143168,4250
357.1013,209.6759,3:27:45:147812,4236
355.06,209.2095,3:27:45:151470,4225
352.7973,209.0055,3:27:45:154988,4221
350.3625,208.8889,3:27:45:159835,4221
347.854,208.8889,3:27:45:162845,4216
345.2225,208.8889,3:27:45:166845,4213
342.6401,209.5885,3:27:45:170845,4212
340.0332,209.5885,3:27:45:174845,4203
337.5738,210.7253,3:27:45:178873,4202
335.2866,211.5415,3:27:45:185847,4199
333.1223,212.4743,3:27:45:189865,4206
331.1057,213.4655,3:27:45:191846,4229
329.3349,214.6897,3:27:45:195849,4262
327.7609,216.1764,3:27:45:198846,4297
326.3099,217.8671,3:27:45:202848,4323
325.0556,219.7619,3:27:45:207133,4340
323.8997,221.8898,3:27:45:211137,4347
322.8668,224.1344,3:27:45:215133,4357
321.9814,226.4955,3:27:45:219134,4368
321.2436,229.0316,3:27:45:222778,4377
320.6533,231.5385,3:27:45:226788,4386
320.186,234.0162,3:27:45:231236,4392
319.8663,236.4648,3:27:45:235253,4403
319.6696,238.9134,3:27:45:238896,4415
319.5958,241.362,3:27:45:242914,4423
319.5958,243.7523,3:27:45:246959,4432
319.5958,246.1134,3:27:45:250906,4440
319.5958,248.562,3:27:45:254946,4453
320.4074,251.0981,3:27:45:258906,4467
320.4074,253.6924,3:27:45:262996,4483
321.2682,256.3451,3:27:45:267004,4495
321.8092,258.9395,3:27:45:271378,4502
322.4241,261.5046,3:27:45:275339,4513
323.1373,263.9824,3:27:45:279341,4522
323.9981,266.3435,3:27:45:283339,4532
324.9818,268.559,3:27:45:287412,4540
326.1131,270.5703,3:27:45:290935,4550
327.3674,272.3484,3:27:45:294625,4557
328.7693,273.8643,3:27:45:298625,4569
330.417,275.176,3:27:45:302628,4582
332.2616,276.3128,3:27:45:306625,4592
334.3029,277.2748,3:27:45:311595,4604
336.4179,278.0327,3:27:45:314604,4609
338.6313,278.6448,3:27:45:318604,4614
340.9923,279.0529,3:27:45:322608,4619
343.3779,279.2278,3:27:45:326657,4627
345.8619,279.2862,3:27:45:331604,4636
348.2229,279.2862,3:27:45:334606,4639
350.6085,279.2862,3:27:45:339624,4643
352.8465,278.5283,3:27:45:343485,4648
355.0354,278.5283,3:27:45:346523,4655
357.0275,277.4206,3:27:45:351473,4668
358.9212,276.6918,3:27:45:355714,4671
360.6674,275.963,3:27:45:359688,4673
362.1676,275.1177,3:27:45:362707,4672
363.471,274.2141,3:27:45:367705,4671
364.5532,273.2521,3:27:45:371653,4676
365.4631,272.2318,3:27:45:374662,4678
366.1763,271.1824,3:27:45:379712,4676
366.742,270.1039,3:27:45:382714,4668
367.0863,269.0836,3:27:45:386712,4666
367.2585,268.0342,3:27:45:390712,4668
367.3322,267.0723,3:27:45:395420,4670
367.3322,266.1978,3:27:45:399373,4670
367.3322,265.3524,3:27:45:402686,4672
367.3322,264.682,3:27:45:406694,4677
366.619,264.0699,3:27:45:410696,4683
366.619,263.6326,3:27:45:414695,4697
366.619,263.2537,3:27:45:418696,4703
365.9796,263.0204,3:27:45:422694,4702
365.9796,262.8747,3:27:45:427402,4696
365.9796,262.8164,3:27:45:431410,4683
365.9796,262.8164,3:27:45:434672,4678
365.5861,262.8164,3:27:45:439727,4672
365.5861,262.8164,3:27:45:442730,4673
365.5861,263.6617,3:27:45:446729,4679
365.3401,263.6617,3:27:45:451692,4679
365.3401,264.8278,3:27:45:454695,4674
365.0204,265.5857,3:27:45:458694,4679
364.8729,266.5185,3:27:45:462695,4689
364.7499,267.597,3:27:45:467409,4706
364.6515,268.7921,3:27:45:471441,4737
364.6515,270.1039,3:27:45:475417,4772
364.6515,271.6488,3:27:45:479441,4812
364.6515,273.3104,3:27:45:483421,4861
364.6515,275.1177,3:27:45:487422,4920
365.5615,277.0416,3:27:45:491406,4979
365.5615,279.2278,3:27:45:495118,5051
366.6682,281.6181,3:27:45:499416,5138
367.3322,284.1542,3:27:45:503426,5221
368.193,286.9526,3:27:45:506764,5295
369.103,289.9259,3:27:45:511775,5351
370.1605,293.0741,3:27:45:514774,5382
371.2426,296.3389,3:27:45:518774,5400
372.374,299.662,3:27:45:522774,5414
373.5545,302.9268,3:27:45:527774,5421
374.7104,306.1042,3:27:45:531089,5426
375.8171,309.1357,3:27:45:535102,5429
376.8008,311.9633,3:27:45:539143,5435
377.6862,314.4994,3:27:45:543141,5439
378.3994,316.8314,3:27:45:547143,5430
378.9651,318.901,3:27:45:551141,5397
379.4078,320.7375,3:27:45:555105,5299
379.6537,322.2824,3:27:45:559152,5124
379.8013,323.565,3:27:45:563471,4881
379.8997,324.6436,3:27:45:567480,4590
379.8997,325.4306,3:27:45:571481,4278
379.8997,325.9553,3:27:45:575480,3887
379.8997,326.1302,3:27:45:579639,3420
379.8997,326.1302,3:27:45:582649,2826
379.334,326.1302,3:27:45:587257,2038
379.334,324.8767,3:27:45:591260,1244
378.6454,323.8274,3:27:45:595260,604
378.1781,322.5739,3:27:45:599260,0
377.5633,321.029,3:27:45:603084,0
376.8992,319.1925,3:27:45:606989,0
376.1614,317.2394,3:27:45:611030,0
375.3498,315.1698,3:27:45:616026,0
374.4398,312.9253,3:27:45:619065,0
373.4561,310.6516,3:27:45:623028,0
372.3986,308.3487,3:27:45:627028,0
371.3164,306.075,3:27:45:631028,0
370.2097,303.7722,3:27:45:635473,0
369.1522,301.4984,3:27:45:639486,0
368.2176,299.3705,3:27:45:643531,0
367.406,297.3883,3:27:45:646532,0
366.7174,295.5518,3:27:45:651531,0
366.2747,293.8611,3:27:45:654532,0
366.0288,292.287,3:27:45:659620,0
365.9058,290.9461,3:27:45:664620,0
365.8812,289.9259,3:27:45:668637,0
365.8812,289.0222,3:27:45:671624,0
365.8812,288.2643,3:27:45:675635,0
365.8812,287.5648,3:27:45:679622,2964
365.8812,287.0109,3:27:45:683648,2988
365.8812,286.5445,3:27:45:686658,3053
365.8812,286.253,3:27:45:691509,3153
365.8812,286.049,3:27:45:694503,3302
365.1926,285.8157,3:27:45:699498,3477
365.1926,285.7866,3:27:45:702500,3663
364.3072,285.7866,3:27:45:707501,3847
363.7907,285.7866,3:27:45:710500,4007
363.1513,286.7777,3:27:45:715200,4140
362.3889,287.5648,3:27:45:719208,4246
361.4052,288.5267,3:27:45:723210,4351
360.323,289.751,3:27:45:727211,4449
358.995,291.2668,3:27:45:731210,4542
357.4948,293.045,3:27:45:735208,4611
355.8224,295.1146,3:27:45:739284,4648
353.8795,297.4466,3:27:45:743309,4670
351.789,299.9243,3:27:45:747461,4675
349.4526,302.577,3:27:45:750983,4674
347.0424,305.3463,3:27:45:754983,4674
344.5092,308.0863,3:27:45:758983,4661
341.9515,310.7682,3:27:45:762980,4633
339.4183,313.2751,3:27:45:766983,4576
336.9836,315.6653,3:27:45:771415,4476
334.6718,317.8807,3:27:45:775108,4333
332.6059,319.8629,3:27:45:779106,4122
330.7368,321.6994,3:27:45:784125,3827
329.089,323.361,3:27:45:787108,3440
327.6133,324.7602,3:27:45:791325,2909
326.3591,325.9844,3:27:45:795136,2123
325.2769,326.9464,3:27:45:798628,1308
324.2686,327.7335,3:27:45:802638,628
323.4078,328.2873,3:27:45:806637,0
322.6454,328.5788,3:27:45:810638,0
321.9814,328.6079,3:27:45:814639,0
321.4403,328.6079,3:27:45:818637,0
320.9484,327.6751,3:27:45:823419,0
320.6779,326.6841,3:27:45:827430,0
320.5303,325.4015,3:27:45:831471,0
320.5303,323.7108,3:27:45:835481,0
320.5303,321.6411,3:27:45:838557,0
321.3419,319.1634,3:27:45:842557,0
322.1781,316.4232,3:27:45:846589,0
323.3094,313.5082,3:27:45:850557,0
324.6867,310.36,3:27:45:855465,0
326.1869,306.9786,3:27:45:858479,0
327.8839,303.6555,3:27:45:862705,0
329.6546,300.0701,3:27:45:866647,0
331.6713,296.4264,3:27:45:871467,0
333.6634,292.8117,3:27:45:875478,0
335.5571,289.0805,3:27:45:879477,0
337.4016,285.3785,3:27:45:882480,0
339.1724,281.5598,3:27:45:887475,0
340.9185,277.8286,3:27:45:890792,0
342.5417,273.9225,3:27:45:895569,0
344.2387,270.0747,3:27:45:898598,0
345.5668,266.3727,3:27:45:903478,0
346.8948,262.6415,3:27:45:907486,0
348.0016,258.7937,3:27:45:911489,0
349.0345,254.8584,3:27:45:915487,0
349.8953,251.0107,3:27:45:919619,0
350.6085,247.2503,3:27:45:922629,0
351.0758,243.5774,3:27:45:927712,0
351.3463,239.9919,3:27:45:930722,0
351.4201,236.2316,3:27:45:934722,0
351.4201,232.617,3:27:45:939735,0
351.4201,229.2356,3:27:45:942792,0
350.7807,225.8833,3:27:45:946722,0
350.7807,222.5311,3:27:45:951470,0
349.6985,219.1788,3:27:45:955497,0
349.1083,215.8557,3:27:45:959480,0
348.3951,212.4743,3:27:45:963493,0
347.6081,209.2095,3:27:45:967481,0
346.7719,205.9739,3:27:45:970480,0
345.8619,202.6216,3:27:45:975418,0
344.9765,199.3277,3:27:45:978629,0
343.9682,196.0046,3:27:45:983421,0
342.9844,192.6815,3:27:45:986651,0
341.9515,189.2126,3:27:45:991419,0
340.7956,185.6855,3:27:45:995434,0
339.6643,182.1292,3:27:45:999427,0
338.4592,178.4854,3:27:46:003432,0
337.2295,174.9,3:27:46:007507,0
335.926,171.4312,3:27:46:011516,0
334.7947,167.9332,3:27:46:015282,0
333.6634,164.5809,3:27:46:019278,0
332.5813,161.2287,3:27:46:022597,0
331.6713,157.993,3:27:46:026903,0
330.8597,154.7282,3:27:46:030904,0
330.2695,151.3468,3:27:46:034905,0
329.8268,147.8488,3:27:46:038928,0
329.507,144.2342,3:27:46:042904,0
329.2611,140.707,3:27:46:046935,0
329.089,137.1508,3:27:46:050905,0
328.966,133.7402,3:27:46:055469,0
328.8922,130.388,3:27:46:059484,0
328.8676,127.094,3:27:46:063482,0
328.8676,124.1207,3:27:46:067484,0
328.8676,121.1766,3:27:46:071502,0
328.8676,118.3782,3:27:46:075484,0
328.8676,115.5798,3:27:46:079477,0
329.5808,112.7522,3:27:46:083482,0
329.5808,109.9247,3:27:46:087481,0
330.3187,107.1263,3:27:46:090479,0
330.8105,104.3279,3:27:46:095481,0
331.2778,101.646,3:27:46:099478,0
331.7451,99.08085,3:27:46:103678,0
332.2616,96.6614,3:27:46:106691,0
332.778,94.3877,3:27:46:112687,0
333.3191,92.31805,3:27:46:114687,0
333.8847,90.4233,3:27:46:118687,0
334.5242,88.6743,3:27:46:122688,0
335.1144,87.18765,3:27:46:126679,0
335.7293,85.8759,3:27:46:130690,0
336.3195,84.7099,3:27:46:135471,0
336.8852,83.7188,3:27:46:139482,0
337.4262,82.9026,3:27:46:143481,0
337.9181,82.2613,3:27:46:149499,0
338.3854,81.7949,3:27:46:152480,0
338.7297,81.47425,3:27:46:155485,0
338.951,81.06615,3:27:46:159486,0
339.0248,80.59975,3:27:46:163483,0
339.0248,80.19165,3:27:46:167497,1989
339.0248,79.78355,3:27:46:171481,1986
339.0248,79.37545,3:27:46:175482,1985
338.0657,79.02565,3:27:46:179486,1985
338.0657,78.73415,3:27:46:182482,1986
337.0573,78.4135,3:27:46:187483,1987
336.4425,78.3552,3:27:46:191486,1994
335.8523,78.3552,3:27:46:195492,1996
335.2128,78.3552,3:27:46:199538,2003
334.5488,79.1714,3:27:46:202538,2013
333.8356,79.1714,3:27:46:207542,2018
333.0486,80.24995,3:27:46:211539,2037
332.114,80.89125,3:27:46:215558,2066
331.0811,81.5617,3:27:46:219549,2105
329.8022,82.3196,3:27:46:223539,2166
328.3266,83.0775,3:27:46:227543,2244
326.5804,83.8354,3:27:46:230538,2332
324.5883,84.5933,3:27:46:235541,2419
322.2027,85.4095,3:27:46:239441,2492
319.4482,86.2257,3:27:46:243498,2543
316.374,87.1002,3:27:46:247403,2568
312.9555,87.9747,3:27:46:251427,2586
309.3402,88.87835,3:27:46:255138,2601
305.5528,89.782,3:27:46:259136,2608
301.5932,90.68565,3:27:46:263136,2622
297.5844,91.56015,3:27:46:267137,2646
293.6002,92.3472,3:27:46:271455,2682
289.6898,93.0468,3:27:46:275466,2724
286.0745,93.60065,3:27:46:279705,2763
282.6314,94.0379,3:27:46:283712,2785
279.4588,94.3877,3:27:46:286712,2796
276.6059,94.59175,3:27:46:290709,2803
274.2203,94.6792,3:27:46:294711,2815
272.2528,94.6792,3:27:46:299709,2829
270.728,94.6792,3:27:46:303711,2837
269.6459,94.6792,3:27:46:307709,2845
268.8835,93.6881,3:27:46:310711,2840
268.49,93.6881,3:27:46:314709,2836
268.49,92.25975,3:27:46:318633,2823
268.49,91.2395,3:27:46:322634,2807
269.7688,90.0152,3:27:46:327458,2787
271.0231,88.616,3:27:46:331465,2768
272.7447,87.0419,3:27:46:335280,2755
274.8351,85.38035,3:27:46:339291,2742
277.3191,83.6022,3:27:46:343290,2737
280.1966,81.76575,3:27:46:347293,2726
283.2954,79.9876,3:27:46:351323,2719
286.5172,78.32605,3:27:46:355334,2713
289.6652,76.75195,3:27:46:359541,2706
292.9362,75.3819,3:27:46:363057,2708
296.2563,74.2159,3:27:46:367056,2706
299.5519,73.25395,3:27:46:371060,2705
302.872,72.5252,3:27:46:375056,2707
306.2168,72.08795,3:27:46:379057,2712
309.4632,71.97135,3:27:46:383155,2724
312.6603,71.97135,3:27:46:387169,2745
315.8575,72.7584,3:27:46:391261,2780
318.8334,73.72035,3:27:46:395166,2827
321.6125,75.06125,3:27:46:399594,2896
324.1702,76.8394,3:27:46:403602,2984
326.482,78.96735,3:27:46:406607,3077
328.6217,81.5034,3:27:46:410605,3171
330.6384,84.3601,3:27:46:414605,3249
332.5813,87.5083,3:27:46:419623,3308
334.4504,90.97715,3:27:46:423632,3353
336.295,94.7958,3:27:46:427631,3389
338.0657,99.08085,3:27:46:430639,3423
339.9594,103.7449,3:27:46:434633,3456
341.8531,108.5546,3:27:46:439442,3483
343.7714,113.4227,3:27:46:443496,3485
345.739,118.2616,3:27:46:447457,3432
347.7556,123.0422,3:27:46:451468,3290
349.8953,127.5895,3:27:46:455405,3049
352.1333,131.8163,3:27:46:459433,2695
354.4451,135.6641,3:27:46:463415,2204
356.9537,139.1329,3:27:46:467413,1588
359.6098,142.3103,3:27:46:471462,949
362.4135,145.2545,3:27:46:474473,441
365.4139,148.0237,3:27:46:479082,0
368.4636,150.5306,3:27:46:483094,0
371.4886,152.7751,3:27:46:487109,0
374.5628,154.7574,3:27:46:491092,0
377.6616,156.3606,3:27:46:495116,0
380.662,157.6723,3:27:46:499090,0
383.6133,158.7218,3:27:46:503512,0
386.4908,159.6546,3:27:46:506511,0
389.3929,160.4124,3:27:46:511512,0
392.4179,161.1412,3:27:46:515541,0
395.5413,161.8408,3:27:46:519471,0
398.7877,162.657,3:27:46:522816,0
402.2062,163.5607,3:27:46:526659,0
405.7723,164.6392,3:27:46:530657,0
409.5105,165.8635,3:27:46:535174,0
413.3963,167.2627,3:27:46:539079,0
417.3559,168.8368,3:27:46:543079,0
421.3155,170.6441,3:27:46:547079,0
425.2751,172.5972,3:27:46:551468,0
429.2101,174.6668,3:27:46:554818,0
433.0959,176.9113,3:27:46:559105,0
436.9326,179.1559,3:27:46:563102,0
440.72,181.5753,3:27:46:567204,0
444.3353,183.9657,3:27:46:571106,0
447.803,186.3851,3:27:46:574657,0
451.1723,188.7462,3:27:46:578668,0
454.3695,191.0491,3:27:46:582693,0
457.3946,193.2937,3:27:46:586668,0
460.1982,195.4799,3:27:46:591461,0
462.7314,197.5495,3:27:46:594475,0
464.9203,199.4151,3:27:46:599384,0
466.8878,201.135,3:27:46:602710,0
468.5847,202.7091,3:27:46:607287,0
469.9128,204.0208,3:27:46:611306,0
471.0441,205.1868,3:27:46:615386,0
471.9295,206.0614,3:27:46:619294,0
472.5689,206.8484,3:27:46:624601,0
473.0362,207.4314,3:27:46:627615,0
473.3805,207.8395,3:27:46:631602,0
473.5772,208.1019,3:27:46:634604,0
473.6756,208.2184,3:27:46:638605,0
473.7248,208.3059,3:27:46:642603,0
473.7248,208.3059,3:27:46:646476,0
473.7248,208.3059,3:27:46:651519,0
473.7248,208.3059,3:27:46:655473,0
473.7248,208.3059,3:27:46:658815,0
473.11,208.3059,3:27:46:662819,0
473.11,207.548,3:27:46:666817,0
472.6427,207.548,3:27:46:672818,0
472.6427,207.548,3:27:46:675836,0
472.2246,206.8775,3:27:46:679819,0
472.2246,206.8775,3:27:46:684119,0
472.2246,206.3528,3:27:46:687130,0
472.2246,206.3528,3:27:46:691473,0
472.2246,205.6532,3:27:46:694834,0
472.2246,205.3035,3:27:46:699162,0
472.2246,204.8954,3:27:46:703162,0
472.8886,204.4872,3:27:46:707244,0
472.8886,204.0208,3:27:46:711163,0
472.8886,203.5836,3:27:46:715472,0
473.3313,203.1463,3:27:46:718838,0
473.3313,202.6508,3:27:46:723839,0
473.3313,202.2135,3:27:46:726840,0
473.7002,201.8055,3:27:46:730909,0
473.7002,201.3974,3:27:46:734840,0
474.0199,200.9892,3:27:46:739476,0
474.0199,200.6395,3:27:46:742800,0
474.4135,200.2605,3:27:46:746844,0
474.6348,199.8815,3:27:46:750855,0
474.8561,199.5609,3:27:46:754857,0
475.1266,199.1819,3:27:46:758855,0
475.4464,198.803,3:27:46:763467,0
475.7661,198.4532,3:27:46:767480,0
476.135,197.9868,3:27:46:771410,0
476.4793,197.6078,3:27:46:775430,0
476.8482,197.1123,3:27:46:779418,0
477.2663,196.6167,3:27:46:783422,0
477.709,196.1212,3:27:46:787419,0
478.1025,195.5965,3:27:46:791426,0
478.4714,195.0426,3:27:46:795423,0
478.9141,194.5179,3:27:46:798862,0
479.283,194.0515,3:27:46:802868,0
479.6273,193.556,3:27:46:807461,0
479.947,193.1479,3:27:46:810811,0
480.1684,192.769,3:27:46:814809,0
480.3159,192.4774,3:27:46:818810,0
480.4143,192.3026,3:27:46:822908,0
480.4881,192.1277,3:27:46:826808,0
480.4881,192.0402,3:27:46:830810,0
480.4881,192.011,3:27:46:835808,0
480.4881,192.011,3:27:46:839463,0
480.4881,192.011,3:27:46:843474,0
479.8241,192.011,3:27:46:846634,0
479.8241,192.011,3:27:46:850644,0
478.9879,192.011,3:27:46:854729,0
478.373,192.011,3:27:46:858645,1084
477.6598,192.011,3:27:46:862665,1088
476.8236,192.011,3:27:46:866644,1100
475.8153,192.011,3:27:46:871469,1154
474.7578,192.011,3:27:46:875479,1267
473.6018,191.0782,3:27:46:878968,1433
472.3968,191.0782,3:27:46:882969,1644
471.1425,190.4078,3:27:46:887061,1852
469.8144,190.4078,3:27:46:890969,2013
468.4864,189.5625,3:27:46:894678,2133
467.1337,189.0086,3:27:46:898618,2210
465.7072,188.3382,3:27:46:902618,2275
464.3054,187.5511,3:27:46:906618,2319
462.8052,186.7057,3:27:46:911403,2353
461.3296,185.7438,3:27:46:915436,2381
459.8539,184.6653,3:27:46:919414,2393
458.4029,183.645,3:27:46:923414,2411
456.9027,182.5373,3:27:46:927411,2433
455.4271,181.3713,3:27:46:931429,2454
454.0498,180.2053,3:27:46:935283,2468
452.648,179.0101,3:27:46:939293,2492
451.3937,177.7276,3:27:46:943403,2509
450.1886,176.4158,3:27:46:947412,2520
449.0573,175.0457,3:27:46:951502,2531
448.049,173.5008,3:27:46:955537,2535
447.2865,171.8684,3:27:46:959514,2536
446.6717,170.1485,3:27:46:963517,2541
446.2782,168.4287,3:27:46:967518,2539
446.1552,166.6505,3:27:46:971542,2542
446.1552,164.8724,3:27:46:975552,2545
446.1552,163.1525,3:27:46:979551,2547
447.2127,161.5493,3:27:46:982552,2554
448.049,159.9752,3:27:46:987552,2562
449.1557,158.5468,3:27:46:990552,2569
450.4345,157.2643,3:27:46:995642,2581
451.8118,156.1274,3:27:46:998642,2597
453.3366,155.1946,3:27:47:002833,2615
455.0582,154.4659,3:27:47:006833,2640
456.9273,153.9411,3:27:47:010842,2670
458.8702,153.6788,3:27:47:014833,2713
460.8869,153.6788,3:27:47:018608,2761
462.8544,153.6788,3:27:47:022654,2829
464.7235,154.9031,3:27:47:026822,2903
466.6172,156.0108,3:27:47:030847,2987
468.2404,157.4391,3:27:47:035221,3079
469.5685,159.2173,3:27:47:039230,3175
470.5522,161.2869,3:27:47:043230,3270
471.1425,163.6772,3:27:47:047231,3352
471.29,166.3882,3:27:47:051229,3430
471.29,169.5364,3:27:47:055231,3502
470.1587,173.2676,3:27:47:059582,3564
468.8061,177.5235,3:27:47:062593,3614
466.8878,182.1584,3:27:47:066593,3654
464.6005,187.0555,3:27:47:070593,3670
461.9444,192.1277,3:27:47:074630,3684
458.9932,197.2872,3:27:47:078607,3698
455.6976,202.5925,3:27:47:083127,3719
452.2053,207.8978,3:27:47:087125,3731
448.5654,212.8533,3:27:47:091178,3738
444.8763,217.459,3:27:47:095190,3733
441.1135,221.8024,3:27:47:099223,3706
437.3752,225.8542,3:27:47:103189,3683
433.7108,229.5854,3:27:47:107189,3663
430.1939,232.9085,3:27:47:111189,3656
426.8245,235.8235,3:27:47:115189,3658
423.7749,238.2138,3:27:47:119196,3663
421.0942,240.0502,3:27:47:123189,3665
418.7578,241.4494,3:27:47:127191,3674
416.8886,242.4697,3:27:47:131059,3682
415.3638,243.1402,3:27:47:135218,3694
414.2325,243.4608,3:27:47:138587,3700
413.4455,243.4608,3:27:47:143613,3694
413.0766,243.4608,3:27:47:147596,3687
413.0028,242.6154,3:27:47:151600,3675
413.0028,241.8284,3:27:47:156853,3667
413.9374,240.8665,3:27:47:159854,3661
414.872,239.7296,3:27:47:163853,3656
416.1263,238.5053,3:27:47:167870,3652
417.6265,237.2518,3:27:47:170852,3650
419.2989,236.0275,3:27:47:175854,3651
421.168,234.9198,3:27:47:178874,3647
423.1601,233.987,3:27:47:182853,3648
425.226,233.2,3:27:47:186853,3648
427.218,232.7336,3:27:47:190853,3643
429.2101,232.7336,3:27:47:194853,3643
431.1284,232.3838,3:27:47:198853,3642
432.9976,232.3838,3:27:47:203879,3650
434.7683,232.3838,3:27:47:206816,3670
436.5391,233.8121,3:27:47:210827,3698
438.1869,234.6866,3:27:47:215826,3734
439.7854,235.7652,3:27:47:218825,3774
441.4086,237.0478,3:27:47:223827,3821
442.9088,238.6219,3:27:47:226824,3869
444.3599,240.3126,3:27:47:231825,3917
445.7863,242.2074,3:27:47:234827,3958
447.1882,244.3062,3:27:47:239827,3991
448.5654,246.4924,3:27:47:243824,4028
449.8935,248.9702,3:27:47:247825,4060
451.2215,251.6519,3:27:47:250829,4092
452.3282,254.3338,3:27:47:255288,4116
453.4842,257.0739,3:27:47:259298,4130
454.6155,259.8723,3:27:47:263298,4137
455.7468,262.554,3:27:47:267301,4141
456.8289,265.1484,3:27:47:271299,4149
457.9356,267.6262,3:27:47:275298,4158
459.0178,269.7832,3:27:47:279304,4164
460.149,271.678,3:27:47:283298,4166
461.4034,273.223,3:27:47:287255,4163
462.7314,274.4764,3:27:47:291266,4145
464.1332,275.4966,3:27:47:295266,4115
465.6335,276.1379,3:27:47:299269,4051
467.2321,276.6043,3:27:47:303265,3926
468.8799,276.7501,3:27:47:307290,3767
470.6014,276.7501,3:27:47:311273,3539
472.3968,276.7501,3:27:47:315267,3255
474.2413,275.9048,3:27:47:319266,2930
476.0612,275.176,3:27:47:323264,2515
478.0041,274.3015,3:27:47:327274,2003
480.0208,273.1646,3:27:47:331264,1413
481.9391,271.7946,3:27:47:335282,825
483.9804,270.1039,3:27:47:339287,371
485.9971,268.2675,3:27:47:343282,0
488.1367,266.1104,3:27:47:347319,0
490.2518,263.7492,3:27:47:351327,0
492.3669,261.2715,3:27:47:355329,0
494.4819,258.5605,3:27:47:359352,0
496.597,255.7621,3:27:47:363289,0
498.7121,252.8179,3:27:47:367338,0
500.7779,249.7863,3:27:47:371461,0
502.8438,246.6382,3:27:47:375472,0
504.8605,243.3734,3:27:47:379472,0
506.8772,239.9045,3:27:47:383488,0
508.7955,236.0858,3:27:47:387471,0
510.7384,232.2089,3:27:47:391472,0
512.5338,228.0696,3:27:47:395537,0
514.3045,223.872,3:27:47:398545,0
516.0015,219.6161,3:27:47:402549,0
517.6492,215.3893,3:27:47:407546,0
519.2479,211.1917,3:27:47:411718,0
520.748,206.9942,3:27:47:414727,0
522.1991,202.884,3:27:47:418729,0
523.5272,198.7738,3:27:47:423727,0
524.8306,194.7803,3:27:47:426729,0
526.0111,190.7576,3:27:47:430729,0
527.0687,186.8223,3:27:47:434729,1500
527.9294,182.9745,3:27:47:439733,1559
528.618,179.3308,3:27:47:443887,1657
529.1837,175.9785,3:27:47:446898,1802
529.6018,172.8887,3:27:47:450897,1998
529.9953,170.1485,3:27:47:454901,2191
530.2413,167.7583,3:27:47:459013,2380
530.4134,165.6886,3:27:47:462899,2566
530.6348,163.9104,3:27:47:467902,2739
530.8315,162.4238,3:27:47:471442,2899
531.0037,161.1995,3:27:47:475403,3052
531.1758,160.2667,3:27:47:479413,3164
531.2742,159.5963,3:27:47:483018,3227
531.3234,159.2173,3:27:47:487019,3245
531.3234,159.1007,3:27:47:491019,3244
531.3234,159.1007,3:27:47:495019,3267
531.3234,160.121,3:27:47:499123,3330
531.3234,161.2287,3:27:47:503130,3426
530.684,162.7444,3:27:47:507130,3539
530.684,164.7558,3:27:47:511130,3659
530.1429,167.2627,3:27:47:515128,3790
530.1429,170.5275,3:27:47:519407,3924
529.5772,174.4919,3:27:47:522947,4060
529.5772,178.981,3:27:47:526944,4185
529.0853,183.9657,3:27:47:530954,4277
529.0853,189.3293,3:27:47:534955,4355
528.618,195.101,3:27:47:538955,4431
528.3721,201.3099,3:27:47:543020,4492
528.3721,207.7812,3:27:47:546962,4557
527.9294,214.2525,3:27:47:550954,4612
527.6343,220.4323,3:27:47:554954,4645
527.29,226.3206,3:27:47:559415,4674
526.9211,231.9465,3:27:47:562993,4689
526.5522,237.3102,3:27:47:567152,4715
526.0603,242.3822,3:27:47:571159,4733
525.5192,247.0754,3:27:47:575313,4754
524.929,251.4187,3:27:47:579323,4767
524.2896,255.4123,3:27:47:583323,4729
523.601,259.2018,3:27:47:587324,4635
522.8877,262.7581,3:27:47:591333,4469
522.1745,265.9937,3:27:47:595341,4199
521.4367,268.9962,3:27:47:599461,3801
520.748,271.678,3:27:47:603472,3245
520.0594,273.8934,3:27:47:607471,2397
519.3708,275.6424,3:27:47:611470,1480
518.6084,277.0125,3:27:47:615662,722
517.8952,278.0327,3:27:47:618671,0
517.059,278.6448,3:27:47:622564,0
516.1736,278.8198,3:27:47:626564,0
515.2391,278.8198,3:27:47:632563,0
514.1815,278.0619,3:27:47:634563,0
513.0502,277.1873,3:27:47:639579,0
511.7959,276.0505,3:27:47:642587,0
510.5909,274.5347,3:27:47:647588,0
509.3365,272.8148,3:27:47:650586,0
508.0331,271.0075,3:27:47:655588,0
506.6559,269.1128,3:27:47:658586,0
505.2048,267.1306,3:27:47:662491,0
503.7538,265.1193,3:27:47:668604,0
502.0322,263.2245,3:27:47:673449,0
500.2861,261.2715,3:27:47:675450,0
498.2202,259.5225,3:27:47:679453,0
495.9821,257.7151,3:27:47:685449,0
493.4982,255.9662,3:27:47:687449,0
490.7437,254.2463,3:27:47:691448,0
487.8908,252.6139,3:27:47:695451,0
484.7674,251.0981,3:27:47:698759,0
481.5702,249.524,3:27:47:702690,0
478.1763,248.0956,3:27:47:706793,0
474.6594,246.6382,3:27:47:710690,0
470.9211,245.3555,3:27:47:715410,0
467.0845,244.0438,3:27:47:718797,0
463.0511,242.7903,3:27:47:723345,0
458.7964,241.6826,3:27:47:727350,0
454.3695,240.575,3:27:47:731354,0
449.6721,239.5255,3:27:47:735368,0
444.7534,238.5053,3:27:47:739401,0
439.5641,237.5434,3:27:47:743364,0
434.1535,236.6105,3:27:47:747293,0
428.5953,235.7652,3:27:47:751214,0
423.0125,234.949,3:27:47:755214,0
417.3559,234.1037,3:27:47:759212,0
411.6256,233.1709,3:27:47:763468,0
405.9198,232.2089,3:27:47:766476,0
400.2633,231.1595,3:27:47:771171,0
394.8281,230.1393,3:27:47:775079,0
389.5896,228.9149,3:27:47:779082,0
384.3757,227.5741,3:27:47:783079,0
379.1127,226.0874,3:27:47:787469,0
373.8742,224.5133,3:27:47:790484,0
368.6357,222.9392,3:27:47:795460,0
363.4464,221.2776,3:27:47:799471,0
358.2817,219.5578,3:27:47:803495,0
352.9449,217.6922,3:27:47:807496,0
347.6327,215.7975,3:27:47:811494,0
342.2712,213.9319,3:27:47:815494,0
336.9836,212.0663,3:27:47:819463,0
331.8189,210.1715,3:27:47:823473,0
326.728,208.2184,3:27:47:827391,0
321.7354,206.3237,3:27:47:831280,0
316.7429,204.4872,3:27:47:835279,0
311.9717,202.6216,3:27:47:839277,0
307.2251,200.8143,3:27:47:843354,0
302.6753,199.007,3:27:47:847277,0
298.3468,197.1414,3:27:47:851460,0
294.0921,195.2467,3:27:47:854471,0
289.9849,193.3228,3:27:47:859515,0
286.0007,191.3698,3:27:47:862515,0
282.1641,189.4167,3:27:47:866618,0
278.4504,187.4053,3:27:47:870515,0
274.786,185.4814,3:27:47:875459,0
271.2445,183.5284,3:27:47:878467,0
267.703,181.5753,3:27:47:883518,0
264.309,179.7097,3:27:47:886519,0
260.9889,177.9316,3:27:47:891537,0
257.7917,176.2409,3:27:47:895517,0
254.7175,174.5793,3:27:47:899518,0
251.6924,173.0052,3:27:47:902519,0
248.7412,171.4895,3:27:47:907408,0
245.9867,170.0903,3:27:47:911423,0
243.3306,168.8368,3:27:47:915277,0
240.7236,167.6708,3:27:47:919220,0
238.1905,166.6214,3:27:47:923302,0
235.8049,165.6886,3:27:47:927217,0
233.5914,164.8432,3:27:47:931360,0
231.5256,164.1145,3:27:47:935368,0
229.681,163.5315,3:27:47:939656,0
227.9841,162.9776,3:27:47:943666,0
226.3609,162.5404,3:27:47:946668,0
224.9344,162.1031,3:27:47:950666,0
223.6556,161.7533,3:27:47:955669,0
222.4751,161.4619,3:27:47:958668,0
221.3438,161.1995,3:27:47:963466,0
220.36,160.9663,3:27:47:967476,0
219.45,160.7914,3:27:47:971475,0
218.6384,160.6165,3:27:47:975490,0
217.9252,160.4999,3:27:47:979413,0
217.3596,160.3542,3:27:47:983441,0
216.8923,160.0918,3:27:47:987421,0
216.5726,159.8586,3:27:47:991424,1754
216.425,159.5671,3:27:47:995436,1754
216.425,159.2756,3:27:47:999422,1754
216.425,158.955,3:27:48:003464,1764
217.3842,158.6343,3:27:48:007475,1765
218.3187,158.2262,3:27:48:011474,1770
219.4992,157.9347,3:27:48:015479,1781
221.0732,157.6723,3:27:48:019475,1783
223.0161,157.4683,3:27:48:023487,1818
225.2542,157.2059,3:27:48:027482,1870
227.7873,156.9436,3:27:48:031473,1938
230.7632,156.6521,3:27:48:035485,2022
234.1571,156.3606,3:27:48:039479,2098
237.9445,156.0691,3:27:48:043476,2159
242.1255,155.6902,3:27:48:047484,2215
246.6261,155.3112,3:27:48:051487,2267
251.3973,154.9031,3:27:48:055473,2329
256.7096,154.4367,3:27:48:059405,2402
262.5137,153.9411,3:27:48:063415,2475
268.7113,153.3873,3:27:48:067418,2549
275.1303,152.7751,3:27:48:071426,2621
282.0165,152.0172,3:27:48:075422,2688
289.3455,151.2302,3:27:48:079433,2745
297.2155,150.3557,3:27:48:083543,2796
305.5036,149.3646,3:27:48:087553,2834
314.2097,148.3152,3:27:48:091554,2871
323.2357,147.2366,3:27:48:095554,2907
332.4829,146.0998,3:27:48:099554,2940
342.1974,144.963,3:27:48:102960,2968
352.1087,143.8261,3:27:48:106959,2999
362.0446,142.6893,3:27:48:110959,3026
372.1772,141.6107,3:27:48:114960,3054
382.5804,140.5322,3:27:48:119413,3074
392.9344,139.4827,3:27:48:123422,3085
403.3375,138.4042,3:27:48:128421,3098
413.8882,137.3548,3:27:48:131425,3105
424.193,136.3345,3:27:48:135425,3114
434.3994,135.2852,3:27:48:139421,3120
444.655,134.2941,3:27:48:143423,3123
454.4925,133.3029,3:27:48:147446,3128
464.0103,132.3993,3:27:48:151380,3132
473.4543,131.5831,3:27:48:155434,3135
482.5786,130.8544,3:27:48:159457,3134
491.2848,130.2422,3:27:48:163484,3132
499.9171,129.7758,3:27:48:167264,3108
508.279,129.4843,3:27:48:171265,3037
516.395,129.2802,3:27:48:175264,2894
524.2896,129.2802,3:27:48:179265,2645
531.889,129.2802,3:27:48:183578,2227
539.1688,129.2802,3:27:48:187589,1623
546.1288,130.0673,3:27:48:191587,984
552.7937,130.0673,3:27:48:196586,451
558.9667,131.0293,3:27:48:200602,0
564.4758,131.0293,3:27:48:204587,0
569.3945,132.0204,3:27:48:206587,0
573.8459,132.0204,3:27:48:210590,0
577.6826,132.8365,3:27:48:214588,0
580.929,132.8365,3:27:48:219503,0
583.4621,133.4487,3:27:48:222506,0
585.4788,133.4487,3:27:48:227402,0
586.9545,134.09,3:27:48:231428,0
587.9874,134.4981,3:27:48:236412,0
588.676,135.052,3:27:48:239428,0
588.9957,135.7224,3:27:48:243562,0
589.5614,136.422,3:27:48:247572,0
589.5614,136.422,3:27:48:264828,0
