233.4193,201.1059,3:31:37:545484,0
233.4193,201.1059,3:31:37:550468,0
234.0587,201.1059,3:31:37:554469,0
234.0587,202.097,3:31:37:559063,0
234.7473,202.7674,3:31:37:562073,0
234.7473,203.6419,3:31:37:566073,0
235.5589,204.5455,3:31:37:570073,0
235.5589,205.7407,3:31:37:575092,0
236.4443,206.9942,3:31:37:578960,0
236.4443,208.1893,3:31:37:582261,0
236.4443,209.4136,3:31:37:587296,0
236.4443,210.4339,3:31:37:590328,0
236.4443,211.4832,3:31:37:594335,0
236.4443,212.2411,3:31:37:598328,0
236.4443,212.9991,3:31:37:602768,0
236.4443,213.4655,3:31:37:606778,0
236.4443,213.8736,3:31:37:610775,0
236.4443,214.0776,3:31:37:614779,0
236.4443,214.0776,3:31:37:618785,0
235.9032,214.0776,3:31:37:622802,0
235.9032,214.0776,3:31:37:626160,0
235.9032,214.0776,3:31:37:630173,0
235.9032,214.0776,3:31:37:634160,0
235.9032,213.1156,3:31:37:638160,0
235.9032,213.1156,3:31:37:642800,0
235.9032,212.2411,3:31:37:646808,0
235.9032,212.2411,3:31:37:650804,0
236.7394,211.25,3:31:37:654832,0
236.7394,210.6962,3:31:37:658814,0
237.5018,210.0549,3:31:37:662813,0
237.5018,209.4136,3:31:37:666814,0
238.5348,208.714,3:31:37:670704,0
239.0267,207.8978,3:31:37:674713,0
239.6169,206.9942,3:31:37:678714,0
240.158,206.0614,3:31:37:682495,0
240.6498,205.0411,3:31:37:686505,0
241.1663,203.9334,3:31:37:690505,0
241.5844,202.8548,3:31:37:694506,0
242.0271,201.7471,3:31:37:698505,0
242.4452,200.6395,3:31:37:702801,0
242.8633,199.5318,3:31:37:706730,0
243.2814,198.3949,3:31:37:710739,0
243.7487,197.3455,3:31:37:714738,0
244.1913,196.2961,3:31:37:718776,0
244.6586,195.3342,3:31:37:722741,0
245.1505,194.2847,3:31:37:727053,0
245.6916,193.2937,3:31:37:730061,0
246.208,192.2734,3:31:37:734813,0
246.7245,191.2531,3:31:37:738747,0
247.241,190.2329,3:31:37:742762,0
247.8066,189.1543,3:31:37:746758,0
248.3969,188.0175,3:31:37:750756,0
249.0363,186.7349,3:31:37:755025,0
249.6266,185.4523,3:31:37:758035,0
250.2168,184.1114,3:31:37:763034,0
250.8562,182.7413,3:31:37:766038,0
251.5203,181.2256,3:31:37:770039,0
252.1597,179.6806,3:31:37:774806,0
252.75,178.0482,3:31:37:778819,0
253.3402,176.5033,3:31:37:782816,0
253.9551,174.9292,3:31:37:786819,0
254.5945,173.3842,3:31:37:791163,0
255.2094,171.8392,3:31:37:794176,0
255.7996,170.3235,3:31:37:799172,0
256.3653,168.8951,3:31:37:803172,0
256.9555,167.5251,3:31:37:806173,0
257.5949,166.2133,3:31:37:810806,0
258.136,164.8724,3:31:37:814824,0
258.6771,163.5315,3:31:37:818817,0
259.1443,162.2489,3:31:37:822838,0
259.587,160.908,3:31:37:826948,0
260.0543,159.5379,3:31:37:830956,0
260.497,158.1679,3:31:37:833961,0
261.0135,156.7104,3:31:37:837958,0
261.5299,155.2529,3:31:37:842958,0
262.0464,153.7371,3:31:37:845956,0
262.6367,152.1339,3:31:37:850913,0
263.3745,150.4431,3:31:37:854923,0
264.1123,148.8107,3:31:37:857923,0
264.9485,147.0909,3:31:37:862921,0
265.8338,145.3127,3:31:37:866922,0
266.6454,143.5054,3:31:37:869926,0
267.457,141.7273,3:31:37:874923,0
268.367,139.9491,3:31:37:877948,0
269.2278,138.2876,3:31:37:882679,0
270.0394,136.6552,3:31:37:886730,0
270.7772,135.052,3:31:37:890709,0
271.4412,133.5945,3:31:37:894916,0
272.1299,132.1661,3:31:37:898432,0
272.7693,130.7961,3:31:37:902887,0
273.3595,129.5134,3:31:37:906421,0
273.9252,128.2892,3:31:37:910418,0
274.4171,127.1523,3:31:37:914418,0
274.8843,126.0737,3:31:37:918418,0
275.3516,125.0244,3:31:37:922418,0
275.7943,124.0624,3:31:37:926419,0
276.1632,123.1588,3:31:37:930418,0
276.5075,122.3426,3:31:37:934418,0
276.8026,121.5555,3:31:37:938418,0
277.024,120.7684,3:31:37:942680,0
277.1716,120.0397,3:31:37:946025,0
277.2945,119.2818,3:31:37:950026,0
277.3929,118.5239,3:31:37:954026,0
277.4175,117.766,3:31:37:958680,0
277.4913,117.0081,3:31:37:962724,0
277.5405,116.2502,3:31:37:966719,0
277.6143,115.5214,3:31:37:970723,0
277.6635,114.851,3:31:37:974719,0
277.7618,114.1514,3:31:37:978732,0
277.8356,113.5684,3:31:37:982804,0
277.8848,112.9563,3:31:37:986812,0
277.8848,112.3733,3:31:37:990681,0
277.9094,111.8485,3:31:37:994714,0
277.9094,111.3239,3:31:37:998792,0
277.9094,110.8575,3:31:38:002799,0
277.9094,110.4202,3:31:38:006303,0
277.9094,109.9538,3:31:38:011310,0
277.9094,109.5165,3:31:38:014310,0
277.9094,109.1376,3:31:38:018308,0
277.9094,108.8169,3:31:38:022309,0
277.9094,108.4963,3:31:38:026313,0
277.9094,108.1465,3:31:38:030310,0
277.9094,107.8259,3:31:38:034312,0
277.9094,107.4761,3:31:38:038311,0
277.9094,107.1554,3:31:38:042309,0
277.9094,106.8639,3:31:38:046676,0
277.9094,106.5141,3:31:38:050360,0
277.9094,106.106,3:31:38:055063,0
277.9094,105.7562,3:31:38:058059,645
277.9094,105.4064,3:31:38:062921,667
277.9094,105.1149,3:31:38:065931,716
277.9094,104.8234,3:31:38:069954,784
277.9094,104.5611,3:31:38:074931,887
277.9094,104.3861,3:31:38:077930,972
277.9094,104.1821,3:31:38:081931,1034
277.9094,104.1238,3:31:38:086638,1073
277.9094,104.1238,3:31:38:089942,1090
277.9094,104.1238,3:31:38:094853,1141
277.9094,104.1238,3:31:38:097853,1216
278.4996,104.8525,3:31:38:102881,1345
278.4996,104.8525,3:31:38:105853,1505
278.9423,106.3683,3:31:38:110509,1655
278.9423,107.6801,3:31:38:114519,1806
278.9423,109.2542,3:31:38:118444,1928
279.3604,111.2655,3:31:38:122457,2027
279.3604,113.5684,3:31:38:126511,2116
279.3604,116.1044,3:31:38:130454,2196
279.3604,118.9612,3:31:38:134802,2274
278.4996,121.9344,3:31:38:138829,2345
278.4996,124.8786,3:31:38:142591,2409
277.6389,127.9102,3:31:38:146591,2477
277.6389,131.0001,3:31:38:150590,2546
276.7289,134.1774,3:31:38:154592,2628
276.2616,137.6171,3:31:38:158744,2715
275.8681,141.1443,3:31:38:162605,2785
275.5238,144.7881,3:31:38:166407,2856
275.2041,148.4901,3:31:38:170404,2929
275.2041,152.3087,3:31:38:174427,3004
274.8351,156.0108,3:31:38:178404,3098
274.8351,159.5963,3:31:38:182933,3191
274.8351,162.9776,3:31:38:185946,3268
274.8351,165.9801,3:31:38:189946,3341
274.8351,168.6911,3:31:38:193946,3393
274.8351,171.198,3:31:38:197944,3442
274.8351,173.5008,3:31:38:201944,3488
275.4746,175.687,3:31:38:206272,3524
275.4746,177.7567,3:31:38:210283,3557
276.0157,179.7972,3:31:38:215286,3579
276.0157,181.7502,3:31:38:218295,3595
276.5075,183.5284,3:31:38:222745,3609
276.5075,185.2191,3:31:38:226773,3621
276.9256,186.7057,3:31:38:231162,3631
276.9256,188.0466,3:31:38:234173,3637
277.2699,189.1543,3:31:38:239172,3644
277.2699,189.9997,3:31:38:242173,3652
277.4913,190.5827,3:31:38:246172,3666
277.4913,191.0491,3:31:38:250170,3705
277.4913,191.3406,3:31:38:254171,3792
277.6635,191.4863,3:31:38:258187,3898
277.6635,191.4863,3:31:38:262201,4000
277.6635,191.4863,3:31:38:266201,4071
277.6635,191.4863,3:31:38:270197,4093
277.6635,190.437,3:31:38:274199,4098
277.6635,189.7082,3:31:38:278801,4091
277.6635,188.7462,3:31:38:282812,4091
277.6635,187.6385,3:31:38:286769,4089
277.6635,186.2685,3:31:38:290774,4084
277.024,184.8985,3:31:38:294795,4085
277.024,183.4409,3:31:38:298787,4089
276.2616,181.9834,3:31:38:303160,4085
275.7697,180.4968,3:31:38:306171,4081
275.1303,179.0976,3:31:38:310442,4072
274.3679,177.7567,3:31:38:314452,4062
273.4579,176.5616,3:31:38:318451,4055
272.4742,175.4538,3:31:38:322452,4043
271.2937,174.4044,3:31:38:326816,4036
270.0148,173.4425,3:31:38:330827,4026
268.5883,172.568,3:31:38:334826,4020
267.0143,171.8392,3:31:38:338826,4014
265.1944,171.198,3:31:38:342827,4006
263.2761,170.6441,3:31:38:346827,4001
261.1856,170.1485,3:31:38:350218,3996
258.8,169.8571,3:31:38:354219,3990
256.2915,169.6821,3:31:38:358218,3989
253.5616,169.653,3:31:38:362218,3979
250.7087,169.653,3:31:38:366737,3974
247.782,169.653,3:31:38:370340,3972
244.9292,170.4692,3:31:38:374322,3966
242.1255,170.4692,3:31:38:378332,3969
239.3956,171.9267,3:31:38:382387,3968
236.7886,172.9761,3:31:38:386330,3965
234.3539,174.2587,3:31:38:390331,3970
232.042,175.7745,3:31:38:394335,3975
229.8778,177.6693,3:31:38:397940,3980
227.7873,179.8846,3:31:38:402972,3995
225.6723,182.4207,3:31:38:406334,4004
223.6064,185.1899,3:31:38:410350,4008
221.5405,188.1924,3:31:38:414606,4013
219.5976,191.3698,3:31:38:418414,4018
217.7285,194.6346,3:31:38:422805,4022
215.9085,197.9285,3:31:38:426815,4025
214.2853,201.1059,3:31:38:430499,4029
212.8589,204.2249,3:31:38:434513,4030
211.6292,207.2565,3:31:38:438605,4045
210.6455,210.463,3:31:38:442600,4061
209.8339,213.8152,3:31:38:446601,4076
209.2436,217.1675,3:31:38:450597,4098
208.8501,220.6655,3:31:38:454014,4107
208.678,224.2509,3:31:38:458024,4115
208.6288,227.8656,3:31:38:462049,4123
208.6288,231.4218,3:31:38:466025,4129
208.6288,234.949,3:31:38:470708,4133
209.5142,238.1263,3:31:38:474676,4141
210.129,241.1288,3:31:38:478720,4150
210.9406,243.9855,3:31:38:482674,4159
211.9735,246.5215,3:31:38:486747,4178
213.2278,249.0576,3:31:38:490266,4193
214.7034,251.5062,3:31:38:494268,4210
216.3758,253.8382,3:31:38:498266,4222
218.2695,256.1119,3:31:38:502263,4226
220.36,258.2398,3:31:38:506265,4232
222.5488,260.1929,3:31:38:510490,4235
224.8853,261.8836,3:31:38:514503,4242
227.32,263.4577,3:31:38:519047,4251
229.7548,264.682,3:31:38:522049,4255
232.3372,265.5273,3:31:38:526049,4259
235.0425,265.9937,3:31:38:530049,4266
237.8216,266.1104,3:31:38:534734,4269
240.5515,266.1104,3:31:38:538059,4273
243.306,265.3816,3:31:38:542799,4276
245.9867,264.5945,3:31:38:546319,4274
248.569,263.516,3:31:38:550466,4278
251.0038,262.2334,3:31:38:554368,4276
253.1435,260.7176,3:31:38:558371,4281
255.0126,259.1143,3:31:38:562365,4284
256.6358,257.5403,3:31:38:566796,4286
257.9638,255.937,3:31:38:569806,4287
259.1198,254.392,3:31:38:575808,4282
260.0543,252.9346,3:31:38:578817,4283
260.8413,251.6811,3:31:38:583806,4292
261.4561,250.6026,3:31:38:586809,4314
261.9234,249.7572,3:31:38:591852,4352
262.3415,249.0867,3:31:38:596038,4389
262.6121,248.562,3:31:38:598038,4411
262.858,248.2706,3:31:38:604035,4426
263.0302,248.0956,3:31:38:607036,4430
263.2023,248.0956,3:31:38:610035,4453
263.399,248.0956,3:31:38:614060,4504
263.645,248.0956,3:31:38:618828,4571
263.9893,248.9702,3:31:38:622842,4658
264.3336,249.728,3:31:38:626840,4741
264.8009,250.6026,3:31:38:630842,4819
265.2928,251.7977,3:31:38:635006,4897
265.8584,253.3135,3:31:38:638015,4970
266.4487,255.0916,3:31:38:642110,5019
266.9897,257.1905,3:31:38:646016,5062
267.457,259.4933,3:31:38:650016,5088
267.9489,262.0002,3:31:38:654019,5097
268.367,264.7112,3:31:38:657711,5110
268.7605,267.6844,3:31:38:662032,5115
269.1048,270.5995,3:31:38:666029,5114
269.4245,273.631,3:31:38:670032,5116
269.7443,276.6043,3:31:38:674793,5121
269.9902,279.5485,3:31:38:677804,5110
270.3345,282.5218,3:31:38:682339,5118
270.6788,285.5534,3:31:38:686280,5115
271.0969,288.6725,3:31:38:690276,5099
271.5396,291.7624,3:31:38:694278,5054
272.1053,294.9106,3:31:38:698756,4926
272.7939,298.117,3:31:38:702764,4708
273.5809,301.1778,3:31:38:706767,4369
274.54,304.1802,3:31:38:710764,3873
275.5484,307.0661,3:31:38:714774,3186
276.6059,309.6605,3:31:38:718764,2158
277.7864,311.905,3:31:38:722741,1231
279.0653,313.8872,3:31:38:726761,500
280.3933,315.4904,3:31:38:730801,0
281.7214,316.773,3:31:38:734809,0
283.1233,317.5892,3:31:38:738094,0
284.5497,318.0265,3:31:38:742084,0
286.0745,318.0265,3:31:38:746087,0
287.6731,318.0265,3:31:38:750084,0
289.3209,316.569,3:31:38:754741,0
291.2146,315.1989,3:31:38:758135,0
293.2559,313.4208,3:31:38:762729,0
295.4939,311.2346,3:31:38:766209,0
297.9779,308.7277,3:31:38:770743,0
300.6832,305.9293,3:31:38:774467,0
303.5852,302.956,3:31:38:778795,0
306.5857,299.6912,3:31:38:782805,0
309.7091,296.2223,3:31:38:786875,0
312.7833,292.5786,3:31:38:789859,0
315.9313,288.8474,3:31:38:794858,0
319.1777,285.087,3:31:38:797859,0
322.0797,281.2101,3:31:38:802208,0
324.9818,277.4206,3:31:38:806198,0
327.7609,273.3979,3:31:38:810795,0
330.4662,269.3752,3:31:38:813805,0
333.024,265.2358,3:31:38:818743,0
335.385,261.0966,3:31:38:822754,0
337.6476,256.9281,3:31:38:826753,0
339.5659,252.7305,3:31:38:830754,0
341.4842,248.5329,3:31:38:834754,0
343.1074,244.3062,3:31:38:838766,0
344.4601,240.196,3:31:38:842773,0
345.5668,236.2025,3:31:38:846752,0
346.4276,232.3255,3:31:38:850757,0
347.0178,228.6234,3:31:38:854752,0
347.2638,225.0963,3:31:38:858754,0
347.2638,221.5692,3:31:38:862425,0
347.2638,218.246,3:31:38:866425,0
347.2638,215.0687,3:31:38:870424,0
346.2062,212.0663,3:31:38:874425,0
345.5668,209.3261,3:31:38:878743,0
344.9273,206.8484,3:31:38:882603,0
344.3125,204.5455,3:31:38:886742,0
343.8452,202.4759,3:31:38:890580,0
343.8452,200.6686,3:31:38:894870,0
343.4271,199.0654,3:31:38:897871,0
343.4271,197.6662,3:31:38:902745,0
343.4271,196.4418,3:31:38:906785,0
344.3125,195.3342,3:31:38:910742,0
345.0011,194.343,3:31:38:914754,0
345.8127,193.4977,3:31:38:918753,0
346.7227,192.7398,3:31:38:922753,0
347.731,192.1568,3:31:38:926753,0
348.7886,191.6321,3:31:38:930793,0
349.9691,191.3114,3:31:38:934803,0
351.2479,191.0782,3:31:38:938794,0
352.6006,190.9617,3:31:38:942805,0
354.0024,190.9617,3:31:38:946823,0
355.5027,190.9617,3:31:38:950804,0
357.0029,190.9617,3:31:38:954803,0
358.4047,190.9617,3:31:38:957802,0
359.6836,191.6613,3:31:38:962792,0
360.9379,191.6613,3:31:38:966803,0
362.0692,191.6613,3:31:38:970743,0
363.0284,192.2151,3:31:38:973923,0
363.8399,192.2151,3:31:38:978792,0
364.5286,192.2151,3:31:38:982803,0
365.0942,192.2151,3:31:38:987042,0
365.6599,192.2151,3:31:38:990052,0
366.1272,191.4572,3:31:38:994053,0
366.3977,191.4572,3:31:38:998052,0
366.5945,190.3786,3:31:39:002166,0
366.742,189.679,3:31:39:006052,0
366.742,188.8337,3:31:39:010687,0
366.742,187.8426,3:31:39:014754,0
366.742,186.7349,3:31:39:018740,0
365.6599,185.5106,3:31:39:022713,0
364.9713,184.1405,3:31:39:026800,0
364.1351,182.5956,3:31:39:030811,0
363.1021,180.9341,3:31:39:034810,0
361.8232,179.0976,3:31:39:038811,0
360.323,177.1154,3:31:39:042815,0
358.6261,175.1332,3:31:39:046809,0
356.7569,173.0052,3:31:39:050983,0
354.7157,170.9064,3:31:39:053948,0
352.3792,168.7785,3:31:39:058961,0
349.8215,166.7088,3:31:39:062243,0
347.0424,164.6392,3:31:39:066293,0
344.1158,162.657,3:31:39:070296,0
340.9431,160.6456,3:31:39:074340,0
337.5984,158.6343,3:31:39:078293,0
334.1307,156.6812,3:31:39:082800,0
330.6138,154.6407,3:31:39:086316,0
327.0477,152.6586,3:31:39:090800,0
323.58,150.6472,3:31:39:094810,0
320.2106,148.7233,3:31:39:097808,0
316.9643,146.7994,3:31:39:102443,0
313.7671,144.9046,3:31:39:106442,0
310.6436,142.9807,3:31:39:110451,0
307.7908,141.0569,3:31:39:114499,0
304.9133,139.1329,3:31:39:118442,0
302.0359,137.2965,3:31:39:122648,0
299.183,135.4601,3:31:39:126657,0
296.3547,133.5945,3:31:39:130565,0
293.6002,131.6997,3:31:39:134532,0
290.9687,129.8924,3:31:39:138531,0
288.5093,128.056,3:31:39:142532,0
286.0007,126.2778,3:31:39:146807,0
283.7381,124.558,3:31:39:150832,0
281.5984,122.7506,3:31:39:154746,0
279.7293,120.885,3:31:39:158485,0
277.9586,119.0486,3:31:39:162798,0
276.2616,117.1247,3:31:39:165818,0
274.7368,115.1133,3:31:39:170809,0
273.2857,113.0437,3:31:39:173814,0
271.9577,110.8575,3:31:39:178882,0
270.6788,108.5255,3:31:39:181883,0
269.4491,106.2226,3:31:39:185966,0
268.1703,103.8906,3:31:39:190881,0
267.0389,101.5294,3:31:39:195094,0
266.0552,99.19745,3:31:39:198104,0
265.1452,96.8946,3:31:39:202104,0
264.3828,94.5626,3:31:39:206104,0
263.6942,92.4055,3:31:39:210162,0
263.1039,90.3067,3:31:39:214104,0
262.6859,88.1496,3:31:39:218666,0
262.3415,86.0508,3:31:39:222677,0
261.9972,83.952,3:31:39:226679,0
261.6037,81.76575,3:31:39:230674,0
261.2348,79.5795,3:31:39:234676,0
260.8659,77.39325,3:31:39:238677,0
260.62,75.2653,3:31:39:242717,0
260.4478,73.07905,3:31:39:246717,0
260.3986,70.92195,3:31:39:250740,0
260.3986,68.7357,3:31:39:254703,0
260.3986,66.5786,3:31:39:258793,0
261.0135,64.56725,3:31:39:262804,0
261.0135,62.64335,3:31:39:266817,0
262.0464,60.83605,3:31:39:270805,0
262.6367,59.0579,3:31:39:274804,0
263.2269,57.39635,3:31:39:277802,0
263.7926,55.9097,3:31:39:283017,0
264.3582,54.53965,3:31:39:287026,0
264.9485,53.31535,3:31:39:290694,0
265.4649,52.1785,3:31:39:294703,0
266.006,51.21655,3:31:39:298705,0
266.5717,50.3129,3:31:39:302748,0
267.0389,49.555,3:31:39:306705,0
267.5554,48.9137,3:31:39:310079,0
267.9735,48.35985,3:31:39:314130,0
268.4162,47.9226,3:31:39:318106,0
268.7851,47.54365,3:31:39:322104,0
269.2032,47.223,3:31:39:326791,0
269.5229,46.9315,3:31:39:329801,0
269.7443,46.55255,3:31:39:334759,0
269.8918,46.14445,3:31:39:338695,0
269.941,45.6489,3:31:39:342694,0
269.9902,45.1825,3:31:39:346695,835
269.9902,44.62865,3:31:39:350695,841
269.9902,44.0748,3:31:39:354576,848
269.9902,43.52095,3:31:39:358575,868
269.3261,43.0254,3:31:39:362574,903
269.3261,42.6173,3:31:39:366575,953
268.6621,42.41325,3:31:39:370639,1025
268.1703,42.29665,3:31:39:374108,1111
267.457,42.29665,3:31:39:378918,1210
266.5717,42.29665,3:31:39:381929,1317
265.4157,42.99625,3:31:39:385931,1430
264.0139,42.99625,3:31:39:389927,1534
262.2678,44.33715,3:31:39:393928,1641
260.2265,45.1825,3:31:39:397926,1739
258.013,46.14445,3:31:39:402606,1840
255.5536,47.223,3:31:39:406575,1946
252.8975,48.30155,3:31:39:411576,2042
250.1184,49.35095,3:31:39:416576,2119
247.3147,50.40035,3:31:39:418578,2169
244.5357,51.39145,3:31:39:422573,2200
241.7812,52.4117,3:31:39:427577,2219
239.0267,53.31535,3:31:39:430676,2232
236.2722,54.219,3:31:39:434708,2243
233.5668,55.0352,3:31:39:438275,2253
230.8123,55.8514,3:31:39:442729,2253
228.0332,56.58015,3:31:39:446747,2261
225.205,57.27975,3:31:39:450728,2263
222.2537,57.8919,3:31:39:454736,2267
219.2779,58.38745,3:31:39:458727,2278
216.425,58.85385,3:31:39:462226,2283
213.7935,59.14535,3:31:39:467241,2288
211.4079,59.3494,3:31:39:470225,2293
209.2928,59.466,3:31:39:474224,2292
207.5467,59.466,3:31:39:478299,2294
206.0219,59.466,3:31:39:482224,2294
204.8168,59.466,3:31:39:486786,2289
203.956,58.67895,3:31:39:490796,2280
203.3165,58.67895,3:31:39:494795,2253
202.7263,57.51295,3:31:39:498796,2238
202.3574,56.7259,3:31:39:502824,2219
202.1114,55.76395,3:31:39:506829,2198
202.0377,54.65625,3:31:39:510735,2186
202.0377,53.37365,3:31:39:514677,2167
202.0377,51.887,3:31:39:518661,2144
202.9476,50.2546,3:31:39:522661,2129
203.5871,48.5056,3:31:39:526662,2118
204.4478,46.72745,3:31:39:530660,2096
205.5546,44.80355,3:31:39:534790,2092
206.9564,42.8505,3:31:39:538801,2076
208.5796,40.89745,3:31:39:542320,2064
210.4733,38.91525,3:31:39:546320,2069
212.5638,37.22455,3:31:39:550009,2067
214.8264,35.70875,3:31:39:554010,2082
217.2612,34.3387,3:31:39:559017,2094
219.7206,33.1727,3:31:39:562009,2111
222.2045,32.3565,3:31:39:566785,2130
224.5901,31.8901,3:31:39:570813,2166
226.9019,31.6569,3:31:39:574738,2235
229.1646,31.6569,3:31:39:578765,2334
231.3042,31.6569,3:31:39:582745,2459
233.5423,33.26015,3:31:39:586753,2588
235.8049,34.60105,3:31:39:591309,2714
238.1905,36.3792,3:31:39:595318,2822
240.6498,38.56545,3:31:39:598319,2915
243.183,41.1015,3:31:39:602324,3000
245.7408,44.04565,3:31:39:606369,3063
248.3477,47.25215,3:31:39:610396,3114
250.93,50.5461,3:31:39:614371,3150
253.4386,54.01495,3:31:39:618369,3176
255.775,57.62955,3:31:39:622799,3215
257.9638,61.47735,3:31:39:626827,3250
259.9559,65.4709,3:31:39:630790,3285
261.8251,69.5519,3:31:39:634814,3315
263.4974,73.5746,3:31:39:638799,3329
265.0714,77.5973,3:31:39:642809,3346
266.67,81.5617,3:31:39:646808,3354
268.244,85.38035,3:31:39:650810,3355
269.8672,88.93665,3:31:39:654808,3337
271.6134,92.0557,3:31:39:658809,3267
273.4825,94.9124,3:31:39:662805,3132
275.5238,97.56505,3:31:39:666817,2904
277.7618,100.0428,3:31:39:670817,2557
280.1474,102.5205,3:31:39:674817,2041
282.6068,104.9691,3:31:39:678818,1372
285.1891,107.3886,3:31:39:681818,765
287.7961,109.8663,3:31:39:687004,294
290.3538,112.1983,3:31:39:690005,0
292.8132,114.3263,3:31:39:694566,0
295.3217,116.221,3:31:39:698083,0
297.8549,117.8826,3:31:39:702082,0
300.4373,119.1944,3:31:39:706086,0
303.0688,120.1854,3:31:39:711081,0
305.7249,120.9725,3:31:39:714083,0
308.4548,121.468,3:31:39:718791,0
311.3077,121.8762,3:31:39:721803,0
314.3327,122.3426,3:31:39:726185,0
317.5299,122.809,3:31:39:730189,0
320.6041,123.3336,3:31:39:734189,0
323.8997,123.8875,3:31:39:738189,0
327.2936,124.5871,3:31:39:742741,0
330.8105,125.2867,3:31:39:746237,0
334.3274,126.132,3:31:39:750242,0
337.8198,127.094,3:31:39:754264,0
341.4104,128.1142,3:31:39:758746,0
345.0749,129.2511,3:31:39:762171,0
349.0591,130.5629,3:31:39:766794,0
352.9695,132.0786,3:31:39:770103,0
356.9537,133.7693,3:31:39:774105,0
360.8887,135.7224,3:31:39:778214,0
364.8483,137.8795,3:31:39:782105,0
368.8079,140.1823,3:31:39:786791,0
372.5953,142.6893,3:31:39:789801,0
375.9647,145.371,3:31:39:794743,0
378.8667,148.1403,3:31:39:798754,0
381.4737,150.9095,3:31:39:802754,0
383.6133,153.7371,3:31:39:806753,0
385.3595,156.5063,3:31:39:811219,0
386.8105,159.2173,3:31:39:814229,0
387.868,161.8408,3:31:39:818228,0
388.655,164.3477,3:31:39:822232,0
389.1715,166.6797,3:31:39:826274,0
389.4912,168.8368,3:31:39:830232,0
389.5404,170.7607,3:31:39:834271,0
389.5404,172.4805,3:31:39:838300,0
389.5404,173.9672,3:31:39:842945,0
388.4583,175.1624,3:31:39:845955,0
387.7451,176.1534,3:31:39:850074,0
386.8597,176.9113,3:31:39:853956,0
385.9251,177.4652,3:31:39:858086,0
384.8922,177.8733,3:31:39:861958,0
383.8593,178.1065,3:31:39:866796,0
382.8755,178.194,3:31:39:871969,0
381.9901,178.2231,3:31:39:873979,0
381.2523,178.2231,3:31:39:878006,0
380.6129,178.2231,3:31:39:881977,0
380.244,178.2231,3:31:39:885981,0
380.244,177.2029,3:31:39:889979,0
380.244,177.2029,3:31:39:894246,0
380.244,175.8911,3:31:39:898050,0
380.244,175.0166,3:31:39:903053,0
381.4737,173.9089,3:31:39:906094,0
382.3098,172.6555,3:31:39:910144,0
383.2936,171.2271,3:31:39:916060,0
384.4249,169.7113,3:31:39:919070,0
385.6546,167.9915,3:31:39:923086,0
386.9581,166.0384,3:31:39:927115,0
388.3353,164.0271,3:31:39:930094,0
389.7617,161.8408,3:31:39:935102,0
391.2374,159.5379,3:31:39:938107,0
392.8114,157.1185,3:31:39:942098,0
394.3854,154.6407,3:31:39:946694,0
396.0086,152.1339,3:31:39:950705,0
397.6809,149.5103,3:31:39:954789,0
399.3287,146.8286,3:31:39:958129,0
400.9765,144.0885,3:31:39:962165,0
402.6735,141.3192,3:31:39:966129,0
404.3213,138.5791,3:31:39:970129,0
405.9936,135.839,3:31:39:974129,0
407.6168,133.0989,3:31:39:978760,0
409.1662,130.4462,3:31:39:982753,0
410.691,127.9102,3:31:39:986757,0
412.1667,125.5199,3:31:39:990759,0
413.5439,123.217,3:31:39:994740,0
414.7982,121.1182,3:31:39:998758,0
415.9049,119.1069,3:31:40:002751,0
416.8886,117.183,3:31:40:006751,0
417.6265,115.2882,3:31:40:010748,1102
418.2167,113.5101,3:31:40:014751,1164
418.684,111.8485,3:31:40:018738,1281
419.0283,110.3327,3:31:40:022751,1423
419.2497,109.0501,3:31:40:026746,1591
419.4464,107.8259,3:31:40:030747,1709
419.5694,106.7765,3:31:40:034747,1788
419.6678,106.106,3:31:40:039747,1843
419.7907,105.6687,3:31:40:042746,1867
419.8399,105.3773,3:31:40:046754,1883
419.9383,105.3481,3:31:40:050807,1917
420.0612,105.3481,3:31:40:054823,1981
420.1842,106.1935,3:31:40:058808,2105
420.2826,107.272,3:31:40:062822,2268
420.3564,108.8169,3:31:40:066821,2435
420.381,110.8575,3:31:40:070810,2610
420.381,113.3643,3:31:40:074808,2760
420.381,116.3376,3:31:40:078807,2889
420.381,119.6899,3:31:40:082807,3013
420.381,123.392,3:31:40:086810,3115
420.381,127.3563,3:31:40:090357,3227
419.4956,131.6705,3:31:40:094368,3337
419.4956,136.3929,3:31:40:098383,3444
418.8562,141.4358,3:31:40:102367,3574
418.8562,146.6537,3:31:40:106367,3693
417.9708,151.9881,3:31:40:110368,3807
417.5281,157.4391,3:31:40:114797,3911
417.0608,162.9776,3:31:40:118803,4021
416.5689,168.866,3:31:40:122796,4105
416.0771,174.7542,3:31:40:126807,4187
415.5606,180.3802,3:31:40:130804,4265
415.0441,185.7729,3:31:40:134807,4303
414.5522,190.9908,3:31:40:138820,4334
414.0358,196.1503,3:31:40:141826,4361
413.5193,201.135,3:31:40:146737,4387
413.0028,205.9739,3:31:40:150762,4409
412.5602,210.4339,3:31:40:154747,4433
412.0929,214.6315,3:31:40:158747,4450
411.6256,218.625,3:31:40:162745,4458
411.1583,222.3853,3:31:40:166748,4466
410.7402,225.9417,3:31:40:170730,4472
410.2729,229.2939,3:31:40:174755,4479
409.8303,232.2672,3:31:40:178755,4483
409.3876,234.9781,3:31:40:182755,4483
408.9449,237.281,3:31:40:185970,4489
408.5022,239.1758,3:31:40:189969,4492
408.1333,240.6915,3:31:40:193969,4497
407.789,241.8575,3:31:40:197970,4501
407.5184,242.7612,3:31:40:201978,4505
407.2725,243.3734,3:31:40:205982,4518
407.1003,243.8398,3:31:40:210492,4541
406.9774,244.0438,3:31:40:214516,4564
406.9282,244.0438,3:31:40:218914,4579
406.879,244.0438,3:31:40:221914,4588
406.879,243.315,3:31:40:225913,4580
406.879,242.5863,3:31:40:229916,4566
406.879,241.6535,3:31:40:233919,4550
406.879,240.4292,3:31:40:237932,4516
406.879,238.9134,3:31:40:242799,4471
406.879,237.1061,3:31:40:245811,4398
406.879,234.9198,3:31:40:250809,4308
406.879,232.4421,3:31:40:253811,4205
406.879,229.6437,3:31:40:258945,4106
406.879,226.6996,3:31:40:261958,4015
406.879,223.5805,3:31:40:266932,3919
406.879,220.4032,3:31:40:269945,3834
406.1904,217.1675,3:31:40:273942,3745
405.6493,213.961,3:31:40:277941,3661
404.9607,210.7253,3:31:40:281943,3594
404.0753,207.548,3:31:40:285973,3536
403.067,204.429,3:31:40:290170,3485
401.8619,201.2516,3:31:40:294176,3445
400.4109,197.9576,3:31:40:298176,3403
398.9598,194.4888,3:31:40:302176,3376
397.3366,191.1074,3:31:40:306264,3352
395.5905,187.7843,3:31:40:310176,3335
393.7459,184.5486,3:31:40:314966,3324
391.7784,181.5753,3:31:40:317968,3303
389.7126,178.7186,3:31:40:322797,3285
387.5483,176.1534,3:31:40:326807,3271
385.3103,173.938,3:31:40:330815,3257
382.9247,172.0433,3:31:40:334806,3248
380.4653,170.3526,3:31:40:338810,3241
377.9568,168.8368,3:31:40:342824,3240
375.399,167.4959,3:31:40:346805,3241
372.8167,166.3882,3:31:40:350818,3246
370.3327,165.4845,3:31:40:354826,3262
367.8979,164.8432,3:31:40:358818,3274
365.5615,164.3768,3:31:40:364101,3290
363.2497,164.202,3:31:40:366101,3302
360.9379,164.202,3:31:40:370099,3306
358.6261,164.202,3:31:40:374101,3307
356.3142,164.202,3:31:40:378101,3312
354.0024,165.5428,3:31:40:382099,3317
351.5431,166.3882,3:31:40:386664,3322
349.0345,167.3793,3:31:40:390675,3335
346.5751,168.5744,3:31:40:394674,3352
344.1404,169.9153,3:31:40:398674,3371
341.8039,171.4603,3:31:40:402674,3393
339.5659,173.2384,3:31:40:406687,3429
337.5246,175.2789,3:31:40:410673,3465
335.7293,177.6693,3:31:40:418068,3509
334.2045,180.351,3:31:40:421079,3558
332.9748,183.2369,3:31:40:423081,3601
331.991,186.2977,3:31:40:428080,3643
331.2778,189.4458,3:31:40:431077,3685
330.8351,192.769,3:31:40:434078,3735
330.663,196.0629,3:31:40:438168,3791
330.663,199.2694,3:31:40:442136,3848
331.327,202.2719,3:31:40:446123,3913
332.1386,205.0994,3:31:40:450121,3964
333.2453,207.8103,3:31:40:454129,4021
334.6718,210.3172,3:31:40:458121,4087
336.3933,212.795,3:31:40:462748,4153
338.41,215.0979,3:31:40:466756,4230
340.7956,217.2549,3:31:40:470042,4301
343.3779,219.2372,3:31:40:474053,4355
346.157,221.0153,3:31:40:478052,4390
349.1329,222.5311,3:31:40:482050,4419
352.1579,223.8137,3:31:40:486786,4432
355.3305,224.834,3:31:40:490809,4451
358.6261,225.4753,3:31:40:494636,4465
361.9954,225.7668,3:31:40:498636,4473
365.4139,225.7668,3:31:40:502636,4475
368.8325,225.7668,3:31:40:506635,4469
372.2264,224.8048,3:31:40:510487,4460
375.5466,223.9012,3:31:40:514498,4420
378.9405,222.7934,3:31:40:518550,4344
382.1869,221.4817,3:31:40:522551,4199
385.2119,219.9951,3:31:40:526625,3981
388.114,218.3335,3:31:40:530548,3683
390.8685,216.5553,3:31:40:534874,3283
393.4016,214.6606,3:31:40:538886,2763
395.7872,212.6492,3:31:40:542884,2121
398.0744,210.5504,3:31:40:546883,1352
400.2387,208.3642,3:31:40:550882,711
402.3046,206.1488,3:31:40:553887,261
404.3213,203.9626,3:31:40:558344,0
406.1904,201.7471,3:31:40:562354,0
408.0103,199.59,3:31:40:566376,0
409.7811,197.4912,3:31:40:570354,0
411.5026,195.4507,3:31:40:574786,0
413.298,193.556,3:31:40:578799,0
415.0933,191.8653,3:31:40:582041,0
417.0116,190.2329,3:31:40:586040,0
418.9791,188.7462,3:31:40:590039,0
421.0942,187.4053,3:31:40:595039,0
423.406,186.1227,3:31:40:598741,0
425.9146,184.9568,3:31:40:602053,0
428.5707,183.9073,3:31:40:606738,0
431.3498,183.0037,3:31:40:610486,0
434.1535,182.1292,3:31:40:614792,0
437.0309,181.2547,3:31:40:618793,0
440.0068,180.4093,3:31:40:622791,0
443.0072,179.5349,3:31:40:626791,0
445.9339,178.6021,3:31:40:630779,0
448.8113,177.6401,3:31:40:634790,0
451.6888,176.5616,3:31:40:638740,0
454.4187,175.2789,3:31:40:642767,0
457.0503,173.9089,3:31:40:646693,0
459.5096,172.4223,3:31:40:650645,0
461.7968,170.7607,3:31:40:654740,0
463.8873,168.9825,3:31:40:658646,0
465.8302,167.1169,3:31:40:662791,0
467.6501,165.1348,3:31:40:666802,0
469.1996,163.0651,3:31:40:670794,0
470.7244,160.9371,3:31:40:674805,0
472.1016,158.7509,3:31:40:678803,0
473.4543,156.5063,3:31:40:682821,0
474.7578,154.1452,3:31:40:686805,0
475.9874,151.8132,3:31:40:690133,0
477.2171,149.3938,3:31:40:694136,0
478.4222,146.9451,3:31:40:698199,0
479.6027,144.5549,3:31:40:702134,0
480.7832,142.1646,3:31:40:706796,0
481.9883,139.92,3:31:40:709806,0
483.1688,137.7337,3:31:40:714157,0
484.2018,135.6641,3:31:40:718156,0
485.2593,133.6236,3:31:40:722156,0
486.2676,131.758,3:31:40:726156,0
487.2268,129.9507,3:31:40:730793,0
488.1367,128.1725,3:31:40:734813,0
488.9483,126.4527,3:31:40:738791,0
489.637,124.7328,3:31:40:742802,0
490.2272,122.9547,3:31:40:745935,0
490.8175,121.1766,3:31:40:750933,0
491.3094,119.3692,3:31:40:753936,1177
491.7274,117.6202,3:31:40:758939,1230
492.0226,115.9587,3:31:40:761935,1342
492.2931,114.4429,3:31:40:766789,1488
492.4652,113.102,3:31:40:770789,1682
492.662,111.936,3:31:40:774789,1846
492.7604,111.0032,3:31:40:778805,1954
492.8588,110.3619,3:31:40:782789,2018
492.9325,110.0413,3:31:40:786808,2037
492.9817,110.0413,3:31:40:790689,2052
492.9817,110.0413,3:31:40:794697,2102
492.9817,111.2655,3:31:40:798740,2193
492.9817,112.5481,3:31:40:802698,2325
492.9817,114.2971,3:31:40:806713,2475
492.9817,116.5126,3:31:40:810711,2632
492.3423,119.1944,3:31:40:814668,2796
492.3423,122.2551,3:31:40:818733,2951
491.7766,125.7239,3:31:40:822154,3104
491.7766,129.6884,3:31:40:826165,3256
490.965,134.3232,3:31:40:830788,3403
490.4977,139.4827,3:31:40:834799,3569
490.0059,144.9046,3:31:40:838244,3735
489.4402,150.5306,3:31:40:842245,3893
488.8992,156.4772,3:31:40:846350,4070
488.481,162.7444,3:31:40:850245,4228
488.063,169.3907,3:31:40:854876,4384
487.7187,176.1243,3:31:40:858887,4527
487.4973,182.4498,3:31:40:862788,4627
487.3252,188.4547,3:31:40:866318,4701
487.3252,194.2847,3:31:40:869900,4741
487.2268,200.0856,3:31:40:873900,4780
487.2022,205.7699,3:31:40:877900,4813
487.2022,211.25,3:31:40:881900,4841
487.153,216.3513,3:31:40:886642,4869
487.0054,221.161,3:31:40:890650,4874
486.8087,225.6793,3:31:40:894652,4854
486.5381,229.9352,3:31:40:898651,4776
486.1938,233.8996,3:31:40:902649,4637
485.825,237.5725,3:31:40:906659,4415
485.2839,240.6915,3:31:40:910656,4096
484.7182,243.3734,3:31:40:914685,3686
484.0788,245.6762,3:31:40:918555,3154
483.341,247.571,3:31:40:923565,2442
482.6277,249.1159,3:31:40:926550,1566
481.767,250.2819,3:31:40:932553,833
480.8324,251.0981,3:31:40:936665,0
479.7503,251.4479,3:31:40:939675,0
478.5944,251.4479,3:31:40:942683,0
477.2909,251.4479,3:31:40:947675,0
475.9383,249.7572,3:31:40:950690,0
474.438,248.2706,3:31:40:954782,0
472.7903,246.3758,3:31:40:958789,0
471.0687,244.1604,3:31:40:962488,0
469.1996,241.5369,3:31:40:966446,0
467.1829,238.6219,3:31:40:970445,0
464.9449,235.4154,3:31:40:974446,0
462.4855,232.0923,3:31:40:978736,0
459.8047,228.536,3:31:40:982767,0
456.9273,224.8631,3:31:40:986073,0
453.8285,221.0736,3:31:40:990084,0
450.6067,217.1384,3:31:40:994086,0
447.2373,213.174,3:31:40:998082,0
443.7696,209.2679,3:31:41:002792,0
440.2773,205.4783,3:31:41:005803,0
436.7112,201.7471,3:31:41:010856,0
432.8746,198.1034,3:31:41:014865,0
428.9396,194.5179,3:31:41:018868,0
424.9062,191.1949,3:31:41:021866,0
420.7007,188.0175,3:31:41:026916,0
416.1754,184.9276,3:31:41:029927,0
411.5026,181.7794,3:31:41:034781,0
406.6085,178.6312,3:31:41:038809,0
401.3208,175.6288,3:31:41:042797,0
396.0823,172.8304,3:31:41:046795,0
390.4504,170.1485,3:31:41:050792,0
384.7938,167.5251,3:31:41:054809,0
378.9405,164.989,3:31:41:058781,0
373.038,162.657,3:31:41:062793,0
367.0371,160.5291,3:31:41:066781,0
361.1346,158.5468,3:31:41:069873,0
355.3305,156.5647,3:31:41:074874,0
349.674,154.5824,3:31:41:077873,0
344.1404,152.6003,3:31:41:082871,0
338.6068,150.618,3:31:41:085874,0
333.2945,148.5484,3:31:41:090729,0
328.2036,146.3622,3:31:41:094740,0
323.1373,144.0885,3:31:41:098740,0
317.9972,141.7273,3:31:41:102742,0
313.0292,139.5119,3:31:41:106778,0
307.9875,137.2382,3:31:41:110788,0
303.1917,135.0228,3:31:41:114781,0
298.4452,132.8949,3:31:41:118793,0
293.6986,130.8835,3:31:41:122795,0
289.0258,128.9888,3:31:41:126794,0
284.4267,127.298,3:31:41:130805,0
279.8523,125.6656,3:31:41:134806,0
275.2041,124.0624,3:31:41:138803,0
270.7034,122.5466,3:31:41:142804,0
266.2274,121.1182,3:31:41:146794,0
261.8742,119.7774,3:31:41:150805,0
257.5457,118.4948,3:31:41:154794,0
253.2173,117.2122,3:31:41:158809,0
249.1839,116.0462,3:31:41:162448,0
245.3472,114.8801,3:31:41:166433,0
241.7074,113.8016,3:31:41:170552,0
238.2151,112.8105,3:31:41:174432,0
234.9687,111.936,3:31:41:178462,0
231.8207,111.0323,3:31:41:182710,0
228.8448,110.2745,3:31:41:186724,0
226.0412,109.604,3:31:41:190657,0
223.3604,109.0501,3:31:41:194921,0
220.7781,108.5255,3:31:41:198536,0
218.3925,108.0882,3:31:41:202522,0
216.1053,107.6801,3:31:41:206545,0
214.0148,107.3303,3:31:41:210524,0
212.0473,107.0388,3:31:41:214521,0
210.3257,106.8639,3:31:41:218655,0
208.8501,106.5724,3:31:41:222717,0
207.5958,106.1643,3:31:41:226178,0
206.5137,105.7853,3:31:41:230234,1224
205.7267,105.4355,3:31:41:235086,1224
205.1611,105.2023,3:31:41:238096,1237
204.8168,104.8817,3:31:41:242116,1241
204.6938,104.6777,3:31:41:246096,1246
204.6938,104.4153,3:31:41:250131,1259
204.6938,104.3279,3:31:41:254094,1282
205.9481,104.3279,3:31:41:258885,1365
207.2023,104.3279,3:31:41:261897,1496
208.9485,104.3279,3:31:41:266562,1651
211.2603,104.3279,3:31:41:270565,1831
214.1378,104.3279,3:31:41:274578,2001
217.5317,104.3279,3:31:41:278571,2161
221.4421,104.3279,3:31:41:282734,2329
226.0166,104.8817,3:31:41:286747,2481
231.3042,104.8817,3:31:41:290752,2618
237.2559,104.8817,3:31:41:294748,2737
243.6749,104.8817,3:31:41:298929,2836
250.8316,104.8817,3:31:41:302955,2920
258.8246,104.8817,3:31:41:306550,2979
267.4324,103.9781,3:31:41:310554,3022
277.0486,103.9781,3:31:41:314668,3052
287.3534,103.2785,3:31:41:318676,3072
298.0025,103.2785,3:31:41:322730,3102
309.3402,102.3456,3:31:41:326718,3148
321.1698,101.8501,3:31:41:330718,3214
333.3929,101.3254,3:31:41:334719,3293
345.9111,100.859,3:31:41:339167,3385
358.6261,100.4218,3:31:41:342177,3471
371.5378,99.9845,3:31:41:346214,3534
384.3019,99.60555,3:31:41:351180,3589
397.3858,99.3432,3:31:41:354178,3616
410.3467,99.1683,3:31:41:358181,3635
423.283,98.96425,3:31:41:362975,3651
436.0718,98.8185,3:31:41:365985,3632
448.2703,98.6436,3:31:41:369984,3561
460.0753,98.4104,3:31:41:374994,3421
471.1917,98.14805,3:31:41:378123,3209
481.767,97.85655,3:31:41:383120,2934
491.1618,97.5359,3:31:41:388125,2596
499.4007,97.1861,3:31:41:390118,2136
506.705,96.86545,3:31:41:394612,1552
512.8043,96.4865,3:31:41:398619,933
517.969,96.10755,3:31:41:402619,434
522.3221,95.7869,3:31:41:406619,0
525.716,95.40795,3:31:41:410619,0
528.077,94.99985,3:31:41:414618,0
529.7248,94.446,3:31:41:418829,0
530.7086,93.77555,3:31:41:421839,0
530.8315,92.9302,3:31:41:426734,0
530.8315,91.96825,3:31:41:431742,0
529.0115,90.8897,3:31:41:434743,0
527.1179,89.75285,3:31:41:440748,0
524.6339,88.52855,3:31:41:443744,0
521.7072,87.3334,3:31:41:446766,0
518.4363,86.1674,3:31:41:451013,0
518.4363,86.1674,3:31:41:468856,0
