362.3151,278.7032,4:20:11:232593,0
362.3151,278.7032,4:20:11:235594,0
362.3151,278.7032,4:20:11:236599,0
362.3151,278.7032,4:20:11:237615,0
362.3151,278.7032,4:20:11:237615,0
362.3151,278.7032,4:20:11:238597,0
362.3151,278.7032,4:20:11:238597,0
362.3151,278.7032,4:20:11:239596,0
362.3151,278.7032,4:20:11:240597,0
362.3151,278.7032,4:20:11:241598,0
362.3151,278.7032,4:20:11:243594,0
362.3151,278.7032,4:20:11:243594,0
362.3151,278.7032,4:20:11:244594,0
362.3151,278.7032,4:20:11:244594,0
362.3151,278.7032,4:20:11:245594,0
362.3151,278.7032,4:20:11:245594,0
362.3151,278.7032,4:20:11:246597,0
362.3151,278.7032,4:20:11:246597,0
362.3151,278.7032,4:20:11:247593,0
362.3151,278.7032,4:20:11:248609,0
362.3151,278.7032,4:20:11:249594,0
362.3151,278.7032,4:20:11:251592,0
362.3151,278.7032,4:20:11:252597,0
362.3151,278.7032,4:20:11:252597,0
362.3151,279.6942,4:20:11:253596,0
362.3151,279.6942,4:20:11:253596,0
362.3151,279.6942,4:20:11:253596,0
362.3151,279.6942,4:20:11:254596,0
362.3151,279.6942,4:20:11:255597,0
362.3151,279.6942,4:20:11:256597,0
362.3151,279.6942,4:20:11:256597,0
362.3151,279.6942,4:20:11:256597,0
362.3151,278.2659,4:20:11:257595,0
362.3151,278.2659,4:20:11:257595,0
362.3151,278.2659,4:20:11:258592,0
362.3151,278.2659,4:20:11:258592,0
362.3151,278.2659,4:20:11:259600,0
362.3151,278.2659,4:20:11:262592,0
362.3151,278.2659,4:20:11:265594,0
362.3151,278.2659,4:20:11:270654,0
362.3151,278.2659,4:20:11:273658,0
362.3151,278.2659,4:20:11:278655,0
362.3151,278.2659,4:20:11:282657,0
362.3151,278.2659,4:20:11:285672,0
362.3151,278.2659,4:20:11:290458,0
362.3151,278.2659,4:20:11:294469,0
362.3151,278.2659,4:20:11:298471,0
362.3151,278.2659,4:20:11:302469,0
362.3151,278.2659,4:20:11:306471,0
362.3151,278.2659,4:20:11:310517,0
362.3151,278.2659,4:20:11:313861,0
362.3151,278.2659,4:20:11:317860,0
362.3151,278.2659,4:20:11:321859,0
362.3151,278.2659,4:20:11:325860,0
362.3151,278.2659,4:20:11:330860,0
362.3151,278.2659,4:20:11:333864,0
362.3151,278.2659,4:20:11:339476,0
362.3151,278.2659,4:20:11:342485,0
362.3151,278.2659,4:20:11:346504,0
362.3151,278.2659,4:20:11:349489,0
362.3151,278.2659,4:20:11:354484,0
362.3151,278.2659,4:20:11:358487,0
362.3151,278.2659,4:20:11:362512,0
362.3151,278.2659,4:20:11:366537,0
362.3151,278.2659,4:20:11:370522,0
362.3151,278.2659,4:20:11:373523,0
362.3151,278.2659,4:20:11:378525,0
362.3151,278.2659,4:20:11:381523,0
362.3151,278.2659,4:20:11:386509,0
362.3151,278.2659,4:20:11:390864,0
362.3151,278.2659,4:20:11:393863,0
362.3151,278.2659,4:20:11:398864,0
362.3151,278.2659,4:20:11:401865,0
362.3151,278.2659,4:20:11:406508,0
362.3151,278.2659,4:20:11:410025,0
362.3151,278.2659,4:20:11:414103,0
362.3151,278.2659,4:20:11:418036,0
362.3151,278.2659,4:20:11:422033,0
362.3151,278.2659,4:20:11:426040,0
362.3151,278.2659,4:20:11:430042,0
362.3151,278.2659,4:20:11:434025,0
362.3151,278.2659,4:20:11:438025,0
362.3151,278.2659,4:20:11:442773,0
362.3151,278.2659,4:20:11:445776,0
362.3151,278.2659,4:20:11:450156,0
362.3151,278.2659,4:20:11:454146,0
362.3151,278.2659,4:20:11:458146,0
362.3151,278.2659,4:20:11:462188,0
362.3151,278.2659,4:20:11:466147,0
362.3151,278.2659,4:20:11:470148,0
362.3151,278.2659,4:20:11:474425,0
362.3151,278.2659,4:20:11:478375,0
362.3151,278.2659,4:20:11:482386,0
362.3151,278.2659,4:20:11:486388,0
362.3151,278.2659,4:20:11:490386,0
362.3151,278.2659,4:20:11:494388,0
362.3151,278.2659,4:20:11:498462,0
362.3151,278.2659,4:20:11:502475,0
362.3151,278.2659,4:20:11:506472,0
362.3151,278.2659,4:20:11:510473,0
362.3151,278.2659,4:20:11:514487,0
362.3151,278.2659,4:20:11:518473,0
362.3151,278.2659,4:20:11:522712,0
362.3151,278.2659,4:20:11:525713,0
362.3151,278.2659,4:20:11:529767,0
362.3151,278.2659,4:20:11:533713,0
362.3151,278.2659,4:20:11:538701,0
362.3151,278.2659,4:20:11:541711,0
362.3151,278.2659,4:20:11:545835,0
362.3151,278.2659,4:20:11:550711,0
362.3151,278.2659,4:20:11:553735,0
362.3151,278.2659,4:20:11:558466,0
362.3151,278.2659,4:20:11:562236,0
362.3151,278.2659,4:20:11:566236,0
362.3151,278.2659,4:20:11:570236,0
362.3151,278.2659,4:20:11:574234,0
362.3151,278.2659,4:20:11:578237,0
362.3151,278.2659,4:20:11:581813,0
362.3151,278.2659,4:20:11:585830,0
362.3151,278.2659,4:20:11:589830,0
362.3151,278.2659,4:20:11:593827,0
362.3151,278.2659,4:20:11:597827,0
362.3151,278.2659,4:20:11:602643,0
362.3151,278.2659,4:20:11:605656,0
362.3151,278.2659,4:20:11:609653,0
362.3151,278.2659,4:20:11:613653,0
362.3151,278.2659,4:20:11:617653,0
362.3151,278.2659,4:20:11:621654,0
362.3151,278.2659,4:20:11:626480,0
362.3151,278.2659,4:20:11:629491,0
362.3151,278.2659,4:20:11:634452,0
362.3151,278.2659,4:20:11:638460,0
362.3151,278.2659,4:20:11:642461,0
362.3151,278.2659,4:20:11:646460,0
362.3151,278.2659,4:20:11:650462,0
362.3151,278.2659,4:20:11:654478,0
362.3151,278.2659,4:20:11:658515,0
362.3151,278.2659,4:20:11:662526,0
362.3151,278.2659,4:20:11:665882,0
362.3151,278.2659,4:20:11:669835,0
362.3151,278.2659,4:20:11:673810,0
362.3151,278.2659,4:20:11:677808,0
362.3151,278.2659,4:20:11:681890,0
362.3151,278.2659,4:20:11:685935,0
362.3151,278.2659,4:20:11:689904,0
362.3151,278.2659,4:20:11:693904,0
362.3151,278.2659,4:20:11:697904,0
362.3151,278.2659,4:20:11:701904,0
362.3151,278.2659,4:20:11:705909,0
362.3151,278.2659,4:20:11:709904,0
362.3151,278.2659,4:20:11:714861,0
362.3151,278.2659,4:20:11:717871,0
362.3151,278.2659,4:20:11:722465,0
362.3151,278.2659,4:20:11:725929,0
362.3151,278.2659,4:20:11:729805,0
362.3151,278.2659,4:20:11:733687,0
362.3151,278.2659,4:20:11:737806,0
362.3151,278.2659,4:20:11:741690,0
362.3151,278.2659,4:20:11:746516,0
362.3151,278.2659,4:20:11:750525,0
362.3151,278.2659,4:20:11:754538,0
362.3151,278.2659,4:20:11:757526,0
362.3151,278.2659,4:20:11:762583,0
362.3151,278.2659,4:20:11:766582,0
362.3151,278.2659,4:20:11:769582,0
362.3151,278.2659,4:20:11:774582,0
362.3151,278.2659,4:20:11:778584,0
362.3151,278.2659,4:20:11:782040,0
362.3151,278.2659,4:20:11:786043,0
362.3151,278.2659,4:20:11:790477,0
362.3151,278.2659,4:20:11:794052,0
362.3151,278.2659,4:20:11:798862,0
362.3151,278.2659,4:20:11:801862,0
362.3151,278.2659,4:20:11:805863,0
362.3151,278.2659,4:20:11:809893,0
362.3151,278.2659,4:20:11:813864,0
362.3151,278.2659,4:20:11:817996,0
362.3151,278.2659,4:20:11:822012,0
362.3151,278.2659,4:20:11:826566,0
362.3151,278.2659,4:20:11:829913,0
362.3151,277.7704,4:20:11:834218,0
362.3151,277.7704,4:20:11:839124,0
362.3151,277.7704,4:20:11:842470,0
362.3151,277.7704,4:20:11:846121,0
362.3151,277.7704,4:20:11:850121,0
362.3151,277.7704,4:20:11:854123,0
362.3151,277.7704,4:20:11:858522,0
362.3151,277.4789,4:20:11:862532,0
362.3151,277.4789,4:20:11:866550,0
362.3151,277.4789,4:20:11:870531,0
362.3151,277.3331,4:20:11:874537,0
362.3151,277.3331,4:20:11:878527,0
362.3151,277.2165,4:20:11:883133,0
362.3151,277.1873,4:20:11:888653,0
362.3151,277.1582,4:20:11:889652,0
362.3151,277.0999,4:20:11:893652,0
362.3151,277.0707,4:20:11:898656,0
362.3151,277.0416,4:20:11:902661,0
362.3151,276.9542,4:20:11:905669,0
362.3151,276.9542,4:20:11:910470,0
362.3151,276.8958,4:20:11:914482,0
362.3151,276.8958,4:20:11:918480,0
362.3151,276.8667,4:20:11:922482,0
362.3151,276.8084,4:20:11:926486,0
362.3151,276.7792,4:20:11:930463,0
362.3151,276.7501,4:20:11:934384,0
362.3151,276.6918,4:20:11:938491,0
362.3151,276.6627,4:20:11:942384,0
362.3151,276.6335,4:20:11:946384,0
362.3151,276.6043,4:20:11:950386,0
362.3151,276.5461,4:20:11:954395,0
362.3151,276.5169,4:20:11:958402,0
362.3151,276.4586,4:20:11:962399,0
362.3151,276.4003,4:20:11:965787,0
362.3151,276.4003,4:20:11:969789,0
362.3151,276.3712,4:20:11:973793,0
362.3151,276.342,4:20:11:977793,0
362.3151,276.342,4:20:11:981793,0
362.3151,276.3128,4:20:11:986891,0
362.3151,276.2545,4:20:11:989900,0
362.3151,276.2254,4:20:11:994510,0
362.3151,276.1963,4:20:11:997523,0
362.3151,276.1379,4:20:12:002404,0
362.3151,276.1379,4:20:12:005919,0
362.3151,276.1379,4:20:12:009920,0
362.3151,276.1088,4:20:12:013920,0
361.9462,276.1088,4:20:12:017920,0
361.9462,276.1088,4:20:12:021920,0
361.6265,276.1088,4:20:12:026350,0
361.6265,276.1088,4:20:12:029931,0
361.1592,276.1088,4:20:12:034351,0
360.8887,276.1088,4:20:12:038383,0
360.4952,276.1088,4:20:12:042345,0
360.1017,276.1088,4:20:12:046378,0
359.659,276.1088,4:20:12:050035,0
359.2655,276.7792,4:20:12:054036,0
358.8474,276.7792,4:20:12:058063,0
358.4785,276.7792,4:20:12:062035,0
358.1096,277.1873,4:20:12:066345,0
357.7161,277.1873,4:20:12:070054,0
357.3718,277.1873,4:20:12:074347,0
357.1013,277.508,4:20:12:078377,0
356.8061,277.508,4:20:12:083147,0
356.6094,277.508,4:20:12:086157,0
356.3388,277.712,4:20:12:090175,0
356.1667,277.712,4:20:12:094158,0
355.9945,277.712,4:20:12:098195,0
355.9207,277.712,4:20:12:102160,0
355.7978,277.712,4:20:12:106351,0
355.6502,277.712,4:20:12:110383,0
355.5764,277.712,4:20:12:114519,0
355.4535,277.712,4:20:12:117867,0
355.3305,277.712,4:20:12:121906,0
355.183,277.712,4:20:12:125868,0
355.0354,277.712,4:20:12:129869,0
354.9124,277.712,4:20:12:133868,0
354.7894,277.1873,4:20:12:138519,0
354.6911,277.1873,4:20:12:141532,0
354.5927,277.1873,4:20:12:146528,0
354.5435,277.1873,4:20:12:150551,0
354.4943,276.8667,4:20:12:154529,0
354.4943,276.8667,4:20:12:157845,0
354.4943,276.8667,4:20:12:162520,0
354.4943,276.5461,4:20:12:165530,0
354.4943,276.5461,4:20:12:170526,0
354.4943,276.3712,4:20:12:174556,0
354.4943,276.2545,4:20:12:178535,0
354.4943,276.1379,4:20:12:182536,0
355.0354,275.9922,4:20:12:186545,0
355.0354,275.9048,4:20:12:190539,0
355.0354,275.7299,4:20:12:194522,0
355.0354,275.5841,4:20:12:197578,0
355.0354,275.4384,4:20:12:202527,0
355.4781,275.2926,4:20:12:205855,0
355.4781,275.1469,4:20:12:209859,0
355.4781,275.0011,4:20:12:214856,0
355.7978,274.8262,4:20:12:217854,0
355.7978,274.6805,4:20:12:222518,0
355.9945,274.4764,4:20:12:225852,0
355.9945,274.3307,4:20:12:230520,0
356.1667,274.1849,4:20:12:233533,0
356.2159,274.0392,4:20:12:238544,0
356.2896,273.8934,4:20:12:242535,0
356.3388,273.7768,4:20:12:246530,0
356.4126,273.631,4:20:12:249530,0
356.511,273.4561,4:20:12:254476,0
356.5602,273.3104,4:20:12:257486,0
356.6586,273.1646,4:20:12:262486,0
356.7323,272.9897,4:20:12:265489,0
356.8061,272.844,4:20:12:270547,0
356.8799,272.6691,4:20:12:273848,0
356.9537,272.5233,4:20:12:278464,0
357.0029,272.3776,4:20:12:282479,0
357.0767,272.261,4:20:12:286461,0
357.1259,272.1152,4:20:12:290276,0
357.1996,271.9987,4:20:12:294391,0
357.2488,271.9403,4:20:12:298328,0
357.298,271.8238,4:20:12:302331,0
357.3226,271.7072,4:20:12:306328,0
357.3718,271.6488,4:20:12:310464,0
357.4456,271.5614,4:20:12:314403,0
357.4456,271.5323,4:20:12:318418,0
357.4702,271.4739,4:20:12:322404,0
357.4948,271.4156,4:20:12:326510,0
357.4948,271.3865,4:20:12:330534,0
357.4948,271.3282,4:20:12:334518,0
357.4948,271.299,4:20:12:337528,0
357.4948,271.2699,4:20:12:342528,0
357.4948,271.2408,4:20:12:346531,0
357.4948,271.2408,4:20:12:350528,0
357.4948,271.1824,4:20:12:354528,0
357.4948,271.1533,4:20:12:358469,0
357.4948,271.1533,4:20:12:362481,0
357.0029,271.1533,4:20:12:366522,0
357.0029,271.1533,4:20:12:369532,0
357.0029,271.1533,4:20:12:374569,0
357.0029,271.1533,4:20:12:377531,0
356.6586,271.1533,4:20:12:382532,0
356.6586,271.1533,4:20:12:386548,0
356.6586,271.1533,4:20:12:390544,0
356.6586,271.1533,4:20:12:395547,0
356.6586,271.1533,4:20:12:398543,0
356.6586,271.1533,4:20:12:402550,0
356.6586,271.1533,4:20:12:406467,0
356.6586,271.1533,4:20:12:410478,0
356.6586,271.1533,4:20:12:414477,0
356.6586,271.1533,4:20:12:418482,0
356.6586,271.1533,4:20:12:422639,0
356.6586,271.1533,4:20:12:425649,0
356.6586,271.5614,4:20:12:429748,0
356.6586,271.5614,4:20:12:433649,0
357.1013,271.5614,4:20:12:437649,0
357.1013,271.5614,4:20:12:442650,0
357.1013,271.5614,4:20:12:446537,0
357.1013,271.5614,4:20:12:449546,0
357.1013,271.5614,4:20:12:454546,0
357.3472,271.5614,4:20:12:458553,0
357.3472,271.5614,4:20:12:462512,0
357.3472,271.5614,4:20:12:466523,0
357.3472,271.5614,4:20:12:470089,0
357.3472,271.5614,4:20:12:474095,0
357.3472,271.5614,4:20:12:478174,0
357.4948,271.5614,4:20:12:482098,0
357.4948,271.5614,4:20:12:486511,0
357.6177,271.5614,4:20:12:490025,0
357.6915,271.5614,4:20:12:494511,0
357.7653,271.5614,4:20:12:498356,0
357.8882,271.5614,4:20:12:502368,0
357.9374,271.5614,4:20:12:506355,0
358.0358,271.5614,4:20:12:510368,0
358.1096,271.5614,4:20:12:514355,0
358.1588,271.0367,4:20:12:518525,0
358.2572,271.0367,4:20:12:522535,0
358.3555,271.0367,4:20:12:525792,0
358.4047,271.0367,4:20:12:529794,0
358.4785,270.7452,4:20:12:533797,0
358.5769,270.7452,4:20:12:538604,0
358.6261,270.7452,4:20:12:541616,0
358.6507,270.512,4:20:12:545665,0
358.7244,270.512,4:20:12:549614,0
358.749,270.3371,4:20:12:553617,0
358.8228,270.2205,4:20:12:558614,0
358.8474,270.1039,4:20:12:561986,0
358.9212,270.0164,4:20:12:566515,0
358.9212,269.929,4:20:12:570380,0
358.9458,269.8124,4:20:12:574403,0
358.9704,269.7541,4:20:12:578380,0
358.9704,269.6667,4:20:12:582379,0
358.9704,269.6083,4:20:12:586643,0
358.9704,269.5209,4:20:12:589653,0
358.9704,269.4918,4:20:12:594653,0
358.9704,269.4043,4:20:12:597666,0
358.9704,269.3752,4:20:12:601708,0
358.9704,269.2877,4:20:12:605654,0
358.9704,269.2585,4:20:12:610512,0
358.9704,269.2294,4:20:12:613859,0
358.9704,269.2003,4:20:12:618460,0
358.9704,269.1419,4:20:12:621867,0
358.9704,269.0836,4:20:12:626018,0
358.9704,269.0545,4:20:12:630019,0
358.9704,268.967,4:20:12:634105,0
358.9704,268.9379,4:20:12:638019,0
358.9704,268.9088,4:20:12:642512,0
358.9704,268.8213,4:20:12:645816,0
358.9704,268.7339,4:20:12:650825,0
358.9704,268.7047,4:20:12:653816,0
358.9704,268.6755,4:20:12:658817,0
358.9704,268.5881,4:20:12:661819,0
358.9704,268.559,4:20:12:666521,0
358.9704,268.5006,4:20:12:669533,0
358.9704,268.4132,4:20:12:674536,0
358.9704,268.3257,4:20:12:678533,0
358.9704,268.2675,4:20:12:682529,0
358.9704,268.1508,4:20:12:686516,0
358.9704,268.0926,4:20:12:690524,0
358.9704,267.976,4:20:12:694526,0
358.9704,267.8593,4:20:12:697526,0
358.9704,267.7427,4:20:12:701529,0
358.9704,267.6262,4:20:12:706641,0
358.9704,267.5387,4:20:12:710652,0
358.9704,267.4221,4:20:12:713649,0
358.9704,267.3055,4:20:12:718650,0
358.9704,267.1889,4:20:12:721654,0
358.9704,267.0723,4:20:12:725806,0
358.9704,267.014,4:20:12:730626,0
358.9704,266.8683,4:20:12:733636,0
358.9704,266.7516,4:20:12:737639,0
358.9704,266.6059,4:20:12:741636,0
358.9704,266.4893,4:20:12:745636,0
358.9704,266.3435,4:20:12:749636,0
358.9704,266.227,4:20:12:753784,0
358.9704,266.0812,4:20:12:757784,0
358.9704,265.9355,4:20:12:761784,0
358.9704,265.7897,4:20:12:765787,0
358.9704,265.6731,4:20:12:770539,0
358.9704,265.5273,4:20:12:773545,0
358.9704,265.4107,4:20:12:778517,0
358.9704,265.2942,4:20:12:782528,0
358.9704,265.2067,4:20:12:786528,0
358.9704,265.1193,4:20:12:789528,0
358.9704,265.0027,4:20:12:794527,1399
358.9704,264.886,4:20:12:797528,1450
358.9704,264.7986,4:20:12:802533,1546
358.9704,264.682,4:20:12:805539,1694
358.9704,264.5945,4:20:12:810512,1893
358.9704,264.5363,4:20:12:814522,2086
358.9704,264.4488,4:20:12:817534,2278
358.9704,264.4196,4:20:12:822520,2461
358.9704,264.3905,4:20:12:826520,2624
358.9704,264.3322,4:20:12:830522,2766
358.9704,264.3322,4:20:12:834513,2891
358.9704,264.2739,4:20:12:838523,3005
358.9704,264.1865,4:20:12:842507,3118
358.9704,264.1281,4:20:12:845541,3243
359.6098,264.0115,4:20:12:850539,3375
359.6098,263.895,4:20:12:854536,3504
359.6098,263.7784,4:20:12:858538,3626
359.9787,263.6617,4:20:12:862539,3729
359.9787,263.6035,4:20:12:866518,3818
359.9787,263.516,4:20:12:870528,3894
360.323,263.516,4:20:12:874528,3953
360.323,263.4868,4:20:12:878539,4008
360.323,263.4868,4:20:12:882542,4051
360.323,263.4868,4:20:12:886517,4099
360.323,263.4868,4:20:12:890529,4161
360.323,263.4868,4:20:12:894543,4233
360.323,263.4868,4:20:12:899527,4310
360.323,263.4868,4:20:12:903527,4380
360.323,264.1865,4:20:12:906526,4444
360.323,264.1865,4:20:12:910526,4497
360.323,264.1865,4:20:12:914532,4550
360.323,264.8569,4:20:12:917536,4606
360.323,264.8569,4:20:12:922757,4663
360.323,265.3524,4:20:12:926021,4722
360.323,265.3524,4:20:12:930035,4787
360.323,265.9063,4:20:12:934021,4855
360.323,266.1978,4:20:12:938026,4930
360.323,266.5185,4:20:12:942021,5009
360.323,266.8974,4:20:12:946519,5089
360.323,267.2763,4:20:12:950529,5167
360.323,267.6844,4:20:12:954459,5245
360.323,268.0926,4:20:12:958091,5329
360.323,268.5298,4:20:12:962121,5407
360.323,268.967,4:20:12:966080,5490
360.323,269.4626,4:20:12:970079,5574
360.323,269.9582,4:20:12:974080,5649
360.323,270.4828,4:20:12:978513,5725
360.323,271.0367,4:20:12:981525,5787
360.323,271.5614,4:20:12:986522,5834
360.323,272.0861,4:20:12:990525,5870
359.7574,272.6108,4:20:12:994522,5900
359.7574,273.1646,4:20:12:997528,5931
359.7574,273.6019,4:20:13:001647,5953
359.7574,274.0392,4:20:13:005658,5972
359.3147,274.4472,4:20:13:010391,5983
359.3147,274.8262,4:20:13:014415,5987
359.3147,275.1177,4:20:13:018402,5990
359.3147,275.38,4:20:13:022417,5994
359.3147,275.555,4:20:13:026420,5998
359.0442,275.6715,4:20:13:030401,6009
359.0442,275.7881,4:20:13:034512,6034
359.0442,275.8173,4:20:13:037525,6074
359.0442,275.8173,4:20:13:042510,6120
359.0442,275.8173,4:20:13:045520,6175
359.0442,275.8173,4:20:13:050520,6229
359.0442,275.8173,4:20:13:054518,6286
359.0442,275.8173,4:20:13:058518,6345
359.0442,275.8173,4:20:13:062520,6395
359.0442,275.8173,4:20:13:066520,6433
359.0442,275.8173,4:20:13:070519,6463
359.0442,275.8173,4:20:13:074039,6478
359.0442,275.8173,4:20:13:078465,6486
359.0442,275.8173,4:20:13:082600,6495
359.0442,275.8173,4:20:13:086516,6499
359.0442,275.2635,4:20:13:090031,6505
359.0442,275.2635,4:20:13:094031,6511
359.0442,275.2635,4:20:13:098032,6517
359.0442,275.2635,4:20:13:102031,6519
359.0442,274.9428,4:20:13:106031,6527
359.0442,274.9428,4:20:13:110031,6531
359.0442,274.9428,4:20:13:114170,6536
359.0442,274.9428,4:20:13:118900,6546
359.0442,274.9428,4:20:13:122911,6546
359.0442,274.9428,4:20:13:125911,6544
359.0442,274.7387,4:20:13:130016,6544
359.0442,274.7387,4:20:13:133959,6541
359.0442,274.6222,4:20:13:137956,6542
359.0442,274.5638,4:20:13:141958,6544
359.0442,274.4764,4:20:13:145956,6544
359.0442,274.4181,4:20:13:150526,6542
359.0442,274.3015,4:20:13:154851,6536
359.0442,274.1849,4:20:13:157861,6535
359.0442,274.0683,4:20:13:161961,6527
359.0442,273.9808,4:20:13:165861,6529
359.0442,273.8059,4:20:13:169922,6534
359.0442,273.7185,4:20:13:173969,6539
359.0442,273.6019,4:20:13:178518,6549
359.0442,273.4853,4:20:13:182531,6555
359.0442,273.3979,4:20:13:186529,6561
359.0442,273.3104,4:20:13:190526,6567
359.0442,273.2521,4:20:13:194687,6577
359.0442,273.1938,4:20:13:198048,6579
359.0442,273.1646,4:20:13:202018,6585
359.0442,273.0772,4:20:13:206018,6591
359.0442,273.048,4:20:13:210016,6589
359.0442,273.048,4:20:13:214017,6591
359.0442,272.9897,4:20:13:218517,6588
359.0442,272.9606,4:20:13:222528,6584
359.0442,272.9315,4:20:13:226523,6582
359.0442,272.844,4:20:13:229560,6577
359.0442,272.8148,4:20:13:234557,6575
359.0442,272.7566,4:20:13:237562,6572
358.5769,272.6691,4:20:13:242643,6572
358.5769,272.6108,4:20:13:246666,6572
358.2326,272.5233,4:20:13:250538,6566
358.2326,272.4359,4:20:13:254545,6559
357.7899,272.3776,4:20:13:257690,6555
357.4948,272.2902,4:20:13:261666,6552
357.2242,272.261,4:20:13:265667,6551
356.8799,272.2027,4:20:13:269668,6552
356.5356,272.2027,4:20:13:274519,6549
356.1667,272.2027,4:20:13:277532,6539
355.8224,272.2027,4:20:13:282512,6532
355.4535,272.2027,4:20:13:286523,6529
355.0354,272.2027,4:20:13:290522,6529
354.6419,272.2027,4:20:13:294520,6533
354.1746,272.2027,4:20:13:298520,6535
353.7319,272.9315,4:20:13:302394,6532
353.2892,272.9315,4:20:13:306403,6530
352.7973,273.4853,4:20:13:310404,6531
352.2563,273.4853,4:20:13:314402,6541
351.7152,274.1849,4:20:13:318404,6553
351.1742,274.6222,4:20:13:322427,6564
350.6085,275.0886,4:20:13:326458,6578
350.0182,275.5841,4:20:13:330327,6585
349.4526,276.1088,4:20:13:334522,6591
348.8869,276.6335,4:20:13:338533,6598
348.3459,277.1873,4:20:13:341650,6603
347.854,277.7412,4:20:13:345653,6608
347.4113,278.295,4:20:13:349653,6613
347.0424,278.8489,4:20:13:353653,6620
346.6735,279.4027,4:20:13:358413,6628
346.3784,279.9566,4:20:13:362413,6632
346.1324,280.5104,4:20:13:366421,6641
345.9357,281.1226,4:20:13:370413,6644
345.7881,281.6765,4:20:13:376113,6648
345.6652,282.2595,4:20:13:378123,6650
345.5668,282.8424,4:20:13:382165,6647
345.5422,283.3963,4:20:13:386151,6651
345.5176,283.9501,4:20:13:390151,6651
345.5176,284.504,4:20:13:394046,6655
345.5176,285.087,4:20:13:398074,6658
345.5176,285.5826,4:20:13:402043,6659
345.5176,286.1072,4:20:13:406792,6663
345.5176,286.6028,4:20:13:410803,6667
345.5176,287.04,4:20:13:415801,6671
345.5176,287.4773,4:20:13:417802,6674
346.0341,287.9146,4:20:13:421818,6668
346.0341,288.2935,4:20:13:425826,6666
346.0341,288.7016,4:20:13:430161,6667
346.4521,289.0222,4:20:13:434204,6664
346.4521,289.4304,4:20:13:438507,6669
346.8211,289.8093,4:20:13:441518,6669
346.8211,290.1591,4:20:13:445994,6669
347.19,290.4797,4:20:13:449974,6672
347.4113,290.7712,4:20:13:453971,6675
347.6573,291.0045,4:20:13:457973,6673
347.9278,291.2668,4:20:13:462497,6666
348.1737,291.5,4:20:13:466507,6652
348.4688,291.704,4:20:13:470511,6629
348.8623,291.8789,4:20:13:474522,6603
349.2558,292.0247,4:20:13:478238,6574
349.7231,292.1704,4:20:13:482193,6541
350.215,292.3162,4:20:13:486316,6506
350.7561,292.4328,4:20:13:490192,6468
351.3217,292.4911,4:20:13:494461,6432
351.912,292.4911,4:20:13:498474,6398
352.4776,292.4911,4:20:13:502471,6371
353.0433,292.4911,4:20:13:506472,6346
353.5598,292.4911,4:20:13:510850,6324
354.0762,292.4911,4:20:13:514131,6318
354.4943,291.8206,4:20:13:518133,6308
354.9124,291.8206,4:20:13:522133,6306
355.2567,291.8206,4:20:13:526195,6307
355.5027,291.8206,4:20:13:530130,6302
355.7486,291.296,4:20:13:534513,6307
355.9699,291.296,4:20:13:538034,6312
356.1421,291.296,4:20:13:542513,6319
356.2896,290.713,4:20:13:546523,6320
356.4126,290.3923,4:20:13:550524,6321
356.511,290.0425,4:20:13:554524,6321
356.6094,289.6635,4:20:13:558523,6312
356.6832,289.2555,4:20:13:561526,6316
356.7815,288.9348,4:20:13:566513,6313
356.8061,288.5558,4:20:13:569523,6309
356.8799,288.1769,4:20:13:574527,6310
356.8799,287.8563,4:20:13:578533,6307
356.9045,287.5064,4:20:13:582232,6307
356.9537,287.2441,4:20:13:586186,6303
356.9537,287.0109,4:20:13:590185,6300
356.9783,286.7777,4:20:13:594183,6297
357.0029,286.6028,4:20:13:598653,6296
357.0767,286.3987,4:20:13:601664,6304
357.1013,286.253,4:20:13:605664,6311
357.1505,286.1072,4:20:13:609664,6316
357.2488,285.9615,4:20:13:613713,6319
357.3226,285.8449,4:20:13:617666,6321
357.3718,285.7866,4:20:13:622426,6327
357.421,285.67,4:20:13:626454,6337
357.4702,285.5826,4:20:13:630464,6350
357.4702,285.5243,4:20:13:634000,6363
357.5439,285.4659,4:20:13:638582,6377
357.5685,285.4659,4:20:13:642002,6384
357.5685,285.4368,4:20:13:646924,6398
357.5685,285.4368,4:20:13:649927,6408
357.5685,285.4077,4:20:13:653924,6421
357.5685,285.4077,4:20:13:657924,6440
357.5685,285.4077,4:20:13:662515,6459
357.5685,285.4077,4:20:13:666032,6480
357.5685,285.4077,4:20:13:671030,6502
357.5685,285.4077,4:20:13:674029,6525
357.5685,285.4077,4:20:13:678030,6559
357.5685,285.4077,4:20:13:682030,6593
357.5685,285.4077,4:20:13:686673,6626
357.5685,285.4077,4:20:13:689671,6661
357.5685,285.4077,4:20:13:694519,6684
357.5685,285.4077,4:20:13:698035,6705
357.5685,285.4077,4:20:13:702466,6724
357.5685,285.4077,4:20:13:706019,6734
357.5685,285.4077,4:20:13:710520,6736
357.5685,285.4077,4:20:13:714534,6734
357.5685,285.4077,4:20:13:718530,6726
357.5685,285.4077,4:20:13:722530,6716
357.5685,285.4077,4:20:13:726530,6713
357.5685,285.4077,4:20:13:730531,6721
357.5685,286.049,4:20:13:734530,6743
357.5685,286.049,4:20:13:738516,6775
357.5685,286.7777,4:20:13:742032,6817
357.5685,287.3315,4:20:13:746469,6861
357.5685,288.002,4:20:13:750045,6914
357.5685,288.7016,4:20:13:753681,6972
357.5685,289.5178,4:20:13:757713,7017
357.5685,290.3923,4:20:13:761690,7058
357.5685,291.4125,4:20:13:765691,7084
357.5685,292.4328,4:20:13:770515,7097
357.5685,293.5114,4:20:13:773527,7107
357.5685,294.619,4:20:13:778601,7113
358.1342,295.7267,4:20:13:781602,7113
358.1342,296.8344,4:20:13:785601,7114
358.1342,297.913,4:20:13:789602,7116
358.4785,298.8749,4:20:13:794503,7122
358.4785,299.7786,4:20:13:798511,7126
358.4785,300.5365,4:20:13:801681,7131
358.7244,301.1778,4:20:13:805681,7133
358.7244,301.6442,4:20:13:810684,7121
358.7244,302.0523,4:20:13:814685,7105
358.7244,302.373,4:20:13:818878,7075
358.7244,302.5479,4:20:13:821888,7021
358.872,302.6353,4:20:13:825935,6932
358.872,302.6353,4:20:13:829891,6789
358.872,302.6353,4:20:13:833887,6576
358.872,302.6353,4:20:13:838019,6277
358.872,302.6353,4:20:13:842514,5918
358.872,301.7608,4:20:13:846525,5535
358.872,301.7608,4:20:13:850526,5157
358.872,300.9446,4:20:13:853700,4814
358.872,300.9446,4:20:13:858707,4485
358.872,299.9243,4:20:13:862069,4132
358.2817,299.3705,4:20:13:865955,3746
358.2817,298.7584,4:20:13:871951,3328
358.2817,298.2045,4:20:13:873951,2881
357.7161,297.709,4:20:13:878524,2383
357.7161,297.1551,4:20:13:881534,1793
357.2488,296.5721,4:20:13:886534,1126
357.2488,295.9891,4:20:13:889534,576
356.7569,295.4061,4:20:13:894532,0
356.4618,294.8522,4:20:13:897876,0
356.1913,294.3275,4:20:13:902513,0
355.9453,293.8029,4:20:13:906537,0
355.6256,293.249,4:20:13:910523,0
355.3551,292.7826,4:20:13:914523,0
355.1092,292.3745,4:20:13:918525,0
354.814,291.9664,4:20:13:922538,0
354.5927,291.5,4:20:13:927252,0
354.3713,291.0045,4:20:13:930252,0
354.1746,290.4506,4:20:13:934332,0
353.9778,289.8093,4:20:13:938257,0
353.7811,289.1097,4:20:13:942600,0
353.6335,288.2935,4:20:13:946612,0
353.5106,287.419,4:20:13:949609,0
353.4368,286.3696,4:20:13:953595,0
353.3384,285.291,4:20:13:957599,0
353.2892,284.1833,4:20:13:962595,0
353.1909,283.0465,4:20:13:965598,0
353.1417,281.8222,4:20:13:970519,0
353.0925,280.5688,4:20:13:973516,0
352.9695,279.2278,4:20:13:978518,0
352.8465,277.8286,4:20:13:982520,0
352.699,276.4586,4:20:13:986512,0
352.4776,275.0011,4:20:13:989858,0
352.2563,273.5728,4:20:13:993860,0
351.9366,272.1152,4:20:13:997859,0
351.5923,270.716,4:20:14:001860,0
351.2234,269.346,4:20:14:005861,0
350.7807,268.0051,4:20:14:009793,0
350.2888,266.7516,4:20:14:014455,0
349.7969,265.5857,4:20:14:018466,0
349.2313,264.4488,4:20:14:022485,0
348.641,263.3702,4:20:14:026464,0
348.0999,262.35,4:20:14:030470,0
347.5343,261.3006,4:20:14:034073,0
347.0424,260.2803,4:20:14:038087,0
346.5997,259.2018,4:20:14:041844,0
346.157,258.1524,4:20:14:046010,0
345.7635,257.1613,4:20:14:049929,0
345.3946,256.1993,4:20:14:053931,0
345.0503,255.2957,4:20:14:057932,0
344.706,254.392,4:20:14:061931,0
344.3863,253.4884,4:20:14:066463,0
344.0666,252.5264,4:20:14:069971,1522
343.796,251.6811,4:20:14:073946,1578
343.5009,250.7775,4:20:14:078514,1711
343.3042,249.8155,4:20:14:081524,1894
343.1566,248.8535,4:20:14:086333,2120
343.0336,247.8042,4:20:14:090241,2335
342.9598,246.8422,4:20:14:094241,2511
342.8861,245.9094,4:20:14:098241,2677
342.8861,245.064,4:20:14:102056,2850
342.8861,244.3062,4:20:14:106056,3017
342.8861,243.6066,4:20:14:110180,3181
342.8861,243.0527,4:20:14:114180,3346
342.8861,242.5863,4:20:14:118269,3503
342.8861,242.2365,4:20:14:122182,3650
342.8861,241.945,4:20:14:126558,3778
342.8861,241.7993,4:20:14:130570,3873
342.8861,241.6826,4:20:14:134462,3929
342.8861,241.6535,4:20:14:138178,3970
342.8861,241.6535,4:20:14:142176,4030
342.8861,241.6535,4:20:14:146513,4113
342.8861,241.6535,4:20:14:149525,4224
342.8861,242.4697,4:20:14:153604,4350
343.3287,242.4697,4:20:14:157605,4475
343.3287,243.4608,4:20:14:162604,4597
343.3287,244.1313,4:20:14:165607,4717
343.8944,244.9183,4:20:14:170606,4841
343.8944,245.7636,4:20:14:173613,4958
344.4109,246.609,4:20:14:178591,5079
344.7306,247.5418,4:20:14:182611,5197
345.0995,248.5038,4:20:14:186601,5303
345.4684,249.4948,4:20:14:190602,5408
345.9357,250.5443,4:20:14:193603,5503
346.4521,251.5645,4:20:14:198634,5590
347.0178,252.6431,4:20:14:201599,5660
347.6327,253.7799,4:20:14:205632,5702
348.2229,255.0042,4:20:14:209981,5733
348.7886,256.2577,4:20:14:213995,5738
349.3296,257.4819,4:20:14:218320,5755
349.8215,258.7062,4:20:14:222362,5768
350.2642,259.9305,4:20:14:226332,5776
350.6331,261.1548,4:20:14:230361,5789
350.9528,262.2625,4:20:14:234631,5789
351.125,263.2537,4:20:14:237641,5789
351.2971,264.2448,4:20:14:242642,5764
351.3463,265.0318,4:20:14:245663,5696
351.3709,265.7897,4:20:14:250888,5570
351.3709,266.4601,4:20:14:253898,5377
351.3709,267.014,4:20:14:257969,5142
351.3709,267.4804,4:20:14:261899,4890
351.3709,267.9468,4:20:14:265918,4613
351.3709,268.3257,4:20:14:269898,4308
350.7807,268.6464,4:20:14:275214,3965
350.7807,268.9088,4:20:14:278213,3570
350.7807,269.0836,4:20:14:282230,3137
350.7807,269.2877,4:20:14:286215,2665
350.7807,269.4626,4:20:14:290215,2091
350.7807,269.55,4:20:14:294459,1419
350.7807,269.6375,4:20:14:298229,807
351.4201,269.6667,4:20:14:302457,331
351.4201,269.6667,4:20:14:306131,0
352.4776,269.6667,4:20:14:309977,0
353.1663,269.6667,4:20:14:313987,0
353.9532,269.6667,4:20:14:317988,0
354.8386,269.6667,4:20:14:321987,0
355.7978,269.6667,4:20:14:325986,0
356.8061,269.6667,4:20:14:329988,0
357.9128,269.0545,4:20:14:334456,0
358.9704,269.0545,4:20:14:338481,0
360.0279,269.0545,4:20:14:342507,0
361.1346,269.0545,4:20:14:346023,0
362.1922,269.0545,4:20:14:350462,0
363.2005,269.0545,4:20:14:354110,0
364.1843,269.0545,4:20:14:357862,0
365.0942,269.7541,4:20:14:361861,0
365.9796,269.7541,4:20:14:365864,0
366.8158,270.4537,4:20:14:369864,0
367.652,270.4537,4:20:14:374523,0
368.4144,271.2699,4:20:14:378855,0
369.1522,271.2699,4:20:14:383868,0
369.8654,272.1152,4:20:14:385868,0
370.5294,272.5233,4:20:14:389865,0
371.1443,272.9023,4:20:14:393865,0
371.7099,273.2521,4:20:14:398518,0
372.3002,273.5728,4:20:14:402530,0
372.8412,273.8934,4:20:14:406531,0
373.3823,274.1266,4:20:14:410514,0
373.8742,274.3307,4:20:14:413525,0
374.3661,274.5347,4:20:14:418525,0
374.8825,274.6805,4:20:14:421525,0
375.3498,274.8262,4:20:14:426809,0
375.8171,274.9428,4:20:14:429819,0
376.2352,275.0302,4:20:14:433819,0
376.6533,275.1177,4:20:14:438819,0
376.9976,275.176,4:20:14:441819,0
377.2681,275.2343,4:20:14:445819,0
377.5387,275.2926,4:20:14:449763,0
377.7108,275.2926,4:20:14:453710,0
377.8338,275.3509,4:20:14:457709,0
377.9322,275.3509,4:20:14:461710,0
377.9568,275.3509,4:20:14:466506,0
378.0305,275.3509,4:20:14:469518,0
378.0305,275.3509,4:20:14:474882,0
378.0797,275.3509,4:20:14:477891,2225
378.0797,275.3509,4:20:14:481882,2289
378.1289,274.7096,4:20:14:485840,2417
378.1535,274.7096,4:20:14:489837,2616
378.2027,274.7096,4:20:14:493837,2889
378.2519,273.9225,4:20:14:498455,3178
378.3011,273.9225,4:20:14:502467,3474
378.3994,273.3687,4:20:14:506464,3750
378.4732,273.3687,4:20:14:510466,4000
378.547,272.844,4:20:14:514466,4208
378.6454,272.844,4:20:14:517515,4383
378.7437,272.4359,4:20:14:522542,4540
378.8421,272.4359,4:20:14:526542,4693
378.9405,272.1444,4:20:14:530526,4835
378.9897,272.1444,4:20:14:533525,4965
379.0635,271.9987,4:20:14:537979,5077
379.0881,271.9987,4:20:14:541971,5171
379.1618,271.9987,4:20:14:546074,5264
379.211,271.9987,4:20:14:549968,5363
379.3094,271.9987,4:20:14:554515,5480
379.4078,271.9987,4:20:14:557528,5600
379.5308,272.9606,4:20:14:562512,5715
379.6783,272.9606,4:20:14:566520,5826
379.8259,274.1266,4:20:14:570342,5932
379.998,274.8845,4:20:14:574333,6042
380.1456,275.7881,4:20:14:578431,6147
380.2686,276.7501,4:20:14:582335,6232
380.3423,277.8578,4:20:14:586333,6296
380.3423,278.9947,4:20:14:590462,6330
380.3423,280.2481,4:20:14:594342,6346
380.3423,281.5598,4:20:14:598468,6357
380.3423,282.959,4:20:14:602342,6359
380.3423,284.3582,4:20:14:606342,6371
379.7767,285.7866,4:20:14:610342,6380
379.7767,287.0984,4:20:14:614342,6386
379.7767,288.381,4:20:14:618342,6383
379.2356,289.6344,4:20:14:622403,6353
379.2356,290.7712,4:20:14:626370,6272
379.2356,291.8206,4:20:14:630508,6151
379.2356,292.666,4:20:14:634518,5991
379.2356,293.3947,4:20:14:638517,5789
379.2356,294.0069,4:20:14:642518,5587
379.2356,294.4733,4:20:14:646516,5364
379.2356,294.8814,4:20:14:649881,5136
379.2356,295.1146,4:20:14:653664,4918
379.2356,295.2603,4:20:14:657664,4698
379.2356,295.2895,4:20:14:662664,4456
379.2356,295.2895,4:20:14:665664,4163
379.2356,295.2895,4:20:14:670503,3800
379.2356,295.2895,4:20:14:674517,3372
378.6454,295.2895,4:20:14:678514,2891
378.6454,295.2895,4:20:14:682265,2326
378.0797,294.415,4:20:14:686265,1663
378.0797,294.415,4:20:14:690289,996
377.3911,293.6862,4:20:14:694268,466
376.9976,293.6862,4:20:14:698264,0
376.6287,292.9866,4:20:14:702266,0
376.2352,292.9866,4:20:14:705629,0
375.8909,292.3162,4:20:14:709656,0
375.6449,291.9664,4:20:14:714649,0
375.6449,291.6166,4:20:14:717660,0
375.3006,291.2085,4:20:14:721732,0
375.3006,290.8878,4:20:14:726710,0
375.3006,290.4506,4:20:14:729660,0
375.3006,290.0425,4:20:14:734505,0
375.3006,289.5178,4:20:14:737515,0
375.8909,288.8765,4:20:14:742508,0
375.8909,288.2935,4:20:14:745521,0
376.6287,287.623,4:20:14:750519,0
376.6287,286.9526,4:20:14:754518,0
377.5633,286.2821,4:20:14:757521,0
378.0551,285.5826,4:20:14:761647,0
378.547,284.9121,4:20:14:765646,0
379.0635,284.2708,4:20:14:770455,0
379.5308,283.6295,4:20:14:774467,0
379.9734,283.0465,4:20:14:778467,0
380.3177,282.4344,4:20:14:782472,0
380.5883,281.9388,4:20:14:786475,0
380.785,281.4432,4:20:14:790504,0
380.785,281.006,4:20:14:793848,0
380.785,280.627,4:20:14:797849,0
380.785,280.2481,4:20:14:801848,0
380.785,279.9566,4:20:14:805853,0
380.785,279.7526,4:20:14:809850,0
380.0472,279.5485,4:20:14:814504,0
380.0472,279.3445,4:20:14:818514,0
379.4078,279.1404,4:20:14:822513,2256
379.4078,278.9655,4:20:14:826516,2293
378.7437,278.7906,4:20:14:830515,2382
378.7437,278.5865,4:20:14:834618,2534
378.2519,278.4408,4:20:14:837628,2747
378.2519,278.2659,4:20:14:841628,2981
377.9076,278.0619,4:20:14:845628,3221
377.9076,277.9161,4:20:14:849630,3459
377.6124,277.7704,4:20:14:854628,3685
377.6124,277.6829,4:20:14:858515,3886
377.3665,277.5663,4:20:14:862036,4067
377.3665,277.4206,4:20:14:866035,4217
377.096,277.2748,4:20:14:869905,4347
376.9238,277.1582,4:20:14:873905,4475
376.7516,277.0416,4:20:14:877935,4592
376.5303,276.8958,4:20:14:881904,4705
376.2352,276.7792,4:20:14:885905,4819
375.9401,276.6918,4:20:14:889880,4923
375.522,276.6335,4:20:14:893920,5024
375.0793,276.6043,4:20:14:898116,5120
374.5628,276.6043,4:20:14:902129,5209
373.9726,276.6043,4:20:14:906125,5285
373.2839,276.6043,4:20:14:910126,5358
372.5215,276.6043,4:20:14:914126,5423
371.7591,277.2748,4:20:14:918126,5476
370.8737,277.2748,4:20:14:922435,5529
369.9638,278.0619,4:20:14:926143,5571
369.0292,278.674,4:20:14:931747,5615
368.1193,279.2862,4:20:14:934746,5648
367.2585,280.044,4:20:14:937747,5669
366.3731,280.8019,4:20:14:942748,5688
365.6599,281.6181,4:20:14:946520,5688
365.0696,282.4344,4:20:14:950528,5687
364.6269,283.3088,4:20:14:954398,5686
364.3072,284.0959,4:20:14:958365,5690
364.258,284.9121,4:20:14:962348,5697
364.258,285.67,4:20:14:966348,5693
364.258,286.3696,4:20:14:970355,5663
365.2172,287.0692,4:20:14:974454,5595
365.9304,287.623,4:20:14:977897,5503
366.8158,288.1769,4:20:14:982506,5397
367.8979,288.585,4:20:14:986518,5289
369.1522,288.8765,4:20:14:989861,5190
370.4311,289.1389,4:20:14:993865,5111
371.8329,289.2846,4:20:14:997863,5046
373.2593,289.372,4:20:15:001865,4997
374.612,289.372,4:20:15:005818,4959
375.9647,289.372,4:20:15:010826,4919
377.2189,289.372,4:20:15:014699,4885
378.3011,289.372,4:20:15:017712,4854
379.2848,289.372,4:20:15:022709,4830
380.121,288.6725,4:20:15:025710,4813
380.8096,288.6725,4:20:15:029711,4798
381.3261,288.6725,4:20:15:033709,4781
381.7196,288.0312,4:20:15:038454,4749
381.9409,288.0312,4:20:15:041720,4680
382.0147,287.5939,4:20:15:046505,4564
382.0147,287.5939,4:20:15:050516,4393
382.0147,287.1858,4:20:15:053603,4161
381.4245,287.1858,4:20:15:057604,3885
381.4245,286.6902,4:20:15:062603,3583
380.4899,286.6902,4:20:15:065618,3281
379.9243,286.3405,4:20:15:070486,2984
379.3094,286.1947,4:20:15:074495,2678
378.6454,286.0781,4:20:15:078494,2317
378.0305,285.9907,4:20:15:082509,1829
377.4649,285.9323,4:20:15:086761,1222
376.973,285.9323,4:20:15:089772,672
376.5303,285.9323,4:20:15:093951,256
376.2106,285.9323,4:20:15:097961,0
376.2106,285.9323,4:20:15:101961,0
375.9893,285.9323,4:20:15:105962,0
375.9893,285.9323,4:20:15:109961,0
375.9893,285.9323,4:20:15:113962,0
376.6533,285.9323,4:20:15:118506,0
376.6533,285.9323,4:20:15:122517,0
377.7846,285.9323,4:20:15:126050,0
378.4732,285.9323,4:20:15:130006,0
379.2356,285.9323,4:20:15:134115,0
380.0472,285.9323,4:20:15:138006,0
380.908,285.9323,4:20:15:142456,0
381.7688,285.9323,4:20:15:146078,0
382.6541,285.9323,4:20:15:150510,0
383.4904,285.0287,4:20:15:154883,0
384.3019,285.0287,4:20:15:157896,0
385.1135,284.3,4:20:15:161999,0
385.8759,283.8627,4:20:15:165959,0
386.5891,283.338,4:20:15:169943,0
387.2778,282.8133,4:20:15:173944,0
387.868,282.2303,4:20:15:177944,0
388.3845,281.6181,4:20:15:182511,0
388.8764,281.006,4:20:15:185854,0
389.2207,280.3647,4:20:15:189855,0
389.4912,279.7526,4:20:15:193856,0
389.688,279.1404,4:20:15:197986,0
389.7372,278.5865,4:20:15:201855,0
389.8109,278.0619,4:20:15:205859,0
389.8109,277.5663,4:20:15:209854,0
389.8109,277.0707,4:20:15:214459,0
389.8109,276.6918,4:20:15:218752,0
389.8109,276.3128,4:20:15:221762,0
389.8109,275.9048,4:20:15:225761,0
389.8109,275.4092,4:20:15:229765,3008
389.8109,275.0011,4:20:15:233762,3062
389.8109,274.5638,4:20:15:237762,3190
389.8109,274.1266,4:20:15:241765,3408
389.8109,273.6602,4:20:15:246513,3705
390.4012,273.1646,4:20:15:250532,4026
390.4012,272.6691,4:20:15:254452,4343
391.2128,272.261,4:20:15:258455,4633
391.6555,271.882,4:20:15:262455,4913
391.6555,271.5905,4:20:15:266455,5184
392.3933,271.299,4:20:15:270502,5444
392.3933,271.1241,4:20:15:274515,5681
392.9835,270.9784,4:20:15:278515,5873
392.9835,270.891,4:20:15:282664,6025
393.3524,270.8618,4:20:15:285664,6151
393.3524,270.8618,4:20:15:289663,6265
393.623,270.8618,4:20:15:294664,6373
393.7705,270.8618,4:20:15:298511,6474
393.7705,272.0278,4:20:15:301524,6557
393.9673,272.6691,4:20:15:306521,6630
394.0411,273.4561,4:20:15:310525,6697
394.1148,274.4181,4:20:15:314521,6751
394.1394,275.4966,4:20:15:318533,6796
394.1394,276.6627,4:20:15:322638,6827
394.1394,277.9161,4:20:15:326655,6844
394.1394,279.257,4:20:15:330461,6858
394.1394,280.6562,4:20:15:333925,6865
393.5738,282.0845,4:20:15:337978,6871
393.5738,283.5129,4:20:15:341978,6884
392.9344,284.8829,4:20:15:345975,6884
392.9344,286.253,4:20:15:349978,6885
392.3441,287.4773,4:20:15:354508,6864
392.3441,288.585,4:20:15:358516,6803
391.7784,289.5178,4:20:15:362282,6701
391.7784,290.3048,4:20:15:366283,6529
391.4587,290.9461,4:20:15:370344,6312
391.4587,291.4417,4:20:15:374292,6045
391.4587,291.8206,4:20:15:378607,5742
391.4587,292.0247,4:20:15:381619,5421
391.4587,292.1704,4:20:15:385730,5083
392.0244,292.2579,4:20:15:389618,4744
392.0244,292.287,4:20:15:393615,4376
392.5162,292.287,4:20:15:397617,3956
392.5162,292.287,4:20:15:402505,3474
392.5162,292.287,4:20:15:405518,2903
393.0819,292.287,4:20:15:410515,2168
393.0819,291.4125,4:20:15:414515,1361
393.0819,291.4125,4:20:15:418516,700
393.0819,290.5963,4:20:15:422515,0
393.0819,290.5963,4:20:15:426825,0
393.0819,289.6635,4:20:15:429835,0
392.3687,289.1097,4:20:15:433905,0
392.3687,288.5267,4:20:15:438848,0
391.4341,287.8563,4:20:15:441836,0
390.8439,287.2149,4:20:15:447672,0
390.1552,286.6028,4:20:15:449672,0
389.5158,285.8741,4:20:15:453673,0
388.8764,285.1744,4:20:15:457676,0
388.2615,284.4165,4:20:15:461765,0
387.7451,283.6587,4:20:15:465682,0
387.2778,282.8424,4:20:15:470503,0
386.8597,282.0845,4:20:15:473841,0
386.5891,281.2683,4:20:15:477934,0
386.3924,280.3939,4:20:15:481957,0
386.3924,279.4902,4:20:15:486111,0
386.2694,278.5574,4:20:15:490052,0
386.2694,277.6246,4:20:15:494120,0
386.2694,276.6335,4:20:15:498038,0
386.2694,275.6424,4:20:15:502503,0
386.9335,274.6222,4:20:15:506349,0
386.9335,273.7185,4:20:15:510348,0
387.6221,272.844,4:20:15:514349,0
387.6221,272.1152,4:20:15:518351,0
388.3599,271.4448,4:20:15:522692,0
388.3599,270.8618,4:20:15:525702,0
388.778,270.4246,4:20:15:529704,0
388.778,270.0747,4:20:15:533702,0
388.778,269.7541,4:20:15:537782,0
388.778,269.4918,4:20:15:541831,0
388.778,269.2294,4:20:15:545820,0
388.778,268.9962,4:20:15:549820,0
388.114,268.7339,4:20:15:553827,0
388.114,268.5298,4:20:15:557818,0
387.5237,268.3257,4:20:15:561818,0
387.5237,268.1508,4:20:15:566458,0
386.8351,267.9468,4:20:15:570365,0
386.8351,267.7136,4:20:15:574364,2243
386.1219,267.4513,4:20:15:578460,2278
385.7776,267.1889,4:20:15:581904,2362
385.4579,266.9557,4:20:15:586128,2494
385.4579,266.7516,4:20:15:590000,2658
384.966,266.4893,4:20:15:593997,2818
384.7446,266.1686,4:20:15:597997,2971
384.5233,265.9063,4:20:15:602342,3110
384.3019,265.6731,4:20:15:606365,3253
384.1052,265.4107,4:20:15:610370,3391
383.9084,265.2067,4:20:15:614349,3515
383.6871,264.886,4:20:15:618350,3625
383.4412,264.6237,4:20:15:622104,3732
383.146,264.3322,4:20:15:626110,3843
382.9001,264.0115,4:20:15:630228,3960
382.6541,263.6326,4:20:15:634110,4082
382.359,263.2245,4:20:15:638514,4183
382.0639,262.7581,4:20:15:642527,4266
381.7442,262.2334,4:20:15:646522,4321
381.3999,261.5921,4:20:15:650526,4365
381.0556,260.9799,4:20:15:654521,4404
380.6129,260.1929,4:20:15:658532,4424
380.1702,259.3475,4:20:15:662458,4444
379.6537,258.4147,4:20:15:665906,4453
379.0881,257.5403,4:20:15:670521,4460
378.4732,256.5783,4:20:15:673564,4471
377.8092,255.558,4:20:15:678541,4478
377.096,254.5378,4:20:15:682529,4480
376.3828,253.4301,4:20:15:686532,4478
375.6203,252.2641,4:20:15:690531,4476
374.8333,251.1272,4:20:15:694457,4472
374.1201,249.9904,4:20:15:698476,4468
373.4069,248.6786,4:20:15:702467,4462
372.7429,247.4252,4:20:15:706486,4456
372.128,246.1718,4:20:15:710466,4449
371.587,244.9766,4:20:15:714466,4448
371.1197,243.8398,4:20:15:718471,4453
370.7508,242.7903,4:20:15:722466,4462
370.4311,241.8284,4:20:15:726459,4472
370.2589,240.9539,4:20:15:730490,4477
370.1359,240.1377,4:20:15:734515,4481
370.0622,239.3798,4:20:15:738526,4478
370.0622,238.7677,4:20:15:742571,4477
370.0622,238.1263,4:20:15:746575,4479
370.0622,237.5142,4:20:15:750572,4482
370.6524,236.9603,4:20:15:753572,4494
370.6524,236.3773,4:20:15:758711,4507
371.4148,235.8818,4:20:15:762720,4519
371.9067,235.4154,4:20:15:765833,4531
372.5707,234.9781,4:20:15:769721,4534
373.2839,234.5701,4:20:15:773721,4539
374.1447,234.2785,4:20:15:777721,4544
375.1285,233.987,4:20:15:782433,4550
376.2106,233.8121,4:20:15:786441,4561
377.3911,233.6373,4:20:15:790430,4576
378.7191,233.5789,4:20:15:794435,4597
380.121,233.5789,4:20:15:798454,4623
381.6212,233.5789,4:20:15:802476,4656
383.2198,233.5789,4:20:15:806464,4703
384.7938,233.5789,4:20:15:810467,4760
386.4908,234.6575,4:20:15:814464,4830
388.114,234.6575,4:20:15:818476,4907
389.688,235.9109,4:20:15:822519,4981
391.2374,236.7271,4:20:15:826516,5050
392.713,237.6599,4:20:15:830502,5114
394.0165,238.6219,4:20:15:834512,5179
395.1724,239.6713,4:20:15:838511,5237
396.1807,240.7207,4:20:15:842521,5305
396.9431,241.8284,4:20:15:846522,5376
397.6071,242.9361,4:20:15:850522,5450
398.0744,244.1021,4:20:15:854522,5520
398.3204,245.2681,4:20:15:858506,5590
398.3696,246.4924,4:20:15:862515,5660
398.3696,247.8042,4:20:15:866516,5712
398.3696,249.1159,4:20:15:870517,5776
397.435,250.4276,4:20:15:874516,5829
396.7956,251.7977,4:20:15:878517,5869
396.1315,253.1969,4:20:15:882452,5895
395.3199,254.6544,4:20:15:886650,5906
394.4346,256.0244,4:20:15:890371,5903
393.5246,257.3945,4:20:15:894372,5906
392.59,258.6479,4:20:15:898371,5916
391.6555,259.8723,4:20:15:902379,5919
390.6963,261.0091,4:20:15:905792,5918
389.8355,262.0585,4:20:15:909802,5876
388.9994,262.9622,4:20:15:914546,5788
388.2369,263.7492,4:20:15:918556,5659
387.5729,264.4196,4:20:15:922429,5482
386.9581,265.0318,4:20:15:926438,5298
386.417,265.5273,4:20:15:930451,5113
385.9989,265.9355,4:20:15:934466,4924
385.6054,266.3144,4:20:15:938459,4729
385.3349,266.5768,4:20:15:942481,4515
385.0889,266.8099,4:20:15:946463,4278
384.8922,267.014,4:20:15:950462,4015
384.6708,267.1889,4:20:15:954334,3720
384.4495,267.3055,4:20:15:958332,3398
384.2527,267.4513,4:20:15:962334,3050
383.9822,267.5678,4:20:15:966334,2669
383.6379,267.6844,4:20:15:970437,2233
383.269,267.7719,4:20:15:973602,1713
382.7771,267.8885,4:20:15:978501,1132
382.2115,267.976,4:20:15:982509,617
381.5474,268.0051,4:20:15:986559,245
380.8342,268.0051,4:20:15:989560,0
380.0226,268.0342,4:20:15:994561,0
379.1127,268.0342,4:20:15:997558,0
378.1535,268.0342,4:20:16:002606,0
377.0222,268.0342,4:20:16:005609,0
375.8417,268.0342,4:20:16:010503,0
374.5628,268.0342,4:20:16:014513,0
373.161,268.0342,4:20:16:017955,0
371.587,268.0342,4:20:16:021955,0
369.9146,268.0342,4:20:16:025992,0
368.2176,268.0342,4:20:16:029955,0
366.4469,268.0342,4:20:16:034503,0
364.5532,268.0342,4:20:16:038022,0
362.6594,268.6755,4:20:16:042503,0
360.6919,268.6755,4:20:16:046019,0
358.7244,269.2003,4:20:16:050142,0
356.7815,269.2003,4:20:16:054019,0
354.8878,269.6958,4:20:16:058019,0
352.9449,269.6958,4:20:16:062019,0
351.002,270.2788,4:20:16:066371,0
349.1329,270.2788,4:20:16:070371,0
347.2638,270.7452,4:20:16:074371,0
345.4684,271.0075,4:20:16:078501,0
343.7223,271.2408,4:20:16:081513,0
342.0007,271.4448,4:20:16:086511,0
340.4267,271.6488,4:20:16:089511,0
338.8773,271.8238,4:20:16:094511,0
337.4508,271.9403,4:20:16:097512,0
336.0736,272.0861,4:20:16:102688,0
334.8193,272.2027,4:20:16:106217,0
333.7372,272.2902,4:20:16:110242,0
332.7043,272.3776,4:20:16:114204,0
331.7697,272.4942,4:20:16:118294,1338
330.8597,272.5233,4:20:16:122203,1381
330.0481,272.6108,4:20:16:126450,1475
329.3103,272.6982,4:20:16:130461,1619
328.6217,272.7857,4:20:16:134459,1810
327.9576,272.844,4:20:16:138427,1997
327.269,272.9315,4:20:16:142470,2165
326.6542,272.9897,4:20:16:146383,2320
326.0885,273.0772,4:20:16:150342,2458
325.6212,273.1646,4:20:16:154323,2574
325.154,273.2521,4:20:16:158325,2676
324.7605,273.3395,4:20:16:162328,2748
324.4653,273.3687,4:20:16:166392,2801
324.2686,273.4561,4:20:16:170402,2844
324.1456,273.4853,4:20:16:174402,2879
324.0718,273.5144,4:20:16:178402,2923
324.0718,273.5728,4:20:16:182403,2979
324.0718,273.631,4:20:16:186550,3050
324.0718,273.6602,4:20:16:189549,3126
325.031,273.7185,4:20:16:194549,3193
325.7442,273.7768,4:20:16:198555,3242
326.605,273.8059,4:20:16:202468,3274
327.8101,273.8059,4:20:16:206490,3291
329.3841,273.8059,4:20:16:210476,3309
331.3024,273.8059,4:20:16:214476,3333
333.6142,273.8059,4:20:16:218479,3365
336.3687,273.8059,4:20:16:222476,3409
339.5167,273.1646,4:20:16:226464,3450
343.0336,273.1646,4:20:16:230475,3492
346.944,272.5525,4:20:16:234519,3533
351.1988,272.5525,4:20:16:238552,3573
355.6994,271.9403,4:20:16:242530,3617
360.3722,271.9403,4:20:16:246531,3675
365.168,271.299,4:20:16:250530,3736
369.9638,271.299,4:20:16:254529,3813
374.6612,270.716,4:20:16:258533,3903
379.1127,270.716,4:20:16:261717,3992
383.4904,270.1622,4:20:16:265615,4090
387.5729,269.8998,4:20:16:269616,4186
391.3358,269.6375,4:20:16:274613,4278
394.7297,269.4043,4:20:16:278236,4372
397.7055,269.2003,4:20:16:282246,4463
400.2387,268.967,4:20:16:286282,4553
402.3046,268.7921,4:20:16:290309,4653
403.9523,268.6755,4:20:16:293937,4765
405.1574,268.5298,4:20:16:297948,4898
405.9936,268.4424,4:20:16:301947,5037
406.4609,268.4132,4:20:16:305949,5147
406.6331,268.2966,4:20:16:310505,5215
406.6331,268.18,4:20:16:314516,5242
406.6331,268.1217,4:20:16:318049,5234
405.8953,267.976,4:20:16:322076,5213
405.8953,267.8593,4:20:16:326147,5167
404.6656,267.7427,4:20:16:330147,5092
403.854,267.6262,4:20:16:334212,4986
402.944,267.5387,4:20:16:338148,4865
401.9602,267.4804,4:20:16:342506,4749
400.9519,267.4513,4:20:16:346523,4633
399.9927,267.4513,4:20:16:350450,4503
399.132,267.4513,4:20:16:354460,4347
398.4433,267.4513,4:20:16:358459,4153
397.9023,267.4513,4:20:16:362458,3912
397.435,267.4513,4:20:16:366460,3660
397.1153,267.4513,4:20:16:370458,3409
397.1153,267.4513,4:20:16:374505,3174
396.8202,267.4513,4:20:16:378515,2964
396.8202,267.4513,4:20:16:382475,2743
396.8202,267.4513,4:20:16:386419,2488
396.8202,267.9468,4:20:16:390423,2145
396.8202,267.9468,4:20:16:394420,1665
396.8202,267.9468,4:20:16:398501,1075
396.8202,267.9468,4:20:16:401511,565
396.8202,267.9468,4:20:16:406048,190
396.8202,267.9468,4:20:16:409928,0
396.8202,267.9468,4:20:16:413928,0
396.8202,267.9468,4:20:16:417927,0
396.8202,267.9468,4:20:16:421928,0
396.2791,267.9468,4:20:16:425857,0
396.2791,267.3638,4:20:16:429870,0
395.7134,267.3638,4:20:16:433975,0
395.7134,267.3638,4:20:16:437867,0
395.0248,267.3638,4:20:16:442453,0
395.0248,266.7808,4:20:16:446477,0
394.3608,266.7808,4:20:16:450463,0
394.0165,266.7808,4:20:16:454433,0
393.5738,266.4601,4:20:16:458479,0
393.0819,266.4601,4:20:16:462076,0
392.6146,266.4601,4:20:16:466075,0
392.1227,266.4601,4:20:16:470077,0
391.5817,266.4601,4:20:16:474102,0
390.9669,266.4601,4:20:16:478510,0
390.2782,266.4601,4:20:16:482520,0
389.5896,266.4601,4:20:16:486524,0
388.8764,266.4601,4:20:16:490507,0
388.1385,266.4601,4:20:16:494519,0
387.3024,266.4601,4:20:16:498517,0
386.4662,266.4601,4:20:16:502519,0
385.5316,266.4601,4:20:16:506534,0
384.5479,266.4601,4:20:16:510517,0
383.4904,266.4601,4:20:16:513829,0
382.359,267.0432,4:20:16:517829,0
381.1785,267.0432,4:20:16:521833,0
379.8997,267.4221,4:20:16:525828,0
378.5224,267.4221,4:20:16:529828,0
377.1206,267.8593,4:20:16:534506,0
375.6203,267.8593,4:20:16:537858,0
373.9972,268.3841,4:20:16:542509,0
372.3002,268.6755,4:20:16:546519,0
370.554,268.9962,4:20:16:550516,0
368.7833,269.2877,4:20:16:554519,0
367.1847,269.6375,4:20:16:558518,0
365.3647,269.9582,4:20:16:561521,0
363.6186,270.308,4:20:16:566328,0
361.8724,270.6577,4:20:16:570207,0
360.1263,270.9784,4:20:16:574318,0
358.3801,271.3282,4:20:16:578207,0
356.6094,271.678,4:20:16:582503,0
354.9124,271.9695,4:20:16:585838,0
352.9449,272.2902,4:20:16:590514,0
351.2234,272.6691,4:20:16:594528,0
349.4034,272.9897,4:20:16:598512,0
347.5835,273.3395,4:20:16:601515,0
345.8619,273.631,4:20:16:606506,0
344.0666,273.9808,4:20:16:610517,0
342.3204,274.2723,4:20:16:614517,0
340.5251,274.6222,4:20:16:618516,0
338.7297,275.0011,4:20:16:622515,0
336.9098,275.2926,4:20:16:626516,0
335.2128,275.6715,4:20:16:630829,0
333.3683,276.0505,4:20:16:633840,0
331.6221,276.4878,4:20:16:637864,0
329.9989,276.925,4:20:16:641841,0
328.4987,277.4497,4:20:16:647082,0
327.1461,278.0035,4:20:16:650092,0
325.9901,278.6448,4:20:16:654094,0
324.9818,279.257,4:20:16:658090,0
324.1456,279.8983,4:20:16:662091,0
323.6046,280.4521,4:20:16:666095,0
323.1127,280.9768,4:20:16:670095,0
322.8422,281.4141,4:20:16:674109,0
322.547,281.7639,4:20:16:678540,0
322.3749,282.0845,4:20:16:682152,0
322.2027,282.2886,4:20:16:686162,0
321.9568,282.4926,4:20:16:690163,0
321.76,282.6675,4:20:16:694161,0
321.5141,282.8133,4:20:16:698456,0
321.2928,282.959,4:20:16:701825,0
321.0222,283.1048,4:20:16:706457,0
320.8009,283.1339,4:20:16:710468,0
320.5303,283.2214,4:20:16:714466,0
320.2844,283.338,4:20:16:718479,0
320.1122,283.3672,4:20:16:722466,0
319.9401,283.4546,4:20:16:726468,0
319.8417,283.4546,4:20:16:730509,0
319.7188,283.4546,4:20:16:733853,0
319.5958,283.4546,4:20:16:737855,0
319.4974,283.4546,4:20:16:741853,0
319.4482,283.4546,4:20:16:745927,0
319.399,283.4546,4:20:16:749903,0
319.399,283.4546,4:20:16:753963,0
319.399,283.4546,4:20:16:757903,0
319.3253,283.4546,4:20:16:762501,0
319.3253,282.9299,4:20:16:765514,0
319.2761,282.9299,4:20:16:770784,0
319.2761,282.9299,4:20:16:773794,0
319.2761,282.9299,4:20:16:777794,0
319.2761,282.9299,4:20:16:781794,0
319.2761,282.5509,4:20:16:785828,0
319.2761,282.5509,4:20:16:789794,0
319.2761,282.5509,4:20:16:794501,0
319.2761,282.5509,4:20:16:798014,0
319.2761,282.2886,4:20:16:802501,0
319.2761,282.2886,4:20:16:806512,0
319.2761,282.2886,4:20:16:810448,0
319.2761,282.2886,4:20:16:813864,0
319.2761,282.2886,4:20:16:818562,0
319.2761,282.2886,4:20:16:822563,0
319.2761,282.2886,4:20:16:826562,0
319.2761,282.8424,4:20:16:829566,0
319.2761,282.8424,4:20:16:834102,0
319.2761,282.8424,4:20:16:838055,0
319.2761,282.8424,4:20:16:842155,0
319.2761,282.8424,4:20:16:847055,0
319.2761,282.8424,4:20:16:850055,0
319.2761,282.8424,4:20:16:854504,0
319.2761,283.1923,4:20:16:857517,0
319.2761,283.1923,4:20:16:862223,0
319.2761,283.1923,4:20:16:866224,0
319.2761,283.3963,4:20:16:870223,0
319.2761,283.5421,4:20:16:874224,0
319.2761,283.5421,4:20:16:878582,0
319.7925,283.5421,4:20:16:881845,0
319.7925,283.7752,4:20:16:886503,0
319.7925,283.7752,4:20:16:889511,0
319.7925,283.7752,4:20:16:894513,0
319.7925,283.8044,4:20:16:897511,0
319.7925,283.8627,4:20:16:902512,0
319.7925,283.8627,4:20:16:907822,0
319.7925,283.8627,4:20:16:909833,0
319.7925,283.8627,4:20:16:913835,0
319.7925,283.8627,4:20:16:917832,0
319.7925,283.8627,4:20:16:921881,0
319.7925,283.8627,4:20:16:925833,0
320.3582,283.8627,4:20:16:930109,0
320.3582,283.8627,4:20:16:934109,0
320.3582,283.8627,4:20:16:938108,0
320.3582,283.8627,4:20:16:942109,0
320.3582,284.4749,4:20:16:946108,0
320.3582,284.4749,4:20:16:950338,0
320.3582,284.4749,4:20:16:954231,0
320.3582,284.4749,4:20:16:958230,0
320.3582,284.4749,4:20:16:963246,0
320.3582,284.4749,4:20:16:966364,0
320.3582,284.4749,4:20:16:971373,0
320.3582,284.4749,4:20:16:974004,0
320.3582,284.4749,4:20:16:978014,0
320.3582,284.4749,4:20:16:982017,0
320.3582,284.4749,4:20:16:987026,0
320.3582,284.4749,4:20:16:990503,0
320.3582,284.4749,4:20:16:994514,0
320.3582,284.4749,4:20:16:998515,0
320.3582,284.4749,4:20:17:002517,0
320.3582,284.4749,4:20:17:006513,0
320.3582,284.4749,4:20:17:010519,0
320.3582,284.4749,4:20:17:014536,0
320.3582,284.4749,4:20:17:018522,0
320.3582,284.4749,4:20:17:022514,0
320.3582,284.4749,4:20:17:026517,0
320.3582,284.4749,4:20:17:030515,0
320.3582,284.4749,4:20:17:034513,0
320.3582,284.4749,4:20:17:038525,0
320.3582,284.4749,4:20:17:042536,0
320.3582,284.4749,4:20:17:046562,0
320.3582,284.4749,4:20:17:050534,0
320.3582,284.4749,4:20:17:054528,0
320.3582,285.291,4:20:17:058558,0
320.3582,285.291,4:20:17:062540,0
320.3582,285.291,4:20:17:066541,0
320.3582,285.291,4:20:17:069542,0
320.3582,285.291,4:20:17:073544,0
320.3582,285.291,4:20:17:078036,0
320.3582,285.291,4:20:17:082033,0
320.3582,285.291,4:20:17:086035,0
320.3582,285.291,4:20:17:090035,0
320.3582,285.291,4:20:17:094054,0
320.3582,285.291,4:20:17:098035,0
320.3582,285.291,4:20:17:102035,0
320.3582,285.291,4:20:17:106035,0
320.3582,285.291,4:20:17:110626,0
320.3582,285.291,4:20:17:113637,0
320.3582,285.291,4:20:17:117636,0
320.3582,285.9907,4:20:17:122640,0
320.3582,285.9907,4:20:17:125635,0
320.3582,285.9907,4:20:17:129637,0
320.3582,285.9907,4:20:17:134654,0
320.3582,285.9907,4:20:17:138640,0
320.3582,285.9907,4:20:17:142635,0
320.3582,285.9907,4:20:17:145654,0
320.3582,285.9907,4:20:17:149535,0
320.3582,285.9907,4:20:17:154551,0
320.3582,285.9907,4:20:17:158546,0
320.3582,285.9907,4:20:17:162551,0
320.3582,285.9907,4:20:17:166547,0
320.3582,285.9907,4:20:17:170547,0
320.3582,285.9907,4:20:17:173547,0
320.3582,285.9907,4:20:17:178546,0
320.3582,285.9907,4:20:17:182548,0
321.096,285.9907,4:20:17:186564,0
321.096,285.9907,4:20:17:190768,0
321.096,285.9907,4:20:17:193805,0
321.096,285.9907,4:20:17:197778,0
321.096,285.9907,4:20:17:201779,0
321.6371,285.9907,4:20:17:205901,0
321.6371,285.9907,4:20:17:209783,0
321.6371,285.9907,4:20:17:213803,0
321.6371,285.9907,4:20:17:217844,0
321.6371,285.9907,4:20:17:222495,0
322.0797,285.9907,4:20:17:225846,0
322.0797,285.9907,4:20:17:229870,0
322.0797,285.9907,4:20:17:233846,0
322.0797,285.9907,4:20:17:237898,0
322.0797,285.9907,4:20:17:241901,0
322.0797,285.9907,4:20:17:245900,0
322.0797,285.9907,4:20:17:250895,0
322.0797,285.9907,4:20:17:254898,0
322.0797,286.7777,4:20:17:257897,0
322.0797,286.7777,4:20:17:261898,0
322.0797,286.7777,4:20:17:265896,0
322.0797,286.7777,4:20:17:269900,0
322.0797,286.7777,4:20:17:273899,0
322.0797,287.3315,4:20:17:277897,0
322.0797,287.3315,4:20:17:281895,0
322.0797,287.3315,4:20:17:286079,0
322.0797,287.3315,4:20:17:290089,0
322.0797,287.6522,4:20:17:295571,0
322.0797,287.6522,4:20:17:298588,0
322.0797,287.6522,4:20:17:302572,0
322.0797,287.6522,4:20:17:305573,0
322.0797,287.6522,4:20:17:309576,0
322.0797,287.6522,4:20:17:314592,0
322.0797,287.6522,4:20:17:318450,0
322.0797,287.6522,4:20:17:321878,0
322.0797,287.6522,4:20:17:326503,0
322.0797,287.6522,4:20:17:330529,0
322.0797,287.6522,4:20:17:334512,0
322.0797,287.6522,4:20:17:338520,0
322.0797,287.6522,4:20:17:342514,0
322.0797,287.6522,4:20:17:345513,0
322.0797,287.6522,4:20:17:349608,0
322.0797,287.6522,4:20:17:355618,0
322.0797,287.6522,4:20:17:360620,0
322.0797,287.6522,4:20:17:362622,0
322.0797,287.6522,4:20:17:365619,0
322.0797,287.6522,4:20:17:370856,0
322.0797,287.6522,4:20:17:373866,0
322.0797,287.6522,4:20:17:377869,0
322.0797,287.6522,4:20:17:381866,0
322.0797,287.6522,4:20:17:385993,0
322.0797,287.6522,4:20:17:389866,0
322.0797,287.6522,4:20:17:394510,0
322.0797,287.6522,4:20:17:398534,0
322.0797,287.6522,4:20:17:402521,0
322.0797,287.6522,4:20:17:405524,0
322.0797,287.6522,4:20:17:410521,0
322.0797,287.6522,4:20:17:414521,0
322.0797,287.6522,4:20:17:418510,0
322.0797,287.6522,4:20:17:421520,0
322.0797,287.6522,4:20:17:426520,0
322.0797,287.6522,4:20:17:430518,0
322.0797,287.6522,4:20:17:434700,0
322.0797,287.6522,4:20:17:517201,0
322.0797,287.6522,4:20:17:519201,0
322.0797,287.6522,4:20:17:524900,0
322.0797,287.6522,4:20:17:525917,0
322.0797,287.6522,4:20:17:532915,0
322.0797,287.6522,4:20:17:533900,0
322.0797,287.6522,4:20:17:608633,0
322.0797,287.6522,4:20:17:609640,0
322.0797,287.6522,4:20:17:648706,0
322.5224,287.6522,4:20:17:704598,0
322.5224,287.6522,4:20:17:705594,0
322.5224,287.6522,4:20:17:709591,0
322.5224,287.6522,4:20:17:709591,0
322.5224,287.6522,4:20:17:711590,0
322.5224,287.6522,4:20:17:712590,0
322.5224,287.6522,4:20:17:717592,0
322.5224,287.6522,4:20:17:718590,0
322.5224,287.6522,4:20:17:719592,0
322.5224,287.6522,4:20:17:719592,0
322.5224,287.6522,4:20:17:720592,0
322.5224,287.6522,4:20:17:736591,0
322.5224,287.6522,4:20:17:737609,0
322.5224,287.6522,4:20:17:738611,0
322.5224,287.6522,4:20:17:739605,0
322.5224,287.6522,4:20:17:740603,0
322.5224,287.6522,4:20:17:743613,0
322.5224,287.6522,4:20:17:744591,0
322.5224,287.6522,4:20:17:747595,0
322.5224,287.6522,4:20:17:748590,0
322.5224,287.6522,4:20:17:749590,0
322.5224,287.6522,4:20:17:750592,0
322.5224,287.6522,4:20:17:750592,0
322.5224,287.6522,4:20:17:751590,0
322.5224,287.6522,4:20:17:752611,0
322.5224,287.6522,4:20:17:753590,0
321.9568,287.6522,4:20:17:754613,0
321.9568,287.6522,4:20:17:756594,0
321.9568,287.6522,4:20:17:757591,0
321.9568,287.6522,4:20:17:758592,0
321.9568,287.6522,4:20:17:759594,0
321.9568,287.6522,4:20:17:760592,0
321.9568,287.6522,4:20:17:761591,0
321.9568,287.6522,4:20:17:762593,0
321.9568,287.6522,4:20:17:764618,0
321.9568,287.6522,4:20:17:766591,0
321.9568,287.6522,4:20:17:767591,0
321.9568,287.6522,4:20:17:768594,0
321.9568,287.6522,4:20:17:770591,0
321.9568,287.6522,4:20:17:772593,0
321.9568,287.6522,4:20:17:773610,0
321.9568,287.6522,4:20:17:775591,0
321.9568,287.6522,4:20:17:776627,0
321.9568,287.6522,4:20:17:778592,0
321.9568,287.6522,4:20:17:779591,0
321.9568,287.6522,4:20:17:783605,0
321.9568,287.6522,4:20:17:785617,0
321.9568,287.6522,4:20:17:786617,0
321.9568,287.6522,4:20:17:786617,0
321.9568,287.6522,4:20:17:788626,0
321.9568,287.6522,4:20:17:789639,0
321.9568,287.6522,4:20:17:790619,0
321.9568,287.6522,4:20:17:790619,0
321.9568,287.6522,4:20:17:791615,0
321.9568,287.6522,4:20:17:791615,0
321.9568,287.6522,4:20:17:794615,0
321.9568,287.6522,4:20:17:797613,0
321.9568,287.6522,4:20:17:801618,0
321.9568,287.6522,4:20:17:805614,0
321.9568,287.6522,4:20:17:810810,0
321.9568,287.6522,4:20:17:813794,0
321.9568,287.6522,4:20:17:817802,0
321.9568,287.6522,4:20:17:822803,0
321.9568,287.6522,4:20:17:826542,0
321.9568,287.6522,4:20:17:830561,0
321.9568,287.6522,4:20:17:834372,0
321.9568,287.6522,4:20:17:838378,0
321.9568,287.6522,4:20:17:842381,0
321.9568,287.6522,4:20:17:846402,0
321.9568,287.6522,4:20:17:851070,0
321.3419,287.6522,4:20:17:854089,0
321.3419,287.6522,4:20:17:858088,0
321.3419,287.6522,4:20:17:862081,0
321.3419,287.6522,4:20:17:867083,0
321.3419,287.6522,4:20:17:871081,0
321.3419,287.6522,4:20:17:875083,0
321.3419,287.6522,4:20:17:879114,0
321.3419,288.4392,4:20:17:882097,0
321.3419,288.4392,4:20:17:886102,0
321.3419,288.4392,4:20:17:890097,0
320.7763,288.4392,4:20:17:894097,0
320.7763,288.4392,4:20:17:898099,0
320.7763,288.4392,4:20:17:902096,0
320.7763,288.4392,4:20:17:906441,0
320.7763,287.6522,4:20:17:910454,0
320.7763,287.6522,4:20:17:913914,0
320.7763,287.6522,4:20:17:917911,0
320.7763,287.6522,4:20:17:922003,0
320.7763,287.6522,4:20:17:925969,0
320.7763,287.6522,4:20:17:930491,0
320.7763,287.6522,4:20:17:934517,0
320.7763,287.6522,4:20:17:938062,0
320.7763,287.6522,4:20:17:942076,0
320.7763,287.6522,4:20:17:946080,0
320.2106,287.6522,4:20:17:950073,0
320.2106,288.3227,4:20:17:954450,0
320.2106,288.3227,4:20:17:958463,0
320.2106,288.3227,4:20:17:961752,0
320.2106,288.3227,4:20:17:965765,0
320.2106,288.8474,4:20:17:970765,0
320.2106,288.8474,4:20:17:974761,0
320.2106,288.8474,4:20:17:979764,0
320.2106,288.8474,4:20:17:983760,0
320.2106,288.8474,4:20:17:986762,0
319.6204,288.8474,4:20:17:990780,0
319.6204,288.8474,4:20:17:993760,0
319.6204,288.8474,4:20:17:997785,0
319.1777,288.8474,4:20:18:001844,0
319.1777,288.8474,4:20:18:005843,0
318.8088,288.8474,4:20:18:010908,0
318.8088,288.8474,4:20:18:013906,0
318.4645,288.8474,4:20:18:017911,0
318.4645,288.8474,4:20:18:021908,0
318.2185,288.8474,4:20:18:026447,0
317.9972,288.1186,4:20:18:030462,0
317.7513,288.1186,4:20:18:034840,0
317.7513,288.1186,4:20:18:037849,0
317.4807,288.1186,4:20:18:041876,0
317.407,288.1186,4:20:18:045848,0
317.3086,288.1186,4:20:18:050851,0
317.1118,288.1186,4:20:18:053851,0
316.8905,288.1186,4:20:18:058531,0
316.8905,288.1186,4:20:18:062542,0
316.8905,288.1186,4:20:18:066811,0
316.8905,288.1186,4:20:18:069822,0
316.8905,288.1186,4:20:18:073822,0
316.8905,288.1186,4:20:18:077833,0
316.8905,288.1186,4:20:18:081822,0
