536.3651,504.7031,4:20:33:053561,0
536.3651,504.7031,4:20:33:057580,0
536.9799,505.5776,4:20:33:060591,0
536.9799,505.5776,4:20:33:065581,0
537.8161,506.2772,4:20:33:068590,0
537.8161,506.2772,4:20:33:073325,0
538.554,506.9477,4:20:33:076631,0
538.554,506.9477,4:20:33:080596,0
539.2672,506.9477,4:20:33:085501,0
539.2672,506.9477,4:20:33:088505,0
539.2672,506.9477,4:20:33:093521,0
539.2672,506.9477,4:20:33:097379,0
539.2672,506.9477,4:20:33:101397,0
539.2672,506.9477,4:20:33:105398,0
539.2672,506.9477,4:20:33:108545,0
539.2672,506.9477,4:20:33:112582,0
539.2672,506.9477,4:20:33:117486,0
539.2672,506.9477,4:20:33:120478,0
539.2672,506.9477,4:20:33:124507,0
539.2672,506.9477,4:20:33:128491,0
539.2672,506.9477,4:20:33:132495,0
539.2672,506.1314,4:20:33:136479,0
539.2672,506.1314,4:20:33:141171,0
539.2672,506.1314,4:20:33:145187,0
539.7836,506.1314,4:20:33:149187,0
539.7836,506.1314,4:20:33:153191,0
539.7836,506.1314,4:20:33:157187,0
539.7836,506.1314,4:20:33:161418,0
539.7836,506.1314,4:20:33:165438,0
539.7836,506.1314,4:20:33:168456,0
539.7836,506.1314,4:20:33:172573,0
539.7836,506.1314,4:20:33:176437,0
539.7836,506.1314,4:20:33:181222,0
539.7836,506.1314,4:20:33:185243,0
539.7836,506.1314,4:20:33:189244,0
539.7836,506.1314,4:20:33:193242,0
539.7836,506.1314,4:20:33:197243,0
539.7836,506.1314,4:20:33:201035,0
539.7836,506.1314,4:20:33:205060,0
539.095,505.3735,4:20:33:209095,0
539.095,505.3735,4:20:33:213054,0
539.095,505.3735,4:20:33:217060,0
539.095,504.7906,4:20:33:221077,0
539.095,504.7906,4:20:33:225511,0
539.095,504.7906,4:20:33:229262,0
539.095,504.7906,4:20:33:233285,0
539.095,504.7906,4:20:33:237281,0
539.095,504.7906,4:20:33:241279,0
539.095,504.7906,4:20:33:245495,0
539.095,504.7906,4:20:33:248889,0
539.095,504.7906,4:20:33:253038,0
539.095,504.7906,4:20:33:256889,0
539.095,504.7906,4:20:33:260889,0
539.095,504.7906,4:20:33:265204,0
539.095,504.7906,4:20:33:269266,0
539.095,504.7906,4:20:33:273284,0
539.095,504.7906,4:20:33:277286,0
539.095,504.7906,4:20:33:280481,0
539.095,504.7906,4:20:33:285288,0
539.095,504.7906,4:20:33:289171,0
539.095,504.7906,4:20:33:293423,0
539.095,504.0909,4:20:33:297138,0
539.095,504.0909,4:20:33:301160,0
539.095,504.0909,4:20:33:305155,0
539.095,504.0909,4:20:33:309155,0
539.095,504.0909,4:20:33:313153,0
539.095,504.0909,4:20:33:317477,0
539.095,504.0909,4:20:33:320496,0
539.095,504.0909,4:20:33:324496,0
539.095,504.0909,4:20:33:328492,0
539.095,504.0909,4:20:33:333493,0
539.095,504.0909,4:20:33:337221,0
539.095,504.0909,4:20:33:341238,0
539.095,504.0909,4:20:33:345241,0
539.095,503.1581,4:20:33:349240,0
539.095,503.1581,4:20:33:353240,0
539.095,503.1581,4:20:33:357701,0
539.095,503.1581,4:20:33:361266,0
539.095,503.1581,4:20:33:365288,0
539.095,503.1581,4:20:33:369286,0
539.095,503.1581,4:20:33:373284,0
539.095,503.1581,4:20:33:377483,0
539.095,503.1581,4:20:33:380957,0
539.095,503.1581,4:20:33:385110,0
539.095,502.3711,4:20:33:388963,0
539.095,502.3711,4:20:33:392960,0
539.095,502.3711,4:20:33:397161,0
539.095,502.3711,4:20:33:401646,0
539.095,502.3711,4:20:33:404682,0
539.095,502.3711,4:20:33:408664,0
539.095,502.3711,4:20:33:412662,0
539.095,502.3711,4:20:33:416712,0
539.095,502.3711,4:20:33:421180,0
539.095,502.3711,4:20:33:425506,0
539.095,502.3711,4:20:33:429068,0
539.095,502.3711,4:20:33:433064,0
539.095,502.3711,4:20:33:437061,0
539.095,502.3711,4:20:33:441056,0
539.095,502.3711,4:20:33:445732,0
539.095,502.3711,4:20:33:448837,0
539.095,502.3711,4:20:33:452784,0
539.095,502.3711,4:20:33:456751,0
539.095,502.3711,4:20:33:460752,0
539.095,502.3711,4:20:33:465170,0
539.7344,502.3711,4:20:33:469169,0
539.7344,502.3711,4:20:33:473548,0
539.7344,502.3711,4:20:33:477565,0
539.7344,502.3711,4:20:33:480635,0
539.7344,502.3711,4:20:33:484663,0
539.7344,502.3711,4:20:33:488670,0
539.7344,502.3711,4:20:33:493210,0
539.7344,502.3711,4:20:33:496829,0
539.7344,502.3711,4:20:33:501017,0
539.7344,502.3711,4:20:33:504843,0
539.7344,502.3711,4:20:33:508886,0
539.7344,502.3711,4:20:33:513510,0
539.7344,502.3711,4:20:33:517002,0
539.7344,502.3711,4:20:33:521100,0
539.7344,502.3711,4:20:33:525002,0
539.7344,502.3711,4:20:33:529009,0
539.7344,502.3711,4:20:33:533464,0
539.7344,502.3711,4:20:33:537078,0
539.7344,501.7298,4:20:33:540990,0
539.7344,501.7298,4:20:33:544994,0
539.7344,500.9719,4:20:33:549543,0
539.7344,500.9719,4:20:33:567346,0
188.9538,187.0847,4:20:33:991462,0
188.9538,187.0847,4:20:33:995478,0
188.9538,187.0847,4:20:33:998493,0
189.8638,187.0847,4:20:34:003480,0
189.8638,187.0847,4:20:34:006487,0
190.8967,187.0847,4:20:34:011570,0
191.5607,187.0847,4:20:34:015102,0
192.2493,187.0847,4:20:34:019097,0
193.0855,187.7843,4:20:34:023099,0
193.7742,188.5714,4:20:34:027098,0
194.4874,189.3001,4:20:34:031098,0
195.2498,189.8831,4:20:34:035155,0
195.9876,190.437,4:20:34:039683,0
196.7746,190.9325,4:20:34:042711,0
197.4878,191.3989,4:20:34:046747,0
198.2748,191.8945,4:20:34:050703,0
198.988,192.3317,4:20:34:054812,0
199.6767,192.7398,4:20:34:059173,0
200.3653,193.177,4:20:34:063258,0
200.9555,193.5851,4:20:34:068310,0
201.4966,193.9933,4:20:34:070326,0
201.9147,194.4888,4:20:34:075329,0
202.4312,194.8969,4:20:34:078328,0
202.8247,195.3633,4:20:34:082325,0
203.2428,195.8589,4:20:34:088524,0
203.71,196.3253,4:20:34:090528,0
204.1527,196.8208,4:20:34:094529,0
204.5708,197.2872,4:20:34:098525,0
205.1365,197.6953,4:20:34:103675,0
205.8005,198.1617,4:20:34:107266,0
206.4891,198.5698,4:20:34:111281,0
207.2023,198.9196,4:20:34:115218,0
208.0385,199.2694,4:20:34:119235,0
208.8255,199.59,4:20:34:123240,0
209.7601,199.8815,4:20:34:127235,0
210.7684,200.1439,4:20:34:131240,0
211.7522,200.3771,4:20:34:135146,0
212.8343,200.5228,4:20:34:138725,0
213.8918,200.6395,4:20:34:142692,0
214.9986,200.6686,4:20:34:146846,0
216.1545,200.6686,4:20:34:150694,0
217.3596,200.6686,4:20:34:155335,0
218.4663,200.6686,4:20:34:158976,0
219.6714,199.7358,4:20:34:163802,0
220.8765,199.7358,4:20:34:167259,0
222.0324,198.7447,4:20:34:171277,0
223.2621,197.9868,4:20:34:175278,0
224.4426,197.2289,4:20:34:179276,0
225.5001,196.2961,4:20:34:183279,0
226.6068,195.305,4:20:34:187231,0
227.7627,194.1973,4:20:34:190848,0
228.8694,193.0022,4:20:34:194866,0
229.9024,191.6321,4:20:34:198849,0
231.0091,190.2329,4:20:34:202866,0
232.042,188.7171,4:20:34:207215,0
233.0012,187.0847,4:20:34:210833,0
234.0341,185.4231,4:20:34:214829,0
234.9441,183.7033,4:20:34:218838,0
235.7803,181.8669,4:20:34:222758,0
236.6656,179.9429,4:20:34:227128,0
237.5264,178.0773,4:20:34:231150,0
238.4118,176.2409,4:20:34:235145,0
239.3218,174.4044,4:20:34:239149,0
240.3301,172.7137,4:20:34:243143,0
241.3385,171.0231,4:20:34:246148,0
242.4452,169.3907,4:20:34:251824,0
243.6257,167.9915,4:20:34:254879,0
244.6094,166.6797,4:20:34:258842,0
245.6424,165.3971,4:20:34:262895,0
246.5032,164.0271,4:20:34:266972,3111
247.1426,162.5695,4:20:34:271607,3111
247.6591,161.2869,4:20:34:275626,3117
248.0034,160.0627,4:20:34:279625,3121
248.1755,159.0132,4:20:34:282626,3119
248.2247,158.0513,4:20:34:286625,3114
248.2739,157.2643,4:20:34:291000,3101
248.2739,156.7104,4:20:34:295066,3088
248.2739,156.4772,4:20:34:299019,3076
248.2739,156.4772,4:20:34:303016,3072
248.2739,156.4772,4:20:34:307524,3069
248.2739,157.4683,4:20:34:311020,3069
248.2739,158.2845,4:20:34:315027,3074
248.2739,159.3047,4:20:34:319020,3073
248.2739,160.5874,4:20:34:323021,3071
248.2739,162.1323,4:20:34:327005,3072
248.2739,163.9688,4:20:34:331197,3072
248.2739,166.1259,4:20:34:334677,3077
248.2739,168.5744,4:20:34:338676,3082
248.2739,171.3437,4:20:34:342679,3098
248.2739,174.7251,4:20:34:346675,3116
248.2739,178.5729,4:20:34:350930,3132
248.2739,182.858,4:20:34:354651,3147
248.2739,187.4928,4:20:34:358651,3150
248.2739,192.3609,4:20:34:362727,3151
248.7412,197.637,4:20:34:367648,3164
248.7412,203.1755,4:20:34:370942,3181
248.7412,208.9472,4:20:34:375407,3197
248.7412,214.6315,4:20:34:378444,3216
248.7412,220.2574,4:20:34:383409,3220
248.7412,225.7959,4:20:34:386406,3221
248.7412,231.3053,4:20:34:390997,3217
248.7412,236.7271,4:20:34:395008,3220
248.7412,241.9742,4:20:34:399083,3203
248.7412,246.9879,4:20:34:403025,3128
248.7412,251.5936,4:20:34:407025,2989
248.7412,255.9079,4:20:34:411524,2752
248.7412,259.8139,4:20:34:414573,2430
248.7412,263.3702,4:20:34:418611,1988
248.7412,266.4893,4:20:34:422561,1415
249.4544,269.1128,4:20:34:426560,840
249.4544,271.2408,4:20:34:431457,375
250.0201,272.8148,4:20:34:434482,0
250.0201,273.9225,4:20:34:438526,0
250.4382,274.593,4:20:34:442477,0
250.4382,274.7387,4:20:34:447474,0
250.4382,274.7387,4:20:34:451166,0
250.4382,273.8059,4:20:34:455164,0
250.4382,272.8148,4:20:34:459130,0
250.4382,271.4739,4:20:34:463147,0
250.4382,269.929,4:20:34:467151,0
249.7741,268.1217,4:20:34:471165,0
249.7741,266.0812,4:20:34:475147,0
249.7741,263.9824,4:20:34:479242,0
249.2331,261.7379,4:20:34:482961,0
249.2331,259.3767,4:20:34:486962,0
249.2331,256.9864,4:20:34:490875,0
249.2331,254.4795,4:20:34:494959,0
249.2331,251.9143,4:20:34:499615,0
249.2331,249.3783,4:20:34:502638,0
249.2331,246.8422,4:20:34:506643,0
249.2331,244.3645,4:20:34:510633,0
249.2331,241.8575,4:20:34:514672,0
249.2331,239.5838,4:20:34:519165,0
249.2331,237.3102,4:20:34:523259,0
249.2331,235.2113,4:20:34:527546,0
249.2331,233.2,4:20:34:531554,0
249.2331,231.2761,4:20:34:534596,0
249.2331,229.498,4:20:34:538614,0
249.2331,227.8364,4:20:34:543214,0
249.2331,226.2914,4:20:34:547130,0
249.2331,224.9214,4:20:34:551164,0
248.3723,223.6971,4:20:34:555264,0
247.8804,222.7352,4:20:34:559280,0
247.3393,221.8024,4:20:34:563281,0
246.6507,220.9861,4:20:34:567284,0
245.8145,220.2865,4:20:34:571281,2309
244.9292,219.6161,4:20:34:575164,2304
243.97,219.1497,4:20:34:579774,2300
242.9617,218.6833,4:20:34:582780,2296
241.8795,218.3627,4:20:34:586777,2296
240.8466,217.9545,4:20:34:590772,2300
239.8383,217.7213,4:20:34:595396,2312
238.8791,217.5756,4:20:34:598924,2343
237.9691,217.5173,4:20:34:602968,2384
237.0346,217.5173,4:20:34:606924,2454
236.1,217.5173,4:20:34:611101,2538
235.1163,217.459,4:20:34:615495,2622
234.0833,217.4299,4:20:34:618518,2705
232.9766,217.3132,4:20:34:623514,2786
231.6239,217.1384,4:20:34:627511,2858
230.1975,216.8468,4:20:34:630513,2918
228.5989,216.4388,4:20:34:637230,2964
226.8773,215.9432,4:20:34:639230,2981
224.9836,215.3893,4:20:34:642235,2985
222.9178,214.7772,4:20:34:647227,2982
220.6305,214.1068,4:20:34:650230,2980
218.122,213.4655,4:20:34:655113,2982
215.515,212.8824,4:20:34:659276,2983
212.6868,212.3577,4:20:34:663298,2981
209.7355,211.9205,4:20:34:667299,2976
206.5875,211.5999,4:20:34:671292,2971
203.2919,211.3375,4:20:34:675636,2969
199.898,211.2209,4:20:34:679006,2970
196.4057,211.2209,4:20:34:683072,2974
192.7658,211.2209,4:20:34:687093,2974
189.003,211.2209,4:20:34:691022,2990
185.2647,212.4452,4:20:34:695063,2998
181.6003,213.2614,4:20:34:699203,3016
177.985,214.2525,4:20:34:703203,3036
174.4927,215.5934,4:20:34:707205,3038
171.1971,217.1384,4:20:34:711204,3046
168.1229,219.004,4:20:34:714317,3046
165.3684,221.0736,4:20:34:718977,3041
163.032,223.3473,4:20:34:722763,3041
160.9415,225.7959,4:20:34:726672,3037
159.2937,228.3611,4:20:34:730774,3033
158.0394,231.0721,4:20:34:734696,3035
157.277,233.7538,4:20:34:739027,3034
157.0311,236.4648,4:20:34:743221,3044
157.0311,239.1174,4:20:34:747216,3049
158.0394,241.7993,4:20:34:750218,3058
159.2937,244.3936,4:20:34:755221,3065
160.9661,246.7839,4:20:34:759018,3072
163.1303,249.0576,4:20:34:763240,3083
165.6881,251.1564,4:20:34:766588,3089
168.6885,253.0511,4:20:34:770657,3097
172.0825,254.6835,4:20:34:775589,3101
175.8699,256.0536,4:20:34:778606,3106
179.9279,257.1321,4:20:34:783176,3106
184.3056,257.8318,4:20:34:786858,3109
188.9046,258.1524,4:20:34:790967,3108
193.8233,258.1524,4:20:34:795080,3106
199.0864,258.1524,4:20:34:798939,3111
204.4724,257.1321,4:20:34:802946,3114
210.006,256.0828,4:20:34:806889,3117
215.638,254.7127,4:20:34:811058,3116
221.4175,253.0511,4:20:34:814983,3115
227.3692,251.1855,4:20:34:819675,3110
233.4439,249.2325,4:20:34:822675,3104
239.3956,247.0754,4:20:34:826675,3100
245.2489,244.8308,4:20:34:830700,3092
250.9054,242.4114,4:20:34:835532,3085
256.5128,239.9337,4:20:34:838570,3085
261.948,237.3393,4:20:34:843554,3081
267.1373,234.6866,4:20:34:846551,3083
271.9577,231.9174,4:20:34:850582,3084
276.4091,229.0316,4:20:34:855281,3089
280.5409,226.2332,4:20:34:858297,3095
284.3283,223.4639,4:20:34:862297,3097
287.7961,220.8112,4:20:34:866342,3098
290.7965,218.3335,4:20:34:870322,3091
293.3542,216.0015,4:20:34:874520,3089
295.4939,213.961,4:20:34:878913,3087
297.3138,212.212,4:20:34:883054,3089
298.7895,210.8419,4:20:34:886910,3108
299.9454,209.7051,4:20:34:891062,3130
300.757,208.8889,4:20:34:894920,3151
301.2734,208.3059,4:20:34:898880,3169
301.6669,207.9561,4:20:34:902873,3169
301.8637,207.7812,4:20:34:906987,3155
302.0113,207.7229,4:20:34:910928,3138
302.0113,207.7229,4:20:34:914959,3125
302.0113,207.7229,4:20:34:919083,3112
302.0113,207.7229,4:20:34:922962,3107
302.0113,208.6266,4:20:34:926955,3110
302.0113,209.2679,4:20:34:931149,3109
302.0113,210.1132,4:20:34:935190,3112
302.5523,211.3375,4:20:34:939190,3117
302.5523,212.795,4:20:34:943195,3127
303.0934,214.6897,4:20:34:947191,3132
303.0934,216.9926,4:20:34:951137,3138
303.7574,219.6452,4:20:34:955237,3143
303.7574,222.6185,4:20:34:958260,3142
304.3723,225.8833,4:20:34:963254,3149
304.3723,229.3813,4:20:34:967254,3152
304.9379,233.0542,4:20:34:971260,3153
305.2576,236.9603,4:20:34:974631,3162
305.5282,240.8665,4:20:34:979423,3171
305.8479,244.9474,4:20:34:983419,3189
306.2168,249.1742,4:20:34:987415,3203
306.5857,253.5175,4:20:34:991421,3212
307.0038,257.89,4:20:34:995280,3213
307.4465,262.2334,4:20:34:999300,3182
307.9138,266.5185,4:20:35:003301,3106
308.4548,270.6286,4:20:35:007299,2966
309.0205,274.7096,4:20:35:011516,2740
309.6107,278.4117,4:20:35:015537,2417
310.2993,281.7347,4:20:35:019536,1954
310.988,284.7664,4:20:35:022532,1334
311.7504,287.4482,4:20:35:026535,758
312.5374,289.7802,4:20:35:030945,305
313.2998,291.7624,4:20:35:034961,0
314.1114,293.3947,4:20:35:038963,0
314.923,294.5899,4:20:35:042964,0
315.71,295.3186,4:20:35:046967,0
316.4232,295.5518,4:20:35:050957,0
317.0872,295.5518,4:20:35:055341,0
317.6775,294.5899,4:20:35:059234,0
318.2185,293.3947,4:20:35:063254,0
318.6858,291.704,4:20:35:067254,0
319.1285,289.5761,4:20:35:071250,0
319.522,287.1566,4:20:35:074259,0
319.9401,284.4165,4:20:35:079037,0
320.3582,281.3849,4:20:35:083056,0
320.9239,278.0619,4:20:35:087056,0
321.5633,274.4181,4:20:35:091061,0
322.3257,270.4537,4:20:35:095074,0
323.2357,266.227,4:20:35:099116,0
324.244,261.7379,4:20:35:102558,0
325.4245,256.9864,4:20:35:107117,0
326.6542,251.9726,4:20:35:110114,0
328.056,246.8422,4:20:35:115124,0
329.4333,241.4494,4:20:35:119127,0
330.9335,236.1441,4:20:35:123170,0
332.3354,230.6057,4:20:35:126307,0
333.8356,225.0963,4:20:35:131315,0
335.2866,219.7327,4:20:35:135313,0
336.7376,214.5732,4:20:35:139311,0
338.2133,209.6759,4:20:35:143259,0
339.5659,205.0411,4:20:35:147278,0
340.9923,200.7269,4:20:35:151276,0
342.2958,196.7334,4:20:35:155278,0
343.6485,193.2645,4:20:35:159287,0
344.8781,190.2621,4:20:35:162969,0
345.9357,187.9009,4:20:35:167431,0
347.0178,185.6855,4:20:35:171430,0
347.8294,183.7033,4:20:35:175430,0
348.4442,181.9252,4:20:35:178457,4038
348.8623,180.4968,4:20:35:182437,4034
349.1083,179.3891,4:20:35:187017,4021
349.2558,178.6021,4:20:35:191041,3959
349.2558,177.9608,4:20:35:195037,3874
349.3542,177.3777,4:20:35:199040,3791
349.3542,177.3777,4:20:35:203038,3729
349.3542,177.3777,4:20:35:207050,3714
349.3542,178.9227,4:20:35:210941,3722
349.3542,180.4093,4:20:35:214951,3726
349.3542,182.2749,4:20:35:218965,3724
349.9691,184.5486,4:20:35:222964,3721
349.9691,187.2596,4:20:35:227006,3718
349.9691,190.3495,4:20:35:230621,3720
349.9691,193.6434,4:20:35:235595,3713
349.9691,197.1123,4:20:35:239599,3715
349.9691,200.8143,4:20:35:242593,3714
349.9691,204.7787,4:20:35:247257,3726
349.9691,209.0638,4:20:35:251275,3739
349.9691,213.6695,4:20:35:255276,3753
349.9691,218.4792,4:20:35:259274,3767
349.9691,223.4639,4:20:35:262275,3769
349.9691,228.5652,4:20:35:266938,3773
349.9691,233.8413,4:20:35:270318,3780
349.9691,239.0883,4:20:35:275281,3796
350.5593,244.4227,4:20:35:279272,3810
350.5593,249.6406,4:20:35:283272,3823
351.4447,254.6835,4:20:35:286948,3827
351.9857,259.5225,4:20:35:290978,3764
352.576,264.2448,4:20:35:294973,3650
353.2646,268.6464,4:20:35:299281,3464
353.9778,272.7857,4:20:35:303281,3196
354.7648,276.6335,4:20:35:307281,2914
355.5764,280.1606,4:20:35:311281,2593
356.4618,283.2214,4:20:35:315224,2197
357.4702,285.9323,4:20:35:318610,1688
358.5277,288.2643,4:20:35:322453,1075
359.659,290.1883,4:20:35:326471,554
360.8395,291.8206,4:20:35:330439,0
362.0692,293.1324,4:20:35:334930,0
363.3235,294.0652,4:20:35:338924,0
364.6024,294.4733,4:20:35:342280,0
365.7828,294.5608,4:20:35:347277,0
366.9142,294.5608,4:20:35:351278,0
367.9717,293.628,4:20:35:355277,0
368.8817,292.5786,4:20:35:358282,0
369.7178,291.1794,4:20:35:363137,0
370.3819,289.4012,4:20:35:367124,0
370.9721,287.3315,4:20:35:371340,0
371.464,285.1161,4:20:35:374782,0
371.9313,282.6384,4:20:35:378906,0
372.3986,279.9275,4:20:35:382783,0
372.915,277.0999,4:20:35:386837,0
373.4561,274.2141,4:20:35:391165,0
374.0955,271.2699,4:20:35:394515,0
374.8333,268.18,4:20:35:399199,0
375.7187,265.1193,4:20:35:403198,0
376.7025,261.8545,4:20:35:407197,0
377.8584,258.5897,4:20:35:411195,0
379.0881,255.2666,4:20:35:415235,0
380.4653,251.9435,4:20:35:418921,0
382.0147,248.6495,4:20:35:422921,0
383.7117,245.3264,4:20:35:426922,0
385.5808,242.0325,4:20:35:430922,0
387.4254,238.7094,4:20:35:435165,0
389.3437,235.6486,4:20:35:438725,0
391.1882,232.5878,4:20:35:442725,0
393.1557,229.6145,4:20:35:446715,0
395.0494,226.7578,4:20:35:451892,0
396.771,223.9886,4:20:35:454901,0
398.3942,221.2485,4:20:35:458959,0
399.8698,218.625,4:20:35:462938,0
401.2716,216.1472,4:20:35:466917,0
402.4767,213.8444,4:20:35:470958,0
403.5342,211.7747,4:20:35:474921,0
404.2967,209.88,4:20:35:479253,0
404.9607,208.1019,4:20:35:482895,0
405.4526,206.4695,4:20:35:486877,0
405.6739,205.1577,4:20:35:490895,0
405.6739,203.9917,4:20:35:494878,0
405.6739,203.0298,4:20:35:499250,0
405.0345,202.0678,4:20:35:502941,0
404.4934,201.2224,4:20:35:506873,0
403.8294,200.4354,4:20:35:510891,0
403.067,199.7358,4:20:35:514873,0
402.2554,199.0654,4:20:35:519111,0
401.5175,198.3949,4:20:35:523313,0
400.8289,197.6662,4:20:35:527329,0
400.2387,196.8791,4:20:35:531331,0
399.8206,196.0338,4:20:35:535329,0
399.8206,195.101,4:20:35:539668,0
399.3533,194.1098,4:20:35:542716,0
399.3533,193.0022,4:20:35:546705,0
399.3533,191.8653,4:20:35:550762,0
399.3533,190.6993,4:20:35:554687,0
399.3533,189.5916,4:20:35:559081,0
400.0173,188.5714,4:20:35:563628,0
400.0173,187.6677,4:20:35:566664,0
400.6076,186.9389,4:20:35:570648,0
400.6076,186.2977,4:20:35:574741,0
401.37,185.8895,4:20:35:578648,0
401.7881,185.6272,4:20:35:582884,0
402.2554,185.6272,4:20:35:586945,0
402.7719,185.6272,4:20:35:590919,0
403.2391,185.6272,4:20:35:594967,0
403.608,185.6272,4:20:35:598894,2917
403.9523,185.6272,4:20:35:602896,2909
404.2229,185.6272,4:20:35:607255,2898
404.4196,185.6272,4:20:35:611379,2880
404.4196,185.6272,4:20:35:614398,2867
404.641,185.6272,4:20:35:618430,2861
404.641,185.6272,4:20:35:623402,2864
404.641,186.9681,4:20:35:627399,2876
404.7639,188.1049,4:20:35:630397,2916
404.8377,189.6207,4:20:35:634302,2976
404.8869,191.5446,4:20:35:638305,3063
404.9115,193.8475,4:20:35:643298,3171
404.9607,196.6167,4:20:35:646313,3255
404.9607,199.7358,4:20:35:650333,3319
404.9607,203.1755,4:20:35:654217,3365
404.9607,206.9942,4:20:35:658235,3386
404.9607,211.25,4:20:35:663233,3405
404.2721,215.7975,4:20:35:667234,3426
404.2721,220.6655,4:20:35:671260,3435
403.6818,225.7376,4:20:35:674305,3447
403.6818,230.9846,4:20:35:679254,3452
403.067,236.3773,4:20:35:683271,3468
403.067,241.945,4:20:35:687270,3485
402.5751,247.4835,4:20:35:691276,3498
402.5751,252.9346,4:20:35:695276,3506
402.5751,258.1815,4:20:35:699562,3473
402.5751,263.2245,4:20:35:702632,3386
402.5751,267.976,4:20:35:706582,3235
403.2391,272.4942,4:20:35:710582,3000
403.854,276.6918,4:20:35:714585,2666
404.7393,280.3355,4:20:35:719529,2168
405.8461,283.4546,4:20:35:722547,1480
407.1987,285.9615,4:20:35:726550,843
408.7727,288.0312,4:20:35:730614,333
410.5189,289.6927,4:20:35:734598,0
412.4126,290.8004,4:20:35:738997,0
414.4785,291.4709,4:20:35:742615,0
416.6673,291.6166,4:20:35:746626,0
418.8316,291.6166,4:20:35:751623,0
420.9958,290.3632,4:20:35:755629,0
423.1109,289.0805,4:20:35:759384,0
425.1522,287.3024,4:20:35:762403,0
427.1197,285.087,4:20:35:766400,0
429.038,282.5218,4:20:35:771399,0
430.7841,279.5193,4:20:35:775550,0
432.4073,276.342,4:20:35:779162,0
434.0059,272.844,4:20:35:783663,0
435.4569,269.1128,4:20:35:787195,0
436.8834,265.2067,4:20:35:791197,0
438.1869,261.0382,4:20:35:795195,0
439.4411,256.7823,4:20:35:799198,0
440.5479,252.4099,4:20:35:803154,0
441.6792,247.9499,4:20:35:806707,0
442.6875,243.4899,4:20:35:810699,0
443.6221,239.0591,4:20:35:814695,0
444.4583,234.7158,4:20:35:818822,0
445.2206,230.6057,4:20:35:823507,0
445.8355,226.5538,4:20:35:826604,0
446.3766,222.6185,4:20:35:831528,0
446.8438,218.8873,4:20:35:834527,0
447.1882,215.4476,4:20:35:838545,0
447.4587,212.212,4:20:35:843184,0
447.6063,209.3553,4:20:35:847048,0
447.8276,206.5569,4:20:35:850605,0
447.9506,203.7002,4:20:35:854638,0
448.049,200.9892,4:20:35:858605,3698
448.1473,198.3949,4:20:35:862665,3694
448.3441,196.0046,4:20:35:867023,3666
448.6146,193.7309,4:20:35:871078,3610
448.9835,191.603,4:20:35:875045,3527
449.6229,189.5333,4:20:35:879047,3428
450.3116,187.9301,4:20:35:883159,3351
451.2707,186.7349,4:20:35:887176,3304
452.402,186.0936,4:20:35:890619,3287
453.7055,185.7729,4:20:35:894601,3281
455.1811,185.7729,4:20:35:898616,3281
456.7059,185.7729,4:20:35:902598,3277
458.2307,186.7057,4:20:35:906795,3269
459.7802,187.5511,4:20:35:911382,3268
461.2312,188.7462,4:20:35:915403,3263
462.6822,190.2329,4:20:35:919401,3259
464.0103,192.011,4:20:35:922415,3260
465.2646,194.0807,4:20:35:927217,3263
466.3959,196.471,4:20:35:931115,3268
467.355,199.1819,4:20:35:935128,3276
468.142,202.2719,4:20:35:939135,3283
468.7323,205.595,4:20:35:943132,3301
469.0028,209.297,4:20:35:947132,3317
469.0028,213.2614,4:20:35:951001,3328
469.0028,217.4299,4:20:35:955005,3339
467.8223,221.6857,4:20:35:959023,3341
466.6172,226.0291,4:20:35:963019,3343
464.994,230.3433,4:20:35:967021,3338
463.0265,234.5409,4:20:35:971475,3303
460.6655,238.5636,4:20:35:975506,3248
458.0094,242.3531,4:20:35:978491,3193
455.1565,245.6762,4:20:35:982564,3144
452.0823,248.7078,4:20:35:986495,3120
448.9343,251.4479,4:20:35:990937,3110
445.8109,253.8382,4:20:35:994998,3105
442.7121,255.8204,4:20:35:999079,3107
439.7362,257.4528,4:20:36:003013,3105
437.0063,258.6479,4:20:36:007011,3111
434.4486,259.4059,4:20:36:011011,3115
432.1368,259.8723,4:20:36:015282,3111
430.1201,259.9014,4:20:36:018790,3117
428.4477,259.9014,4:20:36:022799,3113
427.0459,258.7062,4:20:36:026736,3117
425.89,257.7443,4:20:36:030774,3121
424.9308,256.52,4:20:36:035121,3117
424.316,255.0916,4:20:36:038702,3111
423.9716,253.4884,4:20:36:042686,3103
423.8487,251.856,4:20:36:046663,3091
423.8487,250.1944,4:20:36:050665,3080
423.8487,248.562,4:20:36:055000,3081
424.5127,247.0171,4:20:36:059014,3075
425.1276,245.5596,4:20:36:063020,3079
425.9146,244.277,4:20:36:067017,3087
426.8245,243.1693,4:20:36:071019,3093
427.7837,242.3239,4:20:36:075090,3099
428.8412,241.6535,4:20:36:079156,3100
430.0217,241.2746,4:20:36:083172,3107
431.2268,241.0997,4:20:36:087172,3112
432.4073,241.0997,4:20:36:091176,3129
433.637,241.0997,4:20:36:094174,3162
434.8667,242.1199,4:20:36:099165,3190
436.121,243.0235,4:20:36:102187,3213
437.3998,244.1895,4:20:36:107187,3225
438.7279,245.6762,4:20:36:111181,3231
440.056,247.3378,4:20:36:115219,3243
441.4086,249.3783,4:20:36:119140,3252
442.7859,251.7103,4:20:36:123137,3265
444.1877,254.2755,4:20:36:127133,3269
445.5896,257.0447,4:20:36:131132,3283
447.0898,259.9014,4:20:36:135137,3321
448.6884,262.9038,4:20:36:138934,3360
450.3116,265.848,4:20:36:142226,3400
452.0823,268.9088,4:20:36:146441,3430
454.0498,271.7946,4:20:36:150438,3440
456.1403,274.5638,4:20:36:154437,3444
458.4275,277.1582,4:20:36:158437,3413
460.8377,279.5193,4:20:36:162997,3307
463.3708,281.7056,4:20:36:166584,3102
465.9532,283.6295,4:20:36:171585,2755
468.7323,285.2619,4:20:36:174597,2173
471.5114,286.6028,4:20:36:179582,1416
474.3151,287.5064,4:20:36:183010,759
477.1433,288.0312,4:20:36:187041,0
479.8241,288.0603,4:20:36:191160,0
482.4802,288.0603,4:20:36:195156,0
484.9641,286.836,4:20:36:199069,0
487.3252,285.5243,4:20:36:203104,0
489.4156,283.8627,4:20:36:207104,0
491.1618,281.8222,4:20:36:211103,0
492.5882,279.4902,4:20:36:215105,0
493.6949,276.9542,4:20:36:219105,0
494.4819,274.1558,4:20:36:223252,0
494.9492,271.1824,4:20:36:226631,0
495.023,268.0051,4:20:36:231634,0
495.023,264.7986,4:20:36:234776,0
495.023,261.4172,4:20:36:238637,0
494.1376,257.9483,4:20:36:243233,0
493.4982,254.4503,4:20:36:247866,0
492.8588,251.0398,4:20:36:250864,0
492.0226,247.8042,4:20:36:254900,0
491.1864,244.7142,4:20:36:258866,0
490.3502,241.9158,4:20:36:262868,0
489.4648,239.3215,4:20:36:267427,0
488.5056,237.0186,4:20:36:270426,0
487.5465,235.0656,4:20:36:274425,0
486.5873,233.3457,4:20:36:278526,0
485.6528,231.9465,4:20:36:283206,0
484.8412,230.868,4:20:36:287275,0
484.1526,229.9061,4:20:36:291296,0
483.5623,229.0316,4:20:36:295294,0
483.0458,228.1862,4:20:36:299295,3134
482.7507,227.4574,4:20:36:303296,3121
482.6277,226.8745,4:20:36:306901,3108
482.6277,226.4081,4:20:36:310828,3092
482.6277,226.0291,4:20:36:314829,3078
483.4148,225.6501,4:20:36:318829,3078
484.005,225.5336,4:20:36:323204,3073
484.8904,225.5336,4:20:36:327223,3072
486.0709,225.5336,4:20:36:331219,3071
487.4481,226.5538,4:20:36:335220,3072
489.0713,226.5538,4:20:36:339220,3077
490.8667,227.8073,4:20:36:343203,3081
492.9079,228.4194,4:20:36:347241,3081
495.1214,229.0607,4:20:36:351262,3075
497.507,229.5854,4:20:36:354260,3074
500.0401,229.5854,4:20:36:358281,3072
502.6471,230.3433,4:20:36:362256,3070
505.4016,230.3433,4:20:36:367150,3076
508.2053,230.3433,4:20:36:370620,3071
511.0827,230.3433,4:20:36:375620,3070
514.034,230.3433,4:20:36:378679,3073
516.9852,230.3433,4:20:36:382626,3073
519.9365,229.3813,4:20:36:387892,3073
522.7894,228.5652,4:20:36:391104,3079
525.593,227.5449,4:20:36:395078,3078
528.1754,226.2332,4:20:36:398992,3076
530.5856,224.7757,4:20:36:402992,3082
532.799,223.1432,4:20:36:406996,3080
534.7419,221.336,4:20:36:410943,3082
536.4143,219.412,4:20:36:415001,3086
537.7915,217.4007,4:20:36:419015,3086
538.8983,215.3019,4:20:36:423015,3088
539.7344,213.1448,4:20:36:427015,3091
540.3493,210.9585,4:20:36:431014,3088
540.7182,208.7431,4:20:36:435129,3089
540.9149,206.4111,4:20:36:438934,3086
540.9395,204.0208,4:20:36:442953,3086
540.9395,201.5431,4:20:36:446953,3090
540.9395,198.9487,4:20:36:450960,3089
540.3247,196.4127,4:20:36:454947,3110
540.3247,193.9058,4:20:36:458940,3147
539.6115,191.4863,4:20:36:462970,3205
539.6115,189.1835,4:20:36:466962,3294
538.9229,187.143,4:20:36:470943,3404
538.9229,185.4523,4:20:36:474695,3526
538.2342,184.0822,4:20:36:479249,3635
538.2342,183.0329,4:20:36:483246,3713
537.767,182.3333,4:20:36:487249,3747
537.767,181.896,4:20:36:491247,3737
537.398,181.7211,4:20:36:495157,3722
537.398,181.7211,4:20:36:499193,3703
537.1029,181.7211,4:20:36:503210,3687
537.1029,183.0912,4:20:36:507216,3682
536.7586,184.3154,4:20:36:511214,3682
536.5126,186.0061,4:20:36:515428,3683
536.2421,188.1633,4:20:36:519447,3688
535.8978,190.8159,4:20:36:522447,3694
535.4551,193.9933,4:20:36:527443,3696
535.0125,197.637,4:20:36:530444,3700
534.4714,201.6597,4:20:36:535154,3716
533.9303,206.1488,4:20:36:539146,3731
533.3892,210.9877,4:20:36:543149,3748
532.799,216.1764,4:20:36:547146,3766
532.1595,221.5692,4:20:36:551146,3768
531.4955,227.1368,4:20:36:555146,3764
530.8069,232.8793,4:20:36:558676,3719
530.0691,238.7677,4:20:36:562693,3606
529.3805,244.6851,4:20:36:566727,3413
528.741,250.4859,4:20:36:570692,3118
528.1508,256.0536,4:20:36:574697,2726
527.6343,261.3297,4:20:36:579117,2195
527.2408,266.3144,4:20:36:583088,1483
527.0195,270.8618,4:20:36:587089,843
526.8719,275.0011,4:20:36:591093,336
526.7981,278.6448,4:20:36:595092,0
526.7981,281.7056,4:20:36:598996,0
526.7981,284.2125,4:20:36:603490,0
526.7981,286.1947,4:20:36:606545,0
526.7981,287.623,4:20:36:611491,0
526.7981,288.5267,4:20:36:614508,0
526.7981,288.964,4:20:36:619555,0
526.7981,288.964,4:20:36:623071,0
525.8882,288.2061,4:20:36:627070,0
525.1995,287.0984,4:20:36:631071,0
524.265,285.5243,4:20:36:635072,0
523.1829,283.5129,4:20:36:639065,0
521.8056,281.1809,4:20:36:643321,0
520.084,278.5574,4:20:36:647323,0
517.969,275.5841,4:20:36:651323,0
515.5342,272.2902,4:20:36:655319,0
512.8043,268.7339,4:20:36:659320,0
509.6563,264.886,4:20:36:663132,0
506.0656,260.7759,4:20:36:667150,0
502.1552,256.4326,4:20:36:670150,0
497.7775,251.856,4:20:36:676489,0
493.1785,247.2503,4:20:36:678494,0
488.4319,242.4697,4:20:36:682497,0
483.5131,237.5725,4:20:36:686502,0
478.4222,232.9085,4:20:36:691495,0
473.3559,228.1279,4:20:36:695652,0
468.265,223.5222,4:20:36:699247,0
463.1495,219.0623,4:20:36:703121,0
458.2799,214.8355,4:20:36:706801,0
453.5825,210.8419,4:20:36:710770,0
449.0573,207.1691,4:20:36:714793,0
444.6304,203.7876,4:20:36:718774,0
440.4249,200.5228,4:20:36:723090,0
436.2685,197.637,4:20:36:727701,0
432.2597,194.8678,4:20:36:731155,0
428.3493,192.2151,4:20:36:735198,0
424.4635,189.6207,4:20:36:739198,0
420.7253,187.1138,4:20:36:743197,0
417.11,184.6653,4:20:36:747199,0
413.6669,182.2166,4:20:36:751159,0
410.3221,179.5932,4:20:36:755197,0
407.1003,176.7365,4:20:36:758779,4818
404.1737,173.6174,4:20:36:762343,4763
401.6159,170.3235,4:20:36:767362,4660
399.5255,166.7963,4:20:36:771362,4485
398.0252,163.0068,4:20:36:775361,4239
397.1153,158.8967,4:20:36:779342,3984
396.771,154.7865,4:20:36:783366,3729
396.771,150.793,4:20:36:786359,3511
398.3696,146.9451,4:20:36:790358,3342
400.2633,143.3306,4:20:36:795579,3234
402.7719,139.8326,4:20:36:799300,3157
405.8215,136.4803,4:20:36:802300,3111
409.3876,133.2155,4:20:36:807303,3081
413.4455,130.1839,4:20:36:810300,3051
418.0446,127.1814,4:20:36:814303,3041
423.1355,124.2082,4:20:36:818461,3030
428.7183,121.468,4:20:36:822492,3026
434.6454,118.9612,4:20:36:826472,3026
441.0643,116.7166,4:20:36:830459,3024
447.7784,114.851,4:20:36:835711,3027
454.6401,113.4227,4:20:36:839156,3029
461.5509,112.4899,4:20:36:843356,3033
468.265,112.1401,4:20:36:846356,3032
474.7578,112.1401,4:20:36:850360,3037
481.0046,113.102,4:20:36:855359,3038
486.9317,114.4429,4:20:36:858884,3040
492.3177,116.221,4:20:36:862885,3043
497.2119,118.4364,4:20:36:866885,3043
501.6879,121.0308,4:20:36:870885,3046
505.6721,123.8875,4:20:36:875574,3049
509.2136,126.9482,4:20:36:879198,3051
512.337,130.1839,4:20:36:883214,3063
515.1407,133.507,4:20:36:887215,3075
517.6738,137.005,4:20:36:891215,3073
519.9611,140.4738,4:20:36:895218,3019
522.0269,143.9427,4:20:36:899140,2912
523.8961,147.3824,4:20:36:903157,2755
525.6422,150.793,4:20:36:907157,2549
527.29,154.2035,4:20:36:911156,2311
528.8394,157.4683,4:20:36:915427,2000
530.1675,160.6165,4:20:36:918497,1592
531.3972,163.6189,4:20:36:922449,1037
532.4793,166.4173,4:20:36:926446,566
533.4876,169.1866,4:20:36:930449,211
534.3238,171.8392,4:20:36:934540,0
535.1108,174.4044,4:20:36:938559,0
535.7994,176.9405,4:20:36:942558,0
536.488,179.3308,4:20:36:946647,0
537.1767,181.6628,4:20:36:951117,0
537.9145,183.849,4:20:36:954976,0
538.7015,185.9187,4:20:36:959991,0
539.6115,187.8134,4:20:36:962997,0
540.669,189.5916,4:20:36:967007,0
541.8249,191.1074,4:20:36:970992,0
543.1776,192.3609,4:20:36:974835,0
544.5302,193.4977,4:20:36:979252,0
546.0059,194.4597,4:20:36:983247,0
547.7028,195.2175,4:20:36:987263,0
549.4244,195.9171,4:20:36:991268,0
551.2935,196.4127,4:20:36:995266,0
553.2118,196.8208,4:20:36:999529,0
555.2039,196.9957,4:20:37:002579,0
557.2452,197.0831,4:20:37:006546,0
559.5078,197.0831,4:20:37:011545,0
561.918,197.0831,4:20:37:015548,0
564.3528,196.3835,4:20:37:019591,0
567.0581,196.3835,4:20:37:023273,0
569.8618,195.2175,4:20:37:027273,0
572.7393,194.5179,4:20:37:031275,0
575.8381,193.6726,4:20:37:035273,0
579.0353,192.7106,4:20:37:039133,0
582.3554,191.7487,4:20:37:043321,0
585.6509,190.6702,4:20:37:047383,0
588.8973,189.5625,4:20:37:051034,0
591.9224,188.3673,4:20:37:055051,0
594.7999,187.143,4:20:37:059051,0
597.6035,185.8604,4:20:37:063051,0
600.1121,184.6653,4:20:37:067052,0
602.3501,183.5576,4:20:37:071237,0
604.2192,182.479,4:20:37:075058,0
605.8179,181.4879,4:20:37:078610,0
607.1951,180.6134,4:20:37:082599,0
608.2034,180.0013,4:20:37:086599,0
609.0396,179.3017,4:20:37:090597,0
609.5807,178.6312,4:20:37:095119,0
609.8758,177.9316,4:20:37:099060,3051
610.048,177.2612,4:20:37:103054,3024
610.0972,176.7365,4:20:37:107052,2962
610.0972,176.2992,4:20:37:111054,2855
610.0972,175.9494,4:20:37:115051,2734
610.0972,175.483,4:20:37:118854,2642
610.0972,175.483,4:20:37:122533,2586
610.0972,175.483,4:20:37:126496,2570
610.0972,176.3866,4:20:37:131504,2576
610.0972,177.232,4:20:37:135498,2583
610.0972,178.4272,4:20:37:139579,2589
610.0972,179.9721,4:20:37:142881,2600
610.0972,181.896,4:20:37:146930,2601
610.0972,184.1989,4:20:37:150880,2601
610.0972,186.8515,4:20:37:154881,2601
610.0972,189.8248,4:20:37:159517,2604
610.0972,193.1479,4:20:37:162535,2609
610.0972,196.8499,4:20:37:166540,2616
610.0972,200.8143,4:20:37:171531,2638
610.0972,205.1868,4:20:37:174532,2662
610.0972,209.9675,4:20:37:178909,2683
610.0972,215.0687,4:20:37:182941,2706
610.0972,220.4323,4:20:37:186945,2708
610.0972,225.9417,4:20:37:190943,2711
610.0972,231.6842,4:20:37:194945,2729
610.0972,237.5142,4:20:37:199306,2740
610.0972,243.3734,4:20:37:202327,2758
610.0972,249.2034,4:20:37:207327,2770
610.0972,254.7127,4:20:37:211327,2772
610.0972,259.9305,4:20:37:215684,2775
610.0972,264.7986,4:20:37:218703,2773
609.4823,269.2003,4:20:37:222701,2772
609.4823,273.0772,4:20:37:226709,2771
608.5969,276.4878,4:20:37:230750,2773
608.0067,279.257,4:20:37:234932,2779
607.4164,281.4724,4:20:37:238612,2783
606.8016,283.1923,4:20:37:242536,2783
606.1376,284.4165,4:20:37:246611,2791
605.4243,285.2328,4:20:37:250536,2793
604.6373,285.7283,4:20:37:254671,2800
603.8011,285.8741,4:20:37:258687,2826
602.8912,285.8741,4:20:37:262690,2853
601.8829,285.8741,4:20:37:268422,2892
600.8007,284.9995,4:20:37:270445,2938
599.6202,284.2708,4:20:37:274461,2966
598.3168,283.3672,4:20:37:278526,2991
596.9641,282.376,4:20:37:283442,3020
595.4885,281.2975,4:20:37:287236,3037
593.8899,280.1024,4:20:37:291253,3057
592.2175,278.8198,4:20:37:295257,3071
590.5205,277.4789,4:20:37:299252,3072
588.7006,276.1088,4:20:37:303685,3073
586.9545,274.7096,4:20:37:306704,3072
585.1345,273.3395,4:20:37:310824,3072
583.3638,271.882,4:20:37:314703,3074
581.6176,270.4537,4:20:37:318763,3076
579.9944,268.9962,4:20:37:323043,3077
578.4942,267.597,4:20:37:327051,3080
577.1415,266.227,4:20:37:331085,3077
576.0348,264.8278,4:20:37:335040,3080
575.0511,263.4577,4:20:37:339103,3079
574.3378,262.0002,4:20:37:343143,3070
573.9689,260.601,4:20:37:347119,3062
573.8459,259.231,4:20:37:351120,3046
573.8459,257.8318,4:20:37:355338,3024
574.5838,256.3451,4:20:37:358354,3001
575.5184,254.8584,4:20:37:362355,2977
576.7726,253.3718,4:20:37:367357,2954
578.4696,251.8268,4:20:37:371514,2941
580.5601,250.3111,4:20:37:375035,2927
583.1178,248.7952,4:20:37:379047,2922
586.0936,247.1628,4:20:37:383037,2924
589.463,245.5304,4:20:37:387036,2920
593.2012,243.8981,4:20:37:391117,2923
597.2346,242.2657,4:20:37:394813,2922
601.6369,240.6041,4:20:37:398804,2918
606.2851,238.9426,4:20:37:402790,2917
611.1301,237.1935,4:20:37:407782,2915
616.098,235.3862,4:20:37:411526,2911
621.1644,233.5789,4:20:37:414543,2903
626.1569,231.6842,4:20:37:418545,2895
631.1986,229.7312,4:20:37:422543,2888
636.142,227.7198,4:20:37:426618,2881
640.9623,225.6793,4:20:37:430934,2884
645.5613,223.668,4:20:37:434947,2889
649.8898,221.6566,4:20:37:439318,2893
653.9478,219.5578,4:20:37:442381,2893
657.7106,217.459,4:20:37:447575,2888
661.2767,215.3602,4:20:37:450812,2882
664.4493,213.2031,4:20:37:454815,2877
667.2039,210.9877,4:20:37:458815,2882
669.6632,208.7431,4:20:37:462812,2891
671.8275,206.2946,4:20:37:467822,2911
673.6966,203.7294,4:20:37:471060,2937
675.2706,201.0475,4:20:37:475652,2976
676.574,198.1617,4:20:37:478830,3026
677.5332,195.101,4:20:37:482746,3093
678.2219,191.9527,4:20:37:486661,3185
678.7629,188.8629,4:20:37:491099,3278
679.0334,185.7729,4:20:37:495137,3391
679.1318,182.858,4:20:37:499153,3500
679.1318,180.147,4:20:37:503153,3599
679.1318,177.7567,4:20:37:507153,3696
678.3448,175.6288,4:20:37:511152,3770
678.3448,173.8506,4:20:37:515049,3834
677.3857,172.4223,4:20:37:518593,3877
677.3857,171.2271,4:20:37:522626,3913
676.4511,170.3526,4:20:37:526611,3939
676.0084,169.653,4:20:37:530610,3946
676.0084,169.1575,4:20:37:535219,3948
675.3198,168.8368,4:20:37:539236,3934
675.3198,168.6911,4:20:37:543235,3914
674.9755,168.6911,4:20:37:547234,3903
674.9755,168.6911,4:20:37:551238,3891
674.9755,169.4489,4:20:37:555398,3886
674.9755,170.2652,4:20:37:558451,3882
674.8033,171.4603,4:20:37:562576,3879
674.8033,173.0344,4:20:37:566474,3890
674.8033,175.2206,4:20:37:570430,3907
674.8033,178.0482,4:20:37:575137,3927
674.8033,181.4879,4:20:37:578177,3951
674.8033,185.5106,4:20:37:583144,3984
674.8033,190.0871,4:20:37:587145,4026
675.3198,195.1884,4:20:37:591582,4089
675.3198,200.9018,4:20:37:594603,4145
675.9838,207.1691,4:20:37:598990,4188
675.9838,213.9319,4:20:37:602767,4213
676.82,220.8404,4:20:37:606710,4213
677.3611,228.0113,4:20:37:610770,4230
677.9267,235.4154,4:20:37:614710,4238
678.517,242.9944,4:20:37:618931,4249
679.1318,250.5443,4:20:37:622147,4227
679.8204,257.8026,4:20:37:627141,4118
680.5336,264.7403,4:20:37:631140,3954
681.2469,271.3282,4:20:37:635144,3743
682.0339,277.712,4:20:37:638999,3468
682.8209,283.7169,4:20:37:643330,3173
683.6078,289.4012,4:20:37:647346,2875
684.3457,294.7357,4:20:37:651346,2470
685.0343,299.7203,4:20:37:655346,1901
685.6246,304.2968,4:20:37:659347,1236
686.1411,308.4362,4:20:37:663722,633
686.4854,312.1382,4:20:37:666749,0
686.6329,315.3447,4:20:37:670826,0
686.6329,318.0848,4:20:37:675740,0
686.6329,320.3293,4:20:37:678740,0
685.477,321.9326,4:20:37:684187,0
684.4441,323.0986,4:20:37:686184,0
682.9684,323.7982,4:20:37:690190,0
681.0501,324.0897,4:20:37:695189,0
678.64,324.0897,4:20:37:699571,0
675.7379,323.2735,4:20:37:702592,0
672.3193,322.1949,4:20:37:706742,0
668.3843,320.65,4:20:37:710628,0
663.8837,318.697,4:20:37:714633,0
658.842,316.3066,4:20:37:719481,0
653.2592,313.5374,4:20:37:722784,0
647.2091,310.3892,4:20:37:726880,0
640.6918,306.6871,4:20:37:730783,0
633.5596,302.7227,4:20:37:734720,0
626.0093,298.3503,4:20:37:739159,0
618.0164,293.6862,4:20:37:743024,0
609.6299,288.7891,4:20:37:747109,0
600.7761,283.7169,4:20:37:751095,0
591.6519,278.4117,4:20:37:755097,0
582.0603,273.048,4:20:37:759102,0
572.0261,267.6262,4:20:37:763043,0
561.8196,262.1459,4:20:37:767130,0
551.0475,256.7532,4:20:37:771537,0
539.9066,251.5062,4:20:37:774558,0
528.2245,246.2883,4:20:37:778558,0
516.272,241.2746,4:20:37:782609,0
503.9751,236.1733,4:20:37:787557,0
491.3094,231.3636,4:20:37:791796,0
478.4714,226.7287,4:20:37:794983,0
465.0186,222.1521,4:20:37:798815,0
451.6396,217.838,4:20:37:802816,0
438.0639,213.6695,4:20:37:806833,0
424.5865,209.7343,4:20:37:810695,0
411.0353,206.0322,4:20:37:815153,0
397.4596,202.7383,4:20:37:819063,0
384.0314,199.6775,4:20:37:823087,0
370.554,196.8791,4:20:37:827081,0
357.5931,194.4888,4:20:37:831082,0
344.6568,192.2734,4:20:37:835087,0
332.0402,190.2038,4:20:37:839235,0
319.8417,188.3673,4:20:37:843859,0
307.963,186.7349,4:20:37:846861,0
296.4285,185.3649,4:20:37:850896,0
285.3121,184.0822,4:20:37:854908,0
274.7122,183.0037,4:20:37:859327,0
264.4566,182.1584,4:20:37:863342,0
254.8158,181.5753,4:20:37:867342,0
245.6178,181.1964,4:20:37:871344,0
236.7886,180.8466,4:20:37:875562,0
228.4513,180.6717,4:20:37:878717,0
220.6305,180.6717,4:20:37:882586,0
213.3262,180.6717,4:20:37:886582,0
206.5383,180.6717,4:20:37:891583,0
200.3407,181.517,4:20:37:895004,0
194.512,181.517,4:20:37:898735,0
189.2489,182.9454,4:20:37:902585,0
184.6499,183.5867,4:20:37:906538,0
180.5673,183.5867,4:20:37:910537,0
177.1242,184.3737,4:20:37:915156,3286
174.2221,184.3737,4:20:37:919026,3286
171.9595,184.3737,4:20:37:923120,3271
170.3117,184.3737,4:20:37:927148,3241
169.3034,184.3737,4:20:37:931139,3208
168.9345,184.3737,4:20:37:935137,3175
168.9345,183.5867,4:20:37:939140,3156
170.0412,183.5867,4:20:37:943292,3154
171.689,183.5867,4:20:37:947287,3154
174.0992,183.5867,4:20:37:951291,3156
177.2717,183.5867,4:20:37:954288,3161
181.3789,183.5867,4:20:37:958878,3162
186.2731,183.5867,4:20:37:962893,3143
192.151,183.5867,4:20:37:967054,3108
198.8897,183.5867,4:20:37:970951,3069
206.4891,183.5867,4:20:37:974891,3023
214.974,183.5867,4:20:37:978930,2997
224.2458,183.5867,4:20:37:983059,2976
234.2309,183.5867,4:20:37:986947,2945
244.9538,182.7122,4:20:37:990946,2913
256.3898,182.7122,4:20:37:995305,2879
268.367,181.7502,4:20:37:998383,2841
280.8852,181.1673,4:20:38:002411,2816
293.9445,180.6134,4:20:38:007325,2796
307.3481,180.0013,4:20:38:011325,2779
321.0468,179.4474,4:20:38:015472,2775
335.1636,178.9227,4:20:38:019130,2773
349.4772,178.4272,4:20:38:023225,2776
364.0859,177.815,4:20:38:027246,2783
378.9651,177.2029,4:20:38:031245,2793
394.0902,176.5907,4:20:38:035244,2806
409.3876,175.9494,4:20:38:039248,2842
425.0046,175.3081,4:20:38:043265,2909
440.843,174.5793,4:20:38:047467,3000
456.8535,173.8214,4:20:38:051487,3111
473.0362,173.0052,4:20:38:055493,3237
489.2435,172.2473,4:20:38:059486,3374
505.4999,171.4895,4:20:38:062508,3517
521.7318,170.7899,4:20:38:067144,3666
537.8899,170.2068,4:20:38:071104,3788
553.8513,169.6821,4:20:38:075584,3873
569.5912,169.3324,4:20:38:078631,3928
584.9869,169.1866,4:20:38:082604,3952
600.0383,169.1866,4:20:38:086643,3968
614.6224,169.1866,4:20:38:091611,3968
628.69,170.2068,4:20:38:095194,3964
642.1428,170.9356,4:20:38:099214,3955
654.9316,171.9267,4:20:38:103210,3949
666.9825,173.0927,4:20:38:107208,3943
678.1973,174.3753,4:20:38:111209,3933
688.6004,175.687,4:20:38:114208,3926
698.2166,177.0571,4:20:38:119223,3916
707.0211,178.4854,4:20:38:123067,3895
715.0633,179.9429,4:20:38:127032,3837
722.2692,181.313,4:20:38:131009,3732
728.7374,182.5665,4:20:38:134980,3584
734.4432,183.7616,4:20:38:139296,3409
739.5341,184.7818,4:20:38:142346,3214
744.0101,185.7438,4:20:38:146393,3003
747.8221,186.5309,4:20:38:150364,2758
751.0685,187.2013,4:20:38:155364,2463
753.8231,187.6677,4:20:38:159279,2108
756.1348,188.0466,4:20:38:163219,1659
758.0286,188.3382,4:20:38:166769,1142
759.6025,188.513,4:20:38:170752,652
760.7585,188.6588,4:20:38:174750,281
761.6439,188.8337,4:20:38:178810,0
762.2095,189.0086,4:20:38:183300,0
762.5538,189.2126,4:20:38:186328,0
762.603,189.475,4:20:38:190599,0
762.603,189.8248,4:20:38:195599,0
761.816,190.2621,4:20:38:198600,0
761.1028,190.7867,4:20:38:202618,0
760.1928,191.3698,4:20:38:207632,0
759.0615,192.0694,4:20:38:211215,0
757.8564,192.8855,4:20:38:215389,0
756.4792,193.7309,4:20:38:218408,0
754.9789,194.6929,4:20:38:222416,0
753.3558,195.7714,4:20:38:226407,0
751.6096,196.9666,4:20:38:230482,0
749.7651,198.3366,4:20:38:235403,0
748.314,199.7358,4:20:38:238530,0
747.6008,201.3682,4:20:38:242481,0
747.6008,201.3682,4:20:38:260950,0
