162.909,146.1581,3:02:25:670056,0
163.696,146.1581,3:02:25:674064,0
164.606,146.1581,3:02:25:678112,0
165.2946,145.2545,3:02:25:681663,0
165.9094,145.2545,3:02:25:686652,0
166.721,144.584,3:02:25:689659,0
167.3113,144.584,3:02:25:694112,0
167.9015,144.584,3:02:25:698122,0
168.4672,143.8844,3:02:25:702096,0
168.4672,143.8844,3:02:25:706140,0
167.631,143.8844,3:02:25:710105,0
167.631,143.8844,3:02:25:714111,0
166.9424,143.8844,3:02:25:718108,0
166.3767,143.8844,3:02:25:722340,0
165.7865,143.8844,3:02:25:725350,0
165.1962,143.4763,3:02:25:730350,0
164.606,143.4763,3:02:25:733350,0
164.0649,143.4763,3:02:25:737349,0
163.4993,143.4763,3:02:25:742547,0
163.1549,143.4763,3:02:25:745557,0
162.8106,143.4763,3:02:25:749556,0
162.4663,143.4763,3:02:25:753557,0
162.4663,143.4763,3:02:25:757557,0
162.4663,143.4763,3:02:25:762055,0
162.4663,143.4763,3:02:25:766109,0
162.4663,143.4763,3:02:25:770054,0
162.4663,143.4763,3:02:25:774567,0
163.2287,143.4763,3:02:25:777567,0
163.2287,143.4763,3:02:25:781568,0
163.819,144.3217,3:02:25:785567,0
163.819,144.3217,3:02:25:789570,0
164.3354,144.963,3:02:25:794082,0
164.3354,144.963,3:02:25:798117,0
164.3354,145.6626,3:02:25:802125,0
164.7289,145.6626,3:02:25:806128,0
164.7289,146.2455,3:02:25:810126,0
164.7289,146.2455,3:02:25:813127,0
164.7289,146.6828,3:02:25:818171,0
164.7289,146.6828,3:02:25:821196,0
164.7289,147.0326,3:02:25:826048,0
164.7289,147.0326,3:02:25:830057,0
164.1633,147.2366,3:02:25:834066,0
164.1633,147.3824,3:02:25:838062,0
164.1633,147.5865,3:02:25:842059,0
164.1633,147.7905,3:02:25:846068,0
163.5976,147.9946,3:02:25:850104,0
163.5976,148.1986,3:02:25:853459,0
163.5976,148.4318,3:02:25:857491,0
163.2287,148.6942,3:02:25:861461,0
163.2287,148.8982,3:02:25:865706,0
163.0074,149.1606,3:02:25:869717,0
163.0074,149.4229,3:02:25:873716,0
162.8106,149.6852,3:02:25:877717,0
162.8106,149.9184,3:02:25:882100,0
162.7122,150.1808,3:02:25:886110,0
162.7122,150.4431,3:02:25:890100,0
162.7122,150.6472,3:02:25:893111,0
162.7122,150.9387,3:02:25:898125,0
162.7122,151.1719,3:02:25:901109,0
162.7122,151.4051,3:02:25:906110,0
162.7122,151.6091,3:02:25:910003,0
162.7122,151.8715,3:02:25:914104,0
162.7122,152.0464,3:02:25:917968,0
162.7122,152.3087,3:02:25:921978,0
162.7122,152.5711,3:02:25:925977,0
163.2287,152.7751,3:02:25:929988,0
163.2287,152.9209,3:02:25:933978,0
163.2287,153.0958,3:02:25:937978,0
163.2287,153.329,3:02:25:941978,0
163.5238,153.4164,3:02:25:945978,0
163.5238,153.5331,3:02:25:950181,0
163.5238,153.6496,3:02:25:953964,0
163.5238,153.6788,3:02:25:958038,0
163.5238,153.7371,3:02:25:961974,0
163.5238,153.7371,3:02:25:965974,0
163.5238,153.7371,3:02:25:970193,0
163.5238,153.7371,3:02:25:974202,0
163.5238,153.7371,3:02:25:977203,0
163.5238,153.7371,3:02:25:982204,0
163.5238,153.7371,3:02:25:986421,0
163.5238,153.7371,3:02:25:989431,0
163.5238,153.125,3:02:25:993298,0
164.1387,153.125,3:02:25:997298,0
164.1387,153.125,3:02:26:001298,0
164.1387,153.125,3:02:26:005298,0
164.606,152.5419,3:02:26:009298,0
164.606,152.5419,3:02:26:013324,0
164.606,152.1339,3:02:26:018096,0
164.9995,152.1339,3:02:26:022106,0
164.9995,151.6966,3:02:26:026091,0
165.3192,151.4342,3:02:26:030110,0
165.3192,151.1719,3:02:26:034101,0
165.6389,150.8804,3:02:26:038121,0
165.8111,150.618,3:02:26:042099,0
166.0078,150.3266,3:02:26:046480,0
166.1554,150.035,3:02:26:049493,0
166.3029,149.6852,3:02:26:053490,0
166.3767,149.3938,3:02:26:057493,0
166.4751,149.1022,3:02:26:061490,0
166.4751,148.8107,3:02:26:065996,0
166.4997,148.4901,3:02:26:070021,0
166.5243,148.1694,3:02:26:073373,1171
166.5243,147.8488,3:02:26:077392,1206
166.5243,147.4698,3:02:26:082383,1256
166.5243,147.0909,3:02:26:086376,1327
166.5243,146.7411,3:02:26:089373,1437
166.5243,146.3622,3:02:26:094374,1555
166.5243,145.9832,3:02:26:098101,1691
166.5243,145.6626,3:02:26:101623,1808
166.5243,145.371,3:02:26:105773,1930
166.5243,145.1087,3:02:26:109675,2023
166.5243,144.8755,3:02:26:113728,2099
166.5243,144.7298,3:02:26:117677,2200
166.5243,144.6131,3:02:26:122164,2264
166.5243,144.5549,3:02:26:125177,2325
166.1554,144.4674,3:02:26:129264,2374
166.1554,144.4091,3:02:26:133264,2402
166.1554,144.3508,3:02:26:137279,2421
166.1554,144.3508,3:02:26:141264,2428
166.1554,144.3217,3:02:26:145262,2427
166.1554,144.3217,3:02:26:149264,2416
166.1554,144.3217,3:02:26:153264,2414
166.1554,144.3217,3:02:26:157911,2433
166.1554,144.3217,3:02:26:161911,2471
166.1554,145.167,3:02:26:165403,2528
166.721,145.167,3:02:26:169784,2607
166.721,146.537,3:02:26:173787,2681
167.1637,147.5282,3:02:26:177786,2749
167.1637,148.7525,3:02:26:181784,2812
167.7294,150.1808,3:02:26:185599,2864
167.9999,151.7258,3:02:26:189531,2907
168.2458,153.4164,3:02:26:193642,2943
168.4426,155.1946,3:02:26:197534,2966
168.5901,157.0311,3:02:26:202220,2977
168.7623,158.8383,3:02:26:205229,2983
168.8361,160.5874,3:02:26:210230,2991
168.9345,162.278,3:02:26:213231,3001
169.0083,163.9104,3:02:26:217233,3010
169.0574,165.4845,3:02:26:221230,3016
169.1066,166.942,3:02:26:225365,3017
169.1558,168.3412,3:02:26:229362,3018
169.2542,169.653,3:02:26:233362,3024
169.2788,170.819,3:02:26:237362,3029
169.3526,171.8976,3:02:26:241361,3033
169.4017,172.8887,3:02:26:245360,3035
169.4263,173.7923,3:02:26:250034,3035
169.5001,174.521,3:02:26:254042,3036
169.5001,175.1915,3:02:26:258043,3039
169.5247,175.7162,3:02:26:262042,3047
169.5247,176.1243,3:02:26:266042,3051
169.5247,176.4158,3:02:26:270042,3054
169.5247,176.649,3:02:26:273103,3060
169.5247,176.7948,3:02:26:277129,3065
169.5247,176.7948,3:02:26:282030,3074
169.5247,176.7948,3:02:26:286039,3081
169.5247,176.7948,3:02:26:290068,3084
169.5247,176.7948,3:02:26:294038,3087
169.5247,175.8328,3:02:26:298063,3080
169.5247,175.8328,3:02:26:302054,3081
170.2133,174.6085,3:02:26:306065,3078
170.2133,173.8506,3:02:26:310953,3066
170.8774,173.0052,3:02:26:314099,3066
171.3201,172.1308,3:02:26:318108,3065
171.8119,171.3145,3:02:26:322102,3062
172.3776,170.4984,3:02:26:326111,3067
172.8941,169.7988,3:02:26:329742,3068
173.3859,169.2449,3:02:26:333739,3063
173.9024,168.7202,3:02:26:337780,3062
174.3697,168.3412,3:02:26:341740,3059
174.8616,168.0497,3:02:26:346037,3052
175.4026,167.8748,3:02:26:349749,3052
175.8945,167.8748,3:02:26:353934,3051
176.3618,167.8748,3:02:26:357831,3047
176.9274,167.8748,3:02:26:361907,3050
177.5669,167.8748,3:02:26:365828,3050
178.1817,168.6911,3:02:26:370000,3051
178.7966,168.6911,3:02:26:374026,3056
179.4114,169.653,3:02:26:377916,3054
180.0017,170.236,3:02:26:381916,3058
180.5919,170.9064,3:02:26:386048,3060
181.1576,171.5769,3:02:26:389916,3062
181.7232,172.3056,3:02:26:394170,3069
182.2151,173.0927,3:02:26:397180,3068
182.6824,173.8506,3:02:26:402116,3073
183.1497,174.6085,3:02:26:406132,3074
183.6415,175.3956,3:02:26:410127,3081
184.158,176.1534,3:02:26:413124,3084
184.6253,176.9113,3:02:26:418126,3084
185.0926,177.6401,3:02:26:422125,3089
185.5598,178.3105,3:02:26:426093,3093
186.0271,178.8936,3:02:26:430117,3097
186.4944,179.4182,3:02:26:434103,3103
186.9617,179.9429,3:02:26:438104,3102
187.4044,180.3802,3:02:26:442101,3095
187.8471,180.7883,3:02:26:446104,3071
188.2652,181.0798,3:02:26:449640,3010
188.7078,181.313,3:02:26:453640,2903
189.1259,181.4296,3:02:26:458006,2738
189.4948,181.4588,3:02:26:461976,2514
189.8884,181.4588,3:02:26:465977,2203
190.3064,181.4588,3:02:26:469978,1802
190.7491,181.4588,3:02:26:473813,1316
191.1426,180.526,3:02:26:477823,789
191.6099,179.8555,3:02:26:481825,384
192.028,179.0101,3:02:26:485827,0
192.4707,178.0482,3:02:26:489902,0
192.8642,176.9405,3:02:26:493824,0
193.2823,175.5996,3:02:26:498089,0
193.5774,174.0255,3:02:26:502098,0
193.9217,172.3931,3:02:26:506148,0
194.266,170.5567,3:02:26:509157,0
194.5858,168.6328,3:02:26:514090,0
194.9055,166.6797,3:02:26:518116,0
195.2006,164.61,3:02:26:522118,0
195.5449,162.5112,3:02:26:525111,0
195.8646,160.3542,3:02:26:530100,0
196.2089,158.2262,3:02:26:534101,0
196.4795,156.1566,3:02:26:538098,0
196.75,154.0869,3:02:26:542093,0
196.9221,152.1339,3:02:26:545102,0
197.1189,150.2391,3:02:26:550103,0
197.2419,148.5484,3:02:26:554113,0
197.2911,146.9743,3:02:26:558098,0
197.2911,145.6917,3:02:26:562176,0
197.2911,144.584,3:02:26:566179,0
197.2911,143.7386,3:02:26:570178,0
197.2911,143.1265,3:02:26:573230,0
197.2911,142.835,3:02:26:577179,0
197.2911,142.631,3:02:26:581178,0
197.2911,142.4561,3:02:26:586097,0
196.75,142.3686,3:02:26:589110,2289
196.75,142.3103,3:02:26:594107,2290
196.75,142.3103,3:02:26:598111,2291
196.75,142.2811,3:02:26:602107,2292
196.75,142.2811,3:02:26:606105,2302
196.75,142.252,3:02:26:610112,2347
196.75,142.252,3:02:26:614132,2428
196.75,142.252,3:02:26:617142,2548
196.75,142.252,3:02:26:622091,2690
196.75,143.3889,3:02:26:625099,2817
196.75,144.1759,3:02:26:630105,2921
196.75,145.1378,3:02:26:633104,3001
196.75,146.2455,3:02:26:638110,3065
197.2911,147.5865,3:02:26:642116,3118
197.2911,149.0148,3:02:26:646110,3168
197.7337,150.6763,3:02:26:650110,3206
197.7337,152.3087,3:02:26:654037,3235
198.2748,153.9411,3:02:26:658046,3250
198.2748,155.5444,3:02:26:662047,3258
198.7421,157.1185,3:02:26:666046,3265
198.988,158.6926,3:02:26:670187,3264
198.988,160.121,3:02:26:673702,3269
199.3569,161.491,3:02:26:678058,3268
199.5291,162.8027,3:02:26:682073,3262
199.6521,164.0271,3:02:26:686625,3217
199.7258,165.0764,3:02:26:689633,3127
199.8734,166.0384,3:02:26:695624,2993
199.9472,166.8546,3:02:26:697611,2808
200.021,167.5833,3:02:26:701930,2596
200.1193,168.0789,3:02:26:705962,2328
200.1439,168.5453,3:02:26:709656,2012
200.1931,168.7493,3:02:26:713661,1625
200.2669,168.8368,3:02:26:717665,1174
200.3653,168.8368,3:02:26:721662,713
200.4145,168.8368,3:02:26:726092,347
200.5128,167.7583,3:02:26:729103,0
200.6112,166.9129,3:02:26:733973,0
200.685,165.8344,3:02:26:737971,0
200.7342,164.4643,3:02:26:741974,0
200.7588,162.8027,3:02:26:745974,0
200.7588,160.7914,3:02:26:749973,0
200.7588,158.4886,3:02:26:754037,0
200.7588,155.8651,3:02:26:758044,0
200.7588,152.9792,3:02:26:762074,0
200.7588,149.9476,3:02:26:766089,0
199.9964,146.7411,3:02:26:769883,0
199.9964,143.5054,3:02:26:773892,0
199.4799,140.3281,3:02:26:777893,0
199.4799,137.209,3:02:26:781914,0
198.8897,134.3232,3:02:26:785893,0
198.8897,131.6705,3:02:26:789893,0
198.324,129.222,3:02:26:793893,0
198.324,127.0357,3:02:26:798092,0
197.8075,125.1118,3:02:26:801946,0
197.8075,123.392,3:02:26:806097,0
197.3894,121.9344,3:02:26:810115,0
197.2173,120.6227,3:02:26:814108,0
197.0451,119.6024,3:02:26:818106,0
197.0451,118.6988,3:02:26:822108,0
196.8976,117.9992,3:02:26:826117,0
196.8238,117.4454,3:02:26:829108,0
196.7992,117.0081,3:02:26:834400,0
196.7992,116.6583,3:02:26:837410,0
196.7992,116.396,3:02:26:841442,0
196.7992,116.1919,3:02:26:845410,0
196.7992,116.0753,3:02:26:850094,0
196.7992,115.9587,3:02:26:854102,0
196.7992,115.813,3:02:26:858102,1992
197.3648,115.6964,3:02:26:862104,1996
197.3648,115.5798,3:02:26:866102,2032
197.3648,115.5214,3:02:26:869471,2081
197.3648,115.4048,3:02:26:873484,2160
197.3648,115.3465,3:02:26:877734,2257
197.3648,115.2299,3:02:26:881744,2343
197.3648,115.1425,3:02:26:885745,2425
197.3648,115.1133,3:02:26:889744,2487
197.3648,115.1133,3:02:26:894094,2535
197.3648,115.1133,3:02:26:898147,2560
197.3648,115.1133,3:02:26:902105,2577
196.8976,115.1133,3:02:26:905616,2580
196.8976,115.1133,3:02:26:909638,2575
196.3319,115.1133,3:02:26:913717,2579
195.9138,115.1133,3:02:26:917616,2580
195.4957,115.1133,3:02:26:921834,2593
194.9547,115.1133,3:02:26:925863,2615
194.4382,115.1133,3:02:26:929831,2625
193.8971,115.1133,3:02:26:933831,2645
193.3561,114.5303,3:02:26:937890,2660
192.8642,114.5303,3:02:26:941900,2666
192.4215,113.9765,3:02:26:945222,2670
191.9788,113.9765,3:02:26:949232,2667
191.6099,113.0729,3:02:26:953266,2664
191.3148,112.519,3:02:26:957232,2659
191.0197,111.8194,3:02:26:962090,2661
190.7491,111.0323,3:02:26:966098,2661
190.577,110.1579,3:02:26:970073,2666
190.454,109.2251,3:02:26:974058,2671
190.4048,108.2631,3:02:26:978056,2673
190.4048,107.272,3:02:26:982054,2670
190.4048,106.2226,3:02:26:986137,2657
190.4048,105.2023,3:02:26:989144,2650
191.2164,104.1529,3:02:26:994098,2640
191.2164,103.2785,3:02:26:998106,2637
192.2001,102.4914,3:02:27:002339,2633
192.8396,101.7043,3:02:27:006347,2631
193.5528,101.0922,3:02:27:010092,2633
194.2906,100.5675,3:02:27:014102,2634
195.053,100.1886,3:02:27:018037,2634
195.84,99.9845,3:02:27:022047,2631
196.5779,99.8679,3:02:27:026045,2624
197.2665,99.8679,3:02:27:030047,2623
197.9551,99.8679,3:02:27:034049,2623
198.6191,99.8679,3:02:27:038047,2624
199.1848,100.8882,3:02:27:042081,2631
199.6521,101.646,3:02:27:046089,2638
200.0456,102.608,3:02:27:050176,2646
200.2915,103.8323,3:02:27:053176,2657
200.4637,105.3773,3:02:27:058178,2667
200.4637,107.1845,3:02:27:061176,2677
200.4637,109.2542,3:02:27:066441,2690
200.4637,111.5279,3:02:27:070462,2702
199.8242,113.889,3:02:27:074450,2717
199.8242,116.3085,3:02:27:077452,2734
199.0126,118.7862,3:02:27:082453,2756
199.0126,121.1474,3:02:27:086452,2776
198.201,123.392,3:02:27:090091,2790
198.201,125.4907,3:02:27:093099,2802
197.6354,127.4146,3:02:27:098104,2813
197.6354,129.1345,3:02:27:102103,2820
197.6354,130.7669,3:02:27:106105,2832
197.6354,132.2244,3:02:27:110101,2838
197.6354,133.5361,3:02:27:114109,2840
197.6354,134.7605,3:02:27:118101,2846
198.201,135.839,3:02:27:122095,2850
198.201,136.8301,3:02:27:125105,2851
199.0864,137.7337,3:02:27:129735,2850
199.6521,138.4333,3:02:27:133735,2836
200.1931,139.0746,3:02:27:137734,2775
200.8326,139.6285,3:02:27:141736,2644
201.4474,139.9491,3:02:27:145255,2410
202.0868,140.2115,3:02:27:149265,2013
202.7263,140.3281,3:02:27:153265,1472
203.3657,140.3281,3:02:27:157264,892
203.9314,140.3281,3:02:27:161265,415
204.4478,140.3281,3:02:27:165265,0
204.9643,139.541,3:02:27:169320,0
205.3824,139.541,3:02:27:173361,0
205.8989,138.6082,3:02:27:177330,0
206.3907,138.6082,3:02:27:182331,0
206.8826,137.588,3:02:27:186086,0
207.4237,137.0925,3:02:27:189097,0
208.0139,136.6261,3:02:27:194115,0
208.678,136.218,3:02:27:197114,0
209.4404,135.8098,3:02:27:202116,0
210.3503,135.4601,3:02:27:206115,0
211.3587,135.4601,3:02:27:210036,0
212.5146,135.1394,3:02:27:213201,0
213.8181,135.1394,3:02:27:218044,0
215.3921,135.1394,3:02:27:221457,0
217.1874,135.1394,3:02:27:225459,0
219.2533,135.1394,3:02:27:229457,0
221.5651,136.0139,3:02:27:234034,0
224.1966,136.0139,3:02:27:238034,0
226.9511,137.0341,3:02:27:242039,0
229.8778,137.6463,3:02:27:246055,0
232.9274,138.4042,3:02:27:250036,0
236.0262,139.1621,3:02:27:253630,0
239.0267,140.0366,3:02:27:258086,0
241.9287,140.7945,3:02:27:261093,0
244.5603,141.5815,3:02:27:266095,0
246.8721,142.3686,3:02:27:270096,0
248.9871,143.0974,3:02:27:273560,0
250.7825,143.797,3:02:27:277568,0
252.2089,144.4091,3:02:27:281631,0
253.3894,144.9921,3:02:27:285569,0
254.2994,145.5168,3:02:27:290524,0
254.988,146.0123,3:02:27:294055,0
255.5782,146.5079,3:02:27:298067,0
256.0209,146.916,3:02:27:302040,0
256.3898,147.295,3:02:27:306060,0
256.6358,147.5865,3:02:27:310038,0
256.9063,147.8488,3:02:27:314035,0
257.0785,148.0237,3:02:27:318043,0
257.2752,148.1694,3:02:27:322042,0
257.4474,148.2861,3:02:27:326091,0
257.6441,148.3443,3:02:27:329410,0
257.8655,148.4318,3:02:27:333412,0
258.0622,148.461,3:02:27:337410,0
258.2098,148.461,3:02:27:341409,0
258.3082,148.461,3:02:27:345469,0
258.3328,148.461,3:02:27:349479,0
258.3328,148.461,3:02:27:354090,0
258.3328,148.461,3:02:27:358113,0
257.7179,147.7614,3:02:27:361473,0
257.7179,147.7614,3:02:27:365472,0
256.6358,147.2366,3:02:27:369473,0
255.9226,147.2366,3:02:27:373480,0
255.1356,146.7411,3:02:27:378094,0
254.2994,146.7411,3:02:27:381613,0
253.3894,146.1581,3:02:27:385708,0
252.4548,146.1581,3:02:27:389724,0
251.5449,145.7209,3:02:27:394087,0
250.6595,145.7209,3:02:27:397097,0
249.7495,145.4585,3:02:27:402103,0
248.8887,145.4585,3:02:27:405635,0
248.1755,145.3127,3:02:27:409634,0
247.4869,145.3127,3:02:27:413632,0
246.995,145.3127,3:02:27:417753,0
246.5523,145.3127,3:02:27:421633,0
246.208,145.3127,3:02:27:426092,0
245.9867,145.3127,3:02:27:429102,0
245.8637,145.3127,3:02:27:434091,0
245.8391,145.3127,3:02:27:437101,0
245.8391,145.3127,3:02:27:442100,0
245.8391,145.3127,3:02:27:446110,0
245.8391,145.3127,3:02:27:450117,1895
245.8391,145.3127,3:02:27:454113,1899
246.6261,145.3127,3:02:27:458247,1904
246.6261,144.7006,3:02:27:462240,1922
246.6261,144.7006,3:02:27:465477,1954
247.1918,144.7006,3:02:27:469483,1985
247.1918,144.0885,3:02:27:473523,2031
247.1918,144.0885,3:02:27:477486,2085
247.1918,144.0885,3:02:27:481594,2142
247.1918,144.0885,3:02:27:486484,2218
247.1918,144.0885,3:02:27:490095,2310
247.1918,144.0885,3:02:27:494109,2410
247.1918,144.0885,3:02:27:498041,2530
247.1918,144.0885,3:02:27:502051,2656
247.1918,144.0885,3:02:27:506092,2789
247.1918,144.0885,3:02:27:509100,2921
247.1918,144.0885,3:02:27:514102,3046
247.1918,144.0885,3:02:27:517109,3139
247.1918,144.0885,3:02:27:522103,3201
247.1918,144.0885,3:02:27:525105,3236
246.5523,144.0885,3:02:27:530183,3237
246.208,144.0885,3:02:27:533191,3243
245.7654,143.3306,3:02:27:538094,3240
245.2489,143.3306,3:02:27:542105,3239
244.6094,142.6893,3:02:27:546104,3242
243.9454,142.6893,3:02:27:550104,3241
243.183,141.7273,3:02:27:554104,3245
242.4698,141.1443,3:02:27:557102,3244
241.7566,140.4738,3:02:27:562109,3244
241.0679,139.7159,3:02:27:566114,3242
240.5023,138.9581,3:02:27:569399,3241
239.9612,138.171,3:02:27:574189,3236
239.4939,137.3839,3:02:27:577724,3227
239.1742,136.6261,3:02:27:581673,3223
239.0021,135.8681,3:02:27:586091,3217
238.9037,135.1394,3:02:27:589143,3213
238.9037,134.4398,3:02:27:594434,3211
238.9037,133.7985,3:02:27:597446,3200
238.9037,133.2446,3:02:27:601444,3191
239.6907,132.72,3:02:27:605445,3180
240.2072,132.3118,3:02:27:609476,3174
240.822,131.9912,3:02:27:613447,3169
241.486,131.7289,3:02:27:618088,3168
242.273,131.6122,3:02:27:622098,3171
243.1338,131.5831,3:02:27:626251,3171
244.0192,131.5831,3:02:27:629292,3172
244.9538,131.5831,3:02:27:634261,3170
245.9129,132.5159,3:02:27:637261,3165
246.7983,133.1864,3:02:27:641264,3163
247.6591,134.0025,3:02:27:645264,3164
248.4215,134.9937,3:02:27:650042,3169
249.1101,136.1013,3:02:27:654052,3175
249.7003,137.3839,3:02:27:658050,3187
250.143,138.7249,3:02:27:662053,3197
250.4382,140.1823,3:02:27:666057,3208
250.5857,141.7565,3:02:27:670058,3222
250.5857,143.418,3:02:27:673609,3224
250.5857,145.1378,3:02:27:677617,3229
250.5857,146.8869,3:02:27:681913,3230
249.8479,148.665,3:02:27:685920,3231
249.8479,150.3266,3:02:27:689987,3239
248.8642,152.1047,3:02:27:693946,3246
248.2493,153.7663,3:02:27:697920,3251
247.5607,155.2529,3:02:27:701920,3257
246.7983,156.6521,3:02:27:706089,3259
245.9867,157.9055,3:02:27:710099,3261
245.1505,159.1007,3:02:27:714088,3264
244.3389,160.0918,3:02:27:718096,3269
243.5027,160.9663,3:02:27:722174,3273
242.6419,161.7533,3:02:27:726146,3275
241.7812,162.3947,3:02:27:730146,3281
240.9696,162.9193,3:02:27:734147,3285
240.2072,163.2691,3:02:27:738216,3284
239.5185,163.5315,3:02:27:741226,3288
238.9283,163.6772,3:02:27:745408,3283
238.4364,163.7064,3:02:27:750402,3280
237.9937,163.7064,3:02:27:753400,3280
237.6002,163.7064,3:02:27:757402,3276
237.3051,162.9485,3:02:27:762131,3269
237.0838,162.9485,3:02:27:766133,3254
236.9116,161.7533,3:02:27:769132,3237
236.8378,160.9663,3:02:27:774148,3217
236.8132,160.121,3:02:27:777623,3204
236.8132,159.2173,3:02:27:781654,3194
236.8132,158.2845,3:02:27:786035,3191
236.8132,157.3517,3:02:27:790062,3188
236.8132,156.5063,3:02:27:794098,3179
237.6002,155.7484,3:02:27:798105,3175
237.6002,155.1071,3:02:27:802313,3172
238.461,154.5824,3:02:27:805601,3172
239.0021,154.1743,3:02:27:810603,3173
239.5677,153.8828,3:02:27:813603,3177
240.2563,153.8828,3:02:27:817603,3174
240.9696,153.8828,3:02:27:821603,3173
241.6828,153.8828,3:02:27:826091,3178
242.4452,153.8828,3:02:27:829102,3175
243.1584,153.8828,3:02:27:834089,3175
243.8716,154.8448,3:02:27:838106,3171
244.6094,154.8448,3:02:27:842099,3168
245.3718,156.0108,3:02:27:845097,3174
246.1096,156.6812,3:02:27:850099,3182
246.8967,157.3808,3:02:27:854099,3190
247.6591,158.1679,3:02:27:858027,3195
248.4215,158.955,3:02:27:862036,3185
249.2331,159.6837,3:02:27:865616,3136
250.0447,160.3833,3:02:27:869616,3064
250.8316,161.0538,3:02:27:873616,2947
251.6432,161.6951,3:02:27:877617,2781
252.4303,162.2489,3:02:27:881954,2584
253.2418,162.6861,3:02:27:885522,2322
254.0288,163.0651,3:02:27:890033,1960
254.8158,163.2983,3:02:27:893888,1512
255.6274,163.4732,3:02:27:898089,959
256.439,163.4732,3:02:27:901605,493
257.2998,163.4732,3:02:27:905806,0
258.1852,163.4732,3:02:27:909802,0
259.1443,162.5695,3:02:27:913803,0
260.1773,162.5695,3:02:27:917802,0
261.2594,161.1995,3:02:27:922216,0
262.3907,160.325,3:02:27:926224,0
263.5712,159.3047,3:02:27:929734,0
264.7271,158.2262,3:02:27:933737,0
265.8584,157.0602,3:02:27:937734,0
267.0143,155.8359,3:02:27:941735,0
268.1457,154.5242,3:02:27:946091,0
269.2032,153.125,3:02:27:949104,0
270.2607,151.6383,3:02:27:954085,0
271.2445,150.0642,3:02:27:958094,0
272.179,148.5484,3:02:27:962088,0
273.1136,146.9451,3:02:27:965121,0
274.0236,145.371,3:02:27:970096,0
274.786,143.7386,3:02:27:973131,0
275.5238,142.2229,3:02:27:978099,0
276.1878,140.8528,3:02:27:982096,0
276.7535,139.6577,3:02:27:986087,0
277.3191,138.6082,3:02:27:989421,0
277.7618,137.6463,3:02:27:994088,0
278.0815,136.9467,3:02:27:998097,0
278.3766,136.422,3:02:28:002096,0
278.5734,136.1013,3:02:28:005098,0
278.721,135.9556,3:02:28:010099,0
278.8439,135.8098,3:02:28:013098,0
278.9423,135.7224,3:02:28:018090,2300
278.9915,135.6933,3:02:28:022114,2304
278.9915,135.6933,3:02:28:026185,2302
278.9915,135.6933,3:02:28:029700,2301
278.9915,135.6933,3:02:28:033699,2306
278.9915,135.6933,3:02:28:037700,2348
278.9915,135.6933,3:02:28:041705,2437
278.9915,135.6933,3:02:28:045700,2549
278.9915,136.6552,3:02:28:050090,2681
278.9915,137.2965,3:02:28:053101,2788
278.9915,138.0544,3:02:28:057595,2882
278.9915,139.0163,3:02:28:061604,2992
278.9915,140.1241,3:02:28:066104,3093
278.9915,141.4358,3:02:28:070137,3208
278.9915,142.835,3:02:28:073559,3317
278.9915,144.4674,3:02:28:078569,3401
278.9915,146.1581,3:02:28:081959,3486
278.9915,147.9946,3:02:28:085994,3546
279.4834,149.9184,3:02:28:091000,3589
279.4834,151.8423,3:02:28:094011,3630
279.9261,153.8246,3:02:28:098014,3656
279.9261,155.7484,3:02:28:102043,3678
280.4671,157.6432,3:02:28:106361,3694
280.4671,159.3922,3:02:28:109371,3701
281.0328,161.0538,3:02:28:113373,3705
281.0328,162.5987,3:02:28:117372,3710
281.5493,164.0562,3:02:28:122373,3715
281.7952,165.3971,3:02:28:126371,3717
282.0411,166.5631,3:02:28:129371,3721
282.2625,167.6708,3:02:28:133374,3724
282.4838,168.6328,3:02:28:137371,3725
282.656,169.5072,3:02:28:141373,3733
282.8527,170.236,3:02:28:146233,3738
282.9757,170.819,3:02:28:149233,3743
283.0987,171.2854,3:02:28:154254,3753
283.197,171.606,3:02:28:157233,3759
283.2954,171.8684,3:02:28:161234,3775
283.32,171.985,3:02:28:166108,3819
283.3446,172.0141,3:02:28:170124,3867
283.3446,172.0141,3:02:28:174115,3914
283.3446,172.0141,3:02:28:178115,3949
283.3446,171.2271,3:02:28:182248,3953
283.3446,171.2271,3:02:28:186291,3958
283.3446,170.0028,3:02:28:190101,3948
282.7789,169.1283,3:02:28:193515,3944
282.7789,168.0497,3:02:28:197604,3944
282.1887,166.7672,3:02:28:201483,3933
282.1887,165.3971,3:02:28:205483,3929
281.3279,163.8813,3:02:28:209484,3928
280.6885,162.2489,3:02:28:214270,3916
279.9753,160.5291,3:02:28:218281,3910
279.1637,158.7509,3:02:28:221279,3907
278.2045,156.9436,3:02:28:225280,3901
277.1716,155.0488,3:02:28:229280,3897
276.0157,153.2124,3:02:28:233280,3899
274.786,151.4051,3:02:28:238088,3892
273.4825,149.7144,3:02:28:242099,3885
272.2528,148.1986,3:02:28:246099,3882
271.0231,146.916,3:02:28:250111,3870
269.7688,145.8083,3:02:28:254096,3869
268.5392,144.963,3:02:28:258100,3865
267.3586,144.4091,3:02:28:262102,3862
266.2028,144.1467,3:02:28:266097,3860
265.1206,144.0885,3:02:28:270301,3854
264.1123,144.0885,3:02:28:273300,3850
263.0793,144.0885,3:02:28:277301,3846
262.1448,145.1378,3:02:28:281323,3849
261.3086,145.8083,3:02:28:286098,3845
260.5708,146.6245,3:02:28:289136,3841
259.9805,147.499,3:02:28:294133,3838
259.5132,148.461,3:02:28:297138,3835
259.1689,149.4812,3:02:28:302098,3840
258.9968,150.5306,3:02:28:305109,3842
258.923,151.6383,3:02:28:310109,3843
258.923,152.7751,3:02:28:313111,3845
258.923,153.8246,3:02:28:318109,3848
259.6116,154.9031,3:02:28:322110,3855
259.6116,155.9525,3:02:28:326217,3863
260.8413,156.9144,3:02:28:329247,3864
261.6775,157.789,3:02:28:333960,3859
262.6121,158.6051,3:02:28:337959,3846
263.6942,159.2756,3:02:28:342062,3815
264.8009,159.8295,3:02:28:345958,3756
266.0552,160.2375,3:02:28:350034,3661
267.3341,160.5291,3:02:28:354062,3527
268.6621,160.6748,3:02:28:358042,3345
270.0886,160.6748,3:02:28:362061,3129
271.4412,160.6748,3:02:28:366044,2876
272.8922,160.6748,3:02:28:370068,2566
274.2941,159.946,3:02:28:373609,2199
275.7697,159.946,3:02:28:377619,1740
277.2208,158.8675,3:02:28:381957,1225
278.6964,158.1679,3:02:28:386021,716
280.172,157.3226,3:02:28:390087,328
281.6722,156.3606,3:02:28:393096,0
283.1233,155.282,3:02:28:398065,0
284.5743,154.1452,3:02:28:402064,0
286.0007,152.9209,3:02:28:406062,0
287.4026,151.6383,3:02:28:410064,0
288.7306,150.4431,3:02:28:414087,0
289.9849,149.1606,3:02:28:418097,0
291.1654,147.9946,3:02:28:422085,0
292.3213,146.8869,3:02:28:425447,0
293.4034,145.9249,3:02:28:429500,0
294.4364,145.0504,3:02:28:433498,0
295.4201,144.2925,3:02:28:437498,0
296.3055,143.5929,3:02:28:441498,0
297.1909,143.039,3:02:28:446039,0
297.9287,142.5435,3:02:28:450049,0
298.6173,142.2229,3:02:28:454091,0
299.183,141.9022,3:02:28:457607,0
299.6994,141.6107,3:02:28:462492,0
300.0929,141.3192,3:02:28:465505,1766
300.4127,141.086,3:02:28:469610,1799
300.6586,140.9111,3:02:28:473502,1880
300.8799,140.7654,3:02:28:477501,2002
301.0029,140.707,3:02:28:481504,2166
301.1259,140.5905,3:02:28:486094,2329
301.1505,140.4738,3:02:28:489131,2470
301.1505,140.3864,3:02:28:494132,2596
301.2242,140.3573,3:02:28:497129,2709
301.2242,140.3281,3:02:28:502138,2806
301.2242,140.3281,3:02:28:506150,2892
301.2242,140.3281,3:02:28:510128,2958
301.2242,140.3281,3:02:28:514128,3014
301.2242,140.3281,3:02:28:518127,3067
301.2242,140.3281,3:02:28:522128,3114
301.2242,140.3281,3:02:28:525127,3158
301.2242,140.3281,3:02:28:530038,3194
301.2242,140.3281,3:02:28:533514,3219
301.2242,140.3281,3:02:28:538038,3234
300.7816,140.3281,3:02:28:541488,3249
300.7816,140.3281,3:02:28:546091,3260
300.7816,140.3281,3:02:28:550099,3264
300.7816,140.3281,3:02:28:554100,3270
300.7816,139.541,3:02:28:558106,3268
300.7816,139.541,3:02:28:562101,3259
300.7816,138.8706,3:02:28:566100,3256
300.7816,138.4333,3:02:28:569619,3247
300.7816,137.9086,3:02:28:573623,3237
301.4456,137.3257,3:02:28:577790,3232
301.4456,136.6552,3:02:28:581798,3222
302.5031,135.9265,3:02:28:586043,3217
303.2163,135.1685,3:02:28:590053,3213
303.9788,134.4398,3:02:28:594051,3204
304.8149,133.7402,3:02:28:598053,3202
305.6511,133.0697,3:02:28:602060,3199
306.4873,132.4868,3:02:28:606070,3198
307.3481,131.9621,3:02:28:610238,3200
308.0859,131.554,3:02:28:613249,3199
308.7991,131.2041,3:02:28:617333,3199
309.4632,131.0001,3:02:28:621308,3198
310.078,130.8544,3:02:28:625308,3197
310.6436,130.7961,3:02:28:629306,3194
311.1601,130.7961,3:02:28:634089,3188
311.6274,130.7961,3:02:28:637131,3183
312.0209,130.7961,3:02:28:641298,3181
312.3652,131.5831,3:02:28:645295,3179
312.6849,131.5831,3:02:28:649296,3184
312.9309,132.5742,3:02:28:653295,3193
313.0538,133.2155,3:02:28:658084,3192
313.1522,134.0025,3:02:28:661098,3198
313.1522,134.8479,3:02:28:666050,3206
313.1522,135.7807,3:02:28:670085,3208
313.1522,136.7426,3:02:28:674060,3215
313.1522,137.7629,3:02:28:678064,3220
313.1522,138.8414,3:02:28:682077,3223
312.439,139.92,3:02:28:686059,3228
312.439,140.9111,3:02:28:690085,3238
312.439,142.0188,3:02:28:694096,3245
311.9717,143.1265,3:02:28:698252,3253
311.9717,144.2925,3:02:28:701262,3254
311.9717,145.4294,3:02:28:705341,3258
311.9717,146.5079,3:02:28:709262,3261
311.9717,147.6156,3:02:28:713261,3262
311.9717,148.6942,3:02:28:717262,3267
311.9717,149.7727,3:02:28:722034,3269
311.9717,150.6763,3:02:28:726231,3270
312.6849,151.4634,3:02:28:729368,3278
312.6849,152.163,3:02:28:733304,3277
313.4719,152.7168,3:02:28:737395,3279
313.9884,153.2415,3:02:28:741314,3284
314.5541,153.5622,3:02:28:746086,3285
315.1935,153.7663,3:02:28:750108,3290
315.9067,153.8246,3:02:28:754097,3291
316.6445,153.8246,3:02:28:758096,3290
317.4807,153.8246,3:02:28:762097,3287
318.3661,153.8246,3:02:28:766094,3290
319.2515,152.6003,3:02:28:770072,3292
320.1122,151.9007,3:02:28:775069,3292
321.0222,151.0844,3:02:28:778070,3292
321.9322,150.0934,3:02:28:782069,3292
322.7438,148.9857,3:02:28:786130,3291
323.5554,147.7905,3:02:28:789141,3293
324.2932,146.5079,3:02:28:794228,3296
325.031,145.1378,3:02:28:797226,3297
325.6458,143.6803,3:02:28:801283,3298
326.2115,142.2229,3:02:28:805226,3297
326.728,140.6487,3:02:28:810092,3293
327.1953,139.1329,3:02:28:814113,3311
327.6379,137.6463,3:02:28:817522,3350
328.0068,136.218,3:02:28:821424,3406
328.302,134.877,3:02:28:825449,3481
328.5479,133.7402,3:02:28:829429,3561
328.7447,132.72,3:02:28:833421,3648
328.8922,131.9329,3:02:28:837422,3734
328.9906,131.3208,3:02:28:842085,3806
329.089,130.9126,3:02:28:845457,3851
329.089,130.6212,3:02:28:849499,3872
329.089,130.4462,3:02:28:853457,3871
329.089,130.3588,3:02:28:857457,3858
329.089,130.3588,3:02:28:861459,3848
329.089,130.3588,3:02:28:865483,3842
329.089,130.3588,3:02:28:869490,3842
329.089,131.2625,3:02:28:874092,3849
329.089,131.2625,3:02:28:877498,3864
328.4987,132.6325,3:02:28:881956,3870
328.4987,133.5361,3:02:28:885996,3882
328.4987,134.7313,3:02:28:890093,3900
327.8593,136.0722,3:02:28:893126,3909
327.8593,137.5005,3:02:28:898103,3931
327.4166,138.9872,3:02:28:902104,3951
327.4166,140.5905,3:02:28:906439,3966
327.4166,142.2811,3:02:28:909449,3981
327.4166,144.0302,3:02:28:914083,3988
327.1707,145.8083,3:02:28:918081,3991
327.1707,147.5865,3:02:28:922083,3995
327.1707,149.3646,3:02:28:926081,4000
327.1707,151.0844,3:02:28:930238,4003
327.1707,152.8335,3:02:28:933269,4006
327.1707,154.4367,3:02:28:938042,4014
327.1707,155.9816,3:02:28:942062,4018
327.1707,157.4391,3:02:28:946049,4023
327.8347,158.7509,3:02:28:950062,4018
327.8347,159.9752,3:02:28:954199,3981
328.2282,161.1412,3:02:28:957211,3924
328.2282,162.1615,3:02:28:961211,3841
328.6955,163.0943,3:02:28:965210,3721
328.6955,163.9104,3:02:28:969209,3580
329.2365,164.61,3:02:28:974207,3412
329.507,165.1931,3:02:28:977733,3220
329.8268,165.6303,3:02:28:981333,3006
330.1219,165.9801,3:02:28:986042,2760
330.3924,166.155,3:02:28:990052,2460
330.7368,166.2133,3:02:28:994094,2067
331.1794,166.2133,3:02:28:998121,1577
331.6467,166.2133,3:02:29:001643,1001
332.2124,165.2513,3:02:29:005644,520
332.8518,164.5226,3:02:29:009762,181
333.5404,163.6772,3:02:29:013668,0
334.3274,162.5987,3:02:29:018120,0
335.1636,161.3161,3:02:29:022130,0
336.0244,159.8295,3:02:29:026082,0
336.8606,158.1387,3:02:29:030093,0
337.6968,156.2148,3:02:29:034090,0
338.533,154.0286,3:02:29:037113,0
339.32,151.6966,3:02:29:042369,0
340.107,149.2189,3:02:29:045380,0
340.894,146.5662,3:02:29:050080,0
341.6564,143.9427,3:02:29:053593,0
342.345,141.3192,3:02:29:058084,0
343.0336,138.754,3:02:29:061623,0
343.6977,136.3929,3:02:29:065706,0
344.2879,134.2941,3:02:29:069626,0
344.8044,132.3701,3:02:29:073681,0
345.2717,130.7377,3:02:29:077623,0
345.616,129.3677,3:02:29:082034,0
345.9111,128.3766,3:02:29:085678,0
346.1324,127.6187,3:02:29:090080,0
346.3538,127.0648,3:02:29:093093,0
346.4767,126.6859,3:02:29:097860,2340
346.5013,126.4818,3:02:29:101875,2353
346.5505,126.3652,3:02:29:106087,2371
346.5505,126.3652,3:02:29:109095,2392
346.5505,126.3652,3:02:29:114095,2413
346.5505,126.3652,3:02:29:118099,2450
346.5505,126.3652,3:02:29:122243,2526
346.5505,126.3652,3:02:29:125790,2633
346.5505,127.0648,3:02:29:129763,2774
346.5505,127.0648,3:02:29:133757,2921
346.5505,128.3183,3:02:29:137854,3053
346.5505,129.1928,3:02:29:141758,3178
346.5505,130.213,3:02:29:145764,3295
346.1078,131.4373,3:02:29:149758,3400
346.1078,132.7782,3:02:29:154036,3487
346.1078,134.2066,3:02:29:158047,3558
346.1078,135.8098,3:02:29:162047,3616
346.1078,137.4714,3:02:29:166058,3670
346.1078,139.2787,3:02:29:170045,3719
346.1078,141.2609,3:02:29:174069,3764
346.6735,143.3306,3:02:29:178105,3799
346.6735,145.4585,3:02:29:182101,3816
347.19,147.6447,3:02:29:186030,3829
347.19,149.9184,3:02:29:189770,3835
347.8294,152.0464,3:02:29:194081,3841
347.8294,154.2327,3:02:29:198091,3846
348.518,156.244,3:02:29:202109,3844
348.8869,158.0804,3:02:29:206119,3849
349.2067,159.7128,3:02:29:210119,3851
349.5018,161.2287,3:02:29:214117,3854
349.7969,162.5404,3:02:29:218118,3856
350.0182,163.6772,3:02:29:223469,3855
350.215,164.6392,3:02:29:225481,3850
350.3625,165.4263,3:02:29:229534,3846
350.4363,166.0967,3:02:29:234492,3836
350.5101,166.5631,3:02:29:237479,3823
350.5347,166.942,3:02:29:241479,3817
350.5593,167.1752,3:02:29:246136,3815
350.5593,167.321,3:02:29:250146,3822
350.5593,167.3793,3:02:29:253794,3836
350.5593,167.3793,3:02:29:257798,3845
350.5593,167.3793,3:02:29:261827,3844
350.5593,167.3793,3:02:29:265811,3846
350.5593,166.3591,3:02:29:269796,3837
349.8953,166.3591,3:02:29:274800,3833
349.8953,164.9307,3:02:29:277646,3833
349.3788,163.9396,3:02:29:281678,3825
349.3788,162.6861,3:02:29:285731,3819
348.8623,161.1703,3:02:29:289733,3812
348.8623,159.3922,3:02:29:293739,3800
348.4196,157.3226,3:02:29:297735,3794
348.4196,154.9906,3:02:29:302090,3783
348.0999,152.4254,3:02:29:306106,3784
348.0999,149.6852,3:02:29:310083,3778
347.9278,146.7994,3:02:29:314094,3771
347.9278,143.8844,3:02:29:318092,3767
347.9278,140.8528,3:02:29:322094,3745
347.9278,137.7629,3:02:29:326092,3729
347.9278,134.7313,3:02:29:330094,3720
347.9278,131.758,3:02:29:334089,3709
347.9278,128.8721,3:02:29:338098,3701
347.9278,126.132,3:02:29:342099,3698
347.9278,123.5086,3:02:29:346099,3684
347.9278,121.06,3:02:29:350104,3678
347.9278,118.8154,3:02:29:354099,3673
348.4196,116.804,3:02:29:358162,3670
348.4196,115.0259,3:02:29:361171,3672
348.4196,113.5101,3:02:29:365170,3671
348.9853,112.1983,3:02:29:370183,3675
348.9853,111.0032,3:02:29:373220,3674
349.4034,109.9538,3:02:29:378174,3673
349.4034,109.1085,3:02:29:381954,3675
349.9199,108.3797,3:02:29:385989,3682
350.2642,107.7675,3:02:29:390031,3691
350.6577,107.272,3:02:29:394113,3704
351.125,106.7765,3:02:29:398093,3709
351.6906,106.3683,3:02:29:402093,3706
352.3546,106.0477,3:02:29:406093,3703
353.1417,105.7562,3:02:29:410093,3698
354.0024,105.4939,3:02:29:414090,3695
354.937,105.2315,3:02:29:418102,3694
355.9453,104.9691,3:02:29:421469,3696
356.9783,104.7359,3:02:29:425495,3695
357.962,104.5611,3:02:29:429468,3696
358.9704,104.4445,3:02:29:433469,3695
359.8557,104.3861,3:02:29:438137,3678
360.569,104.3279,3:02:29:441137,3648
361.1592,104.2987,3:02:29:445276,3587
361.6511,104.2987,3:02:29:449284,3475
361.9954,104.2987,3:02:29:453286,3311
362.2413,104.2987,3:02:29:457286,3103
362.3889,104.2987,3:02:29:462093,2858
362.4135,104.2987,3:02:29:466103,2610
362.4135,104.2987,3:02:29:469257,2366
362.4135,104.2987,3:02:29:473257,2081
362.4135,104.8525,3:02:29:477298,1725
362.4135,104.8525,3:02:29:481257,1286
362.4135,105.2898,3:02:29:486184,784
361.7495,105.2898,3:02:29:489193,383
361.7495,105.8437,3:02:29:493252,0
360.9133,106.1935,3:02:29:497192,0
360.3722,106.6015,3:02:29:501194,0
359.7574,107.0679,3:02:29:506209,0
358.995,107.5343,3:02:29:510089,0
358.1588,108.0007,3:02:29:513432,0
357.3226,108.5255,3:02:29:518086,0
356.388,109.1085,3:02:29:522112,0
355.4043,109.7497,3:02:29:526105,0
354.3713,110.3327,3:02:29:530095,0
353.2892,110.9741,3:02:29:534094,0
352.1579,111.5862,3:02:29:538162,0
350.9774,112.2858,3:02:29:541205,0
349.7231,113.0145,3:02:29:545327,0
348.4442,113.8016,3:02:29:549277,0
347.0916,114.6761,3:02:29:553276,0
345.6652,115.5798,3:02:29:557277,0
344.042,116.6,3:02:29:562560,0
342.3204,117.6786,3:02:29:565573,0
340.5742,118.8154,3:02:29:570187,0
338.6313,120.0397,3:02:29:574199,0
336.5655,121.264,3:02:29:577199,0
334.3274,122.5466,3:02:29:582196,0
331.8927,123.8875,3:02:29:585199,0
329.3103,125.2284,3:02:29:590034,0
326.6542,126.511,3:02:29:594045,0
323.7275,127.9102,3:02:29:598059,0
320.4812,129.222,3:02:29:602045,0
317.0626,130.5629,3:02:29:606064,0
313.2506,131.9329,3:02:29:610085,0
309.1926,133.1864,3:02:29:614096,0
304.7903,134.4689,3:02:29:618095,0
300.1913,135.6349,3:02:29:622096,0
295.3463,136.9176,3:02:29:626094,0
290.3292,138.1127,3:02:29:630083,0
285.017,139.1621,3:02:29:634093,0
279.6555,140.2115,3:02:29:638170,0
274.3925,141.0569,3:02:29:641201,0
269.0802,141.7565,3:02:29:646086,0
263.9893,142.3686,3:02:29:649096,0
258.8,143.1265,3:02:29:654096,0
253.4632,143.4763,3:02:29:657096,0
248.1755,143.7386,3:02:29:662280,0
243.2814,144.0302,3:02:29:665293,0
238.4118,144.3217,3:02:29:669293,0
233.5423,144.584,3:02:29:673291,0
228.8203,144.7881,3:02:29:677403,0
224.0737,144.9921,3:02:29:681297,0
219.4746,144.9921,3:02:29:685291,0
215.1953,144.9921,3:02:29:690034,0
210.9898,144.9921,3:02:29:693189,0
206.7843,144.9921,3:02:29:698092,0
202.7263,144.9921,3:02:29:701608,0
198.9142,144.0885,3:02:29:706089,0
195.176,144.0885,3:02:29:710107,0
191.5607,143.4763,3:02:29:713731,0
188.1914,143.4763,3:02:29:717618,0
184.8958,142.6893,3:02:29:721618,0
181.7478,142.1646,3:02:29:725619,0
178.7966,142.1646,3:02:29:729618,0
175.9683,141.2901,3:02:29:735044,0
173.0662,140.9111,3:02:29:737044,0
170.4347,140.4447,3:02:29:742043,0
167.9015,140.0366,3:02:29:746064,0
165.4913,139.5119,3:02:29:750194,0
163.2533,139.1038,3:02:29:753207,0
161.212,138.6082,3:02:29:758088,0
159.2937,138.2001,3:02:29:762098,0
157.5968,137.7629,3:02:29:765491,0
156.1703,137.2965,3:02:29:769481,0
154.7685,136.8884,3:02:29:773478,0
153.465,136.422,3:02:29:778476,0
152.2845,136.1888,3:02:29:781479,0
151.227,135.8681,3:02:29:785478,0
150.2924,135.6933,3:02:29:789488,0
149.3824,135.4601,3:02:29:794082,0
148.3741,135.3143,3:02:29:797490,0
147.4887,135.2269,3:02:29:802039,0
146.6033,135.1394,3:02:29:805591,0
145.8655,135.1394,3:02:29:809994,0
145.1277,135.1394,3:02:29:813958,0
144.3899,135.1394,3:02:29:817961,0
143.6767,135.1394,3:02:29:821960,0
142.9881,135.1394,3:02:29:826001,0
142.447,135.7807,3:02:29:830007,0
141.9551,135.7807,3:02:29:833228,0
141.537,135.7807,3:02:29:837230,0
141.1435,136.3929,3:02:29:841227,0
140.8238,136.3929,3:02:29:845232,0
140.6763,136.3929,3:02:29:850083,0
140.5779,137.0633,3:02:29:853428,0
140.5779,137.0633,3:02:29:857428,0
140.5779,137.5005,3:02:29:861429,0
140.5779,137.5005,3:02:29:866426,0
140.5779,137.7921,3:02:29:869428,0
140.5779,137.7921,3:02:29:874341,1987
140.5779,137.7921,3:02:29:877351,1986
140.5779,137.7921,3:02:29:882078,1989
141.0697,137.7921,3:02:29:885088,2019
141.0697,137.1508,3:02:29:890754,2052
141.0697,137.1508,3:02:29:893754,2094
141.0697,137.1508,3:02:29:897879,2139
141.0697,136.5094,3:02:29:901756,2159
141.4878,136.5094,3:02:29:906082,2172
141.4878,136.5094,3:02:29:910092,2182
141.4878,136.5094,3:02:29:914125,2182
141.4878,136.5094,3:02:29:918126,2184
141.7338,136.5094,3:02:29:922126,2182
141.7338,136.5094,3:02:29:925124,2178
142.0043,136.5094,3:02:29:930083,2174
142.2748,136.5094,3:02:29:934093,2171
142.5208,136.1305,3:02:29:938091,2194
142.7667,136.1305,3:02:29:941093,2242
143.0864,136.1305,3:02:29:946353,2315
143.4799,135.839,3:02:29:949363,2409
144.021,135.6933,3:02:29:953365,2508
144.5867,135.5766,3:02:29:957366,2596
145.2507,135.4017,3:02:29:961365,2680
146.0377,135.256,3:02:29:965387,2749
147.0214,135.052,3:02:29:969253,2806
148.2019,134.8479,3:02:29:974268,2850
149.5054,134.6147,3:02:29:977784,2875
151.0302,134.3524,3:02:29:981795,2893
152.801,134.09,3:02:29:985806,2903
154.7931,133.7985,3:02:29:989794,2922
157.1049,133.507,3:02:29:993998,2951
159.6626,133.1281,3:02:29:998020,2981
162.5401,132.7782,3:02:30:002027,3013
165.6389,132.3701,3:02:30:005813,3039
169.0083,131.9329,3:02:30:010250,3059
172.6973,131.5248,3:02:30:013259,3076
176.6569,131.0293,3:02:30:018260,3102
180.8378,130.6212,3:02:30:021260,3126
185.2155,130.1839,3:02:30:025379,3154
189.7408,129.7466,3:02:30:029261,3187
194.4628,129.3677,3:02:30:034083,3212
199.4799,128.9888,3:02:30:038093,3240
204.743,128.6681,3:02:30:041238,3275
210.1044,128.3183,3:02:30:045238,3314
215.6626,128.0268,3:02:30:049239,3357
221.3438,127.7353,3:02:30:053238,3422
227.2216,127.4438,3:02:30:058042,3485
233.3701,127.1814,3:02:30:061952,3555
239.5923,126.8899,3:02:30:066252,3634
245.9375,126.6276,3:02:30:069264,3691
252.2335,126.3361,3:02:30:073553,3754
258.6525,126.0737,3:02:30:078104,3810
265.1206,125.8405,3:02:30:081953,3866
271.638,125.6365,3:02:30:085966,3928
278.0815,125.4033,3:02:30:089980,3990
284.4513,125.2576,3:02:30:093960,4049
290.7965,125.1118,3:02:30:097963,4095
297.0433,124.9952,3:02:30:101971,4134
303.2163,124.8786,3:02:30:105961,4167
309.2418,124.8494,3:02:30:109491,4198
314.9968,124.8203,3:02:30:113493,4230
320.4812,124.8203,3:02:30:117494,4258
325.8918,124.8203,3:02:30:121494,4279
330.9827,124.8203,3:02:30:125491,4295
335.7539,124.8203,3:02:30:130115,4314
340.3037,124.8203,3:02:30:133088,4327
344.4601,124.8203,3:02:30:138082,4337
348.2967,125.4907,3:02:30:142077,4348
351.8136,125.4907,3:02:30:146077,4346
354.9862,125.4907,3:02:30:150078,4349
357.7899,125.4907,3:02:30:154076,4349
360.2492,126.0446,3:02:30:158095,4353
362.4135,126.0446,3:02:30:162077,4357
364.2088,126.0446,3:02:30:166085,4355
365.6599,126.3361,3:02:30:170094,4359
366.8404,126.3361,3:02:30:173468,4357
367.7749,126.3361,3:02:30:178479,4360
368.5374,126.3361,3:02:30:181480,4378
369.0292,126.511,3:02:30:186476,4411
369.3489,126.511,3:02:30:190088,4469
369.4965,126.511,3:02:30:194096,4550
369.5703,126.511,3:02:30:198758,4644
369.5949,126.511,3:02:30:201768,4737
369.5949,126.511,3:02:30:205841,4805
369.5949,126.511,3:02:30:209768,4849
369.5949,126.511,3:02:30:213768,4869
369.5949,126.511,3:02:30:217768,4866
369.0538,125.8988,3:02:30:222154,4865
369.0538,125.8988,3:02:30:225167,4859
369.0538,125.8988,3:02:30:229812,4836
368.3652,125.2284,3:02:30:233747,4788
368.3652,125.2284,3:02:30:237752,4702
367.8487,124.7037,3:02:30:241738,4568
367.8487,124.7037,3:02:30:245889,4391
367.3322,124.3248,3:02:30:249895,4159
367.3322,124.3248,3:02:30:254083,3859
366.865,124.0332,3:02:30:258091,3491
366.619,124.0332,3:02:30:262093,3034
366.3977,124.0332,3:02:30:266090,2465
366.1272,124.0332,3:02:30:270093,1692
365.8812,124.0332,3:02:30:273091,982
365.5123,124.0332,3:02:30:278100,420
365.0696,124.0332,3:02:30:282093,0
364.6269,124.762,3:02:30:286108,0
364.1597,124.762,3:02:30:289116,0
363.717,124.762,3:02:30:293443,0
363.2005,124.762,3:02:30:297443,0
362.5119,124.762,3:02:30:302442,0
361.7249,123.9458,3:02:30:305442,0
360.9133,123.9458,3:02:30:310091,0
360.0033,122.634,3:02:30:313101,0
358.9458,121.8178,3:02:30:318028,0
357.6669,121.0308,3:02:30:321476,0
357.6669,121.0308,3:02:30:339536,0
