192.4215,150.3848,2:29:47:860233,0
193.3315,150.3848,2:29:47:863242,0
194.1185,150.3848,2:29:47:868244,0
195.1514,150.3848,2:29:47:871246,0
196.3565,150.3848,2:29:47:876244,0
197.7583,150.3848,2:29:47:879243,0
199.1356,150.3848,2:29:47:884290,0
200.6112,151.4051,2:29:47:887296,0
202.2098,152.2504,2:29:47:891953,0
202.8492,153.5039,2:29:47:895482,0
203.8084,154.7574,2:29:47:899499,0
204.4478,156.0691,2:29:47:903482,0
204.9889,157.3226,2:29:47:907482,0
205.2594,158.4886,2:29:47:911807,0
205.7267,159.6546,2:29:47:915494,0
206.1202,160.6456,2:29:47:920048,0
206.317,161.5784,2:29:47:923047,0
206.5137,162.4238,2:29:47:928046,0
206.6367,163.2108,2:29:47:931047,0
206.6367,163.9688,2:29:47:936091,0
206.6367,164.7267,2:29:47:939101,0
206.6367,165.5428,2:29:47:944102,0
206.6367,166.3008,2:29:47:947101,0
206.6367,167.1169,2:29:47:952296,0
206.6367,167.904,2:29:47:955306,0
206.6367,168.7202,2:29:47:959327,0
206.6367,169.5656,2:29:47:963306,0
206.6367,170.3526,2:29:47:968326,0
207.6942,171.0813,2:29:47:971305,0
208.4566,171.8392,2:29:47:975306,0
209.2436,172.4805,2:29:47:980029,0
210.129,173.1219,2:29:47:983040,0
211.039,173.7632,2:29:47:987256,0
211.8014,174.317,2:29:47:991260,0
212.4162,174.8125,2:29:47:995258,0
213.0065,175.3372,2:29:47:999257,0
213.4246,175.862,2:29:48:003257,0
213.4246,176.2409,2:29:48:007787,0
213.6705,176.5907,2:29:48:010800,0
213.6705,176.9697,2:29:48:015735,0
213.6705,177.3777,2:29:48:019744,0
212.9573,177.7276,2:29:48:023746,0
212.9573,178.0773,2:29:48:027746,0
212.0473,178.4854,2:29:48:031746,0
211.4817,178.8353,2:29:48:035745,0
210.793,179.2433,2:29:48:039898,0
210.1782,179.6806,2:29:48:042908,0
209.5633,180.0887,2:29:48:047908,0
208.9731,180.4385,2:29:48:050909,0
208.4566,180.9341,2:29:48:055909,0
207.9402,181.3713,2:29:48:058908,0
207.5467,181.7502,2:29:48:064018,0
207.1777,182.1292,2:29:48:067029,0
207.1777,182.5956,2:29:48:072149,0
206.858,183.0329,2:29:48:075161,0
206.858,183.5576,2:29:48:079313,0
206.7105,184.0531,2:29:48:083158,0
206.7105,184.4029,2:29:48:087160,0
206.5875,184.7818,2:29:48:091159,0
206.5383,185.1317,2:29:48:096225,0
206.5383,185.3649,2:29:48:099627,0
206.5383,185.5689,2:29:48:103713,0
206.5383,185.6855,2:29:48:107626,0
206.5383,185.6855,2:29:48:111629,0
206.5383,185.6855,2:29:48:115628,0
206.5383,185.6855,2:29:48:119944,0
207.0794,185.6855,2:29:48:123196,0
207.0794,184.9276,2:29:48:128018,0
207.0794,184.9276,2:29:48:131029,0
207.5958,184.3446,2:29:48:135946,0
207.5958,184.3446,2:29:48:138959,0
208.1369,183.645,2:29:48:143325,0
208.4566,183.645,2:29:48:147336,0
208.7518,182.8871,2:29:48:152336,0
209.1452,182.479,2:29:48:155336,0
209.5142,182.0709,2:29:48:160037,0
209.9568,181.6628,2:29:48:163047,0
210.4241,181.3713,2:29:48:167054,0
210.8914,181.0506,2:29:48:171050,0
211.3833,180.7592,2:29:48:176049,0
211.8506,180.4093,2:29:48:179051,0
212.3178,180.147,2:29:48:183976,0
212.7605,179.8846,2:29:48:186976,0
213.1294,179.7097,2:29:48:191897,0
213.4738,179.564,2:29:48:194910,0
213.7689,179.3308,2:29:48:199799,0
213.9902,179.1268,2:29:48:202810,0
214.1624,178.9227,2:29:48:207833,0
214.3591,178.7769,2:29:48:211812,0
214.5067,178.6021,2:29:48:215814,0
214.7034,178.4563,2:29:48:218809,0
214.8756,178.2814,2:29:48:223875,0
215.0723,177.9608,2:29:48:226924,0
215.2937,177.7276,2:29:48:232146,0
215.515,177.4944,2:29:48:235158,0
215.6872,177.2029,2:29:48:239168,0
215.9085,176.853,2:29:48:243156,0
216.1053,176.4449,2:29:48:247311,0
216.2528,176.0368,2:29:48:251158,0
216.4496,175.5996,2:29:48:256248,0
216.5972,175.1624,2:29:48:259066,0
216.7939,174.7542,2:29:48:264066,0
216.9661,174.2296,2:29:48:268064,0
217.1628,173.8214,2:29:48:272065,0
217.3104,173.3842,2:29:48:275066,0
217.5071,173.0052,2:29:48:280025,0
217.6547,172.5972,2:29:48:283323,0
217.8268,172.3056,2:29:48:288210,0
217.9744,172.0141,2:29:48:291223,0
218.0974,171.7227,2:29:48:295437,0
218.2203,171.4312,2:29:48:299220,0
218.3433,171.1688,2:29:48:303286,0
218.4663,170.9064,2:29:48:307220,0
218.5647,170.6441,2:29:48:311953,0
218.6876,170.3817,2:29:48:315335,0
218.786,170.1485,2:29:48:319952,0
218.909,169.9153,2:29:48:322964,0
218.9828,169.653,2:29:48:327985,0
219.0811,169.4198,2:29:48:330996,0
219.1303,169.1575,2:29:48:336241,0
219.2041,168.8951,2:29:48:339250,0
219.2287,168.6328,2:29:48:343827,0
219.2533,168.3704,2:29:48:346840,0
219.2533,168.0789,2:29:48:352856,0
219.2779,167.8165,2:29:48:355841,0
219.3271,167.5833,2:29:48:359998,0
219.3517,167.321,2:29:48:363007,0
219.3763,167.1169,2:29:48:368008,0
219.4254,166.9129,2:29:48:371006,0
219.4992,166.7088,2:29:48:376010,0
219.5976,166.5631,2:29:48:379009,0
219.7206,166.4173,2:29:48:384105,0
219.8189,166.3008,2:29:48:387105,0
219.9173,166.2133,2:29:48:392098,0
219.9665,166.1259,2:29:48:395105,0
220.0403,165.9801,2:29:48:399359,0
220.0649,165.8635,2:29:48:403261,0
220.0895,165.6886,2:29:48:407275,833
220.0895,165.4845,2:29:48:411261,859
220.0895,165.2805,2:29:48:415878,916
220.0895,165.0181,2:29:48:419332,1017
220.0895,164.7558,2:29:48:424025,1147
220.0895,164.4935,2:29:48:427035,1310
220.0895,164.202,2:29:48:431351,1469
220.0895,163.9688,2:29:48:435350,1614
220.0895,163.7647,2:29:48:439350,1759
220.0895,163.5315,2:29:48:443361,1881
220.0895,163.3857,2:29:48:447680,1988
220.0895,163.24,2:29:48:451691,2088
220.0895,163.1234,2:29:48:455760,2160
220.0895,163.0651,2:29:48:459689,2200
220.0895,162.9776,2:29:48:463690,2226
220.0895,162.9776,2:29:48:467701,2225
220.0895,162.9776,2:29:48:471950,2232
220.483,162.9776,2:29:48:474965,2248
220.483,162.9776,2:29:48:479978,2281
220.483,162.9776,2:29:48:482989,2339
220.9503,163.7939,2:29:48:488254,2403
221.2208,163.7939,2:29:48:491770,2462
221.5159,164.9016,2:29:48:495770,2526
221.8848,165.6886,2:29:48:499770,2583
222.2537,166.6505,2:29:48:503780,2649
222.6226,167.7583,2:29:48:506770,2730
222.9669,168.9825,2:29:48:511934,2795
223.2867,170.4109,2:29:48:514944,2856
223.5326,172.0141,2:29:48:519813,2900
223.7539,173.7048,2:29:48:522814,2943
223.9507,175.6288,2:29:48:527813,2986
224.0983,177.7567,2:29:48:530816,3026
224.172,180.0013,2:29:48:535688,3060
224.2212,182.4498,2:29:48:539040,3074
224.2458,184.9568,2:29:48:543038,3087
224.295,187.5511,2:29:48:547039,3098
224.3196,190.1454,2:29:48:552037,3106
224.3196,192.7398,2:29:48:556053,3119
224.3196,195.2467,2:29:48:559907,3129
224.3442,197.637,2:29:48:562914,3136
224.3688,199.8524,2:29:48:567914,3141
224.5163,201.922,2:29:48:570913,3144
224.6393,203.8751,2:29:48:575782,3145
224.8115,205.7115,2:29:48:579792,3151
225.0082,207.4023,2:29:48:584204,3159
225.205,209.0055,2:29:48:587217,3167
225.4509,210.463,2:29:48:592194,3183
225.7214,211.8913,2:29:48:595203,3197
225.9674,213.1448,2:29:48:599368,3214
226.2133,214.2525,2:29:48:603207,3230
226.4838,215.1853,2:29:48:607219,3240
226.7298,216.0015,2:29:48:611204,3250
226.9019,216.7011,2:29:48:615921,3259
227.1233,217.2549,2:29:48:618928,3269
227.2954,217.6339,2:29:48:624025,3284
227.3692,217.9254,2:29:48:627024,3317
227.4922,218.0712,2:29:48:632024,3387
227.566,218.1295,2:29:48:635024,3475
227.6398,218.1295,2:29:48:639576,3564
227.6889,218.1295,2:29:48:643574,3630
227.7873,218.1295,2:29:48:647743,3651
227.8857,217.1675,2:29:48:651574,3657
228.0087,216.5553,2:29:48:655439,3654
228.1316,215.6517,2:29:48:659450,3651
228.23,214.5732,2:29:48:663665,3650
228.2792,213.3197,2:29:48:667450,3645
228.2792,211.8913,2:29:48:671837,3638
228.2792,210.2589,2:29:48:674847,3628
228.2792,208.5974,2:29:48:679692,3620
227.5414,206.8775,2:29:48:683481,3611
226.9757,205.1577,2:29:48:687586,3601
226.2133,203.4087,2:29:48:691477,3593
225.2787,201.6888,2:29:48:695476,3585
224.172,200.0273,2:29:48:699476,3579
222.9178,198.3949,2:29:48:703747,3575
221.4421,196.8499,2:29:48:706757,3571
219.8435,195.3633,2:29:48:711014,3563
218.0974,193.9933,2:29:48:716014,3557
216.2037,192.7398,2:29:48:719060,3557
214.187,191.5155,2:29:48:723012,3553
212.1703,190.437,2:29:48:727696,3551
210.1044,189.475,2:29:48:731025,3547
207.9893,188.7171,2:29:48:735445,3538
205.8251,188.0466,2:29:48:739450,3536
203.71,187.5511,2:29:48:743445,3534
201.6196,187.143,2:29:48:747445,3531
199.5537,186.9389,2:29:48:751104,3529
197.5616,186.8515,2:29:48:755478,3531
195.5203,186.8515,2:29:48:759448,3531
193.5282,186.8515,2:29:48:763455,3533
191.5853,186.8515,2:29:48:768085,3531
189.7654,187.9009,2:29:48:771071,3527
187.9946,187.9009,2:29:48:775195,3527
186.3468,189.2126,2:29:48:779072,3524
184.7974,190.0289,2:29:48:783160,3528
183.3956,190.9908,2:29:48:787074,3528
182.1413,192.1277,2:29:48:791750,3530
181.0592,193.3811,2:29:48:795760,3538
180.1246,194.7511,2:29:48:799700,3547
179.3622,196.2961,2:29:48:803220,3557
178.772,197.9285,2:29:48:807378,3569
178.4031,199.6775,2:29:48:811290,3572
178.1817,201.4848,2:29:48:815257,3576
178.1571,203.3212,2:29:48:819267,3583
178.1571,205.216,2:29:48:823745,3587
178.1571,207.0816,2:29:48:826757,3595
178.9441,208.918,2:29:48:831772,3599
178.9441,210.7253,2:29:48:835757,3606
180.1,212.416,2:29:48:838880,3616
180.8132,214.0193,2:29:48:842883,3622
181.6248,215.6517,2:29:48:846879,3628
182.4364,217.2258,2:29:48:850887,3593
183.248,218.6833,2:29:48:855259,3516
184.0596,220.0242,2:29:48:859272,3410
184.8712,221.336,2:29:48:863343,3250
185.6582,222.502,2:29:48:869269,3081
186.3714,223.5805,2:29:48:873139,2882
187.0355,224.4841,2:29:48:875149,2644
187.6257,225.0963,2:29:48:879148,2371
188.2652,225.5336,2:29:48:883786,2016
188.9292,225.6793,2:29:48:886796,1568
189.6424,225.6793,2:29:48:891795,1025
190.4048,225.6793,2:29:48:894797,552
191.1672,224.076,2:29:48:899973,204
192.028,222.8809,2:29:48:902987,0
192.8888,221.336,2:29:48:906983,0
193.7742,219.3537,2:29:48:910983,0
194.6841,217.0217,2:29:48:914995,0
195.5203,214.2816,2:29:48:918984,0
196.3073,211.2209,2:29:48:923744,0
196.9959,207.7812,2:29:48:927763,0
197.6846,203.9334,2:29:48:931742,0
198.2994,199.5609,2:29:48:934752,0
198.8897,194.9552,2:29:48:939752,0
199.4307,190.1163,2:29:48:943752,0
199.9226,185.1899,2:29:48:947765,0
200.4145,180.351,2:29:48:950752,0
200.9555,175.6288,2:29:48:955694,0
201.4966,171.2271,2:29:48:959458,0
202.0131,167.2044,2:29:48:963688,0
202.5787,163.6189,2:29:48:967024,0
203.1198,160.4124,2:29:48:971502,0
203.71,157.614,2:29:48:975508,0
204.1773,155.1071,2:29:48:979688,0
204.6692,152.8335,2:29:48:983201,0
205.0873,150.7638,2:29:48:987206,0
205.4808,148.8982,2:29:48:991203,0
205.9235,147.1783,2:29:48:995289,0
206.4153,145.5751,2:29:48:999203,0
206.9564,144.0593,2:29:49:003295,0
207.4729,142.6601,2:29:49:007242,0
208.1369,141.3192,2:29:49:011222,0
208.8501,140.0658,2:29:49:015254,0
209.7109,138.8706,2:29:49:019749,0
210.5717,137.7337,2:29:49:023762,0
211.4817,136.6844,2:29:49:027759,0
212.4162,135.7224,2:29:49:030771,0
213.3262,134.8479,2:29:49:035760,0
214.2608,134.0025,2:29:49:039762,0
215.1953,133.2446,2:29:49:043807,0
216.1299,132.6325,2:29:49:046814,0
217.0152,132.0786,2:29:49:050827,0
217.876,131.6122,2:29:49:055845,0
218.663,131.2916,2:29:49:059756,0
219.3271,131.0293,2:29:49:063084,0
219.8927,130.8544,2:29:49:067680,0
220.36,130.7086,2:29:49:071074,0
220.6551,130.6212,2:29:49:075259,1097
220.8765,130.5629,2:29:49:079250,1100
220.9994,130.5045,2:29:49:083250,1108
221.0486,130.4754,2:29:49:087253,1115
221.0486,130.4754,2:29:49:091744,1115
221.0486,130.4462,2:29:49:095259,1115
221.0486,130.4462,2:29:49:099472,1131
221.0486,130.4462,2:29:49:103470,1163
221.0486,130.4462,2:29:49:107471,1227
220.4338,130.4462,2:29:49:112469,1312
220.4338,130.4462,2:29:49:115470,1412
220.4338,131.2916,2:29:49:119751,1519
219.8435,131.2916,2:29:49:123293,1623
219.8435,131.8454,2:29:49:127057,1717
219.3763,131.8454,2:29:49:131057,1794
219.3763,132.3993,2:29:49:135105,1878
218.8844,132.3993,2:29:49:139057,1954
218.6384,132.924,2:29:49:143057,2035
218.4171,132.924,2:29:49:148057,2118
218.0974,133.3029,2:29:49:151745,2180
217.8022,133.3029,2:29:49:155754,2237
217.3842,133.5361,2:29:49:158805,2278
216.9169,133.5361,2:29:49:163813,2299
216.3266,133.5361,2:29:49:167814,2315
215.6134,133.5361,2:29:49:170823,2323
214.7526,133.5361,2:29:49:175748,2327
213.8427,133.5361,2:29:49:179756,2333
212.7851,133.5361,2:29:49:183752,2332
211.6784,132.7782,2:29:49:186764,2329
210.4733,132.7782,2:29:49:191761,2330
209.3912,131.9329,2:29:49:195771,2331
208.2845,131.3499,2:29:49:199760,2334
207.2761,130.7377,2:29:49:203764,2331
206.2678,129.9798,2:29:49:207756,2326
205.3332,129.222,2:29:49:210766,2317
204.5462,128.3766,2:29:49:215433,2308
203.833,127.4438,2:29:49:219403,2308
203.2673,126.4818,2:29:49:223424,2306
202.7263,125.4907,2:29:49:227405,2301
202.3574,124.4414,2:29:49:231746,2304
202.0131,123.4502,2:29:49:235755,2301
201.8655,122.43,2:29:49:239753,2295
201.7917,121.4389,2:29:49:243754,2292
201.7917,120.5061,2:29:49:247911,2284
201.7917,119.6899,2:29:49:251919,2276
201.7917,118.8737,2:29:49:254898,2270
202.6033,118.1741,2:29:49:258899,2261
202.6033,117.562,2:29:49:263563,2259
203.6362,116.9498,2:29:49:268574,2260
204.2757,116.4834,2:29:49:271905,2262
204.9889,116.1044,2:29:49:274934,2267
205.8251,115.8421,2:29:49:279746,2262
206.7351,115.6964,2:29:49:283756,2262
207.645,115.6964,2:29:49:287755,2263
208.6288,115.6964,2:29:49:291757,2265
209.6617,115.6964,2:29:49:295900,2267
210.7193,116.5417,2:29:49:298946,2270
211.826,116.5417,2:29:49:303962,2274
212.8835,117.97,2:29:49:306975,2280
213.9164,118.932,2:29:49:310971,2289
214.9248,120.0106,2:29:49:314972,2310
215.8839,121.2932,2:29:49:318998,2349
216.7939,122.7506,2:29:49:323975,2399
217.6055,124.3248,2:29:49:327106,2471
218.3925,126.0446,2:29:49:331108,2546
219.0073,127.8811,2:29:49:335223,2619
219.573,129.8341,2:29:49:339221,2699
220.0649,131.9329,2:29:49:343223,2757
220.4338,134.09,2:29:49:347221,2802
220.7535,136.2762,2:29:49:351101,2839
220.9994,138.6665,2:29:49:355114,2863
221.2208,141.1443,2:29:49:359111,2890
221.4421,143.6803,2:29:49:363114,2913
221.6635,146.2455,2:29:49:367434,2927
221.9094,148.8107,2:29:49:371447,2934
222.1553,151.2885,2:29:49:376456,2941
222.4996,153.6788,2:29:49:379443,2949
222.8932,156.0691,2:29:49:383923,2957
223.3112,158.1679,2:29:49:386933,2968
223.8277,160.0918,2:29:49:391268,2976
224.3442,161.7825,2:29:49:395291,2980
224.9344,163.3566,2:29:49:399266,2986
225.5739,164.7558,2:29:49:403266,2989
226.1887,166.0092,2:29:49:407267,2993
226.8282,167.1169,2:29:49:411267,2999
227.4184,168.1372,2:29:49:415294,2999
227.9841,168.9825,2:29:49:419278,3001
228.5743,169.6821,2:29:49:423279,2997
229.0908,170.3235,2:29:49:427279,2971
229.6073,170.819,2:29:49:431747,2895
230.0253,171.2271,2:29:49:435757,2758
230.468,171.5186,2:29:49:439555,2529
230.8861,171.7227,2:29:49:443552,2163
231.3042,171.7809,2:29:49:447579,1640
231.7469,171.7809,2:29:49:451552,1026
232.1896,171.7809,2:29:49:455264,509
232.6815,171.7809,2:29:49:459275,0
233.3209,170.6732,2:29:49:463597,0
234.0095,170.6732,2:29:49:467632,0
234.6982,169.4489,2:29:49:471183,0
235.5343,168.7785,2:29:49:475144,0
236.4443,168.1372,2:29:49:479208,0
237.3789,167.5251,2:29:49:483144,0
238.4364,167.0878,2:29:49:487741,0
239.4939,166.6797,2:29:49:491753,0
240.6007,166.6797,2:29:49:495741,0
241.7566,166.6797,2:29:49:499106,0
243.06,166.6797,2:29:49:503179,0
244.4127,166.6797,2:29:49:507100,0
245.8637,166.6797,2:29:49:511200,0
247.4377,167.4668,2:29:49:515077,0
249.0855,167.4668,2:29:49:519105,0
250.93,168.7493,2:29:49:523087,0
252.9959,169.5656,2:29:49:527138,0
255.2094,170.5275,2:29:49:531090,0
257.6441,171.5769,2:29:49:535236,0
260.0543,172.7137,2:29:49:539280,0
262.6367,173.938,2:29:49:543739,0
265.2928,175.2789,2:29:49:547085,0
267.9735,176.5907,2:29:49:551658,0
270.5804,177.8733,2:29:49:555642,0
273.0398,179.2433,2:29:49:559643,0
275.327,180.5551,2:29:49:563643,0
277.3191,181.8669,2:29:49:567742,0
279.262,183.1494,2:29:49:571753,0
280.9098,184.3446,2:29:49:575739,0
282.3116,185.4523,2:29:49:579751,0
283.5168,186.5891,2:29:49:583650,0
284.4513,187.7551,2:29:49:587653,0
285.1891,188.7754,2:29:49:591652,0
285.7548,189.7374,2:29:49:595662,0
286.1729,190.641,2:29:49:599742,0
286.3942,191.4863,2:29:49:603752,0
286.4434,192.3026,2:29:49:607763,0
286.4434,192.973,2:29:49:611773,0
286.4434,193.5851,2:29:49:615831,0
285.7056,194.139,2:29:49:618829,0
285.7056,194.6346,2:29:49:623827,0
284.5743,195.0426,2:29:49:626828,0
283.9102,195.4216,2:29:49:631744,0
283.2216,195.7131,2:29:49:635755,0
282.5084,195.9171,2:29:49:640063,0
281.7952,196.1212,2:29:49:644080,0
281.0328,196.2378,2:29:49:647191,0
280.3195,196.3253,2:29:49:651078,0
279.5818,196.4127,2:29:49:655219,0
278.7947,196.4127,2:29:49:659229,0
278.0078,196.4127,2:29:49:663744,0
277.1716,196.4127,2:29:49:667763,0
276.3354,196.4127,2:29:49:672121,0
275.4254,196.4127,2:29:49:675650,0
274.4908,196.4127,2:29:49:679340,0
273.6055,195.7714,2:29:49:683293,0
272.6709,195.7714,2:29:49:687292,0
271.7609,195.7714,2:29:49:691289,0
270.9247,195.0718,2:29:49:695749,0
270.0886,195.0718,2:29:49:699760,0
269.277,194.4888,2:29:49:703770,0
268.5392,194.4888,2:29:49:707772,0
267.8505,193.9641,2:29:49:711777,0
267.2111,193.9641,2:29:49:715784,0
266.67,193.5269,2:29:49:719804,0
266.2028,193.5269,2:29:49:723804,0
265.7601,193.2645,2:29:49:727803,0
265.5141,193.2645,2:29:49:731820,0
265.3666,193.1187,2:29:49:735745,0
265.2682,192.9147,2:29:49:739756,1422
265.2682,192.7106,2:29:49:743748,1417
265.2682,192.4774,2:29:49:746759,1417
265.2682,192.3026,2:29:49:751760,1422
265.2682,192.0694,2:29:49:754761,1447
265.2682,191.807,2:29:49:759759,1496
265.2682,191.5446,2:29:49:763761,1554
265.7601,191.3989,2:29:49:767784,1626
265.7601,191.3406,2:29:49:770794,1682
265.7601,191.3406,2:29:49:775961,1738
265.7601,191.3406,2:29:49:778961,1806
265.7601,191.3406,2:29:49:782963,1886
265.7601,191.3406,2:29:49:787961,1999
266.1782,191.3406,2:29:49:790961,2116
266.1782,192.0402,2:29:49:795642,2228
266.4487,192.0402,2:29:49:799650,2323
266.4487,192.769,2:29:49:802962,2411
266.8914,193.3811,2:29:49:806959,2497
267.1127,194.0807,2:29:49:811560,2575
267.4324,194.9261,2:29:49:815449,2650
267.6784,195.9171,2:29:49:819576,2707
267.8505,197.0248,2:29:49:823447,2745
268.0719,198.3074,2:29:49:827752,2786
268.244,199.6775,2:29:49:831764,2815
268.367,201.0767,2:29:49:835809,2835
268.4654,202.5051,2:29:49:839809,2851
268.5146,203.9626,2:29:49:842808,2860
268.5392,205.4492,2:29:49:846809,2866
268.5883,206.8484,2:29:49:851104,2874
268.6129,208.2184,2:29:49:855115,2881
268.7113,209.5593,2:29:49:859437,2885
268.8343,210.8128,2:29:49:863449,2894
269.0556,212.0663,2:29:49:867546,2900
269.277,213.2031,2:29:49:871549,2906
269.6213,214.2816,2:29:49:875545,2912
270.0148,215.2436,2:29:49:879545,2916
270.5067,216.1764,2:29:49:883523,2921
271.0969,217.0217,2:29:49:887558,2923
271.7609,217.7796,2:29:49:892618,2933
272.4742,218.3918,2:29:49:895617,2934
273.2857,218.8873,2:29:49:899620,2935
274.2203,219.1788,2:29:49:903618,2940
275.2041,219.412,2:29:49:907722,2936
276.2616,219.412,2:29:49:911621,2937
277.4175,219.412,2:29:49:915617,2939
278.598,219.412,2:29:49:919625,2940
279.8277,218.3918,2:29:49:923625,2939
281.0082,217.6922,2:29:49:927627,2939
282.1641,216.876,2:29:49:931627,2935
283.197,215.8557,2:29:49:936629,2932
284.107,214.6897,2:29:49:939627,2929
284.894,213.4655,2:29:49:943626,2924
285.4351,212.0954,2:29:49:947625,2919
285.7794,210.6379,2:29:49:951628,2913
285.9761,209.0929,2:29:49:955635,2907
285.9761,207.5188,2:29:49:959642,2901
285.9761,205.9156,2:29:49:963603,2894
285.9761,204.3707,2:29:49:967642,2889
285.0662,202.8257,2:29:49:971687,2886
285.0662,201.3391,2:29:49:975698,2886
283.9102,199.8815,2:29:49:979695,2886
283.2216,198.5115,2:29:49:983696,2888
282.533,197.2289,2:29:49:987710,2883
281.8198,196.0046,2:29:49:991722,2879
281.1312,194.8678,2:29:49:995687,2878
280.4671,193.7309,2:29:49:999698,2875
279.9261,192.7398,2:29:50:003732,2876
279.4096,191.8653,2:29:50:007742,2878
279.0161,190.9908,2:29:50:011085,2875
278.721,190.2038,2:29:50:015083,2872
278.721,189.4167,2:29:50:019089,2866
278.5488,188.6588,2:29:50:024085,2859
278.5488,187.9301,2:29:50:027799,2856
278.5488,187.2305,2:29:50:030819,2846
279.5326,186.4142,2:29:50:034809,2845
280.295,185.6272,2:29:50:038809,2841
281.2541,184.8693,2:29:50:043809,2840
282.41,184.1114,2:29:50:046809,2842
283.8119,183.3826,2:29:50:051099,2839
285.3859,182.7122,2:29:50:056112,2840
287.0583,182.1584,2:29:50:058799,2834
288.829,181.7794,2:29:50:063829,2830
290.6244,181.517,2:29:50:067825,2830
292.4197,181.4588,2:29:50:071839,2830
294.1167,181.4588,2:29:50:075825,2834
295.8874,181.4588,2:29:50:079874,2842
297.5352,182.3041,2:29:50:083688,2845
299.1584,182.9745,2:29:50:087699,2851
300.6832,183.7908,2:29:50:091689,2858
302.1588,184.6653,2:29:50:094805,2861
303.5115,185.7729,2:29:50:099731,2864
304.7903,186.9389,2:29:50:103731,2864
305.9709,188.1633,2:29:50:107731,2865
307.0038,189.4167,2:29:50:110729,2871
307.9138,190.7867,2:29:50:115746,2875
308.627,192.1568,2:29:50:118759,2883
309.1926,193.556,2:29:50:123881,2895
309.5615,195.0426,2:29:50:126865,2905
309.8075,196.5293,2:29:50:132219,2921
309.9305,198.0742,2:29:50:135219,2940
309.955,199.6192,2:29:50:139217,2953
309.955,201.135,2:29:50:143217,2968
309.955,202.6216,2:29:50:146924,2980
309.955,204.0208,2:29:50:151937,2990
309.3648,205.3618,2:29:50:154934,2999
309.3648,206.5569,2:29:50:159935,3005
309.3648,207.6938,2:29:50:163940,3011
309.3648,208.714,2:29:50:166946,3015
308.8729,209.5885,2:29:50:171742,3015
308.8729,210.3172,2:29:50:175754,3017
308.8729,210.9294,2:29:50:179751,3020
308.8729,211.3958,2:29:50:182754,3019
308.8729,211.7747,2:29:50:187751,3027
308.8729,212.0663,2:29:50:190755,3084
308.8729,212.212,2:29:50:195940,3184
308.8729,212.3286,2:29:50:198950,3306
308.8729,212.3286,2:29:50:202953,3419
308.8729,212.3286,2:29:50:206950,3483
308.8729,212.3286,2:29:50:211030,3500
308.8729,211.3375,2:29:50:214950,3498
308.8729,210.6962,2:29:50:219810,3495
308.8729,209.88,2:29:50:223820,3491
308.8729,208.8598,2:29:50:227820,3486
308.8729,207.5771,2:29:50:230820,3480
308.4056,206.1196,2:29:50:235820,3476
308.4056,204.3998,2:29:50:238820,3471
308.4056,202.4176,2:29:50:243829,3462
308.4056,200.1147,2:29:50:246837,3450
308.4056,197.4038,2:29:50:250908,3432
308.9713,194.2847,2:29:50:254905,3423
308.9713,190.9617,2:29:50:258932,3418
309.6107,187.4637,2:29:50:263903,3408
310.078,183.7908,2:29:50:267924,3400
310.619,180.1178,2:29:50:270908,3379
311.1847,176.5324,2:29:50:275742,3362
311.7996,173.1219,2:29:50:279264,3354
312.3898,170.0611,2:29:50:283108,3362
313.0047,167.3793,2:29:50:287031,3395
313.5211,165.0473,2:29:50:291088,3436
314.0376,163.0943,2:29:50:295031,3485
314.4311,161.4327,2:29:50:299837,3523
314.7508,160.0918,2:29:50:302847,3540
314.9968,159.1007,2:29:50:307845,3551
315.1935,158.3136,2:29:50:310847,3559
315.2673,157.789,2:29:50:315846,3565
315.3657,157.4391,2:29:50:318847,3571
315.3903,157.1768,2:29:50:323773,3567
315.4394,157.0311,2:29:50:327781,3559
315.464,156.9436,2:29:50:331774,3548
315.464,156.9144,2:29:50:334773,3523
315.464,156.9144,2:29:50:339618,3471
315.464,156.9144,2:29:50:343631,3402
315.4886,156.9144,2:29:50:347155,3322
315.4886,156.9144,2:29:50:351155,3232
315.4886,156.9144,2:29:50:355193,3137
315.4886,157.5849,2:29:50:359155,3014
315.4886,157.5849,2:29:50:363818,2844
315.4886,158.2845,2:29:50:367826,2628
315.4886,158.2845,2:29:50:371828,2376
315.4886,159.3631,2:29:50:374860,2057
315.4886,160.0918,2:29:50:379828,1664
315.4886,160.9371,2:29:50:382828,1224
315.4886,161.8991,2:29:50:387742,735
314.9722,163.0068,2:29:50:391755,361
314.9722,164.2894,2:29:50:395756,0
314.4557,165.6886,2:29:50:399753,0
314.4557,167.2627,2:29:50:403740,0
313.9884,168.9534,2:29:50:407757,0
313.9884,170.7899,2:29:50:411757,0
313.9884,172.8012,2:29:50:414794,0
313.6933,174.9292,2:29:50:419721,0
313.6933,177.2612,2:29:50:423720,0
313.6933,179.7389,2:29:50:427721,0
313.6933,182.3333,2:29:50:431722,0
313.6933,185.0733,2:29:50:435482,0
313.6933,187.9009,2:29:50:439490,0
314.2097,190.6993,2:29:50:443509,0
314.2097,193.556,2:29:50:447491,0
314.2097,196.3835,2:29:50:451542,0
314.2097,199.1819,2:29:50:455491,0
314.2097,202.0095,2:29:50:459737,0
314.6524,204.8079,2:29:50:463754,0
314.6524,207.6355,2:29:50:466808,0
315.3411,210.4339,2:29:50:470792,0
315.8329,213.2614,2:29:50:475794,0
316.4232,216.0598,2:29:50:478793,0
317.0134,218.8291,2:29:50:483735,0
317.6529,221.54,2:29:50:486870,0
318.2185,224.1344,2:29:50:491666,0
318.7104,226.6413,2:29:50:495629,0
319.1285,229.1481,2:29:50:499628,0
319.4482,231.4801,2:29:50:503628,0
319.7433,233.6955,2:29:50:507736,0
319.9401,235.8235,2:29:50:511085,0
320.063,237.864,2:29:50:515085,0
320.186,239.8462,2:29:50:519114,0
320.2844,241.6826,2:29:50:523173,0
320.3336,243.4317,2:29:50:527188,0
320.432,245.064,2:29:50:531154,0
320.4566,246.6382,2:29:50:535152,0
320.4812,248.1539,2:29:50:539739,0
320.5303,249.6115,2:29:50:542754,0
320.5303,250.8649,2:29:50:547188,0
320.5303,251.9435,2:29:50:551113,0
320.5303,252.8179,2:29:50:555112,0
320.5303,253.5175,2:29:50:559110,1428
320.5303,254.1297,2:29:50:563739,1472
320.5303,254.5378,2:29:50:567758,1574
319.9893,254.8584,2:29:50:571034,1733
319.9893,255.0625,2:29:50:574999,1941
319.5466,255.2374,2:29:50:579004,2133
319.5466,255.4706,2:29:50:583000,2299
318.858,255.7621,2:29:50:587737,2428
318.3661,256.0536,2:29:50:591747,2529
317.7758,256.3451,2:29:50:595688,2609
317.0626,256.6075,2:29:50:599717,2675
316.3002,256.8406,2:29:50:603696,2731
315.5132,256.9864,2:29:50:607719,2772
314.677,257.1321,2:29:50:611698,2808
313.8409,257.1613,2:29:50:615698,2830
313.0047,257.1613,2:29:50:619563,2846
312.1931,257.1613,2:29:50:623562,2864
311.3323,257.1613,2:29:50:627666,2888
310.5945,256.3742,2:29:50:631565,2922
309.8075,256.3742,2:29:50:635690,2963
309.0942,255.558,2:29:50:639574,3009
308.4056,254.8876,2:29:50:643539,3053
307.7416,254.1297,2:29:50:647550,3094
307.1513,253.2843,2:29:50:651549,3123
306.6349,252.3515,2:29:50:655549,3146
306.2168,251.273,2:29:50:659549,3160
305.8725,250.1362,2:29:50:663549,3162
305.6757,248.8535,2:29:50:667536,3163
305.6265,247.5418,2:29:50:671562,3157
305.6265,246.2009,2:29:50:675749,3153
305.6265,244.9183,2:29:50:679759,3148
305.6265,243.5774,2:29:50:683685,3145
306.5365,242.2657,2:29:50:687691,3145
306.5365,241.0414,2:29:50:691737,3140
307.594,239.9045,2:29:50:695745,3129
308.2089,238.8842,2:29:50:699737,3121
308.9221,237.9806,2:29:50:703739,3113
309.7091,237.1935,2:29:50:707848,3114
310.5207,236.5814,2:29:50:710878,3122
311.4061,236.1441,2:29:50:715554,3116
312.3652,235.8235,2:29:50:719549,3116
313.349,235.6777,2:29:50:723550,3113
314.3327,235.6777,2:29:50:727551,3110
315.3165,235.6777,2:29:50:731646,3114
316.3248,235.6777,2:29:50:735552,3115
317.284,236.7271,2:29:50:739683,3121
318.1693,237.3393,2:29:50:743689,3127
319.0547,238.1263,2:29:50:747705,3139
319.8417,239.0591,2:29:50:751704,3154
320.5303,240.1377,2:29:50:755207,3176
321.1206,241.3037,2:29:50:759221,3204
321.6371,242.5863,2:29:50:763748,3231
322.0305,243.8981,2:29:50:767758,3263
322.3995,245.3555,2:29:50:771284,3289
322.7192,246.7839,2:29:50:775295,3322
322.9651,248.2997,2:29:50:779305,3358
323.2111,249.7863,2:29:50:783295,3394
323.5554,251.3022,2:29:50:787889,3422
323.9243,252.8179,2:29:50:790900,3445
324.4162,254.3338,2:29:50:795899,3466
325.031,255.937,2:29:50:798902,3480
325.6704,257.4528,2:29:50:803902,3495
326.482,258.9395,2:29:50:806913,3508
327.392,260.3678,2:29:50:811733,3518
328.3512,261.7961,2:29:50:814761,3529
329.4825,263.0787,2:29:50:819690,3537
330.663,264.2739,2:29:50:823600,3541
331.9172,265.3524,2:29:50:827600,3539
333.2453,266.227,2:29:50:831600,3536
334.6472,267.014,2:29:50:835676,3532
336.049,267.6262,2:29:50:839611,3534
337.5246,268.18,2:29:50:843563,3540
339.0248,268.6464,2:29:50:847569,3540
340.4267,268.9962,2:29:50:851568,3535
341.8039,269.2585,2:29:50:855569,3525
343.1074,269.4626,2:29:50:859569,3495
344.2879,269.55,2:29:50:863569,3426
345.3946,269.6083,2:29:50:867666,3322
346.3538,269.6083,2:29:50:871569,3152
347.1654,269.6083,2:29:50:875684,2933
347.854,269.6083,2:29:50:879581,2665
348.4196,269.6083,2:29:50:883608,2317
348.8623,268.559,2:29:50:888635,1832
349.1329,268.559,2:29:50:893209,1252
349.2804,267.4221,2:29:50:895208,705
349.2804,266.6059,2:29:50:899208,281
349.2804,265.6731,2:29:50:903210,0
349.2804,264.5654,2:29:50:907874,0
348.4196,263.2245,2:29:50:910884,0
347.7556,261.7087,2:29:50:914886,0
346.9194,260.0763,2:29:50:919886,0
345.8127,258.269,2:29:50:922904,0
344.4601,256.3159,2:29:50:926884,0
342.8123,254.188,2:29:50:931737,0
340.894,251.856,2:29:50:935067,0
338.7051,249.4366,2:29:50:939065,0
336.1966,246.7839,2:29:50:944073,0
333.4175,244.1313,2:29:50:947065,0
330.3187,241.3037,2:29:50:951065,0
327.0231,238.4762,2:29:50:955741,0
323.5308,235.5903,2:29:50:958751,0
319.8417,232.7336,2:29:50:963131,0
315.9313,229.9061,2:29:50:967150,0
311.8488,227.2242,2:29:50:971128,0
307.5694,224.5424,2:29:50:975129,0
303.1917,221.9772,2:29:50:979736,0
298.8141,219.4704,2:29:50:983745,0
294.338,217.0217,2:29:50:987792,0
289.7635,214.6606,2:29:50:991802,0
285.0908,212.3577,2:29:50:995802,0
280.5655,210.1423,2:29:50:999802,0
275.9419,207.9852,2:29:51:002897,0
271.4904,205.9156,2:29:51:007802,0
267.1127,203.8751,2:29:51:010926,0
262.8334,201.922,2:29:51:014937,0
258.6771,199.969,2:29:51:019734,0
254.6437,197.9576,2:29:51:023745,0
250.7825,195.9754,2:29:51:027760,0
247.0934,193.8475,2:29:51:031757,0
243.6011,191.7195,2:29:51:035757,0
240.2809,189.4167,2:29:51:039761,0
237.0592,187.143,2:29:51:043815,0
234.0341,184.811,2:29:51:046815,0
231.1567,182.5373,2:29:51:051129,0
228.5743,180.3802,2:29:51:055143,0
226.1395,178.4563,2:29:51:059450,0
223.8523,176.7365,2:29:51:063456,0
221.7372,175.3081,2:29:51:067462,0
219.7206,174.1712,2:29:51:071456,0
217.876,173.2384,2:29:51:075457,0
216.1299,172.5388,2:29:51:079456,0
214.3837,172.0724,2:29:51:083456,0
212.7605,171.7227,2:29:51:087456,0
211.2111,171.4312,2:29:51:091737,0
209.7355,171.1688,2:29:51:094750,0
208.4074,170.9356,2:29:51:099742,0
207.2023,170.7024,2:29:51:103771,0
206.0219,170.4984,2:29:51:107753,0
204.8905,170.3235,2:29:51:110757,0
203.8576,170.0028,2:29:51:115752,0
202.8247,169.7404,2:29:51:118753,0
201.8655,169.3907,2:29:51:123054,0
200.8326,168.9825,2:29:51:127052,0
199.8242,168.5453,2:29:51:131053,0
198.8651,167.9915,2:29:51:135052,0
197.9305,167.3793,2:29:51:139737,0
196.9467,166.7088,2:29:51:142748,0
196.0614,166.0384,2:29:51:147794,0
195.1022,165.3096,2:29:51:150797,0
194.1431,164.6392,2:29:51:155794,0
193.2085,164.0562,2:29:51:158794,0
192.2739,163.5607,2:29:51:163733,0
191.3148,163.24,2:29:51:167045,0
190.3556,163.0068,2:29:51:171738,0
189.4702,162.9485,2:29:51:174745,0
188.6095,162.9485,2:29:51:179748,0
187.7733,162.9485,2:29:51:182748,0
187.0601,162.9485,2:29:51:187759,0
186.3714,162.9485,2:29:51:190748,0
185.7812,163.7064,2:29:51:195736,0
185.3139,163.7064,2:29:51:199755,0
184.8958,163.7064,2:29:51:203743,0
184.5269,163.7064,2:29:51:207751,0
184.2318,163.7064,2:29:51:211752,0
184.035,163.7064,2:29:51:214754,0
183.8137,163.7064,2:29:51:220037,608
183.6169,163.7064,2:29:51:223047,608
183.4202,162.7153,2:29:51:227756,613
183.248,162.7153,2:29:51:231761,628
183.0513,161.8408,2:29:51:235225,644
182.8299,161.8408,2:29:51:239224,689
182.584,160.9663,2:29:51:243251,735
182.3627,160.9663,2:29:51:247224,804
182.1413,160.3833,2:29:51:251223,893
181.92,160.3833,2:29:51:255223,963
181.7232,160.3833,2:29:51:259668,1036
181.5019,160.0043,2:29:51:263701,1076
181.3051,160.0043,2:29:51:267689,1109
181.1822,160.0043,2:29:51:271363,1149
181.1084,160.0043,2:29:51:275689,1203
180.9854,160.0043,2:29:51:279700,1281
180.9854,160.0043,2:29:51:283697,1368
180.9854,160.0043,2:29:51:287709,1466
180.9854,160.7623,2:29:51:291740,1574
180.9854,160.7623,2:29:51:295760,1696
181.7232,161.3744,2:29:51:299743,1834
182.2643,161.3744,2:29:51:303752,1970
183.0513,162.1031,2:29:51:307755,2110
184.158,162.1031,2:29:51:311752,2229
185.4861,162.5695,2:29:51:315751,2336
187.183,162.5695,2:29:51:319752,2442
189.1751,162.5695,2:29:51:323864,2542
191.5115,162.5695,2:29:51:326875,2649
194.2414,162.5695,2:29:51:330874,2751
197.2419,162.5695,2:29:51:334874,2848
200.6358,162.5695,2:29:51:338874,2941
204.4232,161.5493,2:29:51:343873,3024
208.555,161.5493,2:29:51:346881,3104
213.0311,160.5874,2:29:51:351884,3173
217.8022,160.5874,2:29:51:354887,3223
222.8932,159.5963,2:29:51:359887,3270
228.3284,159.5963,2:29:51:363617,3313
234.1325,158.8383,2:29:51:367628,3348
240.1334,158.8383,2:29:51:371690,3391
246.208,158.4303,2:29:51:374935,3427
252.4303,158.4303,2:29:51:378981,3454
258.7755,158.4303,2:29:51:383999,3485
265.1944,158.4303,2:29:51:388991,3509
271.638,158.4303,2:29:51:390991,3530
277.9094,159.3631,2:29:51:395836,3548
283.8611,159.3631,2:29:51:398846,3557
289.5914,160.4124,2:29:51:403846,3571
295.125,161.0246,2:29:51:406849,3588
300.2897,161.6076,2:29:51:410849,3613
305.0363,162.1906,2:29:51:414866,3637
309.2664,162.7444,2:29:51:419852,3654
313.0538,163.2691,2:29:51:422858,3669
316.3002,163.7647,2:29:51:427054,3681
319.1531,164.1728,2:29:51:432085,3695
321.4649,164.4935,2:29:51:435054,3701
323.2603,164.7558,2:29:51:441052,3710
324.6867,164.7558,2:29:51:443054,3717
325.6458,165.1348,2:29:51:448054,3734
326.3345,165.1348,2:29:51:451043,3783
326.728,165.3096,2:29:51:455058,3859
327.0231,165.3096,2:29:51:459433,3961
327.1215,165.3971,2:29:51:463965,4074
327.1461,165.3971,2:29:51:466961,4184
327.1461,165.3971,2:29:51:471961,4273
327.1461,165.3971,2:29:51:475815,4347
327.1461,165.3971,2:29:51:478828,4404
327.1461,165.3971,2:29:51:483826,4439
327.1461,165.3971,2:29:51:486825,4461
327.1461,165.3971,2:29:51:491825,4467
327.1461,165.3971,2:29:51:495825,4469
327.1461,165.3971,2:29:51:499741,4466
327.1461,165.3971,2:29:51:503265,4461
327.1461,165.3971,2:29:51:507871,4458
327.1461,165.3971,2:29:51:510872,4442
327.1461,165.3971,2:29:51:515683,4396
327.1461,165.3971,2:29:51:519696,4314
327.1461,165.3971,2:29:51:523693,4191
327.1461,165.3971,2:29:51:527699,4009
327.1461,165.3971,2:29:51:531693,3780
327.1461,165.3971,2:29:51:535693,3486
327.1461,165.3971,2:29:51:540139,3117
327.1461,165.3971,2:29:51:543405,2638
327.1461,165.3971,2:29:51:547423,2003
327.1461,165.3971,2:29:51:551408,1265
327.1461,165.3971,2:29:51:555416,644
327.1461,165.3971,2:29:51:559406,0
326.3099,165.3971,2:29:51:563733,0
326.3099,165.3971,2:29:51:567592,0
325.2278,165.3971,2:29:51:571926,0
324.5145,165.3971,2:29:51:574937,0
323.6046,165.3971,2:29:51:579935,0
322.547,164.4352,2:29:51:583934,0
321.3419,163.7647,2:29:51:586936,0
320.0139,162.8319,2:29:51:590937,0
318.5874,161.6951,2:29:51:595734,0
316.9888,160.3542,2:29:51:599091,0
315.6608,159.0132,2:29:51:603736,0
315.6608,159.0132,2:29:51:621869,0
