372.128,239.7879,3:27:21:575251,0
372.128,239.7879,3:27:21:579279,0
372.128,239.7879,3:27:21:583488,0
371.3656,239.7879,3:27:21:586498,0
371.3656,239.7879,3:27:21:591498,0
370.6524,239.03,3:27:21:595497,0
370.6524,239.03,3:27:21:599498,0
369.7424,239.03,3:27:21:603513,0
369.226,238.2138,3:27:21:607497,0
369.226,238.2138,3:27:21:611481,0
368.316,237.7474,3:27:21:614490,0
367.7503,237.7474,3:27:21:618488,0
367.2093,237.7474,3:27:21:622490,0
366.4715,237.7474,3:27:21:626490,0
365.7828,237.7474,3:27:21:631547,0
365.0204,237.7474,3:27:21:635566,0
364.3072,237.7474,3:27:21:638590,0
363.594,237.7474,3:27:21:642557,0
363.0038,238.5636,3:27:21:646576,0
362.2905,238.5636,3:27:21:650834,0
361.5035,239.1758,3:27:21:655281,0
360.8887,239.1758,3:27:21:659291,0
360.1263,239.8462,3:27:21:663292,0
359.4622,239.8462,3:27:21:667292,0
358.749,240.4292,3:27:21:671546,0
358.1096,240.4292,3:27:21:674556,0
357.421,240.8665,3:27:21:678559,0
356.8061,240.8665,3:27:21:682556,0
356.3388,240.8665,3:27:21:686556,0
355.9699,240.8665,3:27:21:690556,0
355.6502,240.8665,3:27:21:695222,0
355.3551,240.8665,3:27:21:699184,0
355.1338,240.8665,3:27:21:703192,0
354.937,240.8665,3:27:21:707192,0
354.7648,239.9337,3:27:21:711192,0
354.6419,239.9337,3:27:21:715344,0
354.4697,239.2049,3:27:21:719133,0
354.2484,239.2049,3:27:21:723172,0
354.0762,238.6802,3:27:21:727172,0
353.8303,238.6802,3:27:21:731160,0
353.5352,238.243,3:27:21:735172,0
353.1909,238.243,3:27:21:739143,0
352.8711,238.243,3:27:21:743143,0
352.5022,238.243,3:27:21:747356,0
352.1087,238.243,3:27:21:750367,0
351.666,238.243,3:27:21:755365,0
351.1988,238.243,3:27:21:759363,0
350.7315,238.9134,3:27:21:762366,0
350.2888,238.9134,3:27:21:767184,0
349.7969,238.9134,3:27:21:771192,0
349.3542,239.5838,3:27:21:775192,0
348.9115,239.5838,3:27:21:779193,0
348.518,239.5838,3:27:21:783226,0
348.0999,240.0211,3:27:21:787221,0
347.731,240.0211,3:27:21:791221,0
347.3867,240.0211,3:27:21:795222,0
347.067,240.0211,3:27:21:799349,0
346.7965,240.0211,3:27:21:802359,0
346.4521,240.0211,3:27:21:807372,0
346.1324,240.0211,3:27:21:810359,0
345.8127,240.0211,3:27:21:814359,0
345.5176,240.0211,3:27:21:819264,0
345.1979,240.0211,3:27:21:823129,0
344.829,240.0211,3:27:21:827140,0
344.4601,239.4381,3:27:21:831167,0
344.1158,239.4381,3:27:21:835168,0
343.7223,239.4381,3:27:21:839137,0
343.3533,239.4381,3:27:21:843166,0
343.009,238.9717,3:27:21:847138,0
342.6647,238.9717,3:27:21:851139,0
342.345,238.5636,3:27:21:855079,0
342.0745,238.5636,3:27:21:859089,0
341.8039,238.1555,3:27:21:863089,0
341.5088,237.9223,3:27:21:867088,0
341.2629,237.6017,3:27:21:871251,0
341.0169,237.281,3:27:21:874768,0
340.7956,236.9895,3:27:21:878768,0
340.5497,236.698,3:27:21:882769,0
340.3037,236.3773,3:27:21:887506,0
340.0332,236.0567,3:27:21:890517,0
339.7873,235.7652,3:27:21:895136,0
339.5413,235.4737,3:27:21:899136,0
339.2954,235.2113,3:27:21:903123,0
339.0248,234.9781,3:27:21:907110,0
338.7543,234.8033,3:27:21:911192,0
338.4838,234.6866,3:27:21:914710,0
338.2133,234.5701,3:27:21:918707,0
337.9427,234.5409,3:27:21:922710,0
337.6968,234.5117,3:27:21:926707,0
337.4508,234.5117,3:27:21:931318,0
337.2295,234.5117,3:27:21:934328,0
336.9836,234.5117,3:27:21:939348,0
336.7868,234.5117,3:27:21:942359,0
336.5655,234.5117,3:27:21:946386,0
336.3687,234.5117,3:27:21:951372,0
336.1474,234.5117,3:27:21:954361,0
335.9506,234.5117,3:27:21:958360,0
335.7539,234.5117,3:27:21:962359,0
335.5817,234.5117,3:27:21:966358,0
335.4096,234.5117,3:27:21:971359,0
335.2128,234.5117,3:27:21:974386,0
335.0898,234.5117,3:27:21:979155,0
334.9915,234.5117,3:27:21:983382,0
334.8685,234.5117,3:27:21:986378,0
334.6964,234.5117,3:27:21:991142,0
334.5734,234.5117,3:27:21:994515,0
334.4258,234.5117,3:27:21:999153,0
334.2537,233.8705,3:27:22:002515,0
334.0815,233.8705,3:27:22:007515,0
333.8847,233.8705,3:27:22:010518,0
333.6634,233.8705,3:27:22:014526,0
333.4421,233.4623,3:27:22:018518,0
333.2945,233.4623,3:27:22:023140,0
333.1469,233.4623,3:27:22:027150,0
333.0486,233.4623,3:27:22:031148,0
332.9502,233.2,3:27:22:035148,0
332.9502,233.2,3:27:22:039150,0
332.9256,233.0251,3:27:22:043150,0
332.9256,232.9085,3:27:22:047153,0
332.9256,232.7919,3:27:22:051197,0
332.9256,232.6753,3:27:22:055300,0
332.9256,232.5296,3:27:22:058310,0
333.5158,232.4421,3:27:22:063300,0
333.5158,232.3255,3:27:22:066313,0
333.5158,232.2089,3:27:22:071333,0
333.5158,232.1214,3:27:22:074311,0
333.9585,232.0632,3:27:22:079311,0
333.9585,232.034,3:27:22:082311,0
333.9585,232.034,3:27:22:087141,0
333.9585,232.034,3:27:22:091173,0
333.9585,232.034,3:27:22:095142,0
333.9585,232.034,3:27:22:099175,0
333.2945,232.034,3:27:22:103181,0
333.2945,232.034,3:27:22:107196,0
332.778,232.034,3:27:22:111141,0
332.778,232.6753,3:27:22:115213,0
332.114,232.6753,3:27:22:119140,0
332.114,232.6753,3:27:22:123174,0
331.6221,233.1709,3:27:22:127174,0
331.3024,233.1709,3:27:22:131141,0
331.0073,233.1709,3:27:22:134837,0
330.7614,233.1709,3:27:22:139319,0
330.5154,233.5498,3:27:22:142329,0
330.5154,233.5498,3:27:22:147333,0
330.1957,233.5498,3:27:22:151328,0
330.0481,233.5498,3:27:22:155336,0
329.9252,233.5498,3:27:22:158346,0
329.8268,233.5498,3:27:22:163445,0
329.7284,233.5498,3:27:22:166449,0
329.6546,232.6461,3:27:22:171141,0
329.507,232.6461,3:27:22:175192,0
329.3595,231.9465,3:27:22:179802,0
329.1382,231.9465,3:27:22:182810,0
328.8922,231.1595,3:27:22:187246,0
328.6463,230.7514,3:27:22:191250,0
328.3266,230.3433,3:27:22:195247,0
328.056,229.9352,3:27:22:199248,0
327.7363,229.5854,3:27:22:203279,0
327.4166,229.2939,3:27:22:206289,0
327.0723,229.0607,3:27:22:211284,0
326.728,228.8858,3:27:22:214607,0
326.3591,228.7401,3:27:22:218678,0
325.9901,228.7401,3:27:22:222630,0
325.5475,228.7401,3:27:22:226731,0
325.154,228.7401,3:27:22:230607,0
324.7359,228.7401,3:27:22:235226,0
324.3424,229.3813,3:27:22:238618,0
323.9981,229.3813,3:27:22:242620,0
323.7029,229.3813,3:27:22:246620,0
323.457,230.1976,3:27:22:251268,0
323.2357,230.1976,3:27:22:255279,0
323.0881,230.7514,3:27:22:259279,0
322.9897,230.7514,3:27:22:262388,0
322.9159,231.3927,3:27:22:267390,0
322.8914,231.3927,3:27:22:270388,0
322.8668,231.9757,3:27:22:274406,0
322.8668,232.3255,3:27:22:278391,0
322.8668,232.6753,3:27:22:283269,0
322.8668,233.0251,3:27:22:286279,0
322.8668,233.3457,3:27:22:290409,0
322.8668,233.6373,3:27:22:294420,0
322.8668,233.9579,3:27:22:299376,0
322.8668,234.2202,3:27:22:302376,0
322.8668,234.4534,3:27:22:306395,0
323.4078,234.6575,3:27:22:311377,0
323.4078,234.8033,3:27:22:314377,0
323.4078,234.9198,3:27:22:318515,0
323.4078,234.9781,3:27:22:322451,0
323.7275,235.0656,3:27:22:327270,0
323.7275,235.0656,3:27:22:330527,0
323.7275,235.0656,3:27:22:334696,0
323.9489,235.0656,3:27:22:338616,0
323.9489,235.0656,3:27:22:342697,0
323.9489,235.0656,3:27:22:346616,0
323.9489,235.0656,3:27:22:350743,0
324.121,234.3077,3:27:22:354749,0
324.121,234.3077,3:27:22:359275,0
324.121,233.7247,3:27:22:362818,0
324.121,233.7247,3:27:22:366861,0
324.121,232.8793,3:27:22:370818,0
324.121,232.3255,3:27:22:374815,0
323.5308,231.655,3:27:22:378815,0
323.5308,230.868,3:27:22:383219,0
323.0143,229.9935,3:27:22:386900,0
323.0143,229.0607,3:27:22:391280,0
322.3257,227.953,3:27:22:394290,0
321.9076,226.8161,3:27:22:398293,0
321.4649,225.5918,3:27:22:403291,0
320.9239,224.3676,3:27:22:407336,0
320.3582,223.0266,3:27:22:411350,821
319.7433,221.7732,3:27:22:414338,877
319.1285,220.6655,3:27:22:419339,1010
318.4891,219.6161,3:27:22:423055,1216
317.8742,218.6833,3:27:22:427065,1455
317.284,217.838,3:27:22:431308,1700
316.6691,217.1384,3:27:22:434322,1910
316.1772,216.4971,3:27:22:439320,2105
315.7838,216.1472,3:27:22:442318,2309
315.4394,215.7683,3:27:22:447491,2475
315.1935,215.4768,3:27:22:450504,2606
314.9968,215.2144,3:27:22:454503,2681
314.8492,215.0396,3:27:22:458501,2713
314.7754,214.9229,3:27:22:462608,2719
314.7754,214.9229,3:27:22:466504,2752
314.7754,214.9229,3:27:22:470477,2826
314.7754,214.9229,3:27:22:474452,2945
315.71,215.6517,3:27:22:478517,3107
316.374,216.3221,3:27:22:482453,3272
317.2102,217.2841,3:27:22:487219,3434
318.2677,218.6541,3:27:22:490559,3579
319.5466,220.4615,3:27:22:494873,3709
321.0222,222.5894,3:27:22:498837,3820
322.7192,225.0672,3:27:22:502836,3904
324.5883,227.8073,3:27:22:506836,3979
326.6542,230.8097,3:27:22:511153,4029
328.8922,233.8413,3:27:22:515163,4074
331.2778,236.8729,3:27:22:519160,4099
333.7618,239.8462,3:27:22:523172,4115
336.295,242.6446,3:27:22:527679,4129
338.8281,245.3264,3:27:22:530689,4135
341.2875,247.8042,3:27:22:534828,4148
343.6977,250.1944,3:27:22:538737,4165
345.9111,252.4682,3:27:22:542788,4179
347.9278,254.6544,3:27:22:546769,4189
349.7231,256.7241,3:27:22:551212,4195
351.3709,258.6479,3:27:22:554850,4194
352.8219,260.4844,3:27:22:559218,4193
354.1008,262.2334,3:27:22:562863,4196
355.183,263.8658,3:27:22:567395,4198
356.1421,265.265,3:27:22:570405,4199
356.8799,266.4019,3:27:22:575089,4202
357.4702,267.3347,3:27:22:578969,4190
357.962,268.0926,3:27:22:583968,4181
358.2817,268.6464,3:27:22:587968,4167
358.5031,268.9962,3:27:22:592190,4098
358.5277,269.1128,3:27:22:594705,3952
358.5277,269.1128,3:27:22:598706,3713
358.5277,269.1128,3:27:22:602706,3371
357.6669,268.3257,3:27:22:607091,2958
357.0275,268.3257,3:27:22:611101,2468
356.2159,266.8099,3:27:22:615100,1832
355.3305,265.6731,3:27:22:619101,1138
354.2238,264.303,3:27:22:623100,567
353.0433,262.8164,3:27:22:627099,0
351.789,261.2423,3:27:22:631311,0
350.5101,259.6682,3:27:22:634321,0
349.2067,258.1233,3:27:22:639203,0
347.8786,256.6075,3:27:22:643215,0
346.5997,255.1499,3:27:22:647363,0
345.3454,253.8674,3:27:22:650373,0
344.1649,252.6431,3:27:22:654373,0
343.0828,251.4479,3:27:22:658373,0
341.9761,250.3985,3:27:22:662373,0
340.9923,249.3199,3:27:22:666619,0
340.0332,248.2997,3:27:22:670912,0
339.0986,247.3378,3:27:22:674911,0
338.2379,246.4341,3:27:22:678970,0
337.3525,245.5596,3:27:22:682910,0
336.4425,244.7434,3:27:22:687218,0
335.5079,244.0146,3:27:22:692294,0
334.5488,243.1985,3:27:22:694305,0
333.6388,242.4697,3:27:22:699302,1611
332.7289,241.6826,3:27:22:702302,1703
331.8189,241.0122,3:27:22:707302,1866
330.9827,240.3418,3:27:22:710304,2065
330.1711,239.6713,3:27:22:715153,2311
329.3841,239.0883,3:27:22:719177,2502
328.6955,238.6219,3:27:22:722752,2654
328.1052,238.2138,3:27:22:726762,2813
327.515,237.864,3:27:22:730761,2940
326.9985,237.6017,3:27:22:734762,3050
326.4574,237.4559,3:27:22:739221,3142
325.9656,237.3393,3:27:22:742794,3200
325.4491,237.3393,3:27:22:747219,3244
324.9572,237.3393,3:27:22:750794,3275
324.4653,237.3393,3:27:22:755271,3291
323.8997,238.0972,3:27:22:759282,3304
323.3094,238.0972,3:27:22:762506,3319
322.6454,239.3506,3:27:22:766519,3332
321.9076,240.2543,3:27:22:770563,3341
321.096,241.3037,3:27:22:774517,3345
320.2106,242.6154,3:27:22:778516,3343
319.2023,244.0438,3:27:22:783514,3345
318.1447,245.6762,3:27:22:787275,3356
317.0134,247.4543,3:27:22:791285,3374
315.8083,249.3199,3:27:22:794967,3399
314.5295,251.3604,3:27:22:798910,3416
313.2506,253.5759,3:27:22:802901,3429
311.9717,255.8495,3:27:22:806902,3435
310.6928,258.1233,3:27:22:811224,3434
309.4386,260.3678,3:27:22:815232,3441
308.2827,262.5249,3:27:22:819242,3447
307.1759,264.5945,3:27:22:823233,3452
306.2168,266.4893,3:27:22:827259,3456
305.3314,268.1508,3:27:22:831257,3453
304.6182,269.5209,3:27:22:835281,3448
304.0279,270.6286,3:27:22:839292,3449
303.5607,271.5323,3:27:22:842372,3449
303.2409,272.2318,3:27:22:847373,3446
303.0196,272.6982,3:27:22:850393,3444
302.995,273.0772,3:27:22:855373,3438
302.995,273.3395,3:27:22:859267,3438
302.995,273.4853,3:27:22:863277,3438
304.0279,273.4853,3:27:22:867275,3443
304.7903,273.4853,3:27:22:871279,3449
305.7495,273.4853,3:27:22:875271,3449
306.8808,273.4853,3:27:22:879281,3456
308.1597,272.4359,3:27:22:883282,3462
309.5861,272.4359,3:27:22:887281,3464
311.0863,271.1824,3:27:22:891283,3467
312.6603,270.4537,3:27:22:894281,3472
314.2097,269.6958,3:27:22:898562,3474
315.7346,268.967,3:27:22:902570,3487
317.2102,268.2966,3:27:22:906572,3495
318.6366,267.7427,3:27:22:910571,3495
320.0139,267.3638,3:27:22:914573,3493
321.2928,267.3638,3:27:22:918572,3487
322.4978,267.3638,3:27:22:923550,3490
323.6046,267.3638,3:27:22:926557,3492
324.7113,267.3638,3:27:22:931619,3500
325.6704,268.1508,3:27:22:934607,3503
326.5558,268.8504,3:27:22:938610,3510
327.3428,269.6958,3:27:22:942607,3521
327.9576,270.7452,3:27:22:946606,3536
328.4495,271.8529,3:27:22:950607,3555
328.8922,273.1646,3:27:22:955394,3573
329.1382,274.5638,3:27:22:958426,3603
329.3103,276.0505,3:27:22:962404,3629
329.3103,277.5955,3:27:22:966405,3665
329.3103,279.2278,3:27:22:970425,3702
329.3103,280.8894,3:27:22:974405,3732
328.5725,282.5801,3:27:22:979220,3762
328.5725,284.3582,3:27:22:983415,3787
327.515,286.0781,3:27:22:987005,3806
326.7772,287.7979,3:27:22:990966,3828
325.8672,289.6344,3:27:22:994970,3850
324.8097,291.5,3:27:22:998966,3867
323.5554,293.3947,3:27:23:003362,3885
322.0797,295.3186,3:27:23:006367,3890
320.4074,297.2134,3:27:23:010362,3889
318.4399,299.1082,3:27:23:015363,3895
316.251,301.0029,3:27:23:019363,3920
313.8654,302.7227,3:27:23:023369,3961
311.3077,304.326,3:27:23:027394,4012
308.6516,305.6669,3:27:23:031565,4061
305.9955,306.7163,3:27:23:034562,4093
303.3639,307.6199,3:27:23:038565,4121
300.8799,308.2613,3:27:23:042563,4141
298.5435,308.6111,3:27:23:047271,4148
296.4039,308.8151,3:27:23:050788,4155
294.5102,308.8734,3:27:23:054688,4156
292.887,308.8734,3:27:23:058699,4152
291.4113,308.8734,3:27:23:062698,4151
290.2308,308.8734,3:27:23:066698,4151
289.2225,308.2029,3:27:23:070798,4140
288.4355,308.2029,3:27:23:074698,4135
287.8206,308.2029,3:27:23:079261,4122
287.378,307.5908,3:27:23:082794,4058
287.132,307.5908,3:27:23:086713,3908
287.0091,307.037,3:27:23:090714,3618
287.0091,307.037,3:27:23:094801,3193
287.0091,306.2791,3:27:23:098714,2605
287.0091,305.8127,3:27:23:102723,1818
288.0666,305.1714,3:27:23:106730,1076
288.6568,304.4717,3:27:23:111069,479
289.4193,303.6555,3:27:23:115071,0
290.28,302.7227,3:27:23:119070,0
291.2638,301.6442,3:27:23:123069,0
292.3459,300.5074,3:27:23:127159,0
293.5756,299.2248,3:27:23:132174,0
294.8545,297.7672,3:27:23:135185,0
296.1825,296.2223,3:27:23:139206,0
297.7811,294.4733,3:27:23:143184,0
299.4289,292.4911,3:27:23:147202,0
301.2242,290.2174,3:27:23:151184,0
303.1917,287.7105,3:27:23:155184,0
305.3068,284.8829,3:27:23:159184,0
307.5203,281.7347,3:27:23:163216,0
309.9059,278.2659,3:27:23:166711,0
312.3898,274.4764,3:27:23:171270,0
315.0213,270.3371,3:27:23:174281,0
317.8004,265.7897,3:27:23:179217,0
320.6779,260.9799,3:27:23:183233,0
323.6783,256.0244,3:27:23:187224,0
326.7772,250.9523,3:27:23:191227,0
329.9006,245.9386,3:27:23:195265,0
332.9748,241.0122,3:27:23:198599,0
336.049,235.9693,3:27:23:203217,0
338.9756,231.3053,3:27:23:207297,0
341.7548,227.0493,3:27:23:211282,0
344.3863,223.2016,3:27:23:215282,0
346.6735,219.7036,3:27:23:219283,0
348.5918,216.6136,3:27:23:223282,0
350.215,213.8736,3:27:23:227266,0
351.5185,211.7456,3:27:23:231277,0
352.4038,210.1423,3:27:23:235277,0
352.9695,208.8889,3:27:23:238478,0
353.1909,208.0435,3:27:23:242488,0
353.1909,207.4023,3:27:23:246488,0
353.1909,207.1399,3:27:23:251489,0
352.3792,207.1107,3:27:23:255276,0
351.789,207.1107,3:27:23:258641,0
351.1742,207.1107,3:27:23:262642,0
350.4117,207.1107,3:27:23:266643,0
349.674,208.1019,3:27:23:270672,0
348.8623,208.1019,3:27:23:274643,0
348.0753,209.0929,3:27:23:279276,0
347.2883,209.0929,3:27:23:282289,0
346.5505,209.9966,3:27:23:287344,0
345.8865,210.463,3:27:23:290354,0
345.2963,210.463,3:27:23:295354,0
344.8044,211.0751,3:27:23:298355,0
344.4109,211.0751,3:27:23:303354,0
344.1404,211.0751,3:27:23:306354,0
343.9436,211.0751,3:27:23:310872,0
343.8206,211.0751,3:27:23:314885,0
343.8206,211.0751,3:27:23:319273,0
343.8206,210.1715,3:27:23:323283,0
343.8206,210.1715,3:27:23:327273,0
343.8206,209.1512,3:27:23:331298,0
344.4109,208.5974,3:27:23:334459,0
344.4109,207.9561,3:27:23:338459,0
345.1241,207.3439,3:27:23:342584,0
345.1241,206.761,3:27:23:346458,0
345.9849,206.1779,3:27:23:351274,0
346.3784,205.7115,3:27:23:354600,0
346.7965,205.3035,3:27:23:358601,0
347.19,204.9245,3:27:23:363225,0
347.5835,204.6622,3:27:23:366610,0
347.9278,204.6622,3:27:23:370612,0
348.1983,204.3707,3:27:23:374824,0
348.4442,204.3707,3:27:23:378748,0
348.6656,204.3707,3:27:23:382751,0
348.6656,204.3707,3:27:23:386748,0
348.8869,204.3707,3:27:23:390748,0
348.8869,205.0411,3:27:23:395223,0
348.8869,205.0411,3:27:23:398761,0
348.8869,205.6241,3:27:23:402761,0
348.8869,205.6241,3:27:23:406759,0
348.8869,206.1779,3:27:23:410759,0
348.3459,206.1779,3:27:23:414773,0
348.3459,206.7027,3:27:23:418816,0
348.3459,206.7027,3:27:23:422787,0
347.731,206.7027,3:27:23:427275,0
347.731,207.1107,3:27:23:430304,0
347.2392,207.1107,3:27:23:434287,0
347.2392,207.1107,3:27:23:438339,0
346.7227,207.1107,3:27:23:442340,0
346.7227,207.1107,3:27:23:447355,0
346.2308,207.1107,3:27:23:451336,0
345.9849,207.1107,3:27:23:454339,0
345.739,207.1107,3:27:23:458337,0
345.5176,207.1107,3:27:23:463417,0
345.2963,207.1107,3:27:23:467442,0
345.0749,207.1107,3:27:23:471446,0
344.8781,206.586,3:27:23:474501,0
344.7306,206.586,3:27:23:478427,0
344.5338,206.1488,3:27:23:482449,0
344.3863,206.1488,3:27:23:487275,0
344.2387,205.6241,3:27:23:491280,0
344.1158,205.6241,3:27:23:495287,0
343.9436,205.0703,3:27:23:499275,0
343.796,204.8079,3:27:23:502288,0
343.6485,204.8079,3:27:23:507289,0
343.4763,204.3998,3:27:23:511483,0
343.3042,204.254,3:27:23:514491,0
343.1074,204.1375,3:27:23:519491,0
342.8861,204.0791,3:27:23:522550,0
342.6893,204.0208,3:27:23:526493,0
342.5172,203.9626,3:27:23:531222,0
342.3204,203.9626,3:27:23:534501,0
342.0991,203.9334,3:27:23:539335,0
341.9269,203.8751,3:27:23:542370,0
341.7302,203.8168,3:27:23:546777,0
341.5334,203.6711,3:27:23:550784,0
341.3367,203.5544,3:27:23:554789,0
341.0661,203.3795,3:27:23:558787,0
340.8202,203.1463,3:27:23:563223,0
340.5742,202.8257,3:27:23:566995,0
340.3037,202.4759,3:27:23:571052,0
340.0086,202.0387,3:27:23:574995,0
339.7627,201.6014,3:27:23:579063,0
339.5167,201.1059,3:27:23:583024,0
339.2708,200.5228,3:27:23:587272,0
339.0494,199.9398,3:27:23:590290,0
338.8281,199.3277,3:27:23:596493,0
338.6068,198.7447,3:27:23:599492,0
338.3854,198.1617,3:27:23:602503,1154
338.2133,197.6662,3:27:23:606510,1252
338.0165,197.1998,3:27:23:610496,1453
337.8198,196.8208,3:27:23:614629,1719
337.6968,196.5585,3:27:23:619098,2003
337.5492,196.4127,3:27:23:623107,2190
337.4262,196.2961,3:27:23:627152,2273
337.3525,196.267,3:27:23:631135,2293
337.3525,196.267,3:27:23:635191,2326
337.3525,196.267,3:27:23:639109,2410
337.3525,196.9957,3:27:23:642925,2531
337.9919,196.9957,3:27:23:646925,2658
337.9919,198.3074,3:27:23:650632,2757
338.951,199.2111,3:27:23:654632,2814
339.6397,200.2896,3:27:23:658714,2842
340.4267,201.5139,3:27:23:662656,2863
341.2875,202.8257,3:27:23:666999,2888
342.1974,204.1083,3:27:23:671036,2907
343.0828,205.3326,3:27:23:675262,2919
343.9682,206.5278,3:27:23:678272,2934
344.8781,207.5771,3:27:23:682390,2939
345.739,208.5391,3:27:23:686387,2945
346.5505,209.4427,3:27:23:691386,2951
347.2638,210.2298,3:27:23:694386,2956
347.9524,210.8711,3:27:23:699263,2965
348.518,211.4832,3:27:23:703273,2968
349.0099,211.9496,3:27:23:706379,2972
349.4526,212.3577,3:27:23:710393,2974
349.7477,212.6492,3:27:23:715389,2971
349.9691,212.9116,3:27:23:719396,2971
350.1412,213.0573,3:27:23:723194,2978
350.215,213.174,3:27:23:727204,2988
350.2642,213.2031,3:27:23:731239,3015
350.2888,213.2031,3:27:23:735202,3037
350.2888,213.2031,3:27:23:739245,3057
350.2888,213.2031,3:27:23:743204,3073
350.2888,213.2031,3:27:23:747275,3077
350.2888,213.2031,3:27:23:751286,3079
349.5018,212.2995,3:27:23:755274,3077
349.5018,212.2995,3:27:23:758285,3072
348.764,211.5999,3:27:23:763284,3066
348.2475,211.5999,3:27:23:767282,3063
347.7556,210.9294,3:27:23:771283,3063
347.19,210.9294,3:27:23:774285,3068
346.6243,210.463,3:27:23:779223,3078
346.0095,210.463,3:27:23:782703,3081
345.3454,210.463,3:27:23:787062,3089
344.706,211.25,3:27:23:791078,3095
344.0174,211.9496,3:27:23:795061,3102
343.3042,212.8533,3:27:23:799059,3127
342.5663,213.9319,3:27:23:803219,3156
341.8777,215.2436,3:27:23:807071,3193
341.2629,216.876,3:27:23:810983,3227
340.6972,218.7416,3:27:23:814991,3265
340.2299,220.8696,3:27:23:818992,3299
339.861,223.1141,3:27:23:822991,3332
339.6151,225.3878,3:27:23:827085,3369
339.5167,227.7781,3:27:23:831096,3401
339.5167,230.1684,3:27:23:835177,3438
339.5167,232.4713,3:27:23:839187,3469
339.5167,234.6575,3:27:23:843216,3497
340.4513,236.5814,3:27:23:847185,3516
341.0169,238.243,3:27:23:851190,3529
341.6564,239.6422,3:27:23:855188,3545
342.4926,240.8956,3:27:23:859271,3559
343.3779,241.9158,3:27:23:862426,3579
344.3617,242.6738,3:27:23:867288,3601
345.4438,243.2276,3:27:23:871294,3612
346.5997,243.5774,3:27:23:875003,3622
347.8294,243.6357,3:27:23:879004,3633
349.1083,243.6357,3:27:23:883105,3638
350.3871,243.6357,3:27:23:887004,3648
351.666,242.6154,3:27:23:890724,3662
353.0433,241.8284,3:27:23:894745,3670
354.3467,240.8373,3:27:23:898377,3678
355.6994,239.6422,3:27:23:902385,3680
357.0767,238.243,3:27:23:906387,3675
358.3063,236.7563,3:27:23:910385,3676
359.6098,235.0947,3:27:23:915235,3675
360.8395,233.4041,3:27:23:919248,3678
362.0692,231.5676,3:27:23:923248,3686
363.2251,229.7312,3:27:23:927248,3684
364.3072,227.9238,3:27:23:931749,3678
365.3156,226.1457,3:27:23:934760,3675
366.1763,224.4841,3:27:23:938686,3668
367.0617,222.8809,3:27:23:942783,3669
367.7503,221.5108,3:27:23:947276,3677
368.2914,220.3157,3:27:23:951284,3681
368.6849,219.3537,3:27:23:955284,3685
369.0046,218.625,3:27:23:958289,3681
369.1522,218.042,3:27:23:963284,3671
369.2505,217.5756,3:27:23:967286,3664
369.2505,217.2258,3:27:23:971275,3660
369.2505,216.9926,3:27:23:974342,3650
369.2505,216.7594,3:27:23:979100,3591
369.2505,216.5553,3:27:23:983008,3456
368.6357,216.3513,3:27:23:987011,3221
368.6357,216.2056,3:27:23:991036,2874
368.0947,216.0598,3:27:23:995274,2399
368.0947,215.9432,3:27:23:998295,1734
367.6274,215.7683,3:27:24:003421,1054
367.2585,215.6517,3:27:24:006421,495
367.2585,215.5351,3:27:24:010492,0
366.742,215.3893,3:27:24:014420,0
366.742,215.1853,3:27:24:019286,0
366.3239,214.8355,3:27:24:022723,0
366.3239,214.4274,3:27:24:026769,0
366.0288,213.9319,3:27:24:030723,0
366.0288,213.3197,3:27:24:034794,0
366.0288,212.5909,3:27:24:038723,0
365.9058,211.629,3:27:24:043274,0
365.9058,210.5796,3:27:24:046610,0
365.8074,209.4719,3:27:24:050614,0
365.7828,208.2476,3:27:24:054609,0
365.6845,206.9359,3:27:24:058735,0
365.5615,205.5658,3:27:24:062610,0
365.3401,204.1375,3:27:24:067274,0
365.1188,202.7091,3:27:24:070284,0
364.8483,201.2224,3:27:24:075274,0
364.5286,199.7358,3:27:24:078292,0
364.1843,198.3366,3:27:24:083284,0
363.7907,196.8791,3:27:24:087285,0
363.3727,195.4799,3:27:24:091422,0
362.8808,194.139,3:27:24:094432,0
362.3151,192.8273,3:27:24:099270,0
361.7003,191.5446,3:27:24:102280,0
361.0117,190.3495,3:27:24:107280,0
360.2738,189.1252,3:27:24:112280,0
359.5606,187.9009,3:27:24:115281,0
358.8228,186.7057,3:27:24:118280,0
358.0604,185.5106,3:27:24:123224,0
357.3472,184.3737,3:27:24:127235,0
356.6832,183.3535,3:27:24:131274,0
356.0683,182.3333,3:27:24:135293,0
355.5027,181.3421,3:27:24:139527,0
355.0108,180.4093,3:27:24:142540,0
354.5681,179.564,3:27:24:146536,1580
354.1254,178.8936,3:27:24:150537,1700
353.7811,178.3397,3:27:24:155734,1893
353.486,177.8733,3:27:24:158745,2134
353.2154,177.4652,3:27:24:163744,2404
353.0679,177.1445,3:27:24:166743,2563
352.9449,176.9405,3:27:24:170747,2647
352.8465,176.853,3:27:24:174745,2682
352.8465,176.853,3:27:24:178751,2721
352.8465,176.853,3:27:24:182757,2798
352.8465,176.853,3:27:24:186757,2906
353.4368,177.7567,3:27:24:190760,3052
353.4368,177.7567,3:27:24:195217,3185
354.4205,179.0976,3:27:24:198635,3295
355.1092,180.2053,3:27:24:202637,3405
355.9207,181.4879,3:27:24:206638,3491
356.8553,182.9745,3:27:24:210638,3571
357.9374,184.6069,3:27:24:214635,3636
359.0442,186.2685,3:27:24:218833,3683
360.2492,188.0466,3:27:24:222687,3730
361.5281,189.8539,3:27:24:227220,3768
362.9792,191.6321,3:27:24:231254,3800
364.4056,193.2645,3:27:24:235273,3823
365.9304,194.8094,3:27:24:239284,3837
367.4798,196.267,3:27:24:243271,3850
368.98,197.6078,3:27:24:246281,3860
370.5049,198.803,3:27:24:251282,3865
372.0051,199.969,3:27:24:255281,3874
373.3823,201.0475,3:27:24:259403,3877
374.6858,202.0387,3:27:24:262403,3881
375.8909,203.0298,3:27:24:267214,3891
376.9976,203.9626,3:27:24:270731,3897
378.0305,204.8954,3:27:24:274762,3897
378.9405,205.7699,3:27:24:278730,3899
379.7521,206.6152,3:27:24:282828,3899
380.4899,207.4023,3:27:24:286729,3887
381.1293,208.0727,3:27:24:291209,3880
381.6458,208.714,3:27:24:295200,3851
382.1131,209.2095,3:27:24:299136,3779
382.482,209.6759,3:27:24:303099,3642
382.7525,209.9675,3:27:24:307068,3429
382.9247,210.1715,3:27:24:311069,3133
383.0968,210.2589,3:27:24:315068,2725
383.1214,210.2589,3:27:24:319069,2092
383.1706,210.2589,3:27:24:323084,1340
383.1706,210.2589,3:27:24:327085,690
383.1706,209.0055,3:27:24:331293,0
383.1706,208.131,3:27:24:334304,0
383.1706,207.0816,3:27:24:339304,0
382.482,205.7407,3:27:24:343318,0
382.482,204.1958,3:27:24:347302,0
381.7442,202.3302,3:27:24:350306,0
381.2523,200.2605,3:27:24:355398,0
380.6866,197.9285,3:27:24:358398,0
380.121,195.3633,3:27:24:363265,0
379.5308,192.7106,3:27:24:366275,0
379.0143,189.9997,3:27:24:370864,0
378.5962,187.3762,3:27:24:374874,0
378.2027,184.8693,3:27:24:378873,0
377.9322,182.479,3:27:24:382893,0
377.7354,180.3802,3:27:24:386943,0
377.5878,178.5729,3:27:24:390873,0
377.5878,177.1154,3:27:24:395215,0
377.3665,175.9494,3:27:24:398924,0
377.2189,174.9874,3:27:24:403216,0
376.9976,174.2004,3:27:24:407226,0
376.7025,173.6757,3:27:24:411266,0
376.4073,173.2676,3:27:24:414274,0
376.0385,173.0344,3:27:24:419277,0
375.5958,172.8595,3:27:24:423277,0
375.0547,172.8012,3:27:24:427274,0
374.5382,172.8012,3:27:24:431290,0
373.9726,172.7137,3:27:24:435216,0
373.3331,172.6555,3:27:24:439159,0
372.7429,172.5388,3:27:24:443263,0
372.128,172.3931,3:27:24:446271,0
371.5378,172.1891,3:27:24:451572,0
370.9721,171.985,3:27:24:454582,0
370.4065,171.7227,3:27:24:458582,0
369.9146,171.4312,3:27:24:462582,0
369.4473,171.1688,3:27:24:466658,0
369.0292,170.9356,3:27:24:470582,0
368.6603,170.6732,3:27:24:475269,0
368.316,170.4692,3:27:24:478277,0
367.9963,170.236,3:27:24:483382,0
367.6766,170.0611,3:27:24:486392,0
367.406,169.8279,3:27:24:490392,0
367.0863,169.653,3:27:24:494392,1205
366.8158,169.4489,3:27:24:498391,1278
366.5207,169.1866,3:27:24:503390,1423
366.2747,168.9825,3:27:24:507152,1640
366.0288,168.7785,3:27:24:511163,1904
365.7582,168.5744,3:27:24:515160,2138
365.5369,168.3121,3:27:24:519163,2323
365.3156,168.1372,3:27:24:523184,2457
365.1188,167.904,3:27:24:527163,2554
364.9958,167.6416,3:27:24:531223,2601
364.8483,167.3793,3:27:24:535259,2636
364.8237,167.0878,3:27:24:539275,2650
364.8237,166.6797,3:27:24:542286,2651
364.8237,166.2424,3:27:24:547285,2665
364.8237,165.7469,3:27:24:551286,2666
365.6599,165.1931,3:27:24:555299,2671
366.1763,164.5809,3:27:24:559292,2680
366.8158,163.8813,3:27:24:563286,2675
367.5536,163.24,3:27:24:567286,2675
368.4144,162.5695,3:27:24:571205,2675
369.2997,162.0157,3:27:24:574599,2670
370.2835,161.5784,3:27:24:579277,2677
371.2426,161.1995,3:27:24:582287,2682
372.2756,160.9663,3:27:24:587286,2684
373.2839,160.9663,3:27:24:591286,2692
374.2431,160.9663,3:27:24:595284,2698
375.1531,160.9663,3:27:24:598286,2703
375.9647,162.1323,3:27:24:603295,2715
376.7025,162.8611,3:27:24:606299,2727
377.3665,163.7939,3:27:24:610710,2742
377.9322,164.9016,3:27:24:614716,2765
378.3994,166.2133,3:27:24:618767,2783
378.7683,167.5833,3:27:24:623731,2805
379.0881,169.0117,3:27:24:627228,2821
379.334,170.5275,3:27:24:631280,2838
379.5799,172.0724,3:27:24:634409,2851
379.8013,173.6465,3:27:24:638421,2867
380.0226,175.1624,3:27:24:642484,2885
380.2686,176.5616,3:27:24:646420,2900
380.5145,177.9316,3:27:24:651276,2923
380.8342,179.2433,3:27:24:655290,2940
381.2031,180.4385,3:27:24:659285,2957
381.6458,181.5753,3:27:24:663337,2971
382.0885,182.5956,3:27:24:667335,2977
382.6296,183.4993,3:27:24:671336,2988
383.1706,184.228,3:27:24:675333,2994
383.8347,184.9276,3:27:24:679335,2998
384.4987,185.3357,3:27:24:683214,3010
385.2365,185.5106,3:27:24:686636,3015
385.9989,185.5106,3:27:24:691215,3020
386.8351,185.5106,3:27:24:695226,3031
387.7451,184.5195,3:27:24:699223,3035
388.6058,183.7908,3:27:24:703230,3044
389.5404,182.8288,3:27:24:707225,3047
390.4504,181.6337,3:27:24:711226,3049
391.3112,180.3802,3:27:24:715216,3056
392.1227,179.0393,3:27:24:718722,3051
392.8606,177.6401,3:27:24:723633,3050
393.5492,176.1826,3:27:24:726662,3050
394.1394,174.7834,3:27:24:731642,3042
394.6805,173.2968,3:27:24:735648,3044
395.1478,171.7809,3:27:24:738716,3042
395.5413,170.3526,3:27:24:742646,3044
395.861,168.866,3:27:24:747074,3045
396.0577,167.4084,3:27:24:751114,3042
396.1069,165.9509,3:27:24:755269,3039
396.1069,164.3768,3:27:24:759277,3030
396.1069,162.8319,3:27:24:763212,3027
395.4183,161.1703,3:27:24:767220,3024
395.4183,159.4505,3:27:24:771220,3024
394.3608,157.6723,3:27:24:775221,3024
393.6476,155.8067,3:27:24:779454,3020
392.8606,153.912,3:27:24:782462,3011
392.049,152.1047,3:27:24:786516,3008
391.2374,150.4431,3:27:24:790465,3008
390.5487,148.869,3:27:24:794464,3023
389.8355,147.5282,3:27:24:798467,3098
389.1469,146.4787,3:27:24:803275,3227
388.5812,145.6042,3:27:24:806284,3407
388.1385,145.0504,3:27:24:810288,3615
387.7943,144.7006,3:27:24:815286,3801
387.5483,144.4966,3:27:24:819283,3924
387.4008,144.4091,3:27:24:823287,3998
387.2286,144.4091,3:27:24:827244,4035
387.2286,144.4091,3:27:24:830760,4049
387.2286,145.4585,3:27:24:835265,4083
387.2286,146.333,3:27:24:838278,4129
387.2286,147.4698,3:27:24:843276,4182
387.2286,148.7525,3:27:24:847273,4230
387.9172,150.2391,3:27:24:851273,4281
387.9172,151.959,3:27:24:855274,4326
388.9502,153.7371,3:27:24:859355,4366
389.7126,155.5152,3:27:24:862364,4411
390.5733,157.2059,3:27:24:866502,4441
391.6801,158.8383,3:27:24:870416,4470
392.9589,160.3833,3:27:24:874543,4494
394.3854,161.8991,3:27:24:878419,4509
395.9594,163.3857,3:27:24:883221,4520
397.6071,164.7849,3:27:24:887428,4527
399.3287,166.1259,3:27:24:891260,4535
401.0995,167.3793,3:27:24:895259,4540
402.8702,168.6328,3:27:24:899262,4549
404.5426,169.7988,3:27:24:903268,4553
406.1166,170.9356,3:27:24:907214,4551
407.543,171.985,3:27:24:911224,4530
408.8465,172.9761,3:27:24:915223,4478
410.0024,173.938,3:27:24:919243,4354
411.0353,174.8125,3:27:24:923239,4123
411.8961,175.6288,3:27:24:927224,3777
412.5602,176.2992,3:27:24:931276,3292
413.1258,176.9113,3:27:24:935311,2652
413.5439,177.3486,3:27:24:939266,1817
413.8636,177.6109,3:27:24:943280,1047
414.0112,177.7567,3:27:24:947380,445
414.1342,177.7567,3:27:24:950390,0
414.1588,177.7567,3:27:24:955390,0
414.1588,177.7567,3:27:24:958390,0
414.1588,176.7073,3:27:24:963409,0
414.1588,176.0952,3:27:24:966418,0
414.1588,175.3956,3:27:24:971300,0
414.1588,174.7251,3:27:24:974300,0
414.1588,173.9672,3:27:24:979298,0
414.1588,173.2384,3:27:24:983315,0
414.1588,172.5388,3:27:24:987213,0
414.1588,171.8976,3:27:24:990510,0
414.1588,171.4312,3:27:24:995211,0
414.1588,171.0231,3:27:24:998870,0
414.872,170.7024,3:27:25:003335,0
414.872,170.7024,3:27:25:006348,0
415.536,170.4984,3:27:25:011343,0
415.536,170.4984,3:27:25:014375,0
416.1754,170.4984,3:27:25:019345,0
416.1754,170.4984,3:27:25:022348,0
416.6673,171.3728,3:27:25:027346,0
416.6673,171.3728,3:27:25:030347,0
417.0608,172.0141,3:27:25:035261,0
417.0608,172.0141,3:27:25:039271,1186
417.2576,172.5972,3:27:25:043343,1190
417.2576,172.5972,3:27:25:046859,1216
417.2576,173.151,3:27:25:050861,1289
417.2576,173.151,3:27:25:054861,1378
417.2576,173.6465,3:27:25:058892,1491
417.2576,173.6465,3:27:25:062861,1594
417.2576,174.3461,3:27:25:067271,1645
417.2576,174.7834,3:27:25:070284,1681
417.2576,175.3081,3:27:25:075281,1698
417.2576,175.862,3:27:25:078299,1705
416.6673,176.5033,3:27:25:083504,1710
416.6673,177.2029,3:27:25:086533,1722
416.6673,177.9025,3:27:25:090513,1723
416.1017,178.6895,3:27:25:094516,1722
416.1017,179.4765,3:27:25:098512,1770
415.6098,180.351,3:27:25:102514,1840
415.6098,181.1089,3:27:25:107220,1961
415.0441,181.9252,3:27:25:111245,2106
414.749,182.6248,3:27:25:115231,2247
414.4539,183.1786,3:27:25:119239,2373
414.1342,183.6741,3:27:25:124002,2460
413.7899,183.9948,3:27:25:127013,2533
413.4455,184.1405,3:27:25:131013,2578
413.1012,184.1405,3:27:25:136011,2604
412.7569,184.1405,3:27:25:139131,2622
412.388,183.2661,3:27:25:143012,2636
412.0437,183.2661,3:27:25:147266,2639
411.724,181.7794,3:27:25:150276,2648
411.478,180.7883,3:27:25:155556,2659
411.3305,179.6514,3:27:25:158567,2657
411.2321,178.3689,3:27:25:162637,2654
411.2321,177.0571,3:27:25:166566,2644
411.2321,175.687,3:27:25:170566,2636
411.8224,174.2296,3:27:25:175566,2637
411.8224,172.7429,3:27:25:179133,2639
412.8553,171.3437,3:27:25:183162,2638
413.5439,170.0028,3:27:25:187212,2634
414.2817,168.7493,3:27:25:190763,2627
415.0687,167.6416,3:27:25:195167,2621
415.9541,166.6214,3:27:25:199173,2626
416.8395,165.7177,3:27:25:203170,2635
417.7986,165.0181,3:27:25:207172,2652
418.8316,164.4643,3:27:25:210493,2705
419.9383,164.0853,3:27:25:214504,2778
421.045,163.823,3:27:25:218879,2847
422.1517,163.823,3:27:25:222892,2916
423.3076,163.823,3:27:25:226888,2957
424.4389,163.823,3:27:25:230889,2981
425.4965,165.0764,3:27:25:235215,3012
426.4802,165.9509,3:27:25:238999,3041
427.3164,167.0587,3:27:25:243092,3060
427.9312,168.3412,3:27:25:246997,3075
428.4969,169.9153,3:27:25:251266,3081
428.8658,171.7227,3:27:25:254277,3095
429.038,173.6465,3:27:25:258373,3104
429.038,175.8911,3:27:25:262400,3111
429.038,178.4854,3:27:25:266409,3122
428.251,181.3713,3:27:25:270399,3120
427.5869,184.4904,3:27:25:274406,3116
426.7508,187.8134,3:27:25:278399,3111
425.7178,191.2531,3:27:25:283445,3109
424.6357,194.6637,3:27:25:286455,3101
423.406,198.1034,3:27:25:291205,3100
422.1517,201.3682,3:27:25:295216,3103
420.922,204.3998,3:27:25:299221,3103
419.7169,207.1107,3:27:25:303216,3111
418.5118,209.6176,3:27:25:307216,3120
417.2822,211.8331,3:27:25:311216,3130
416.1263,213.9319,3:27:25:315210,3138
414.9703,215.8557,3:27:25:319222,3140
413.8144,217.5756,3:27:25:323237,3139
412.7077,219.1497,3:27:25:327225,3098
411.5518,220.5197,3:27:25:331272,2991
410.3221,221.744,3:27:25:334309,2788
409.117,222.7352,3:27:25:339311,2403
407.8628,223.5513,3:27:25:342309,1767
406.5347,224.1052,3:27:25:347308,1086
405.1082,224.5133,3:27:25:351310,506
403.5342,224.6882,3:27:25:354359,0
401.7635,224.6882,3:27:25:359311,0
399.919,224.6882,3:27:25:363263,0
397.8285,224.6882,3:27:25:366373,0
395.6151,223.9012,3:27:25:371262,0
393.1557,223.9012,3:27:25:374272,0
390.5487,223.0266,3:27:25:379378,0
387.8434,223.0266,3:27:25:382382,0
384.9906,222.0356,3:27:25:387211,0
382.0885,222.0356,3:27:25:391222,0
379.0143,221.1028,3:27:25:395218,0
375.8171,221.1028,3:27:25:399221,0
372.6199,220.4323,3:27:25:403221,0
369.3981,219.9951,3:27:25:406508,0
366.1272,219.9951,3:27:25:411179,0
362.8562,219.9951,3:27:25:415254,0
359.659,219.7327,3:27:25:419259,0
356.6094,219.7327,3:27:25:422597,0
353.6335,219.7327,3:27:25:427213,0
350.9528,219.7327,3:27:25:431264,0
348.2967,220.4323,3:27:25:435269,0
345.8619,220.4323,3:27:25:438782,0
343.4763,221.336,3:27:25:442832,0
341.2629,221.336,3:27:25:446782,0
339.0986,222.2104,3:27:25:450788,0
337.0573,222.2104,3:27:25:454784,0
334.9177,223.0266,3:27:25:459270,0
332.8026,223.4639,3:27:25:463292,0
330.7122,223.872,3:27:25:467269,0
328.5725,223.872,3:27:25:471289,0
326.5312,224.5424,3:27:25:475280,0
324.4899,224.8631,3:27:25:479281,0
322.5962,225.2129,3:27:25:483278,0
320.5795,225.5044,3:27:25:487095,0
318.8334,225.6793,3:27:25:491172,0
317.161,226,3:27:25:495180,0
315.587,226.4081,3:27:25:499268,0
314.2097,226.8161,3:27:25:503280,0
312.9555,227.2534,3:27:25:507279,0
311.7996,227.7198,3:27:25:511289,0
310.742,228.2445,3:27:25:515276,0
309.8813,228.9149,3:27:25:519278,0
309.0697,229.6437,3:27:25:523277,0
308.381,230.3433,3:27:25:527063,0
307.84,230.9554,3:27:25:531269,0
307.2989,231.6259,3:27:25:534277,0
306.8808,232.1214,3:27:25:538932,0
306.4873,232.6461,3:27:25:542934,0
306.143,233.1417,3:27:25:546932,0
305.8725,233.4915,3:27:25:550932,0
305.6265,233.7538,3:27:25:555269,0
305.4052,234.0162,3:27:25:558785,0
305.1592,234.2202,3:27:25:563220,0
304.9133,234.3951,3:27:25:567072,0
304.6182,234.5117,3:27:25:571267,0
304.3723,234.6283,3:27:25:575275,0
304.1509,234.6866,3:27:25:579278,0
303.8804,234.8033,3:27:25:583277,0
303.5852,234.8615,3:27:25:587274,0
303.3147,234.9198,3:27:25:591280,0
303.0688,234.9781,3:27:25:595271,0
302.7737,235.0947,3:27:25:599283,0
302.5031,235.2113,3:27:25:603219,0
302.1834,235.3571,3:27:25:607080,0
301.8391,235.532,3:27:25:611237,0
301.5686,235.7652,3:27:25:615175,0
301.2734,236.0858,3:27:25:619175,0
300.9783,236.4648,3:27:25:623171,0
300.6586,236.9021,3:27:25:627171,0
300.4373,237.3102,3:27:25:631171,0
300.1913,237.8349,3:27:25:636306,0
299.97,238.3595,3:27:25:639334,0
299.7486,238.8842,3:27:25:643488,0
299.5273,239.3506,3:27:25:646508,0
299.3059,239.8754,3:27:25:650570,0
299.06,240.3418,3:27:25:654497,0
298.8387,240.7207,3:27:25:658497,0
298.6173,241.0997,3:27:25:662495,0
298.3714,241.3911,3:27:25:666497,0
298.1992,241.6243,3:27:25:670496,0
298.0025,241.8284,3:27:25:675218,0
297.8549,241.9742,3:27:25:679229,0
297.6581,242.0616,3:27:25:683248,0
297.5352,242.0907,3:27:25:687229,0
297.4122,242.1782,3:27:25:691957,0
297.2401,242.2074,3:27:25:694967,0
297.1171,242.2365,3:27:25:698968,0
296.9695,242.3239,3:27:25:702968,573
296.822,242.3239,3:27:25:706970,595
296.6006,242.3822,3:27:25:710968,626
296.4039,242.4697,3:27:25:715267,674
296.2563,242.528,3:27:25:719278,753
296.035,242.5863,3:27:25:723341,834
295.8382,242.5863,3:27:25:727324,938
295.5923,242.6446,3:27:25:731325,1062
295.4447,242.6446,3:27:25:735338,1211
295.2726,242.7321,3:27:25:739271,1366
295.1988,242.7321,3:27:25:743298,1510
295.1004,242.7321,3:27:25:747352,1621
295.0266,242.7612,3:27:25:750361,1688
295.002,242.7612,3:27:25:755361,1718
295.002,242.7612,3:27:25:758361,1743
295.002,242.7612,3:27:25:762484,1763
295.002,242.7612,3:27:25:766365,1781
295.002,242.7612,3:27:25:771264,1824
295.002,242.7612,3:27:25:774274,1884
295.002,242.7612,3:27:25:779484,1963
295.7152,242.0616,3:27:25:783494,2063
295.7152,242.0616,3:27:25:786492,2166
296.7236,240.9539,3:27:25:790495,2249
297.5106,240.0502,3:27:25:794601,2339
298.5435,238.8842,3:27:25:798494,2413
299.8224,237.3102,3:27:25:803264,2487
301.3964,235.3279,3:27:25:807274,2570
303.2409,232.9377,3:27:25:811274,2648
305.3806,230.1976,3:27:25:815272,2743
307.7908,227.1368,3:27:25:819277,2829
310.4223,223.8137,3:27:25:823277,2894
313.349,220.1991,3:27:25:827275,2958
316.4724,216.3513,3:27:25:830273,3011
319.8417,212.2411,3:27:25:835210,3067
323.6537,207.8395,3:27:25:839219,3140
327.7363,203.1172,3:27:25:843213,3218
332.1386,198.1908,3:27:25:847223,3304
336.713,193.1187,3:27:25:851223,3383
341.4842,187.9009,3:27:25:855224,3450
346.4521,182.5373,3:27:25:859221,3500
351.666,177.0571,3:27:25:863223,3536
357.0029,171.4895,3:27:25:867270,3575
362.1676,166.0092,3:27:25:871293,3616
367.0863,160.7914,3:27:25:875212,3675
371.8083,155.7484,3:27:25:879237,3734
376.3828,151.0262,3:27:25:883221,3787
380.662,146.537,3:27:25:887220,3832
384.6216,142.3686,3:27:25:891622,3849
388.1385,138.5791,3:27:25:894632,3856
391.2374,135.256,3:27:25:898635,3871
393.9919,132.4285,3:27:25:902632,3902
396.4267,130.0381,3:27:25:906632,3948
398.4925,127.9977,3:27:25:910637,4010
400.1649,126.2486,3:27:25:914726,4101
401.5175,124.8203,3:27:25:918736,4218
402.5259,123.6543,3:27:25:922686,4360
403.2391,122.809,3:27:25:927713,4523
403.6326,122.226,3:27:25:930783,4675
403.8294,121.7304,3:27:25:934696,4780
403.854,121.4389,3:27:25:939271,4857
403.854,121.2057,3:27:25:942282,4900
403.854,121.06,3:27:25:947269,4915
403.854,120.9725,3:27:25:951290,4936
403.854,120.885,3:27:25:955280,4947
403.854,120.7684,3:27:25:959280,4954
403.2637,120.7102,3:27:25:963279,4952
403.2637,120.6518,3:27:25:967278,4947
403.2637,120.6518,3:27:25:971268,4941
403.2637,120.6227,3:27:25:975294,4933
403.2637,120.6227,3:27:25:979266,4926
403.2637,120.6227,3:27:25:983270,4925
403.2637,120.6227,3:27:25:987273,4929
403.2637,120.6227,3:27:25:991294,4926
403.8294,120.6227,3:27:25:995270,4932
403.8294,120.6227,3:27:25:999279,4928
404.2967,120.6227,3:27:26:003327,4924
404.2967,120.6227,3:27:26:007357,4930
404.7639,120.6227,3:27:26:010349,4931
404.7639,120.6227,3:27:26:015336,4929
404.7639,120.6227,3:27:26:018351,4928
405.1574,120.6227,3:27:26:022360,4930
405.1574,120.6227,3:27:26:027555,4930
405.1574,120.6227,3:27:26:031072,4936
405.1574,120.6227,3:27:26:035130,4943
405.1574,120.6227,3:27:26:039675,4938
405.1574,120.6227,3:27:26:043005,4938
405.1574,120.6227,3:27:26:047006,4940
405.1574,120.6227,3:27:26:051130,4932
405.1574,120.6227,3:27:26:055185,4938
405.1574,120.6227,3:27:26:058603,4944
405.1574,120.6227,3:27:26:062609,4945
405.1574,120.6227,3:27:26:066615,4944
405.1574,120.6227,3:27:26:070609,4937
405.1574,120.6227,3:27:26:075130,4928
405.1574,120.6227,3:27:26:078667,4919
405.1574,120.6227,3:27:26:083421,4905
405.1574,120.6227,3:27:26:086431,4861
405.1574,120.6227,3:27:26:090430,4779
405.1574,120.6227,3:27:26:094434,4625
405.1574,120.6227,3:27:26:098442,4394
405.1574,120.6227,3:27:26:102431,4046
405.1574,120.6227,3:27:26:107129,3555
405.1574,120.6227,3:27:26:111178,2918
405.1574,120.6227,3:27:26:115129,2014
404.641,120.6227,3:27:26:118595,1173
404.641,121.6138,3:27:26:122919,516
403.8786,121.6138,3:27:26:126952,0
403.2637,122.634,3:27:26:131640,0
402.3784,123.217,3:27:26:134644,0
401.3208,123.8875,3:27:26:138654,0
400.0665,124.4705,3:27:26:142676,0
398.7385,124.4705,3:27:26:146648,0
397.2628,125.2284,3:27:26:150652,0
395.7134,125.2284,3:27:26:155271,0
394.164,125.2284,3:27:26:159281,0
392.6146,125.2284,3:27:26:162673,0
391.139,124.2956,3:27:26:166678,0
391.139,124.2956,3:27:26:184703,0
