417.9462,309.9228,3:30:59:731534,0
417.9462,309.9228,3:30:59:736566,0
417.9462,309.9228,3:30:59:740655,0
417.9462,309.1649,3:30:59:744545,0
418.684,309.1649,3:30:59:748660,0
418.684,309.1649,3:30:59:752827,0
418.684,308.4944,3:30:59:755843,0
418.684,308.4944,3:30:59:759836,0
418.684,308.4944,3:30:59:764836,0
418.684,308.4944,3:30:59:767836,0
418.684,309.2523,3:30:59:772607,0
417.8724,309.9519,3:30:59:776384,0
417.8724,310.7682,3:30:59:780741,0
416.987,311.701,3:30:59:784291,0
416.987,312.6629,3:30:59:788322,0
416.1754,313.6831,3:30:59:792255,0
416.1754,314.6451,3:30:59:796261,0
415.6098,315.5487,3:30:59:800656,0
415.6098,316.3941,3:30:59:804099,0
415.6098,317.0937,3:30:59:808081,0
415.6098,317.6476,3:30:59:812082,0
415.6098,318.0556,3:30:59:816082,0
415.6098,318.0556,3:30:59:820081,0
416.2246,318.4055,3:30:59:824659,0
416.2246,318.4055,3:30:59:828663,0
417.1592,318.4055,3:30:59:832674,0
417.7249,318.4055,3:30:59:836674,0
418.2659,317.4435,3:30:59:840674,0
418.7824,317.4435,3:30:59:844827,0
419.2989,316.6564,3:30:59:848837,0
419.7169,316.6564,3:30:59:851837,0
420.1104,315.986,3:30:59:855871,0
420.381,315.986,3:30:59:859837,0
420.381,315.986,3:30:59:864654,0
420.7253,315.986,3:30:59:868665,0
420.7253,315.5779,3:30:59:872664,0
420.7253,315.5779,3:30:59:876650,0
420.7253,315.5779,3:30:59:880661,0
420.7253,315.5779,3:30:59:884659,0
420.7253,315.5779,3:30:59:888661,0
420.7253,315.5779,3:30:59:892661,0
419.9137,315.5779,3:30:59:896652,0
419.9137,315.5779,3:30:59:900662,0
419.3234,315.5779,3:30:59:904663,0
419.3234,314.7325,3:30:59:907663,0
418.561,314.7325,3:30:59:912652,0
418.1429,313.7706,3:30:59:916663,0
417.6757,313.1002,3:30:59:919665,0
417.1346,312.4005,3:30:59:924663,0
416.5935,311.5844,3:30:59:928502,0
416.0279,310.739,3:30:59:932512,0
415.4376,309.8062,3:30:59:936513,0
414.8228,308.8734,3:30:59:940543,0
414.1342,307.9989,3:30:59:944636,0
413.4455,307.0952,3:30:59:948645,0
412.7077,306.2791,3:30:59:952647,0
411.9207,305.5503,3:30:59:956647,0
411.1091,304.8799,3:30:59:960598,0
410.2729,304.2968,3:30:59:964621,0
409.3876,303.7722,3:30:59:968632,0
408.5022,303.2766,3:30:59:972630,0
407.6168,302.9268,3:30:59:976632,0
406.7068,302.6645,3:30:59:980780,0
405.7969,302.4021,3:30:59:983790,0
404.8623,302.2563,3:30:59:987793,0
403.9523,302.0523,3:30:59:991790,0
403.0424,301.9648,3:30:59:995790,0
402.1078,301.8482,3:30:59:999790,0
401.2224,301.7608,3:31:00:004552,0
400.3863,301.6151,3:31:00:008656,0
399.5255,301.5568,3:31:00:012659,0
398.6647,301.4402,3:31:00:016657,0
397.9023,301.3235,3:31:00:020659,0
397.1399,301.2653,3:31:00:024657,0
396.4021,301.2653,3:31:00:028679,0
395.7626,301.2653,3:31:00:032654,0
395.1724,301.2653,3:31:00:035663,0
394.6805,301.2653,3:31:00:040663,0
394.3116,301.2653,3:31:00:044664,0
393.9919,301.2653,3:31:00:047666,0
393.7705,301.2653,3:31:00:052848,0
393.623,301.2653,3:31:00:055871,0
393.5492,301.2653,3:31:00:059861,0
393.5246,301.2653,3:31:00:063858,0
393.5246,301.2653,3:31:00:067858,0
393.5246,301.2653,3:31:00:071858,0
393.5246,300.5074,3:31:00:075858,0
393.5246,300.5074,3:31:00:079858,0
394.1394,299.8952,3:31:00:083860,0
394.1394,299.8952,3:31:00:089004,0
394.6067,299.1664,3:31:00:092014,0
394.6067,299.1664,3:31:00:096016,0
395.074,298.4669,3:31:00:100014,0
395.074,298.1462,3:31:00:104016,0
395.5167,297.7964,3:31:00:108014,0
395.5167,297.5049,3:31:00:112644,0
395.8364,297.2426,3:31:00:115654,0
395.8364,296.9802,3:31:00:120678,0
395.8364,296.7762,3:31:00:124207,0
396.0823,296.5429,3:31:00:128204,0
396.0823,296.368,3:31:00:132208,0
396.0823,296.1349,3:31:00:136205,0
396.0823,295.8725,3:31:00:140643,0
396.0823,295.4644,3:31:00:144901,0
395.4921,295.0272,3:31:00:147913,0
395.4921,294.5608,3:31:00:151949,0
394.8281,293.9486,3:31:00:155909,0
394.8281,293.3365,3:31:00:160009,0
394.0411,292.5494,3:31:00:163911,1257
393.5492,291.704,3:31:00:167911,1281
392.9835,290.8587,3:31:00:171911,1371
392.4179,289.9259,3:31:00:176912,1520
391.8276,288.9931,3:31:00:179939,1707
391.3112,288.0312,3:31:00:183913,1927
390.7701,287.0984,3:31:00:188650,2126
390.2044,286.2238,3:31:00:191956,2323
389.8109,285.4659,3:31:00:195956,2533
389.4666,284.8538,3:31:00:200073,2714
389.2453,284.4165,3:31:00:203955,2869
389.0731,284.0959,3:31:00:208649,2969
388.9502,283.8918,3:31:00:212680,3013
388.9256,283.8918,3:31:00:216659,3030
388.9256,283.8918,3:31:00:220672,3068
388.9256,283.8918,3:31:00:224659,3158
389.7617,285.0287,3:31:00:228667,3289
390.4258,285.9907,3:31:00:232704,3442
391.3358,287.2441,3:31:00:235705,3574
392.5408,288.8474,3:31:00:239728,3664
394.0902,290.8587,3:31:00:244705,3730
395.861,293.1907,3:31:00:248705,3780
397.8531,295.785,3:31:00:252472,3819
399.9927,298.5251,3:31:00:256482,3850
402.2062,301.3527,3:31:00:260752,3869
404.518,304.2094,3:31:00:263759,3880
406.8052,307.037,3:31:00:268646,3891
409.0186,309.7188,3:31:00:271656,3897
411.1337,312.2548,3:31:00:276656,3907
413.175,314.5285,3:31:00:279656,3915
415.0687,316.6564,3:31:00:284711,3913
416.8886,318.5804,3:31:00:287724,3915
418.561,320.3293,3:31:00:292666,3914
420.135,321.8452,3:31:00:296665,3912
421.5123,323.2152,3:31:00:300666,3917
422.6682,324.4395,3:31:00:304667,3918
423.7257,325.4597,3:31:00:308719,3920
424.5619,326.3634,3:31:00:312742,3926
425.2505,327.0922,3:31:00:316728,3949
425.7424,327.6751,3:31:00:319729,3988
426.0867,328.0833,3:31:00:324853,4065
426.2835,328.3748,3:31:00:327863,4158
426.3572,328.5788,3:31:00:331863,4233
426.3572,328.5788,3:31:00:335863,4294
426.3572,328.5788,3:31:00:339863,4315
425.4719,328.5788,3:31:00:343866,4313
424.7587,327.8209,3:31:00:347863,4311
423.8241,327.8209,3:31:00:351863,4310
422.6682,326.3634,3:31:00:356883,4303
421.3155,325.1974,3:31:00:360629,4305
419.7169,323.8274,3:31:00:364145,4300
417.9954,322.1658,3:31:00:368144,4288
416.0279,320.2711,3:31:00:372140,4281
413.9374,318.1722,3:31:00:376144,4271
411.6994,316.0151,3:31:00:380142,4262
409.363,313.8289,3:31:00:384604,4257
406.9282,311.7592,3:31:00:388120,4250
404.4442,309.8645,3:31:00:392273,4242
401.9848,308.2613,3:31:00:396276,4235
399.5992,307.037,3:31:00:400272,4228
397.2874,306.2499,3:31:00:404272,4228
395.1478,305.9293,3:31:00:408648,4232
393.2049,305.9293,3:31:00:412172,4237
391.4341,306.8912,3:31:00:416261,4245
389.8355,308.028,3:31:00:420171,4252
388.4583,309.6313,3:31:00:424433,4254
387.3024,311.5844,3:31:00:428323,4255
386.2694,313.7997,3:31:00:432321,4255
385.4825,316.3066,3:31:00:436322,4246
384.9414,318.9593,3:31:00:440519,4248
384.5971,321.5828,3:31:00:444527,4257
384.4495,324.2063,3:31:00:448542,4259
384.4495,326.8007,3:31:00:452541,4266
384.4495,329.2784,3:31:00:456641,4268
385.5808,331.6104,3:31:00:460630,4257
386.3924,333.7092,3:31:00:464634,4260
387.4254,335.5748,3:31:00:468644,4267
388.6058,337.1489,3:31:00:472644,4269
389.8847,338.519,3:31:00:476644,4275
391.3604,339.5684,3:31:00:480644,4281
392.8852,340.2679,3:31:00:484644,4281
394.4838,340.6469,3:31:00:488724,4281
396.1069,340.6469,3:31:00:492733,4281
397.6809,340.6469,3:31:00:496733,4272
399.1812,339.5684,3:31:00:499732,4265
400.6322,338.4607,3:31:00:504733,4268
402.0094,336.9157,3:31:00:507733,4272
403.2637,335.1959,3:31:00:512585,4285
404.4196,333.1262,3:31:00:516771,4295
405.4771,330.7942,3:31:00:520037,4302
406.4855,328.1707,3:31:00:524038,4302
407.4447,325.2849,3:31:00:529036,4296
408.3792,322.1075,3:31:00:532036,4297
409.2892,318.7552,3:31:00:536303,4292
410.2729,315.2573,3:31:00:540310,4291
411.2321,311.4677,3:31:00:544143,4290
412.2896,307.6491,3:31:00:548156,4286
413.4455,303.9471,3:31:00:552266,4296
414.6752,300.449,3:31:00:557164,4306
415.9787,297.1551,3:31:00:560627,4317
417.4051,294.2984,3:31:00:563635,4329
418.9053,291.8789,3:31:00:568540,4336
420.4055,289.8968,3:31:00:572538,4337
421.9796,288.4101,3:31:00:576539,4337
423.5782,287.4482,3:31:00:580550,4340
425.1522,286.836,3:31:00:585077,4335
426.6524,286.6028,3:31:00:588087,4356
428.1034,286.6028,3:31:00:592112,4378
429.4807,286.6028,3:31:00:596087,4417
430.6858,287.7688,3:31:00:600177,4464
431.8171,288.7307,3:31:00:604089,4508
432.7762,290.0425,3:31:00:608599,4562
433.5632,291.5583,3:31:00:612266,4597
434.1289,293.3365,3:31:00:615946,4624
434.5716,295.377,3:31:00:619928,4637
434.8175,297.6215,3:31:00:623926,4638
434.8667,300.0701,3:31:00:627928,4637
434.8667,302.7227,3:31:00:631926,4641
434.8667,305.4337,3:31:00:635926,4639
434.2273,308.2029,3:31:00:640468,4632
434.2273,310.9431,3:31:00:644476,4624
433.0959,313.5374,3:31:00:648476,4610
432.3827,316.0151,3:31:00:652476,4590
431.5957,318.2888,3:31:00:656476,4533
430.6858,320.3293,3:31:00:660629,4418
429.6774,322.0492,3:31:00:664638,4233
428.6691,323.5359,3:31:00:668649,3969
427.5869,324.731,3:31:00:672659,3646
426.431,325.6055,3:31:00:676655,3249
425.2014,326.2468,3:31:00:679665,2760
423.8733,326.5092,3:31:00:684663,2087
422.4468,326.5092,3:31:00:688665,1313
420.9958,326.5092,3:31:00:692666,674
419.4218,325.3431,3:31:00:696665,0
417.7249,324.2646,3:31:00:700731,0
415.8557,322.8071,3:31:00:703741,0
413.8882,320.9415,3:31:00:708596,0
411.724,318.7261,3:31:00:712605,0
409.4367,316.0735,3:31:00:716596,0
407.002,312.9836,3:31:00:720596,0
404.4196,309.5147,3:31:00:724592,0
401.8373,305.7252,3:31:00:728608,0
399.2057,301.7608,3:31:00:732644,0
396.6234,297.709,3:31:00:735659,0
394.1148,293.7445,3:31:00:740712,0
391.7784,289.9842,3:31:00:745717,0
389.5404,286.5445,3:31:00:748489,0
387.5237,283.5421,3:31:00:752503,0
385.6792,281.0352,3:31:00:757498,0
383.933,278.9655,3:31:00:760501,0
382.3098,277.3331,3:31:00:764500,0
380.8342,276.1088,3:31:00:768501,0
379.4324,275.176,3:31:00:772151,0
378.0797,274.4764,3:31:00:776161,0
376.8746,274.01,3:31:00:780590,0
375.7187,273.6019,3:31:00:783838,0
374.612,273.2521,3:31:00:787994,0
373.6283,273.048,3:31:00:791990,0
372.7183,272.8148,3:31:00:795993,0
371.8329,272.64,3:31:00:799991,0
371.0705,272.3776,3:31:00:804644,0
370.3819,272.1152,3:31:00:808654,0
369.7178,271.8238,3:31:00:811802,0
369.1276,271.5614,3:31:00:815737,1155
368.6357,271.2699,3:31:00:819780,1226
368.2176,270.9784,3:31:00:823738,1365
367.8979,270.7452,3:31:00:828591,1533
367.652,270.5703,3:31:00:831789,1701
367.4798,270.4246,3:31:00:835791,1796
367.3322,270.3371,3:31:00:839794,1839
367.3076,270.3371,3:31:00:843793,1918
367.3076,270.3371,3:31:00:847801,2047
367.3076,270.3371,3:31:00:852525,2208
367.3076,271.2699,3:31:00:856533,2385
367.3076,271.2699,3:31:00:860182,2524
367.3076,272.6108,3:31:00:864185,2631
367.8487,273.4561,3:31:00:868185,2737
367.8487,274.4764,3:31:00:872182,2829
367.8487,275.5841,3:31:00:876648,2913
367.8487,276.8958,3:31:00:880656,2988
367.8487,278.1493,3:31:00:884647,3041
367.0617,279.4902,3:31:00:888657,3096
367.0617,280.8603,3:31:00:891931,3136
366.1026,282.2595,3:31:00:895930,3169
365.5123,283.6003,3:31:00:899932,3200
364.8237,284.9121,3:31:00:903932,3213
364.2088,286.2238,3:31:00:908636,3224
363.594,287.3315,3:31:00:912666,3237
362.93,288.3227,3:31:00:916645,3244
362.3397,289.2263,3:31:00:920647,3256
361.7003,289.9259,3:31:00:924791,3276
361.0609,290.4506,3:31:00:927802,3293
360.446,290.8587,3:31:00:932589,3324
359.8557,291.0336,3:31:00:936588,3352
359.1917,291.0336,3:31:00:940588,3371
358.5769,291.0336,3:31:00:944588,3381
357.8882,291.0336,3:31:00:948720,3386
357.1996,289.8968,3:31:00:952731,3385
356.5356,289.1097,3:31:00:956730,3380
355.9207,288.0603,3:31:00:960739,3377
355.2567,286.836,3:31:00:963732,3368
354.6665,285.4659,3:31:00:968728,3356
354.1746,284.0376,3:31:00:972591,3352
353.7319,282.5509,3:31:00:976227,3345
353.4122,281.0643,3:31:00:980650,3343
353.1909,279.6651,3:31:00:984667,3341
353.0925,278.3242,3:31:00:988508,3336
353.0925,277.1582,3:31:00:992522,3335
353.0925,276.0797,3:31:00:996522,3332
353.0925,275.1177,3:31:01:000519,3332
354.1008,274.2723,3:31:01:004598,3337
354.6911,273.4561,3:31:01:008109,3348
355.4781,272.6982,3:31:01:012114,3361
356.511,272.0861,3:31:01:016110,3383
357.6915,271.5905,3:31:01:020131,3418
359.118,271.1533,3:31:01:024110,3454
360.8887,270.891,3:31:01:027943,3495
362.807,270.716,3:31:01:031951,3526
364.9958,270.6577,3:31:01:035953,3544
367.3076,270.6577,3:31:01:040951,3555
369.7178,270.6577,3:31:01:044111,3560
372.128,270.6577,3:31:01:048124,3571
374.5874,271.4739,3:31:01:052420,3581
376.9238,271.4739,3:31:01:056430,3589
379.1618,272.3776,3:31:01:060432,3594
381.2523,272.9315,3:31:01:064455,3596
383.1706,273.5144,3:31:01:068783,3591
384.966,274.2723,3:31:01:071794,3591
386.6137,275.0302,3:31:01:075793,3585
388.1877,275.9048,3:31:01:079796,3550
389.5158,276.7501,3:31:01:084793,3412
390.7947,277.6246,3:31:01:088794,3170
391.9998,278.4699,3:31:01:092643,2754
393.1557,279.257,3:31:01:096653,2060
394.3362,279.9566,3:31:01:100422,1303
395.4921,280.4521,3:31:01:104321,648
396.5496,280.7437,3:31:01:108320,0
397.6317,280.7437,3:31:01:112323,0
398.7631,280.7437,3:31:01:116641,0
399.8944,280.7437,3:31:01:120652,0
400.9765,279.5485,3:31:01:124651,0
402.034,278.7032,3:31:01:128654,0
403.1161,277.712,3:31:01:132651,0
404.1983,276.6043,3:31:01:136654,0
405.3788,275.38,3:31:01:140406,0
406.6577,274.0683,3:31:01:144407,0
408.1579,272.6691,3:31:01:148407,0
409.7811,271.2408,3:31:01:152407,0
411.6256,269.7541,3:31:01:156642,0
413.6915,268.2675,3:31:01:159979,0
415.9049,266.7516,3:31:01:164590,0
418.3889,265.2358,3:31:01:168601,0
420.9958,263.6326,3:31:01:172601,0
423.7503,262.0002,3:31:01:176604,0
426.5294,260.3678,3:31:01:180640,0
429.4069,258.7646,3:31:01:183651,0
432.3335,257.0447,3:31:01:188679,0
435.1618,255.2957,3:31:01:191722,0
437.9409,253.605,3:31:01:196659,0
440.6216,251.9726,3:31:01:199665,0
443.204,250.4276,3:31:01:203866,0
445.7125,249.0284,3:31:01:208885,0
448.1227,247.7458,3:31:01:211876,0
450.3607,246.609,3:31:01:215955,0
452.4512,245.7345,3:31:01:219877,0
454.3695,245.0058,3:31:01:223876,0
456.1403,244.5102,3:31:01:228644,0
457.7143,244.1604,3:31:01:231658,0
459.0424,243.9563,3:31:01:236720,0
460.1736,243.8689,3:31:01:239729,0
461.1082,243.8689,3:31:01:244702,0
461.8214,243.8689,3:31:01:247711,0
462.4117,244.6559,3:31:01:253419,0
462.8298,244.6559,3:31:01:256419,0
463.0511,245.6179,3:31:01:260643,0
463.1741,246.2009,3:31:01:263653,0
463.1741,246.8422,3:31:01:267790,0
463.1741,247.4835,3:31:01:271790,0
463.1741,248.0956,3:31:01:275790,0
462.3625,248.6786,3:31:01:279823,0
462.3625,249.2325,3:31:01:284708,0
461.4279,249.7863,3:31:01:287721,0
460.8377,250.2819,3:31:01:292717,0
460.1736,250.7483,3:31:01:295727,0
459.485,251.1272,3:31:01:299727,0
458.7718,251.4479,3:31:01:304726,0
458.0832,251.7103,3:31:01:308748,0
457.4192,251.9435,3:31:01:312687,0
456.7305,252.06,3:31:01:315686,0
456.0419,252.1183,3:31:01:320686,0
455.3533,252.1183,3:31:01:324687,0
454.7384,252.1183,3:31:01:328950,0
454.1728,252.1183,3:31:01:331960,0
453.6071,252.1183,3:31:01:336644,0
453.0169,251.3896,3:31:01:339797,0
452.4266,251.3896,3:31:01:345480,0
451.9348,250.7191,3:31:01:348481,0
451.4675,250.7191,3:31:01:352478,0
451.074,249.903,3:31:01:356479,0
450.7296,249.4366,3:31:01:360569,0
450.3607,249.0284,3:31:01:364600,0
450.0902,248.6203,3:31:01:367821,0
449.8689,248.2122,3:31:01:372493,0
449.6475,247.8624,3:31:01:376493,0
449.4262,247.5418,3:31:01:380494,0
449.254,247.2794,3:31:01:384494,0
449.0573,247.0171,3:31:01:388493,0
448.9097,246.8422,3:31:01:392493,0
448.7375,246.6382,3:31:01:396730,0
448.59,246.4632,3:31:01:399736,0
448.4424,246.3175,3:31:01:404651,0
448.2703,246.23,3:31:01:407988,0
448.1719,246.1134,3:31:01:411993,0
448.049,246.026,3:31:01:415990,0
447.9014,245.8802,3:31:01:419990,0
447.7784,245.647,3:31:01:423988,0
447.6554,245.4138,3:31:01:428647,0
447.5571,245.0932,3:31:01:431656,0
447.4341,244.7142,3:31:01:436646,0
447.3357,244.1604,3:31:01:439657,0
447.1882,243.5774,3:31:01:444655,0
447.016,242.8195,3:31:01:447657,0
446.8684,242.0616,3:31:01:452657,0
446.7209,241.2454,3:31:01:456657,0
446.5487,240.3418,3:31:01:460641,0
446.3766,239.4964,3:31:01:463657,0
446.2044,238.651,3:31:01:468652,0
445.9831,237.864,3:31:01:471652,0
445.7863,237.1353,3:31:01:476652,1837
445.5896,236.4648,3:31:01:479651,1940
445.3928,235.9109,3:31:01:484815,2118
445.2452,235.5029,3:31:01:487829,2308
445.0977,235.2113,3:31:01:492589,2505
444.9747,235.0073,3:31:01:496504,2601
444.8763,234.9198,3:31:01:500553,2624
444.8763,234.9198,3:31:01:504551,2662
444.8763,234.9198,3:31:01:508557,2714
444.8763,235.6777,3:31:01:512550,2781
444.8763,235.6777,3:31:01:516617,2852
445.7863,236.8438,3:31:01:520550,2898
445.7863,237.5725,3:31:01:524536,2924
446.7701,238.3887,3:31:01:528531,2940
447.4095,239.2923,3:31:01:532609,2949
448.1227,240.0794,3:31:01:536531,2960
448.8359,240.8665,3:31:01:540489,2971
449.5492,241.5661,3:31:01:544495,2971
450.2624,242.1782,3:31:01:549497,2978
450.951,242.6738,3:31:01:552495,2977
451.5904,243.0818,3:31:01:557189,2974
452.1069,243.3734,3:31:01:560713,2975
452.5742,243.6357,3:31:01:564707,2973
452.9185,243.8398,3:31:01:567705,2976
453.189,243.8398,3:31:01:572701,2985
453.3612,243.9855,3:31:01:576703,2998
453.4596,244.0438,3:31:01:579735,3052
453.4596,244.0438,3:31:01:583742,3112
453.4596,244.0438,3:31:01:588147,3174
453.4596,244.0438,3:31:01:592148,3224
453.4596,244.0438,3:31:01:596145,3236
452.7463,244.0438,3:31:01:600145,3234
452.7463,244.0438,3:31:01:604145,3247
451.8364,244.0438,3:31:01:608596,3274
451.2461,244.0438,3:31:01:612607,3310
450.5821,244.0438,3:31:01:616604,3363
449.8689,244.0438,3:31:01:620607,3398
449.1557,244.0438,3:31:01:624606,3435
448.4424,244.0438,3:31:01:628607,3467
447.7538,244.9183,3:31:01:631853,3513
447.0898,245.8219,3:31:01:635863,3573
446.4503,247.0462,3:31:01:640394,3632
445.8601,248.5038,3:31:01:644402,3698
445.3928,250.2236,3:31:01:648403,3750
444.9993,252.2641,3:31:01:652403,3795
444.7042,254.567,3:31:01:656405,3838
444.5566,257.0155,3:31:01:660555,3869
444.5566,259.5225,3:31:01:664526,3895
444.5566,262.0876,3:31:01:668529,3907
444.5566,264.4779,3:31:01:672532,3919
445.4666,266.8099,3:31:01:676539,3929
446.0323,268.9088,3:31:01:680650,3937
446.7946,270.7452,3:31:01:683689,3950
447.6554,272.261,3:31:01:688421,3953
448.6884,273.5144,3:31:01:692425,3956
449.7951,274.5347,3:31:01:696652,3964
451.0248,275.2635,3:31:01:700662,3971
452.3774,275.7881,3:31:01:704661,3987
453.8285,276.1088,3:31:01:708661,3998
455.4271,276.2545,3:31:01:712660,4000
457.0748,276.2545,3:31:01:715693,4002
458.8702,276.2545,3:31:01:720079,4001
460.6409,275.2343,3:31:01:724063,4005
462.4609,274.4764,3:31:01:728441,4005
464.2562,273.5144,3:31:01:732465,4003
466.027,272.3484,3:31:01:736484,3998
467.6501,270.9784,3:31:01:740437,3993
469.1504,269.4626,3:31:01:744133,3990
470.4539,267.8593,3:31:01:748147,3986
471.6097,266.1686,3:31:01:752608,3982
472.5443,264.4779,3:31:01:756598,3971
473.3313,262.8747,3:31:01:760606,3966
473.897,261.3006,3:31:01:764598,3964
474.2659,259.9597,3:31:01:768580,3975
474.4872,258.8228,3:31:01:772548,3983
474.5364,257.8318,3:31:01:776647,3993
474.5364,257.0739,3:31:01:779653,4003
474.5364,256.6075,3:31:01:784647,4001
474.5364,256.3159,3:31:01:788657,4005
473.6018,256.3159,3:31:01:792652,4014
473.6018,256.3159,3:31:01:795662,4054
472.6181,257.0739,3:31:01:800663,4122
472.0033,257.9483,3:31:01:805662,4209
471.413,259.0561,3:31:01:808660,4304
470.8228,260.4553,3:31:01:812662,4392
470.2571,262.0876,3:31:01:815662,4463
469.8144,263.895,3:31:01:820593,4522
469.4947,265.8188,3:31:01:824570,4577
469.4947,267.7136,3:31:01:828552,4620
469.4947,269.55,3:31:01:832555,4663
469.4947,271.299,3:31:01:836554,4706
469.4947,272.9606,3:31:01:840555,4745
470.5522,274.5347,3:31:01:845301,4765
471.3146,275.9048,3:31:01:848311,4780
472.2738,277.1873,3:31:01:852312,4790
473.3313,278.4408,3:31:01:856314,4796
474.438,279.6068,3:31:01:860426,4803
475.6677,280.6562,3:31:01:864310,4813
476.9466,281.7056,3:31:01:868590,4812
478.2501,282.6384,3:31:01:872559,4810
479.6027,283.4837,3:31:01:876641,4806
480.9554,284.3291,3:31:01:880651,4793
482.3326,285.087,3:31:01:884644,4780
483.5377,285.7866,3:31:01:888655,4760
484.7674,286.4571,3:31:01:892589,4710
485.9233,287.04,3:31:01:896598,4596
487.0054,287.623,3:31:01:900597,4408
488.0138,288.1186,3:31:01:904605,4130
488.85,288.5558,3:31:01:908620,3782
489.4648,288.8765,3:31:01:912628,3392
490.0059,289.0805,3:31:01:916642,2921
490.3994,289.1389,3:31:01:919653,2236
490.5961,289.1389,3:31:01:924651,1438
490.5961,289.1389,3:31:01:927653,746
490.5961,287.7979,3:31:01:931653,0
490.5961,286.836,3:31:01:935653,0
489.5386,285.5534,3:31:01:939653,0
489.5386,283.9501,3:31:01:944587,0
488.3827,282.0262,3:31:01:948598,0
487.6203,279.7817,3:31:01:952598,0
486.7841,277.1873,3:31:01:956598,0
485.8495,274.3015,3:31:01:960599,0
484.8412,271.0367,3:31:01:964598,0
483.7837,267.4221,3:31:01:968598,0
482.6277,263.4868,3:31:01:972598,0
481.3489,259.2601,3:31:01:976644,0
480.0454,254.8584,3:31:01:979654,0
478.7665,250.4276,3:31:01:984947,0
477.5122,246.026,3:31:01:987950,0
476.2826,241.7701,3:31:01:991958,0
475.1266,237.7182,3:31:01:995950,0
474.0199,233.987,3:31:01:999950,0
472.987,230.6057,3:31:02:004638,0
471.9787,227.6906,3:31:02:007649,0
471.0687,225.1837,3:31:02:012649,0
470.1341,223.1141,3:31:02:016648,0
469.2242,221.3651,3:31:02:020649,0
468.388,220.0533,3:31:02:023661,0
467.5764,219.0623,3:31:02:027648,0
466.7648,218.3335,3:31:02:032649,2706
466.027,217.8671,3:31:02:036639,2785
465.3383,217.5173,3:31:02:040652,2944
464.7727,217.2841,3:31:02:044433,3144
464.33,217.1675,3:31:02:048433,3359
463.9857,217.08,3:31:02:052435,3497
463.7151,217.0217,3:31:02:056436,3551
463.5676,216.9926,3:31:02:060573,3562
463.5676,216.9926,3:31:02:064569,3577
463.5676,216.9926,3:31:02:068596,3609
463.5676,216.9926,3:31:02:072570,3676
464.6989,217.8088,3:31:02:076238,3758
465.4613,218.4501,3:31:02:080252,3840
466.3959,219.208,3:31:02:084648,3918
467.5272,220.1991,3:31:02:088658,3991
468.8307,221.4817,3:31:02:092594,4066
470.3309,222.91,3:31:02:096605,4129
471.8803,224.659,3:31:02:100602,4186
473.5035,226.4955,3:31:02:104604,4227
475.1266,228.5652,3:31:02:108604,4250
476.7498,230.7222,3:31:02:112603,4267
478.3484,232.9377,3:31:02:116603,4270
479.9224,235.2697,3:31:02:120603,4279
481.4472,237.6599,3:31:02:124596,4278
482.8491,239.9919,3:31:02:127854,4280
484.2018,242.3239,3:31:02:132594,4283
485.456,244.5685,3:31:02:136615,4277
486.6857,246.7839,3:31:02:140614,4277
487.8416,248.9118,3:31:02:144615,4275
488.8992,250.894,3:31:02:148888,4272
489.8829,252.7596,3:31:02:152421,4259
490.7437,254.4795,3:31:02:155987,4225
491.5307,256.0536,3:31:02:159988,4127
492.1947,257.307,3:31:02:164007,3952
492.7112,258.3564,3:31:02:168008,3691
493.1293,259.0852,3:31:02:172592,3377
493.3752,259.6099,3:31:02:176616,2987
493.4982,259.7556,3:31:02:180647,2473
493.5228,259.7556,3:31:02:184657,1815
493.5228,258.852,3:31:02:188658,1100
493.5228,257.8318,3:31:02:191682,519
493.5228,256.4908,3:31:02:197013,143
492.7604,254.7127,3:31:02:200024,0
492.7604,252.5264,3:31:02:204023,0
491.8504,249.9904,3:31:02:208025,0
491.2848,247.0171,3:31:02:212026,0
490.6207,243.694,3:31:02:216024,0
489.9321,239.9919,3:31:02:220643,0
489.1697,235.9109,3:31:02:224532,0
488.4073,231.6259,3:31:02:228631,0
487.5957,227.2242,3:31:02:232666,0
486.7841,222.8517,3:31:02:236666,0
486.0709,218.5376,3:31:02:239665,0
485.4806,214.5732,3:31:02:244663,0
484.9396,211.046,3:31:02:248664,0
484.4723,207.9561,3:31:02:252647,0
484.1526,205.3909,3:31:02:255658,0
483.882,203.1755,3:31:02:260723,0
483.6361,201.3391,3:31:02:263725,1522
483.4639,199.7358,3:31:02:268636,1585
483.3164,198.3949,3:31:02:271729,1726
483.218,197.1998,3:31:02:275775,1951
483.1442,196.0629,3:31:02:281776,2221
483.1442,195.0718,3:31:02:284776,2460
483.1442,194.1973,3:31:02:287775,2652
483.1442,193.4102,3:31:02:292581,2788
483.1442,192.7398,3:31:02:295828,2899
483.9066,192.1859,3:31:02:300707,3000
483.9066,191.7778,3:31:02:303706,3084
484.8904,191.4863,3:31:02:308707,3169
485.456,191.3406,3:31:02:311731,3249
486.0709,191.3406,3:31:02:316631,3329
486.7349,191.3406,3:31:02:320639,3414
487.4481,191.3406,3:31:02:324645,3495
488.1613,192.6815,3:31:02:329660,3580
488.8746,193.5851,3:31:02:332643,3659
489.514,194.8094,3:31:02:336676,3722
490.1042,196.2961,3:31:02:339685,3765
490.6207,198.0451,3:31:02:343685,3789
491.0388,200.0273,3:31:02:348685,3801
491.3585,202.2135,3:31:02:351686,3804
491.5307,204.6039,3:31:02:356684,3811
491.6045,207.0233,3:31:02:360870,3823
491.6045,209.5885,3:31:02:363875,3830
491.6045,212.3577,3:31:02:368642,3847
491.6045,215.1853,3:31:02:372654,3854
491.0388,218.1877,3:31:02:376650,3857
491.0388,221.1319,3:31:02:380653,3861
490.3748,224.076,3:31:02:384658,3856
490.3748,226.8453,3:31:02:388664,3853
489.7354,229.4688,3:31:02:392461,3852
489.7354,231.83,3:31:02:396461,3851
489.0713,233.8121,3:31:02:400462,3858
489.0713,235.3571,3:31:02:404461,3863
488.5302,236.4648,3:31:02:408640,3870
488.5302,237.2518,3:31:02:412649,3872
488.2597,237.7182,3:31:02:416648,3875
488.2597,237.9514,3:31:02:420655,3878
488.2597,237.9514,3:31:02:424648,3880
488.2597,237.9514,3:31:02:427665,3876
488.2597,236.9021,3:31:02:432589,3870
488.2597,236.0858,3:31:02:436604,3863
489.3419,235.0947,3:31:02:439921,3855
490.0305,233.987,3:31:02:444664,3852
490.9404,232.7919,3:31:02:447715,3853
491.9734,231.6259,3:31:02:452660,3858
493.1785,230.5473,3:31:02:456598,3861
494.5557,229.702,3:31:02:459652,3866
496.0313,229.0898,3:31:02:464831,3873
497.6053,229.0898,3:31:02:467831,3877
499.2285,229.0898,3:31:02:471878,3883
500.8763,229.0898,3:31:02:475830,3886
502.5979,229.0898,3:31:02:479859,3892
504.3194,230.3433,3:31:02:483831,3900
506.0656,231.2469,3:31:02:488640,3913
507.8363,232.1797,3:31:02:492651,3926
509.6563,233.2,3:31:02:496652,3934
511.427,234.2494,3:31:02:500651,3943
513.1486,235.3279,3:31:02:504649,3945
514.9194,236.319,3:31:02:508650,3951
516.7147,237.281,3:31:02:512639,3962
518.51,238.1263,3:31:02:516646,3968
520.3546,238.8259,3:31:02:520647,3975
522.1499,239.4673,3:31:02:523649,3981
523.8961,239.9045,3:31:02:528649,3983
525.5438,240.196,3:31:02:532650,3984
527.1425,240.196,3:31:02:536588,3991
528.5688,240.196,3:31:02:540530,3991
529.8232,240.196,3:31:02:544529,3990
530.8561,240.196,3:31:02:548539,3990
531.6185,239.03,3:31:02:552471,3985
532.1349,238.3304,3:31:02:556480,3980
532.4547,237.4559,3:31:02:560589,3978
532.553,236.4648,3:31:02:564590,3942
532.553,235.3279,3:31:02:568587,3831
532.553,234.0162,3:31:02:572590,3646
531.3234,232.617,3:31:02:576640,3362
530.4626,231.1304,3:31:02:580651,3002
529.3313,229.5562,3:31:02:584598,2536
528.0278,227.8364,3:31:02:588601,1877
526.5276,226.0582,3:31:02:592640,1167
524.9044,224.2218,3:31:02:596650,566
523.1337,222.4728,3:31:02:600650,0
521.3629,220.7238,3:31:02:604651,0
519.4692,219.0623,3:31:02:608651,0
517.4525,217.5464,3:31:02:612650,0
515.4358,216.1764,3:31:02:616637,0
513.2715,215.0396,3:31:02:619651,0
511.0335,214.2525,3:31:02:624664,0
508.6479,213.6695,3:31:02:627683,0
506.1148,213.2905,3:31:02:632649,0
503.3849,213.2905,3:31:02:635648,0
500.409,213.2905,3:31:02:640650,0
497.3102,213.2905,3:31:02:643648,0
493.9901,214.6315,3:31:02:648637,0
490.4977,215.506,3:31:02:652649,0
486.8087,216.4679,3:31:02:655648,0
482.9721,217.6631,3:31:02:660579,0
479.037,218.9456,3:31:02:664588,0
475.1021,220.3157,3:31:02:668610,0
471.1425,221.8315,3:31:02:672609,0
467.3058,223.4348,3:31:02:676588,0
463.4446,225.1254,3:31:02:680601,0
459.731,226.8453,3:31:02:684656,0
456.1649,228.6526,3:31:02:688599,0
452.7463,230.4599,3:31:02:692615,0
449.5246,232.3255,3:31:02:696626,0
446.3766,234.1619,3:31:02:700599,0
443.4007,236.0858,3:31:02:704863,0
440.4003,238.0972,3:31:02:707877,0
437.5966,240.196,3:31:02:712683,0
434.8421,242.3531,3:31:02:716685,0
432.2106,244.5977,3:31:02:720683,0
429.5544,246.7839,3:31:02:724683,0
426.8983,248.941,3:31:02:728686,0
424.3897,250.8649,3:31:02:732707,0
421.9058,252.6722,3:31:02:735710,0
419.6678,254.4212,3:31:02:740833,0
417.5773,256.0244,3:31:02:744348,0
415.659,257.3945,3:31:02:748444,0
413.8882,258.5605,3:31:02:752349,0
412.3634,259.6099,3:31:02:756351,0
411.0107,260.6302,3:31:02:760348,0
409.8303,261.7087,3:31:02:764959,0
408.7973,262.6707,3:31:02:768475,0
407.8628,263.4868,3:31:02:772478,0
407.0511,264.2448,3:31:02:776478,0
406.3134,264.9443,3:31:02:780475,0
405.6985,265.5857,3:31:02:784474,0
405.1082,266.3144,3:31:02:788635,0
404.6164,266.8974,3:31:02:792646,0
404.1737,267.4513,3:31:02:796746,0
403.7556,268.0342,3:31:02:799747,0
403.3867,268.6464,3:31:02:804743,0
403.0178,269.2294,3:31:02:807746,0
402.5997,269.7541,3:31:02:812639,0
402.2308,270.2205,3:31:02:816903,0
401.8619,270.6577,3:31:02:820193,0
401.4438,271.0367,3:31:02:824193,0
401.0257,271.4156,3:31:02:828180,0
400.5584,271.7072,3:31:02:833187,0
400.0173,271.9695,3:31:02:836716,0
399.4517,272.2027,3:31:02:840833,0
398.8369,272.4359,3:31:02:843846,0
398.1482,272.7857,3:31:02:847917,0
397.4596,273.1064,3:31:02:851843,0
396.7464,273.5144,3:31:02:857103,0
396.0577,273.9808,3:31:02:860143,0
395.3937,274.4764,3:31:02:864113,0
394.8281,274.972,3:31:02:868114,0
394.3116,275.4384,3:31:02:872117,0
393.7951,275.8464,3:31:02:876114,1187
393.4016,276.1963,3:31:02:880764,1279
393.0573,276.4878,3:31:02:883777,1433
392.8114,276.6918,3:31:02:888774,1622
392.6146,276.8084,3:31:02:891774,1816
392.4671,276.8958,3:31:02:895774,1913
392.3441,276.8958,3:31:02:899775,1950
392.2457,276.8958,3:31:02:904642,1955
392.1965,276.925,3:31:02:907652,1951
392.1965,276.925,3:31:02:912352,1955
392.1965,276.925,3:31:02:916344,1966
392.1965,276.925,3:31:02:920344,1973
392.1965,276.925,3:31:02:924343,1995
392.8852,276.925,3:31:02:928344,2037
392.8852,276.925,3:31:02:932346,2091
393.623,276.3128,3:31:02:936640,2183
394.1394,276.3128,3:31:02:939669,2295
394.8281,275.38,3:31:02:944150,2420
395.6151,274.6805,3:31:02:948164,2551
396.648,273.7477,3:31:02:952161,2676
397.9023,272.5233,3:31:02:956160,2809
399.4025,271.0659,3:31:02:960161,2930
401.1487,269.2585,3:31:02:964644,3055
403.1407,267.1306,3:31:02:968654,3181
405.3542,264.7112,3:31:02:972267,3303
407.8873,261.971,3:31:02:976277,3423
410.691,258.9686,3:31:02:980276,3535
413.8144,255.6455,3:31:02:984276,3646
417.4051,252.0018,3:31:02:988647,3737
421.4385,248.0665,3:31:02:991658,3839
425.8408,243.7231,3:31:02:996116,3942
430.5628,238.9426,3:31:03:000107,4048
435.6291,233.8705,3:31:03:004106,4148
441.0643,228.6234,3:31:03:008106,4230
446.8438,223.0558,3:31:03:012106,4288
452.8693,217.2549,3:31:03:016638,4319
458.821,211.1917,3:31:03:020657,4353
464.8711,204.8954,3:31:03:024508,4386
470.8965,198.7155,3:31:03:028508,4406
476.9712,192.7398,3:31:03:032509,4428
482.9966,186.9681,3:31:03:036534,4438
488.727,181.3713,3:31:03:041023,4431
494.0392,176.0952,3:31:03:044546,4434
498.9334,171.198,3:31:03:049014,4432
503.5078,166.8255,3:31:03:052025,4423
507.5166,163.1234,3:31:03:057027,4419
511.0827,159.9169,3:31:03:061023,4414
514.034,157.2059,3:31:03:064024,4410
516.4933,154.9323,3:31:03:068025,4414
518.4608,153.1832,3:31:03:072640,4411
520.084,151.8423,3:31:03:075650,4408
521.3137,150.8804,3:31:03:080639,4417
522.1253,150.2391,3:31:03:084649,4456
522.7402,149.9184,3:31:03:088647,4525
523.1091,149.7727,3:31:03:092649,4646
523.3058,149.7727,3:31:03:096649,4816
523.3304,149.7727,3:31:03:100649,5024
523.3304,149.7727,3:31:03:104637,5230
523.3304,149.7727,3:31:03:108647,5405
523.3304,150.5014,3:31:03:112638,5554
522.5188,150.5014,3:31:03:116649,5685
522.5188,151.201,3:31:03:120591,5828
521.781,151.201,3:31:03:124604,5990
521.781,151.9007,3:31:03:128599,6144
521.0432,151.9007,3:31:03:132601,6262
521.0432,152.5711,3:31:03:136630,6357
520.5267,152.5711,3:31:03:140641,6426
520.5267,152.5711,3:31:03:144656,6463
520.5267,152.9209,3:31:03:148669,6482
520.5267,152.9209,3:31:03:151649,6488
520.5267,152.9209,3:31:03:156649,6484
520.5267,152.9209,3:31:03:160642,6488
520.5267,152.9209,3:31:03:164654,6490
520.5267,152.9209,3:31:03:167651,6482
520.5267,152.9209,3:31:03:172647,6479
520.5267,152.9209,3:31:03:176658,6460
520.5267,152.3087,3:31:03:180657,6442
520.5267,152.3087,3:31:03:184655,6425
520.5267,152.3087,3:31:03:187657,6399
520.5267,152.3087,3:31:03:192711,6374
520.5267,152.3087,3:31:03:195986,6344
520.5267,152.3087,3:31:03:199990,6296
520.5267,152.3087,3:31:03:203990,6186
520.5267,152.3087,3:31:03:207986,6014
520.5267,152.3087,3:31:03:211986,5759
520.5267,152.3087,3:31:03:216645,5442
520.5267,152.3087,3:31:03:219658,5099
520.5267,152.3087,3:31:03:224638,4716
520.5267,152.3087,3:31:03:227648,4269
520.5267,152.3087,3:31:03:232006,3706
520.5267,152.3087,3:31:03:236007,2951
521.0186,151.9007,3:31:03:240008,1924
521.0186,151.9007,3:31:03:244009,1052
521.0186,151.5508,3:31:03:248337,0
521.4859,151.2302,3:31:03:252350,0
521.4859,150.8804,3:31:03:256378,0
521.8302,150.4723,3:31:03:260641,0
521.8302,150.035,3:31:03:264649,0
522.1499,149.4812,3:31:03:268651,0
522.1499,148.8982,3:31:03:272650,0
522.3713,148.4026,3:31:03:277655,0
522.3713,147.7322,3:31:03:280660,0
522.5188,146.9451,3:31:03:284996,0
522.6418,146.129,3:31:03:288005,0
522.8631,145.3127,3:31:03:292006,0
523.1337,144.4382,3:31:03:296005,0
523.5272,143.418,3:31:03:300006,0
524.0928,142.252,3:31:03:304006,0
524.806,140.8528,3:31:03:308019,0
525.6176,139.3661,3:31:03:312641,0
526.6014,137.7629,3:31:03:316651,0
527.7573,135.6933,3:31:03:320591,0
527.7573,135.6933,3:31:03:338466,0
