324.121,266.4601,3:26:21:437422,0
324.121,266.4601,3:26:21:441264,0
324.9326,266.4601,3:26:21:445804,0
325.5475,265.5857,3:26:21:448814,0
326.2361,265.5857,3:26:21:452813,0
327.0477,265.5857,3:26:21:456815,0
327.8101,265.5857,3:26:21:461814,0
328.6709,265.5857,3:26:21:464846,0
329.3349,265.5857,3:26:21:469646,0
329.8268,265.5857,3:26:21:473663,0
330.2449,265.5857,3:26:21:476657,0
330.2449,266.7808,3:26:21:480669,0
330.2449,267.4513,3:26:21:484656,0
330.2449,268.1217,3:26:21:488656,0
330.54,268.7047,3:26:21:493615,0
330.54,269.2877,3:26:21:497645,0
330.54,269.8707,3:26:21:501624,0
330.54,270.3662,3:26:21:505645,0
330.54,270.891,3:26:21:508625,0
329.5562,270.891,3:26:21:513470,0
329.5562,271.4156,3:26:21:517470,0
328.3266,271.4156,3:26:21:521477,0
327.5396,271.7363,3:26:21:525490,0
326.7034,271.9987,3:26:21:529482,0
325.7688,272.261,3:26:21:533699,0
324.8343,272.5233,3:26:21:536709,0
323.9243,272.9023,3:26:21:540709,0
323.0635,273.3395,3:26:21:544739,0
322.1535,273.8934,3:26:21:548712,0
321.2436,274.5347,3:26:21:552709,0
320.3582,275.2635,3:26:21:556709,0
319.4974,275.9048,3:26:21:561538,0
318.5874,276.4586,3:26:21:565403,0
317.7513,277.0125,3:26:21:569411,0
317.0626,277.4497,3:26:21:572412,0
316.4724,277.8286,3:26:21:577411,0
315.9313,278.1493,3:26:21:581605,0
315.464,278.4408,3:26:21:585616,0
315.0459,278.674,3:26:21:588615,0
314.6524,278.8781,3:26:21:592615,0
314.3081,279.1112,3:26:21:597645,0
313.9884,279.4027,3:26:21:600913,0
313.5457,279.84,3:26:21:604680,0
312.9555,280.3355,3:26:21:609339,0
312.3652,280.8019,3:26:21:613349,0
311.7258,281.3849,3:26:21:617348,0
311.0372,281.968,3:26:21:621347,0
310.2993,282.5801,3:26:21:625348,0
309.5615,283.3672,3:26:21:629347,0
308.7253,284.1542,3:26:21:633457,0
307.9138,284.8246,3:26:21:636492,0
307.1267,285.5826,3:26:21:641457,0
306.2906,286.3405,3:26:21:644470,0
305.5036,286.9235,3:26:21:649341,0
304.6428,287.5939,3:26:21:653372,0
303.8312,288.2643,3:26:21:657371,0
303.0688,288.7307,3:26:21:661372,0
302.3064,289.2555,3:26:21:665371,0
301.6669,289.6635,3:26:21:669372,0
301.1013,289.9259,3:26:21:673456,0
300.634,290.0425,3:26:21:676466,0
300.1913,290.0425,3:26:21:681298,0
299.7732,290.0425,3:26:21:685392,0
299.4289,290.0425,3:26:21:689309,0
299.0108,289.3429,3:26:21:693308,0
298.6911,289.3429,3:26:21:697321,0
298.3468,288.1477,3:26:21:701389,0
297.9779,287.419,3:26:21:705400,0
297.5844,286.6611,3:26:21:709399,0
297.2401,285.8741,3:26:21:713399,0
296.9941,285.0287,3:26:21:717398,0
296.7482,284.0085,3:26:21:721621,0
296.6498,283.0465,3:26:21:724632,0
296.576,281.9971,3:26:21:729409,0
296.5269,281.006,3:26:21:732422,0
296.5269,279.9566,3:26:21:737417,0
296.5269,278.8489,3:26:21:741425,0
296.5269,277.712,3:26:21:744422,0
296.5269,276.5461,3:26:21:749456,0
296.5269,275.4384,3:26:21:753435,0
296.5269,274.2141,3:26:21:757445,0
296.5269,273.0772,3:26:21:761443,0
297.0679,271.8529,3:26:21:764444,0
297.0679,270.6577,3:26:21:769455,0
297.0679,269.5209,3:26:21:772467,0
297.0679,268.3841,3:26:21:777465,0
297.0679,267.2763,3:26:21:780469,0
297.0679,266.2561,3:26:21:785463,0
297.0679,265.4107,3:26:21:789874,0
297.0679,264.5654,3:26:21:793161,0
297.0679,263.8658,3:26:21:797353,0
296.5269,263.1662,3:26:21:801286,0
296.5269,262.6123,3:26:21:805288,0
295.9612,262.2043,3:26:21:809288,0
295.9612,261.8545,3:26:21:813402,0
295.4939,261.4464,3:26:21:817300,0
295.4939,261.0966,3:26:21:821266,0
295.002,260.7759,3:26:21:825305,0
295.002,260.5427,3:26:21:829315,0
294.6331,260.3678,3:26:21:833316,0
294.6331,260.3095,3:26:21:837313,0
294.4364,260.2803,3:26:21:841427,0
294.4364,260.2803,3:26:21:845437,0
294.4364,260.2803,3:26:21:849751,0
294.4364,260.2803,3:26:21:852761,0
294.4364,261.184,3:26:21:856636,0
295.0266,261.184,3:26:21:860557,0
295.0266,262.1168,3:26:21:864556,0
295.5677,262.1168,3:26:21:868666,0
295.5677,263.2537,3:26:21:872590,0
296.2317,263.9824,3:26:21:877708,0
296.2317,264.7403,3:26:21:880718,0
296.9695,265.5857,3:26:21:884720,0
296.9695,266.5185,3:26:21:888720,0
297.5598,267.4804,3:26:21:892717,0
297.9287,268.4424,3:26:21:896720,0
298.2484,269.3752,3:26:21:901740,0
298.5435,270.2788,3:26:21:905256,0
298.8141,271.0367,3:26:21:909256,0
299.0354,271.7363,3:26:21:913296,0
299.183,272.3484,3:26:21:916811,0
299.3551,272.844,3:26:21:920814,0
299.4781,273.3395,3:26:21:924812,0
299.4781,273.7185,3:26:21:928811,0
299.5273,274.1266,3:26:21:932812,0
299.5273,274.4472,3:26:21:936739,0
299.5273,274.7096,3:26:21:940739,0
299.5273,274.972,3:26:21:944739,0
299.5273,275.1177,3:26:21:948991,0
299.5273,275.2343,3:26:21:952936,0
299.5273,275.2635,3:26:21:956927,0
299.5273,275.2635,3:26:21:960938,0
299.5273,275.2635,3:26:21:964959,0
299.5273,275.2635,3:26:21:969446,0
299.5273,275.2635,3:26:21:972961,0
299.06,274.3598,3:26:21:977396,0
299.06,274.3598,3:26:21:981094,0
299.06,273.7768,3:26:21:985095,0
298.6911,273.7768,3:26:21:989095,0
298.6911,273.2521,3:26:21:993448,0
298.396,273.2521,3:26:21:996966,0
298.396,272.8148,3:26:22:000963,0
298.0025,272.8148,3:26:22:004975,0
297.7811,272.8148,3:26:22:008966,0
297.5352,272.3776,3:26:22:012966,0
297.2155,272.3776,3:26:22:017648,0
296.9203,272.0278,3:26:22:020661,0
296.5269,272.0278,3:26:22:024658,0
296.1825,271.7363,3:26:22:028658,0
295.789,271.5905,3:26:22:033656,0
295.4447,271.4448,3:26:22:036659,0
295.0266,271.2699,3:26:22:041395,0
294.6577,271.0659,3:26:22:044673,0
294.2888,270.9201,3:26:22:049422,0
293.8707,270.716,3:26:22:052937,0
293.5018,270.4828,3:26:22:057175,0
293.1575,270.2205,3:26:22:061143,0
292.8132,269.9582,3:26:22:065143,0
292.4935,269.6375,3:26:22:069142,0
292.1983,269.2585,3:26:22:073331,0
291.8786,268.9088,3:26:22:077343,0
291.6081,268.4424,3:26:22:081428,0
291.3867,267.976,3:26:22:085422,0
291.1408,267.4221,3:26:22:089427,0
290.8703,266.8683,3:26:22:093407,0
290.6735,266.3144,3:26:22:097671,0
290.403,265.6731,3:26:22:100684,0
290.1817,265.0318,3:26:22:105458,0
289.9357,264.3322,3:26:22:109469,0
289.6898,263.6617,3:26:22:113468,0
289.3701,263.0204,3:26:22:116468,0
289.075,262.35,3:26:22:121717,0
288.7306,261.5921,3:26:22:124984,0
288.3617,260.8633,3:26:22:128985,0
287.9436,260.0763,3:26:22:132984,0
287.5009,259.2601,3:26:22:136984,0
287.0091,258.5897,3:26:22:140984,0
286.5172,257.8318,3:26:22:145801,0
285.9761,257.0739,3:26:22:148815,0
285.4105,256.4326,3:26:22:152811,0
284.7956,255.8204,3:26:22:156811,894
284.2054,255.2666,3:26:22:160811,975
283.5659,254.8293,3:26:22:164811,1129
282.9757,254.4212,3:26:22:169681,1313
282.4838,253.9839,3:26:22:173693,1533
281.9427,253.7216,3:26:22:176778,1701
281.5001,253.4884,3:26:22:180821,1853
281.1558,253.3135,3:26:22:185404,2018
280.8852,253.1678,3:26:22:189413,2172
280.6639,253.0511,3:26:22:193457,2300
280.5163,252.9637,3:26:22:196467,2373
280.4425,252.9346,3:26:22:201517,2398
280.4179,252.9346,3:26:22:204520,2403
280.4179,252.9346,3:26:22:209520,2426
280.4179,252.9346,3:26:22:212519,2477
281.0082,252.9346,3:26:22:217452,2549
281.0082,252.9346,3:26:22:220482,2651
282.1395,253.6342,3:26:22:225459,2769
282.9757,253.6342,3:26:22:229462,2881
284.0086,254.8002,3:26:22:233459,3006
285.2875,255.7038,3:26:22:237461,3136
286.7139,256.9281,3:26:22:241474,3260
288.3863,258.4439,3:26:22:245453,3394
290.2308,260.3678,3:26:22:249480,3538
292.2229,262.6123,3:26:22:253465,3671
294.461,265.2067,3:26:22:256463,3797
296.9449,267.9468,3:26:22:261462,3904
299.6257,270.8618,3:26:22:264463,3971
302.4785,273.9808,3:26:22:269286,4034
305.4052,277.0416,3:26:22:273292,4101
308.3318,280.0149,3:26:22:277273,4144
311.2339,282.7841,3:26:22:281272,4208
314.1114,285.4368,3:26:22:285346,4253
316.8167,288.002,3:26:22:289271,4281
319.3007,290.3923,3:26:22:293455,4317
321.5879,292.6368,3:26:22:297466,4345
323.6783,294.6482,3:26:22:301551,4369
325.5229,296.5138,3:26:22:305546,4383
327.392,298.4377,3:26:22:309549,4383
327.392,298.4377,3:26:22:327147,0
302.8474,279.0821,3:26:22:520200,0
302.8474,279.0821,3:26:22:522752,0
302.208,279.0821,3:26:22:527345,0
302.208,279.0821,3:26:22:531355,0
301.3472,279.7817,3:26:22:535353,0
300.7816,279.7817,3:26:22:539367,0
300.1175,280.4521,3:26:22:543355,1082
299.3797,280.4521,3:26:22:547353,1097
298.5435,281.4724,3:26:22:551451,1112
297.8549,282.1137,3:26:22:554972,1128
297.1663,282.8424,3:26:22:559041,1153
296.3793,283.7169,3:26:22:562994,1170
295.5923,284.708,3:26:22:566994,1209
294.8053,285.8449,3:26:22:570995,1268
294.0429,287.04,3:26:22:574580,1336
293.1821,288.381,3:26:22:578554,1415
292.3459,289.8093,3:26:22:583554,1492
291.4359,291.3251,3:26:22:587554,1576
290.5752,292.9283,3:26:22:591392,1664
289.6652,294.6482,3:26:22:595564,1756
288.7306,296.368,3:26:22:599452,1853
287.7961,298.1462,3:26:22:603452,1951
286.8615,299.9535,3:26:22:607450,2050
285.9023,301.7025,3:26:22:611452,2146
285.0416,303.3349,3:26:22:615451,2228
284.2054,304.8507,3:26:22:619410,2287
283.4184,306.2207,3:26:22:623420,2330
282.7052,307.445,3:26:22:628422,2351
282.0411,308.4944,3:26:22:631424,2362
281.5001,309.4272,3:26:22:635421,2371
281.082,310.1269,3:26:22:639315,2366
280.7377,310.739,3:26:22:643249,2363
280.5163,311.2054,3:26:22:647573,2359
280.3441,311.5844,3:26:22:651091,2350
280.3195,311.8759,3:26:22:655136,2351
280.3195,312.109,3:26:22:659091,2350
280.3195,312.1965,3:26:22:663152,2353
280.959,312.2839,3:26:22:667090,2359
280.959,312.2839,3:26:22:671927,2361
282.0165,312.2839,3:26:22:674951,2364
282.7297,312.2839,3:26:22:678989,2361
283.5659,312.2839,3:26:22:682937,2359
284.5005,312.2839,3:26:22:686936,2356
285.5334,311.3511,3:26:22:690937,2361
286.6402,311.3511,3:26:22:695218,2364
287.7961,310.5349,3:26:22:699218,2370
288.952,310.5349,3:26:22:703218,2375
290.1325,309.777,3:26:22:707221,2375
291.3376,309.777,3:26:22:711450,2377
292.5427,309.1649,3:26:22:715460,2377
293.7231,309.1649,3:26:22:718674,2382
294.9529,308.8442,3:26:22:722684,2389
296.1088,308.8442,3:26:22:727681,2396
297.2892,308.8442,3:26:22:730685,2401
298.4944,308.8442,3:26:22:735895,2401
299.7732,309.6605,3:26:22:738908,2397
301.0521,309.6605,3:26:22:742905,2392
302.3556,310.7973,3:26:22:746906,2400
303.5852,311.5844,3:26:22:750905,2403
304.8395,312.5463,3:26:22:754931,2412
306.0692,313.5666,3:26:22:759089,2422
307.1759,314.7617,3:26:22:763100,2417
308.1843,316.1026,3:26:22:766660,2418
309.0697,317.4727,3:26:22:770661,2418
309.7583,318.9884,3:26:22:774660,2418
310.2747,320.5334,3:26:22:778661,2422
310.6436,322.2532,3:26:22:782843,2437
310.7666,323.9439,3:26:22:786840,2461
310.7666,325.8095,3:26:22:790838,2521
310.7666,327.7626,3:26:22:794840,2592
309.9305,329.8905,3:26:22:798840,2667
309.1926,332.1934,3:26:22:802862,2735
308.1843,334.642,3:26:22:807436,2784
306.9054,337.2364,3:26:22:810449,2834
305.479,339.8307,3:26:22:815445,2897
303.782,342.5417,3:26:22:819447,2972
301.9621,345.1068,3:26:22:823446,3039
300.0438,347.6429,3:26:22:827451,3103
297.9779,349.9749,3:26:22:830671,3147
295.8382,352.1612,3:26:22:835585,3179
293.6986,354.1142,3:26:22:839592,3211
291.5589,355.8632,3:26:22:842580,3238
289.3701,357.379,3:26:22:847445,3265
287.2058,358.7199,3:26:22:851463,3287
285.0416,359.8276,3:26:22:855496,3317
282.8527,360.7896,3:26:22:858502,3339
280.7377,361.5183,3:26:22:863393,3359
278.6964,362.0139,3:26:22:867408,3381
276.7043,362.3345,3:26:22:871404,3395
274.8597,362.4803,3:26:22:875405,3398
273.212,362.4803,3:26:22:879401,3392
271.7855,362.4803,3:26:22:883408,3372
270.5804,362.4803,3:26:22:887420,3303
269.5475,361.5475,3:26:22:891418,3180
268.6621,361.5475,3:26:22:895450,2993
267.9489,360.4398,3:26:22:899460,2752
267.4324,359.7693,3:26:22:903169,2475
267.0881,359.0406,3:26:22:907123,2158
266.793,358.1952,3:26:22:911097,1737
266.67,357.2332,3:26:22:915098,1226
266.67,356.1255,3:26:22:919343,717
266.67,354.843,3:26:22:923351,309
266.67,353.4146,3:26:22:927153,0
267.5554,351.8113,3:26:22:931161,0
268.1949,350.0332,3:26:22:935165,0
268.9572,348.0801,3:26:22:939163,0
269.818,345.9814,3:26:22:943434,0
270.8264,343.6494,3:26:22:947452,0
271.8593,341.2007,3:26:22:951445,0
273.0152,338.6064,3:26:22:955449,0
274.2941,335.8372,3:26:22:958780,0
275.573,332.893,3:26:22:962832,0
276.8518,329.6865,3:26:22:966834,0
278.1799,326.1885,3:26:22:970864,0
279.5326,322.4865,3:26:22:974834,0
280.9098,318.5512,3:26:22:979302,0
282.3854,314.3828,3:26:22:983311,0
283.9348,309.9811,3:26:22:987342,0
285.6072,305.5211,3:26:22:991313,0
287.378,300.7989,3:26:22:995316,0
289.2225,296.1931,3:26:22:999327,0
291.19,291.704,3:26:23:003452,0
293.1083,287.419,3:26:23:007465,0
295.0266,283.338,3:26:23:011399,0
296.9449,279.5193,3:26:23:015431,0
298.7403,275.9922,3:26:23:019406,0
300.4373,272.6691,3:26:23:023409,0
302.0359,269.7541,3:26:23:027409,0
303.5115,267.014,3:26:23:031409,0
304.8641,264.3322,3:26:23:035116,0
306.1922,261.8836,3:26:23:039116,0
307.3727,259.5225,3:26:23:043169,0
308.4548,257.2196,3:26:23:047118,0
309.4878,255.0042,3:26:23:051440,0
310.3977,253.022,3:26:23:054793,0
311.1847,251.1272,3:26:23:059117,0
311.7996,249.3783,3:26:23:063131,0
312.316,247.979,3:26:23:067439,0
312.7095,246.7256,3:26:23:071450,0
313.0047,245.6762,3:26:23:075466,0
313.1522,244.9474,3:26:23:079454,0
313.1768,244.3645,3:26:23:083467,0
313.1768,243.8981,3:26:23:086790,0
313.1768,243.694,3:26:23:091496,0
313.1768,243.5482,3:26:23:095269,0
312.4882,243.4899,3:26:23:099439,0
312.4882,243.4899,3:26:23:102955,0
311.6766,243.4899,3:26:23:107053,0
311.1847,243.4899,3:26:23:110957,0
310.6436,243.4899,3:26:23:114955,0
310.078,243.4899,3:26:23:118955,0
309.5369,244.1313,3:26:23:123443,0
308.9221,244.1313,3:26:23:126958,0
308.4056,244.1313,3:26:23:131391,0
307.9138,244.1313,3:26:23:136205,0
307.3973,244.1313,3:26:23:139225,0
306.9546,244.5685,3:26:23:143214,0
306.5611,244.5685,3:26:23:147215,0
306.1922,244.5685,3:26:23:151215,0
305.8971,244.5685,3:26:23:155218,0
305.6511,244.5685,3:26:23:159446,0
305.5036,244.5685,3:26:23:162766,0
305.3806,244.5685,3:26:23:167455,0
305.3314,244.5685,3:26:23:170969,0
305.3314,243.7814,3:26:23:174968,0
305.3314,243.7814,3:26:23:178984,0
305.3314,243.7814,3:26:23:182969,0
305.3314,243.2276,3:26:23:186969,0
305.9463,243.2276,3:26:23:191502,0
305.9463,243.2276,3:26:23:195508,0
306.4381,243.2276,3:26:23:199446,0
306.4381,242.907,3:26:23:202961,0
307.0038,242.907,3:26:23:207447,0
307.0038,242.907,3:26:23:211458,0
307.5694,242.907,3:26:23:215457,0
307.5694,242.907,3:26:23:218460,0
308.0367,242.907,3:26:23:223458,0
308.0367,242.907,3:26:23:226458,0
308.4302,243.5482,3:26:23:231451,0
308.4302,243.5482,3:26:23:235461,0
308.7499,243.5482,3:26:23:239462,0
308.7499,243.5482,3:26:23:243462,0
308.9713,243.5482,3:26:23:247458,0
308.9713,243.8981,3:26:23:251482,0
309.0697,243.8981,3:26:23:255486,0
309.0697,243.8981,3:26:23:259467,0
309.0697,243.8981,3:26:23:263468,0
309.0697,243.8981,3:26:23:267399,0
309.0697,243.8981,3:26:23:270407,0
309.0697,243.8981,3:26:23:275407,0
309.0697,243.1985,3:26:23:279409,0
309.0697,243.1985,3:26:23:283446,0
309.0697,243.1985,3:26:23:287454,0
309.0697,242.4989,3:26:23:291437,0
309.0697,242.4989,3:26:23:295421,0
308.6024,242.0616,3:26:23:299397,0
308.6024,242.0616,3:26:23:303408,0
308.6024,242.0616,3:26:23:307563,0
308.6024,242.0616,3:26:23:310564,0
308.1843,242.0616,3:26:23:314563,0
308.1843,242.0616,3:26:23:318595,0
307.7908,242.0616,3:26:23:323359,0
307.4957,242.0616,3:26:23:327393,0
307.2497,242.0616,3:26:23:331399,0
306.8808,242.0616,3:26:23:334778,0
306.4873,242.0616,3:26:23:339640,0
306.02,241.2162,3:26:23:342638,0
305.5036,240.575,3:26:23:346643,0
305.0609,239.8462,3:26:23:350640,0
304.569,239.03,3:26:23:355447,0
304.1509,238.1263,3:26:23:359457,0
303.8066,237.1644,3:26:23:362726,0
303.4131,236.3773,3:26:23:366664,0
302.995,235.6777,3:26:23:370744,0
302.6015,234.8615,3:26:23:374664,0
302.4048,233.8996,3:26:23:379449,0
302.208,232.7628,3:26:23:382461,0
302.085,231.8008,3:26:23:387449,0
301.9375,230.8389,3:26:23:390794,0
301.7161,229.9352,3:26:23:394798,0
301.6915,229.0898,3:26:23:398796,0
301.6669,228.332,3:26:23:402798,0
301.6669,227.5741,3:26:23:406794,0
301.6669,227.1368,3:26:23:411397,0
301.6669,226.8745,3:26:23:414907,0
301.6669,226.4372,3:26:23:419447,0
302.4294,226.1457,3:26:23:423474,0
302.4294,225.8542,3:26:23:426457,0
302.9704,225.6501,3:26:23:431455,0
302.9704,225.2421,3:26:23:434481,0
303.5115,224.8048,3:26:23:438902,0
303.5115,224.3092,3:26:23:442922,0
303.5115,223.872,3:26:23:446968,0
304.0034,223.5805,3:26:23:450969,0
304.0034,223.1141,3:26:23:454991,0
304.4952,222.8809,3:26:23:458971,0
304.7903,222.1521,3:26:23:462976,0
305.0855,221.8315,3:26:23:466996,0
305.5282,221.4817,3:26:23:471449,0
305.9955,221.1319,3:26:23:475460,0
306.4873,220.6072,3:26:23:480584,0
306.9546,220.1116,3:26:23:483574,0
307.3481,219.7327,3:26:23:486574,0
307.8154,219.0331,3:26:23:490576,0
308.1843,218.7416,3:26:23:494671,0
308.627,218.1295,3:26:23:498576,0
309.0942,217.8671,3:26:23:503715,0
309.4386,217.3132,3:26:23:506752,0
309.8075,216.876,3:26:23:510728,0
310.1518,216.4388,3:26:23:514726,0
310.5945,216.0015,3:26:23:518725,0
310.988,215.506,3:26:23:522773,0
311.4307,214.9229,3:26:23:527963,0
311.6766,214.2816,3:26:23:530971,0
311.9225,213.582,3:26:23:535972,0
312.1931,212.9991,3:26:23:538971,0
312.3406,212.5909,3:26:23:542971,0
312.4882,212.0954,3:26:23:546984,0
312.4882,211.629,3:26:23:551440,0
312.4882,211.25,3:26:23:555459,0
312.4882,210.9294,3:26:23:559451,0
312.4882,210.6962,3:26:23:563461,0
312.4882,210.4339,3:26:23:567440,0
312.4882,210.4339,3:26:23:571463,0
311.8979,210.4339,3:26:23:575463,0
311.8979,210.4339,3:26:23:579462,0
311.8979,210.4339,3:26:23:583463,0
311.3323,210.4339,3:26:23:587391,0
311.3323,210.4339,3:26:23:590506,0
311.3323,210.4339,3:26:23:594643,0
310.865,211.1043,3:26:23:598644,0
310.865,211.1043,3:26:23:602643,0
310.619,211.1043,3:26:23:606641,0
310.619,210.1423,3:26:23:610644,0
310.619,210.1423,3:26:23:614639,0
310.619,209.297,3:26:23:619656,0
310.619,209.297,3:26:23:622698,0
310.619,208.3642,3:26:23:627447,0
310.619,207.6646,3:26:23:630965,0
310.619,207.6646,3:26:23:635964,0
310.619,206.8484,3:26:23:638964,0
311.2093,206.8484,3:26:23:643446,0
311.2093,206.1779,3:26:23:646459,0
311.2093,206.1779,3:26:23:651298,0
311.652,205.5075,3:26:23:655306,0
311.652,205.1868,3:26:23:659380,0
311.9963,204.8371,3:26:23:663306,0
311.9963,204.5164,3:26:23:667401,0
312.3406,204.1083,3:26:23:671306,0
312.3406,203.7876,3:26:23:675368,0
312.7341,203.3795,3:26:23:678884,0
313.0047,203.0006,3:26:23:682989,0
313.2506,202.6216,3:26:23:686886,0
313.4719,202.1844,3:26:23:690883,0
313.7179,201.7763,3:26:23:694886,0
313.7179,201.7763,3:26:23:712900,0
329.3103,203.9626,3:26:24:181290,0
329.3103,203.9626,3:26:24:185268,0
329.3103,203.9626,3:26:24:189403,0
329.3103,204.8371,3:26:24:193193,0
328.4249,204.8371,3:26:24:197452,0
328.4249,204.8371,3:26:24:200821,0
327.8839,204.8371,3:26:24:204911,0
327.8839,204.8371,3:26:24:208823,0
327.0231,204.8371,3:26:24:212904,0
327.0231,204.8371,3:26:24:216823,0
326.3591,203.8168,3:26:24:221516,0
325.9901,203.1172,3:26:24:225524,0
325.9901,202.4759,3:26:24:229524,0
325.3999,201.8929,3:26:24:232525,0
325.0802,201.2516,3:26:24:237525,0
325.0802,200.5228,3:26:24:241529,0
324.6375,199.8232,3:26:24:244544,0
324.6375,199.1236,3:26:24:249445,0
324.4162,198.4532,3:26:24:252772,0
324.4162,197.841,3:26:24:257443,0
324.4162,197.4912,3:26:24:261469,0
324.4162,197.1414,3:26:24:265472,0
324.9818,197.1414,3:26:24:269454,0
324.9818,197.1414,3:26:24:273453,0
325.4983,197.1414,3:26:24:277250,0
325.4983,198.0742,3:26:24:281251,0
325.9164,198.0742,3:26:24:285447,0
325.9164,199.3568,3:26:24:288962,0
325.9164,199.9982,3:26:24:292932,0
325.9164,200.6978,3:26:24:296933,0
325.9164,201.4848,3:26:24:300931,0
326.2361,202.2135,3:26:24:304931,0
326.2361,202.8548,3:26:24:309445,0
326.2361,203.4379,3:26:24:312797,0
326.2361,204.0208,3:26:24:316822,0
326.2361,204.5164,3:26:24:320794,0
326.2361,205.0119,3:26:24:324793,0
326.2361,205.3909,3:26:24:328792,0
326.2361,205.7115,3:26:24:332809,0
326.2361,205.9156,3:26:24:336829,0
326.2361,206.2071,3:26:24:341445,0
326.2361,206.4403,3:26:24:344792,0
326.2361,206.7027,3:26:24:349456,0
325.7442,206.965,3:26:24:353461,0
325.7442,207.2856,3:26:24:356461,0
325.7442,207.5771,3:26:24:361457,0
325.7442,207.8978,3:26:24:364458,0
325.7442,208.2476,3:26:24:369458,0
325.7442,208.5974,3:26:24:373445,0
325.7442,209.0055,3:26:24:377466,0
325.7442,209.3261,3:26:24:380802,0
325.7442,209.7051,3:26:24:384771,0
325.7442,210.0257,3:26:24:389414,0
325.7442,210.3755,3:26:24:393339,0
325.7442,210.6379,3:26:24:397336,0
325.7442,210.8419,3:26:24:401338,0
326.2115,211.0751,3:26:24:405669,0
326.2115,211.2792,3:26:24:408679,0
326.2115,211.3667,3:26:24:412702,0
326.2115,211.3958,3:26:24:416682,0
326.482,211.3958,3:26:24:420679,0
326.482,211.3958,3:26:24:424679,0
326.482,211.3958,3:26:24:428677,0
326.482,211.3958,3:26:24:433395,0
326.482,210.7836,3:26:24:436706,0
326.482,210.7836,3:26:24:440673,0
326.482,209.9091,3:26:24:445702,0
326.482,209.9091,3:26:24:448712,0
326.482,208.8889,3:26:24:452711,0
326.482,208.3351,3:26:24:456744,0
326.482,207.6938,3:26:24:460829,0
326.482,207.0816,3:26:24:464762,0
326.482,206.4695,3:26:24:468711,0
326.482,205.9156,3:26:24:472680,0
326.482,205.4783,3:26:24:476798,0
326.482,205.0703,3:26:24:480682,0
326.482,204.7787,3:26:24:485396,0
326.482,204.6039,3:26:24:489707,0
326.482,204.6039,3:26:24:493456,0
326.482,204.6039,3:26:24:497455,0
326.482,204.6039,3:26:24:501456,0
326.482,204.6039,3:26:24:504455,0
326.482,204.6039,3:26:24:509451,0
325.8426,204.6039,3:26:24:513459,0
325.8426,204.6039,3:26:24:517396,0
324.8589,204.6039,3:26:24:521406,0
324.2194,205.3618,3:26:24:525406,0
323.4324,205.3618,3:26:24:529406,0
322.7192,205.3618,3:26:24:533406,0
322.0797,205.3618,3:26:24:537407,0
321.5879,205.3618,3:26:24:542100,0
321.5879,205.3618,3:26:24:559642,0
314.5786,234.0453,3:26:25:153402,0
314.5786,234.0453,3:26:25:157200,0
314.5786,234.0453,3:26:25:161650,0
314.5786,234.0453,3:26:25:165669,0
314.5786,234.0453,3:26:25:169661,0
315.2673,235.0656,3:26:25:173666,0
315.2673,235.0656,3:26:25:177663,0
315.8329,236.2899,3:26:25:180660,0
315.8329,237.1061,3:26:25:185649,0
316.497,237.9806,3:26:25:188659,0
316.497,238.9134,3:26:25:193458,0
316.9888,239.7879,3:26:25:197467,0
316.9888,240.5458,3:26:25:201498,0
317.4315,241.2162,3:26:25:205479,0
317.4315,241.7701,3:26:25:209486,0
317.7021,242.1199,3:26:25:213470,0
317.7021,242.1199,3:26:25:217406,0
317.9234,242.1199,3:26:25:221427,0
318.0464,242.1199,3:26:25:225652,0
318.1693,242.1199,3:26:25:228661,0
318.3415,241.2162,3:26:25:233674,0
318.4891,240.5458,3:26:25:236661,0
318.735,239.7879,3:26:25:240708,0
318.9809,238.9717,3:26:25:244662,0
319.2761,238.1555,3:26:25:249394,0
319.5466,237.4267,3:26:25:252547,0
319.8663,236.698,3:26:25:257445,0
320.1368,236.0567,3:26:25:261460,0
320.4074,235.5029,3:26:25:265390,0
320.6041,235.0947,3:26:25:268942,0
320.7763,235.0947,3:26:25:273054,0
320.8993,234.5701,3:26:25:277051,0
320.9239,234.5701,3:26:25:281051,0
320.9239,234.2785,3:26:25:285051,0
320.9239,234.2785,3:26:25:289445,0
320.9239,234.2785,3:26:25:293455,0
320.9239,234.1328,3:26:25:297443,0
320.9239,234.1328,3:26:25:300789,0
320.1368,234.0162,3:26:25:304864,0
320.1368,233.9579,3:26:25:308786,0
319.645,233.8413,3:26:25:312822,0
319.645,233.6373,3:26:25:316786,0
319.1285,233.4041,3:26:25:321347,0
319.1285,233.0542,3:26:25:325357,0
318.6366,232.6461,3:26:25:329355,0
318.6366,232.1797,3:26:25:333357,0
318.2185,231.6259,3:26:25:337448,0
318.2185,230.9554,3:26:25:340780,0
317.8988,230.3141,3:26:25:345423,0
317.8988,229.702,3:26:25:349422,0
317.6775,229.0607,3:26:25:353426,0
317.6775,228.5069,3:26:25:356424,0
317.5791,228.0113,3:26:25:361442,0
317.5791,227.6032,3:26:25:364788,0
317.5791,227.3117,3:26:25:368916,0
317.5791,227.1368,3:26:25:372788,0
317.5791,227.0493,3:26:25:376815,0
317.5791,227.0202,3:26:25:380788,0
317.5791,227.0202,3:26:25:385394,0
317.5791,227.0202,3:26:25:388907,0
317.5791,227.0202,3:26:25:393449,0
317.5791,227.0202,3:26:25:397466,0
317.5791,227.0202,3:26:25:401393,0
317.5791,227.0202,3:26:25:404401,0
317.5791,227.0202,3:26:25:409401,0
317.9726,227.0202,3:26:25:412401,0
317.9726,227.0202,3:26:25:417401,0
317.9726,227.0202,3:26:25:421410,0
317.9726,227.0202,3:26:25:425444,0
318.2431,227.0202,3:26:25:429455,0
318.2431,227.0202,3:26:25:433444,0
318.5136,226.2332,3:26:25:436771,0
318.6858,226.2332,3:26:25:440771,0
318.8334,225.7376,3:26:25:444783,0
318.9563,225.7376,3:26:25:448771,0
319.0793,225.1837,3:26:25:452771,0
319.2515,225.1837,3:26:25:457443,0
319.3253,225.1837,3:26:25:460453,0
319.399,224.8631,3:26:25:465441,0
319.4482,224.8631,3:26:25:468959,0
319.4974,224.8631,3:26:25:473113,0
319.522,224.8631,3:26:25:477116,0
319.5466,224.8631,3:26:25:481115,0
319.5466,224.8631,3:26:25:485113,0
319.5466,225.6793,3:26:25:489441,0
319.5466,225.6793,3:26:25:492452,0
319.5466,225.6793,3:26:25:497492,0
319.5466,226.4372,3:26:25:501533,0
319.5466,226.4372,3:26:25:505442,0
319.5466,226.4372,3:26:25:509472,0
319.0547,226.991,3:26:25:513455,0
319.0547,226.991,3:26:25:516454,0
319.0547,226.991,3:26:25:521452,0
319.0547,226.991,3:26:25:525454,0
318.6858,226.991,3:26:25:529337,0
318.6858,226.991,3:26:25:533332,0
318.6858,226.991,3:26:25:537442,0
318.6858,226.991,3:26:25:540964,0
318.6858,226.204,3:26:25:544960,0
318.4891,226.204,3:26:25:548963,0
318.4891,225.5918,3:26:25:553444,0
318.4891,225.5918,3:26:25:557454,0
318.4891,224.9214,3:26:25:561455,0
318.4891,224.9214,3:26:25:564454,0
318.4891,224.2218,3:26:25:568922,0
318.4891,223.872,3:26:25:572932,0
318.3661,223.5513,3:26:25:576931,0
318.3661,223.2598,3:26:25:580931,0
318.3169,222.9392,3:26:25:585478,0
318.2431,222.6477,3:26:25:588491,0
318.1693,222.4436,3:26:25:593443,0
318.1201,222.1813,3:26:25:596454,0
318.0464,221.9189,3:26:25:601454,0
317.9972,221.7732,3:26:25:604489,0
317.9234,221.6274,3:26:25:609836,0
317.8742,221.4234,3:26:25:612847,0
317.7758,221.336,3:26:25:617443,0
317.7513,221.2193,3:26:25:621453,0
317.6775,221.1319,3:26:25:625453,0
317.6529,221.0153,3:26:25:629466,0
317.5791,220.9861,3:26:25:633452,0
317.5791,220.9278,3:26:25:637453,0
317.5545,220.8696,3:26:25:641511,0
317.5545,220.8696,3:26:25:645521,0
317.5545,220.8696,3:26:25:648521,0
317.5545,220.8112,3:26:25:652521,0
317.5545,220.6947,3:26:25:656541,0
317.5545,220.6655,3:26:25:660521,0
317.5545,220.578,3:26:25:665435,0
317.5545,220.5197,3:26:25:668770,0
317.5545,220.374,3:26:25:672818,0
317.5545,220.17,3:26:25:676841,0
317.5545,220.0242,3:26:25:680916,0
317.5545,219.9076,3:26:25:684819,0
317.5545,219.7619,3:26:25:689437,0
317.5545,219.5869,3:26:25:692447,0
318.0464,219.412,3:26:25:697384,0
318.0464,219.1788,3:26:25:701393,0
318.0464,218.9456,3:26:25:705392,0
318.0464,218.7416,3:26:25:709395,0
318.3907,218.5376,3:26:25:713431,0
318.3907,218.3335,3:26:25:717442,0
318.3907,218.1003,3:26:25:721384,0
318.3907,217.9545,3:26:25:725396,0
318.5874,217.8088,3:26:25:729434,0
318.5874,217.6922,3:26:25:733447,0
318.5874,217.6339,3:26:25:737436,0
318.5874,217.5756,3:26:25:740446,0
318.5874,217.459,3:26:25:745447,0
318.5874,217.4299,3:26:25:749463,0
318.5874,217.3716,3:26:25:753447,0
318.5874,217.3132,3:26:25:757442,0
318.5874,217.2258,3:26:25:761453,0
318.5874,217.1092,3:26:25:765442,0
318.5874,216.9635,3:26:25:769453,0
318.5874,216.8468,3:26:25:773457,0
318.5874,216.7011,3:26:25:777463,0
318.5874,216.5845,3:26:25:781443,0
318.5874,216.4971,3:26:25:785455,0
318.5874,216.3513,3:26:25:789147,0
318.5874,216.293,3:26:25:793068,0
318.5874,216.293,3:26:25:797066,0
318.5874,216.2056,3:26:25:801066,0
318.5874,216.1764,3:26:25:805344,0
318.5874,216.1764,3:26:25:809354,0
318.5874,216.1472,3:26:25:813415,0
318.5874,216.1472,3:26:25:817377,0
318.5874,216.1472,3:26:25:821440,0
318.5874,216.1472,3:26:25:824779,0
318.5874,216.1472,3:26:25:828881,0
318.5874,216.1472,3:26:25:832882,0
318.5874,216.1472,3:26:25:836881,0
318.5874,216.1472,3:26:25:840882,0
318.5874,216.1472,3:26:25:845391,0
318.5874,216.1472,3:26:25:848895,0
318.5874,216.1472,3:26:25:853442,0
318.5874,216.672,3:26:25:857452,0
318.5874,216.672,3:26:25:861444,0
318.5874,216.672,3:26:25:865455,0
318.5874,216.672,3:26:25:869455,0
318.5874,216.672,3:26:25:872454,0
318.5874,216.672,3:26:25:877454,0
318.5874,216.672,3:26:25:880457,0
318.5874,216.672,3:26:25:885442,0
318.5874,216.672,3:26:25:889455,0
318.5874,216.672,3:26:25:893389,0
318.5874,216.672,3:26:25:896770,0
318.5874,216.672,3:26:25:901441,0
318.5874,216.672,3:26:25:904451,0
318.5874,216.672,3:26:25:909451,0
318.5874,216.672,3:26:25:912451,0
318.5874,216.672,3:26:25:917451,0
318.5874,216.672,3:26:25:920451,0
318.5874,216.672,3:26:25:925449,0
318.9072,216.672,3:26:25:928461,0
318.9072,216.672,3:26:25:933389,0
318.9072,216.672,3:26:25:937403,0
319.1285,216.672,3:26:25:941400,0
319.1285,216.672,3:26:25:944397,0
319.2515,216.672,3:26:25:949397,0
319.2515,216.672,3:26:25:953400,0
319.3253,217.1675,3:26:25:957442,0
319.399,217.1675,3:26:25:960776,0
319.4482,217.1675,3:26:25:965070,0
319.4974,217.1675,3:26:25:968946,0
319.5958,217.1675,3:26:25:973032,0
319.645,217.1675,3:26:25:976944,0
319.7433,217.1675,3:26:25:981391,0
319.8417,217.1675,3:26:25:984999,0
319.9401,217.1675,3:26:25:989442,0
320.063,217.1675,3:26:25:992454,0
320.186,217.1675,3:26:25:997388,0
320.309,216.6136,3:26:26:001398,0
320.4566,216.6136,3:26:26:005462,0
320.6041,216.6136,3:26:26:008468,0
320.7763,216.6136,3:26:26:013448,0
320.9484,216.6136,3:26:26:017448,0
321.1452,216.6136,3:26:26:021441,0
321.3419,216.6136,3:26:26:024451,0
321.5633,216.2639,3:26:26:029389,0
321.7354,216.2639,3:26:26:032625,0
321.9568,216.2639,3:26:26:037515,0
322.1535,216.2639,3:26:26:040546,0
322.3257,216.2639,3:26:26:045525,0
322.4978,216.2639,3:26:26:048525,0
322.67,216.2639,3:26:26:053548,0
322.8422,216.2639,3:26:26:056540,0
323.0143,216.2639,3:26:26:062033,0
323.2111,216.2639,3:26:26:066569,0
323.3586,216.2639,3:26:26:070568,0
323.58,216.2639,3:26:26:073569,0
323.7767,216.2639,3:26:26:076578,0
324.0226,215.6517,3:26:26:080569,0
324.2932,215.6517,3:26:26:085474,0
324.6129,215.6517,3:26:26:089484,0
324.9572,215.127,3:26:26:093496,0
325.3015,215.127,3:26:26:096484,0
325.7442,214.6606,3:26:26:101482,0
326.1869,214.6606,3:26:26:104484,0
326.6788,214.2233,3:26:26:109442,0
327.2444,214.2233,3:26:26:112780,0
327.8593,213.6987,3:26:26:117192,0
328.4987,213.4072,3:26:26:121192,0
329.089,213.174,3:26:26:125195,0
329.7038,212.9699,3:26:26:129193,0
330.3187,212.7367,3:26:26:132584,0
330.9827,212.4743,3:26:26:136787,0
331.6221,212.212,3:26:26:141441,0
332.1632,211.8913,3:26:26:144766,0
332.7289,211.5999,3:26:26:148765,0
333.2453,211.2792,3:26:26:152769,0
333.8356,210.9585,3:26:26:156766,0
334.3274,210.5796,3:26:26:160766,0
334.8685,210.1423,3:26:26:165588,0
335.2866,209.7051,3:26:26:169596,0
335.7047,209.2679,3:26:26:173598,0
336.0982,208.8015,3:26:26:176598,0
336.4425,208.3351,3:26:26:180605,0
336.7868,207.7812,3:26:26:185143,0
337.0819,207.2856,3:26:26:189153,0
337.3525,206.761,3:26:26:193153,0
337.5984,206.2946,3:26:26:197153,0
337.8689,205.8573,3:26:26:201153,0
338.1149,205.3326,3:26:26:205156,0
338.287,204.7787,3:26:26:209384,0
338.4592,204.254,3:26:26:213780,0
338.6068,203.7294,3:26:26:216793,0
338.7297,203.1755,3:26:26:221356,0
338.8281,202.6216,3:26:26:225356,0
338.9265,202.0678,3:26:26:229359,0
338.9756,201.5431,3:26:26:233355,0
339.074,201.1059,3:26:26:237354,0
339.1478,200.6395,3:26:26:241434,0
339.197,200.173,3:26:26:244770,0
339.2216,199.8232,3:26:26:248849,0
339.32,199.4443,3:26:26:252775,0
339.3937,199.1236,3:26:26:257771,0
339.4429,198.8613,3:26:26:260772,0
339.5413,198.599,3:26:26:265442,0
339.6397,198.3366,3:26:26:269453,0
339.7627,198.1617,3:26:26:273441,0
339.861,197.9576,3:26:26:276453,0
339.9594,197.8119,3:26:26:281451,0
340.0332,197.6662,3:26:26:285451,0
340.2054,197.6078,3:26:26:289450,0
340.3283,197.4912,3:26:26:292453,0
340.4267,197.4912,3:26:26:297010,0
340.5251,197.433,3:26:26:300989,0
340.5497,197.433,3:26:26:304989,0
340.6726,197.433,3:26:26:308986,0
340.7218,197.433,3:26:26:313126,0
340.8448,197.433,3:26:26:317139,0
340.9431,197.433,3:26:26:321440,0
341.0415,197.433,3:26:26:325451,0
341.1645,197.433,3:26:26:329452,0
341.2629,197.433,3:26:26:332752,0
341.4596,197.433,3:26:26:336786,0
341.5826,197.433,3:26:26:340866,0
341.7548,197.433,3:26:26:344752,0
341.9269,197.433,3:26:26:349450,0
342.0991,197.433,3:26:26:353460,0
342.2958,197.433,3:26:26:357477,0
342.5172,197.433,3:26:26:360757,0
342.7385,197.433,3:26:26:364786,0
342.9106,197.433,3:26:26:369390,0
343.1074,197.433,3:26:26:372851,0
343.3042,197.433,3:26:26:376891,0
343.4763,197.433,3:26:26:380891,0
343.5993,197.433,3:26:26:384891,0
343.7223,197.433,3:26:26:388894,0
343.8452,197.433,3:26:26:393442,0
343.919,197.433,3:26:26:396766,0
343.9436,197.433,3:26:26:401389,0
343.9682,198.0742,3:26:26:404783,0
343.9682,198.0742,3:26:26:409059,0
343.9682,198.0742,3:26:26:413057,0
343.9682,198.5698,3:26:26:417058,0
343.9682,198.5698,3:26:26:421059,0
343.9682,198.8904,3:26:26:425440,0
343.9682,198.8904,3:26:26:429830,0
343.4763,199.1528,3:26:26:432840,0
343.4763,199.1528,3:26:26:436853,0
343.4763,199.4151,3:26:26:440840,0
343.0336,199.5318,3:26:26:444842,0
343.0336,199.6775,3:26:26:448838,0
343.0336,199.7358,3:26:26:453388,0
342.5417,199.8815,3:26:26:456839,0
342.5417,200.1147,3:26:26:460937,0
342.2712,200.2605,3:26:26:465846,0
342.2712,200.4937,3:26:26:469363,0
341.9269,200.6686,3:26:26:473441,0
341.9269,200.931,3:26:26:476451,0
341.6318,201.1933,3:26:26:481451,0
341.4842,201.5431,3:26:26:484454,0
341.2875,201.922,3:26:26:489631,0
341.0661,202.301,3:26:26:492641,0
340.8202,202.7383,3:26:26:496780,0
340.4759,203.2338,3:26:26:500715,0
340.107,203.8168,3:26:26:504690,0
339.6397,204.3998,3:26:26:508688,0
339.0986,205.0119,3:26:26:512686,0
338.533,205.6241,3:26:26:517439,0
337.8198,206.1488,3:26:26:521450,0
337.1803,206.6152,3:26:26:525449,0
336.3933,206.965,3:26:26:528711,0
335.6063,207.1691,3:26:26:532757,0
334.7455,207.3731,3:26:26:536976,0
333.8847,207.3731,3:26:26:540855,0
333.1961,207.3731,3:26:26:544902,0
332.4829,207.3731,3:26:26:548855,0
331.7451,206.1488,3:26:26:553388,0
331.7451,206.1488,3:26:26:571308,0
342.2712,230.868,3:26:30:401407,0
342.2712,230.868,3:26:30:405391,0
342.2712,230.868,3:26:30:409876,0
342.2712,230.868,3:26:30:412889,0
342.2712,230.868,3:26:30:416935,0
342.9106,230.868,3:26:30:420886,0
342.9106,230.868,3:26:30:424965,0
343.5993,230.868,3:26:30:428886,0
344.042,230.868,3:26:30:433699,0
344.4846,230.868,3:26:30:436709,0
344.9273,230.868,3:26:30:440710,0
345.3946,231.5385,3:26:30:444709,0
345.8619,231.5385,3:26:30:448779,0
346.3538,232.3255,3:26:30:452711,0
346.8211,232.3255,3:26:30:456710,0
347.2638,233.2,3:26:30:461376,0
347.7065,233.2,3:26:30:464754,0
348.0753,234.0162,3:26:30:468915,0
348.4688,234.4243,3:26:30:472817,0
348.764,234.8324,3:26:30:476817,0
348.9361,235.2113,3:26:30:480817,0
349.1083,235.532,3:26:30:485378,0
349.2067,235.9109,3:26:30:488721,0
349.2067,236.2025,3:26:30:493376,0
349.2067,236.4648,3:26:30:496384,0
349.2067,236.7271,3:26:30:501385,0
349.2067,236.9895,3:26:30:505396,0
348.641,237.1353,3:26:30:509424,0
348.641,237.2518,3:26:30:513434,0
348.0753,237.281,3:26:30:516436,0
348.0753,237.3102,3:26:30:521440,0
347.3621,237.3102,3:26:30:524449,0
346.9686,237.3102,3:26:30:529505,0
346.5997,237.3102,3:26:30:532515,0
346.28,237.3102,3:26:30:536593,0
346.0095,237.3102,3:26:30:541514,0
346.0095,237.3102,3:26:30:544551,0
345.739,237.3102,3:26:30:549378,0
345.739,237.3102,3:26:30:552743,0
345.739,237.3102,3:26:30:557428,0
345.739,237.3102,3:26:30:560439,0
345.739,237.3102,3:26:30:565377,0
346.3538,236.7563,3:26:30:568764,0
346.3538,236.7563,3:26:30:572849,0
346.8948,236.7563,3:26:30:576765,0
346.8948,236.2316,3:26:30:580882,0
347.4113,236.2316,3:26:30:584766,0
347.4113,235.8818,3:26:30:589428,0
347.8786,235.8818,3:26:30:592438,0
347.8786,235.532,3:26:30:596816,0
348.2229,235.532,3:26:30:600855,0
348.2229,235.3571,3:26:30:605504,0
348.2229,235.3571,3:26:30:609514,0
348.2229,235.3571,3:26:30:613532,0
348.2229,235.3571,3:26:30:616528,0
348.2229,235.3571,3:26:30:620514,0
348.2229,235.3571,3:26:30:625427,0
348.2229,235.3571,3:26:30:628437,0
348.2229,235.9401,3:26:30:633433,0
348.2229,235.9401,3:26:30:636443,0
348.2229,235.9401,3:26:30:641447,0
347.731,236.4939,3:26:30:644443,0
347.731,236.4939,3:26:30:649444,0
347.731,236.4939,3:26:30:652443,0
347.731,236.9895,3:26:30:657428,0
347.731,236.9895,3:26:30:660759,0
347.3621,236.9895,3:26:30:664760,0
347.3621,237.3102,3:26:30:668759,0
347.3621,237.3102,3:26:30:672761,0
347.3621,237.3102,3:26:30:676775,0
347.3621,237.5142,3:26:30:681429,0
347.3621,237.5142,3:26:30:684470,0
347.3621,237.5725,3:26:30:689440,0
347.3621,237.6017,3:26:30:692440,0
347.3621,237.6017,3:26:30:696463,0
347.067,237.6891,3:26:30:701428,0
347.067,237.7474,3:26:30:704441,0
346.7965,237.864,3:26:30:709438,0
346.5997,237.9806,3:26:30:712441,0
346.4276,238.0681,3:26:30:717438,0
346.2062,238.1555,3:26:30:721443,0
345.9849,238.1555,3:26:30:725428,0
345.7635,238.2138,3:26:30:728764,0
345.5668,238.2138,3:26:30:732870,0
345.4192,238.2138,3:26:30:736828,0
345.2225,238.2138,3:26:30:740868,0
345.0995,238.2138,3:26:30:744830,0
345.0011,237.3102,3:26:30:749375,0
344.9519,237.3102,3:26:30:752857,0
344.8781,236.5814,3:26:30:757427,0
344.8536,236.5814,3:26:30:760440,0
344.8044,235.6777,3:26:30:765072,0
344.7552,235.6777,3:26:30:769029,0
344.7306,234.9198,3:26:30:773002,0
344.6568,234.9198,3:26:30:777000,0
344.583,234.2785,3:26:30:781001,0
344.4109,234.2785,3:26:30:785376,0
344.2879,233.8121,3:26:30:789102,0
344.1158,233.8121,3:26:30:793378,0
343.919,233.5789,3:26:30:798100,0
343.7223,233.5789,3:26:30:801118,0
343.5009,233.4623,3:26:30:805104,0
343.3287,233.4623,3:26:30:809102,0
343.132,233.4041,3:26:30:813190,0
343.132,233.3457,3:26:30:817199,0
343.132,233.3457,3:26:30:821428,0
343.132,233.3457,3:26:30:824946,0
343.132,233.3457,3:26:30:829426,0
343.132,234.0453,3:26:30:833437,0
343.132,234.0453,3:26:30:837437,0
343.6977,234.0453,3:26:30:840436,0
343.6977,234.0453,3:26:30:845435,0
343.6977,234.5701,3:26:30:848439,0
343.6977,234.5701,3:26:30:853427,0
343.6977,234.5701,3:26:30:857492,0
343.6977,234.5701,3:26:30:861493,0
343.6977,234.5701,3:26:30:864492,0
343.6977,234.5701,3:26:30:869571,0
343.6977,234.5701,3:26:30:873086,0
343.132,233.987,3:26:30:876545,0
343.132,233.987,3:26:30:880555,0
343.132,233.987,3:26:30:884557,0
342.7631,233.4623,3:26:30:888555,0
342.7631,233.4623,3:26:30:893427,0
342.4434,232.9085,3:26:30:896942,0
342.4434,232.9085,3:26:30:900942,0
342.1483,232.3838,3:26:30:904942,0
342.1483,232.0632,3:26:30:909253,0
341.8285,231.8008,3:26:30:912772,0
341.6564,231.4801,3:26:30:916776,0
341.4842,231.1595,3:26:30:920771,0
341.3367,230.8389,3:26:30:925766,0
341.1645,230.5765,3:26:30:928768,0
341.0169,230.285,3:26:30:933600,0
340.8202,230.0226,3:26:30:936644,0
340.6726,229.7603,3:26:30:941610,0
340.5251,229.498,3:26:30:944643,0
340.3283,229.2065,3:26:30:948719,0
340.1316,228.9441,3:26:30:952613,0
339.9102,228.6817,3:26:30:957586,0
339.6889,228.3902,3:26:30:960596,0
339.4921,228.1279,3:26:30:965426,0
339.2216,227.953,3:26:30:968436,0
338.951,227.7198,3:26:30:972498,0
338.6805,227.5449,3:26:30:976489,0
338.3362,227.3992,3:26:30:981491,0
337.9427,227.3117,3:26:30:984491,0
337.5738,227.2534,3:26:30:989564,0
337.2049,227.166,3:26:30:992592,0
336.836,227.1077,3:26:30:997427,0
336.4425,227.0493,3:26:31:000943,0
336.0736,226.991,3:26:31:005427,0
335.7047,226.9036,3:26:31:009436,0
335.385,226.8453,3:26:31:013454,0
335.139,226.7578,3:26:31:017437,0
334.9177,226.6996,3:26:31:021437,0
334.7455,226.6413,3:26:31:025424,0
334.5734,226.6121,3:26:31:028756,0
334.475,226.5538,3:26:31:032808,0
334.4258,226.4664,3:26:31:036807,0
334.4258,226.4081,3:26:31:040933,0
334.4258,226.3206,3:26:31:044807,0
334.4258,226.2914,3:26:31:049377,0
334.4258,226.204,3:26:31:052820,0
334.4258,226.1749,3:26:31:057428,0
334.9423,226.0874,3:26:31:061441,0
334.9423,226.0582,3:26:31:064872,0
334.9423,226.0582,3:26:31:068885,0
335.5079,226.0582,3:26:31:072966,0
335.5079,226.0582,3:26:31:076882,0
336.049,226.0582,3:26:31:081378,0
336.049,226.0582,3:26:31:085389,0
336.5409,226.0582,3:26:31:089386,0
336.7868,226.0582,3:26:31:093375,0
337.0573,226.0582,3:26:31:097386,0
337.3279,226.0582,3:26:31:101386,0
337.5738,226.0582,3:26:31:105383,0
337.8198,226.0582,3:26:31:108384,0
338.0657,226.0582,3:26:31:113346,0
338.3608,226.0582,3:26:31:117357,0
338.6313,226.0582,3:26:31:121353,0
338.9265,226.0582,3:26:31:125396,0
339.2216,225.3878,3:26:31:129356,0
339.5659,225.3878,3:26:31:133427,0
339.8856,225.3878,3:26:31:136765,0
340.2545,224.659,3:26:31:141254,0
340.648,224.659,3:26:31:145256,0
340.9923,223.9594,3:26:31:149258,0
341.3612,223.5222,3:26:31:153256,0
341.8039,223.0558,3:26:31:157766,0
342.1729,222.6185,3:26:31:160776,0
342.5663,222.1813,3:26:31:165775,0
343.009,221.6857,3:26:31:168776,0
343.4517,221.2776,3:26:31:172801,0
343.919,220.8404,3:26:31:176776,0
344.4109,220.4032,3:26:31:180888,0
344.9519,219.9951,3:26:31:184901,0
345.4684,219.6452,3:26:31:189428,0
346.0833,219.2372,3:26:31:192757,0
346.6735,218.8873,3:26:31:197268,0
347.2883,218.5959,3:26:31:201277,0
347.9278,218.2752,3:26:31:205365,0
348.5672,218.042,3:26:31:209275,0
349.2067,217.7213,3:26:31:213278,0
349.8461,217.5173,3:26:31:217278,0
350.4855,217.2258,3:26:31:221424,0
351.0758,217.0217,3:26:31:225436,0
351.666,216.8177,3:26:31:229426,0
352.1579,216.672,3:26:31:232436,0
352.6252,216.4679,3:26:31:237437,0
353.0433,216.4096,3:26:31:240437,0
353.4368,216.4096,3:26:31:245434,0
353.7811,216.4096,3:26:31:248437,0
354.0762,216.4096,3:26:31:253376,0
354.3467,216.4096,3:26:31:257323,0
354.5681,216.4096,3:26:31:261426,0
354.7894,217.1092,3:26:31:264439,0
354.9862,217.1092,3:26:31:269456,0
355.1584,217.6631,3:26:31:273454,0
355.2813,217.6631,3:26:31:277437,0
355.4043,218.246,3:26:31:281434,0
355.5273,218.246,3:26:31:285423,0
355.6502,219.0623,3:26:31:289432,0
355.7978,219.4995,3:26:31:293433,0
355.9207,220.0242,3:26:31:297451,0
356.0437,220.4323,3:26:31:301434,0
356.1667,220.8696,3:26:31:305434,0
356.2896,221.3651,3:26:31:309445,0
356.4372,221.8315,3:26:31:313426,0
356.5602,222.327,3:26:31:316768,0
356.6832,222.706,3:26:31:320767,0
356.7815,223.0558,3:26:31:324768,0
356.8799,223.4639,3:26:31:328813,0
356.9537,223.8428,3:26:31:332767,0
357.0275,224.2218,3:26:31:337427,0
357.1259,224.5424,3:26:31:340437,0
357.2242,224.8048,3:26:31:344742,0
357.298,225.0672,3:26:31:348743,0
357.3472,225.3586,3:26:31:352742,0
357.421,225.621,3:26:31:356742,0
357.4948,225.7668,3:26:31:361375,0
357.5931,225.9125,3:26:31:365385,0
357.6915,226.0291,3:26:31:369435,0
357.7161,226.0874,3:26:31:373444,0
357.8391,226.1749,3:26:31:377446,0
357.962,226.1749,3:26:31:380445,0
358.1342,226.1749,3:26:31:385446,0
358.2817,226.1749,3:26:31:388445,0
358.4539,226.1749,3:26:31:393425,0
358.6261,226.1749,3:26:31:397274,0
358.8474,225.5044,3:26:31:401274,0
359.0688,225.5044,3:26:31:405277,0
359.3147,225.5044,3:26:31:409272,0
359.536,224.8048,3:26:31:413547,0
359.7574,224.8048,3:26:31:417063,0
360.0279,224.8048,3:26:31:421068,0
360.2738,224.2801,3:26:31:425063,0
360.4952,224.2801,3:26:31:429081,0
360.7165,223.9012,3:26:31:433063,0
360.9379,223.9012,3:26:31:437426,0
361.1592,223.6971,3:26:31:441251,0
361.3068,223.6971,3:26:31:445251,0
361.4052,223.4348,3:26:31:449380,0
361.5035,223.289,3:26:31:453299,0
361.5773,223.289,3:26:31:458300,0
361.6511,223.2016,3:26:31:461308,0
361.7003,223.1724,3:26:31:465301,0
361.7249,223.1141,3:26:31:469301,0
361.7495,223.0266,3:26:31:473011,0
361.7495,223.0266,3:26:31:477021,0
361.774,222.9975,3:26:31:481130,0
361.8478,222.9975,3:26:31:485021,0
361.8478,222.9975,3:26:31:489525,0
361.8478,222.9392,3:26:31:492533,0
361.8478,222.91,3:26:31:496546,0
361.8478,222.8809,3:26:31:500538,0
361.8478,222.8809,3:26:31:504537,0
361.8478,222.8809,3:26:31:508535,0
361.8478,222.8809,3:26:31:513264,0
361.8478,222.8809,3:26:31:517270,0
361.8478,222.8809,3:26:31:521426,0
361.3806,222.8809,3:26:31:524946,0
361.3806,222.8809,3:26:31:529184,0
361.3806,222.8809,3:26:31:533181,0
361.3806,222.8809,3:26:31:537268,0
361.3806,222.8809,3:26:31:541186,0
361.3806,222.8809,3:26:31:545337,0
361.3806,222.8809,3:26:31:549365,0
361.3806,222.8809,3:26:31:552475,0
361.3806,222.8809,3:26:31:556478,0
361.3806,222.8809,3:26:31:561473,0
361.3806,222.0938,3:26:31:565480,0
361.3806,222.0938,3:26:31:569420,0
361.3806,222.0938,3:26:31:573431,0
361.3806,221.4234,3:26:31:577526,0
361.3806,221.4234,3:26:31:580535,0
361.3806,220.8696,3:26:31:585533,0
361.3806,220.5489,3:26:31:588536,0
361.3806,220.1991,3:26:31:592619,0
361.3806,219.8493,3:26:31:596539,0
361.8478,219.3537,3:26:31:601841,0
361.8478,218.9165,3:26:31:604852,0
361.8478,218.5376,3:26:31:608853,0
362.1184,218.2169,3:26:31:612851,0
362.1184,217.7796,3:26:31:616867,0
362.3889,217.4299,3:26:31:620851,0
362.5611,217.1092,3:26:31:625367,0
362.5611,216.9052,3:26:31:628962,0
362.807,216.7303,3:26:31:632936,0
362.9054,216.5845,3:26:31:636965,0
363.0284,216.4388,3:26:31:641427,0
363.1267,216.4096,3:26:31:644439,0
363.1267,216.3513,3:26:31:648685,0
363.1267,216.3513,3:26:31:652695,0
363.1267,216.3513,3:26:31:656709,0
363.1267,216.3513,3:26:31:660695,0
363.1267,216.3513,3:26:31:664777,0
363.1267,216.3513,3:26:31:668695,0
362.5611,217.08,3:26:31:673374,0
362.5611,217.08,3:26:31:676833,0
362.5611,217.08,3:26:31:680657,0
361.897,217.08,3:26:31:684658,0
361.897,217.6339,3:26:31:689462,0
361.3806,217.6339,3:26:31:692472,0
361.3806,217.9837,3:26:31:696816,0
360.6674,217.9837,3:26:31:700739,0
360.2738,218.3918,3:26:31:704739,0
359.9049,218.3918,3:26:31:708742,0
359.536,218.8291,3:26:31:713372,0
359.1917,219.0914,3:26:31:716808,0
358.8228,219.3246,3:26:31:721426,0
358.4539,219.6161,3:26:31:725436,0
358.1096,219.9076,3:26:31:729436,0
357.7899,220.2574,3:26:31:733435,0
357.421,220.6655,3:26:31:737437,0
357.0275,221.1028,3:26:31:741449,0
356.6586,221.5108,3:26:31:744457,0
356.2651,221.9189,3:26:31:749425,0
355.8224,222.3853,3:26:31:752435,0
355.3797,222.8517,3:26:31:757449,0
354.937,223.3181,3:26:31:760438,0
354.4451,223.7554,3:26:31:765435,0
353.9532,224.2801,3:26:31:768438,0
353.4368,224.8048,3:26:31:773683,0
352.9449,225.3586,3:26:31:776692,0
352.4776,225.8833,3:26:31:780693,0
352.0349,226.4081,3:26:31:784693,0
351.6414,226.9036,3:26:31:788713,0
351.2234,227.37,3:26:31:792692,0
350.8544,227.8073,3:26:31:797374,0
350.5347,228.0988,3:26:31:801384,0
350.2642,228.3611,3:26:31:805425,0
350.0182,228.6234,3:26:31:808438,0
349.7477,228.7984,3:26:31:813447,0
349.551,228.9733,3:26:31:816457,0
349.3296,229.0898,3:26:31:821447,0
349.1329,229.1481,3:26:31:824447,0
349.0099,229.1481,3:26:31:829915,0
348.8623,229.1773,3:26:31:832924,0
348.7394,229.1773,3:26:31:836928,0
348.641,229.1773,3:26:31:840928,0
348.518,229.1773,3:26:31:844928,0
348.4196,229.1773,3:26:31:848925,0
348.2967,229.1773,3:26:31:853422,0
348.1737,229.1773,3:26:31:857438,0
348.0753,228.5652,3:26:31:860924,0
347.9524,228.5652,3:26:31:864930,0
347.8294,228.5652,3:26:31:868981,0
347.7065,228.5652,3:26:31:873012,0
347.6081,228.5652,3:26:31:876985,0
347.5097,228.5652,3:26:31:880980,0
347.4359,228.5652,3:26:31:885430,0
347.4113,228.5652,3:26:31:889816,0
347.3867,228.5652,3:26:31:892826,0
347.3867,229.2065,3:26:31:896884,0
347.3867,229.2065,3:26:31:900843,0
347.3867,229.2065,3:26:31:904895,0
347.3867,229.2065,3:26:31:908826,0
347.3867,229.2065,3:26:31:913375,0
347.3867,229.2065,3:26:31:916944,0
347.3867,229.2065,3:26:31:921373,0
347.3867,229.2065,3:26:31:924990,0
347.8294,229.2065,3:26:31:928739,0
347.8294,229.2065,3:26:31:932769,0
347.8294,229.2065,3:26:31:936807,0
347.8294,229.2065,3:26:31:940739,0
347.8294,229.2065,3:26:31:944736,0
347.8294,229.2065,3:26:31:948737,0
347.8294,229.2065,3:26:31:953381,0
347.8294,229.2065,3:26:31:957409,0
347.8294,229.2065,3:26:31:961540,0
347.2392,229.2065,3:26:31:964541,0
347.2392,229.2065,3:26:31:969540,0
347.2392,229.2065,3:26:31:973553,0
346.6981,229.2065,3:26:31:977714,0
346.6981,229.2065,3:26:31:980712,0
346.3292,229.2065,3:26:31:984723,0
346.3292,228.5652,3:26:31:988714,0
345.8865,228.5652,3:26:31:993425,0
345.8865,228.5652,3:26:31:996941,0
345.4192,228.1279,3:26:32:001373,0
345.1241,228.1279,3:26:32:004867,0
344.8536,227.7781,3:26:32:008537,0
344.583,227.7781,3:26:32:012538,0
344.2633,227.37,3:26:32:016598,0
343.9682,227.1368,3:26:32:020538,0
343.6731,226.9036,3:26:32:025426,0
343.3533,226.6121,3:26:32:029436,0
343.0336,226.3206,3:26:32:033424,0
342.6893,226,3:26:32:037434,0
342.3942,225.6793,3:26:32:040434,0
342.0007,225.2712,3:26:32:045487,0
341.6564,224.9214,3:26:32:048486,0
341.2875,224.5424,3:26:32:053486,0
340.894,224.1344,3:26:32:056489,0
340.4513,223.6971,3:26:32:061419,0
339.984,223.2598,3:26:32:065430,0
339.5167,222.706,3:26:32:068748,0
338.8773,222.1813,3:26:32:072792,0
338.2625,221.6857,3:26:32:076826,0
337.5984,221.2193,3:26:32:080761,0
336.9098,220.6655,3:26:32:085417,0
336.172,220.1408,3:26:32:089427,458
335.3604,219.6161,3:26:32:093365,500
334.5488,219.208,3:26:32:096824,591
333.7372,218.8291,3:26:32:101416,705
333.0732,218.5084,3:26:32:105427,838
332.4337,218.2169,3:26:32:109426,942
331.7943,217.9254,3:26:32:113427,1028
331.2778,217.7796,3:26:32:117427,1157
330.8351,217.6339,3:26:32:121427,1299
330.417,217.5464,3:26:32:125429,1447
330.1711,217.459,3:26:32:128436,1582
329.9989,217.459,3:26:32:133416,1668
329.8268,217.4299,3:26:32:137426,1717
329.6792,217.4299,3:26:32:141426,1737
329.6054,217.4299,3:26:32:145432,1753
329.6054,217.4299,3:26:32:149703,1749
329.6054,217.4299,3:26:32:152713,1756
329.6054,217.4299,3:26:32:156713,1812
330.3679,217.4299,3:26:32:160713,1894
330.8843,217.4299,3:26:32:164713,2031
331.6221,218.4792,3:26:32:168711,2180
332.5567,219.1788,3:26:32:173137,2309
333.7372,220.0242,3:26:32:176653,2408
335.0898,221.1319,3:26:32:180655,2487
336.5655,222.502,3:26:32:184651,2560
338.3362,224.0177,3:26:32:189674,2634
340.1808,225.6793,3:26:32:192652,2712
342.0499,227.5157,3:26:32:197367,2781
343.919,229.323,3:26:32:201394,2838
345.7881,231.2178,3:26:32:205590,2883
347.6573,233.1417,3:26:32:208603,2924
349.4772,235.0073,3:26:32:212600,2958
351.2234,236.8729,3:26:32:216600,3006
352.9203,238.651,3:26:32:220602,3059
354.5681,240.4001,3:26:32:224601,3113
356.2159,242.0616,3:26:32:228702,3155
357.7653,243.6066,3:26:32:232700,3185
359.2901,245.0932,3:26:32:236866,3207
360.8149,246.4632,3:26:32:240799,3221
362.2905,247.7167,3:26:32:244801,3237
363.717,248.9118,3:26:32:248801,3240
365.0696,250.0195,3:26:32:253416,3240
366.3239,251.0107,3:26:32:256427,3233
367.4798,251.9143,3:26:32:261365,3236
368.5865,252.6722,3:26:32:265373,3245
369.5703,253.3718,3:26:32:269374,3254
370.3819,254.0423,3:26:32:273394,3268
371.0705,254.5961,3:26:32:277376,3273
371.6607,255.1499,3:26:32:281378,3284
372.1034,255.6163,3:26:32:285841,3295
372.4724,255.9662,3:26:32:288847,3294
372.7429,256.2577,3:26:32:293418,3290
372.9396,256.5783,3:26:32:297444,3277
373.038,256.7532,3:26:32:301428,3242
373.0872,256.899,3:26:32:304431,3147
373.0872,256.9864,3:26:32:309428,2995
373.0872,256.9864,3:26:32:312428,2742
373.0872,256.9864,3:26:32:317419,2370
372.128,256.9864,3:26:32:321429,1876
371.587,256.3159,3:26:32:325071,1285
370.9721,256.3159,3:26:32:329005,725
370.1851,255.4998,3:26:32:333006,305
369.2997,254.9459,3:26:32:337005,0
368.3406,254.2463,3:26:32:341549,0
367.3322,253.4301,3:26:32:344560,0
366.3239,252.6139,3:26:32:348961,0
365.3401,251.7686,3:26:32:352948,0
364.381,250.894,3:26:32:357007,0
363.3727,249.9321,3:26:32:360948,0
362.4381,249.0284,3:26:32:365423,0
361.5281,248.0956,3:26:32:369446,0
360.6919,247.192,3:26:32:373433,0
359.9049,246.3466,3:26:32:377439,0
359.1671,245.4722,3:26:32:380448,0
358.4047,244.5977,3:26:32:384668,0
357.6669,243.7523,3:26:32:388676,0
356.9783,242.8778,3:26:32:392737,0
356.3142,242.0616,3:26:32:396679,0
355.6502,241.2454,3:26:32:401420,0
355.0354,240.4292,3:26:32:405430,0
354.4205,239.6422,3:26:32:409374,0
353.7811,238.9134,3:26:32:413382,0
353.2154,238.243,3:26:32:417383,0
352.6252,237.6017,3:26:32:421382,0
352.0349,237.0186,3:26:32:425421,975
351.4693,236.4648,3:26:32:428752,1007
350.879,236.0275,3:26:32:433986,1119
350.3134,235.6486,3:26:32:436987,1263
349.7477,235.3279,3:26:32:441002,1434
349.2313,235.0947,3:26:32:444991,1597
348.641,234.949,3:26:32:448535,1716
348.0999,234.8324,3:26:32:453545,1827
347.5835,234.8324,3:26:32:456547,1916
347.0424,234.8324,3:26:32:460542,1988
346.5013,234.8324,3:26:32:465682,2035
345.9849,234.8324,3:26:32:468692,2059
345.3946,235.5903,3:26:32:472694,2098
344.8044,235.5903,3:26:32:477713,2132
344.1649,236.5522,3:26:32:482262,2156
343.4763,237.2518,3:26:32:485271,2182
342.7877,238.0681,3:26:32:489272,2199
342.0745,238.9717,3:26:32:493271,2211
341.2875,240.0794,3:26:32:497275,2228
340.4759,241.362,3:26:32:501273,2250
339.6397,242.6738,3:26:32:505372,2266
338.7543,244.1604,3:26:32:509363,2287
337.8935,245.6762,3:26:32:513333,2319
337.0573,247.2503,3:26:32:517344,2350
336.1966,248.8244,3:26:32:521343,2398
335.385,250.4276,3:26:32:525352,2447
334.598,252.0018,3:26:32:529424,2486
333.8356,253.6924,3:26:32:533434,2517
333.1715,255.354,3:26:32:537434,2537
332.5813,257.0155,3:26:32:541435,2555
332.0894,258.7062,3:26:32:545432,2577
331.6713,260.3678,3:26:32:549436,2593
331.327,261.971,3:26:32:553172,2607
331.0811,263.6035,3:26:32:557172,2609
330.8597,265.0318,3:26:32:560942,2614
330.8105,266.3144,3:26:32:564952,2618
330.7614,267.4221,3:26:32:568952,2613
330.7614,268.3257,3:26:32:572953,2621
330.7614,269.1128,3:26:32:577092,2617
330.7614,269.6958,3:26:32:581610,2619
330.7614,270.1622,3:26:32:585426,2622
330.7614,270.4537,3:26:32:588971,2617
330.7614,270.6577,3:26:32:592971,2611
331.2778,270.7744,3:26:32:596974,2611
331.2778,270.7744,3:26:32:600968,2616
331.9172,270.7744,3:26:32:604971,2621
332.3845,270.7744,3:26:32:609365,2633
333.024,269.7832,3:26:32:613383,2641
333.7618,269.1128,3:26:32:617365,2642
334.6964,268.2966,3:26:32:621375,2647
335.7047,267.3055,3:26:32:625373,2646
336.836,266.1686,3:26:32:629375,2648
338.0411,264.9735,3:26:32:633565,2656
339.32,263.7201,3:26:32:637082,2660
340.6972,262.4958,3:26:32:641574,2666
342.1483,261.2715,3:26:32:645606,2669
343.5747,260.1929,3:26:32:648585,2672
344.9765,259.3184,3:26:32:652584,2677
346.4276,258.5605,3:26:32:656583,2681
347.8294,258.0067,3:26:32:660596,2688
349.2067,257.686,3:26:32:664608,2692
350.5101,257.686,3:26:32:668597,2700
351.7152,257.686,3:26:32:672583,2708
352.8465,257.686,3:26:32:677605,2712
353.8795,258.7062,3:26:32:681032,2718
354.814,259.6099,3:26:32:685039,2719
355.601,260.7467,3:26:32:689371,2722
356.2651,262.1168,3:26:32:692740,2728
356.7569,263.7492,3:26:32:696795,2732
357.0767,265.5273,3:26:32:700823,2742
357.298,267.4804,3:26:32:704826,2757
357.3226,269.5209,3:26:32:708824,2774
357.3226,271.678,3:26:32:713427,2797
357.3226,273.8934,3:26:32:716956,2828
356.6094,276.1088,3:26:32:721434,2878
356.6094,278.3242,3:26:32:724851,2942
355.5027,280.5104,3:26:32:729012,3008
354.814,282.6675,3:26:32:732921,3093
354.027,284.708,3:26:32:736930,3172
353.1663,286.632,3:26:32:740914,3250
352.2317,288.4101,3:26:32:745363,3323
351.2234,290.0717,3:26:32:748922,3372
350.1412,291.6166,3:26:32:753165,3408
348.9853,292.9866,3:26:32:757169,3421
347.7556,294.2109,3:26:32:761165,3433
346.5013,295.2312,3:26:32:765168,3447
345.1979,296.0765,3:26:32:768823,3455
343.8944,296.8053,3:26:32:772833,3464
342.5663,297.3592,3:26:32:777809,3469
341.2383,297.7672,3:26:32:780819,3477
339.984,298.0005,3:26:32:785820,3480
338.7543,298.117,3:26:32:788819,3488
337.5984,298.117,3:26:32:792818,3494
336.5655,298.117,3:26:32:796822,3485
335.6309,298.117,3:26:32:801419,3482
334.8193,298.117,3:26:32:805429,3468
334.1307,298.117,3:26:32:809563,3455
333.5896,297.2134,3:26:32:812854,3400
333.1469,297.2134,3:26:32:816797,3276
332.8026,296.6304,3:26:32:820795,3088
332.5567,296.6304,3:26:32:824906,2807
332.3845,295.96,3:26:32:828799,2431
332.3354,295.96,3:26:32:832603,1952
332.3354,294.998,3:26:32:836581,1382
332.3354,294.3275,3:26:32:840637,806
332.3354,293.628,3:26:32:844581,369
333.1961,292.8117,3:26:32:849281,0
333.1961,291.9081,3:26:32:853222,0
334.1799,290.8878,3:26:32:857222,0
334.7701,289.6635,3:26:32:861222,0
335.385,288.2935,3:26:32:865364,0
336.0244,286.836,3:26:32:869258,0
336.713,285.1744,3:26:32:873417,0
337.4016,283.2505,3:26:32:877436,0
338.1149,281.1226,3:26:32:881424,0
338.8527,278.7032,3:26:32:885427,0
339.5659,276.1088,3:26:32:889439,0
340.3529,273.223,3:26:32:893443,0
341.1891,270.1622,3:26:32:897558,0
342.0745,266.8974,3:26:32:900568,0
342.9844,263.4868,3:26:32:905419,0
343.919,259.9305,3:26:32:908432,0
344.9273,256.3159,3:26:32:912631,0
345.9111,252.6431,3:26:32:917631,0
346.9686,249.0284,3:26:32:920707,0
347.977,245.5304,3:26:32:924632,0
348.9361,242.2074,3:26:32:929364,0
349.7969,239.0591,3:26:32:933374,0
350.6085,236.0858,3:26:32:937420,0
351.2971,233.3166,3:26:32:940433,0
351.8628,230.8097,3:26:32:944480,0
352.2809,228.536,3:26:32:949476,0
352.6006,226.5538,3:26:32:953477,0
352.7973,224.6882,3:26:32:956475,0
352.8711,222.9975,3:26:32:961421,0
352.9203,221.5108,3:26:32:965432,0
352.9203,220.17,3:26:32:969485,0
352.9203,218.9165,3:26:32:972491,0
352.9203,217.7796,3:26:32:976583,0
352.3546,216.5845,3:26:32:980520,0
352.3546,215.4768,3:26:32:985520,0
352.3546,214.4274,3:26:32:988520,0
351.6414,213.4655,3:26:32:993522,0
351.6414,212.5035,3:26:32:998520,0
351.1742,211.5999,3:26:33:000520,0
351.1742,210.8128,3:26:33:004519,0
350.7069,210.1132,3:26:33:009422,0
350.7069,209.5593,3:26:33:013439,0
350.1904,209.0638,3:26:33:017506,0
349.9445,208.6266,3:26:33:021486,0
349.6248,208.2476,3:26:33:025486,869
349.3296,207.9561,3:26:33:028519,906
349.0099,207.6938,3:26:33:033423,975
348.6656,207.4023,3:26:33:036433,1073
348.3213,207.1399,3:26:33:040670,1206
347.977,206.9359,3:26:33:044623,1329
347.6327,206.7027,3:26:33:048622,1431
347.3621,206.4403,3:26:33:052623,1551
347.0916,206.2654,3:26:33:057364,1670
346.8456,206.0322,3:26:33:061007,1781
346.6243,205.8573,3:26:33:064724,1911
346.4767,205.7115,3:26:33:068734,2025
346.3538,205.5658,3:26:33:072786,2113
346.2554,205.4783,3:26:33:076732,2182
346.157,205.3909,3:26:33:080731,2229
346.1324,205.3618,3:26:33:084733,2245
346.1324,205.3618,3:26:33:088735,2252
346.1324,205.3618,3:26:33:092737,2259
346.1324,205.3618,3:26:33:097416,2262
346.1324,205.3618,3:26:33:101443,2301
346.7965,205.3618,3:26:33:105414,2370
346.7965,206.0322,3:26:33:109423,2462
347.9278,206.0322,3:26:33:113443,2578
348.6902,207.0233,3:26:33:117427,2685
349.6985,207.7812,3:26:33:121426,2772
350.879,208.714,3:26:33:124425,2861
352.2317,209.8508,3:26:33:128692,2930
353.7319,211.1335,3:26:33:132704,2975
355.4535,212.5618,3:26:33:136773,3017
357.298,214.1068,3:26:33:140680,3047
359.2655,215.8849,3:26:33:145364,3064
361.3806,217.838,3:26:33:148690,3085
363.594,219.8493,3:26:33:153253,3100
365.8566,221.8898,3:26:33:157166,3099
368.0947,223.9012,3:26:33:161166,3108
370.2835,225.8833,3:26:33:165198,3108
372.3002,227.8656,3:26:33:169307,3114
374.2431,229.702,3:26:33:173317,3122
376.0385,231.2761,3:26:33:177328,3125
377.6124,232.7336,3:26:33:181316,3141
379.0881,233.987,3:26:33:185424,3166
380.3915,235.0947,3:26:33:188984,3196
381.5474,236.0567,3:26:33:192983,3231
382.5804,236.8729,3:26:33:196984,3261
383.5149,237.5434,3:26:33:201429,3281
384.3265,238.0681,3:26:33:204948,3296
384.9906,238.5053,3:26:33:209407,3313
385.5316,238.7968,3:26:33:213418,3324
385.9497,239.03,3:26:33:217417,3336
386.2694,239.0883,3:26:33:221418,3359
386.4908,239.1758,3:26:33:225646,3392
386.6137,239.1758,3:26:33:228656,3426
386.6875,239.1758,3:26:33:232694,3449
386.6875,239.1758,3:26:33:236656,3457
386.6875,238.3304,3:26:33:240656,3449
386.6875,238.3304,3:26:33:244657,3433
386.6875,237.2518,3:26:33:249362,3379
385.9989,236.5814,3:26:33:252676,3261
385.9989,235.8818,3:26:33:256676,3042
385.4087,235.1239,3:26:33:260678,2686
385.4087,234.4243,3:26:33:264678,2112
384.7938,233.7538,3:26:33:268677,1371
384.7938,233.0834,3:26:33:273690,732
384.2036,232.5004,3:26:33:277690,0
383.9084,231.9174,3:26:33:281689,0
383.6133,231.3053,3:26:33:284690,0
383.3674,230.7222,3:26:33:288689,0
383.1214,230.0226,3:26:33:292692,0
382.9001,229.323,3:26:33:297414,0
382.7525,228.536,3:26:33:300929,0
382.7525,227.5741,3:26:33:304932,0
382.6296,226.5829,3:26:33:308932,0
382.6296,225.4461,3:26:33:312998,0
382.6296,224.1052,3:26:33:316933,0
382.6296,222.706,3:26:33:320932,0
383.4412,221.161,3:26:33:324932,0
383.9576,219.412,3:26:33:328932,0
384.5971,217.5756,3:26:33:332929,0
385.4087,215.6517,3:26:33:336929,0
386.3924,213.4363,3:26:33:340946,0
387.5483,211.0751,3:26:33:344930,0
388.778,208.5391,3:26:33:349374,0
390.1798,205.8573,3:26:33:353371,0
391.7047,203.0589,3:26:33:357369,0
393.3033,200.2605,3:26:33:361392,0
394.9756,197.3455,3:26:33:365380,0
396.6726,194.4597,3:26:33:369393,0
398.2958,191.7195,3:26:33:373412,0
399.8944,189.0669,3:26:33:377712,0
401.5175,186.6474,3:26:33:381712,0
403.067,184.3154,3:26:33:384715,0
404.5426,182.1584,3:26:33:388716,0
405.9198,180.351,3:26:33:393658,0
407.1495,178.8353,3:26:33:396668,0
408.2317,177.5235,3:26:33:400826,0
409.24,176.5324,3:26:33:404836,0
410.0762,175.8328,3:26:33:408836,0
410.7648,175.2789,3:26:33:412836,0
411.2321,175.1332,3:26:33:416868,0
411.5518,175.1332,3:26:33:420836,0
411.6994,175.1332,3:26:33:424836,0
411.6994,176.2701,3:26:33:428837,0
411.6994,176.9697,3:26:33:433421,0
411.6994,177.7276,3:26:33:436750,0
411.0107,178.7186,3:26:33:440750,0
411.0107,179.8846,3:26:33:446444,0
410.0762,181.1089,3:26:33:448470,0
409.5105,182.2749,3:26:33:453468,0
408.8957,183.4993,3:26:33:456473,0
408.2317,184.7818,3:26:33:461468,0
407.5184,186.1227,3:26:33:464470,0
406.8052,187.4637,3:26:33:469420,0
406.0674,188.7171,3:26:33:472432,0
405.3542,189.8539,3:26:33:477367,0
404.641,190.9325,3:26:33:481378,0
403.9769,191.9236,3:26:33:485381,0
403.3375,192.769,3:26:33:489378,0
402.7227,193.4977,3:26:33:494386,0
402.1816,194.0807,3:26:33:497378,0
401.7143,194.6054,3:26:33:501392,0
401.2224,195.0135,3:26:33:505378,0
400.8535,195.3633,3:26:33:509378,0
400.5092,195.6257,3:26:33:513376,0
400.2141,195.8589,3:26:33:517420,0
399.9927,196.0046,3:26:33:520762,0
399.796,196.1503,3:26:33:524875,0
399.5992,196.2961,3:26:33:528762,0
399.4517,196.4127,3:26:33:532762,0
399.3533,196.5293,3:26:33:536762,0
399.2303,196.6167,3:26:33:541071,0
399.132,196.8208,3:26:33:544942,0
399.0828,196.9666,3:26:33:548941,0
398.9844,197.2289,3:26:33:552942,0
398.886,197.5204,3:26:33:557363,0
398.7877,197.841,3:26:33:560957,0
398.7139,198.2491,3:26:33:565076,0
398.6155,198.7155,3:26:33:569075,0
398.4925,199.1819,3:26:33:573170,0
398.3204,199.7066,3:26:33:577075,0
398.1974,200.2896,3:26:33:581076,0
398.0744,200.8435,3:26:33:585076,0
397.9269,201.4848,3:26:33:589361,0
397.8039,202.0678,3:26:33:593374,0
397.6317,202.7091,3:26:33:597372,0
397.4842,203.2921,3:26:33:600903,0
397.3612,203.9334,3:26:33:604796,0
397.2383,204.5164,3:26:33:608825,0
397.0907,205.0994,3:26:33:612796,0
396.9431,205.7115,3:26:33:616796,0
396.8202,206.1779,3:26:33:620761,0
396.6726,206.6735,3:26:33:624807,0
396.5496,207.1399,3:26:33:628810,0
396.4758,207.6355,3:26:33:632825,0
396.4021,208.1019,3:26:33:636806,0
396.3283,208.5391,3:26:33:641361,0
396.3037,208.918,3:26:33:644821,491
396.2299,209.3261,3:26:33:648821,499
396.2053,209.7343,3:26:33:653108,531
396.1315,210.1423,3:26:33:657130,572
396.1069,210.5504,3:26:33:661109,626
396.0086,210.9294,3:26:33:665108,702
395.861,211.25,3:26:33:669109,787
395.7134,211.629,3:26:33:672943,889
395.4921,212.0663,3:26:33:676953,1020
395.2708,212.4452,3:26:33:681006,1151
394.951,212.8824,3:26:33:684954,1287
394.6067,213.378,3:26:33:689414,1442
394.2378,213.8152,3:26:33:693424,1575
393.6967,214.3691,3:26:33:697370,1684
393.1065,214.8938,3:26:33:701378,1800
392.3933,215.3311,3:26:33:705378,1897
391.5817,215.7975,3:26:33:709379,2000
390.6717,216.2639,3:26:33:713380,2109
389.688,216.672,3:26:33:717381,2190
388.5812,216.9052,3:26:33:721437,2266
387.4254,217.1384,3:26:33:725436,2334
386.2694,217.2841,3:26:33:729438,2403
385.0643,217.2841,3:26:33:732440,2467
383.8347,217.2841,3:26:33:737089,2500
382.6296,217.2841,3:26:33:740992,2531
381.3753,216.5845,3:26:33:744985,2550
380.0964,216.5845,3:26:33:748986,2554
378.8175,215.4476,3:26:33:753354,2571
377.4895,214.6315,3:26:33:756780,2590
376.186,213.6987,3:26:33:761416,2612
374.9071,212.6201,3:26:33:765427,2645
373.6774,211.5124,3:26:33:769428,2674
372.5215,210.3755,3:26:33:773426,2691
371.4886,209.1512,3:26:33:777442,2700
370.554,207.927,3:26:33:781428,2702
369.7178,206.6735,3:26:33:785226,2699
369.103,205.3909,3:26:33:789207,2695
368.6357,204.1083,3:26:33:793203,2694
368.316,202.8257,3:26:33:797206,2691
368.193,201.4556,3:26:33:801362,2691
368.193,200.0273,3:26:33:805226,2686
368.193,198.6281,3:26:33:809413,2685
368.193,197.2289,3:26:33:813444,2686
369.2505,195.888,3:26:33:817059,2682
369.8654,194.6054,3:26:33:821059,2687
370.6032,193.4394,3:26:33:825062,2688
371.4394,192.4191,3:26:33:829060,2683
372.3494,191.5155,3:26:33:833264,2688
373.3331,190.9034,3:26:33:837269,2688
374.4153,190.437,3:26:33:841267,2690
375.5466,190.1454,3:26:33:845266,2697
376.7516,190.1163,3:26:33:849322,2704
378.006,190.1163,3:26:33:853322,2713
379.2356,190.1163,3:26:33:857382,2722
380.5145,190.9325,3:26:33:861347,2721
381.7442,190.9325,3:26:33:865343,2721
382.9247,192.1568,3:26:33:869347,2722
384.0314,192.8855,3:26:33:872991,2713
385.0643,193.7309,3:26:33:877006,2724
385.9497,194.5471,3:26:33:881424,2724
386.7613,195.4216,3:26:33:885452,2724
387.45,196.267,3:26:33:889228,2728
387.991,197.0831,3:26:33:893229,2726
388.4583,197.841,3:26:33:897295,2728
388.778,198.5115,3:26:33:901226,2726
389.0239,199.1236,3:26:33:905416,2728
389.1715,199.5609,3:26:33:909429,2735
389.2453,199.9398,3:26:33:913506,2738
389.2699,200.2314,3:26:33:916509,2763
389.2699,200.3771,3:26:33:921505,2790
389.2699,200.3771,3:26:33:925506,2805
389.2699,200.3771,3:26:33:929360,2824
389.2699,200.3771,3:26:33:933371,2822
388.6796,200.3771,3:26:33:937368,2818
388.6796,199.3568,3:26:33:941374,2817
388.0156,198.7447,3:26:33:945369,2820
388.0156,197.9576,3:26:33:949282,2822
387.2778,196.9957,3:26:33:953316,2822
386.8597,195.9754,3:26:33:956805,2824
386.8597,194.8094,3:26:33:960813,2817
386.2202,193.5851,3:26:33:964815,2812
386.2202,192.3026,3:26:33:968815,2804
385.7776,190.9617,3:26:33:972871,2806
385.7776,189.6207,3:26:33:976882,2806
385.7776,188.2507,3:26:33:981315,2802
385.7776,186.9389,3:26:33:985318,2800
385.7776,185.5106,3:26:33:989324,2795
385.7776,184.2572,3:26:33:993331,2795
385.7776,183.0329,3:26:33:997738,2799
385.7776,181.9252,3:26:34:000739,2806
385.7776,180.8174,3:26:34:004738,2807
385.7776,179.8264,3:26:34:008737,2811
386.294,178.8936,3:26:34:013412,2804
386.294,178.0482,3:26:34:016422,2795
386.294,177.3777,3:26:34:021416,2781
386.294,176.5907,3:26:34:025426,2767
386.294,175.8328,3:26:34:029426,2752
386.294,175.0457,3:26:34:033426,2739
386.294,174.3461,3:26:34:037426,2729
386.294,173.6465,3:26:34:040429,2719
385.7776,172.8887,3:26:34:045362,2719
385.7776,172.1599,3:26:34:049381,2718
385.1381,171.4312,3:26:34:053216,2712
385.1381,170.7024,3:26:34:057158,2706
384.2773,170.0028,3:26:34:061175,2701
383.7855,169.3907,3:26:34:065160,2699
383.2444,168.7493,3:26:34:068543,2700
382.6541,168.1664,3:26:34:072544,2703
382.0885,167.6416,3:26:34:077543,2705
381.5229,167.2044,3:26:34:081546,2702
381.031,166.8255,3:26:34:085426,2715
380.6129,166.5631,3:26:34:089451,2739
380.2686,166.3882,3:26:34:093412,2774
380.0472,166.2424,3:26:34:097420,2812
379.8751,166.155,3:26:34:101512,2840
379.7521,166.155,3:26:34:104522,2845
379.7029,166.155,3:26:34:109522,2846
379.7029,166.155,3:26:34:112523,2852
379.7029,166.155,3:26:34:116522,2872
379.7029,167.1752,3:26:34:120522,2909
380.6129,167.1752,3:26:34:125001,2958
381.1785,168.487,3:26:34:129004,3011
381.8672,169.4198,3:26:34:133008,3064
382.7525,170.4984,3:26:34:137002,3125
383.8101,171.6352,3:26:34:141358,3191
385.0152,172.8887,3:26:34:145012,3260
386.3432,174.2004,3:26:34:149064,3313
387.7451,175.5413,3:26:34:153065,3356
389.2207,176.8239,3:26:34:157064,3382
390.7701,178.194,3:26:34:161065,3404
392.4179,179.6514,3:26:34:165322,3429
394.1148,181.0798,3:26:34:169332,3445
395.7872,182.5665,3:26:34:173401,3461
397.4596,184.0531,3:26:34:177385,3471
399.0582,185.4231,3:26:34:181383,3474
400.583,186.7932,3:26:34:185400,3474
402.0832,188.1049,3:26:34:189360,3477
403.3867,189.3001,3:26:34:193400,3472
404.6164,190.3495,3:26:34:196749,3472
405.6739,191.224,3:26:34:200691,3470
406.5839,191.9527,3:26:34:204693,3465
407.4201,192.6232,3:26:34:208691,3457
408.1087,193.1479,3:26:34:213423,3415
408.6989,193.5269,3:26:34:217434,3328
409.1908,193.7309,3:26:34:221434,3183
409.5843,193.8475,3:26:34:224434,2939
409.8794,193.8475,3:26:34:229434,2551
410.1008,193.8475,3:26:34:232433,1950
410.2729,192.8273,3:26:34:237565,1229
410.3221,191.807,3:26:34:240565,615
410.3221,190.5827,3:26:34:244565,0
410.3221,189.0669,3:26:34:249565,0
410.3221,187.347,3:26:34:253410,0
409.4367,185.3357,3:26:34:257420,0
409.4367,183.1494,3:26:34:261366,0
408.3546,180.8466,3:26:34:265375,0
407.7398,178.5729,3:26:34:269374,0
407.0511,176.2701,3:26:34:273380,0
406.3134,173.8506,3:26:34:277374,0
405.6739,171.5769,3:26:34:281376,0
405.0345,169.2449,3:26:34:285359,0
404.4442,167.0004,3:26:34:288385,0
403.9278,164.9307,3:26:34:293536,0
403.4605,163.0943,3:26:34:296547,0
403.0178,161.3744,3:26:34:300565,0
402.6489,159.946,3:26:34:304549,0
402.2308,158.8092,3:26:34:309547,0
401.8619,157.8764,3:26:34:312574,0
401.493,157.2059,3:26:34:317359,0
401.0503,156.7687,3:26:34:320635,0
400.6076,156.5355,3:26:34:325481,0
400.1403,156.5063,3:26:34:329491,0
399.6484,156.5063,3:26:34:332491,0
399.132,156.5063,3:26:34:336491,0
398.6647,156.5063,3:26:34:340491,0
398.1482,157.2351,3:26:34:345535,0
397.6071,157.2351,3:26:34:348550,0
397.1153,157.2351,3:26:34:353417,1530
396.648,157.9055,3:26:34:356427,1576
396.2791,157.9055,3:26:34:361426,1671
395.8856,157.9055,3:26:34:365427,1786
395.6151,157.9055,3:26:34:369426,1905
395.3691,157.9055,3:26:34:373426,1979
395.197,157.9055,3:26:34:377427,2000
395.1478,157.9055,3:26:34:381353,2000
395.1478,157.9055,3:26:34:384869,2002
395.1478,157.9055,3:26:34:388868,2010
395.1478,157.9055,3:26:34:392886,2020
395.7626,156.8853,3:26:34:396871,2026
395.7626,156.2148,3:26:34:400871,2029
396.4758,155.4278,3:26:34:405313,2025
396.4758,154.495,3:26:34:409313,2019
397.3858,153.4747,3:26:34:413351,2024
397.8531,152.3671,3:26:34:417314,2034
397.8531,151.2302,3:26:34:421388,2041
398.5417,150.0934,3:26:34:425390,2052
398.5417,148.8982,3:26:34:429388,2048
398.9106,147.7905,3:26:34:433390,2044
398.9106,146.7702,3:26:34:437550,2047
398.9106,145.8374,3:26:34:440560,2046
398.9106,145.0213,3:26:34:444562,2047
398.2958,144.3217,3:26:34:448560,2042
398.2958,143.6803,3:26:34:452560,2029
397.2874,143.2722,3:26:34:457912,2026
396.648,142.9807,3:26:34:461267,2031
395.9594,142.8642,3:26:34:465572,2048
395.2953,142.8058,3:26:34:468571,2077
394.5821,142.8058,3:26:34:472572,2096
393.8689,142.8058,3:26:34:476571,2123
393.1557,142.8058,3:26:34:481586,2137
392.4917,144.0302,3:26:34:485570,2158
391.8276,144.9046,3:26:34:489421,2182
391.2374,146.0123,3:26:34:492947,2214
390.6471,147.3824,3:26:34:496949,2247
390.1552,149.0148,3:26:34:500948,2273
389.688,150.8221,3:26:34:504947,2294
389.3437,152.7751,3:26:34:509968,2295
389.1223,154.6407,3:26:34:513292,2307
389.0239,156.5063,3:26:34:516974,2307
389.0239,158.1971,3:26:34:521427,2308
389.0239,159.6837,3:26:34:524444,2322
389.0239,160.9371,3:26:34:529117,2320
389.8601,161.9865,3:26:34:533138,2326
389.8601,162.7444,3:26:34:537132,2329
390.8931,163.2983,3:26:34:541117,2328
391.5079,163.6772,3:26:34:544894,2335
392.2457,163.7939,3:26:34:548835,2339
393.0081,163.7939,3:26:34:552652,2346
393.9673,163.7939,3:26:34:556662,2347
394.9265,163.7939,3:26:34:560661,2347
395.984,162.5987,3:26:34:564659,2353
397.0907,161.8991,3:26:34:569283,2358
398.1482,161.0246,3:26:34:573292,2364
399.3041,159.9752,3:26:34:577019,2369
400.3617,158.8967,3:26:34:580996,2369
401.37,157.7598,3:26:34:585993,2359
402.2554,156.5647,3:26:34:588992,2336
403.1161,155.3403,3:26:34:593623,2302
403.7556,154.2327,3:26:34:597143,2263
404.3213,153.1832,3:26:34:601401,2232
404.7885,152.1922,3:26:34:605412,2230
405.1574,151.4342,3:26:34:609413,2233
405.428,150.7638,3:26:34:613412,2245
405.6001,150.2682,3:26:34:617417,2249
405.6985,149.9767,3:26:34:621412,2235
405.7723,149.831,3:26:34:625358,2228
405.7969,149.7727,3:26:34:629007,2218
405.7969,149.7727,3:26:34:633366,2224
405.7969,149.7727,3:26:34:637341,2241
405.7969,150.8221,3:26:34:641378,2271
405.7969,151.6091,3:26:34:645341,2308
405.7969,152.5419,3:26:34:649357,2347
405.1328,153.6788,3:26:34:653355,2394
405.1328,155.0197,3:26:34:657278,2444
405.1328,156.4772,3:26:34:661276,2493
404.7393,157.993,3:26:34:665278,2545
404.7393,159.4505,3:26:34:669276,2581
404.7393,160.908,3:26:34:672895,2608
404.7393,162.2489,3:26:34:677932,2626
404.7393,163.4149,3:26:34:680908,2640
404.7393,164.4643,3:26:34:685359,2656
405.5755,165.4263,3:26:34:689371,2669
405.5755,166.2424,3:26:34:693366,2680
406.3871,166.942,3:26:34:697367,2690
406.8544,167.5251,3:26:34:701366,2698
407.3955,167.9332,3:26:34:705375,2708
407.9857,168.2247,3:26:34:709083,2723
408.6006,168.3412,3:26:34:713082,2733
409.2892,168.3412,3:26:34:717129,2738
410.0024,168.3412,3:26:34:721080,2741
410.7648,168.3412,3:26:34:725418,2744
411.5764,167.3501,3:26:34:729444,2749
412.3634,166.6505,3:26:34:733344,2758
413.1258,165.8052,3:26:34:737342,2755
413.9128,164.7558,3:26:34:741354,2756
414.6752,163.6189,3:26:34:745344,2751
415.3638,162.3363,3:26:34:750130,2756
415.9787,160.9371,3:26:34:753140,2764
416.5443,159.3922,3:26:34:757139,2757
417.0362,157.7307,3:26:34:761140,2754
417.4543,155.9816,3:26:34:765142,2746
417.8232,154.1743,3:26:34:769140,2738
418.0692,152.2504,3:26:34:773234,2741
418.2659,150.2682,3:26:34:777234,2747
418.3151,148.4318,3:26:34:781234,2748
418.3151,146.5662,3:26:34:785235,2749
418.3151,144.8463,3:26:34:789412,2753
418.3151,143.1265,3:26:34:792425,2743
417.5035,141.5815,3:26:34:797423,2736
417.5035,140.0949,3:26:34:801230,2732
416.3722,138.754,3:26:34:805257,2724
415.6344,137.4422,3:26:34:809435,2720
414.8228,136.1013,3:26:34:813434,2717
413.9128,134.8479,3:26:34:817433,2713
412.9782,133.6528,3:26:34:821433,2711
411.9699,132.545,3:26:34:825747,2706
410.9861,131.554,3:26:34:828758,2706
410.0516,130.7086,3:26:34:832853,2706
409.1416,129.9507,3:26:34:836764,2705
408.33,129.3677,3:26:34:840874,2708
407.6168,128.9596,3:26:34:844757,2731
406.9774,128.6098,3:26:34:849360,2781
406.5101,128.4641,3:26:34:853028,2842
406.1412,128.3766,3:26:34:856804,2907
405.8461,128.2892,3:26:34:860846,2942
405.6985,128.2892,3:26:34:864847,2947
405.5755,128.2892,3:26:34:868848,2948
405.5755,128.2892,3:26:34:873410,2955
405.5755,128.2892,3:26:34:877426,2974
405.5755,129.3677,3:26:34:880494,3010
406.4855,129.3677,3:26:34:884470,3039
407.0511,130.7669,3:26:34:889471,3080
407.7644,131.7289,3:26:34:893471,3127
408.6252,132.8949,3:26:34:897411,3168
409.6581,134.0609,3:26:34:900422,3230
410.7894,135.3143,3:26:34:905415,3287
411.9699,136.6261,3:26:34:908428,3334
413.2488,137.9086,3:26:34:913426,3383
414.5768,139.1621,3:26:34:917427,3414
415.8803,140.3573,3:26:34:921425,3438
417.1838,141.5815,3:26:34:925428,3458
418.5364,142.7767,3:26:34:929171,3467
419.8891,144.001,3:26:34:933175,3471
421.1926,145.167,3:26:34:937171,3472
422.4468,146.2747,3:26:34:941201,3469
423.7257,147.3824,3:26:34:945416,3478
424.98,148.461,3:26:34:949427,3484
426.1605,149.5395,3:26:34:953425,3489
427.341,150.3848,3:26:34:957427,3492
428.3985,151.201,3:26:34:961424,3484
429.3823,151.8715,3:26:34:964426,3481
430.2922,152.3962,3:26:34:969910,3468
431.1039,152.7168,3:26:34:972919,3424
431.7925,152.9792,3:26:34:976918,3322
432.3335,153.0667,3:26:34:980911,3124
432.727,153.0667,3:26:34:985743,2814
432.9976,153.0667,3:26:34:989070,2330
433.1451,152.3671,3:26:34:993175,1669
433.1943,151.6966,3:26:34:997070,998
433.1943,150.793,3:26:35:001074,447
433.1943,149.7727,3:26:35:005069,0
432.4811,148.5484,3:26:35:009422,0
432.4811,147.1783,3:26:35:013421,0
431.4727,145.6626,3:26:35:018423,0
430.8333,144.0302,3:26:35:021423,0
430.1693,142.252,3:26:35:025710,0
429.4315,140.4738,3:26:35:028730,0
428.7183,138.6957,3:26:35:032718,0
427.9312,136.8884,3:26:35:036720,0
427.218,135.0228,3:26:35:040720,0
426.554,133.1864,3:26:35:045364,0
426.0129,131.4082,3:26:35:048762,0
425.4965,129.7466,3:26:35:053409,0
425.0292,128.2309,3:26:35:057423,0
424.5619,126.8899,3:26:35:061282,0
424.1192,125.6948,3:26:35:065289,0
423.7749,124.6162,3:26:35:069289,0
423.406,123.6543,3:26:35:073289,0
422.9633,122.7798,3:26:35:077291,0
422.4468,121.9636,3:26:35:081291,0
421.955,121.1766,3:26:35:085410,0
421.4385,120.4186,3:26:35:088441,0
420.9466,119.6316,3:26:35:092795,0
420.4547,118.8154,3:26:35:096800,0
419.8891,117.97,3:26:35:100797,0
419.3726,117.1247,3:26:35:104797,1421
418.9053,116.1336,3:26:35:109409,1470
418.5118,115.1425,3:26:35:112441,1547
418.1675,114.1222,3:26:35:117131,1666
417.9216,113.0437,3:26:35:121095,1797
417.7495,111.7903,3:26:35:125208,1925
417.7249,110.5951,3:26:35:129092,2052
417.7249,109.4583,3:26:35:133359,2164
417.7249,108.2631,3:26:35:137108,2263
418.438,107.1554,3:26:35:141212,2323
418.438,106.0477,3:26:35:145210,2374
419.4956,105.0275,3:26:35:149308,2394
420.2334,104.1238,3:26:35:153210,2410
421.045,103.4533,3:26:35:156800,2420
421.8566,102.8703,3:26:35:160808,2414
422.7912,102.4039,3:26:35:164810,2426
423.8241,102.1999,3:26:35:168810,2468
424.9062,102.1999,3:26:35:173361,2517
426.0129,102.1999,3:26:35:177373,2572
427.1197,102.9578,3:26:35:180903,2619
428.2018,102.9578,3:26:35:184919,2641
429.2101,104.5902,3:26:35:189097,2664
430.2431,105.8145,3:26:35:192967,2683
431.153,107.3303,3:26:35:197021,2697
431.94,109.0793,3:26:35:200966,2704
432.6287,111.0323,3:26:35:205418,2707
433.1943,113.1895,3:26:35:209429,2703
433.637,115.4923,3:26:35:213293,2706
434.0059,118.0284,3:26:35:217178,2703
434.2518,120.5644,3:26:35:221206,2698
434.3748,123.0713,3:26:35:225177,2696
434.4486,125.5199,3:26:35:229475,2691
434.4486,127.8227,3:26:35:232486,2693
434.4486,129.9507,3:26:35:237485,2697
434.4486,131.8454,3:26:35:240488,2704
433.8091,133.5361,3:26:35:244520,2706
433.8091,134.9062,3:26:35:248485,2710
433.1943,136.0139,3:26:35:253276,2718
433.1943,136.8884,3:26:35:257287,2722
432.5303,137.4422,3:26:35:261278,2731
432.5303,137.7921,3:26:35:265282,2745
431.8662,137.9669,3:26:35:268824,2758
431.8662,137.9961,3:26:35:272820,2778
431.3498,137.9961,3:26:35:276900,2790
431.3498,137.9961,3:26:35:280820,2805
431.0055,137.9961,3:26:35:285434,2813
431.0055,137.0633,3:26:35:288447,2808
431.0055,137.0633,3:26:35:292900,2810
431.0055,136.3345,3:26:35:296897,2810
431.0055,136.3345,3:26:35:300900,2806
431.6941,135.5766,3:26:35:304898,2815
432.2597,135.5766,3:26:35:309420,2815
432.8992,134.9645,3:26:35:312430,2816
433.76,134.9645,3:26:35:316673,2816
434.7437,134.4398,3:26:35:320676,2821
435.875,134.4398,3:26:35:324673,2821
437.1293,134.0317,3:26:35:328675,2819
438.4574,134.0317,3:26:35:333381,2823
439.9084,133.6236,3:26:35:338051,2818
441.3594,133.3904,3:26:35:340593,2829
442.9088,133.0989,3:26:35:344704,2833
444.4091,132.7782,3:26:35:348702,2839
445.9339,132.3701,3:26:35:353701,2845
447.4833,131.9329,3:26:35:356701,2874
449.0819,131.4082,3:26:35:361242,2931
450.6067,130.7961,3:26:35:365269,2993
452.1561,130.213,3:26:35:369271,3054
453.7793,129.6301,3:26:35:373269,3084
455.4025,129.0179,3:26:35:377165,3092
457.0257,128.4641,3:26:35:381178,3098
458.5751,127.9685,3:26:35:385193,3106
460.0507,127.4729,3:26:35:389175,3115
461.4279,127.0357,3:26:35:393322,3120
462.7068,126.6567,3:26:35:397318,3123
463.8873,126.3652,3:26:35:401322,3123
464.8219,126.1029,3:26:35:405318,3127
465.5351,125.928,3:26:35:409415,3123
466.1499,125.7239,3:26:35:413424,3116
466.6418,125.6656,3:26:35:417428,3115
466.9124,125.5782,3:26:35:421438,3114
467.1091,125.549,3:26:35:424435,3127
467.2075,125.549,3:26:35:428437,3135
467.2075,125.549,3:26:35:433446,3113
467.2075,125.5199,3:26:35:436438,3029
467.2075,125.5199,3:26:35:441412,2864
466.3713,125.4907,3:26:35:444422,2589
466.3713,125.4033,3:26:35:449489,2128
465.2646,125.3158,3:26:35:453470,1511
464.4776,125.2576,3:26:35:457470,886
463.4938,125.141,3:26:35:461469,379
462.3379,125.0826,3:26:35:465416,0
461.059,125.0244,3:26:35:468428,0
459.6326,124.9952,3:26:35:473426,0
458.0832,124.9952,3:26:35:477427,0
456.3616,124.9952,3:26:35:481427,0
454.4925,124.9952,3:26:35:485762,0
452.525,124.9952,3:26:35:488772,0
450.4591,124.9952,3:26:35:493357,0
448.3687,125.9863,3:26:35:496824,0
446.1306,125.9863,3:26:35:500861,0
443.8188,127.2106,3:26:35:504871,0
441.4578,128.056,3:26:35:508871,0
439.023,128.9888,3:26:35:512869,0
436.5391,130.0673,3:26:35:518045,0
434.0059,131.2916,3:26:35:521048,0
431.3498,132.6617,3:26:35:525116,0
428.5215,134.1483,3:26:35:529048,0
425.5703,135.8681,3:26:35:533408,0
422.4468,137.7046,3:26:35:536747,0
419.1513,139.7159,3:26:35:540802,0
415.7328,142.0188,3:26:35:544799,0
412.1667,144.4966,3:26:35:548798,0
408.4284,147.0909,3:26:35:552801,0
404.6164,149.7727,3:26:35:557355,0
400.6322,152.6586,3:26:35:560874,0
396.6234,155.5152,3:26:35:564874,0
392.5408,158.6926,3:26:35:568872,0
388.5321,161.8408,3:26:35:572872,0
384.5233,165.0764,3:26:35:576873,0
380.5145,168.4287,3:26:35:581356,0
376.6779,171.8976,3:26:35:585365,0
372.8658,175.5996,3:26:35:589406,0
369.2505,179.3017,3:26:35:592749,0
365.6845,183.0037,3:26:35:596836,0
362.2167,186.7349,3:26:35:600748,0
358.8474,190.437,3:26:35:604832,0
355.6256,194.139,3:26:35:608759,0
352.5022,197.8119,3:26:35:613409,0
349.4526,201.6014,3:26:35:617763,0
346.6243,205.0994,3:26:35:620762,0
343.8452,208.5099,3:26:35:624806,0
341.2383,211.9205,3:26:35:628763,0
338.8035,215.0979,3:26:35:633357,0
336.3687,218.2169,3:26:35:636810,0
334.0815,221.161,3:26:35:641408,0
331.8189,223.8428,3:26:35:644425,0
329.6792,226.2332,3:26:35:649418,0
327.5887,228.4777,3:26:35:652421,0
325.6704,230.4308,3:26:35:656430,0
323.8751,232.2381,3:26:35:661637,0
322.1535,233.8996,3:26:35:664647,0
320.6041,235.3571,3:26:35:668646,0
319.2023,236.5814,3:26:35:673646,0
317.9234,237.6891,3:26:35:676648,0
316.8413,238.651,3:26:35:681473,0
315.8083,239.5255,3:26:35:684483,0
314.8984,240.3126,3:26:35:689485,0
314.0868,240.983,3:26:35:693483,0
313.2752,241.5369,3:26:35:697499,0
312.562,242.0907,3:26:35:701483,0
311.8734,242.5863,3:26:35:704484,0
311.2093,242.9944,3:26:35:709362,0
310.5945,243.3442,3:26:35:712590,0
310.0042,243.6066,3:26:35:717433,0
309.4386,243.8398,3:26:35:720432,0
308.8729,244.0146,3:26:35:725431,0
308.3073,244.1604,3:26:35:728431,0
307.7416,244.1895,3:26:35:733432,0
307.1513,244.1895,3:26:35:736431,0
306.5611,244.1895,3:26:35:741616,0
305.9955,244.1895,3:26:35:744626,0
305.4052,244.1895,3:26:35:748626,0
304.7411,244.1895,3:26:35:753433,0
304.1017,244.1895,3:26:35:756439,0
303.4623,243.4899,3:26:35:760836,0
302.8474,243.4899,3:26:35:764836,0
302.1834,243.4899,3:26:35:768838,0
301.6177,243.4899,3:26:35:772862,0
301.0521,243.4899,3:26:35:777489,0
300.4619,243.4899,3:26:35:780499,0
299.8962,243.4899,3:26:35:785496,0
299.3059,244.4227,3:26:35:788499,0
298.7403,244.4227,3:26:35:793499,0
298.2238,245.3847,3:26:35:796498,0
297.6827,245.9386,3:26:35:801414,0
297.1171,246.609,3:26:35:804650,0
296.6006,247.3086,3:26:35:808650,0
296.1333,247.979,3:26:35:812649,0
295.6906,248.7078,3:26:35:817649,0
295.2726,249.3783,3:26:35:820649,0
294.8791,249.9904,3:26:35:825417,0
294.5102,250.4859,3:26:35:829431,0
294.1904,250.9815,3:26:35:832430,1111
293.8707,251.3604,3:26:35:837413,1165
293.6002,251.6519,3:26:35:840516,1255
293.3542,251.856,3:26:35:845488,1352
293.1329,251.9435,3:26:35:848487,1443
293.0099,252.0018,3:26:35:853487,1480
292.887,252.0892,3:26:35:856486,1497
292.887,252.0892,3:26:35:861487,1502
292.887,252.0892,3:26:35:864487,1508
292.887,252.0892,3:26:35:869408,1530
292.887,252.0892,3:26:35:873432,1541
293.6494,252.0892,3:26:35:876934,1579
293.6494,251.1564,3:26:35:880840,1662
294.6577,251.1564,3:26:35:884922,1764
295.3217,250.1944,3:26:35:888838,1897
296.1088,249.4657,3:26:35:893413,2050
296.9449,248.6203,3:26:35:896423,2201
297.9287,247.6001,3:26:35:901380,2347
299.0846,246.3466,3:26:35:905380,2486
300.4127,244.9183,3:26:35:909380,2611
301.9129,243.1985,3:26:35:913380,2722
303.5361,241.1288,3:26:35:917346,2819
305.3806,238.7094,3:26:35:921393,2903
307.3973,235.9401,3:26:35:925337,2966
309.6107,232.6753,3:26:35:929335,3014
312.0209,229.2065,3:26:35:933334,3054
314.5541,225.4461,3:26:35:937337,3073
317.284,221.336,3:26:35:941336,3084
320.186,216.9052,3:26:35:945355,3080
323.4078,212.1537,3:26:35:949344,3070
326.9247,206.965,3:26:35:953395,3065
330.7122,201.5431,3:26:35:957395,3073
334.7455,195.9171,3:26:35:961392,3082
338.9756,189.9706,3:26:35:965398,3090
343.5009,183.7033,3:26:35:969378,3093
348.3213,176.9988,3:26:35:973389,3080
353.4368,169.9153,3:26:35:977166,3088
358.6998,162.8027,3:26:35:982163,3101
363.9629,155.7484,3:26:35:985166,3107
369.2751,148.665,3:26:35:989287,3118
374.6612,141.4066,3:26:35:993166,3105
380.121,134.0317,3:26:35:997355,3117
385.6054,126.8025,3:26:36:001274,3127
390.9914,119.9522,3:26:36:005529,3136
396.1069,113.6267,3:26:36:010533,3146
400.9765,107.4761,3:26:36:013530,3131
405.6001,101.5294,3:26:36:017529,3117
410.0516,95.9035,3:26:36:021528,3114
414.1588,90.7148,3:26:36:025574,3147
418.0446,85.96335,3:26:36:029563,3206
421.5615,81.64915,3:26:36:032590,3292
424.7833,77.6556,3:26:36:036582,3383
427.7099,74.01185,3:26:36:040573,3461
430.4152,70.8345,3:26:36:044580,3535
432.85,68.0944,3:26:36:048573,3605
434.9405,65.7624,3:26:36:052601,3680
436.785,63.86765,3:26:36:056611,3745
438.2114,62.4976,3:26:36:061439,3804
439.3919,61.36075,3:26:36:065440,3861
440.3019,60.54455,3:26:36:068440,3903
440.9659,59.90325,3:26:36:073449,3947
441.3594,59.49515,3:26:36:077592,4003
441.6546,59.26195,3:26:36:081111,4079
441.8021,59.1745,3:26:36:085162,4178
441.8759,59.1745,3:26:36:089111,4287
441.9005,59.1745,3:26:36:093182,4392
441.9005,59.1745,3:26:36:097829,4481
441.9005,59.1745,3:26:36:100840,4540
441.9005,59.1745,3:26:36:105406,4577
441.9005,59.1745,3:26:36:109416,4590
441.9005,59.84495,3:26:36:113416,4592
441.2365,59.84495,3:26:36:117584,4590
441.2365,59.84495,3:26:36:120595,4586
441.2365,60.5154,3:26:36:124595,4586
440.6216,60.5154,3:26:36:128595,4587
440.6216,60.9818,3:26:36:132706,4594
440.2527,60.9818,3:26:36:136595,4608
440.2527,61.36075,3:26:36:141508,4603
439.9576,61.36075,3:26:36:145024,4596
439.9576,61.36075,3:26:36:149024,4586
439.9576,61.36075,3:26:36:153024,4574
439.9576,61.36075,3:26:36:157144,4580
439.9576,61.36075,3:26:36:161025,4564
439.9576,61.36075,3:26:36:164660,4554
439.9576,61.36075,3:26:36:168670,4517
439.9576,61.36075,3:26:36:172708,4455
439.9576,61.36075,3:26:36:176670,4367
439.9576,61.36075,3:26:36:181355,4204
439.9576,61.36075,3:26:36:185274,3981
439.9576,61.36075,3:26:36:189274,3656
439.9576,61.36075,3:26:36:193406,3232
439.9576,60.9235,3:26:36:196930,2729
439.9576,60.9235,3:26:36:201082,2083
439.9576,60.9235,3:26:36:205080,1376
439.9576,60.5154,3:26:36:209091,758
439.9576,60.5154,3:26:36:213080,291
439.9576,60.25305,3:26:36:217369,0
439.9576,60.25305,3:26:36:221396,0
439.3181,60.01985,3:26:36:225430,0
439.3181,60.01985,3:26:36:229431,0
438.5804,60.01985,3:26:36:233431,0
438.0885,60.01985,3:26:36:236545,0
437.5228,60.01985,3:26:36:240431,0
436.908,60.01985,3:26:36:245416,0
436.2193,60.8069,3:26:36:248426,0
435.4323,60.8069,3:26:36:253360,0
434.6208,61.6814,3:26:36:257370,0
433.7846,62.35185,3:26:36:261369,0
432.8992,63.0223,3:26:36:265368,0
431.9646,63.8385,3:26:36:269372,0
431.0301,64.7713,3:26:36:273349,0
429.9725,65.7624,3:26:36:276417,0
429.0626,66.60775,3:26:36:281384,0
427.9066,67.71545,3:26:36:285400,0
426.8491,69.377,3:26:36:288418,0
426.8491,69.377,3:26:36:306598,0
