375.276,282.6384,3:07:03:812574,0
374.1939,282.6384,3:07:03:816550,0
373.2101,282.6384,3:07:03:820548,0
371.7591,282.6384,3:07:03:825025,0
370.3081,283.5129,3:07:03:828034,0
368.8325,283.5129,3:07:03:832034,0
367.2093,284.2125,3:07:03:836034,0
365.4385,284.2125,3:07:03:840034,0
363.6924,285.291,3:07:03:844036,0
362.6349,285.291,3:07:03:848040,0
361.7003,286.1072,3:07:03:852825,0
361.0363,286.5445,3:07:03:855838,0
360.2738,286.9235,3:07:03:859835,0
359.5606,287.3024,3:07:03:863836,0
358.9212,287.6522,3:07:03:867835,0
358.4539,287.9146,3:07:03:872602,0
357.9128,288.1769,3:07:03:876547,0
357.6669,288.4392,3:07:03:880565,0
357.2488,288.7891,3:07:03:884558,0
356.8799,289.0222,3:07:03:888567,0
356.5356,289.4304,3:07:03:892596,0
356.1667,289.751,3:07:03:896837,0
355.8224,289.955,3:07:03:900846,0
355.3797,290.3048,3:07:03:904846,0
354.9862,290.5089,3:07:03:908846,0
354.5681,290.6547,3:07:03:911846,0
354.0024,290.8004,3:07:03:916847,0
353.6089,290.9461,3:07:03:919847,0
353.1417,291.0627,3:07:03:923847,0
352.6006,291.1502,3:07:03:928848,0
352.1579,291.296,3:07:03:932871,0
351.666,291.3542,3:07:03:936547,0
351.1988,291.4125,3:07:03:940557,0
350.7807,291.5583,3:07:03:943908,0
350.3625,291.7332,3:07:03:948710,0
349.8953,291.8789,3:07:03:951720,0
349.551,292.1122,3:07:03:956720,0
349.2804,292.4037,3:07:03:959723,0
348.9853,292.7243,3:07:03:963743,0
348.6902,292.9866,3:07:03:968589,0
348.3951,293.249,3:07:03:972599,0
348.1737,293.6862,3:07:03:976600,0
348.0016,294.0069,3:07:03:979602,0
347.9524,294.3567,3:07:03:984606,0
347.8786,294.6482,3:07:03:987964,0
347.8294,294.9106,3:07:03:992569,0
347.8294,295.1437,3:07:03:996399,0
347.8294,295.5227,3:07:04:000409,0
347.8294,295.8142,3:07:04:004409,0
347.8294,296.0182,3:07:04:008410,0
348.4688,296.2514,3:07:04:012593,0
348.4688,296.3972,3:07:04:016458,0
348.4688,296.5721,3:07:04:020469,0
349.1575,296.747,3:07:04:024485,0
349.1575,296.9219,3:07:04:028480,0
349.8215,297.1551,3:07:04:032469,0
349.8215,297.33,3:07:04:036469,0
350.4117,297.4757,3:07:04:040469,0
350.4117,297.6506,3:07:04:044597,0
350.9528,297.7964,3:07:04:048537,0
351.1988,297.9421,3:07:04:052545,0
351.4447,298.1462,3:07:04:056552,0
351.4447,298.2628,3:07:04:060547,0
351.7644,298.3503,3:07:04:064545,0
351.8874,298.4669,3:07:04:068547,0
351.8874,298.6126,3:07:04:072570,0
351.9366,298.7292,3:07:04:076442,0
351.9366,298.9333,3:07:04:080546,0
351.9366,299.0207,3:07:04:084556,0
351.9366,299.1373,3:07:04:088554,0
351.9366,299.2831,3:07:04:092556,0
351.9366,299.3997,3:07:04:096557,0
351.9366,299.5454,3:07:04:100556,0
351.9366,299.6912,3:07:04:103942,0
351.4447,299.8369,3:07:04:108682,0
351.4447,299.9826,3:07:04:112691,0
351.4447,300.1867,3:07:04:116691,0
351.4447,300.3616,3:07:04:119691,0
351.4447,300.5074,3:07:04:123694,0
351.4447,300.6823,3:07:04:127692,0
351.4447,300.8571,3:07:04:132690,0
351.4447,301.0029,3:07:04:135692,0
351.4447,301.0904,3:07:04:140708,0
352.0349,301.1778,3:07:04:144699,0
352.0349,301.2069,3:07:04:148699,0
352.0349,301.2653,3:07:04:152699,0
352.4776,301.2653,3:07:04:156698,0
352.4776,301.2653,3:07:04:160699,0
352.4776,301.2653,3:07:04:164720,0
352.8711,301.2653,3:07:04:168698,0
352.8711,301.2653,3:07:04:172698,0
353.1417,301.2653,3:07:04:176698,0
353.1417,300.6531,3:07:04:180697,0
353.3876,300.6531,3:07:04:183697,0
353.5106,300.6531,3:07:04:188697,0
353.6089,300.6531,3:07:04:192697,0
353.6581,300.1284,3:07:04:195698,0
353.6827,300.1284,3:07:04:200701,0
353.6827,300.1284,3:07:04:204715,0
353.7319,299.662,3:07:04:208700,0
353.7319,299.662,3:07:04:212717,0
353.7319,299.2539,3:07:04:215701,317
353.7319,299.0207,3:07:04:220698,333
353.7319,298.8458,3:07:04:224705,352
353.7565,298.7,3:07:04:228702,375
353.8303,298.4669,3:07:04:232700,401
353.8549,298.3211,3:07:04:236701,428
353.8795,298.1754,3:07:04:240700,470
353.9041,298.117,3:07:04:243700,514
353.9532,298.0296,3:07:04:247705,557
353.9778,298.0005,3:07:04:252707,581
354.027,298.0005,3:07:04:256698,590
354.1008,298.0005,3:07:04:259703,592
354.1746,298.0005,3:07:04:264701,651
354.2484,298.0005,3:07:04:268700,745
354.3467,299.0207,3:07:04:271700,837
354.4697,299.0207,3:07:04:276724,939
354.5681,300.245,3:07:04:279700,985
354.6665,301.032,3:07:04:284723,1031
354.7894,301.9066,3:07:04:288404,1083
354.8386,302.8102,3:07:04:292716,1128
354.937,303.743,3:07:04:296527,1176
355.0108,304.5883,3:07:04:300558,1191
355.0108,305.4337,3:07:04:304587,1195
355.0354,306.2207,3:07:04:308596,1199
355.06,306.9495,3:07:04:312597,1196
355.1092,307.6199,3:07:04:316597,1193
355.1092,308.2029,3:07:04:320600,1194
355.1338,308.7277,3:07:04:324599,1194
355.1584,309.1649,3:07:04:328637,1198
355.183,309.573,3:07:04:332628,1202
355.183,309.9228,3:07:04:336765,1205
355.2321,310.1269,3:07:04:339778,1212
355.2321,310.3309,3:07:04:344023,1216
355.2567,310.4183,3:07:04:348023,1233
355.2813,310.5058,3:07:04:352129,1298
355.2813,310.5349,3:07:04:356023,1366
355.3305,310.5349,3:07:04:361087,1433
355.3305,310.5349,3:07:04:364364,1490
355.3551,310.5349,3:07:04:368368,1494
355.3797,310.5349,3:07:04:372365,1504
355.3797,309.9228,3:07:04:376387,1549
355.3797,309.9228,3:07:04:380364,1597
355.3797,309.3106,3:07:04:384897,1651
355.3797,309.3106,3:07:04:387924,1695
355.3797,308.5819,3:07:04:391993,1699
355.3797,308.5819,3:07:04:395907,1704
354.7894,307.7949,3:07:04:400023,1734
354.7894,307.7949,3:07:04:403907,1755
354.1746,307.1244,3:07:04:408765,1785
354.1746,307.1244,3:07:04:411810,1810
353.3138,306.7746,3:07:04:416581,1807
352.8465,306.7746,3:07:04:420099,1812
352.33,306.7746,3:07:04:424099,1813
351.6906,306.7746,3:07:04:428099,1811
351.0512,307.5034,3:07:04:432102,1818
350.3134,307.5034,3:07:04:436102,1829
349.5756,308.8151,3:07:04:440575,1859
348.7394,309.6605,3:07:04:444575,1895
347.8294,310.6807,3:07:04:448574,1935
346.8456,311.7884,3:07:04:452574,1969
345.8127,313.0127,3:07:04:456649,2000
344.829,314.2953,3:07:04:459647,2027
343.8452,315.5779,3:07:04:463989,2058
342.9598,316.9188,3:07:04:467998,2087
342.1483,318.2014,3:07:04:471998,2104
341.4596,319.5132,3:07:04:475998,2121
340.9431,320.7375,3:07:04:480765,2127
340.5988,321.9326,3:07:04:484115,2133
340.4513,323.1277,3:07:04:488186,2140
340.4513,324.3521,3:07:04:492112,2145
340.4513,325.4597,3:07:04:496123,2150
340.4513,326.5383,3:07:04:500113,2157
341.2875,327.5002,3:07:04:504603,2162
341.2875,328.3748,3:07:04:508613,2162
342.5172,329.1909,3:07:04:512593,2167
343.255,329.8905,3:07:04:516617,2167
344.1404,330.4735,3:07:04:520603,2168
345.0749,330.8233,3:07:04:524617,2171
346.0341,331.0565,3:07:04:528604,2174
347.1408,331.0857,3:07:04:532604,2176
348.2475,331.0857,3:07:04:536602,2175
349.4034,331.0857,3:07:04:540602,2179
350.5347,330.3569,3:07:04:544602,2175
351.666,330.3569,3:07:04:548610,2175
352.7482,329.2784,3:07:04:552553,2172
353.7565,328.6079,3:07:04:556555,2173
354.6911,327.9084,3:07:04:560553,2175
355.601,327.2087,3:07:04:564554,2181
356.4126,326.5092,3:07:04:568653,2189
357.1505,325.8387,3:07:04:572664,2187
357.8882,325.1682,3:07:04:575692,2187
358.4785,324.5269,3:07:04:580680,2182
359.0442,323.9731,3:07:04:584670,2177
359.536,323.5359,3:07:04:588699,2176
359.9787,323.2152,3:07:04:592690,2170
360.2492,322.9529,3:07:04:595687,2165
360.569,322.9529,3:07:04:600785,2163
360.7411,322.9529,3:07:04:603795,2180
360.8887,322.9529,3:07:04:607798,2231
361.0117,322.9529,3:07:04:611796,2291
361.0609,323.7108,3:07:04:615798,2364
361.0609,324.3521,3:07:04:619795,2425
361.0854,325.0516,3:07:04:623801,2466
361.1838,325.897,3:07:04:627829,2505
361.233,326.9464,3:07:04:632079,2537
361.2576,328.0833,3:07:04:636083,2561
361.2822,329.4533,3:07:04:640079,2579
361.3068,330.9691,3:07:04:644097,2594
361.3068,332.6015,3:07:04:648589,2601
361.3068,334.2631,3:07:04:652600,2611
361.3068,335.9537,3:07:04:656597,2618
361.3068,337.6736,3:07:04:660600,2622
361.3068,339.3351,3:07:04:664599,2627
361.3068,340.9676,3:07:04:668600,2632
361.3068,342.4542,3:07:04:672593,2598
361.3068,343.6785,3:07:04:676604,2477
361.3068,344.7862,3:07:04:679868,2228
361.897,345.719,3:07:04:684817,1783
361.897,346.5352,3:07:04:687894,1206
362.4381,347.1182,3:07:04:692797,671
362.4381,347.5263,3:07:04:696856,263
363.1021,347.7012,3:07:04:699857,0
363.5694,347.7012,3:07:04:704588,0
364.1597,347.7012,3:07:04:708599,0
364.8729,347.0016,3:07:04:712597,0
365.7091,347.0016,3:07:04:716598,0
366.5699,345.515,3:07:04:720598,0
367.5044,344.4947,3:07:04:724599,0
368.562,343.2704,3:07:04:728652,0
369.5949,341.7838,3:07:04:731663,0
370.6278,340.2097,3:07:04:736647,0
371.587,338.3732,3:07:04:739653,0
372.5707,336.4201,3:07:04:744586,0
373.5299,334.4088,3:07:04:748597,0
374.4644,332.2517,3:07:04:752619,0
375.399,329.978,3:07:04:756597,0
376.309,327.6751,3:07:04:760597,0
377.2435,325.4306,3:07:04:763895,0
378.1535,323.1569,3:07:04:767939,0
379.0635,321.0581,3:07:04:771953,0
379.9243,319.1634,3:07:04:776587,0
380.6866,317.3269,3:07:04:780606,0
381.3753,315.7237,3:07:04:784447,0
381.8672,314.3536,3:07:04:788469,0
382.1869,313.1584,3:07:04:792585,0
382.3098,312.1382,3:07:04:796596,0
382.3098,311.2928,3:07:04:800593,0
382.3098,310.5058,3:07:04:804596,0
381.6704,309.8354,3:07:04:808596,0
381.6704,309.2232,3:07:04:811596,0
380.662,308.6111,3:07:04:816515,0
380.0472,308.028,3:07:04:821522,0
379.457,307.445,3:07:04:824524,0
378.8421,306.8329,3:07:04:828553,0
378.2519,306.2207,3:07:04:832541,0
377.6124,305.5503,3:07:04:836586,0
377.0468,304.8799,3:07:04:840595,790
376.5303,304.1802,3:07:04:844526,849
376.0385,303.5389,3:07:04:848527,966
375.6449,302.956,3:07:04:852539,1095
375.3744,302.4312,3:07:04:856549,1221
375.1776,301.9648,3:07:04:859927,1290
375.1776,301.5859,3:07:04:863967,1306
375.1776,301.3235,3:07:04:867938,1306
375.1776,301.1487,3:07:04:871938,1313
375.1776,301.0612,3:07:04:876539,1317
376.063,301.0612,3:07:04:880966,1317
376.5795,301.0612,3:07:04:883959,1321
377.2435,301.0612,3:07:04:887947,1326
378.0305,301.0612,3:07:04:892516,1330
378.9405,301.994,3:07:04:895963,1334
379.8997,301.994,3:07:04:900714,1338
380.9326,303.1309,3:07:04:904724,1349
381.9655,303.8888,3:07:04:908724,1356
382.9985,304.7341,3:07:04:911727,1367
383.9576,305.7252,3:07:04:915724,1378
384.843,306.7746,3:07:04:919724,1382
385.6054,307.9114,3:07:04:923732,1389
386.2448,309.1066,3:07:04:927738,1392
386.7121,310.3309,3:07:04:932574,1403
386.9827,311.5844,3:07:04:936582,1413
387.081,312.8378,3:07:04:940775,1424
387.081,314.0621,3:07:04:943785,1435
387.081,315.2573,3:07:04:947784,1477
387.081,316.365,3:07:04:952795,1542
386.0481,317.3852,3:07:04:956788,1630
385.4333,318.3471,3:07:04:959785,1729
384.7692,319.2508,3:07:04:964526,1818
384.0314,320.0087,3:07:04:967794,1890
383.2444,320.7666,3:07:04:971795,1952
382.4082,321.3788,3:07:04:975795,2014
381.4983,321.9326,3:07:04:979796,2053
380.662,322.4282,3:07:04:983794,2087
379.8259,322.8362,3:07:04:988395,2114
379.1864,323.1277,3:07:04:992405,2130
378.5962,323.3901,3:07:04:996526,2148
378.1781,323.5359,3:07:05:000536,2161
377.8338,323.6524,3:07:05:004534,2167
377.6616,323.6816,3:07:05:008552,2170
377.6616,323.7108,3:07:05:012563,2164
377.6616,323.7108,3:07:05:016079,2165
377.6616,323.7108,3:07:05:020451,2163
377.6616,323.7108,3:07:05:024448,2158
378.2027,323.7108,3:07:05:028448,2162
378.2027,323.7108,3:07:05:032451,2157
379.211,323.7108,3:07:05:036535,2156
379.8751,323.7108,3:07:05:039740,2161
380.6866,323.7108,3:07:05:044287,2160
381.5966,323.7108,3:07:05:048307,2164
382.5804,323.7108,3:07:05:052286,2167
383.6871,323.7108,3:07:05:056287,2171
384.8676,323.7108,3:07:05:060588,2173
386.1465,323.7108,3:07:05:064600,2173
387.5483,323.7108,3:07:05:068390,2173
388.9994,323.7108,3:07:05:072396,2174
390.5242,323.1277,3:07:05:075903,2178
392.1473,323.1277,3:07:05:079912,2174
393.8689,323.1277,3:07:05:084778,2171
395.6151,322.4282,3:07:05:088783,2169
397.435,322.4282,3:07:05:092782,2167
399.2057,321.7285,3:07:05:095780,2171
400.9027,321.2913,3:07:05:100846,2168
402.5751,320.7957,3:07:05:103826,2162
404.1983,320.2711,3:07:05:108589,2159
405.6001,319.688,3:07:05:112598,2149
406.879,319.0176,3:07:05:116586,2146
407.9611,318.2888,3:07:05:120606,2143
408.8957,317.4727,3:07:05:124587,2139
409.6089,316.569,3:07:05:128598,2137
410.1746,315.5779,3:07:05:132598,2134
410.6418,314.4994,3:07:05:136598,2131
411.0107,313.3625,3:07:05:139611,2124
411.2813,312.109,3:07:05:143596,2122
411.5518,310.7682,3:07:05:148597,2122
411.724,309.3981,3:07:05:152605,2141
411.9207,308.028,3:07:05:155673,2190
412.0683,306.6871,3:07:05:159681,2276
412.2404,305.4337,3:07:05:163683,2388
412.3142,304.326,3:07:05:167680,2499
412.4126,303.3349,3:07:05:172687,2609
412.4372,302.5187,3:07:05:175907,2703
412.4864,301.8774,3:07:05:179918,2787
412.511,301.411,3:07:05:184181,2865
412.511,301.0904,3:07:05:187835,2913
412.511,300.9154,3:07:05:192849,2935
412.511,300.8571,3:07:05:195862,2941
412.511,300.8571,3:07:05:199912,2940
412.511,300.8571,3:07:05:203860,2939
412.511,300.8571,3:07:05:207981,2950
412.511,301.6151,3:07:05:211862,2965
412.511,301.6151,3:07:05:216585,2984
412.511,302.8394,3:07:05:219596,3007
412.511,303.6847,3:07:05:224713,3025
412.511,304.7341,3:07:05:227723,3042
412.511,305.9293,3:07:05:231779,3055
412.511,307.2119,3:07:05:235723,3068
413.052,308.6111,3:07:05:239723,3078
413.052,310.0685,3:07:05:243726,3083
413.052,311.4969,3:07:05:248531,3091
413.4455,312.9836,3:07:05:252548,3098
413.4455,314.441,3:07:05:256542,3103
413.4455,315.986,3:07:05:260542,3110
413.4455,317.5892,3:07:05:264541,3118
413.4455,319.1342,3:07:05:268542,3118
413.4455,320.65,3:07:05:272511,3115
413.4455,322.1658,3:07:05:276544,3078
413.4455,323.6816,3:07:05:280553,2991
413.4455,325.0225,3:07:05:284537,2789
413.4455,326.2759,3:07:05:288521,2386
413.4455,327.3253,3:07:05:292534,1786
413.4455,328.1999,3:07:05:296578,1089
413.4455,328.8994,3:07:05:300589,513
413.4455,329.5116,3:07:05:304588,0
413.4455,329.8614,3:07:05:308592,0
413.4455,330.0071,3:07:05:312594,0
414.2079,330.0655,3:07:05:315589,0
414.2079,330.0655,3:07:05:320587,0
414.8228,330.0655,3:07:05:323588,0
415.1917,329.1327,3:07:05:328466,0
415.6344,329.1327,3:07:05:332497,0
416.1754,327.6169,3:07:05:336500,0
416.7657,326.5674,3:07:05:340514,0
417.4543,325.4015,3:07:05:344497,0
418.1921,324.0897,3:07:05:348515,0
418.9791,322.6031,3:07:05:352595,0
419.8399,320.9415,3:07:05:356603,0
420.7991,319.2508,3:07:05:360584,0
421.6844,317.3852,3:07:05:363932,0
422.6682,315.4904,3:07:05:368558,0
423.6273,313.5374,3:07:05:372488,0
424.6357,311.6135,3:07:05:376467,0
425.5703,309.777,3:07:05:381471,0
426.431,308.0572,3:07:05:384465,0
427.1689,306.5122,3:07:05:388883,0
427.7099,305.113,3:07:05:391857,0
428.2264,303.9179,3:07:05:395859,0
428.4723,302.9268,3:07:05:399861,0
428.5707,302.0232,3:07:05:404586,0
428.5707,301.2944,3:07:05:408594,0
428.5707,300.6531,3:07:05:412600,0
428.5707,300.041,3:07:05:415609,0
428.005,299.3997,3:07:05:420606,0
428.005,298.7292,3:07:05:424606,0
428.005,298.1462,3:07:05:427608,1370
427.4394,297.5632,3:07:05:432532,1444
427.4394,297.0677,3:07:05:435544,1565
427.4394,296.6595,3:07:05:440319,1721
427.4394,296.3389,3:07:05:444196,1886
427.0459,296.0182,3:07:05:448196,1985
427.0459,295.8725,3:07:05:452196,2047
427.0459,295.8434,3:07:05:456586,2109
427.0459,295.8434,3:07:05:460598,2196
427.0459,295.8434,3:07:05:464585,2303
427.0459,296.7762,3:07:05:468602,2417
427.0459,296.7762,3:07:05:472881,2510
427.5869,298.2045,3:07:05:475881,2576
427.5869,299.2248,3:07:05:479881,2625
428.1526,300.449,3:07:05:483916,2681
428.1526,301.8482,3:07:05:488412,2741
428.8166,303.364,3:07:05:492422,2811
428.8166,304.9965,3:07:05:496531,2876
429.4069,306.6871,3:07:05:500553,2919
429.4069,308.4944,3:07:05:504582,2951
429.8987,310.3892,3:07:05:508101,2966
429.8987,312.3131,3:07:05:512220,2981
429.8987,314.2079,3:07:05:517101,2993
430.1693,316.0735,3:07:05:520101,2995
430.1693,317.8224,3:07:05:524101,2991
430.1693,319.6006,3:07:05:528611,2969
430.1693,321.2913,3:07:05:532629,2885
430.1693,322.8362,3:07:05:535826,2727
430.1693,324.2354,3:07:05:540824,2465
430.1693,325.4015,3:07:05:544823,2041
430.1693,326.4217,3:07:05:548838,1519
429.6282,327.3545,3:07:05:551824,930
429.6282,328.1415,3:07:05:555822,450
429.6282,328.7537,3:07:05:559858,0
429.038,329.2492,3:07:05:563867,0
429.038,329.5699,3:07:05:567867,0
428.4723,329.7156,3:07:05:571867,0
428.1034,329.8322,3:07:05:576576,0
427.5869,329.8322,3:07:05:580603,0
427.0705,329.8322,3:07:05:584886,0
426.5048,329.8322,3:07:05:587896,0
425.7424,328.8994,3:07:05:591899,0
424.8816,328.8994,3:07:05:595897,0
423.8733,327.3836,3:07:05:599896,0
422.619,326.3634,3:07:05:603905,0
421.2909,325.0516,3:07:05:608114,0
419.7661,323.6524,3:07:05:612121,0
417.9954,321.9909,3:07:05:616583,0
415.9787,320.1253,3:07:05:619596,0
413.9128,318.1431,3:07:05:623855,0
411.724,315.986,3:07:05:627854,0
409.4122,313.7997,3:07:05:631916,0
407.002,311.5844,3:07:05:635875,0
404.4442,309.3981,3:07:05:640531,0
401.8865,307.241,3:07:05:643920,0
399.2549,305.2005,3:07:05:648583,0
396.525,303.3349,3:07:05:652591,0
393.6476,301.6151,3:07:05:656687,0
390.6963,300.1284,3:07:05:659712,0
387.6467,298.8749,3:07:05:663747,0
384.4987,297.8839,3:07:05:667697,0
381.2769,297.0677,3:07:05:671697,0
377.8584,296.5138,3:07:05:676698,0
374.3661,296.1931,3:07:05:680583,0
370.8,295.9891,3:07:05:684595,0
367.2585,295.9891,3:07:05:688582,0
363.7907,295.9891,3:07:05:692592,0
360.446,295.9891,3:07:05:696593,0
357.298,295.9891,3:07:05:700592,0
354.4205,296.8344,3:07:05:704592,0
351.8874,296.8344,3:07:05:708654,0
349.674,296.8344,3:07:05:712660,0
347.854,296.8344,3:07:05:715768,0
346.3784,296.8344,3:07:05:719778,0
345.1733,296.8344,3:07:05:724588,0
344.1649,296.8344,3:07:05:727598,0
343.3287,296.8344,3:07:05:732596,0
342.6893,296.8344,3:07:05:736611,0
342.1729,296.8344,3:07:05:740921,0
341.7056,296.8344,3:07:05:743932,0
341.3367,296.8344,3:07:05:747934,0
341.0661,296.8344,3:07:05:751932,0
340.894,296.8344,3:07:05:755934,0
340.771,296.8344,3:07:05:759934,0
340.771,297.5923,3:07:05:764686,194
340.771,297.5923,3:07:05:767697,229
340.771,297.5923,3:07:05:771696,316
341.4104,297.5923,3:07:05:775697,445
341.4104,297.5923,3:07:05:779823,641
342.5417,297.5923,3:07:05:783696,883
343.3533,297.5923,3:07:05:788409,1130
344.3863,297.5923,3:07:05:792420,1408
345.616,297.5923,3:07:05:796606,1651
347.0178,297.5923,3:07:05:799641,1855
348.5918,296.747,3:07:05:804775,2033
350.4117,296.747,3:07:05:807787,2173
352.453,295.96,3:07:05:811778,2309
354.5681,295.5227,3:07:05:815774,2408
356.9783,295.1146,3:07:05:820582,2495
359.6344,294.6482,3:07:05:824592,2552
362.5857,294.1818,3:07:05:828583,2595
365.8074,293.6571,3:07:05:831641,2645
369.3489,293.1907,3:07:05:836581,2698
373.038,292.7826,3:07:05:839594,2751
376.85,292.287,3:07:05:844593,2796
380.785,291.8498,3:07:05:848595,2832
384.7938,291.3542,3:07:05:852602,2851
388.901,290.9461,3:07:05:856592,2861
392.9835,290.5381,3:07:05:860573,2871
397.0907,290.2174,3:07:05:864601,2874
401.0749,289.8384,3:07:05:868582,2884
405.0345,289.4886,3:07:05:872584,2897
408.8465,289.1389,3:07:05:876583,2905
412.6585,288.8474,3:07:05:880601,2915
416.1754,288.6141,3:07:05:884241,2919
419.3726,288.381,3:07:05:888249,2922
422.3485,288.1477,3:07:05:892252,2925
425.0046,287.9146,3:07:05:897272,2928
427.3656,287.7105,3:07:05:900236,2930
429.4315,287.4773,3:07:05:904236,2930
431.2268,287.3024,3:07:05:908278,2962
432.6533,287.0984,3:07:05:912238,3022
433.8091,286.9235,3:07:05:916577,3127
434.7191,286.7777,3:07:05:920588,3281
435.3831,286.6611,3:07:05:924578,3443
435.7521,286.5445,3:07:05:928588,3589
435.9734,286.4862,3:07:05:932604,3703
435.998,286.3696,3:07:05:936604,3776
435.998,286.253,3:07:05:940604,3817
435.998,286.1947,3:07:05:944604,3850
435.998,286.0781,3:07:05:948579,3873
435.998,285.9615,3:07:05:951650,3891
435.998,285.8157,3:07:05:956079,3905
435.998,285.6992,3:07:05:960080,3909
435.4323,285.5826,3:07:05:964153,3913
435.4323,285.4659,3:07:05:968081,3915
435.4323,285.4077,3:07:05:972529,3916
435.4323,285.3202,3:07:05:976540,3918
435.4323,285.291,3:07:05:980539,3920
435.4323,285.2619,3:07:05:984553,3914
435.4323,285.2619,3:07:05:988538,3898
435.4323,285.2328,3:07:05:992539,3840
435.4323,285.2328,3:07:05:996529,3731
435.4323,285.2328,3:07:06:000623,3561
435.4323,285.2328,3:07:06:004585,3331
435.4323,285.2328,3:07:06:008595,3055
435.4323,285.2328,3:07:06:011595,2730
435.4323,285.2328,3:07:06:016646,2317
435.4323,285.2328,3:07:06:019644,1737
435.4323,285.2328,3:07:06:024646,1091
435.8996,285.8157,3:07:06:027644,545
435.8996,285.8157,3:07:06:033023,0
436.3423,285.8157,3:07:06:036035,0
436.3423,285.8157,3:07:06:040036,0
436.785,285.8157,3:07:06:044033,0
436.785,285.8157,3:07:06:048032,0
437.1293,285.8157,3:07:06:052033,0
437.1293,285.8157,3:07:06:056788,0
437.3752,285.8157,3:07:06:060796,0
437.3752,285.8157,3:07:06:064800,0
437.4736,285.8157,3:07:06:067796,0
437.5228,285.087,3:07:06:071887,0
437.572,285.087,3:07:06:075801,0
437.5966,284.4165,3:07:06:080586,0
437.695,284.4165,3:07:06:084593,0
437.8179,283.8627,3:07:06:087741,0
437.9655,283.8627,3:07:06:091641,0
438.1869,283.2214,3:07:06:095641,0
438.4574,282.9299,3:07:06:099641,0
438.8017,282.6675,3:07:06:104587,0
439.2198,282.376,3:07:06:108104,0
439.7362,282.0845,3:07:06:112101,0
440.3019,281.7056,3:07:06:116101,0
440.8922,281.4432,3:07:06:120537,0
441.4332,281.2101,3:07:06:124113,0
442.0235,280.9768,3:07:06:128528,0
442.4416,280.7437,3:07:06:132046,0
442.5154,280.5104,3:07:06:136103,0
438.7279,284.9704,3:07:06:250345,0
438.0639,284.9704,3:07:06:254345,0
437.3506,284.9704,3:07:06:258651,0
436.4899,284.9704,3:07:06:262661,0
435.6537,284.9704,3:07:06:266676,0
434.7191,284.9704,3:07:06:270660,0
433.8337,284.9704,3:07:06:274919,0
432.8746,284.9704,3:07:06:278937,0
431.8662,284.9704,3:07:06:282030,0
431.4727,284.9704,3:07:06:285928,0
431.0301,284.9704,3:07:06:291021,0
430.6858,284.9704,3:07:06:295039,0
430.2922,284.9704,3:07:06:298425,0
429.8741,284.9704,3:07:06:302438,0
429.2839,284.9704,3:07:06:306486,0
428.5953,284.9704,3:07:06:310506,0
428.128,284.9704,3:07:06:314494,0
427.5378,284.9704,3:07:06:318481,0
426.9475,284.9704,3:07:06:322864,0
426.3572,284.9704,3:07:06:325877,0
425.6932,284.9704,3:07:06:329991,0
425.2505,284.9704,3:07:06:334876,0
424.7833,284.9704,3:07:06:337873,0
424.5619,284.9704,3:07:06:341872,0
424.0454,284.9704,3:07:06:346532,0
423.7257,284.9704,3:07:06:349883,0
423.3814,284.9704,3:07:06:354506,0
423.0371,284.9704,3:07:06:358517,0
422.8895,284.9704,3:07:06:363518,0
422.4714,284.9704,3:07:06:366516,0
422.2255,284.9704,3:07:06:370683,0
421.8566,284.9704,3:07:06:374696,0
421.5615,284.9704,3:07:06:378687,0
421.2664,284.9704,3:07:06:383685,0
420.9712,284.9704,3:07:06:387682,0
420.7499,284.9704,3:07:06:390701,0
420.4793,284.9704,3:07:06:394835,0
420.1596,284.9704,3:07:06:398845,0
419.7907,284.9704,3:07:06:401843,0
419.471,284.9704,3:07:06:409851,0
419.1513,284.9704,3:07:06:412844,0
418.9053,284.9704,3:07:06:415843,0
418.6102,284.9704,3:07:06:419855,0
418.2167,284.9704,3:07:06:423849,0
417.9216,284.9704,3:07:06:427843,0
417.7495,284.9704,3:07:06:429843,0
417.5281,284.9704,3:07:06:433854,0
417.2822,284.9704,3:07:06:437846,0
417.11,284.9704,3:07:06:441845,0
416.9132,284.9704,3:07:06:446846,0
416.8886,284.9704,3:07:06:449846,0
416.8149,284.9704,3:07:06:453846,0
416.6919,284.9704,3:07:06:458846,0
416.6919,284.3582,3:07:06:461846,0
416.6919,284.3582,3:07:06:465859,0
416.6919,284.3582,3:07:06:469846,0
416.6919,284.3582,3:07:06:473846,0
416.6919,283.7752,3:07:06:477846,0
416.6919,283.7752,3:07:06:482844,0
416.6919,283.7752,3:07:06:485852,0
416.6919,283.4546,3:07:06:490971,0
416.6919,283.4546,3:07:06:493979,0
416.6919,283.4546,3:07:06:498979,0
416.6919,283.1923,3:07:06:501980,0
416.0771,283.1923,3:07:06:506986,0
416.0771,282.959,3:07:06:509979,0
415.5606,282.8424,3:07:06:513980,0
415.5606,282.7841,3:07:06:517980,0
415.0441,282.5801,3:07:06:522435,0
415.0441,282.4926,3:07:06:527443,0
415.0441,282.4052,3:07:06:530444,0
414.5522,282.376,3:07:06:534443,0
414.5522,282.2595,3:07:06:538446,0
414.5522,282.2595,3:07:06:542708,0
414.5522,282.2595,3:07:06:545719,0
414.2325,282.2595,3:07:06:549746,0
414.2325,282.2595,3:07:06:554733,0
414.2325,282.2595,3:07:06:557719,0
414.2325,282.2595,3:07:06:562720,0
414.2325,282.2595,3:07:06:567149,0
414.2325,282.2595,3:07:06:570158,0
414.2325,282.2595,3:07:06:574157,0
414.2325,282.2595,3:07:06:578158,0
414.2325,282.2595,3:07:06:583157,0
414.2325,281.6765,3:07:06:586780,0
413.6423,281.6765,3:07:06:589806,0
413.6423,281.6765,3:07:06:593796,0
413.0766,281.6765,3:07:06:598783,0
413.0766,281.6765,3:07:06:602784,0
412.511,281.6765,3:07:06:605788,0
412.511,281.6765,3:07:06:611772,0
411.9699,281.6765,3:07:06:614794,0
411.6994,281.2101,3:07:06:618786,0
411.4288,281.2101,3:07:06:621781,0
411.1091,281.2101,3:07:06:626799,0
410.7894,281.2101,3:07:06:630781,0
410.4697,281.2101,3:07:06:634784,0
410.1008,281.2101,3:07:06:638781,0
409.7319,281.2101,3:07:06:641781,0
409.3876,281.2101,3:07:06:646800,0
409.0432,281.2101,3:07:06:652785,0
408.6989,281.2101,3:07:06:655781,0
408.4284,281.8513,3:07:06:658815,0
408.2317,281.8513,3:07:06:662784,0
408.0103,281.8513,3:07:06:666781,0
407.9119,281.8513,3:07:06:670781,0
407.8873,281.8513,3:07:06:673781,0
407.8873,282.2886,3:07:06:677784,0
407.8873,282.2886,3:07:06:682789,0
407.8873,282.2886,3:07:06:686782,0
407.8873,282.2886,3:07:06:690781,0
407.8873,282.2886,3:07:06:694780,0
407.8873,282.2886,3:07:06:697783,0
408.3546,282.2886,3:07:06:702785,0
408.3546,282.2886,3:07:06:705783,0
408.3546,282.2886,3:07:06:709799,0
408.3546,282.2886,3:07:06:713782,0
408.3546,282.2886,3:07:06:717785,0
408.3546,282.2886,3:07:06:722784,0
408.3546,282.2886,3:07:06:725803,0
408.3546,282.2886,3:07:06:729782,0
408.3546,282.2886,3:07:06:733784,0
408.3546,282.2886,3:07:06:738782,0
408.3546,282.2886,3:07:06:742810,0
408.3546,282.2886,3:07:06:746789,0
408.3546,282.2886,3:07:06:749781,0
408.8465,282.2886,3:07:06:754785,0
408.8465,282.2886,3:07:06:757792,0
408.8465,282.2886,3:07:06:762801,0
408.8465,282.2886,3:07:06:766801,0
408.8465,282.2886,3:07:06:770782,0
409.24,282.2886,3:07:06:773783,0
409.24,282.2886,3:07:06:777782,0
409.24,282.2886,3:07:06:781782,0
409.5105,282.2886,3:07:06:785782,0
409.5105,282.2886,3:07:06:790786,0
409.5105,282.2886,3:07:06:793783,0
409.5105,282.2886,3:07:06:798783,0
409.5105,282.2886,3:07:06:802052,0
409.5105,282.2886,3:07:06:806796,0
409.5105,282.2886,3:07:06:809802,0
409.5105,282.2886,3:07:06:814792,0
409.5105,282.2886,3:07:06:818782,0
408.9203,282.2886,3:07:06:822805,0
