315.3903,260.222,1:47:51:502320,0
315.3903,260.222,1:47:51:505330,0
314.2343,259.3767,1:47:51:510514,0
313.4228,259.3767,1:47:51:513524,0
312.3652,258.4439,1:47:51:517523,0
311.0372,258.4439,1:47:51:521524,0
309.5369,257.4236,1:47:51:525523,0
307.8646,256.8698,1:47:51:529581,0
305.9955,256.1119,1:47:51:534314,0
304.4952,256.1119,1:47:51:538260,0
302.872,255.558,1:47:51:542268,0
301.3226,255.558,1:47:51:546269,0
299.7732,254.9459,1:47:51:550260,0
298.273,254.9459,1:47:51:554285,0
296.822,254.4795,1:47:51:558285,0
295.3709,254.0131,1:47:51:562287,0
293.9937,254.0131,1:47:51:566287,0
292.6656,253.5175,1:47:51:570287,0
291.3867,253.1969,1:47:51:574298,0
290.2308,252.8179,1:47:51:578534,0
289.0995,252.3515,1:47:51:581554,0
288.1404,251.7977,1:47:51:585543,0
287.2304,251.1272,1:47:51:590543,0
286.3942,250.69,1:47:51:593543,0
285.6072,250.0779,1:47:51:597757,0
284.8448,249.524,1:47:51:601759,0
284.23,248.9702,1:47:51:606312,0
283.5905,248.3871,1:47:51:610326,0
283.0495,247.8333,1:47:51:614322,0
282.533,247.2794,1:47:51:618321,0
282.0657,246.7547,1:47:51:621349,0
281.623,246.23,1:47:51:626382,0
281.2295,245.647,1:47:51:629688,0
280.8606,245.0932,1:47:51:633678,0
280.5163,244.5394,1:47:51:637686,0
280.172,244.0146,1:47:51:641678,0
279.8769,243.4899,1:47:51:646307,0
279.5326,243.0527,1:47:51:649823,0
279.262,242.6446,1:47:51:654253,0
279.0161,242.2657,1:47:51:658262,0
278.7701,241.9742,1:47:51:662261,0
278.5488,241.7118,1:47:51:666263,0
278.3766,241.4494,1:47:51:670302,0
278.2537,241.2454,1:47:51:674310,0
278.2291,241.0414,1:47:51:677312,0
278.2291,240.8373,1:47:51:682251,0
278.2291,240.6041,1:47:51:686259,0
278.2291,240.4001,1:47:51:690270,0
279.0407,240.0794,1:47:51:694291,0
279.0407,239.8462,1:47:51:698272,0
279.9998,239.5255,1:47:51:702271,0
280.6393,239.2341,1:47:51:706373,0
281.3525,238.9717,1:47:51:709386,0
282.0657,238.6802,1:47:51:714384,0
282.8527,238.3887,1:47:51:718381,0
283.7381,238.0972,1:47:51:721384,0
284.5989,237.8349,1:47:51:726394,0
285.5089,237.5434,1:47:51:729384,0
286.4188,237.281,1:47:51:734304,0
287.378,237.0186,1:47:51:738170,0
288.3125,236.7854,1:47:51:742178,0
289.2963,236.5522,1:47:51:746180,0
290.1817,236.3482,1:47:51:750180,0
291.067,236.1441,1:47:51:754180,0
291.8294,235.9109,1:47:51:758324,0
292.4443,235.6777,1:47:51:761337,0
292.9854,235.4154,1:47:51:766335,0
293.3051,235.0947,1:47:51:770347,0
293.4772,234.7741,1:47:51:773337,421
293.5018,234.3951,1:47:51:778336,422
293.5018,234.0162,1:47:51:781363,429
293.5018,233.6081,1:47:51:786334,465
293.5018,233.2583,1:47:51:789334,526
292.7148,232.7919,1:47:51:793337,604
292.7148,232.3838,1:47:51:797334,677
291.977,232.034,1:47:51:802337,785
291.977,231.655,1:47:51:806335,877
291.067,231.2761,1:47:51:810341,937
290.5014,230.9554,1:47:51:814353,1009
289.8373,230.664,1:47:51:817342,1022
289.0995,230.4599,1:47:51:822342,1045
288.2633,230.3433,1:47:51:826355,1103
287.3534,230.3433,1:47:51:830355,1155
286.345,230.3433,1:47:51:834342,1212
285.2875,230.3433,1:47:51:838346,1245
284.107,231.5385,1:47:51:842351,1275
282.8527,232.2672,1:47:51:846297,1323
281.5001,233.1709,1:47:51:850307,1371
280.0736,234.2785,1:47:51:854305,1463
278.5734,235.5029,1:47:51:858307,1562
277.0486,236.8729,1:47:51:862308,1670
275.45,238.3304,1:47:51:866633,1783
273.9006,239.8754,1:47:51:869648,1874
272.5233,241.4494,1:47:51:874421,1943
271.2691,243.0818,1:47:51:878430,1982
270.1624,244.7434,1:47:51:882488,2019
269.3016,246.3466,1:47:51:885454,2034
268.6621,247.8916,1:47:51:889477,2049
268.2686,249.4366,1:47:51:893455,2065
268.1211,250.7775,1:47:51:898485,2076
268.1211,252.0892,1:47:51:901494,2092
268.1211,253.3135,1:47:51:905498,2104
268.1211,254.4503,1:47:51:909493,2125
269.0802,255.4123,1:47:51:913495,2136
269.7443,256.2577,1:47:51:917494,2145
270.5558,256.9281,1:47:51:922020,2159
271.4904,257.4236,1:47:51:925936,2164
272.5479,257.7443,1:47:51:930022,2173
273.753,257.8609,1:47:51:933957,2183
275.0811,257.8609,1:47:51:938303,2193
276.4091,257.8609,1:47:51:941314,2201
277.8602,256.6366,1:47:51:946314,2207
279.3112,255.8204,1:47:51:950313,2215
280.8114,254.8002,1:47:51:954311,2216
282.3116,253.5759,1:47:51:958313,2213
283.7873,252.235,1:47:51:962313,2212
285.1891,250.7483,1:47:51:965819,2203
286.5664,249.2325,1:47:51:969830,2197
287.8452,247.6001,1:47:51:973829,2194
289.0258,245.8802,1:47:51:977828,2192
290.1325,244.1021,1:47:51:982300,2191
291.067,242.1782,1:47:51:985313,2188
291.9524,240.196,1:47:51:990365,2189
292.641,238.1555,1:47:51:993378,2180
293.1821,236.0275,1:47:51:998375,2177
293.6002,233.8705,1:47:52:001375,2174
293.8461,231.655,1:47:52:005378,2172
293.9691,229.4397,1:47:52:009374,2181
293.9691,227.2825,1:47:52:014323,2198
293.9691,225.2129,1:47:52:018341,2242
293.9691,223.289,1:47:52:022325,2292
293.1575,221.6566,1:47:52:025324,2347
293.1575,220.17,1:47:52:029793,2422
292.2229,218.9165,1:47:52:033795,2473
291.6819,217.8671,1:47:52:037794,2531
291.1408,217.0217,1:47:52:041794,2600
290.5752,216.4096,1:47:52:046239,2659
290.0341,215.9432,1:47:52:049461,2723
289.5422,215.6517,1:47:52:053461,2784
289.0995,215.3602,1:47:52:057461,2829
288.7306,215.2144,1:47:52:062643,2860
288.4109,215.0979,1:47:52:065653,2880
288.165,215.0687,1:47:52:069717,2882
287.919,215.0687,1:47:52:073653,2881
287.919,215.0687,1:47:52:077765,2873
287.6731,215.0687,1:47:52:081654,2872
287.6731,216.4096,1:47:52:086311,2878
287.6731,217.3716,1:47:52:090322,2882
287.6731,218.625,1:47:52:094302,2887
287.6731,220.17,1:47:52:098311,2894
287.6731,221.9772,1:47:52:101752,2897
287.6731,223.9886,1:47:52:105753,2898
287.6731,226.1457,1:47:52:109753,2906
288.2879,228.3902,1:47:52:113754,2909
288.2879,230.5765,1:47:52:118291,2919
288.829,232.6461,1:47:52:122302,2923
288.829,234.5701,1:47:52:126352,2927
289.5176,236.3482,1:47:52:129353,2930
289.5176,237.9514,1:47:52:134352,2929
290.2308,239.3798,1:47:52:138366,2937
290.5752,240.6915,1:47:52:142246,2940
290.9195,241.7993,1:47:52:146260,2944
291.2146,242.7903,1:47:52:150291,2949
291.5343,243.5774,1:47:52:154293,2954
291.8294,244.277,1:47:52:158291,2959
292.0754,244.8308,1:47:52:162294,2962
292.2967,245.239,1:47:52:166271,2964
292.4689,245.5596,1:47:52:170291,2964
292.641,245.7636,1:47:52:174280,2970
292.764,245.9094,1:47:52:178281,2985
292.8378,245.9677,1:47:52:182628,3008
292.887,245.9677,1:47:52:185406,3031
292.9362,245.9677,1:47:52:189716,3051
292.9362,245.9677,1:47:52:193688,3058
292.9854,245.9677,1:47:52:197688,3057
293.0345,244.9474,1:47:52:201688,3057
293.1083,244.9474,1:47:52:205693,3055
293.2313,243.5774,1:47:52:209708,3056
293.3788,242.6154,1:47:52:214308,3056
293.5264,241.5078,1:47:52:218308,3054
293.7477,240.2543,1:47:52:222253,3049
294.0429,238.9134,1:47:52:226264,3046
294.338,237.5434,1:47:52:230261,3045
294.7561,236.1441,1:47:52:234263,3038
295.248,234.7158,1:47:52:238261,3042
295.8382,233.3457,1:47:52:242263,3039
296.5023,232.034,1:47:52:246299,3033
297.1909,230.8097,1:47:52:249817,3029
298.0025,229.702,1:47:52:253814,3021
298.9124,228.7401,1:47:52:257815,3015
299.8962,227.8656,1:47:52:261816,3015
300.9783,227.2825,1:47:52:265817,3011
302.085,226.8745,1:47:52:269920,3006
303.2901,226.6996,1:47:52:273825,3002
304.4952,226.6996,1:47:52:278298,2996
305.7987,226.6996,1:47:52:281354,2995
307.1267,227.5157,1:47:52:286100,2993
308.3318,228.2153,1:47:52:290091,2992
309.4878,229.0607,1:47:52:294090,2985
310.5945,230.1393,1:47:52:298090,2982
311.529,231.2761,1:47:52:302172,2977
312.3406,232.5296,1:47:52:306240,2978
313.0292,233.9579,1:47:52:310302,2982
313.5949,235.3862,1:47:52:313313,2986
313.9638,236.9021,1:47:52:317829,2993
314.1852,238.4762,1:47:52:321723,2993
314.2343,240.0211,1:47:52:325833,2999
314.2343,241.6243,1:47:52:329723,3004
314.2343,243.1693,1:47:52:333726,2988
313.4719,244.7434,1:47:52:337734,2943
312.8325,246.3175,1:47:52:341734,2845
312.0209,247.8916,1:47:52:345732,2687
310.988,249.3783,1:47:52:349551,2474
309.7091,251.0107,1:47:52:354560,2173
308.2089,252.6722,1:47:52:358560,1781
306.5857,254.3338,1:47:52:361559,1311
304.7166,256.0244,1:47:52:366158,790
302.7491,257.5985,1:47:52:370194,387
300.5848,259.0852,1:47:52:374198,0
298.4698,260.3387,1:47:52:378165,0
296.2809,261.5046,1:47:52:382164,0
294.1167,262.2625,1:47:52:386167,0
291.977,262.6998,1:47:52:390302,0
289.7144,262.8164,1:47:52:393315,0
287.5501,262.8164,1:47:52:398307,0
285.2875,262.0002,1:47:52:401317,0
283.0987,261.1257,1:47:52:405493,0
280.8606,259.9597,1:47:52:409503,0
278.5734,258.5605,1:47:52:413505,0
276.3354,256.9281,1:47:52:417505,0
274.0974,255.0916,1:47:52:422252,0
271.9577,253.0511,1:47:52:426263,0
269.9164,250.9523,1:47:52:430305,0
267.9489,248.7078,1:47:52:433314,0
266.1536,246.5215,1:47:52:438315,0
264.4812,244.3062,1:47:52:442317,0
263.0547,242.0907,1:47:52:445855,0
261.8005,239.9045,1:47:52:449856,0
260.7675,237.864,1:47:52:453856,0
259.9805,235.9109,1:47:52:457855,0
259.3903,234.0453,1:47:52:461858,0
259.0214,232.2381,1:47:52:466255,0
258.8,230.5473,1:47:52:469517,0
258.7755,228.9149,1:47:52:474495,0
258.7755,227.3117,1:47:52:477502,0
258.7755,225.7668,1:47:52:481507,0
259.4886,224.2218,1:47:52:485505,0
259.4886,222.7352,1:47:52:489505,0
260.5462,221.2776,1:47:52:493514,0
261.1364,219.9659,1:47:52:498250,0
261.8251,218.6833,1:47:52:501714,0
262.4891,217.5464,1:47:52:506041,0
263.0793,216.4388,1:47:52:510030,0
263.4974,215.3602,1:47:52:514028,0
263.4974,214.3983,1:47:52:518026,1312
263.8417,213.6695,1:47:52:522305,1312
263.8417,212.9991,1:47:52:525315,1302
263.8417,212.4452,1:47:52:530255,1297
263.8417,212.0371,1:47:52:534266,1287
263.8417,211.6581,1:47:52:537409,1282
263.8417,211.5415,1:47:52:541417,1302
263.2023,211.5415,1:47:52:545418,1337
263.2023,211.5415,1:47:52:550417,1388
263.2023,212.2411,1:47:52:554307,1450
262.5383,212.2411,1:47:52:558318,1503
262.5383,213.4655,1:47:52:561553,1559
261.7759,214.2233,1:47:52:565555,1618
261.2348,215.1853,1:47:52:569933,1675
260.62,216.3221,1:47:52:574553,1734
259.9559,217.5756,1:47:52:578637,1790
259.2427,218.8873,1:47:52:581638,1845
258.4557,220.2574,1:47:52:585640,1885
257.6441,221.5692,1:47:52:589637,1926
256.7834,222.8809,1:47:52:594458,1957
255.8734,224.1635,1:47:52:597466,1980
254.9388,225.3295,1:47:52:601473,2008
253.9551,226.3497,1:47:52:605466,2034
252.9959,227.2534,1:47:52:610673,2049
251.9876,227.9821,1:47:52:613683,2064
251.0038,228.5652,1:47:52:617727,2079
249.9955,228.9733,1:47:52:621736,2096
249.0855,229.2065,1:47:52:625806,2118
248.1755,229.2939,1:47:52:629737,2139
247.3393,229.2939,1:47:52:634305,2166
246.5523,229.2939,1:47:52:638315,2182
245.8637,228.1279,1:47:52:642317,2193
245.2735,227.2534,1:47:52:646316,2207
244.8062,226.0582,1:47:52:650315,2211
244.4373,224.6882,1:47:52:654320,2219
244.1913,223.2016,1:47:52:658299,2228
244.0684,221.54,1:47:52:662311,2226
244.0684,219.8493,1:47:52:666308,2224
244.0684,218.1295,1:47:52:670310,2222
244.0684,216.4388,1:47:52:674310,2214
244.88,214.8355,1:47:52:678312,2211
244.88,213.4363,1:47:52:682294,2205
245.9129,212.1537,1:47:52:685418,2199
246.5278,210.9585,1:47:52:690307,2196
247.1918,209.9091,1:47:52:694324,2189
247.8804,209.0347,1:47:52:698370,2187
248.569,208.2476,1:47:52:701368,2185
249.3068,207.6646,1:47:52:706370,2185
250.0201,207.2274,1:47:52:709368,2188
250.7825,206.9359,1:47:52:714311,2192
251.5449,206.7318,1:47:52:718342,2196
252.4057,206.7318,1:47:52:721338,2197
253.2664,206.7318,1:47:52:726335,2202
254.1518,206.7318,1:47:52:729858,2204
255.0618,207.4897,1:47:52:733797,2206
255.9963,207.4897,1:47:52:737907,2214
256.9555,208.5099,1:47:52:741797,2219
257.9392,209.1804,1:47:52:746295,2224
258.8984,209.8508,1:47:52:750305,2231
259.8576,210.5796,1:47:52:754303,2214
260.8413,211.3375,1:47:52:757305,2155
261.8251,212.0371,1:47:52:762304,2030
262.8334,212.7659,1:47:52:766303,1813
263.8663,213.378,1:47:52:769985,1519
264.8993,213.9319,1:47:52:773995,1163
265.9568,214.2816,1:47:52:777994,748
267.0389,214.544,1:47:52:781995,404
268.1211,214.544,1:47:52:786303,159
269.2032,214.544,1:47:52:789827,0
270.2361,214.544,1:47:52:794396,0
271.2445,214.544,1:47:52:798405,0
272.1299,213.378,1:47:52:802248,0
272.9906,212.6492,1:47:52:806226,0
273.753,211.8913,1:47:52:809989,0
274.3925,210.9877,1:47:52:813995,0
275.0073,210.0549,1:47:52:818049,0
275.5238,209.1512,1:47:52:821991,0
275.9911,208.2184,1:47:52:826300,0
276.4091,207.2856,1:47:52:829310,0
276.8518,206.4403,1:47:52:834299,0
277.1962,205.6532,1:47:52:837815,0
277.5159,204.9245,1:47:52:841854,0
277.6635,204.2249,1:47:52:845814,0
277.7372,203.6419,1:47:52:849814,1223
277.7372,203.1172,1:47:52:853814,1227
277.7372,202.6216,1:47:52:857848,1260
277.7372,202.2135,1:47:52:861814,1315
277.0978,201.8929,1:47:52:866434,1428
277.0978,201.5431,1:47:52:869444,1593
276.4829,201.3391,1:47:52:873443,1758
276.4829,201.135,1:47:52:878455,1911
275.8189,201.0767,1:47:52:881554,2012
275.8189,200.9892,1:47:52:885445,2059
275.0811,200.9601,1:47:52:890299,2078
274.6384,200.9601,1:47:52:894309,2090
274.0974,200.9601,1:47:52:898311,2097
273.5563,200.9601,1:47:52:901312,2098
272.9414,200.9601,1:47:52:906530,2102
272.302,201.8055,1:47:52:909570,2103
271.638,201.8055,1:47:52:913539,2104
270.9739,202.4759,1:47:52:917540,2108
270.3591,202.4759,1:47:52:921596,2112
269.7443,203.1755,1:47:52:925540,2114
269.1294,203.1755,1:47:52:930306,2111
268.5392,203.8168,1:47:52:934316,2114
267.9489,203.8168,1:47:52:938314,2112
267.3832,204.254,1:47:52:942314,2117
266.8176,204.254,1:47:52:946317,2129
266.3011,204.5455,1:47:52:950317,2134
265.6617,204.5455,1:47:52:954308,2139
265.0714,204.5455,1:47:52:957335,2142
264.4566,204.5455,1:47:52:961679,2136
263.8663,204.5455,1:47:52:965688,2140
263.3253,204.5455,1:47:52:969809,2152
262.7596,204.5455,1:47:52:973687,2162
262.2924,203.5544,1:47:52:978315,2182
261.8742,203.5544,1:47:52:982337,2195
261.4561,202.4467,1:47:52:985725,2205
261.1364,201.7471,1:47:52:989746,2217
260.8905,200.931,1:47:52:994254,2227
260.7184,200.0273,1:47:52:997536,2235
260.5708,199.0654,1:47:53:002304,2239
260.5462,198.0742,1:47:53:006314,2244
260.5462,197.0248,1:47:53:010315,2246
260.5462,195.9754,1:47:53:013314,2250
260.5462,194.8969,1:47:53:018313,2247
261.1856,193.8183,1:47:53:022314,2244
261.1856,192.7398,1:47:53:026186,2238
262.0464,191.6613,1:47:53:030120,2240
262.6121,190.5827,1:47:53:034122,2245
263.3007,189.5916,1:47:53:038120,2244
264.0877,188.6297,1:47:53:042812,2249
264.9485,187.6969,1:47:53:045822,2242
265.9568,186.9389,1:47:53:049822,2237
267.1127,186.2685,1:47:53:054822,2234
268.367,185.7729,1:47:53:057822,2226
269.7443,185.4814,1:47:53:061822,2229
271.2445,185.3649,1:47:53:066223,2228
272.7939,185.3649,1:47:53:070236,2229
274.3679,185.3649,1:47:53:074234,2238
275.9173,186.5891,1:47:53:078244,2234
277.4421,187.5219,1:47:53:082237,2238
278.8193,188.6588,1:47:53:086234,2236
280.0982,190.0871,1:47:53:090295,2232
281.1558,191.7195,1:47:53:094305,2240
282.1149,193.556,1:47:53:098288,2241
282.8527,195.5674,1:47:53:102299,2247
283.5414,197.637,1:47:53:106292,2247
284.107,199.8524,1:47:53:110303,2205
284.5743,202.1552,1:47:53:114300,2120
285.0416,204.429,1:47:53:118303,1960
285.4843,206.761,1:47:53:122301,1718
285.9515,209.1512,1:47:53:126301,1424
286.4188,211.5415,1:47:53:130540,1092
286.9845,214.0776,1:47:53:133550,730
287.5747,216.672,1:47:53:137606,413
288.1896,219.2372,1:47:53:141608,184
288.9028,221.8315,1:47:53:145605,0
289.6898,224.3676,1:47:53:150604,0
290.5014,226.7578,1:47:53:154247,0
291.3376,229.0607,1:47:53:157404,0
292.2475,231.1304,1:47:53:161572,0
293.1821,232.9085,1:47:53:165582,0
294.215,234.3951,1:47:53:169582,0
295.3463,235.6194,1:47:53:173583,0
296.5269,236.5814,1:47:53:178304,0
297.8549,237.281,1:47:53:181314,0
299.3059,237.6891,1:47:53:186246,0
300.8799,237.864,1:47:53:189722,0
302.6261,237.864,1:47:53:194301,0
304.4706,237.864,1:47:53:197311,0
306.4381,237.864,1:47:53:202295,0
308.4548,236.698,1:47:53:205306,0
310.5945,235.9693,1:47:53:210304,0
312.7833,235.2113,1:47:53:213306,0
314.9722,234.2785,1:47:53:218303,0
317.2348,233.2874,1:47:53:221306,0
319.5466,232.1797,1:47:53:226249,0
321.9322,230.9554,1:47:53:230259,0
324.244,229.6437,1:47:53:234252,0
326.605,228.2737,1:47:53:237562,0
329.0152,226.8161,1:47:53:242251,0
331.327,225.2421,1:47:53:246305,0
333.6388,223.6971,1:47:53:250003,0
335.8523,222.1521,1:47:53:253907,0
337.8689,220.6655,1:47:53:257908,0
339.6889,219.1788,1:47:53:261912,0
341.4104,217.838,1:47:53:265545,0
342.8861,216.5845,1:47:53:269593,0
344.1158,215.5934,1:47:53:274349,0
345.0749,214.544,1:47:53:277355,0
345.616,213.5529,1:47:53:282302,0
345.7881,212.5618,1:47:53:285313,2352
345.7881,211.7456,1:47:53:290310,2350
345.7881,211.0751,1:47:53:293312,2356
345.1979,210.4339,1:47:53:298313,2360
345.1979,209.9091,1:47:53:301312,2366
344.1649,209.4136,1:47:53:306303,2373
343.5747,209.0929,1:47:53:309313,2385
343.0336,209.0347,1:47:53:314369,2407
342.4434,209.0347,1:47:53:318370,2432
341.8531,209.0347,1:47:53:322369,2465
341.1645,209.0347,1:47:53:326382,2498
340.3775,209.7343,1:47:53:330302,2529
339.5659,209.7343,1:47:53:333315,2557
338.6805,210.8711,1:47:53:338183,2572
337.7706,211.7456,1:47:53:342180,2582
336.9098,212.7659,1:47:53:346179,2593
336.0736,213.961,1:47:53:350180,2600
335.3358,215.3602,1:47:53:354264,2611
334.6718,216.9635,1:47:53:358277,2619
334.0815,218.6541,1:47:53:362248,2616
333.5404,220.4032,1:47:53:366256,2615
333.0732,222.1521,1:47:53:370255,2617
332.7289,223.7554,1:47:53:374258,2619
332.4337,225.2421,1:47:53:378269,2619
332.237,226.6413,1:47:53:382258,2622
332.0402,227.7781,1:47:53:386366,2624
331.9664,228.6234,1:47:53:389339,2624
331.8927,229.2356,1:47:53:394336,2633
331.8927,229.702,1:47:53:398338,2637
331.8927,229.9352,1:47:53:402309,2647
331.8927,230.1393,1:47:53:406318,2666
331.8927,230.1976,1:47:53:410307,2683
331.8927,230.1976,1:47:53:413317,2699
331.8927,230.1976,1:47:53:418336,2712
331.8927,229.4688,1:47:53:421342,2716
331.8927,229.4688,1:47:53:426317,2719
331.8927,228.1862,1:47:53:430319,2722
331.8927,227.2534,1:47:53:434306,2720
331.8927,226.1457,1:47:53:437316,2716
331.1302,224.8631,1:47:53:442256,2712
331.1302,223.5513,1:47:53:446264,2702
330.3924,222.1813,1:47:53:450264,2701
329.8268,220.9278,1:47:53:454276,2699
329.1628,219.7327,1:47:53:458263,2693
328.4495,218.6833,1:47:53:462264,2687
327.6133,217.8088,1:47:53:465824,2676
326.7034,217.1384,1:47:53:469835,2664
325.7442,216.7011,1:47:53:474165,2652
324.7359,216.4388,1:47:53:478223,2649
323.7029,216.4388,1:47:53:482205,2640
322.7192,216.4388,1:47:53:486202,2636
321.7108,216.4388,1:47:53:490265,2640
320.7517,217.2258,1:47:53:494284,2635
319.7925,217.9254,1:47:53:498305,2636
318.9318,218.8291,1:47:53:502318,2630
318.1201,219.9951,1:47:53:506403,2624
317.407,221.2776,1:47:53:510415,2624
316.8167,222.7352,1:47:53:513444,2619
316.3002,224.3967,1:47:53:517404,2622
315.9559,226.1749,1:47:53:522250,2623
315.7346,227.9821,1:47:53:526597,2620
315.6608,229.7603,1:47:53:530599,2625
315.6608,231.5676,1:47:53:533608,2625
315.6608,233.3166,1:47:53:537611,2621
316.251,235.0073,1:47:53:541609,2617
316.251,236.6105,1:47:53:545609,2607
317.2348,238.0681,1:47:53:549612,2588
317.9234,239.3506,1:47:53:554292,2553
318.735,240.4875,1:47:53:558314,2483
319.645,241.5078,1:47:53:562241,2367
320.6779,242.3822,1:47:53:566251,2172
321.76,243.0235,1:47:53:570262,1878
323.0143,243.4899,1:47:53:574249,1488
324.3916,243.7814,1:47:53:578258,991
325.8672,243.8981,1:47:53:582267,550
327.4166,243.8981,1:47:53:586252,225
329.1382,243.8981,1:47:53:590272,0
330.9335,242.9944,1:47:53:594297,0
332.778,242.2074,1:47:53:598309,0
334.598,241.2454,1:47:53:602297,0
336.3687,240.0794,1:47:53:605307,0
338.0411,238.7677,1:47:53:610305,0
339.6643,237.281,1:47:53:613305,0
341.1399,235.6486,1:47:53:618307,0
342.4188,233.9579,1:47:53:622307,0
343.5747,232.1214,1:47:53:625308,0
344.6076,230.2558,1:47:53:630286,0
345.5422,228.332,1:47:53:634292,0
346.3538,226.4372,1:47:53:638295,0
347.067,224.5133,1:47:53:641305,0
347.6573,222.7352,1:47:53:646602,0
348.1737,221.0153,1:47:53:649609,0
348.5426,219.3537,1:47:53:653673,0
348.8132,217.8088,1:47:53:657612,0
348.9853,216.4096,1:47:53:661612,0
349.0591,215.0687,1:47:53:665612,0
349.0591,213.8736,1:47:53:670243,0
349.0591,212.795,1:47:53:673624,0
349.0591,211.7747,1:47:53:678223,0
349.0591,210.8419,1:47:53:682234,0
348.3951,210.0257,1:47:53:686233,0
348.3951,209.2095,1:47:53:690231,0
347.7065,208.3351,1:47:53:694234,0
347.2392,207.4897,1:47:53:698232,1109
346.7227,206.6735,1:47:53:702529,1139
346.2554,205.8864,1:47:53:705540,1204
345.7635,205.0994,1:47:53:709597,1308
345.2963,204.3415,1:47:53:713540,1482
344.8781,203.5544,1:47:53:717613,1721
344.4846,202.9715,1:47:53:721540,1994
344.1649,202.4759,1:47:53:726251,2268
343.919,202.097,1:47:53:729553,2497
343.6977,201.7763,1:47:53:734248,2638
343.5501,201.5139,1:47:53:738257,2707
343.4271,201.3391,1:47:53:742259,2732
343.3042,201.2224,1:47:53:746257,2725
343.255,201.1933,1:47:53:750258,2711
343.2304,201.1933,1:47:53:754257,2696
343.2304,201.1933,1:47:53:758541,2686
343.2304,201.8929,1:47:53:761551,2685
343.2304,201.8929,1:47:53:765562,2684
343.2304,202.9715,1:47:53:769551,2687
344.0174,203.7876,1:47:53:773632,2692
344.0174,204.6913,1:47:53:778551,2694
344.706,205.7115,1:47:53:782303,2697
345.1241,206.8484,1:47:53:786323,2700
345.616,208.0435,1:47:53:790313,2706
346.0833,209.2679,1:47:53:794312,2714
346.5997,210.5504,1:47:53:798489,2720
347.1408,211.9205,1:47:53:801499,2726
347.7065,213.174,1:47:53:805499,2707
348.2475,214.5732,1:47:53:809565,2646
348.8623,216.0598,1:47:53:813499,2543
349.4526,217.5756,1:47:53:817535,2363
350.0674,219.0914,1:47:53:821499,2114
350.7069,220.578,1:47:53:826296,1770
351.3217,222.0356,1:47:53:830306,1326
352.0103,223.3181,1:47:53:834465,824
352.6744,224.5716,1:47:53:837474,412
353.2892,225.5918,1:47:53:841496,0
353.9532,226.4372,1:47:53:845476,0
354.5435,227.0202,1:47:53:849578,0
355.06,227.4283,1:47:53:853684,0
355.5764,227.6032,1:47:53:858245,0
356.0683,227.6032,1:47:53:862256,0
356.5356,227.6032,1:47:53:866253,0
357.0275,227.6032,1:47:53:870256,0
357.5439,226.5538,1:47:53:874253,0
358.1096,225.8542,1:47:53:878255,0
358.749,224.9797,1:47:53:882312,0
359.4622,223.9886,1:47:53:885312,0
360.1263,222.8517,1:47:53:890153,0
360.8149,221.6274,1:47:53:894310,0
361.5035,220.2865,1:47:53:898241,0
362.1676,218.8873,1:47:53:902255,0
362.7824,217.4007,1:47:53:906250,0
363.3481,215.914,1:47:53:910265,0
363.8153,214.4857,1:47:53:914292,0
364.2088,213.0282,1:47:53:917652,0
364.6024,211.6581,1:47:53:921586,0
364.9467,210.2881,1:47:53:925477,0
365.1926,209.0638,1:47:53:929525,0
365.3401,207.9561,1:47:53:933479,0
365.4385,206.9359,1:47:53:938251,0
365.4385,205.9739,1:47:53:941526,0
365.4385,205.0703,1:47:53:946301,0
365.4385,204.254,1:47:53:950322,0
365.4385,203.3795,1:47:53:954246,0
364.5532,202.4467,1:47:53:957709,0
364.5532,201.5431,1:47:53:962247,1039
363.717,200.6978,1:47:53:965589,1099
363.717,199.8524,1:47:53:970268,1217
363.0284,199.0362,1:47:53:974279,1417
363.0284,198.22,1:47:53:978318,1712
362.3889,197.4912,1:47:53:981860,2022
362.3889,196.8791,1:47:53:986297,2320
361.9708,196.3835,1:47:53:989814,2575
361.9708,196.0046,1:47:53:993835,2774
361.9708,195.6548,1:47:53:997815,2909
361.6019,195.4216,1:47:54:001814,3000
361.6019,195.2175,1:47:54:005814,3046
361.4052,195.1593,1:47:54:010301,3054
361.4052,195.1593,1:47:54:013314,3051
361.3068,195.1593,1:47:54:018312,3047
361.3068,195.1593,1:47:54:021314,3052
361.3068,196.1503,1:47:54:026490,3057
361.3068,196.7917,1:47:54:029524,3066
361.3068,197.6078,1:47:54:033623,3073
361.3068,198.5698,1:47:54:037499,3076
361.897,199.6775,1:47:54:041499,3077
361.897,200.9018,1:47:54:045500,3076
362.4381,202.1844,1:47:54:050502,3081
362.8562,203.5544,1:47:54:053516,3089
363.3235,204.9536,1:47:54:058547,3100
363.8645,206.3528,1:47:54:061561,3114
364.5286,207.8395,1:47:54:065556,3113
365.291,209.3553,1:47:54:069557,3083
366.1272,210.9294,1:47:54:073559,2998
367.0125,212.4452,1:47:54:077578,2828
367.8979,214.0193,1:47:54:082306,2568
368.8325,215.6225,1:47:54:085349,2193
369.7916,217.2549,1:47:54:090303,1697
370.7262,218.7708,1:47:54:093313,1101
371.6607,220.1116,1:47:54:098343,587
372.4969,221.2485,1:47:54:102355,215
373.3331,222.2104,1:47:54:106249,0
374.1447,222.9392,1:47:54:109403,0
374.9071,223.4056,1:47:54:113908,0
375.5466,223.4639,1:47:54:117911,0
376.186,223.4639,1:47:54:121969,0
376.7762,222.6477,1:47:54:125909,0
377.3911,221.8315,1:47:54:130275,0
378.1289,220.7238,1:47:54:133285,0
378.8667,219.412,1:47:54:137960,0
379.7029,217.8088,1:47:54:141968,0
380.662,216.0307,1:47:54:145990,0
381.6458,214.1651,1:47:54:149972,0
382.7033,212.1828,1:47:54:154523,0
383.8593,210.2298,1:47:54:157536,0
385.0152,208.2476,1:47:54:161536,0
386.1465,206.4111,1:47:54:165534,0
387.4008,204.6913,1:47:54:169637,0
388.655,203.1172,1:47:54:173532,0
389.8355,201.6888,1:47:54:178244,0
390.8931,200.5228,1:47:54:181649,0
391.8522,199.5609,1:47:54:186240,0
392.5408,198.7738,1:47:54:190251,0
393.0819,197.841,1:47:54:194248,0
393.4508,196.8791,1:47:54:198251,0
393.5246,196.0046,1:47:54:202299,2653
393.5246,195.2467,1:47:54:205309,2652
393.5246,194.6054,1:47:54:210297,2653
393.5246,193.9641,1:47:54:214316,2657
392.7622,193.3228,1:47:54:218308,2671
392.7622,192.7106,1:47:54:221308,2717
392.7622,192.4191,1:47:54:226472,2784
392.1227,192.2734,1:47:54:229518,2851
392.1227,192.1859,1:47:54:233518,2908
391.5817,192.1568,1:47:54:237485,2932
391.1882,192.1568,1:47:54:241537,2933
390.6471,192.1568,1:47:54:245482,2932
390.0815,192.1568,1:47:54:250310,2931
389.4666,192.8855,1:47:54:253554,2931
388.778,192.8855,1:47:54:257441,2930
388.0648,193.7892,1:47:54:261449,2929
387.327,193.7892,1:47:54:265580,2929
386.5891,194.7511,1:47:54:270468,2929
385.8268,194.7511,1:47:54:274164,2936
385.1135,195.5674,1:47:54:278199,2937
384.4495,195.5674,1:47:54:282246,2940
383.8347,196.0629,1:47:54:285558,2943
383.269,196.0629,1:47:54:289751,2946
382.7771,196.0629,1:47:54:293696,2949
382.3098,196.0629,1:47:54:297749,2955
381.8918,196.0629,1:47:54:301696,2965
381.5474,195.3633,1:47:54:306305,2969
381.2769,195.3633,1:47:54:310324,2975
381.031,194.0807,1:47:54:314301,2979
380.8342,193.177,1:47:54:318311,2977
380.7358,192.1277,1:47:54:322455,2974
380.7112,190.845,1:47:54:325456,2977
380.7112,189.4458,1:47:54:329456,2982
380.7112,187.9592,1:47:54:333454,2985
380.7112,186.4142,1:47:54:338299,2998
381.3999,184.9568,1:47:54:341307,3005
381.3999,183.5867,1:47:54:346239,3015
382.2115,182.3333,1:47:54:350247,3028
382.6787,181.1964,1:47:54:354250,3033
383.2198,180.2636,1:47:54:358248,3042
383.7363,179.5349,1:47:54:362251,3043
384.2773,178.9227,1:47:54:366247,3046
384.8922,178.4854,1:47:54:369989,3047
385.4825,178.1648,1:47:54:374999,3047
386.1219,178.019,1:47:54:377991,3047
386.7613,177.9608,1:47:54:381991,3049
387.45,177.9608,1:47:54:385444,3053
388.1385,177.9608,1:47:54:389446,3057
388.8764,179.0393,1:47:54:393443,3064
389.5896,179.8555,1:47:54:397446,3070
390.2782,180.9632,1:47:54:402300,3081
390.9177,182.3333,1:47:54:405313,3088
391.5571,183.9365,1:47:54:410239,3097
392.0736,185.7438,1:47:54:414248,3103
392.5162,187.6969,1:47:54:418250,3108
392.8606,189.8539,1:47:54:422264,3112
393.1065,192.0402,1:47:54:426247,3114
393.2049,194.2265,1:47:54:430248,3116
393.2049,196.3835,1:47:54:434008,3120
393.2049,198.3949,1:47:54:437960,3125
393.2049,200.3188,1:47:54:442065,3123
392.3933,202.1844,1:47:54:445958,3125
392.3933,203.9334,1:47:54:450244,3124
391.4833,205.4783,1:47:54:453967,3125
390.8931,206.9359,1:47:54:457969,3126
390.3028,208.2184,1:47:54:461967,3117
389.688,209.4427,1:47:54:465969,3106
389.0239,210.5213,1:47:54:469967,3088
388.2615,211.4832,1:47:54:474161,3074
387.4991,212.3286,1:47:54:478198,3063
386.6875,213.0573,1:47:54:482242,3053
385.8268,213.6695,1:47:54:486251,3053
384.966,214.1651,1:47:54:490318,3050
384.0806,214.544,1:47:54:493315,3054
383.1706,214.8064,1:47:54:498318,3057
382.3098,214.9229,1:47:54:501315,3059
381.4983,214.9229,1:47:54:506295,3062
380.7358,214.9229,1:47:54:509306,3061
380.0472,214.9229,1:47:54:513639,3058
379.457,214.0193,1:47:54:517649,3050
378.9651,214.0193,1:47:54:521714,3041
378.5962,212.9116,1:47:54:525646,3033
378.3503,212.2411,1:47:54:530251,3025
378.1781,211.5999,1:47:54:533734,3018
378.1781,210.8711,1:47:54:538088,3011
378.1781,210.2298,1:47:54:542014,3008
378.1781,209.5593,1:47:54:546016,3009
378.8175,208.918,1:47:54:550013,3002
378.8175,208.3351,1:47:54:555183,3000
379.7029,207.8395,1:47:54:557700,2997
380.244,207.5188,1:47:54:562310,2991
380.8342,207.2274,1:47:54:565826,2991
381.4737,207.2274,1:47:54:569918,2989
382.1377,206.9942,1:47:54:573826,2985
382.8755,206.9942,1:47:54:578824,2987
383.6379,206.9942,1:47:54:581825,2984
384.4495,206.9942,1:47:54:586302,2986
385.2611,207.9561,1:47:54:590311,2989
386.1711,207.9561,1:47:54:594245,2984
387.1056,209.0929,1:47:54:597987,2956
388.1385,209.8508,1:47:54:602317,2868
389.1715,210.6962,1:47:54:606323,2696
390.2782,211.629,1:47:54:610301,2437
391.4587,212.5909,1:47:54:613309,2075
392.8114,213.582,1:47:54:617867,1614
394.2624,214.544,1:47:54:621865,1060
395.7872,215.3602,1:47:54:625867,576
397.3858,216.0307,1:47:54:629868,222
399.009,216.5845,1:47:54:634216,0
400.706,217.0217,1:47:54:638227,0
402.4521,217.0217,1:47:54:641899,0
404.1491,217.0217,1:47:54:645773,0
405.7231,217.0217,1:47:54:649864,0
407.1987,217.0217,1:47:54:653771,0
408.6252,215.8557,1:47:54:658296,0
410.0024,215.0396,1:47:54:662325,0
411.2567,214.0193,1:47:54:665854,0
412.4864,212.795,1:47:54:669870,0
413.5931,211.4249,1:47:54:674290,0
414.6752,209.9091,1:47:54:677304,0
415.6344,208.3351,1:47:54:682298,0
416.6427,206.6735,1:47:54:685300,0
417.5281,204.8954,1:47:54:690298,0
418.3397,203.1172,1:47:54:694300,0
419.1021,201.3099,1:47:54:698451,0
419.7169,199.5318,1:47:54:701462,0
420.1842,197.7536,1:47:54:705491,0
420.5285,196.0338,1:47:54:710462,0
420.7007,194.4014,1:47:54:713462,0
420.7007,192.8273,1:47:54:717462,0
420.7007,191.3114,1:47:54:722300,0
420.7007,189.8539,1:47:54:725644,0
420.0612,188.3673,1:47:54:730296,0
420.0612,186.9681,1:47:54:734313,0
419.2005,185.3357,1:47:54:738306,0
418.6594,183.645,1:47:54:742307,0
418.0446,181.8669,1:47:54:746306,2598
417.4543,180.2053,1:47:54:749627,2617
416.8149,178.5729,1:47:54:753529,2665
416.2246,176.9988,1:47:54:757537,2730
415.659,175.5996,1:47:54:762539,2857
415.1671,174.2296,1:47:54:766537,3043
414.6998,173.2676,1:47:54:769996,3268
414.3309,172.5388,1:47:54:774005,3514
414.0358,171.9267,1:47:54:778879,3733
413.8144,171.4603,1:47:54:781869,3875
413.6423,171.0813,1:47:54:785869,3944
413.4455,170.7899,1:47:54:789899,3974
413.3226,170.6441,1:47:54:794430,3966
413.2488,170.6149,1:47:54:797440,3950
413.2488,170.6149,1:47:54:802304,3939
413.2488,170.6149,1:47:54:805312,3931
413.2488,171.3437,1:47:54:810314,3923
413.2488,171.3437,1:47:54:814315,3926
414.1096,172.7137,1:47:54:818314,3928
414.1096,173.7632,1:47:54:822314,3930
415.0933,174.9874,1:47:54:826294,3943
415.7574,176.4449,1:47:54:829304,3928
416.4706,178.2231,1:47:54:834302,3884
417.233,180.2345,1:47:54:838304,3778
418.0446,182.479,1:47:54:842689,3584
418.8562,184.8985,1:47:54:845703,3327
419.6432,187.3762,1:47:54:849699,2980
420.4547,189.9414,1:47:54:853698,2576
421.1926,192.4774,1:47:54:857699,2091
421.8812,194.9552,1:47:54:861699,1504
422.5452,197.1998,1:47:54:865822,913
423.1109,199.1819,1:47:54:869835,439
423.6028,200.9601,1:47:54:873831,0
423.9471,202.4759,1:47:54:877832,0
424.2176,203.7876,1:47:54:882243,0
424.3897,204.8079,1:47:54:886163,0
424.4143,205.6241,1:47:54:890292,0
424.4143,206.2654,1:47:54:893305,0
424.4143,206.7027,1:47:54:898307,0
423.7257,207.0233,1:47:54:902317,0
423.7257,207.1399,1:47:54:906035,0
422.6682,207.1691,1:47:54:910060,0
422.0042,207.1691,1:47:54:914369,0
421.1188,207.1691,1:47:54:917351,0
420.135,207.1691,1:47:54:922386,0
418.9791,207.1691,1:47:54:926386,0
417.7249,206.3528,1:47:54:929387,0
416.4214,206.3528,1:47:54:933387,0
414.9703,206.3528,1:47:54:938298,0
413.4455,205.8573,1:47:54:941311,0
411.7978,205.8573,1:47:54:946391,0
410.1008,205.8573,1:47:54:949660,0
408.33,205.8573,1:47:54:954298,0
406.4117,205.8573,1:47:54:957308,0
404.395,205.8573,1:47:54:962308,0
402.2062,205.8573,1:47:54:966309,0
399.8698,205.8573,1:47:54:970306,0
397.3858,205.8573,1:47:54:974315,0
394.8281,206.4695,1:47:54:978316,0
392.1227,206.4695,1:47:54:981677,0
389.3683,207.0233,1:47:54:986295,0
386.5154,207.0233,1:47:54:989647,0
383.6133,207.0233,1:47:54:993649,0
380.7112,207.6938,1:47:54:997645,0
377.6616,207.6938,1:47:55:001732,0
374.489,208.1019,1:47:55:005644,0
371.2672,208.1019,1:47:55:010248,0
367.9471,208.6266,1:47:55:014266,0
364.5286,208.8889,1:47:55:018259,0
361.0363,209.297,1:47:55:022273,0
357.4702,209.7051,1:47:55:026297,0
353.8549,210.2589,1:47:55:029333,0
350.1904,210.8419,1:47:55:034298,0
346.5505,211.5999,1:47:55:038398,0
342.9598,212.3286,1:47:55:041517,0
339.3692,213.2031,1:47:55:046402,0
335.8031,214.1359,1:47:55:050249,0
332.3354,215.0979,1:47:55:054411,0
328.9906,216.1181,1:47:55:058298,0
325.7688,217.1384,1:47:55:061308,0
322.67,218.2169,1:47:55:066307,0
319.7188,219.2372,1:47:55:071307,0
316.7675,220.374,1:47:55:073308,0
313.9392,221.3942,1:47:55:078308,0
311.0863,222.502,1:47:55:082323,0
308.3318,223.5805,1:47:55:086327,0
305.6511,224.6299,1:47:55:090301,0
302.9704,225.621,1:47:55:094323,0
300.4127,226.4955,1:47:55:098245,0
298.0025,227.3992,1:47:55:101483,0
295.6906,228.1862,1:47:55:106299,0
293.5756,228.9149,1:47:55:110330,0
291.6327,229.6145,1:47:55:114536,0
289.8127,230.3141,1:47:55:117538,0
288.165,230.9846,1:47:55:122294,0
286.6648,231.6259,1:47:55:125301,0
285.2383,232.2672,1:47:55:130293,0
283.9102,232.8793,1:47:55:133304,0
282.7297,233.4332,1:47:55:138304,0
281.5739,233.8413,1:47:55:141305,0
280.4425,234.1619,1:47:55:146494,0
279.385,234.4534,1:47:55:149502,647
278.3766,234.6866,1:47:55:153913,648
277.5159,234.9198,1:47:55:157910,648
276.7043,235.0073,1:47:55:161910,652
276.0157,235.1239,1:47:55:165908,653
275.4254,235.2113,1:47:55:169995,661
274.9827,235.3279,1:47:55:174512,691
274.7122,235.4154,1:47:55:178675,729
274.5154,235.5029,1:47:55:181654,777
274.4417,235.532,1:47:55:185656,814
274.4417,235.532,1:47:55:189682,825
274.4417,235.532,1:47:55:194471,826
274.4417,235.532,1:47:55:197480,822
274.4417,235.532,1:47:55:202288,837
274.4417,235.532,1:47:55:206306,872
275.1795,235.532,1:47:55:210297,921
275.1795,235.532,1:47:55:213298,984
276.114,235.532,1:47:55:218298,1037
276.8026,235.532,1:47:55:222298,1085
277.688,234.8615,1:47:55:226298,1126
278.7947,234.8615,1:47:55:230322,1159
280.0982,234.0453,1:47:55:234302,1188
281.5984,233.4332,1:47:55:237315,1200
283.2708,232.6461,1:47:55:242310,1203
285.0416,231.7717,1:47:55:245313,1198
287.0091,230.664,1:47:55:250310,1197
289.1733,229.3813,1:47:55:254324,1199
291.4113,227.8656,1:47:55:258585,1206
293.9691,226.1749,1:47:55:261621,1212
296.822,224.3967,1:47:55:265598,1223
299.97,222.4728,1:47:55:269594,1228
303.4131,220.4615,1:47:55:274596,1230
307.053,218.4501,1:47:55:277596,1242
310.865,216.3221,1:47:55:282249,1241
314.8,214.34,1:47:55:286257,1248
318.9809,212.3577,1:47:55:290299,1258
323.2357,210.463,1:47:55:294310,1259
327.6379,208.5391,1:47:55:298247,1264
332.0894,206.6735,1:47:55:302256,1269
336.5163,204.6913,1:47:55:306321,1286
340.9923,202.6216,1:47:55:310345,1307
345.5422,200.4354,1:47:55:314320,1336
350.215,198.1617,1:47:55:318338,1370
355.06,195.6548,1:47:55:322638,1393
359.9787,193.0313,1:47:55:325649,1421
364.7745,190.3495,1:47:55:329649,1459
369.4965,187.6094,1:47:55:333649,1500
374.1939,184.9276,1:47:55:337651,1541
378.7437,182.3333,1:47:55:341652,1571
383.3674,179.8846,1:47:55:346247,1602
387.868,177.6109,1:47:55:350257,1652
392.1473,175.483,1:47:55:353754,1724
396.1315,173.6465,1:47:55:357754,1837
399.8944,171.8976,1:47:55:361753,1955
403.3867,170.3817,1:47:55:365777,2053
406.6331,168.9825,1:47:55:369989,2137
409.6335,167.6708,1:47:55:373505,2197
412.1913,166.5048,1:47:55:377854,2266
414.3801,165.4263,1:47:55:381906,2351
416.2492,164.4643,1:47:55:385905,2438
417.7986,163.6189,1:47:55:390238,2517
419.0283,162.8611,1:47:55:394198,2560
420.0612,162.278,1:47:55:398199,2585
420.9466,161.7242,1:47:55:401811,2593
421.6844,161.3161,1:47:55:405790,2593
422.3239,160.9371,1:47:55:409792,2599
422.8403,160.6748,1:47:55:413789,2599
423.283,160.4999,1:47:55:418306,2598
423.7011,160.4124,1:47:55:422315,2598
423.9962,160.3833,1:47:55:426317,2593
424.2422,160.3833,1:47:55:430316,2577
424.4389,160.3833,1:47:55:434120,2526
424.5865,160.3833,1:47:55:438147,2416
424.7587,160.3833,1:47:55:442149,2191
424.9062,161.1995,1:47:55:446147,1806
425.0292,161.1995,1:47:55:450153,1262
425.1276,161.8699,1:47:55:454147,724
425.226,161.8699,1:47:55:458483,303
425.3243,162.5987,1:47:55:461497,0
425.3243,162.5987,1:47:55:465521,0
425.3243,163.1234,1:47:55:469496,0
425.3243,163.1234,1:47:55:473522,0
425.3243,163.1234,1:47:55:477496,0
425.3243,163.1234,1:47:55:482118,0
424.6357,162.4238,1:47:55:485556,0
424.6357,162.4238,1:47:55:490249,0
424.6357,161.0246,1:47:55:494260,0
424.6357,160.0627,1:47:55:498118,0
424.6357,159.0132,1:47:55:501597,0
424.6357,157.789,1:47:55:505622,0
424.6357,156.623,1:47:55:509599,0
425.7178,155.4278,1:47:55:513614,0
427.5623,154.3201,1:47:55:517601,0
427.5623,154.3201,1:47:55:536241,0
