342.4926,282.4926,4:57:34:452265,0
341.3612,282.4926,4:57:34:456249,0
340.3037,282.4926,4:57:34:460059,0
338.9265,282.4926,4:57:34:464010,0
337.7706,283.4837,4:57:34:468017,0
336.4425,283.4837,4:57:34:472029,0
335.0898,284.3,4:57:34:476017,0
333.7126,284.3,4:57:34:480056,0
332.2862,285.1453,4:57:34:483955,0
332.2862,285.1453,4:57:34:487955,0
331.6221,285.8741,4:57:34:491942,0
331.6221,285.8741,4:57:34:496008,0
330.7122,286.2821,4:57:34:499961,0
330.1219,286.2821,4:57:34:503976,0
329.3841,286.6902,4:57:34:507970,0
328.5725,286.6902,4:57:34:512200,0
327.5887,287.0692,4:57:34:516209,0
326.4574,287.0692,4:57:34:519211,0
325.154,287.3315,4:57:34:524212,0
323.8997,287.3315,4:57:34:528364,0
322.67,287.3315,4:57:34:531388,0
321.3665,287.3315,4:57:34:535373,0
320.1368,287.3315,4:57:34:539373,0
318.858,287.3315,4:57:34:543373,0
317.7513,286.5154,4:57:34:547391,0
316.6199,286.5154,4:57:34:551391,0
315.6608,285.67,4:57:34:556048,0
314.7508,285.1453,4:57:34:560152,0
313.9638,284.5623,4:57:34:564163,0
313.2998,283.8627,4:57:34:567162,0
312.7833,283.0757,4:57:34:571162,0
312.3406,282.2886,4:57:34:575162,0
312.0209,281.4724,4:57:34:580162,0
311.775,280.6562,4:57:34:583162,0
311.5782,279.9275,4:57:34:588045,0
311.4307,279.1987,4:57:34:592051,0
311.3077,278.4699,4:57:34:596062,0
311.1601,277.8578,4:57:34:599061,0
311.0372,277.2748,4:57:34:604062,0
310.865,276.6918,4:57:34:608062,0
310.7174,276.1963,4:57:34:612115,0
310.5207,275.6715,4:57:34:615139,0
310.3485,275.176,4:57:34:619985,0
310.1272,274.7096,4:57:34:624017,0
309.9305,274.2141,4:57:34:627994,0
309.7829,273.7768,4:57:34:631995,0
309.6599,273.3104,4:57:34:636013,0
309.5615,272.844,4:57:34:640045,0
309.5369,272.4067,4:57:34:644055,0
309.5369,271.9695,4:57:34:648238,0
309.5369,271.4739,4:57:34:652247,0
309.5369,271.0367,4:57:34:655263,0
310.2256,270.5995,4:57:34:659248,0
310.2256,270.1039,4:57:34:663248,0
310.9634,269.6667,4:57:34:667248,0
311.4307,269.2003,4:57:34:671248,0
311.9225,268.7339,4:57:34:676014,0
312.439,268.2966,4:57:34:679194,0
312.9309,267.8593,4:57:34:684044,0
313.4228,267.4221,4:57:34:688054,0
313.89,266.9557,4:57:34:692054,0
314.3081,266.5185,4:57:34:696052,0
314.6524,266.0812,4:57:34:700054,0
314.923,265.6731,4:57:34:704057,0
315.1935,265.2942,4:57:34:707052,0
315.3411,264.9443,4:57:34:712074,0
315.464,264.5654,4:57:34:715921,0
315.464,264.2448,4:57:34:719929,0
315.587,263.895,4:57:34:724155,0
315.587,263.6035,4:57:34:727165,0
315.587,263.312,4:57:34:731165,0
315.587,262.933,4:57:34:735166,0
315.587,262.5249,4:57:34:739164,0
315.587,262.1168,4:57:34:743165,0
315.587,261.7087,4:57:34:747968,0
315.587,261.2423,4:57:34:751978,0
315.587,260.6302,4:57:34:756005,0
314.9968,260.018,4:57:34:760016,0
314.9968,259.3184,4:57:34:764013,0
314.9968,258.6479,4:57:34:768014,0
314.9968,257.89,4:57:34:772015,122
314.5541,257.1613,4:57:34:776160,138
314.5541,256.4617,4:57:34:779198,168
314.5541,255.7912,4:57:34:783994,230
314.5541,255.1499,4:57:34:788025,304
314.5541,254.567,4:57:34:792044,380
314.5541,254.0131,4:57:34:795054,461
314.5541,253.4592,4:57:34:800054,536
314.5541,252.9637,4:57:34:804071,607
314.5541,252.4973,4:57:34:808075,696
314.5541,251.9435,4:57:34:811054,807
314.5541,251.4187,4:57:34:815174,934
314.5541,250.9815,4:57:34:819184,1065
314.5541,250.4859,4:57:34:823184,1172
314.9968,250.1362,4:57:34:828204,1273
314.9968,249.7863,4:57:34:832184,1367
314.9968,249.4948,4:57:34:835996,1477
314.9968,249.2616,4:57:34:839204,1593
314.9968,249.0867,4:57:34:843205,1685
314.9968,248.9702,4:57:34:847204,1745
314.9968,248.9118,4:57:34:851202,1771
314.9968,248.8535,4:57:34:856057,1778
314.9968,248.8535,4:57:34:860055,1774
314.9968,248.8535,4:57:34:863996,1764
314.9968,248.8535,4:57:34:867008,1762
314.9968,248.8535,4:57:34:872005,1780
314.9968,248.8535,4:57:34:876008,1800
314.9968,249.5823,4:57:34:880392,1833
314.9968,249.5823,4:57:34:883402,1879
315.6116,250.6317,4:57:34:887440,1910
315.6116,251.3896,4:57:34:891402,1965
316.1526,252.3807,4:57:34:895404,2023
316.1526,253.6924,4:57:34:899402,2087
316.9888,255.2083,4:57:34:903402,2164
317.5299,256.9864,4:57:34:907993,2223
318.1201,258.9977,4:57:34:911458,2285
318.7842,261.2423,4:57:34:916049,2341
319.522,263.6326,4:57:34:919059,2381
320.309,266.227,4:57:34:924058,2423
321.1452,268.8213,4:57:34:927068,2455
321.9814,271.4448,4:57:34:932077,2472
322.8914,274.0392,4:57:34:936084,2491
323.8259,276.6335,4:57:34:940069,2514
324.8589,279.2278,4:57:34:944070,2539
325.9164,281.8222,4:57:34:948045,2582
326.9985,284.4749,4:57:34:952054,2624
328.0806,287.3024,4:57:34:956053,2662
329.2611,290.2174,4:57:34:960061,2694
330.54,293.2781,4:57:34:963055,2710
331.8681,296.4846,4:57:34:968059,2727
333.2453,299.6328,4:57:34:971709,2737
334.598,302.781,4:57:34:975720,2748
335.9506,305.8418,4:57:34:979781,2757
337.3525,308.6985,4:57:34:983793,2764
338.7051,311.322,4:57:34:988050,2771
340.0086,313.6831,4:57:34:992060,2777
341.1645,315.8111,4:57:34:996057,2775
342.222,317.6767,4:57:35:000058,2777
343.1566,319.3965,4:57:35:003057,2779
344.0174,320.9415,4:57:35:008060,2779
344.7306,322.3407,4:57:35:011802,2787
345.3208,323.6816,4:57:35:015805,2789
345.7881,324.8767,4:57:35:019861,2793
346.157,325.897,4:57:35:023805,2800
346.4276,326.8589,4:57:35:027913,2807
346.5997,327.6751,4:57:35:031926,2812
346.6735,328.433,4:57:35:035924,2818
346.6735,329.0452,4:57:35:039925,2824
346.6735,329.5991,4:57:35:043924,2832
346.6735,330.0946,4:57:35:047926,2841
346.6735,330.5027,4:57:35:052041,2849
345.739,330.8817,4:57:35:056064,2853
345.1733,331.1732,4:57:35:059971,2858
344.4601,331.3772,4:57:35:063969,2858
343.5747,331.4647,4:57:35:067992,2860
342.4926,331.4647,4:57:35:071972,2860
341.1891,331.4647,4:57:35:075976,2859
339.7873,331.4647,4:57:35:080019,2860
338.2625,330.5027,4:57:35:083987,2861
336.6638,330.5027,4:57:35:087999,2866
335.1144,329.4533,4:57:35:092040,2867
333.5896,328.7828,4:57:35:095555,2873
332.1632,328.0833,4:57:35:099555,2875
330.8351,327.3545,4:57:35:103583,2880
329.6546,326.5966,4:57:35:107557,2891
328.6463,325.8387,4:57:35:111570,2904
327.8101,324.9933,4:57:35:115988,2932
327.0723,324.0897,4:57:35:120000,2958
326.5312,323.2152,4:57:35:123719,2989
326.1131,322.3407,4:57:35:127717,3020
325.8426,321.5245,4:57:35:131784,3040
325.7442,320.6791,4:57:35:135720,3056
325.7442,319.8629,4:57:35:139917,3061
325.7442,319.0468,4:57:35:143888,3064
326.482,318.2888,4:57:35:147830,3062
327.1707,317.4727,4:57:35:151826,3062
328.056,316.6564,4:57:35:155827,3064
329.1136,315.8402,4:57:35:159827,3064
330.5892,314.9949,4:57:35:164338,3062
332.2862,314.0912,4:57:35:167352,3064
334.352,313.2167,4:57:35:171351,3064
336.713,312.2548,4:57:35:175349,3064
339.2954,311.2346,4:57:35:179348,3068
342.0745,310.2143,4:57:35:183352,3067
345.0995,309.0483,4:57:35:188043,3071
348.2475,307.8823,4:57:35:192053,3071
351.3709,306.5706,4:57:35:195290,3072
354.6665,305.2588,4:57:35:199170,3072
357.962,303.7722,4:57:35:203172,3074
361.356,302.2272,4:57:35:207181,3077
364.7253,300.5948,4:57:35:211169,3079
368.0209,298.8749,4:57:35:215170,3092
371.2426,297.2134,4:57:35:220050,3099
374.4153,295.5227,4:57:35:223089,3109
377.4403,293.8029,4:57:35:227885,3118
380.1702,292.1122,4:57:35:231882,3118
382.7033,290.4797,4:57:35:235881,3122
384.9414,288.8474,4:57:35:239891,3127
386.9581,287.2441,4:57:35:243954,3131
388.6796,285.67,4:57:35:247965,3134
390.1798,284.0085,4:57:35:251980,3139
391.4587,282.2886,4:57:35:255969,3149
392.6392,280.4813,4:57:35:259974,3166
393.6476,278.5283,4:57:35:263974,3185
394.4592,276.3712,4:57:35:267974,3201
395.1478,273.9808,4:57:35:271720,3214
395.6396,271.3282,4:57:35:275729,3224
395.984,268.4424,4:57:35:280164,3237
396.2053,265.3816,4:57:35:284166,3260
396.2053,262.2043,4:57:35:287181,3277
396.2053,258.9103,4:57:35:291181,3286
396.2053,255.6163,4:57:35:295162,3288
395.074,252.3515,4:57:35:299163,3281
394.3608,249.1742,4:57:35:304043,3271
393.5492,246.0843,4:57:35:307053,3262
392.59,243.0818,4:57:35:312045,3256
391.4833,240.1377,4:57:35:316074,3249
390.352,237.1353,4:57:35:319996,3243
389.1469,234.1037,4:57:35:323934,3243
387.8434,231.0137,4:57:35:327997,3249
386.4908,227.9821,4:57:35:331935,3260
385.0889,225.0672,4:57:35:336043,3282
383.6871,222.2979,4:57:35:340053,3322
382.2852,219.7619,4:57:35:344053,3388
380.9572,217.459,4:57:35:348051,3469
379.7521,215.4768,4:57:35:352060,3552
378.547,213.8152,4:57:35:355067,3638
377.4895,212.5035,4:57:35:360067,3716
376.5795,211.4832,4:57:35:364068,3790
375.8417,210.6671,4:57:35:368068,3856
375.276,210.1132,4:57:35:371069,3900
374.8825,209.6759,4:57:35:376067,3914
374.5628,209.4136,4:57:35:380069,3913
374.4153,209.3261,4:57:35:383250,3907
374.4153,209.3261,4:57:35:387286,3897
374.4153,209.3261,4:57:35:392111,3893
374.4153,210.2881,4:57:35:395117,3890
375.1285,211.0751,4:57:35:399288,3891
375.1285,212.1537,4:57:35:403288,3902
376.1122,213.6987,4:57:35:407316,3921
376.85,215.7975,4:57:35:411290,3944
377.6124,218.3627,4:57:35:416041,3965
378.4732,221.336,4:57:35:419417,3984
379.3586,224.659,4:57:35:423987,4002
380.3177,228.332,4:57:35:428000,4022
381.2769,232.2089,4:57:35:431998,4042
382.2115,236.319,4:57:35:435999,4062
383.146,240.4875,4:57:35:440001,4095
384.0314,244.9474,4:57:35:443492,4132
384.9414,249.6115,4:57:35:447495,4174
385.8022,254.392,4:57:35:451490,4219
386.6875,259.2018,4:57:35:456495,4252
387.5483,263.9824,4:57:35:460257,4282
388.4337,268.7047,4:57:35:463504,4316
389.3437,273.3979,4:57:35:469503,4349
390.229,277.9744,4:57:35:472514,4390
391.1144,282.1429,4:57:35:475501,4424
391.9506,286.0781,4:57:35:480022,4455
392.836,289.7802,4:57:35:484032,4481
393.6967,293.2781,4:57:35:487985,4487
394.5821,296.6595,4:57:35:492003,4501
395.4183,299.8952,4:57:35:495996,4506
396.2299,302.9268,4:57:35:499998,4510
396.9923,305.7543,4:57:35:504051,4519
397.7301,308.3487,4:57:35:507081,4520
398.4188,310.739,4:57:35:511774,4523
399.009,312.8087,4:57:35:515710,4528
399.55,314.6451,4:57:35:519732,4533
399.9927,316.3066,4:57:35:523710,4541
400.3617,317.7642,4:57:35:527254,4549
400.6814,319.0176,4:57:35:531256,4554
400.9519,320.1253,4:57:35:535267,4556
401.1487,321.029,4:57:35:539259,4549
401.3208,321.7577,4:57:35:543668,4513
401.4438,322.3407,4:57:35:547679,4431
401.5421,322.8362,4:57:35:551678,4289
401.6405,323.1569,4:57:35:555694,4079
401.6405,323.3901,4:57:35:560042,3801
401.6651,323.5359,4:57:35:564053,3462
401.6651,323.6524,4:57:35:567542,3004
401.6651,323.6816,4:57:35:571551,2316
401.6651,323.6816,4:57:35:575563,1490
400.7552,323.6816,4:57:35:579553,771
400.1157,323.6816,4:57:35:583567,0
399.2057,323.6816,4:57:35:587550,0
398.099,323.6816,4:57:35:591985,0
396.6726,323.6816,4:57:35:595996,0
394.9756,323.0695,4:57:35:600039,0
392.9589,323.0695,4:57:35:603366,0
390.6717,323.0695,4:57:35:607368,0
388.2123,322.5447,4:57:35:611366,0
385.4825,322.5447,4:57:35:615369,0
382.5558,322.5447,4:57:35:619366,0
379.334,322.5447,4:57:35:623366,0
375.8909,322.5447,4:57:35:627369,0
372.4232,322.5447,4:57:35:632107,0
368.8079,323.6816,4:57:35:635120,0
364.9958,324.5269,4:57:35:639117,0
361.233,325.4306,4:57:35:643115,0
357.3718,326.5092,4:57:35:648112,0
353.5106,327.646,4:57:35:651122,0
349.6248,328.9869,4:57:35:656122,0
345.6898,330.5027,4:57:35:659122,0
341.7056,331.9311,4:57:35:664122,0
337.6476,333.4468,4:57:35:667125,0
333.6142,335.0209,4:57:35:672043,0
329.507,336.7408,4:57:35:675561,0
325.3753,338.519,4:57:35:679991,0
321.1698,340.3846,4:57:35:683138,0
316.9888,342.2793,4:57:35:687209,0
312.9309,344.0866,4:57:35:691929,0
308.7991,346.0105,4:57:35:696011,0
304.7411,347.9052,4:57:35:699984,0
300.8553,349.8292,4:57:35:703985,0
297.0925,351.6364,4:57:35:707999,0
293.5018,353.4146,4:57:35:711991,0
290.1079,355.1636,4:57:35:716017,0
286.9107,356.796,4:57:35:720043,0
283.9102,358.3118,4:57:35:723367,0
281.2295,359.7401,4:57:35:727366,0
278.721,361.1393,4:57:35:731366,0
276.3846,362.3345,4:57:35:735369,0
274.2695,363.4713,4:57:35:739366,0
272.302,364.5499,4:57:35:743489,0
270.4575,365.4536,4:57:35:747515,0
268.7359,366.2989,4:57:35:751990,0
267.1619,367.0859,4:57:35:755432,0
265.7601,367.6981,4:57:35:759582,0
264.5058,368.2811,4:57:35:763484,0
263.399,368.8641,4:57:35:767499,0
262.3415,369.3305,4:57:35:771482,0
261.3824,369.5637,4:57:35:775480,0
260.497,369.5637,4:57:35:779482,0
259.6116,369.5637,4:57:35:783480,1098
258.8,368.7766,4:57:35:787480,1157
257.9884,368.7766,4:57:35:791492,1225
257.2014,367.3192,4:57:35:795946,1329
256.4636,366.328,4:57:35:799954,1447
255.775,365.162,4:57:35:803805,1537
255.0864,363.8503,4:57:35:807806,1653
254.4961,362.5094,4:57:35:811805,1761
253.9551,361.1977,4:57:35:815806,1878
253.4386,359.711,4:57:35:819756,1998
252.9221,358.0494,4:57:35:823698,2116
252.4303,356.213,4:57:35:827769,2232
251.9384,354.2308,4:57:35:831698,2354
251.3973,352.0446,4:57:35:836051,2462
250.8562,349.6251,4:57:35:840061,2550
250.266,347.0016,4:57:35:843205,2623
249.6758,344.1158,4:57:35:848217,2678
249.0855,340.9676,4:57:35:851244,2732
248.4953,337.7902,4:57:35:855215,2769
247.905,334.5254,4:57:35:859215,2792
247.3639,331.2023,4:57:35:864217,2808
246.7983,327.8209,4:57:35:868122,2799
246.3802,324.3812,4:57:35:871132,2792
245.9621,320.9415,4:57:35:876140,2791
245.6424,317.3852,4:57:35:880132,2779
245.3964,313.6831,4:57:35:884152,2767
245.2735,309.573,4:57:35:888177,2775
245.2735,305.3171,4:57:35:892046,2770
245.2735,300.9446,4:57:35:896066,2767
245.2735,296.5138,4:57:35:899991,2767
246.1588,292.083,4:57:35:903283,2748
246.7491,287.5939,4:57:35:908284,2732
247.4623,283.1048,4:57:35:911283,2722
248.3477,278.7032,4:57:35:915354,2710
249.3314,274.3307,4:57:35:919286,2698
250.4382,269.9582,4:57:35:924120,2701
251.6432,265.644,4:57:35:927130,2696
252.9221,261.3881,4:57:35:931703,2699
254.2502,257.2779,4:57:35:935701,2696
255.6274,253.3135,4:57:35:939825,2682
256.9801,249.5823,4:57:35:943700,2671
258.4065,246.0843,4:57:35:947379,2658
259.833,242.8778,4:57:35:951387,2650
261.3086,239.7879,4:57:35:955389,2643
262.8334,236.7271,4:57:35:959391,2636
264.3336,233.6081,4:57:35:963388,2631
265.9814,230.3433,4:57:35:967387,2637
267.8013,227.166,4:57:35:971649,2635
269.7688,224.076,4:57:35:976525,2639
271.9085,221.0153,4:57:35:980404,2637
274.1957,218.1295,4:57:35:983411,2625
276.6059,215.4476,4:57:35:987985,2622
279.1391,212.9116,4:57:35:991522,2612
281.7952,210.6962,4:57:35:996062,2608
284.4267,208.714,4:57:36:000071,2607
287.0337,206.8192,4:57:36:004071,2614
289.5914,205.0119,4:57:36:007084,2622
292.1,203.2921,4:57:36:012208,2634
294.6331,201.6306,4:57:36:015220,2640
297.2892,200.0273,4:57:36:019263,2643
300.0438,198.5115,4:57:36:023220,2645
302.8966,197.1123,4:57:36:028219,2635
305.8971,195.7714,4:57:36:032218,2635
308.9959,194.5471,4:57:36:036613,2629
312.1193,193.5269,4:57:36:039623,2627
315.3903,192.7106,4:57:36:043623,2633
318.612,192.1277,4:57:36:047623,2636
321.6862,191.7487,4:57:36:051623,2642
324.7359,191.6321,4:57:36:055630,2649
327.8101,191.6321,4:57:36:060048,2656
330.9335,191.6321,4:57:36:064075,2664
334.0815,192.973,4:57:36:068057,2675
337.3033,193.8475,4:57:36:072059,2685
340.4513,194.9552,4:57:36:076073,2692
343.5993,196.1795,4:57:36:080077,2701
346.8456,197.5204,4:57:36:084024,2709
349.8953,198.9487,4:57:36:087036,2716
352.7973,200.4063,4:57:36:092039,2723
355.4535,201.922,4:57:36:095050,2732
357.962,203.467,4:57:36:100105,2737
360.446,205.0411,4:57:36:103106,2744
362.8562,206.6152,4:57:36:108104,2756
365.168,208.3059,4:57:36:111109,2773
367.3322,210.0549,4:57:36:116038,2805
369.4965,211.8331,4:57:36:119049,2834
371.5378,213.8152,4:57:36:123991,2867
373.5299,215.914,4:57:36:128003,2897
375.3744,218.1877,4:57:36:132001,2923
376.9976,220.5197,4:57:36:136003,2956
378.4732,222.91,4:57:36:140037,2988
379.7521,225.3295,4:57:36:143049,3025
380.908,227.7198,4:57:36:148041,3067
381.8918,230.0518,4:57:36:151049,3116
382.7525,232.2381,4:57:36:156051,3165
383.4412,234.2785,4:57:36:159051,3210
384.0314,236.1733,4:57:36:163086,3246
384.4495,237.9223,4:57:36:168068,3276
384.7938,239.4673,4:57:36:171760,3301
385.0889,240.9539,4:57:36:175787,3318
385.2611,242.2657,4:57:36:179760,3335
385.4333,243.4899,4:57:36:183761,3344
385.5562,244.6559,4:57:36:188039,3351
385.6792,245.6762,4:57:36:192063,3359
385.8022,246.6382,4:57:36:196041,3365
385.9251,247.5418,4:57:36:200051,3372
386.0481,248.358,4:57:36:203875,3380
386.1711,249.0867,4:57:36:207875,3388
386.3432,249.7863,4:57:36:211875,3387
386.4662,250.4276,4:57:36:215875,3381
386.6383,251.0107,4:57:36:220036,3329
386.8105,251.5354,4:57:36:223046,3203
386.9827,252.0018,4:57:36:228099,2972
387.1548,252.4682,4:57:36:231099,2580
387.327,252.9054,4:57:36:236098,2005
387.45,253.2843,4:57:36:239099,1282
387.5237,253.5175,4:57:36:243984,669
387.5483,253.7799,4:57:36:247133,0
387.5483,254.0131,4:57:36:251983,0
387.5483,254.1297,4:57:36:255888,0
386.9335,254.1297,4:57:36:259661,0
386.9335,254.1297,4:57:36:263701,0
386.3432,253.4301,4:57:36:267667,0
386.3432,253.4301,4:57:36:271669,0
386.3432,252.3515,4:57:36:275667,0
386.3432,251.5936,4:57:36:280189,0
386.3432,250.8358,4:57:36:283197,0
386.3432,249.9904,4:57:36:287725,0
387.6713,249.1742,4:57:36:291724,0
388.7288,248.2997,4:57:36:295842,0
389.9831,247.571,4:57:36:299723,0
391.6555,246.7839,4:57:36:303974,0
393.6721,245.9677,4:57:36:307986,0
396.0086,245.2098,4:57:36:312033,0
396.0086,245.2098,4:57:36:330210,0
475.3234,234.9781,4:57:36:406045,0
475.3234,234.9781,4:57:36:409055,0
476.6269,234.9781,4:57:36:414055,0
477.5122,234.9781,4:57:36:417055,0
478.5452,234.9781,4:57:36:422195,0
479.5043,234.2785,4:57:36:425203,0
480.6602,234.2785,4:57:36:429801,0
481.8899,233.7247,4:57:36:433705,0
482.9966,233.7247,4:57:36:437739,0
483.5131,232.9085,4:57:36:441775,0
483.5131,232.3838,4:57:36:445703,0
483.8575,231.83,4:57:36:449417,0
483.8575,231.2178,4:57:36:453393,0
483.8575,230.6057,4:57:36:457393,0
482.7015,229.9352,4:57:36:461396,0
481.9145,229.3813,4:57:36:466044,0
481.1029,228.8858,4:57:36:470071,0
480.1684,228.4777,4:57:36:473655,0
479.2338,228.1279,4:57:36:477656,0
478.2255,227.8364,4:57:36:481993,0
477.2909,227.6032,4:57:36:486383,0
476.381,227.4574,4:57:36:489391,0
475.5201,227.3117,4:57:36:494392,0
474.6594,227.166,4:57:36:497391,0
473.8232,227.0202,4:57:36:502392,0
473.0362,226.8453,4:57:36:506418,0
472.2738,226.6413,4:57:36:510043,0
471.5114,226.4081,4:57:36:514051,0
470.7736,226.0874,4:57:36:518046,0
470.1095,225.7376,4:57:36:522055,0
469.4455,225.3586,4:57:36:525554,0
468.8553,224.9214,4:57:36:529563,0
468.2896,224.3967,4:57:36:533566,0
467.7977,223.8428,4:57:36:537582,0
467.3796,223.2598,4:57:36:541564,0
467.0353,222.6185,4:57:36:546564,0
466.7894,221.9772,4:57:36:550020,0
466.5434,221.336,4:57:36:554031,0
466.3959,220.6072,4:57:36:557981,0
466.2729,219.9076,4:57:36:561648,0
466.2237,219.3246,4:57:36:566095,0
466.1991,218.6833,4:57:36:570095,0
466.1991,218.0712,4:57:36:574095,0
466.1745,217.4299,4:57:36:577098,0
466.1745,216.7303,4:57:36:582095,0
466.1745,216.1181,4:57:36:585098,810
466.1499,215.4476,4:57:36:589440,866
466.1007,214.8355,4:57:36:593454,966
466.0516,214.1651,4:57:36:597450,1129
466.027,213.582,4:57:36:601449,1352
465.9778,213.0282,4:57:36:605450,1574
465.9778,212.6201,4:57:36:609451,1798
465.9778,212.3286,4:57:36:613365,1993
465.9778,212.0954,4:57:36:617375,2151
465.9778,211.9205,4:57:36:622033,2255
465.9778,211.8039,4:57:36:626057,2317
465.9778,211.7456,4:57:36:630073,2342
465.9778,211.6873,4:57:36:634045,2345
465.9778,211.6873,4:57:36:638045,2341
465.9778,211.6873,4:57:36:641063,2341
465.9778,211.6873,4:57:36:646086,2371
465.9778,211.6873,4:57:36:649096,2419
465.9778,212.795,4:57:36:654032,2492
466.7648,213.5529,4:57:36:657459,2597
466.7648,214.5148,4:57:36:661845,2699
467.6747,215.8557,4:57:36:665847,2798
468.1912,217.5756,4:57:36:669845,2894
468.7569,219.7036,4:57:36:673848,2955
469.3471,222.1521,4:57:36:677947,3004
469.9866,224.8048,4:57:36:681973,3049
470.5522,227.7198,4:57:36:685876,3088
471.1671,230.8097,4:57:36:689875,3141
471.7819,233.9579,4:57:36:693985,3194
472.4214,237.0478,4:57:36:697875,3250
473.0854,240.0794,4:57:36:701916,3314
473.774,243.1402,4:57:36:705929,3396
474.4872,246.1134,4:57:36:709143,3479
475.2004,249.2616,4:57:36:713156,3564
475.9383,252.4973,4:57:36:717227,3650
476.7253,255.8204,4:57:36:721184,3710
477.4877,259.231,4:57:36:725153,3765
478.2255,262.6707,4:57:36:730156,3806
478.9387,266.1104,4:57:36:734034,3837
479.6765,269.4626,4:57:36:738045,3863
480.3405,272.6982,4:57:36:741217,3880
480.98,275.6424,4:57:36:745239,3897
481.5456,278.3242,4:57:36:749279,3909
482.0375,280.8019,4:57:36:753207,3920
482.5048,283.0757,4:57:36:758044,3931
482.9475,285.1453,4:57:36:761057,3942
483.3164,286.9235,4:57:36:765705,3954
483.6361,288.585,4:57:36:769661,3963
483.9558,290.0717,4:57:36:773668,3969
484.2018,291.4125,4:57:36:777661,3976
484.4477,292.5786,4:57:36:781956,3979
484.5952,293.628,4:57:36:785886,3985
484.7674,294.5024,4:57:36:790006,3989
484.8904,295.2312,4:57:36:793919,3988
484.9641,295.8434,4:57:36:797887,3989
485.0379,296.368,4:57:36:801911,3992
485.1117,296.6887,4:57:36:805912,3999
485.1363,296.9219,4:57:36:809913,4042
485.1609,297.0385,4:57:36:813914,4113
485.2347,297.0968,4:57:36:817608,4211
485.2347,297.0968,4:57:36:821620,4348
485.2347,297.0968,4:57:36:825620,4460
485.2593,297.0968,4:57:36:829733,4538
485.2593,297.0968,4:57:36:833620,4583
485.2593,296.0765,4:57:36:837620,4587
485.2593,295.4352,4:57:36:842040,4589
485.2593,294.7357,4:57:36:845570,4591
485.2593,293.8611,4:57:36:849596,4599
485.2593,292.8409,4:57:36:853606,4614
485.2593,291.6749,4:57:36:857649,4625
484.6936,290.3923,4:57:36:861606,4632
484.6936,289.0805,4:57:36:865609,4630
484.128,287.7105,4:57:36:870606,4620
483.6853,286.253,4:57:36:874200,4607
483.1442,284.6789,4:57:36:877739,4597
482.4556,282.9299,4:57:36:881739,4584
481.644,281.0643,4:57:36:885740,4566
480.6602,279.0821,4:57:36:889737,4548
479.5781,276.8958,4:57:36:893739,4525
478.3484,274.5638,4:57:36:897739,4503
476.9466,272.0861,4:57:36:901987,4482
475.471,269.4626,4:57:36:905997,4460
473.9216,266.8099,4:57:36:909998,4445
472.323,264.1865,4:57:36:913996,4434
470.7244,261.7379,4:57:36:917998,4426
469.1504,259.4933,4:57:36:922000,4422
467.5518,257.4528,4:57:36:925855,4410
465.9778,255.7912,4:57:36:929863,4395
464.4776,254.4212,4:57:36:934026,4381
462.9774,253.4592,4:57:36:938038,4366
461.5263,252.7888,4:57:36:942036,4355
460.149,252.4973,4:57:36:946038,4344
458.7718,252.3807,4:57:36:950036,4332
457.4192,252.3807,4:57:36:954036,4327
456.0911,252.3807,4:57:36:958277,4326
454.7384,253.8674,4:57:36:961311,4329
453.4596,255.0042,4:57:36:965344,4334
452.2053,256.4617,4:57:36:969293,4336
451.0248,258.1815,4:57:36:973285,4340
449.8443,260.1929,4:57:36:977287,4338
448.7375,262.2917,4:57:36:981981,4342
447.68,264.5945,4:57:36:985311,4346
446.7701,266.8683,4:57:36:989809,4344
445.9831,269.0545,4:57:36:993818,4343
445.319,271.0367,4:57:36:997821,4341
444.7042,272.8148,4:57:37:001819,4333
444.2123,274.3307,4:57:37:005982,4331
443.8434,275.6424,4:57:37:009991,4329
443.5237,276.6627,4:57:37:013948,4328
443.3023,277.4497,4:57:37:017956,4332
443.1548,278.0327,4:57:37:021968,4337
443.0564,278.4408,4:57:37:025950,4343
443.0072,278.7032,4:57:37:029786,4354
442.9334,278.8781,4:57:37:033794,4365
442.9088,278.9655,4:57:37:038288,4377
442.8351,278.9655,4:57:37:042300,4388
442.7121,278.9655,4:57:37:046297,4393
442.4908,278.9655,4:57:37:049296,4393
442.171,278.1493,4:57:37:054297,4391
441.7529,278.1493,4:57:37:057301,4388
441.1873,276.9542,4:57:37:062319,4381
440.5233,276.1088,4:57:37:065320,4374
439.6871,275.1177,4:57:37:069320,4358
438.6787,273.9808,4:57:37:073321,4332
437.5966,272.6982,4:57:37:077321,4305
436.3423,271.3865,4:57:37:081322,4264
434.9405,270.0164,4:57:37:085334,4232
433.3665,268.6464,4:57:37:089322,4208
431.7187,267.2763,4:57:37:093980,4186
430.0955,265.9937,4:57:37:097566,4179
428.4477,264.8278,4:57:37:101823,4168
426.7262,263.8366,4:57:37:105824,4161
425.0292,263.0204,4:57:37:109820,4157
423.406,262.3792,4:57:37:113824,4149
421.8566,262.0002,4:57:37:117541,4141
420.3564,261.8253,4:57:37:121586,4135
418.9545,261.8253,4:57:37:125818,4124
417.4789,261.8253,4:57:37:129871,4121
416.1017,262.554,4:57:37:134035,4115
414.7982,262.554,4:57:37:137046,4109
413.5193,264.0115,4:57:37:141982,4102
412.3634,265.0027,4:57:37:145993,4098
411.2321,266.1978,4:57:37:150036,4096
410.1992,267.4804,4:57:37:153047,4093
409.2892,268.967,4:57:37:158046,4101
408.4776,270.512,4:57:37:162055,4101
407.8136,272.2318,4:57:37:166308,4104
407.3217,274.0392,4:57:37:169318,4112
406.9774,275.8464,4:57:37:173433,4118
406.8052,277.7412,4:57:37:177318,4129
406.8052,279.6942,4:57:37:181421,4139
406.8052,281.7056,4:57:37:185341,4145
406.8052,283.7752,4:57:37:189306,4149
407.6414,285.8157,4:57:37:193305,4150
408.2071,287.9146,4:57:37:197724,4136
408.8957,290.0717,4:57:37:201724,4086
409.7073,292.1413,4:57:37:205723,3988
410.6418,294.2109,4:57:37:209726,3830
411.6994,296.1349,4:57:37:213377,3621
412.8799,297.913,4:57:37:217387,3370
414.1588,299.5454,4:57:37:221269,3079
415.5114,300.9446,4:57:37:225283,2756
416.9378,302.1106,4:57:37:229983,2337
418.4872,302.9851,4:57:37:233994,1782
420.0612,303.5389,4:57:37:237990,1132
421.8074,303.8304,4:57:37:241993,576
423.6273,303.8304,4:57:37:245990,0
425.4719,303.8304,4:57:37:249994,0
427.4394,303.0143,4:57:37:254311,0
429.4315,302.2272,4:57:37:257322,0
431.4727,301.1778,4:57:37:261379,0
433.4894,299.9535,4:57:37:265322,0
435.5061,298.5251,4:57:37:269321,0
437.4736,297.0385,4:57:37:273324,0
439.3673,295.4061,4:57:37:278038,0
441.2365,293.5988,4:57:37:281400,0
443.1302,291.6749,4:57:37:285678,0
444.9747,289.5761,4:57:37:289677,0
446.8438,287.419,4:57:37:293801,0
448.7621,285.1453,4:57:37:297677,0
450.6805,282.7841,4:57:37:301677,0
452.648,280.2481,4:57:37:305677,0
454.6401,277.6246,4:57:37:310030,0
456.7059,274.9428,4:57:37:313040,0
458.7964,272.1152,4:57:37:318037,0
460.9607,269.2003,4:57:37:321048,0
463.1003,266.1686,4:57:37:325980,0
465.24,263.0496,4:57:37:329177,0
467.478,259.7265,4:57:37:334032,0
469.6422,256.3159,4:57:37:338040,0
471.8803,252.8763,4:57:37:342042,0
474.1675,249.4366,4:57:37:345040,0
476.3564,246.0551,4:57:37:350040,0
478.5698,242.7612,4:57:37:354042,0
480.6357,239.613,4:57:37:357984,0
482.5786,236.5814,4:57:37:361136,0
484.3247,233.8121,4:57:37:366105,0
485.9479,231.1595,4:57:37:369115,0
487.3744,228.6526,4:57:37:374113,0
488.5794,226.2914,4:57:37:377118,0
489.6616,224.0177,4:57:37:382308,0
490.4731,221.8898,4:57:37:385318,0
491.3094,219.7619,4:57:37:389320,0
491.998,217.7796,4:57:37:394335,0
492.662,215.8557,4:57:37:397318,0
493.2523,213.9901,4:57:37:401319,0
493.7933,212.2995,4:57:37:406037,0
494.3098,210.6671,4:57:37:409047,0
494.7771,209.1804,4:57:37:414042,0
495.2198,207.7812,4:57:37:417079,0
495.5887,206.5278,4:57:37:422053,0
496.0067,205.3618,4:57:37:426054,0
496.3019,204.254,4:57:37:430205,0
496.5724,203.1172,4:57:37:433431,0
496.8183,202.0095,4:57:37:437432,1338
496.9905,200.9601,4:57:37:441430,1393
497.1627,199.9398,4:57:37:445476,1487
497.2856,198.9196,4:57:37:449433,1634
497.384,198.0451,4:57:37:454035,1838
497.4578,197.1998,4:57:37:457551,2040
497.5316,196.5293,4:57:37:461552,2250
497.6299,196.0629,4:57:37:465550,2435
497.6791,195.7422,4:57:37:469550,2576
497.7529,195.509,4:57:37:473356,2667
497.7529,195.3633,4:57:37:477360,2708
497.8513,195.3342,4:57:37:481358,2724
497.9005,195.3342,4:57:37:485403,2751
498.0234,195.3342,4:57:37:489358,2807
498.2448,195.3342,4:57:37:493826,2908
498.4907,196.5876,4:57:37:497824,3033
498.8104,197.4038,4:57:37:502824,3165
499.1794,198.4823,4:57:37:505823,3290
499.6466,199.8232,4:57:37:510086,3403
500.1631,201.4848,4:57:37:513121,3516
500.7534,203.4087,4:57:37:518101,3622
501.3436,205.6532,4:57:37:521096,3731
501.9338,208.2184,4:57:37:526096,3847
502.5241,211.2792,4:57:37:530119,3956
503.1143,214.8355,4:57:37:534099,4059
503.7046,218.7416,4:57:37:538104,4154
504.3686,222.9392,4:57:37:542037,4222
504.9589,227.3992,4:57:37:546063,4285
505.5983,231.9757,4:57:37:550221,4351
506.2132,236.7271,4:57:37:554232,4424
506.9018,241.4494,4:57:37:558232,4492
507.615,246.1134,4:57:37:561232,4555
508.3282,250.6317,4:57:37:565348,4611
509.1152,254.9459,4:57:37:569231,4650
509.8776,258.9977,4:57:37:574021,4695
510.6892,262.933,4:57:37:578032,4741
511.5254,266.635,4:57:37:581980,4790
512.3124,270.0456,4:57:37:585334,4838
513.124,273.1938,4:57:37:589399,4875
513.911,275.9339,4:57:37:593337,4899
514.6488,278.295,4:57:37:597334,4914
515.3621,280.4521,4:57:37:601336,4926
516.0261,282.4052,4:57:37:606050,4934
516.6163,284.0959,4:57:37:609070,4943
517.1082,285.6992,4:57:37:613218,4947
517.5509,287.0984,4:57:37:617229,4949
517.8952,288.3227,4:57:37:621711,4955
518.2641,289.372,4:57:37:625721,4962
518.5592,290.334,4:57:37:629859,4962
518.8052,291.1502,4:57:37:633771,4961
519.0265,291.8498,4:57:37:637804,4949
519.2479,292.4037,4:57:37:641772,4922
519.4692,292.8409,4:57:37:646031,4868
519.7151,293.249,4:57:37:650041,4770
519.9611,293.5988,4:57:37:654007,4629
520.1086,293.8903,4:57:37:658033,4435
520.2808,294.0652,4:57:37:662020,4195
520.4037,294.2109,4:57:37:666018,3891
520.5513,294.2401,4:57:37:670030,3505
520.6989,294.2401,4:57:37:673067,3016
520.8956,294.2401,4:57:37:678030,2325
521.1169,294.2401,4:57:37:681041,1489
521.3875,293.249,4:57:37:686040,786
521.7318,293.249,4:57:37:690038,0
522.1253,291.9664,4:57:37:694038,0
522.5188,291.0045,4:57:37:697038,0
523.0107,289.8384,4:57:37:701977,0
523.4534,288.5558,4:57:37:705990,0
523.9944,287.0984,4:57:37:709221,0
524.5847,285.5534,4:57:37:713235,0
525.1749,283.7752,4:57:37:717352,0
525.8882,281.7347,4:57:37:721232,0
526.6998,279.5485,4:57:37:725977,0
527.6343,277.1582,4:57:37:729277,0
528.6672,274.593,4:57:37:733296,0
529.7986,271.7946,4:57:37:737181,0
531.0037,268.7339,4:57:37:742035,0
532.3317,265.5565,4:57:37:745045,0
533.8319,262.0876,4:57:37:750361,0
535.3813,258.3856,4:57:37:753369,0
537.0783,254.567,4:57:37:757370,0
538.7999,250.69,4:57:37:761371,0
540.5214,246.7839,4:57:37:765390,0
542.3168,242.9361,4:57:37:769374,0
544.0629,239.2341,4:57:37:773983,0
545.7353,235.5903,4:57:37:777399,0
547.3093,232.0923,4:57:37:782036,0
548.7849,228.8858,4:57:37:785376,0
550.1622,225.8542,4:57:37:789397,0
551.4164,222.8517,4:57:37:793400,0
552.5724,219.9951,4:57:37:797418,0
553.5562,217.2258,4:57:37:801398,0
554.4661,214.6315,4:57:37:806035,0
555.3269,212.212,4:57:37:809048,0
555.9663,210.0257,4:57:37:814066,0
556.4828,208.0727,4:57:37:817068,0
556.9009,206.2071,4:57:37:822066,0
557.2944,204.6622,4:57:37:825098,0
557.6633,203.263,4:57:37:830033,0
557.983,202.0678,4:57:37:833062,0
558.2289,200.9892,4:57:37:838035,0
558.524,200.0856,4:57:37:842045,0
558.8192,199.2986,4:57:37:846045,0
559.1635,198.6572,4:57:37:850047,0
559.5078,198.22,4:57:37:854046,0
559.7783,197.7827,4:57:37:858071,0
560.0243,197.258,4:57:37:861081,0
560.2456,196.7334,4:57:37:865982,1231
560.4916,196.2378,4:57:37:869175,1261
560.6637,195.7714,4:57:37:873179,1303
560.8113,195.3342,4:57:37:877193,1353
560.9097,194.9261,4:57:37:882065,1406
560.9343,194.4888,4:57:37:885066,1429
561.0081,194.1098,4:57:37:890063,1455
561.131,193.9933,4:57:37:893067,1529
561.2786,193.9933,4:57:37:897396,1643
561.4753,193.9933,4:57:37:901407,1790
561.7458,193.9933,4:57:37:905460,1961
562.0901,195.2175,4:57:37:909408,2105
562.5328,196.0338,4:57:37:914035,2230
563.0985,197.1123,4:57:37:918061,2360
563.6887,198.4532,4:57:37:922093,2478
564.3036,200.0856,4:57:37:926097,2581
564.9431,201.9512,4:57:37:930107,2679
565.5579,204.1375,4:57:37:934092,2763
566.1481,206.7027,4:57:37:938091,2853
566.7138,209.6176,4:57:37:942091,2938
567.2794,212.9699,4:57:37:946092,3016
567.7713,216.7011,4:57:37:950096,3075
568.3124,220.6947,4:57:37:953607,3110
568.7797,224.8631,4:57:37:957616,3138
569.2469,229.2065,4:57:37:961617,3156
569.7388,233.5789,4:57:37:965619,3185
570.2061,237.8057,4:57:37:970030,3219
570.7471,241.8284,4:57:37:973040,3266
571.2882,245.5013,4:57:37:977874,3322
571.8293,248.941,4:57:37:981830,3371
572.4442,252.0892,4:57:37:985831,3411
573.059,254.9751,4:57:37:989842,3440
573.6492,257.686,4:57:37:993535,3464
574.2394,260.1638,4:57:37:997534,3481
574.8297,262.4083,4:57:38:002022,3496
575.42,264.4779,4:57:38:006032,3508
575.9856,266.4019,4:57:38:010032,3520
576.5021,268.0051,4:57:38:014033,3531
576.994,269.4043,4:57:38:018030,3545
577.4612,270.6577,4:57:38:022048,3555
577.9285,271.678,4:57:38:026036,3564
578.3466,272.5233,4:57:38:030058,3571
578.6909,273.223,4:57:38:033970,3576
578.9615,273.7768,4:57:38:037636,3580
579.2074,274.1558,4:57:38:042308,3585
579.4042,274.4472,4:57:38:045321,3598
579.5271,274.6222,4:57:38:049366,3634
579.6255,274.7679,4:57:38:053350,3698
579.6501,274.8262,4:57:38:057321,3788
579.6501,274.8262,4:57:38:061318,3896
579.6501,274.8262,4:57:38:066110,4002
579.6501,274.8262,4:57:38:069120,4082
579.6501,274.8262,4:57:38:074120,4134
579.6501,274.8262,4:57:38:078122,4158
579.6501,274.0683,4:57:38:082119,4160
579.6501,274.0683,4:57:38:085118,4158
579.6501,273.1064,4:57:38:089979,4156
579.6501,272.4359,4:57:38:093990,4154
579.6501,271.678,4:57:38:097728,4151
579.109,270.7452,4:57:38:101665,4144
579.109,269.6667,4:57:38:105663,4137
578.5188,268.4424,4:57:38:109662,4127
578.0515,267.0723,4:57:38:113367,4107
577.4366,265.5273,4:57:38:117413,4078
576.6251,263.7784,4:57:38:122392,4037
575.5921,261.9419,4:57:38:125870,3988
574.3624,259.9305,4:57:38:129918,3930
572.8376,257.8609,4:57:38:133963,3879
571.1161,255.6747,4:57:38:137968,3832
569.124,253.4884,4:57:38:141964,3785
566.9105,251.3604,4:57:38:145985,3751
564.5004,249.2034,4:57:38:150030,3718
561.918,247.192,4:57:38:154038,3694
559.2619,245.239,4:57:38:157741,3681
556.6058,243.3442,4:57:38:161750,3668
553.9496,241.5661,4:57:38:165815,3663
551.3427,239.9045,4:57:38:169738,3656
548.8587,238.3595,4:57:38:173929,3650
546.4731,236.9603,4:57:38:177937,3647
544.2351,235.6486,4:57:38:181973,3646
542.1938,234.5409,4:57:38:185976,3645
540.2509,233.5498,4:57:38:189976,3640
538.4556,232.7336,4:57:38:193975,3639
536.7832,232.0923,4:57:38:197722,3629
535.2584,231.655,4:57:38:201723,3622
533.8565,231.3636,4:57:38:205990,3615
532.5776,231.2469,4:57:38:209983,3604
531.3972,231.2469,4:57:38:214029,3598
530.2905,231.2469,4:57:38:218033,3591
529.3067,232.2089,4:57:38:221075,3587
528.3967,232.9377,4:57:38:225086,3590
527.5605,233.8996,4:57:38:230084,3593
526.7981,235.0656,4:57:38:233116,3600
526.1095,236.3773,4:57:38:238030,3609
525.5438,237.8349,4:57:38:241040,3615
525.0765,239.3798,4:57:38:245295,3625
524.7568,240.9539,4:57:38:249308,3630
524.5847,242.528,4:57:38:253359,3635
524.5847,244.1021,4:57:38:257360,3641
524.5847,245.5596,4:57:38:261421,3643
525.1995,247.0171,4:57:38:265360,3647
525.7652,248.3871,4:57:38:269472,3654
526.5522,249.6698,4:57:38:273363,3658
527.4868,250.8649,4:57:38:277969,3667
528.5688,251.9143,4:57:38:281406,3676
529.774,252.9054,4:57:38:285804,3685
531.0775,253.7507,4:57:38:289801,3696
532.4547,254.4795,4:57:38:293840,3706
533.8811,255.0625,4:57:38:297801,3718
535.3568,255.4998,4:57:38:301976,3728
536.857,255.7621,4:57:38:305588,3732
538.3818,255.8204,4:57:38:309988,3739
539.9803,255.8204,4:57:38:314000,3749
541.579,255.8204,4:57:38:317537,3753
543.2021,255.8204,4:57:38:321550,3763
544.727,254.7127,4:57:38:325548,3770
546.2518,254.1006,4:57:38:329551,3772
547.7274,253.3718,4:57:38:333654,3780
549.1047,252.6431,4:57:38:337548,3782
550.4081,251.856,4:57:38:342126,3785
551.564,251.0107,4:57:38:345139,3793
552.5724,250.1362,4:57:38:349156,3805
553.4086,249.2034,4:57:38:353136,3823
554.1218,248.2997,4:57:38:358291,3840
554.6628,247.396,4:57:38:361303,3855
555.0563,246.4632,4:57:38:365343,3867
555.2777,245.5304,4:57:38:369301,3875
555.3269,244.6559,4:57:38:373306,3876
555.3269,243.7523,4:57:38:377302,3876
555.3269,242.9361,4:57:38:382018,3865
554.5153,242.1199,4:57:38:386029,3845
553.9005,241.3911,4:57:38:389268,3803
553.1626,240.6915,4:57:38:393267,3737
552.2772,239.9919,4:57:38:397266,3640
551.1951,239.3506,4:57:38:402267,3516
550.0392,238.7677,4:57:38:406031,3379
548.6866,238.2138,4:57:38:410041,3226
547.2601,237.7182,4:57:38:413370,3069
545.7845,237.3102,4:57:38:417411,2894
544.2597,236.9895,4:57:38:421383,2692
542.7349,236.698,4:57:38:425379,2436
541.1609,236.4939,4:57:38:429380,2082
539.6606,236.3773,4:57:38:433381,1623
538.2342,236.3482,4:57:38:437983,1092
536.8324,236.3482,4:57:38:441992,600
535.5043,236.3482,4:57:38:445013,247
534.2992,236.3482,4:57:38:449395,0
533.1433,236.3482,4:57:38:453495,0
532.1104,236.3482,4:57:38:457396,0
531.1512,236.3482,4:57:38:461395,0
530.2413,236.3482,4:57:38:465398,0
529.4296,236.3482,4:57:38:469975,0
528.6426,236.3482,4:57:38:473521,0
527.9294,236.9021,4:57:38:477977,0
527.29,236.9021,4:57:38:481987,0
526.6752,237.281,4:57:38:485986,0
526.0849,237.281,4:57:38:489988,0
525.4946,237.8057,4:57:38:493994,0
524.9536,238.0972,4:57:38:497993,0
524.4617,238.3595,4:57:38:502001,0
523.9453,238.651,4:57:38:505595,0
523.478,238.9134,4:57:38:509975,0
522.9861,239.1758,4:57:38:514010,0
522.5434,239.3798,4:57:38:518049,0
522.0515,239.613,4:57:38:522059,0
521.4859,239.8462,4:57:38:526059,0
520.871,240.0211,4:57:38:530059,0
520.1578,240.2543,4:57:38:534056,0
519.2479,240.4001,4:57:38:537059,0
518.2149,240.575,4:57:38:541974,0
516.936,240.7498,4:57:38:546114,0
515.3866,240.8956,4:57:38:550027,0
513.6404,241.0414,4:57:38:554038,0
511.673,241.2454,4:57:38:557035,0
509.4595,241.3911,4:57:38:562035,0
507.0247,241.5661,4:57:38:566038,0
504.3194,241.7993,4:57:38:569974,0
501.319,242.0325,4:57:38:573178,0
498.1956,242.2657,4:57:38:578178,0
494.6541,242.5863,4:57:38:583176,0
490.8421,242.907,4:57:38:585181,0
486.7841,243.2859,4:57:38:589176,0
482.3572,243.694,4:57:38:594028,0
477.6106,244.1604,4:57:38:598039,0
472.6427,244.6851,4:57:38:602086,0
467.3058,245.3264,4:57:38:605086,0
461.6985,246.0843,4:57:38:610083,0
456.0911,246.9879,4:57:38:614085,0
450.3362,247.9499,4:57:38:617087,0
444.4828,249.0284,4:57:38:622183,0
438.6295,250.1653,4:57:38:625189,0
432.8746,251.3604,4:57:38:630029,0
427.218,252.5556,4:57:38:633054,0
422.0042,253.7216,4:57:38:637039,0
416.9132,254.7127,4:57:38:641038,0
412.0437,255.6163,4:57:38:646040,0
407.5184,256.4326,4:57:38:650039,0
403.067,257.1321,4:57:38:654034,0
398.9844,257.686,4:57:38:657548,0
395.1232,258.0358,4:57:38:661982,0
391.4341,258.2982,4:57:38:665992,0
387.868,258.4439,4:57:38:669585,0
384.4249,258.5605,4:57:38:673610,0
381.1293,258.5605,4:57:38:678033,0
377.8338,258.5605,4:57:38:681578,0
374.6612,258.5605,4:57:38:685551,0
371.5624,258.5605,4:57:38:689549,0
368.4882,257.7151,4:57:38:693611,0
365.4139,257.7151,4:57:38:697549,0
362.4627,256.9864,4:57:38:702031,0
359.5606,256.9864,4:57:38:706042,0
356.8061,256.0536,4:57:38:710032,0
354.2238,255.558,4:57:38:713042,0
351.8628,254.9751,4:57:38:718040,0
349.5756,254.4212,4:57:38:721042,0
347.4359,253.7507,4:57:38:726043,0
345.5176,253.1678,4:57:38:729819,0
343.6485,252.5264,4:57:38:734214,0
341.8531,251.9435,4:57:38:738212,0
340.1316,251.3604,4:57:38:741272,0
338.41,250.7483,4:57:38:745210,0
336.7622,250.3111,4:57:38:750026,0
335.139,249.903,4:57:38:754035,0
333.4421,249.5823,4:57:38:757974,0
331.7451,249.3199,4:57:38:761991,0
329.9989,249.1159,4:57:38:766025,0
328.179,249.0284,4:57:38:769036,0
326.2607,248.9118,4:57:38:774036,0
324.3424,248.8535,4:57:38:778034,0
322.3257,248.8244,4:57:38:782219,0
320.2352,248.8244,4:57:38:785227,0
318.2431,248.8244,4:57:38:789229,0
316.251,248.8244,4:57:38:793232,0
314.3081,248.8244,4:57:38:797277,0
312.4636,248.8244,4:57:38:801229,0
310.7666,248.8244,4:57:38:805352,0
309.2418,248.8244,4:57:38:809235,0
307.8646,248.8244,4:57:38:813505,0
306.6841,248.8244,4:57:38:817515,0
305.6019,248.8244,4:57:38:821515,0
304.6182,248.8244,4:57:38:825518,0
303.659,248.8244,4:57:38:830032,0
302.7737,248.8244,4:57:38:833394,0
301.9129,248.8244,4:57:38:837390,0
301.0275,248.8244,4:57:38:841391,0
300.1667,248.8244,4:57:38:845391,0
299.183,248.8244,4:57:38:850392,0
298.2238,249.4366,4:57:38:853401,0
297.2892,249.4366,4:57:38:857387,0
296.2809,249.4366,4:57:38:861405,0
295.2234,249.9904,4:57:38:865982,0
294.0921,249.9904,4:57:38:869660,0
292.9362,249.9904,4:57:38:873980,0
291.731,250.5443,4:57:38:877525,0
290.5752,250.5443,4:57:38:881580,0
289.4438,250.9523,4:57:38:885601,0
288.3863,250.9523,4:57:38:889640,0
287.4518,251.273,4:57:38:893584,0
286.5418,251.273,4:57:38:898029,0
285.7548,251.5062,4:57:38:902037,0
285.0662,251.5936,4:57:38:906056,0
284.4267,251.7103,4:57:38:910039,0
283.8119,251.7977,4:57:38:913039,0
283.197,251.856,4:57:38:918030,0
282.533,251.9726,4:57:38:921040,0
281.8936,252.06,4:57:38:926031,0
281.2295,252.1475,4:57:38:929041,0
280.5409,252.2641,4:57:38:934041,0
279.8277,252.3807,4:57:38:937043,0
278.9915,252.4973,4:57:38:942072,0
278.1799,252.5556,4:57:38:945080,0
277.2699,252.6139,4:57:38:949980,0
276.3354,252.6139,4:57:38:953170,0
275.3762,252.6139,4:57:38:958030,76
274.4171,252.6139,4:57:38:961040,91
273.5071,252.6139,4:57:38:965718,120
272.5971,252.6139,4:57:38:969721,165
271.8593,251.8268,4:57:38:973772,228
271.1953,251.8268,4:57:38:977721,283
270.6296,251.8268,4:57:38:982082,337
270.2115,251.273,4:57:38:985083,373
269.818,251.273,4:57:38:990085,391
269.6213,251.273,4:57:38:993084,406
269.4245,251.273,4:57:38:997450,407
269.3261,250.8649,4:57:39:001462,411
269.3016,250.8649,4:57:39:005461,424
269.277,250.8649,4:57:39:009462,444
269.277,250.5443,4:57:39:014033,469
269.277,250.5443,4:57:39:017041,521
269.277,250.1944,4:57:39:021594,593
269.277,250.0487,4:57:39:025581,691
269.277,249.903,4:57:39:029582,813
269.8672,249.7572,4:57:39:033581,923
269.8672,249.6115,4:57:39:037314,1028
269.8672,249.4657,4:57:39:041322,1114
270.3591,249.3199,4:57:39:045377,1207
270.3591,249.1742,4:57:39:049377,1317
270.9001,249.0284,4:57:39:053376,1438
271.3674,248.7952,4:57:39:057379,1583
272.0069,248.5329,4:57:39:062201,1714
272.9168,248.1539,4:57:39:065211,1825
274.0728,247.7458,4:57:39:070035,1921
275.5484,247.2794,4:57:39:074045,1996
277.3191,246.6964,4:57:39:078042,2075
279.4096,246.026,4:57:39:082044,2149
281.8198,245.2681,4:57:39:086045,2220
284.5005,244.4227,4:57:39:090044,2278
287.4763,243.4608,4:57:39:094456,2326
290.9195,242.3822,4:57:39:097456,2378
294.8791,241.1579,4:57:39:101457,2421
299.3551,239.8462,4:57:39:105472,2459
304.2247,238.2721,4:57:39:110093,2490
309.4632,236.5522,4:57:39:113102,2508
315.3657,234.5409,4:57:39:117102,2527
321.9568,232.3546,4:57:39:121103,2547
328.966,229.9352,4:57:39:126104,2567
336.1966,227.3992,4:57:39:130101,2608
343.9682,224.8048,4:57:39:134083,2657
352.1333,222.2104,4:57:39:137109,2716
360.5444,219.7327,4:57:39:142083,2778
369.3489,217.3132,4:57:39:145083,2833
378.424,215.127,4:57:39:150035,2886
387.5237,213.1448,4:57:39:154046,2944
396.6972,211.3667,4:57:39:157975,3001
406.3134,209.8217,4:57:39:161224,3062
415.782,208.3059,4:57:39:166128,3123
425.0046,206.9359,4:57:39:169128,3191
434.4978,205.595,4:57:39:174127,3269
443.9664,204.3415,4:57:39:177128,3351
453.1153,203.1172,4:57:39:182021,3444
462.0428,201.922,4:57:39:186030,3546
471.0441,200.6978,4:57:39:190058,3663
479.7011,199.4443,4:57:39:193058,3776
488.0876,198.1617,4:57:39:198056,3868
496.2773,196.7917,4:57:39:201057,3953
504.1473,195.3342,4:57:39:205976,4019
511.7222,193.8183,4:57:39:209827,4080
519.0511,192.2151,4:57:39:213313,4167
526.1833,190.4953,4:57:39:217326,4238
532.8236,188.6588,4:57:39:221323,4298
539.2426,186.8515,4:57:39:225326,4355
545.4894,185.0442,4:57:39:230035,4389
551.564,183.2952,4:57:39:233576,4411
557.319,181.6045,4:57:39:237973,4432
562.6312,179.9721,4:57:39:241491,4450
567.5254,178.4854,4:57:39:246034,4488
572.149,177.1445,4:57:39:249125,4528
576.5267,175.9785,4:57:39:254096,4564
580.4617,174.9,4:57:39:258107,4592
583.9294,173.938,4:57:39:262122,4597
587.0282,173.0927,4:57:39:266132,4600
589.7335,172.3056,4:57:39:269252,4605
592.2175,171.606,4:57:39:273252,4609
594.4801,170.9648,4:57:39:277250,4615
596.4476,170.4109,4:57:39:282252,4616
598.1446,169.9445,4:57:39:286037,4613
599.571,169.5364,4:57:39:290059,4613
600.7269,169.1575,4:57:39:294047,4607
601.7107,168.866,4:57:39:297050,4604
602.4485,168.6036,4:57:39:302046,4604
603.0634,168.4287,4:57:39:305047,4601
603.506,168.2829,4:57:39:309964,4594
603.8503,168.1664,4:57:39:313972,4586
604.0963,168.0789,4:57:39:317973,4566
604.2684,168.0206,4:57:39:321973,4502
604.416,167.9915,4:57:39:325975,4367
604.5144,167.9332,4:57:39:329973,4136
604.6127,167.904,4:57:39:334041,3808
604.7111,167.904,4:57:39:338050,3384
604.7111,167.904,4:57:39:342031,2850
604.7357,167.904,4:57:39:345380,2158
604.7603,167.904,4:57:39:349377,1356
604.7603,167.904,4:57:39:353380,695
604.7603,168.6036,4:57:39:357479,0
604.7603,168.6036,4:57:39:361378,0
604.7603,168.6036,4:57:39:366033,0
604.7603,168.6036,4:57:39:369043,0
604.2684,168.6036,4:57:39:373980,0
604.2684,167.8165,4:57:39:377263,0
604.2684,167.8165,4:57:39:382032,0
604.2684,166.6797,4:57:39:385042,0
604.2684,166.0967,4:57:39:389515,0
604.2684,165.5428,4:57:39:393519,0
604.2684,165.5428,4:57:39:397591,0
604.2684,164.9307,4:57:39:401516,0
604.2684,164.9307,4:57:39:406096,0
604.2684,164.9307,4:57:39:410104,0
604.2684,164.9307,4:57:39:414035,0
604.2684,164.9307,4:57:39:431977,0
