196.1843,171.5769,3:29:09:290002,0
196.1843,171.5769,3:29:09:293009,0
196.9467,172.4223,3:29:09:297289,0
197.6108,173.2676,3:29:09:301364,0
198.3732,174.317,3:29:09:305300,0
199.3078,175.4247,3:29:09:309364,0
200.4145,176.7073,3:29:09:313344,0
201.6441,178.1648,3:29:09:317364,0
203.1198,179.7389,3:29:09:321377,0
204.3249,181.0506,3:29:09:325325,0
205.8497,182.1875,3:29:09:329244,0
207.3991,183.0329,3:29:09:332767,0
209.0223,183.7908,3:29:09:337770,0
210.6947,184.4029,3:29:09:340767,0
212.49,184.9276,3:29:09:345782,0
214.3591,185.3357,3:29:09:348769,0
216.2528,185.3357,3:29:09:353519,0
218.1958,185.6855,3:29:09:357039,0
220.0403,185.8313,3:29:09:361039,0
221.811,186.0061,3:29:09:365113,0
223.6064,186.1227,3:29:09:369039,0
225.4017,186.2393,3:29:09:373361,0
227.0741,186.4142,3:29:09:377551,0
228.6235,186.56,3:29:09:381069,0
230.1975,186.8223,3:29:09:385078,0
231.6485,187.0555,3:29:09:389110,0
233.0258,187.347,3:29:09:393069,0
234.2309,187.6677,3:29:09:397186,0
235.3376,188.0758,3:29:09:401069,0
236.223,188.513,3:29:09:405363,0
237.0592,188.9794,3:29:09:409370,0
237.9691,189.4458,3:29:09:413363,0
238.7561,190.0289,3:29:09:417374,0
239.5185,190.641,3:29:09:421374,0
240.2809,191.2531,3:29:09:425374,0
241.0679,191.9527,3:29:09:429372,0
241.7812,192.7106,3:29:09:433216,0
242.4944,193.556,3:29:09:437309,0
243.2076,194.4014,3:29:09:441318,0
243.847,195.3633,3:29:09:445222,0
244.3635,196.3253,3:29:09:449470,0
244.9046,197.4038,3:29:09:452480,0
245.3964,198.5115,3:29:09:456498,0
245.9129,199.6192,3:29:09:461479,0
246.3802,200.7852,3:29:09:465657,0
246.8967,201.8929,3:29:09:468668,0
247.3639,203.0006,3:29:09:473312,0
247.905,204.0791,3:29:09:477322,0
248.4215,205.216,3:29:09:481319,0
249.0363,206.2946,3:29:09:485322,0
249.6266,207.4023,3:29:09:489322,0
250.266,208.4516,3:29:09:493321,0
251.0038,209.4719,3:29:09:497421,0
251.6432,210.6379,3:29:09:501246,0
252.4057,211.6581,3:29:09:505270,0
253.0943,212.6201,3:29:09:509256,0
253.8075,213.5237,3:29:09:513256,0
254.5207,214.2233,3:29:09:517524,0
255.2339,214.9229,3:29:09:520548,0
256.0209,215.5934,3:29:09:524534,0
256.808,216.0307,3:29:09:529534,0
257.6195,216.2639,3:29:09:533649,0
258.4557,216.4971,3:29:09:537521,0
259.3903,216.5845,3:29:09:540533,0
260.2757,216.5845,3:29:09:544533,0
261.1856,216.5845,3:29:09:549531,0
262.071,216.5845,3:29:09:552530,0
262.8826,215.8849,3:29:09:556531,0
263.6942,215.8849,3:29:09:560531,0
264.4812,215.0396,3:29:09:564531,0
265.2436,214.3983,3:29:09:568531,0
265.8338,213.8444,3:29:09:573573,0
266.3995,213.174,3:29:09:576604,0
266.8176,212.5035,3:29:09:581623,0
267.3095,211.7747,3:29:09:584603,0
267.6784,211.0751,3:29:09:589233,0
267.8997,210.3755,3:29:09:593386,0
268.0227,209.6759,3:29:09:596396,0
268.0719,209.0347,3:29:09:600423,0
268.1211,208.4516,3:29:09:604797,0
268.1211,207.927,3:29:09:608780,0
268.1211,207.4023,3:29:09:612778,0
267.4816,206.965,3:29:09:616778,0
267.4816,206.4695,3:29:09:620780,0
266.5717,206.0614,3:29:09:624780,0
265.9568,205.7407,3:29:09:628797,0
265.2928,205.3618,3:29:09:632793,0
264.6042,205.0703,3:29:09:637234,0
263.7926,204.8371,3:29:09:641267,0
263.0302,204.6039,3:29:09:645277,0
262.2432,204.3707,3:29:09:649272,0
261.4561,204.1958,3:29:09:653282,0
260.6692,204.0791,3:29:09:657281,0
259.9559,203.9334,3:29:09:661231,0
259.2427,203.8459,3:29:09:665275,0
258.4557,203.7876,3:29:09:669533,0
257.8409,203.7876,3:29:09:672542,0
257.1768,203.7876,3:29:09:676542,0
256.5128,203.7876,3:29:09:681551,0
255.9226,203.7876,3:29:09:684545,0
255.3569,203.7876,3:29:09:689235,0
254.865,204.3998,3:29:09:693268,0
254.4223,204.3998,3:29:09:696841,0
254.0288,205.0119,3:29:09:701233,0
253.7091,205.0119,3:29:09:705275,0
253.4386,205.595,3:29:09:709280,0
253.2664,205.595,3:29:09:713278,0
253.1681,206.2654,3:29:09:717750,0
253.1681,206.2654,3:29:09:720764,0
253.1681,206.965,3:29:09:724791,0
253.1681,207.2856,3:29:09:728771,0
253.1681,207.548,3:29:09:732763,0
253.8075,207.8395,3:29:09:737352,0
253.8075,208.1019,3:29:09:741463,0
254.4223,208.3642,3:29:09:745483,0
254.4223,208.5974,3:29:09:749473,0
255.1356,208.7431,3:29:09:752473,0
255.5536,208.8889,3:29:09:756473,0
255.9226,208.9472,3:29:09:760473,0
256.3898,209.0347,3:29:09:764473,0
256.8325,209.0347,3:29:09:769381,0
257.2998,209.0347,3:29:09:773396,0
257.7917,209.0347,3:29:09:776391,0
258.3082,209.0347,3:29:09:781320,0
258.8,209.0347,3:29:09:785547,0
259.2919,209.0347,3:29:09:788558,0
259.7592,208.1893,3:29:09:792586,0
260.1527,208.1893,3:29:09:796558,0
260.497,207.6355,3:29:09:800557,0
260.8659,207.6355,3:29:09:804579,0
261.1856,207.0816,3:29:09:809233,0
261.3578,207.0816,3:29:09:813272,0
261.5299,206.4695,3:29:09:817265,0
261.5791,206.4695,3:29:09:821265,0
261.5791,205.9156,3:29:09:825282,0
261.5791,205.9156,3:29:09:829277,0
261.5791,205.3909,3:29:09:833284,0
260.9889,205.1577,3:29:09:837389,0
260.9889,204.8371,3:29:09:840675,0
260.2265,204.6039,3:29:09:844678,0
260.2265,204.2832,3:29:09:848693,0
259.3411,203.9917,3:29:09:852676,0
258.8246,203.6711,3:29:09:856677,0
258.3328,203.3212,3:29:09:860678,0
257.7917,203.0298,3:29:09:865585,0
257.3244,202.7091,3:29:09:868595,0
256.8325,202.3593,3:29:09:872595,0
256.3653,202.0095,3:29:09:877594,0
255.9226,201.6306,3:29:09:880595,0
255.5291,201.2224,3:29:09:885300,0
255.1848,200.8435,3:29:09:889330,0
254.865,200.4063,3:29:09:893222,0
254.6191,199.969,3:29:09:897229,0
254.3732,199.5318,3:29:09:901230,0
254.201,199.0362,3:29:09:905232,0
254.078,198.5115,3:29:09:909229,0
254.0288,197.9868,3:29:09:913595,0
254.0288,197.4912,3:29:09:917110,0
254.0288,196.9666,3:29:09:921226,0
254.0288,196.4418,3:29:09:924767,0
254.0288,195.9754,3:29:09:928745,0
254.5453,195.4799,3:29:09:932745,0
254.5453,195.0135,3:29:09:936745,0
255.0864,194.6054,3:29:09:940745,0
255.0864,194.1098,3:29:09:945639,0
255.7012,193.6726,3:29:09:948649,0
255.7012,193.2354,3:29:09:952708,0
256.439,192.769,3:29:09:956649,0
256.7834,192.2734,3:29:09:960650,0
257.1031,191.7778,3:29:09:964649,0
257.4966,191.224,3:29:09:968652,0
257.8409,190.6702,3:29:09:973386,0
258.2098,190.1163,3:29:09:977648,0
258.5541,189.5625,3:29:09:981164,0
258.923,189.0086,3:29:09:985196,0
259.2427,188.4547,3:29:09:989196,0
259.5624,187.8426,3:29:09:993196,0
259.833,187.2596,3:29:09:997193,0
260.0789,186.6766,3:29:10:001568,0
260.3003,186.1227,3:29:10:004579,0
260.4478,185.5689,3:29:10:008579,0
260.5708,185.015,3:29:10:012579,0
260.6692,184.4029,3:29:10:016579,0
260.6692,183.849,3:29:10:020578,0
260.7184,183.3826,3:29:10:024578,0
260.7184,182.8871,3:29:10:028577,0
260.7184,182.479,3:29:10:033233,0
260.7184,182.0709,3:29:10:037461,0
260.7184,181.7502,3:29:10:040978,0
260.7184,181.4588,3:29:10:044993,0
260.0543,181.2256,3:29:10:048980,0
260.0543,181.0798,3:29:10:052978,0
260.0543,181.0506,3:29:10:057676,0
259.4149,181.0506,3:29:10:060686,0
259.4149,181.0506,3:29:10:065221,0
258.9476,181.0506,3:29:10:069277,0
258.9476,181.0506,3:29:10:073275,0
258.4803,181.0506,3:29:10:077251,0
258.4803,181.7502,3:29:10:081253,0
258.0868,181.7502,3:29:10:085514,0
257.8901,181.7502,3:29:10:088524,0
257.7425,182.5665,3:29:10:092537,0
257.5949,182.5665,3:29:10:096524,0
257.4966,183.3826,3:29:10:100544,0
257.3982,183.849,3:29:10:105588,0
257.3244,184.3737,3:29:10:108599,0
257.2998,184.8985,3:29:10:112619,0
257.2998,185.4523,3:29:10:116599,0
257.2998,186.0061,3:29:10:120598,0
257.2998,186.5891,3:29:10:124599,0
257.2998,187.2013,3:29:10:129622,0
257.2998,187.7551,3:29:10:132653,0
257.8409,188.3382,3:29:10:136653,0
257.8409,188.8629,3:29:10:140633,0
258.3328,189.4167,3:29:10:144635,0
258.3328,189.8539,3:29:10:149232,0
259.046,190.2621,3:29:10:153272,0
259.5132,190.6702,3:29:10:157264,0
260.0297,190.9617,3:29:10:161233,0
260.5708,191.2531,3:29:10:165283,0
261.1364,191.4863,3:29:10:169268,0
261.7267,191.6613,3:29:10:173267,0
262.3415,191.7778,3:29:10:177233,0
262.9318,191.9236,3:29:10:180663,0
263.4974,192.0402,3:29:10:184663,0
264.0139,192.1277,3:29:10:189664,0
264.5058,192.1859,3:29:10:192663,0
264.9485,192.2734,3:29:10:197664,0
265.2928,192.3026,3:29:10:201232,0
265.6125,192.3317,3:29:10:204750,0
265.8584,192.3317,3:29:10:208748,0
266.0798,192.3317,3:29:10:213232,0
266.2765,192.3317,3:29:10:217699,0
266.3995,192.3317,3:29:10:220709,0
266.4487,192.3317,3:29:10:224725,0
266.5225,191.6613,3:29:10:228709,0
266.5225,191.6613,3:29:10:233710,0
266.5225,191.1657,3:29:10:236741,0
266.5225,191.1657,3:29:10:240711,0
266.5225,190.5244,3:29:10:245232,0
265.9568,190.5244,3:29:10:249263,0
265.9568,189.8539,3:29:10:253351,0
265.3911,189.5333,3:29:10:257361,0
265.3911,189.1543,3:29:10:261521,0
264.6779,188.8337,3:29:10:264535,0
264.2599,188.4839,3:29:10:268535,0
263.8417,188.1633,3:29:10:272532,0
263.4236,187.8426,3:29:10:277533,0
262.981,187.5511,3:29:10:280555,0
262.5383,187.2887,3:29:10:285302,0
262.1448,186.9973,3:29:10:288944,0
261.7759,186.7349,3:29:10:292650,0
261.4561,186.4434,3:29:10:297653,0
261.2102,186.1519,3:29:10:301648,0
261.0627,185.8313,3:29:10:304648,0
261.0627,185.4814,3:29:10:309672,0
260.9643,185.1317,3:29:10:313662,0
260.9643,184.6653,3:29:10:317341,0
260.9643,184.2572,3:29:10:321352,0
260.9643,183.7908,3:29:10:324682,0
261.7021,183.3826,3:29:10:328642,0
261.7021,182.9745,3:29:10:332654,0
262.3907,182.6248,3:29:10:336635,0
262.3907,182.3333,3:29:10:340636,0
263.1777,182.0709,3:29:10:344639,0
263.5712,181.9252,3:29:10:348645,0
264.0385,181.7794,3:29:10:352639,0
264.5058,181.7502,3:29:10:356639,0
264.9485,181.7502,3:29:10:360639,0
265.4157,181.7502,3:29:10:364636,0
265.8584,181.7502,3:29:10:369300,0
266.3011,181.7502,3:29:10:372690,0
266.7438,181.7502,3:29:10:376968,0
267.1373,182.3333,3:29:10:380968,0
267.4816,182.3333,3:29:10:385063,0
267.8013,182.858,3:29:10:388967,0
268.0473,182.858,3:29:10:393301,0
268.244,183.4993,3:29:10:396661,0
268.367,183.4993,3:29:10:400676,0
268.49,184.3154,3:29:10:405352,0
268.5392,184.7818,3:29:10:409741,0
268.5392,185.3065,3:29:10:412753,0
268.5392,185.8604,3:29:10:416754,0
268.5392,186.5017,3:29:10:420774,0
268.5392,187.1138,3:29:10:424751,0
268.5392,187.7843,3:29:10:428750,0
267.8505,188.4839,3:29:10:432754,0
267.8505,189.1543,3:29:10:436751,0
267.1127,189.8248,3:29:10:440751,0
266.67,190.4953,3:29:10:444798,0
266.1782,191.0782,3:29:10:448808,0
265.6617,191.6321,3:29:10:452811,0
265.1698,192.1277,3:29:10:456808,0
264.6779,192.4774,3:29:10:461298,0
264.1861,192.769,3:29:10:464868,0
263.7434,193.0022,3:29:10:468866,0
263.3745,193.0896,3:29:10:473878,0
262.9564,193.0896,3:29:10:476945,0
262.6121,193.0896,3:29:10:480965,0
262.3415,193.0896,3:29:10:485000,0
262.0464,192.3609,3:29:10:488956,0
261.7759,192.3609,3:29:10:492955,0
261.5545,191.3114,3:29:10:496954,0
261.3332,190.641,3:29:10:501354,0
261.1364,189.8831,3:29:10:504869,0
260.9889,189.1252,3:29:10:509301,0
260.7675,188.309,3:29:10:513312,0
260.5708,187.4637,3:29:10:517066,0
260.4478,186.56,3:29:10:520961,0
260.374,185.6855,3:29:10:525088,0
260.3003,184.7527,3:29:10:528961,1094
260.2757,183.9073,3:29:10:533354,1089
260.2757,183.0912,3:29:10:536869,1093
260.2757,182.3333,3:29:10:541417,1097
260.2757,181.7794,3:29:10:545430,1104
260.8659,181.2547,3:29:10:549427,1140
260.8659,180.9049,3:29:10:552430,1206
261.7021,180.7592,3:29:10:557427,1318
262.2678,180.7592,3:29:10:560428,1471
263.0302,180.7592,3:29:10:565301,1626
263.8417,181.6628,3:29:10:569312,1770
264.7763,182.5373,3:29:10:573312,1883
265.6617,183.7616,3:29:10:577313,1976
266.6946,185.3357,3:29:10:581312,2060
267.8013,187.4053,3:29:10:585331,2127
268.9572,189.9706,3:29:10:589299,2180
270.1132,192.973,3:29:10:593312,2211
271.1953,196.4418,3:29:10:597292,2226
272.2528,200.2896,3:29:10:601302,2245
273.2366,204.6039,3:29:10:605292,2264
274.1465,209.3553,3:29:10:609304,2280
274.8843,214.5148,3:29:10:613302,2299
275.4746,219.9076,3:29:10:617303,2300
275.8927,225.4461,3:29:10:621300,2306
276.1386,231.0137,3:29:10:625302,2314
276.237,236.5522,3:29:10:629300,2323
276.237,241.9742,3:29:10:633329,2338
276.237,247.1628,3:29:10:637361,2346
276.237,251.9143,3:29:10:641361,2353
276.237,256.1119,3:29:10:645360,2352
275.5484,259.8139,3:29:10:648360,2348
275.5484,262.933,3:29:10:653355,2352
275.5484,265.4982,3:29:10:657365,2351
274.9581,267.4804,3:29:10:660753,2364
274.9581,268.967,3:29:10:664764,2425
274.9581,269.8998,3:29:10:668764,2484
274.5154,270.3662,3:29:10:672763,2551
274.5154,270.4246,3:29:10:676762,2607
274.1957,270.4246,3:29:10:680770,2611
274.1957,269.2294,3:29:10:685231,2616
273.7284,268.0926,3:29:10:689242,2617
273.4087,266.6059,3:29:10:693300,2615
273.0152,264.7986,3:29:10:698260,2617
272.5233,262.7581,3:29:10:701241,2621
271.8839,260.6302,3:29:10:705241,2621
271.2445,258.5313,3:29:10:709301,2621
270.4329,256.4908,3:29:10:713312,2620
269.4737,254.6835,3:29:10:717354,2612
268.3916,253.1678,3:29:10:720364,2609
267.0881,251.9435,3:29:10:725362,2605
265.6617,251.1272,3:29:10:729373,2600
264.0877,250.6026,3:29:10:733370,2588
262.3415,250.6026,3:29:10:737372,2576
260.3248,250.6026,3:29:10:741370,2568
258.136,250.6026,3:29:10:745372,2567
255.775,251.9435,3:29:10:749327,2559
253.2173,253.1386,3:29:10:753325,2548
250.4628,254.6835,3:29:10:757326,2537
247.6099,256.5783,3:29:10:761325,2518
244.5848,258.7937,3:29:10:765261,2508
241.5352,261.3297,3:29:10:769281,2504
238.4118,264.0699,3:29:10:773271,2499
235.313,267.0723,3:29:10:777272,2500
232.288,270.2788,3:29:10:781275,2511
229.4105,273.5144,3:29:10:785272,2528
226.6806,276.8958,3:29:10:789300,2547
224.1228,280.2481,3:29:10:793350,2573
221.8848,283.7461,3:29:10:797246,2595
219.8927,287.2441,3:29:10:801250,2609
218.1958,290.8587,3:29:10:805409,2623
216.8923,294.4442,3:29:10:809415,2624
215.8839,298.0005,3:29:10:813415,2624
215.2691,301.4402,3:29:10:816416,2624
215.0477,304.705,3:29:10:821415,2621
215.0477,307.8531,3:29:10:825430,2622
215.6626,310.6807,3:29:10:829349,2628
216.4742,313.2459,3:29:10:833376,2630
217.6055,315.4904,3:29:10:837355,2633
219.0319,317.4435,3:29:10:840589,2635
220.7535,319.105,3:29:10:844654,2632
222.6964,320.5042,3:29:10:848556,2627
224.8607,321.6411,3:29:10:852559,2594
227.2216,322.5739,3:29:10:856558,2535
229.681,323.2444,3:29:10:862499,2435
232.2634,323.6233,3:29:10:864501,2270
234.9441,323.7982,3:29:10:868521,2009
237.6002,323.7982,3:29:10:872499,1640
240.2072,323.7982,3:29:10:876510,1181
242.7403,323.0986,3:29:10:881506,693
245.1013,323.0986,3:29:10:885135,329
247.2164,321.8452,3:29:10:889146,0
249.1101,321.029,3:29:10:893215,0
250.7825,320.1544,3:29:10:897143,0
252.1105,319.3091,3:29:10:901272,0
253.1435,318.4055,3:29:10:905282,0
253.9305,317.5309,3:29:10:909298,0
254.3978,316.773,3:29:10:913175,0
254.6191,316.1026,3:29:10:917351,0
254.6437,315.5779,3:29:10:920389,0
254.6437,315.2573,3:29:10:925297,0
254.0288,315.2573,3:29:10:929312,0
253.4386,315.2573,3:29:10:933308,0
252.6516,315.2573,3:29:10:937308,0
251.7416,315.986,3:29:10:941308,0
250.7333,315.986,3:29:10:945351,0
249.5774,317.3852,3:29:10:948362,0
248.3477,318.2306,3:29:10:953576,0
247.0196,319.1342,3:29:10:956614,0
245.6916,320.0087,3:29:10:960586,0
244.2897,320.8832,3:29:10:964592,0
242.9371,321.6411,3:29:10:968617,0
241.6582,322.3116,3:29:10:972613,0
240.5023,322.8362,3:29:10:977296,0
239.3956,323.1569,3:29:10:980636,0
238.461,323.1569,3:29:10:984687,981
237.6248,323.1569,3:29:10:988607,985
236.9116,323.1569,3:29:10:993651,981
236.3459,323.1569,3:29:10:996657,970
235.8787,323.1569,3:29:11:001351,956
235.5343,322.3407,3:29:11:005359,935
235.19,322.3407,3:29:11:009361,923
234.9687,321.233,3:29:11:013359,925
234.8457,320.6208,3:29:11:016502,946
234.7719,319.9504,3:29:11:020512,998
234.7473,319.1925,3:29:11:024514,1107
234.7473,318.5512,3:29:11:028512,1250
234.7473,317.8807,3:29:11:033351,1416
234.7473,317.3269,3:29:11:037359,1589
234.7473,316.8314,3:29:11:041352,1719
234.7473,316.4232,3:29:11:045362,1810
234.7473,316.1026,3:29:11:049360,1856
234.1817,315.8694,3:29:11:053362,1860
234.1817,315.8694,3:29:11:057360,1850
233.2717,315.7237,3:29:11:061362,1830
232.6815,315.7237,3:29:11:065348,1817
231.8699,315.7237,3:29:11:069359,1811
230.8861,316.8022,3:29:11:072584,1805
229.7302,317.6767,3:29:11:076594,1800
228.353,319.0176,3:29:11:081593,1812
226.8282,320.65,3:29:11:084592,1843
225.1066,322.7488,3:29:11:089594,1903
223.2621,325.314,3:29:11:092594,2006
221.2454,328.3456,3:29:11:097431,2138
219.2041,331.8436,3:29:11:100668,2293
217.0152,335.7206,3:29:11:104701,2463
214.851,339.889,3:29:11:108700,2632
212.7851,344.3489,3:29:11:112737,2767
210.9406,349.0129,3:29:11:116671,2876
209.3912,353.881,3:29:11:121361,2978
208.1369,358.8073,3:29:11:125369,3069
207.2269,363.6171,3:29:11:129371,3154
206.7351,368.2811,3:29:11:133371,3221
206.7351,372.7702,3:29:11:136370,3255
206.7351,377.1136,3:29:11:141370,3263
208.2599,381.2528,3:29:11:145169,3269
209.7109,385.2173,3:29:11:149185,3275
211.5554,388.8318,3:29:11:153239,3278
213.7689,392.1841,3:29:11:157169,3287
216.4496,395.2157,3:29:11:161409,3292
219.4254,397.9558,3:29:11:164417,3297
222.6964,400.2878,3:29:11:168417,3305
226.1641,402.1826,3:29:11:172419,3303
229.8778,403.64,3:29:11:176418,3276
233.7144,404.5728,3:29:11:180419,3222
237.6248,404.9518,3:29:11:185604,3134
241.5598,404.9518,3:29:11:188611,3015
245.4702,404.9518,3:29:11:193608,2867
249.3314,402.9696,3:29:11:196609,2688
253.1189,401.1623,3:29:11:201483,2487
256.7834,398.772,3:29:11:204493,2239
260.2757,395.6821,3:29:11:208536,1943
263.6204,392.0384,3:29:11:212494,1568
266.7684,387.7824,3:29:11:217496,1098
269.6459,383.0602,3:29:11:220493,640
272.2036,378.0172,3:29:11:224468,286
274.3925,372.7702,3:29:11:228510,0
276.1632,367.3192,3:29:11:233019,0
277.5651,361.8681,3:29:11:236984,0
278.5734,356.5337,3:29:11:241079,0
279.1883,351.4033,3:29:11:244984,0
279.508,346.7101,3:29:11:249368,0
279.6064,342.3084,3:29:11:253378,0
279.6064,338.3149,3:29:11:257075,0
279.6064,334.642,3:29:11:261089,0
279.6064,331.3481,3:29:11:265350,0
279.6064,328.4622,3:29:11:268683,0
278.9177,325.7513,3:29:11:272683,0
278.9177,323.3026,3:29:11:276687,0
278.3275,321.029,3:29:11:280783,0
278.3275,318.8427,3:29:11:284683,0
277.688,316.7148,3:29:11:289004,0
277.688,314.7325,3:29:11:293004,0
277.024,312.8378,3:29:11:297302,0
277.024,311.0305,3:29:11:300623,0
276.4829,309.3106,3:29:11:306120,0
276.4829,307.7657,3:29:11:309123,0
276.114,306.3373,3:29:11:313141,0
276.114,304.9965,3:29:11:317120,0
275.8927,303.8013,3:29:11:321345,0
275.8927,302.8102,3:29:11:325355,0
275.8927,301.994,3:29:11:329356,0
275.8927,301.3235,3:29:11:333379,0
275.8927,300.7989,3:29:11:337365,0
275.8927,300.449,3:29:11:341371,0
275.8927,300.1867,3:29:11:345382,0
275.8927,300.041,3:29:11:349367,0
275.8927,299.8952,3:29:11:353357,0
275.8927,299.7786,3:29:11:357366,0
275.8927,299.5746,3:29:11:361415,0
276.3354,299.3122,3:29:11:364416,0
276.3354,298.9915,3:29:11:369415,0
276.3354,298.5543,3:29:11:372416,0
276.7043,298.0296,3:29:11:377346,0
276.7043,297.3592,3:29:11:380359,0
276.9748,296.6304,3:29:11:385080,0
276.9748,295.785,3:29:11:388698,0
276.9748,294.8814,3:29:11:392698,0
277.2699,294.0944,3:29:11:396698,0
277.2699,293.2781,3:29:11:400698,0
277.2699,292.5203,3:29:11:404701,0
277.2699,291.7332,3:29:11:409296,1100
277.2699,291.0336,3:29:11:412721,1126
277.2699,290.3923,3:29:11:417348,1194
276.6059,289.8093,3:29:11:420361,1318
276.6059,289.3429,3:29:11:425350,1466
275.8189,288.8182,3:29:11:429359,1614
275.3024,288.381,3:29:11:433363,1745
274.663,288.002,3:29:11:437360,1837
273.9498,287.6522,3:29:11:441361,1923
273.1628,287.4482,3:29:11:445369,2001
272.2528,287.3024,3:29:11:448763,2076
271.3182,287.2441,3:29:11:452774,2146
270.2853,287.2441,3:29:11:456773,2218
269.1294,287.2441,3:29:11:460774,2299
267.9243,288.0603,3:29:11:465351,2378
266.6454,288.0603,3:29:11:468359,2467
265.342,289.4304,3:29:11:473193,2557
263.9893,290.5381,3:29:11:477200,2640
262.7104,291.8789,3:29:11:481202,2732
261.4315,293.5405,3:29:11:485218,2824
260.2757,295.5227,3:29:11:489207,2919
259.2181,297.709,3:29:11:493200,3005
258.3082,300.1867,3:29:11:497200,3079
257.6195,302.9268,3:29:11:501200,3145
257.0785,305.8127,3:29:11:505306,3194
256.7834,308.8151,3:29:11:509292,3234
256.685,311.8759,3:29:11:513303,3267
256.685,314.9074,3:29:11:517261,3292
256.685,317.9973,3:29:11:521108,3322
257.7917,320.9124,3:29:11:525109,3348
258.7017,323.7108,3:29:11:529123,3375
259.8576,326.4217,3:29:11:533108,3391
261.2594,328.8994,3:29:11:537298,3396
262.858,331.1732,3:29:11:541197,3402
264.7025,333.2137,3:29:11:545130,3403
266.7438,334.9044,3:29:11:549131,3406
268.9818,336.2452,3:29:11:553149,3411
271.3674,337.3529,3:29:11:557130,3409
273.8022,338.0526,3:29:11:561347,3403
276.3354,338.3149,3:29:11:565357,3345
278.8439,338.3149,3:29:11:568800,3213
281.4755,338.3149,3:29:11:572800,2990
284.0332,336.974,3:29:11:576800,2599
286.6402,335.8372,3:29:11:580801,1938
289.1733,334.3505,3:29:11:585806,1216
291.6081,332.5724,3:29:11:588812,590
293.9691,330.5027,3:29:11:593367,0
296.2317,328.0833,3:29:11:596377,0
298.3468,325.314,3:29:11:600767,0
300.3881,322.1949,3:29:11:604822,0
302.3064,318.7552,3:29:11:609382,0
304.2493,315.024,3:29:11:612703,0
306.2168,310.9431,3:29:11:616737,0
308.3073,306.6871,3:29:11:620680,0
310.619,302.0523,3:29:11:624679,0
313.1522,297.33,3:29:11:628690,0
315.9067,292.5786,3:29:11:633300,0
318.9563,287.7979,3:29:11:636723,0
322.2519,283.1923,3:29:11:641301,0
325.7196,278.674,3:29:11:644940,0
329.2611,274.2723,3:29:11:649430,0
332.8518,269.9582,3:29:11:652440,0
336.3933,266.0812,3:29:11:656455,0
339.861,262.2625,3:29:11:660439,0
343.2058,258.5897,3:29:11:665438,0
346.3784,255.0042,3:29:11:668711,0
349.3788,251.5354,3:29:11:673352,0
352.2809,248.2414,3:29:11:676361,0
354.814,245.2098,3:29:11:681371,0
357.0767,242.2365,3:29:11:684373,0
359.1917,239.3506,3:29:11:689371,0
361.0363,236.7271,3:29:11:693386,0
362.6594,234.2494,3:29:11:697382,0
363.9383,231.9465,3:29:11:700386,0
364.9467,229.7894,3:29:11:705302,0
365.5615,227.7198,3:29:11:709537,0
366.0534,225.621,3:29:11:713356,0
366.3239,223.6971,3:29:11:716368,0
366.3239,221.9772,3:29:11:721364,0
366.3239,220.3157,3:29:11:725368,0
365.3401,218.7999,3:29:11:729487,0
364.7007,217.459,3:29:11:732513,0
363.7416,216.2639,3:29:11:737561,0
362.6349,215.2144,3:29:11:740573,0
361.3806,214.34,3:29:11:745204,0
360.0033,213.5529,3:29:11:749204,0
358.5769,212.7659,3:29:11:753239,0
357.1013,212.0954,3:29:11:757204,0
355.6994,211.4832,3:29:11:761347,0
354.2976,210.8419,3:29:11:764689,0
353.0433,210.2589,3:29:11:769296,0
351.8628,209.6759,3:29:11:773324,0
350.8298,209.0929,3:29:11:777349,0
349.9445,208.4808,3:29:11:780359,0
349.1329,207.9561,3:29:11:785359,0
348.4688,207.4023,3:29:11:788359,0
347.8786,206.8484,3:29:11:793359,0
347.4113,206.3528,3:29:11:796362,0
346.9686,205.8864,3:29:11:801347,0
346.6981,205.4492,3:29:11:805358,0
346.4521,205.0411,3:29:11:809407,0
346.28,204.6622,3:29:11:812439,0
346.157,204.3415,3:29:11:817407,0
346.1078,203.9917,3:29:11:821407,0
346.0833,203.7294,3:29:11:825346,0
346.0833,203.5253,3:29:11:829356,0
346.0833,203.263,3:29:11:832442,0
346.0833,203.0589,3:29:11:836456,0
346.0833,202.884,3:29:11:841348,0
346.0833,202.6508,3:29:11:844456,0
346.0833,202.4759,3:29:11:848456,0
346.0833,202.3302,3:29:11:852453,0
346.0833,202.1552,3:29:11:856453,0
346.0833,202.0387,3:29:11:860452,0
346.0833,201.922,3:29:11:865051,0
345.5422,201.8638,3:29:11:869057,0
345.5422,201.8055,3:29:11:873146,0
344.8044,201.8055,3:29:11:877191,0
344.2879,201.8055,3:29:11:881281,0
343.6977,201.8055,3:29:11:885182,0
342.9844,201.8055,3:29:11:889476,0
342.1729,201.8055,3:29:11:892498,0
341.2383,201.8055,3:29:11:896488,0
340.2054,201.8055,3:29:11:900489,0
339.1478,201.8055,3:29:11:905486,0
338.0165,201.8055,3:29:11:908489,0
336.7868,201.8055,3:29:11:912494,0
335.5571,201.8055,3:29:11:916510,1677
334.3274,201.0475,3:29:11:921354,1695
333.1715,200.3188,3:29:11:924508,1714
332.0894,199.4734,3:29:11:928822,1736
331.0565,198.5115,3:29:11:932823,1771
330.1219,197.4912,3:29:11:936838,1799
329.3103,196.4418,3:29:11:940820,1830
328.6463,195.4216,3:29:11:944819,1858
328.179,194.3722,3:29:11:948820,1902
327.7609,193.3811,3:29:11:953357,1933
327.5396,192.3609,3:29:11:957367,1960
327.4658,191.4572,3:29:11:961368,1984
327.4658,190.4953,3:29:11:964368,1985
327.4658,189.5333,3:29:11:969416,1993
328.179,188.6005,3:29:11:972429,2028
328.7693,187.6969,3:29:11:976751,2087
329.6792,186.8223,3:29:11:981514,2149
330.8351,185.9187,3:29:11:985774,2220
332.2862,185.1608,3:29:11:989803,2272
334.0569,184.4029,3:29:11:992868,2303
335.9752,183.8199,3:29:11:996784,2330
338.1395,183.3535,3:29:12:000787,2345
340.4267,183.0912,3:29:12:004787,2353
342.7877,183.0912,3:29:12:009359,2360
345.0749,183.0912,3:29:12:012369,2367
347.2883,183.9365,3:29:12:017304,2375
349.3296,184.811,3:29:12:020940,2387
351.1988,186.0061,3:29:12:025439,2408
352.8465,187.4637,3:29:12:028439,2429
354.2976,189.2126,3:29:12:032464,2457
355.4535,191.2531,3:29:12:036438,2486
356.2651,193.5269,3:29:12:041360,2515
356.8061,196.0046,3:29:12:045372,2542
357.0275,198.7155,3:29:12:048486,2560
357.0275,201.6888,3:29:12:052496,2573
356.3388,204.8954,3:29:12:056519,2589
355.4535,208.4808,3:29:12:060512,2607
354.1992,212.416,3:29:12:064496,2622
352.5268,216.5845,3:29:12:069496,2634
350.6085,221.0153,3:29:12:073202,2634
348.3459,225.621,3:29:12:077209,2632
345.8127,230.285,3:29:12:081211,2632
343.0336,235.0073,3:29:12:085209,2630
340.1808,239.7296,3:29:12:089252,2638
337.1803,244.3645,3:29:12:093211,2640
334.1799,248.8535,3:29:12:097209,2645
331.1302,253.226,3:29:12:101209,2655
328.2282,257.4236,3:29:12:105494,2652
325.3999,261.4464,3:29:12:108507,2652
322.793,265.265,3:29:12:113353,2659
320.4812,268.8213,3:29:12:117363,2665
318.3907,272.0861,3:29:12:121410,2676
316.6199,274.972,3:29:12:124411,2690
315.2181,277.4789,3:29:12:128411,2694
314.1606,279.6651,3:29:12:132411,2694
313.4719,281.4724,3:29:12:136411,2696
313.1522,283.0757,3:29:12:141348,2700
313.1522,284.4457,3:29:12:144359,2711
313.1522,285.5826,3:29:12:148359,2733
314.6278,286.5154,3:29:12:152357,2756
315.9067,287.2441,3:29:12:156358,2789
317.5299,287.7397,3:29:12:161146,2827
319.5958,288.0312,3:29:12:165146,2861
322.0305,288.1186,3:29:12:169146,2900
324.8834,288.1186,3:29:12:173146,2925
328.1544,288.1186,3:29:12:177170,2947
331.6959,286.8069,3:29:12:181211,2965
335.5079,285.9323,3:29:12:185208,2976
339.5413,284.8538,3:29:12:189209,2990
343.7714,283.6003,3:29:12:193208,2999
348.0016,282.172,3:29:12:197211,3005
352.3792,280.627,3:29:12:201348,3010
356.6832,278.9363,3:29:12:205357,3011
360.8395,277.2165,3:29:12:210566,3016
364.8483,275.4384,3:29:12:212567,3018
368.6603,273.631,3:29:12:216567,3016
372.1526,271.8529,3:29:12:220567,3016
375.3006,270.0747,3:29:12:225288,3012
378.1781,268.2966,3:29:12:228577,3014
380.6129,266.6059,3:29:12:233287,3014
382.6296,265.0027,3:29:12:236696,3016
384.2527,263.4577,3:29:12:241342,3018
385.5316,262.0002,3:29:12:244375,3018
386.417,260.7176,3:29:12:249353,3021
386.9827,259.5225,3:29:12:253353,3012
387.2286,258.4147,3:29:12:257353,2992
387.2286,257.4236,3:29:12:261354,2976
387.2286,256.6075,3:29:12:265409,2952
386.2694,255.7912,3:29:12:268416,2943
385.4333,255.0042,3:29:12:272637,2937
384.3757,254.3046,3:29:12:276650,2932
383.1214,253.5759,3:29:12:281593,2932
381.7688,252.8763,3:29:12:284606,2928
380.2686,252.1475,3:29:12:288697,2930
378.7437,251.4479,3:29:12:292695,2926
377.1943,250.7483,3:29:12:296696,2922
375.6449,250.0779,3:29:12:300699,2919
374.1939,249.3783,3:29:12:305293,2914
372.7675,248.7078,3:29:12:308823,2916
371.464,248.0956,3:29:12:313348,2916
370.3081,247.4835,3:29:12:317358,2920
369.2751,246.9879,3:29:12:321200,2927
368.439,246.4924,3:29:12:325198,2928
367.7749,246.0843,3:29:12:329200,2933
367.2831,245.7928,3:29:12:333200,2936
366.865,245.6179,3:29:12:337197,2937
366.6682,245.5013,3:29:12:341200,2936
366.5207,245.4722,3:29:12:345114,2932
366.4961,245.4722,3:29:12:349046,2936
366.4961,245.4722,3:29:12:354045,2933
366.4961,246.2009,3:29:12:357046,2952
366.4961,246.2009,3:29:12:361044,2976
367.0863,247.6875,3:29:12:365044,2996
367.0863,248.7952,3:29:12:369291,3031
367.7749,250.1944,3:29:12:373011,3057
367.7749,252.0018,3:29:12:376794,3098
368.6603,254.1588,3:29:12:380804,3141
369.1276,256.7241,3:29:12:384805,3180
369.6195,259.639,3:29:12:388807,3225
370.0868,262.8747,3:29:12:393353,3266
370.554,266.3727,3:29:12:396413,3319
370.9967,270.1622,3:29:12:400757,3379
371.3656,274.2141,3:29:12:404767,3440
371.7591,278.4408,3:29:12:408880,3497
372.1034,282.9008,3:29:12:412766,3536
372.3986,287.4482,3:29:12:417352,3564
372.6445,292.083,3:29:12:420367,3571
372.9396,296.8053,3:29:12:424815,3571
373.161,301.4984,3:29:12:428788,3568
373.4069,306.075,3:29:12:432885,3569
373.6283,310.4183,3:29:12:436779,3570
373.8004,314.5868,3:29:12:441302,3569
374.0218,318.2306,3:29:12:445335,3575
374.2185,321.5828,3:29:12:449315,3571
374.4644,324.4687,3:29:12:453312,3567
374.735,326.9172,3:29:12:457497,3515
375.0793,328.9286,3:29:12:460515,3421
375.4974,330.6193,3:29:12:464507,3265
375.9893,331.9019,3:29:12:468507,3038
376.6533,332.8055,3:29:12:472508,2775
377.4649,333.3594,3:29:12:476507,2404
378.424,333.3594,3:29:12:480907,1876
379.5799,333.3594,3:29:12:484823,1214
380.908,331.7561,3:29:12:489364,638
382.3344,330.0946,3:29:12:493363,0
383.8347,327.6751,3:29:12:497374,0
385.4087,324.6144,3:29:12:501364,0
386.9827,320.7957,3:29:12:505360,0
388.5321,316.2775,3:29:12:508362,0
389.9831,311.2928,3:29:12:513431,0
391.4341,305.7543,3:29:12:516442,0
392.836,300.041,3:29:12:520493,0
394.2624,294.0944,3:29:12:524492,0
395.7626,288.3227,3:29:12:528510,0
397.2628,282.6967,3:29:12:532493,0
398.7877,277.3622,3:29:12:537293,0
400.3617,272.4942,3:29:12:540536,0
402.0094,267.976,3:29:12:545349,0
403.5834,264.0115,3:29:12:548359,0
405.0836,260.3387,3:29:12:553344,0
406.4609,257.0447,3:29:12:557193,0
407.666,254.0131,3:29:12:561223,0
408.7727,251.2439,3:29:12:565193,0
409.7073,248.7661,3:29:12:569224,0
410.4697,246.4632,3:29:12:573193,0
411.1091,244.3645,3:29:12:577346,0
411.5026,242.3239,3:29:12:580683,0
411.7486,240.4001,3:29:12:585343,0
411.8224,238.5345,3:29:12:588353,0
411.8224,236.698,3:29:12:593351,1582
411.8224,234.8615,3:29:12:596353,1562
411.0845,233.1709,3:29:12:601353,1539
410.5189,231.5676,3:29:12:605351,1524
409.8303,230.0518,3:29:12:609347,1497
409.0678,228.6817,3:29:12:613364,1494
408.2317,227.4283,3:29:12:617352,1494
407.3217,226.2332,3:29:12:621360,1525
406.3871,225.0963,3:29:12:625294,1593
405.428,224.0177,3:29:12:629199,1697
404.4196,222.91,3:29:12:633201,1831
403.3867,221.7732,3:29:12:637200,1955
402.3538,220.6655,3:29:12:641288,2083
401.2962,219.5578,3:29:12:645201,2197
400.2879,218.3627,3:29:12:649286,2291
399.3041,217.2258,3:29:12:653319,2377
398.3696,216.1181,3:29:12:657299,2435
397.4842,214.8938,3:29:12:661296,2469
396.6972,213.7278,3:29:12:665519,2503
396.0577,212.5618,3:29:12:668530,2519
395.5167,211.25,3:29:12:672604,2536
395.1232,209.9091,3:29:12:676529,2549
394.9265,208.5974,3:29:12:680530,2553
394.9019,207.2565,3:29:12:684528,2556
394.9019,205.9739,3:29:12:689242,2561
394.9019,204.6913,3:29:12:693278,2586
395.9594,203.5253,3:29:12:697362,2617
396.7464,202.4176,3:29:12:701379,2646
397.7547,201.3682,3:29:12:705292,2680
398.9844,200.4937,3:29:12:708975,2705
400.4109,199.7066,3:29:12:712981,2731
402.1078,199.0654,3:29:12:716976,2781
403.9769,198.599,3:29:12:721316,2833
406.0428,198.3074,3:29:12:725326,2883
408.2317,198.22,3:29:12:728771,2934
410.5681,198.22,3:29:12:732723,2959
412.9782,198.22,3:29:12:736723,2983
415.4376,199.4151,3:29:12:740722,2997
417.9216,200.2896,3:29:12:745336,3006
420.3072,201.4556,3:29:12:749346,3016
422.6682,202.8548,3:29:12:753344,3023
424.8078,204.5164,3:29:12:757346,3037
426.8245,206.4111,3:29:12:760656,3046
428.5707,208.5974,3:29:12:764654,3066
429.9971,210.9294,3:29:12:768653,3085
431.1284,213.582,3:29:12:772654,3103
431.9154,216.5553,3:29:12:777570,3122
432.2843,219.7619,3:29:12:780580,3129
432.2843,223.289,3:29:12:784635,3133
432.2843,227.0202,3:29:12:788583,3136
430.7841,230.9554,3:29:12:793579,3138
429.5544,234.9781,3:29:12:796583,3139
427.9804,239.1758,3:29:12:801341,3148
426.0867,243.3442,3:29:12:805353,3158
423.9716,247.4835,3:29:12:809348,3166
421.6599,251.5936,3:29:12:813358,3176
419.2251,255.6163,3:29:12:817297,3172
416.7165,259.4933,3:29:12:821308,3175
414.2817,263.2537,3:29:12:825305,3194
411.8224,266.8974,3:29:12:829307,3218
409.4367,270.308,3:29:12:833307,3248
407.1987,273.4853,3:29:12:837307,3271
405.1574,276.4586,3:29:12:841301,3280
403.3375,279.1112,3:29:12:845301,3286
401.7389,281.589,3:29:12:849351,3289
400.46,283.7461,3:29:12:853351,3293
399.4517,285.67,3:29:12:857351,3311
398.7631,287.2441,3:29:12:861356,3332
398.4188,288.6141,3:29:12:866526,3369
398.4188,289.7802,3:29:12:868536,3420
398.4188,290.8004,3:29:12:872534,3462
399.5746,291.6166,3:29:12:876536,3501
400.706,292.1704,3:29:12:880537,3542
402.2062,292.5494,3:29:12:885534,3579
404.1491,292.666,3:29:12:889241,3615
406.4117,292.666,3:29:12:892545,3654
409.117,292.666,3:29:12:897285,3680
412.1667,291.7332,3:29:12:900585,3693
415.536,290.8004,3:29:12:905293,3703
419.2497,289.5761,3:29:12:909303,3706
423.3076,288.1186,3:29:12:913301,3706
427.5869,286.4571,3:29:12:917303,3705
431.9646,284.5915,3:29:12:921301,3702
436.4407,282.5801,3:29:12:925303,3700
440.8676,280.5688,3:29:12:929422,3697
445.2206,278.4408,3:29:12:933428,3695
449.5,276.342,3:29:12:937286,3693
453.4842,274.1558,3:29:12:941309,3687
457.1978,271.9987,3:29:12:945416,3683
460.5917,269.8124,3:29:12:948426,3681
463.6414,267.6262,3:29:12:953417,3674
466.2729,265.4982,3:29:12:957416,3675
468.4864,263.3411,3:29:12:961417,3668
470.3309,261.2715,3:29:12:964417,3666
471.6589,259.231,3:29:12:968710,3652
472.6427,257.2779,3:29:12:972714,3626
473.2083,255.2957,3:29:12:976805,3599
473.4543,253.4301,3:29:12:980816,3551
473.4543,251.5936,3:29:12:984851,3497
473.4543,249.7863,3:29:12:988862,3448
472.2738,248.0665,3:29:12:993862,3400
471.3146,246.3175,3:29:12:996862,3358
470.2079,244.5977,3:29:13:000864,3342
468.9536,242.9944,3:29:13:004862,3327
467.601,241.3911,3:29:13:009357,3316
466.1991,239.8754,3:29:13:013368,3317
464.7973,238.3887,3:29:13:017348,3311
463.4446,236.9021,3:29:13:021359,3306
462.1411,235.4737,3:29:13:025360,3310
460.9607,233.987,3:29:13:029359,3309
459.8539,232.5004,3:29:13:033357,3311
458.8948,230.9846,3:29:13:037358,3314
458.0586,229.3813,3:29:13:041291,3307
457.3208,227.7198,3:29:13:045068,3302
456.6813,225.9417,3:29:13:049339,3294
456.2141,224.1635,3:29:13:053339,3294
455.8698,222.2396,3:29:13:057338,3298
455.6484,220.2865,3:29:13:061339,3302
455.5746,218.2752,3:29:13:065338,3305
455.5746,216.2056,3:29:13:069349,3297
455.5746,214.1359,3:29:13:073587,3291
455.5746,212.0954,3:29:13:076587,3284
455.5746,210.1423,3:29:13:080664,3277
455.5746,208.2184,3:29:13:084587,3276
456.2386,206.4403,3:29:13:089298,3271
456.2386,204.8371,3:29:13:093333,3264
456.7797,203.4379,3:29:13:097285,3258
456.7797,202.3302,3:29:13:101293,3251
457.2962,201.4556,3:29:13:105295,3243
457.2962,200.7852,3:29:13:109293,3238
457.8372,200.4063,3:29:13:113293,3233
457.8372,200.2896,3:29:13:117295,3243
458.1815,200.2896,3:29:13:121349,3277
458.1815,201.0475,3:29:13:125360,3333
458.5259,201.8929,3:29:13:129358,3411
458.5259,203.0589,3:29:13:133368,3497
458.8702,204.6622,3:29:13:137366,3581
459.0424,206.8484,3:29:13:140369,3677
459.2391,209.5593,3:29:13:145542,3766
459.4604,212.8824,3:29:13:148552,3854
459.608,216.8468,3:29:13:152551,3937
459.731,221.3651,3:29:13:156552,3993
459.8539,226.2914,3:29:13:160552,4037
459.9523,231.6842,3:29:13:164552,4076
460.1245,237.5142,3:29:13:168414,4097
460.272,243.5482,3:29:13:172693,4109
460.395,249.728,3:29:13:176676,4125
460.5917,255.7912,3:29:13:180670,4116
460.7393,261.5921,3:29:13:184667,4118
460.9607,267.218,3:29:13:188688,4117
461.182,272.6108,3:29:13:193354,4113
461.4034,277.5663,3:29:13:196391,4122
461.6001,282.0845,3:29:13:201347,4124
461.8706,286.1364,3:29:13:204360,4127
462.1166,289.8093,3:29:13:209356,4084
462.3625,293.1324,3:29:13:212357,4006
462.6084,296.0182,3:29:13:217531,3869
462.8052,298.5543,3:29:13:220541,3657
462.9774,300.624,3:29:13:224544,3409
463.1003,302.2855,3:29:13:228541,3111
463.1741,303.5098,3:29:13:232543,2767
463.1741,304.2968,3:29:13:236544,2304
463.1741,304.5592,3:29:13:241346,1658
463.1741,304.5592,3:29:13:245356,998
462.0182,303.3932,3:29:13:248740,446
461.182,301.994,3:29:13:252637,0
460.0753,300.0992,3:29:13:256638,0
458.6488,297.5923,3:29:13:260639,0
456.8535,294.5024,3:29:13:264639,0
454.7138,290.8878,3:29:13:268637,0
452.2053,286.7485,3:29:13:273345,0
449.4016,282.2303,3:29:13:277371,0
446.3274,277.3331,3:29:13:281355,0
442.8596,272.2318,3:29:13:285353,0
439.146,266.9265,3:29:13:289355,0
435.0388,261.6504,3:29:13:292365,0
430.6366,256.4326,3:29:13:297342,0
425.9637,251.3604,3:29:13:301364,0
420.9958,246.4924,3:29:13:305352,0
415.6344,241.9158,3:29:13:308372,0
409.9286,237.5725,3:29:13:313352,0
403.9523,233.5789,3:29:13:317353,0
397.5826,229.9061,3:29:13:321341,0
390.9914,226.5829,3:29:13:324352,0
384.056,223.5513,3:29:13:329290,0
376.7516,220.7821,3:29:13:333301,0
369.2751,218.3335,3:29:13:337301,0
361.6265,216.1181,3:29:13:341299,0
353.7811,214.1651,3:29:13:345298,0
345.8865,212.4452,3:29:13:349301,0
337.9181,210.8711,3:29:13:353260,0
329.9006,209.4427,3:29:13:357316,0
321.9568,208.0727,3:29:13:361341,0
314.0868,206.8192,3:29:13:365351,0
306.2906,205.6241,3:29:13:369427,0
298.5927,204.5164,3:29:13:372436,0
291.19,203.5544,3:29:13:376500,0
283.8119,202.7091,3:29:13:380481,0
276.5813,201.922,3:29:13:384589,0
269.6213,201.3391,3:29:13:388480,0
262.8334,200.931,3:29:13:393349,0
256.2669,200.6978,3:29:13:396601,0
249.8479,200.6395,3:29:13:401289,0
243.6503,200.6395,3:29:13:405303,0
237.6986,200.6395,3:29:13:409300,0
231.9928,201.4556,3:29:13:414317,0
226.4838,201.4556,3:29:13:417300,0
221.1962,202.6508,3:29:13:421299,0
216.2283,203.467,3:29:13:425284,0
211.5063,204.3415,3:29:13:429312,0
207.1777,205.3035,3:29:13:433384,0
203.169,206.2654,3:29:13:436388,0
199.5291,207.1107,3:29:13:441373,0
196.2089,207.7812,3:29:13:444380,0
193.3069,208.3351,3:29:13:449398,2030
190.7983,208.7431,3:29:13:453379,2026
188.7078,209.0347,3:29:13:457390,2027
187.1093,209.0347,3:29:13:461380,2014
185.9533,209.2679,3:29:13:465695,2001
185.2401,209.2679,3:29:13:468706,1995
185.068,209.2679,3:29:13:472705,1989
185.068,209.2679,3:29:13:476703,1992
186.5928,209.2679,3:29:13:480703,2004
188.3389,209.2679,3:29:13:484705,2024
190.6999,210.1132,3:29:13:489305,2060
193.7004,210.1132,3:29:13:493342,2100
197.4632,210.6962,3:29:13:497340,2136
201.9885,210.6962,3:29:13:501358,2163
207.0794,211.1917,3:29:13:504822,2194
212.7605,211.1917,3:29:13:508822,2237
219.0811,211.1917,3:29:13:512819,2290
225.9428,211.1917,3:29:13:516821,2344
233.3455,211.1917,3:29:13:521350,2397
241.2401,211.1917,3:29:13:524360,2457
249.7003,210.1132,3:29:13:528444,2520
258.6525,209.4136,3:29:13:532452,2603
268.0719,208.5391,3:29:13:537441,2681
278.0815,207.4897,3:29:13:540441,2760
288.5093,206.2654,3:29:13:545283,2838
299.2813,204.8371,3:29:13:548454,2916
310.4223,203.2921,3:29:13:553439,2996
321.8092,201.5431,3:29:13:556450,3076
333.3683,199.7066,3:29:13:561450,3163
344.9765,197.6953,3:29:13:564450,3240
356.6094,195.5674,3:29:13:568450,3317
368.0701,193.3228,3:29:13:572450,3390
379.3586,191.0491,3:29:13:576799,3461
390.3274,188.7462,3:29:13:580838,3540
401.0257,186.56,3:29:13:584861,3609
411.3305,184.4612,3:29:13:588859,3666
421.0696,182.4498,3:29:13:592971,3706
430.2431,180.6425,3:29:13:596859,3733
438.9738,178.981,3:29:13:601357,3758
447.016,177.4652,3:29:13:605367,3784
454.4925,176.1534,3:29:13:609352,3805
461.3542,175.0457,3:29:13:612362,3814
467.601,174.0255,3:29:13:617360,3821
473.1591,173.1219,3:29:13:621362,3820
478.2255,172.3348,3:29:13:625368,3817
482.7261,171.7227,3:29:13:628362,3815
486.6611,171.198,3:29:13:633344,3812
490.0551,170.7899,3:29:13:636354,3808
492.9079,170.4984,3:29:13:641290,3804
495.2935,170.2652,3:29:13:645306,3795
497.2119,170.1485,3:29:13:649300,3726
498.7613,170.1485,3:29:13:653306,3586
499.8434,170.1485,3:29:13:657300,3355
500.5566,170.1485,3:29:13:661300,3015
500.8763,170.1485,3:29:13:664869,2553
500.8763,171.3437,3:29:13:668876,1836
500.8763,172.0433,3:29:13:672878,1119
499.3023,173.0344,3:29:13:676878,515
497.8513,174.317,3:29:13:680878,0
496.0067,175.687,3:29:13:684878,0
493.6949,177.232,3:29:13:689248,0
490.8667,178.7769,3:29:13:692938,0
487.7187,180.3802,3:29:13:696839,0
484.2018,181.9252,3:29:13:700869,0
480.4389,183.4409,3:29:13:705347,0
476.381,184.811,3:29:13:709357,0
472.1262,186.0936,3:29:13:713402,0
467.3796,187.5219,3:29:13:716403,0
467.3796,187.5219,3:29:13:735343,0
