257.3982,254.4795,4:09:25:873965,0
257.3982,254.4795,4:09:25:877964,0
258.2098,254.4795,4:09:25:882054,0
258.2098,254.4795,4:09:25:885939,0
259.1198,254.4795,4:09:25:890172,0
259.1198,255.354,4:09:25:894173,0
260.1035,255.354,4:09:25:898174,0
260.6446,256.2577,4:09:25:902224,0
261.1856,256.8698,4:09:25:906100,0
261.1856,257.4819,4:09:25:909617,0
261.1856,258.2398,4:09:25:913614,0
261.7021,258.9977,4:09:25:917634,0
261.7021,259.9014,4:09:25:921628,0
261.7021,260.7176,4:09:25:925709,0
261.9972,261.563,4:09:25:930216,0
261.9972,262.35,4:09:25:933980,0
261.9972,263.1953,4:09:25:937983,0
261.9972,263.9241,4:09:25:942032,0
261.9972,264.7112,4:09:25:946113,0
261.9972,265.4399,4:09:25:950213,0
261.9972,266.1686,4:09:25:953587,0
261.9972,266.8683,4:09:25:957521,0
261.9972,267.4804,4:09:25:961564,0
261.9972,268.1217,4:09:25:966525,0
261.9972,268.7339,4:09:25:969624,0
261.9972,269.3752,4:09:25:973624,0
261.9972,269.9582,4:09:25:977625,0
261.9972,270.512,4:09:25:981621,0
261.9972,271.1241,4:09:25:986213,0
262.6121,271.678,4:09:25:990470,0
262.6121,272.2902,4:09:25:994471,0
262.6121,272.9023,4:09:25:998471,0
263.1777,273.5144,4:09:26:001495,0
263.1777,274.1266,4:09:26:005429,0
263.6204,274.7096,4:09:26:010159,0
263.6204,275.3509,4:09:26:014208,0
263.9155,275.9048,4:09:26:017521,0
263.9155,276.4003,4:09:26:021621,0
264.1369,276.8958,4:09:26:025524,0
264.1369,277.3622,4:09:26:029545,0
264.1369,277.8286,4:09:26:034207,0
264.1369,278.1493,4:09:26:037469,0
264.1369,278.5283,4:09:26:041546,0
264.1369,278.8198,4:09:26:045469,0
264.1369,279.0821,4:09:26:049513,0
263.5712,279.3445,4:09:26:054207,0
263.5712,279.6068,4:09:26:057468,0
263.5712,279.7526,4:09:26:061465,0
263.1777,279.8983,4:09:26:065466,0
263.1777,280.0732,4:09:26:069465,0
263.1777,280.1606,4:09:26:073634,0
263.1777,280.219,4:09:26:078206,0
263.1777,280.3355,4:09:26:081622,0
263.1777,280.3939,4:09:26:085646,0
263.1777,280.4521,4:09:26:089531,0
263.1777,280.4813,4:09:26:093586,0
263.768,280.5104,4:09:26:098191,0
263.768,280.5688,4:09:26:101523,0
263.768,280.5688,4:09:26:106455,0
264.4566,280.5688,4:09:26:109463,0
264.4566,280.5688,4:09:26:113567,0
265.0714,280.5688,4:09:26:117532,0
265.0714,280.5688,4:09:26:122204,0
265.5879,280.5688,4:09:26:125596,0
265.5879,280.5688,4:09:26:129509,0
266.0552,280.5688,4:09:26:133615,0
266.0552,280.5688,4:09:26:137631,0
266.4241,280.5688,4:09:26:142208,0
266.4241,280.5688,4:09:26:145520,0
266.4241,280.5688,4:09:26:149520,0
266.4241,280.5688,4:09:26:153520,0
266.5225,280.5688,4:09:26:157518,0
266.6208,280.5688,4:09:26:162206,0
266.6454,280.5688,4:09:26:165642,0
266.7684,280.5688,4:09:26:169547,0
266.8668,280.5688,4:09:26:173522,0
267.0143,280.5688,4:09:26:177569,0
267.2603,280.5688,4:09:26:182206,0
267.5554,281.006,4:09:26:185637,0
267.8259,281.006,4:09:26:189573,0
268.0227,281.006,4:09:26:193647,0
268.3178,281.3267,4:09:26:197545,0
268.6129,281.3267,4:09:26:202166,0
268.9572,281.5598,4:09:26:206213,0
269.277,281.5598,4:09:26:209706,0
269.5475,281.7639,4:09:26:213693,0
269.8672,281.9388,4:09:26:217699,0
270.2361,282.0845,4:09:26:221690,0
270.6296,282.2595,4:09:26:226215,0
270.9493,282.4052,4:09:26:229542,0
271.2937,282.5509,4:09:26:233522,0
271.5888,282.6967,4:09:26:237519,0
271.8593,282.9008,4:09:26:241522,0
272.1299,283.0465,4:09:26:246212,0
272.302,283.2214,4:09:26:250080,0
272.4742,283.3672,4:09:26:254082,0
272.6955,283.5129,4:09:26:258085,0
272.8676,283.6003,4:09:26:262083,0
273.0644,283.7169,4:09:26:266166,0
273.2857,283.8044,4:09:26:270275,0
273.5563,283.8918,4:09:26:274268,0
273.8268,283.921,4:09:26:278259,0
274.1957,283.9501,4:09:26:282260,0
274.6138,283.9501,4:09:26:286467,0
275.0073,283.9501,4:09:26:289524,0
275.4746,283.9501,4:09:26:293493,0
275.9911,283.9501,4:09:26:297490,0
276.4829,283.9501,4:09:26:301596,0
276.9748,283.9501,4:09:26:306165,0
277.5159,283.9501,4:09:26:309570,0
278.0078,283.9501,4:09:26:314441,0
278.475,283.9501,4:09:26:317452,0
278.9177,283.9501,4:09:26:321450,0
279.2866,283.9501,4:09:26:325453,0
279.6064,283.9501,4:09:26:329450,0
279.9261,283.9501,4:09:26:334163,0
280.172,283.9501,4:09:26:338211,0
280.3933,283.9501,4:09:26:342218,0
280.5655,283.9501,4:09:26:346232,0
280.7377,283.9501,4:09:26:350219,0
280.8852,283.9501,4:09:26:354230,0
281.0082,283.9501,4:09:26:357533,0
281.1312,283.9501,4:09:26:361491,0
281.3033,283.9501,4:09:26:365604,0
281.4509,283.9501,4:09:26:369602,0
281.5984,283.9501,4:09:26:373676,0
281.7952,283.9501,4:09:26:377679,0
281.9673,283.9501,4:09:26:381727,0
282.1641,283.9501,4:09:26:385677,0
282.3854,283.9501,4:09:26:389832,0
282.533,283.9501,4:09:26:394214,0
282.7543,283.9501,4:09:26:397529,0
282.9511,283.9501,4:09:26:401525,0
283.1233,283.9501,4:09:26:405527,0
283.32,283.9501,4:09:26:409540,0
283.5168,283.9501,4:09:26:414214,0
283.6889,283.9501,4:09:26:418222,0
283.9348,283.9501,4:09:26:422221,0
284.1562,283.9501,4:09:26:426224,0
284.4267,283.9501,4:09:26:430222,0
284.6972,283.9501,4:09:26:434231,0
284.9432,283.9501,4:09:26:437544,0
285.2383,284.4749,4:09:26:441553,0
285.4843,284.4749,4:09:26:445556,0
285.7794,284.4749,4:09:26:450553,0
286.0499,284.4749,4:09:26:454163,0
286.3204,284.4749,4:09:26:458214,0
286.591,284.4749,4:09:26:461561,0
286.8861,284.4749,4:09:26:465491,0
287.1566,284.4749,4:09:26:469471,0
287.4518,284.4749,4:09:26:473507,0
287.7469,284.4749,4:09:26:478214,0
288.042,284.4749,4:09:26:481482,0
288.3125,284.4749,4:09:26:485479,0
288.6077,284.4749,4:09:26:489550,0
288.8536,284.4749,4:09:26:493478,0
289.075,284.4749,4:09:26:497699,0
289.2471,284.4749,4:09:26:501762,0
289.4438,284.4749,4:09:26:505711,0
289.5668,284.0085,4:09:26:509772,0
289.6898,284.0085,4:09:26:513810,0
289.7881,284.0085,4:09:26:518212,0
289.8373,284.0085,4:09:26:522075,0
289.9111,284.0085,4:09:26:526078,0
289.9357,283.7461,4:09:26:530072,668
289.9849,283.7461,4:09:26:534211,678
290.0095,283.7461,4:09:26:538320,685
290.0587,283.6003,4:09:26:542328,691
290.1079,283.6003,4:09:26:546321,699
290.1817,283.4546,4:09:26:550320,700
290.28,283.338,4:09:26:554214,729
290.403,283.1923,4:09:26:557901,782
290.526,283.0757,4:09:26:561901,860
290.6735,282.9299,4:09:26:565904,964
290.7965,282.8133,4:09:26:569903,1069
290.8703,282.755,4:09:26:574229,1184
290.9687,282.6384,4:09:26:578226,1301
291.0424,282.5218,4:09:26:582256,1414
291.067,282.4344,4:09:26:586260,1514
291.0916,282.376,4:09:26:590266,1596
291.1408,282.2886,4:09:26:594212,1651
291.1654,282.172,4:09:26:598222,1700
291.2146,282.0845,4:09:26:602222,1766
291.2638,281.9388,4:09:26:606219,1837
291.2884,281.7639,4:09:26:610221,1921
291.3376,281.6181,4:09:26:613748,2000
291.3867,281.4432,4:09:26:617805,2061
291.3867,281.1809,4:09:26:621758,2111
291.4113,280.9185,4:09:26:625758,2159
291.4113,280.6562,4:09:26:629834,2199
291.4113,280.3647,4:09:26:634029,2227
291.4113,280.0149,4:09:26:638586,2249
291.4113,279.6068,4:09:26:642098,2264
291.4113,279.1404,4:09:26:646101,2279
290.7473,278.7032,4:09:26:650141,2308
290.7473,278.2659,4:09:26:654097,2345
290.28,277.8286,4:09:26:658362,2383
290.28,277.3331,4:09:26:662372,2424
289.5914,276.8958,4:09:26:665375,2467
289.2225,276.4878,4:09:26:670372,2502
288.7798,276.1088,4:09:26:673419,2541
288.3125,275.7299,4:09:26:678024,2579
287.8452,275.4092,4:09:26:681896,2617
287.2796,275.0886,4:09:26:685899,2656
286.6893,274.8262,4:09:26:689896,2686
286.0745,274.5638,4:09:26:694155,2707
285.4105,274.3598,4:09:26:697484,2718
284.6972,274.1849,4:09:26:701492,2725
283.9102,274.0683,4:09:26:705491,2734
283.1233,273.9808,4:09:26:709489,2746
282.2625,273.9225,4:09:26:714157,2755
281.3771,273.8934,4:09:26:717394,2762
280.4179,273.8934,4:09:26:721441,2767
279.4588,273.8934,4:09:26:725416,2772
278.4258,273.8934,4:09:26:729463,2778
277.3929,273.8934,4:09:26:734421,2780
276.36,273.8934,4:09:26:738212,2787
275.3516,274.593,4:09:26:742221,2794
274.3187,274.593,4:09:26:746221,2800
273.3595,275.1177,4:09:26:750221,2811
272.4496,275.1177,4:09:26:754271,2820
271.5888,275.7299,4:09:26:758206,2831
270.8018,276.1379,4:09:26:761915,2840
270.0886,276.5461,4:09:26:766003,2849
269.4491,277.0416,4:09:26:769934,2856
268.8589,277.5955,4:09:26:773915,2859
268.367,278.1784,4:09:26:778201,2869
267.8997,278.8489,4:09:26:782242,2877
267.4324,279.6068,4:09:26:786244,2889
267.0389,280.4521,4:09:26:790243,2894
266.6454,281.2975,4:09:26:794245,2892
266.3011,282.2595,4:09:26:797909,2895
266.006,283.2214,4:09:26:801980,2888
265.7355,284.2708,4:09:26:806005,2892
265.5387,285.2619,4:09:26:809905,2901
265.4157,286.2821,4:09:26:814149,2900
265.4157,287.3315,4:09:26:818157,2904
265.4157,288.2935,4:09:26:822159,2908
265.4157,289.2263,4:09:26:826158,2908
265.4157,290.1008,4:09:26:830467,2911
266.2028,291.0336,4:09:26:833510,2917
266.2028,291.8789,4:09:26:838479,2916
267.2111,292.6952,4:09:26:841476,2916
267.8505,293.4822,4:09:26:845479,2913
268.6375,294.1818,4:09:26:850000,2909
269.5475,294.8231,4:09:26:854072,2910
270.5558,295.4352,4:09:26:857997,2909
271.638,295.8725,4:09:26:861997,2913
272.7693,296.1931,4:09:26:865560,2917
273.9744,296.368,4:09:26:870594,2920
275.2041,296.4264,4:09:26:873596,2924
276.3846,296.4264,4:09:26:877595,2921
277.5651,296.4264,4:09:26:882867,2916
278.6964,295.6101,4:09:26:885877,2911
279.8031,295.6101,4:09:26:889884,2909
280.8114,294.4442,4:09:26:893886,2914
281.8198,293.8029,4:09:26:897884,2920
282.7789,293.0741,4:09:26:902187,2929
283.7873,292.2579,4:09:26:906196,2932
284.7464,291.3542,4:09:26:910196,2930
285.7056,290.3923,4:09:26:914196,2929
286.6648,289.4304,4:09:26:918366,2926
287.6239,288.4392,4:09:26:921674,2931
288.6077,287.419,4:09:26:925674,2934
289.5176,286.2238,4:09:26:929769,2935
290.4522,285.0287,4:09:26:933759,2937
291.3376,283.8044,4:09:26:938209,2941
292.1983,282.5509,4:09:26:941832,2949
293.0099,281.2975,4:09:26:945834,2960
293.7231,280.0149,4:09:26:949832,2970
294.3872,278.674,4:09:26:953834,2980
294.9774,277.304,4:09:26:958203,2991
295.4693,275.9048,4:09:26:961852,3011
295.8874,274.4472,4:09:26:965865,3029
296.1825,272.9897,4:09:26:969792,3047
296.4777,271.4739,4:09:26:973793,3073
296.699,269.9582,4:09:26:978148,3091
296.822,268.4132,4:09:26:981844,3110
296.9203,266.8683,4:09:26:985899,3132
296.9449,265.2942,4:09:26:989924,3153
296.9449,263.7784,4:09:26:993840,3173
296.9695,262.2917,4:09:26:997885,3200
296.9695,260.8925,4:09:27:001890,3230
296.9695,259.5516,4:09:27:005928,3260
296.9695,258.3856,4:09:27:009926,3292
296.9695,257.3362,4:09:27:014158,3321
296.9695,256.4617,4:09:27:018167,3342
296.9695,255.7038,4:09:27:022168,3354
296.9695,255.0916,4:09:27:025171,3362
296.9695,254.6544,4:09:27:030320,3374
296.9695,254.2755,4:09:27:033896,3383
296.9695,254.0131,4:09:27:037897,3396
296.9695,253.8382,4:09:27:041895,3408
296.9695,253.7216,4:09:27:045894,3408
296.9695,253.605,4:09:27:050207,3410
296.9695,253.5175,4:09:27:053583,3406
296.9695,253.5175,4:09:27:057674,3397
296.9695,253.5175,4:09:27:061686,3393
296.9695,253.5175,4:09:27:065583,3383
296.9695,253.5175,4:09:27:070204,3371
296.9695,253.5175,4:09:27:073517,3368
296.9695,253.5175,4:09:27:077523,3372
296.9695,254.1588,4:09:27:081512,3379
296.9695,254.1588,4:09:27:085511,3391
296.9695,255.1208,4:09:27:090334,3395
296.9695,255.8495,4:09:27:093851,3401
296.9695,256.7823,4:09:27:097851,3406
296.9695,257.9483,4:09:27:101901,3410
296.9695,259.231,4:09:27:105968,3417
296.9695,260.6884,4:09:27:110158,3418
296.9695,262.2334,4:09:27:113672,3421
296.9695,263.8366,4:09:27:117672,3421
296.9695,265.4982,4:09:27:121671,3424
296.9695,267.1306,4:09:27:125673,3430
296.9695,268.8213,4:09:27:129905,3432
296.9695,270.4828,4:09:27:133851,3438
296.9695,272.1444,4:09:27:137851,3443
296.9695,273.8059,4:09:27:141749,3449
296.9695,275.4384,4:09:27:145733,3456
296.5023,277.0125,4:09:27:150155,3463
296.5023,278.5574,4:09:27:154081,3466
296.5023,280.0149,4:09:27:158161,3464
296.5023,281.4141,4:09:27:162091,3469
296.5023,282.755,4:09:27:166143,3474
296.2317,284.0376,4:09:27:170193,3478
296.2317,285.2328,4:09:27:173665,3483
296.2317,286.2821,4:09:27:177663,3484
296.2317,287.3024,4:09:27:181666,3482
296.1088,288.1769,4:09:27:185663,3484
296.1088,288.964,4:09:27:190201,3485
296.1088,289.6344,4:09:27:194032,3485
296.1088,290.1591,4:09:27:198151,3490
296.1088,290.5381,4:09:27:202082,3492
296.1088,290.8004,4:09:27:206274,3496
296.1088,291.0045,4:09:27:210074,3502
296.035,291.1502,4:09:27:214073,3510
296.035,291.1794,4:09:27:218166,3523
296.035,291.1794,4:09:27:222080,3542
296.035,291.1794,4:09:27:226153,3572
296.035,291.1794,4:09:27:229640,3602
296.035,291.1794,4:09:27:233643,3624
296.035,291.1794,4:09:27:237659,3643
296.035,291.1794,4:09:27:241730,3649
296.035,291.1794,4:09:27:246203,3653
296.035,290.4797,4:09:27:250289,3656
296.035,290.4797,4:09:27:253358,3651
296.035,289.955,4:09:27:258290,3648
296.035,289.955,4:09:27:261291,3646
296.035,289.1097,4:09:27:266154,3646
296.035,288.6141,4:09:27:269301,3650
296.035,288.0312,4:09:27:274300,3643
296.6006,287.3315,4:09:27:277300,3635
296.6006,286.5445,4:09:27:281300,3626
297.2155,285.6992,4:09:27:286302,3619
297.6581,284.7664,4:09:27:290309,3622
298.1254,283.7752,4:09:27:293356,3619
298.7157,282.755,4:09:27:298311,3622
299.3797,281.7056,4:09:27:301310,3616
300.1175,280.7145,4:09:27:306316,3610
300.9783,279.6942,4:09:27:309769,3600
301.8145,278.7906,4:09:27:313733,3592
302.7245,277.9744,4:09:27:317732,3592
303.6344,277.1873,4:09:27:321732,3589
304.569,276.5461,4:09:27:325589,3592
305.479,276.0505,4:09:27:329570,3592
306.3643,275.6715,4:09:27:333489,3590
307.1513,275.38,4:09:27:338492,3592
307.8646,275.176,4:09:27:342166,3590
308.5532,275.0886,4:09:27:346210,3584
309.1434,275.0302,4:09:27:350161,3578
309.7091,275.0302,4:09:27:354062,3572
310.2502,275.0302,4:09:27:358091,3570
310.7666,275.0302,4:09:27:362062,3572
311.3323,275.8173,4:09:27:366210,3576
311.8734,275.8173,4:09:27:369789,3578
312.439,276.6335,4:09:27:373788,3580
313.0292,276.6335,4:09:27:377863,3575
313.6195,277.712,4:09:27:381839,3571
314.2343,278.3242,4:09:27:386441,3569
314.8738,278.9947,4:09:27:389451,3565
315.464,279.6942,4:09:27:393440,3568
316.0297,280.4521,4:09:27:397440,3568
316.5953,281.2101,4:09:27:402154,3563
317.0872,282.0262,4:09:27:405971,3559
317.5545,282.8424,4:09:27:409913,3555
317.9234,283.7461,4:09:27:413851,3540
318.2431,284.6206,4:09:27:417963,3516
318.4645,285.5534,4:09:27:422141,3481
318.5628,286.4862,4:09:27:426151,3430
318.5628,287.4773,4:09:27:429251,3379
318.5628,288.4392,4:09:27:436150,3321
318.5628,289.4304,4:09:27:438150,3256
317.9234,290.5089,4:09:27:441711,3183
317.9234,291.5875,4:09:27:445710,3093
317.1118,292.666,4:09:27:449714,2995
317.1118,293.7445,4:09:27:453782,2875
316.1526,294.7357,4:09:27:458205,2729
315.6854,295.6976,4:09:27:461747,2539
315.2673,296.5721,4:09:27:465750,2280
314.8984,297.3592,4:09:27:469796,1910
314.5541,298.0005,4:09:27:473831,1442
314.5541,298.4669,4:09:27:478267,897
314.0376,298.7584,4:09:27:482276,448
314.0376,299.0207,4:09:27:486276,0
313.6441,299.1082,4:09:27:490276,0
313.4719,299.1082,4:09:27:494275,0
313.2506,299.1082,4:09:27:497643,0
312.9555,299.1082,4:09:27:501517,0
312.6849,298.3503,4:09:27:505517,0
312.3406,298.3503,4:09:27:509514,0
311.9225,297.7381,4:09:27:514031,0
311.529,297.7381,4:09:27:518028,0
311.0863,297.0968,4:09:27:522161,0
310.6436,297.0968,4:09:27:526031,0
310.2502,297.0968,4:09:27:530110,0
309.8813,296.6595,4:09:27:533518,0
309.5369,296.6595,4:09:27:537422,0
309.2172,296.6595,4:09:27:541420,0
308.9959,296.6595,4:09:27:545421,0
308.7745,296.6595,4:09:27:550152,0
308.627,297.4757,4:09:27:554206,0
308.4548,297.4757,4:09:27:557446,0
308.3318,298.1462,4:09:27:561524,0
308.1843,298.1462,4:09:27:565541,0
308.0613,298.8458,4:09:27:569512,0
307.8646,298.8458,4:09:27:574211,0
307.6924,299.5454,4:09:27:577482,0
307.4711,299.9243,4:09:27:581498,0
307.1759,299.9243,4:09:27:585529,0
306.8808,300.5365,4:09:27:589468,0
306.4873,300.7989,4:09:27:594204,0
306.0692,301.0612,4:09:27:597491,0
305.6265,301.3235,4:09:27:601583,0
305.0855,301.5568,4:09:27:605530,0
304.4952,301.7608,4:09:27:609471,0
303.9296,301.994,4:09:27:614131,0
303.2901,302.1689,4:09:27:618202,0
302.6015,302.3146,4:09:27:622206,0
301.9621,302.5187,4:09:27:625306,0
301.3964,302.6645,4:09:27:629284,0
300.757,302.8102,4:09:27:634217,0
300.1667,302.956,4:09:27:638217,0
299.6994,303.0725,4:09:27:642203,0
299.2321,303.1891,4:09:27:646213,0
298.8141,303.2474,4:09:27:650213,0
298.4698,303.364,4:09:27:654212,0
298.15,303.4224,4:09:27:658213,0
297.8057,303.5389,4:09:27:662152,0
297.5352,303.5973,4:09:27:666336,0
297.3138,303.6555,4:09:27:669345,0
297.0433,303.743,4:09:27:673349,0
296.822,303.8013,4:09:27:677412,0
296.6252,303.8304,4:09:27:681359,0
296.4777,303.8888,4:09:27:686156,0
296.3547,303.9179,4:09:27:690205,0
296.2317,303.9471,4:09:27:694209,0
296.1333,303.9762,4:09:27:697726,0
296.0596,303.9762,4:09:27:701812,0
296.035,303.9762,4:09:27:705813,0
295.9612,303.9762,4:09:27:709782,0
295.9612,303.9762,4:09:27:714211,0
295.9612,303.9762,4:09:27:717974,0
295.9366,303.9762,4:09:27:721977,0
295.912,303.9762,4:09:27:726062,0
295.912,303.9762,4:09:27:729974,0
295.912,303.9762,4:09:27:734208,0
295.912,303.9762,4:09:27:737598,0
295.912,303.9762,4:09:27:741507,0
295.912,303.9762,4:09:27:745575,0
295.912,303.9762,4:09:27:750507,0
295.912,303.9762,4:09:27:755247,0
295.912,303.5389,4:09:27:757766,0
295.912,303.5389,4:09:27:761766,0
295.912,303.5389,4:09:27:765766,0
295.912,303.5389,4:09:27:770762,0
296.3547,303.1309,4:09:27:774212,0
296.3547,303.1309,4:09:27:777508,0
296.3547,302.8394,4:09:27:781510,0
296.3547,302.6645,4:09:27:785510,0
296.3547,302.4312,4:09:27:789511,960
296.3547,302.2272,4:09:27:794208,966
296.6252,301.9066,4:09:27:798207,968
296.6252,301.6442,4:09:27:802092,971
296.6252,301.3527,4:09:27:806092,1002
296.8466,301.0029,4:09:27:810178,1066
296.8466,300.6531,4:09:27:814178,1166
296.9449,300.2741,4:09:27:818045,1305
296.9449,299.9535,4:09:27:822045,1451
296.9449,299.6328,4:09:27:826044,1560
296.9449,299.3122,4:09:27:830068,1648
296.9449,299.0207,4:09:27:834225,1711
296.9449,298.7292,4:09:27:838237,1761
296.9449,298.5251,4:09:27:842250,1825
296.9449,298.3211,4:09:27:846254,1891
296.9449,298.1754,4:09:27:850234,1949
296.3055,298.0296,4:09:27:854210,1989
296.3055,298.0005,4:09:27:857852,2015
295.8874,298.0005,4:09:27:861855,2027
295.4939,298.0005,4:09:27:865852,2037
295.125,298.0005,4:09:27:869853,2051
294.5594,298.0005,4:09:27:874206,2078
293.9445,298.8167,4:09:27:878228,2119
293.2313,298.8167,4:09:27:882229,2176
292.3705,299.7786,4:09:27:886214,2234
291.4851,300.3907,4:09:27:890215,2298
290.4768,301.1487,4:09:27:893905,2363
289.5176,301.9066,4:09:27:897915,2420
288.4847,302.8102,4:09:27:901918,2480
287.4763,303.743,4:09:27:905966,2527
286.5418,304.705,4:09:27:909915,2571
285.6318,305.696,4:09:27:913914,2605
284.894,306.7163,4:09:27:918205,2632
284.2054,307.7365,4:09:27:921723,2655
283.6643,308.6985,4:09:27:926744,2673
283.2954,309.6605,4:09:27:930732,2695
283.0741,310.5933,4:09:27:933721,2713
283.0495,311.4386,4:09:27:938028,2739
283.0495,312.2839,4:09:27:942078,2768
283.0495,313.0127,4:09:27:946171,2787
284.0824,313.7415,4:09:27:950085,2807
284.8202,314.3245,4:09:27:955087,2817
285.7548,314.8492,4:09:27:958085,2824
286.8861,315.2864,4:09:27:961675,2830
288.1404,315.5779,4:09:27:965644,2831
289.4684,315.8402,4:09:27:969645,2833
290.9441,315.9568,4:09:27:973644,2831
292.4197,316.0151,4:09:27:977683,2832
293.8707,316.0151,4:09:27:981790,2836
295.2726,316.0151,4:09:27:985684,2840
296.6252,316.0151,4:09:27:989680,2841
297.8057,316.0151,4:09:27:994200,2842
298.9124,316.0151,4:09:27:998210,2840
299.8962,316.0151,4:09:28:002209,2841
300.757,315.4613,4:09:28:006210,2842
301.4702,315.4613,4:09:28:010210,2843
301.9621,315.4613,4:09:28:013835,2847
302.3802,315.4613,4:09:28:017836,2851
302.6507,315.4613,4:09:28:021835,2862
302.8474,315.0823,4:09:28:025835,2875
302.8966,315.0823,4:09:28:030150,2884
302.8966,315.0823,4:09:28:033159,2893
302.8966,315.0823,4:09:28:038159,2892
302.8966,315.0823,4:09:28:042160,2889
302.8966,314.8492,4:09:28:046161,2869
302.8966,314.8492,4:09:28:050182,2820
302.8966,314.7325,4:09:28:053446,2708
302.8966,314.6159,4:09:28:057473,2500
302.8966,314.4994,4:09:28:061446,2157
302.8966,314.3245,4:09:28:065449,1624
302.8966,314.0621,4:09:28:070145,1015
303.905,313.7415,4:09:28:073573,502
304.4952,313.3625,4:09:28:077573,0
305.1838,312.9544,4:09:28:081573,0
305.9709,312.4589,4:09:28:085678,0
306.807,311.9925,4:09:28:090145,0
307.6924,311.4677,4:09:28:093696,0
308.504,311.0013,4:09:28:097587,0
309.2664,310.5058,4:09:28:101643,0
310.0288,310.0685,4:09:28:105576,0
310.742,309.6313,4:09:28:109657,0
311.4553,309.1649,4:09:28:114201,0
312.1931,308.7568,4:09:28:118029,0
312.9063,308.407,4:09:28:122126,0
313.7179,308.028,4:09:28:126124,0
314.5786,307.6783,4:09:28:130027,0
315.5132,307.3576,4:09:28:134206,0
316.5461,307.0952,4:09:28:137508,0
317.6529,306.7746,4:09:28:141563,0
318.7842,306.4831,4:09:28:145509,0
319.8909,306.1042,4:09:28:149529,0
321.0222,305.696,4:09:28:153536,0
322.0797,305.2588,4:09:28:158115,0
323.1127,304.6466,4:09:28:162001,0
324.121,304.0345,4:09:28:166003,0
325.0556,303.2766,4:09:28:170000,0
325.8918,302.5187,4:09:28:174088,0
326.8264,301.6151,4:09:28:178205,0
327.7117,300.6531,4:09:28:181495,0
328.4987,299.662,4:09:28:185493,0
329.2119,298.5543,4:09:28:189493,0
329.9497,297.3883,4:09:28:193495,0
330.7368,296.2514,4:09:28:197546,0
331.4008,295.1437,4:09:28:201558,0
332.0894,293.9194,4:09:28:205556,0
332.5813,292.666,4:09:28:209558,0
333.024,291.3542,4:09:28:214208,0
333.5158,290.1008,4:09:28:217621,0
333.9585,288.8474,4:09:28:221575,0
334.3274,287.5939,4:09:28:225511,0
334.5734,286.3405,4:09:28:229535,0
334.8685,285.087,4:09:28:234383,0
335.0406,283.8627,4:09:28:237393,0
335.1636,282.6967,4:09:28:241396,0
335.2866,281.6181,4:09:28:245395,0
335.3358,280.5979,4:09:28:249507,0
335.3358,279.5485,4:09:28:254206,0
335.3358,278.6448,4:09:28:257454,0
335.3358,277.712,4:09:28:262454,0
335.3358,276.7792,4:09:28:265458,0
334.5734,275.9048,4:09:28:269454,0
334.5734,275.0011,4:09:28:274380,0
334.0569,274.1558,4:09:28:278389,0
334.0569,273.3104,4:09:28:281389,0
333.6388,272.4359,4:09:28:285431,0
333.6388,271.5905,4:09:28:289423,0
333.2699,270.8326,4:09:28:293426,0
333.2699,270.0164,4:09:28:297486,0
333.2699,269.2585,4:09:28:301426,0
333.024,268.5298,4:09:28:305428,0
333.024,267.8593,4:09:28:310157,0
333.024,267.1889,4:09:28:314209,0
333.024,266.635,4:09:28:317507,0
333.024,266.0812,4:09:28:321543,0
333.024,265.5857,4:09:28:325507,0
333.024,265.2067,4:09:28:329507,0
333.024,264.7986,4:09:28:334208,0
333.024,264.4488,4:09:28:338235,0
333.024,264.1281,4:09:28:342218,0
333.6388,263.7784,4:09:28:346216,0
333.6388,263.4286,4:09:28:350218,0
333.6388,263.0787,4:09:28:354258,0
334.2291,262.7581,4:09:28:358728,0
334.2291,262.4083,4:09:28:361737,0
334.6718,262.0876,4:09:28:365743,0
334.6718,261.7087,4:09:28:369847,0
335.0161,261.4172,4:09:28:373757,0
335.0161,261.1257,4:09:28:378210,0
335.3604,260.8925,4:09:28:381810,0
335.3604,260.6302,4:09:28:385867,0
335.6801,260.3678,4:09:28:389820,0
335.8277,260.1346,4:09:28:393801,0
335.9752,259.8723,4:09:28:397811,782
336.1474,259.6099,4:09:28:402200,792
336.3195,259.2601,4:09:28:406158,799
336.4917,258.9103,4:09:28:410185,812
336.6638,258.5313,4:09:28:414170,833
336.8606,258.1524,4:09:28:418171,863
337.0081,257.7443,4:09:28:422205,924
337.1803,257.3362,4:09:28:426087,1023
337.3033,256.9864,4:09:28:430121,1178
337.4508,256.6075,4:09:28:434099,1352
337.5738,256.2577,4:09:28:439088,1532
337.6968,255.937,4:09:28:442706,1703
337.7952,255.6455,4:09:28:445706,1845
337.8689,255.4123,4:09:28:449715,1983
337.9181,255.2666,4:09:28:453710,2103
337.9919,255.1499,4:09:28:458151,2197
338.0411,255.0042,4:09:28:462254,2269
338.0657,254.9459,4:09:28:466264,2316
338.0657,254.8584,4:09:28:469264,2347
338.0657,254.8584,4:09:28:474264,2372
338.1149,254.8584,4:09:28:478263,2387
338.1149,254.8584,4:09:28:482154,2397
338.1395,254.8584,4:09:28:485346,2427
338.1395,254.8584,4:09:28:489371,2478
338.1395,255.5289,4:09:28:493440,2537
338.1641,255.5289,4:09:28:497413,2611
338.2379,256.4908,4:09:28:502204,2693
338.2379,257.1905,4:09:28:506215,2763
338.2379,258.0941,4:09:28:510212,2835
338.2379,259.2018,4:09:28:514214,2901
338.2379,260.4844,4:09:28:518215,2951
338.2379,261.9419,4:09:28:521494,3003
338.2379,263.516,4:09:28:525503,3053
338.2379,265.2358,4:09:28:530504,3107
338.2379,267.0432,4:09:28:534503,3157
337.6722,268.9379,4:09:28:538587,3198
337.6722,270.8618,4:09:28:542060,3235
337.6722,272.7566,4:09:28:546005,3258
337.1311,274.6805,4:09:28:550082,3270
337.1311,276.5169,4:09:28:554005,3276
336.7868,278.3242,4:09:28:558143,3277
336.7868,280.044,4:09:28:562106,3276
336.4179,281.7056,4:09:28:566177,3283
336.4179,283.3088,4:09:28:570176,3289
336.0982,284.8246,4:09:28:574177,3294
335.926,286.2821,4:09:28:578180,3305
335.7293,287.623,4:09:28:582396,3301
335.5817,288.9348,4:09:28:585420,3292
335.385,290.1591,4:09:28:589431,3269
335.2374,291.3542,4:09:28:593406,3215
335.0898,292.5203,4:09:28:597407,3146
334.9177,293.5988,4:09:28:602095,3046
334.7701,294.5608,4:09:28:606094,2920
334.6472,295.4061,4:09:28:610092,2766
334.5488,296.2514,4:09:28:614132,2587
334.4258,297.0385,4:09:28:618144,2382
334.352,297.6215,4:09:28:622153,2134
334.3274,298.117,4:09:28:626153,1814
334.3029,298.4669,4:09:28:630153,1407
334.2537,298.7584,4:09:28:634153,910
334.2537,298.9333,4:09:28:638305,483
334.2537,298.9624,4:09:28:641318,180
334.2537,298.9624,4:09:28:645345,0
334.2537,298.9624,4:09:28:649362,0
334.2537,298.9624,4:09:28:653315,0
334.9423,298.117,4:09:28:658208,0
334.9423,298.117,4:09:28:661363,0
335.6801,297.2426,4:09:28:665451,0
336.172,297.2426,4:09:28:669391,0
336.7376,296.368,4:09:28:673373,0
337.4508,296.368,4:09:28:678199,0
338.2379,295.4352,4:09:28:681498,0
339.074,294.9688,4:09:28:685537,0
339.984,294.5608,4:09:28:689582,0
340.9431,294.1818,4:09:28:693500,0
341.9515,293.8029,4:09:28:698203,0
342.9844,293.3947,4:09:28:701522,0
344.0174,293.045,4:09:28:705531,0
345.0011,292.666,4:09:28:709531,0
346.0095,292.3745,4:09:28:713534,0
346.944,292.1122,4:09:28:718199,0
347.854,291.7624,4:09:28:721638,0
348.7394,291.4125,4:09:28:725647,0
349.6002,291.0045,4:09:28:729654,0
350.4117,290.5089,4:09:28:733774,0
351.1988,290.0425,4:09:28:737703,0
351.912,289.4886,4:09:28:742199,0
352.6252,288.8182,4:09:28:746209,0
353.3384,288.0603,4:09:28:750209,0
354.0762,287.3607,4:09:28:754209,0
354.7648,286.6028,4:09:28:758209,0
355.4043,285.8157,4:09:28:762211,0
356.1421,285.1161,4:09:28:766200,0
356.8061,284.3291,4:09:28:770210,0
357.5439,283.6003,4:09:28:774210,0
358.2572,282.8424,4:09:28:778210,0
358.9704,282.1429,4:09:28:782207,0
359.6836,281.4724,4:09:28:786410,0
360.323,280.8603,4:09:28:789419,0
360.9379,280.2481,4:09:28:793420,0
361.5035,279.6942,4:09:28:797419,0
362.0692,279.1987,4:09:28:801437,0
362.6349,278.7906,4:09:28:806205,0
363.0284,278.4117,4:09:28:810215,0
363.4464,278.0619,4:09:28:814213,0
363.8399,277.7704,4:09:28:818226,0
364.258,277.508,4:09:28:822212,0
364.7007,277.304,4:09:28:826208,0
365.0942,277.0707,4:09:28:830218,0
365.4385,276.8958,4:09:28:834218,0
365.8074,276.6918,4:09:28:838220,0
366.2255,276.5169,4:09:28:842215,0
366.5945,276.3712,4:09:28:846414,0
367.0125,276.2254,4:09:28:849426,0
367.4306,276.1088,4:09:28:853543,0
367.8733,275.963,4:09:28:857489,0
368.2422,275.8464,4:09:28:861531,0
368.6849,275.7007,4:09:28:865341,0
369.1276,275.5841,4:09:28:870214,0
369.4965,275.4384,4:09:28:874463,0
369.9146,275.3509,4:09:28:877462,0
370.2589,275.176,4:09:28:881547,0
370.554,275.0302,4:09:28:885534,0
370.8492,274.9428,4:09:28:890207,0
371.0951,274.7387,4:09:28:894068,0
371.2672,274.593,4:09:28:898101,0
371.4148,274.4472,4:09:28:902151,0
371.4886,274.3015,4:09:28:906067,0
371.5378,274.1558,4:09:28:910319,0
371.5378,273.9808,4:09:28:913896,894
371.5378,273.7477,4:09:28:917840,891
371.5378,273.5144,4:09:28:921837,891
371.5378,273.3104,4:09:28:925840,902
370.8492,273.048,4:09:28:929859,936
370.8492,272.7857,4:09:28:934273,994
370.2097,272.5233,4:09:28:938291,1071
370.2097,272.261,4:09:28:942299,1164
369.3981,271.9987,4:09:28:946282,1263
368.9063,271.7363,4:09:28:950282,1359
368.4144,271.5323,4:09:28:953724,1458
367.8487,271.3282,4:09:28:958725,1552
367.2093,271.1533,4:09:28:961726,1622
366.5207,271.0367,4:09:28:965815,1697
365.7828,270.9201,4:09:28:970199,1770
365.0204,270.891,4:09:28:973817,1845
364.2826,270.891,4:09:28:977932,1944
363.4956,270.891,4:09:28:981817,2035
362.6349,270.891,4:09:28:985825,2126
361.7495,270.891,4:09:28:990207,2218
360.8887,271.5614,4:09:28:993876,2301
359.9787,271.5614,4:09:28:997754,2391
359.0442,272.2027,4:09:29:001757,2484
358.0604,272.2027,4:09:29:005863,2575
357.0767,273.0772,4:09:29:010154,2658
356.0437,273.5728,4:09:29:013766,2735
355.06,274.1558,4:09:29:017767,2793
354.1254,274.7679,4:09:29:021766,2838
353.1909,275.4384,4:09:29:025766,2878
352.3546,276.2254,4:09:29:029833,2909
351.5431,277.0416,4:09:29:033746,2942
350.8298,277.9744,4:09:29:037847,2972
350.1904,278.9363,4:09:29:041849,2994
349.6248,279.9566,4:09:29:045964,3012
349.1575,281.0643,4:09:29:049856,3014
348.7886,282.2303,4:09:29:055375,3019
348.5672,283.4546,4:09:29:057479,3021
348.4442,284.7372,4:09:29:061474,3024
348.4442,286.0781,4:09:29:065502,3037
348.4442,287.3607,4:09:29:069384,3043
349.2067,288.6725,4:09:29:074260,3047
349.8461,289.9842,4:09:29:078270,3034
350.7069,291.3251,4:09:29:082267,2987
351.7152,292.6368,4:09:29:086270,2896
352.9449,293.8903,4:09:29:090425,2747
354.3221,295.0272,4:09:29:093441,2546
355.7978,296.1057,4:09:29:097437,2286
357.298,297.0968,4:09:29:101435,1922
358.7736,297.9421,4:09:29:105434,1461
360.2738,298.6126,4:09:29:110152,916
361.7495,299.079,4:09:29:114162,460
363.1021,299.3705,4:09:29:118160,0
364.3072,299.5162,4:09:29:121213,0
365.4139,299.5162,4:09:29:126162,0
366.3239,299.5162,4:09:29:130153,0
367.1601,299.5162,4:09:29:134180,0
367.8487,298.3211,4:09:29:138162,0
368.2914,297.6506,4:09:29:142164,0
368.6603,296.8928,4:09:29:146161,0
368.9063,295.9891,4:09:29:150141,0
369.0538,295.0272,4:09:29:154202,0
369.1276,294.036,4:09:29:158210,0
369.1522,292.9866,4:09:29:162212,0
369.1522,291.9664,4:09:29:166212,0
369.1522,290.8878,4:09:29:170210,0
369.1522,289.7802,4:09:29:173465,0
369.1522,288.7016,4:09:29:177475,0
369.1522,287.623,4:09:29:181597,0
369.1522,286.5445,4:09:29:185475,0
369.7424,285.4368,4:09:29:190197,0
369.7424,284.3582,4:09:29:193490,0
369.7424,283.3088,4:09:29:197487,0
370.2589,282.2886,4:09:29:201487,0
370.2589,281.3267,4:09:29:205618,0
370.2589,280.3647,4:09:29:210207,0
370.2589,279.4319,4:09:29:214463,0
370.2589,278.5865,4:09:29:218464,0
370.2589,277.7412,4:09:29:222463,0
370.2589,276.925,4:09:29:226468,0
370.2589,276.1963,4:09:29:229729,0
370.2589,275.4092,4:09:29:233785,0
370.2589,274.7096,4:09:29:237732,0
369.5211,274.01,4:09:29:241732,0
369.5211,273.2521,4:09:29:246204,0
368.98,272.5525,4:09:29:249888,0
368.98,271.8238,4:09:29:253900,0
368.4636,271.1241,4:09:29:257996,0
368.4636,270.3371,4:09:29:262002,0
368.1438,269.55,4:09:29:266125,0
368.1438,268.7921,4:09:29:269561,0
368.1438,267.976,4:09:29:274434,0
368.1438,267.1598,4:09:29:277434,0
368.1438,266.3435,4:09:29:281434,0
368.1438,265.5273,4:09:29:286320,0
368.1438,264.7112,4:09:29:289378,0
368.1438,263.9241,4:09:29:293329,0
368.7587,263.2245,4:09:29:297329,0
368.7587,262.4958,4:09:29:301431,0
369.2751,261.8253,4:09:29:306206,794
369.2751,261.184,4:09:29:310221,804
369.8408,260.6302,4:09:29:314216,826
369.8408,260.1929,4:09:29:318216,877
370.3327,259.7556,4:09:29:322214,948
370.3327,259.4059,4:09:29:325953,1040
370.7262,259.1143,4:09:29:329963,1145
370.7262,258.9103,4:09:29:333965,1246
370.9967,258.7937,4:09:29:337962,1352
370.9967,258.7937,4:09:29:342143,1460
371.1935,258.7937,4:09:29:346033,1582
371.2672,258.7937,4:09:29:350033,1724
371.4148,258.7937,4:09:29:354031,1882
371.5378,259.7265,4:09:29:358030,2031
371.6853,259.7265,4:09:29:362204,2171
371.8821,261.0091,4:09:29:366244,2293
372.1034,261.8545,4:09:29:370242,2402
372.374,262.8747,4:09:29:374244,2506
372.6445,264.0407,4:09:29:378242,2601
373.038,265.3816,4:09:29:382205,2687
373.4069,266.7808,4:09:29:385839,2758
373.8004,268.3257,4:09:29:389765,2811
374.2431,269.9582,4:09:29:393897,2850
374.7104,271.678,4:09:29:397765,2870
375.2268,273.3395,4:09:29:402185,2882
375.6941,275.0302,4:09:29:406193,2894
376.1614,276.6918,4:09:29:410193,2903
376.5549,278.295,4:09:29:414195,2916
376.8992,279.8109,4:09:29:418193,2926
377.1943,281.2683,4:09:29:422099,2933
377.3665,282.6384,4:09:29:425495,2913
377.4649,283.921,4:09:29:430498,2852
377.4649,285.1453,4:09:29:434497,2740
377.4649,286.253,4:09:29:438498,2563
377.4649,287.3315,4:09:29:442320,2328
376.7516,288.3227,4:09:29:447328,2015
376.7516,289.2263,4:09:29:450328,1599
375.9647,289.9259,4:09:29:453339,1111
375.9647,290.5089,4:09:29:458388,636
375.0547,290.917,4:09:29:462070,276
374.612,291.2668,4:09:29:465985,0
374.2185,291.5,4:09:29:470074,0
373.8496,291.6166,4:09:29:474073,0
373.5053,291.6166,4:09:29:478209,0
373.5053,291.6166,4:09:29:481963,0
373.0626,291.6166,4:09:29:485941,0
373.0626,291.6166,4:09:29:490012,0
372.8658,291.6166,4:09:29:493943,0
372.8658,290.6255,4:09:29:498196,0
372.8658,290.6255,4:09:29:502029,0
372.8658,289.4012,4:09:29:505959,0
372.8658,288.6141,4:09:29:509959,0
372.8658,287.7397,4:09:29:513959,0
372.8658,286.6902,4:09:29:518192,0
372.8658,285.67,4:09:29:522063,0
372.8658,284.504,4:09:29:525577,0
372.8658,283.3088,4:09:29:529577,0
372.8658,282.0262,4:09:29:533577,0
372.8658,280.7437,4:09:29:537580,0
372.8658,279.3736,4:09:29:542197,0
371.9559,277.9744,4:09:29:546141,0
371.341,276.5169,4:09:29:550260,0
370.6278,275.0302,4:09:29:554263,0
369.7424,273.5144,4:09:29:558261,0
368.8079,272.0278,4:09:29:562261,0
367.7503,270.512,4:09:29:566191,0
366.7174,269.0545,4:09:29:570046,0
365.6599,267.6844,4:09:29:574030,0
364.7007,266.3435,4:09:29:578029,0
363.6924,265.0901,4:09:29:582029,0
362.6594,263.895,4:09:29:586196,0
361.7249,262.8164,4:09:29:590172,0
360.8395,261.8253,4:09:29:594172,0
359.9787,260.8633,4:09:29:598172,0
359.118,260.018,4:09:29:602172,0
358.2572,259.2018,4:09:29:606201,0
357.3226,258.3564,4:09:29:609509,0
356.4126,257.5985,4:09:29:613511,0
355.5027,256.8698,4:09:29:617509,0
354.5681,256.1702,4:09:29:621512,0
353.5598,255.4123,4:09:29:626124,0
352.5268,254.7127,4:09:29:630065,0
351.5185,253.9256,4:09:29:634111,0
350.3871,252.9637,4:09:29:638065,0
349.1575,251.9435,4:09:29:642064,1897
347.9524,250.8358,4:09:29:646188,1903
346.6735,249.5823,4:09:29:649868,1929
345.3208,248.1539,4:09:29:653867,1975
343.9682,246.6964,4:09:29:657948,2053
342.7385,245.064,4:09:29:661898,2166
341.4104,243.3442,4:09:29:666208,2284
340.2054,241.6243,4:09:29:669707,2412
339.1478,239.7879,4:09:29:673758,2523
338.2133,237.9223,4:09:29:677704,2600
337.4754,235.9401,4:09:29:681767,2663
336.9836,233.9579,4:09:29:686194,2705
336.6638,231.9465,4:09:29:689848,2734
336.5655,230.0226,4:09:29:693764,2762
336.5655,228.1862,4:09:29:697765,2775
336.5655,226.4664,4:09:29:701766,2776
337.8198,224.9505,4:09:29:706200,2772
338.7297,223.6971,4:09:29:709702,2764
339.8364,222.706,4:09:29:713701,2759
341.1399,221.9481,4:09:29:717702,2755
342.6401,221.5108,4:09:29:721702,2757
344.2387,221.2193,4:09:29:725702,2756
345.9357,221.2193,4:09:29:730540,2755
347.7065,221.2193,4:09:29:733668,2755
349.4526,222.0647,4:09:29:738566,2759
351.1742,222.7643,4:09:29:741549,2762
352.8711,223.7262,4:09:29:745560,2759
354.4697,224.9214,4:09:29:749892,2743
356.0437,226.2914,4:09:29:754198,2707
357.4948,227.8364,4:09:29:757862,2645
358.749,229.5562,4:09:29:761861,2558
359.9787,231.3927,4:09:29:765861,2439
361.0854,233.3166,4:09:29:769965,2293
362.0938,235.2697,4:09:29:774197,2109
362.9792,237.281,4:09:29:777774,1888
363.7416,239.2341,4:09:29:781741,1635
364.4056,241.1579,4:09:29:785741,1341
364.8975,243.0527,4:09:29:789846,1014
365.4139,244.8017,4:09:29:794203,640
365.7091,246.4632,4:09:29:798211,341
365.8566,248.0082,4:09:29:802213,125
365.8812,249.4948,4:09:29:806213,0
365.8812,250.7775,4:09:29:810213,0
365.8812,252.06,4:09:29:814150,0
364.8237,253.1969,4:09:29:818157,0
364.0859,254.2755,4:09:29:822157,0
363.1513,255.2374,4:09:29:826160,0
362.0446,256.0536,4:09:29:830159,0
360.7903,256.7823,4:09:29:834197,0
359.3147,257.3362,4:09:29:838196,0
357.7899,257.8609,4:09:29:841577,0
356.1913,258.2398,4:09:29:845456,0
354.4697,258.5022,4:09:29:849526,0
352.7973,258.5897,4:09:29:853540,0
351.125,258.7062,4:09:29:858319,0
349.5018,258.7062,4:09:29:862149,0
347.8786,258.7062,4:09:29:866199,0
346.3538,258.7062,4:09:29:870209,0
344.829,258.7062,4:09:29:874208,0
343.3287,258.7062,4:09:29:878209,0
341.8285,258.7062,4:09:29:882209,0
340.3529,257.9483,4:09:29:886292,0
338.8773,257.9483,4:09:29:889348,0
337.4016,257.4236,4:09:29:893304,0
335.9506,257.4236,4:09:29:897301,0
334.475,256.8406,4:09:29:902487,0
332.9748,256.8406,4:09:29:905499,0
331.45,256.0828,4:09:29:909495,0
329.9006,255.7038,4:09:29:913503,0
328.302,255.3831,4:09:29:917606,0
326.6788,255.1208,4:09:29:922140,0
325.0556,254.8293,4:09:29:925568,0
323.3094,254.567,4:09:29:929443,0
321.5633,254.3338,4:09:29:933443,0
319.7925,254.1588,4:09:29:938445,0
318.0464,254.0423,4:09:29:941813,0
316.2756,253.9256,4:09:29:945778,0
314.5295,253.8382,4:09:29:949682,0
312.7833,253.7216,4:09:29:953686,0
311.1601,253.6924,4:09:29:958858,0
309.6107,253.605,4:09:29:961866,0
308.1843,253.5759,4:09:29:965894,0
306.807,253.5175,4:09:29:969987,0
305.5282,253.4884,4:09:29:973977,0
304.3477,253.4592,4:09:29:977892,0
303.2409,253.3718,4:09:29:981902,0
302.2818,253.3718,4:09:29:985904,0
301.2734,253.3427,4:09:29:989938,0
300.2897,253.3135,4:09:29:994199,0
299.2813,253.2843,4:09:29:997516,0
298.2484,253.2843,4:09:30:001515,0
297.1909,253.226,4:09:30:005517,0
296.1088,253.226,4:09:30:009515,0
294.9774,253.226,4:09:30:014661,0
293.7477,253.226,4:09:30:017671,0
292.5673,253.226,4:09:30:021671,0
291.3867,253.226,4:09:30:025674,0
290.2308,253.226,4:09:30:029671,0
289.1241,253.226,4:09:30:034195,0
288.0912,253.226,4:09:30:037540,0
287.132,253.7799,4:09:30:041595,0
286.2958,253.7799,4:09:30:045486,0
285.4843,253.7799,4:09:30:049586,0
284.7464,253.7799,4:09:30:054199,0
284.1316,254.2463,4:09:30:057507,0
283.5414,254.2463,4:09:30:061510,0
283.0495,254.2463,4:09:30:065594,0
282.5822,254.2463,4:09:30:069621,0
282.1641,254.4795,4:09:30:074067,0
281.7706,254.4795,4:09:30:077838,0
281.4509,254.4795,4:09:30:081829,0
281.1558,254.4795,4:09:30:085829,0
280.9098,254.4795,4:09:30:089844,0
280.6885,254.4795,4:09:30:094145,1171
280.4425,254.4795,4:09:30:098200,1162
280.2212,254.4795,4:09:30:102202,1154
280.049,254.4795,4:09:30:106210,1154
279.8277,254.4795,4:09:30:110212,1158
279.5818,254.4795,4:09:30:114210,1163
279.3604,254.4795,4:09:30:117214,1189
279.1145,254.4795,4:09:30:122203,1217
278.9177,254.4795,4:09:30:126288,1263
278.721,254.4795,4:09:30:130278,1317
278.598,254.4795,4:09:30:134281,1344
278.5488,254.4795,4:09:30:138290,1362
278.5488,254.4795,4:09:30:142204,1380
278.5488,254.4795,4:09:30:146553,1427
278.5488,255.0625,4:09:30:150088,1526
279.3604,255.0625,4:09:30:154175,1656
280.049,255.0625,4:09:30:158067,1808
281.082,255.0625,4:09:30:162067,1965
282.4838,255.0625,4:09:30:166152,2114
284.3283,255.0625,4:09:30:169748,2261
286.7631,255.0625,4:09:30:173773,2388
289.6406,255.0625,4:09:30:177836,2502
293.1575,255.0625,4:09:30:181707,2584
297.2401,254.2463,4:09:30:186264,2648
301.8637,254.2463,4:09:30:190271,2686
306.93,253.5175,4:09:30:194274,2701
312.2177,253.5175,4:09:30:198273,2709
317.825,252.9346,4:09:30:202271,2708
323.7029,252.9346,4:09:30:206002,2711
329.7038,252.3807,4:09:30:209973,2716
335.6309,252.3807,4:09:30:213934,2722
341.4842,251.9143,4:09:30:217906,2719
347.1408,251.9143,4:09:30:222064,2714
352.6744,251.4187,4:09:30:226074,2700
358.1096,251.1855,4:09:30:230092,2672
363.2251,250.9815,4:09:30:234083,2643
368.0209,250.7191,4:09:30:238477,2606
372.5215,250.4859,4:09:30:242068,2569
376.6779,250.2819,4:09:30:246079,2543
380.5883,250.0779,4:09:30:250002,2521
384.0806,249.9321,4:09:30:254003,2496
387.3024,249.7572,4:09:30:258195,2473
390.3028,249.6406,4:09:30:261602,2456
393.0081,249.4948,4:09:30:265658,2443
395.5905,249.3783,4:09:30:269602,2435
397.9269,249.3491,4:09:30:273726,2432
400.1157,249.3491,4:09:30:277897,2418
402.0832,249.3491,4:09:30:281867,2403
404.0507,249.3199,4:09:30:285946,2389
405.7723,249.3199,4:09:30:289957,2378
407.2233,249.3199,4:09:30:294163,2371
408.5022,249.3199,4:09:30:297679,2364
409.5351,249.3199,4:09:30:301605,2355
410.3467,249.3199,4:09:30:305605,2331
410.9861,249.3199,4:09:30:309602,2294
411.3797,249.3199,4:09:30:314191,2249
411.601,249.3199,4:09:30:318199,2172
411.6748,249.3199,4:09:30:322201,2059
411.6748,249.3199,4:09:30:326199,1894
411.6748,249.3199,4:09:30:330446,1631
410.8878,249.3199,4:09:30:333960,1286
410.8878,249.3199,4:09:30:337963,848
409.7565,249.3199,4:09:30:341960,460
409.0678,249.3199,4:09:30:345960,180
408.2563,249.3199,4:09:30:350196,0
407.4447,249.3199,4:09:30:353789,0
406.6577,249.3199,4:09:30:357678,0
405.9198,249.3199,4:09:30:361758,0
405.305,249.3199,4:09:30:365768,0
404.7885,248.8535,4:09:30:369585,0
404.4196,248.8535,4:09:30:374148,0
404.4196,248.8535,4:09:30:377722,0
404.4196,248.8535,4:09:30:382194,0
404.4196,248.8535,4:09:30:386202,0
405.0836,248.562,4:09:30:390204,0
405.7723,248.562,4:09:30:394205,0
406.6331,248.562,4:09:30:398202,0
407.6414,248.562,4:09:30:402144,0
408.7973,248.562,4:09:30:406280,0
410.0024,249.2616,4:09:30:410196,0
411.2567,249.2616,4:09:30:414207,0
412.5602,250.0487,4:09:30:418208,0
413.8882,250.0487,4:09:30:422205,0
415.2655,251.2439,4:09:30:426206,0
416.4706,251.8268,4:09:30:430204,0
417.8478,252.5264,4:09:30:434144,0
419.1513,253.0803,4:09:30:438268,0
420.4793,253.7216,4:09:30:442268,0
421.6353,254.3046,4:09:30:446268,0
422.8403,254.9751,4:09:30:450269,0
424.0454,255.6163,4:09:30:454269,0
425.1522,255.9662,4:09:30:458194,0
426.3081,256.6075,4:09:30:462204,0
427.218,256.9281,4:09:30:466203,0
428.3493,257.5403,4:09:30:470202,0
429.5544,258.0358,4:09:30:473202,0
430.9809,258.5605,4:09:30:477816,0
