251.2989,234.5409,4:38:32:909055,0
251.2989,234.5409,4:38:32:913080,0
251.2989,234.5409,4:38:32:916064,0
251.2989,234.5409,4:38:32:921067,0
251.2989,235.4737,4:38:32:925078,0
250.7333,235.4737,4:38:32:928706,0
250.7333,236.7271,4:38:32:932390,0
250.7333,237.5725,4:38:32:936744,0
250.7333,238.5345,4:38:32:940754,0
250.7333,239.5838,4:38:32:944775,0
250.7333,240.7207,4:38:32:948754,0
250.7333,241.8284,4:38:32:953052,0
251.3973,242.9944,4:38:32:956062,0
251.3973,244.0438,4:38:32:960062,0
251.8892,245.1223,4:38:32:965066,0
251.8892,246.2009,4:38:32:968062,0
252.4548,247.2794,4:38:32:972704,0
252.4548,248.2706,4:38:32:976606,0
253.0451,249.3491,4:38:32:980614,0
253.0451,250.3985,4:38:32:984709,0
253.6107,251.3022,4:38:32:988638,0
253.9059,252.1183,4:38:32:992654,0
254.1518,252.9346,4:38:32:996635,0
254.3978,253.5759,4:38:33:001005,0
254.6191,254.1588,4:38:33:004015,0
254.8404,254.7127,4:38:33:008015,0
255.0126,255.0916,4:38:33:012046,0
255.1848,255.4123,4:38:33:016015,0
255.3323,255.7621,4:38:33:020015,0
255.5291,256.0828,4:38:33:024015,0
255.652,256.3742,4:38:33:028015,0
255.7504,256.6366,4:38:33:032015,0
255.8242,256.9281,4:38:33:036018,0
255.898,257.1905,4:38:33:040041,0
255.9226,257.3362,4:38:33:044017,0
255.9963,257.4236,4:38:33:048743,0
255.9963,257.4819,4:38:33:052693,0
255.9963,257.5985,4:38:33:056703,0
255.9963,257.6277,4:38:33:060713,0
255.9963,257.6277,4:38:33:064703,0
255.9963,257.6277,4:38:33:068702,0
255.9963,257.6277,4:38:33:072702,0
255.9963,257.6277,4:38:33:076609,0
255.9963,257.6277,4:38:33:080835,0
255.9963,257.6277,4:38:33:083866,0
255.5782,257.6277,4:38:33:088862,0
255.5782,256.9281,4:38:33:091863,0
255.5782,256.9281,4:38:33:095863,0
255.5782,256.9281,4:38:33:100609,0
255.5782,256.3451,4:38:33:104631,0
255.5782,256.3451,4:38:33:108739,0
255.3077,255.8495,4:38:33:112747,0
255.3077,255.8495,4:38:33:115750,0
255.3077,255.354,4:38:33:119750,0
255.3077,255.0625,4:38:33:124749,0
255.3077,254.7419,4:38:33:127750,0
255.3077,254.4503,4:38:33:132750,0
255.3077,254.1006,4:38:33:136749,0
255.8242,253.7216,4:38:33:139750,0
255.8242,253.3427,4:38:33:144562,0
255.8242,252.9637,4:38:33:148860,0
256.3898,252.6139,4:38:33:152023,0
256.3898,252.2058,4:38:33:156059,0
256.9063,251.856,4:38:33:160023,0
256.9063,251.5354,4:38:33:164023,0
257.3982,251.273,4:38:33:169024,0
257.6441,251.0398,4:38:33:172023,0
257.8901,250.8358,4:38:33:176564,0
258.1114,250.6026,4:38:33:180035,0
258.3328,250.3985,4:38:33:184045,0
258.5541,250.1944,4:38:33:188830,0
258.8,249.9904,4:38:33:192860,0
259.046,249.7863,4:38:33:196870,0
259.3657,249.6115,4:38:33:199871,0
259.6854,249.3783,4:38:33:203870,0
260.0297,249.2034,4:38:33:207870,0
260.374,249.0284,4:38:33:212870,0
260.743,248.8244,4:38:33:215872,0
261.1856,248.6495,4:38:33:219870,0
261.7021,248.4163,4:38:33:224609,0
262.2678,248.2122,4:38:33:229135,0
262.8334,248.0082,4:38:33:232653,0
263.4482,247.8333,4:38:33:236286,0
264.1123,247.571,4:38:33:240297,0
264.8009,247.3378,4:38:33:244300,0
265.5141,247.1337,4:38:33:248316,0
266.1782,246.9005,4:38:33:252307,0
266.7684,246.7256,4:38:33:256618,0
267.3095,246.5215,4:38:33:260626,0
267.8013,246.3466,4:38:33:264631,0
268.2686,246.2009,4:38:33:268659,0
268.6621,246.0551,4:38:33:272631,0
269.0802,245.9094,4:38:33:276629,0
269.3999,245.7636,4:38:33:280647,0
269.6951,245.6762,4:38:33:284655,0
270.0394,245.5596,4:38:33:288560,0
270.3591,245.5013,4:38:33:292588,0
270.605,245.4138,4:38:33:296588,0
270.9001,245.3555,4:38:33:300588,0
271.1461,245.2681,4:38:33:305285,0
271.3674,245.239,4:38:33:308295,0
271.6134,245.1515,4:38:33:312294,0
271.7855,245.0932,4:38:33:316296,0
271.9823,245.064,4:38:33:320351,0
272.179,245.0058,4:38:33:324295,0
272.3266,244.9474,4:38:33:328301,0
272.5233,244.86,4:38:33:332340,0
272.6955,244.8308,4:38:33:336340,0
272.8676,244.8017,4:38:33:340372,0
273.0152,244.7434,4:38:33:344340,0
273.1628,244.7142,4:38:33:348340,0
273.3349,244.6559,4:38:33:352340,0
273.4825,244.5685,4:38:33:356785,0
273.6793,244.5102,4:38:33:360851,0
273.8514,244.4227,4:38:33:363864,0
274.0236,244.3645,4:38:33:368861,0
274.1957,244.2478,4:38:33:371862,0
274.4417,244.1313,4:38:33:376971,0
274.6384,244.0438,4:38:33:379984,0
274.8597,243.9563,4:38:33:383982,0
275.0319,243.8981,4:38:33:388014,0
275.2533,243.8689,4:38:33:392588,0
275.45,243.7814,4:38:33:396599,0
275.6714,243.7523,4:38:33:400599,0
275.8681,243.7231,4:38:33:404599,0
276.0648,243.694,4:38:33:408603,0
276.2616,243.6066,4:38:33:412612,0
276.5075,243.4899,4:38:33:416693,0
276.7289,243.3734,4:38:33:420704,0
276.9502,243.2859,4:38:33:423703,0
277.1716,243.1402,4:38:33:428703,0
277.3929,242.9944,4:38:33:432715,0
277.6143,242.8778,4:38:33:436666,0
277.8356,242.7321,4:38:33:440636,0
278.0078,242.528,4:38:33:444646,0
278.2291,242.4114,4:38:33:448646,0
278.4504,242.2657,4:38:33:452644,0
278.6472,242.1782,4:38:33:456727,0
278.7947,242.0616,4:38:33:460737,0
278.9915,241.9158,4:38:33:463739,0
279.1391,241.7993,4:38:33:468737,0
279.262,241.6826,4:38:33:472738,0
279.385,241.5661,4:38:33:476672,0
279.4834,241.4494,4:38:33:480683,0
279.5818,241.362,4:38:33:484683,0
279.631,241.2162,4:38:33:488733,0
279.7293,241.0997,4:38:33:491747,0
279.8277,240.9539,4:38:33:496741,0
279.8769,240.8082,4:38:33:500757,0
279.9753,240.6624,4:38:33:504743,0
280.0982,240.4875,4:38:33:508650,0
280.2704,240.3126,4:38:33:512609,0
280.3933,240.1377,4:38:33:516622,0
280.5409,239.9919,4:38:33:520648,0
280.7377,239.7879,4:38:33:524873,0
280.8852,239.613,4:38:33:527883,0
281.082,239.4381,4:38:33:531976,0
281.2541,239.2049,4:38:33:535883,0
281.4509,238.9717,4:38:33:539890,0
281.5984,238.7677,4:38:33:544655,0
281.7706,238.5053,4:38:33:548665,0
281.8936,238.243,4:38:33:552710,0
282.0165,237.9806,4:38:33:556666,0
282.1395,237.7182,4:38:33:560685,0
282.1887,237.4559,4:38:33:563696,0
282.287,237.1935,4:38:33:568694,0
282.3608,236.9603,4:38:33:572694,0
282.4346,236.698,4:38:33:576703,0
282.5084,236.4357,4:38:33:580819,0
282.6068,236.1733,4:38:33:583829,0
282.656,235.9401,4:38:33:587829,0
282.7543,235.7361,4:38:33:592829,0
282.8527,235.4737,4:38:33:595829,0
282.9265,235.2113,4:38:33:599917,0
283.0003,234.949,4:38:33:603933,0
283.0741,234.6866,4:38:33:608803,0
283.1724,234.4534,4:38:33:611803,0
283.197,234.2494,4:38:33:615805,0
283.2708,234.0162,4:38:33:620803,985
283.2954,233.8413,4:38:33:623803,1007
283.2954,233.6081,4:38:33:628435,1060
283.2954,233.4623,4:38:33:632445,1156
283.32,233.3457,4:38:33:636875,1298
283.32,233.2874,4:38:33:639875,1442
283.32,233.1709,4:38:33:643874,1575
283.32,233.0834,4:38:33:647875,1676
283.32,233.0542,4:38:33:651900,1733
283.3446,233.0542,4:38:33:655921,1764
283.3938,233.0542,4:38:33:660735,1777
283.4184,233.0542,4:38:33:664745,1781
283.443,233.0542,4:38:33:668794,1798
283.4676,233.0542,4:38:33:671795,1851
283.5414,233.0542,4:38:33:676794,1924
283.6397,233.0542,4:38:33:680794,2012
283.7381,233.8413,4:38:33:684684,2105
283.8611,233.8413,4:38:33:687889,2178
283.984,234.5701,4:38:33:692685,2257
284.0824,235.0947,4:38:33:696696,2338
284.23,235.6486,4:38:33:699912,2430
284.3283,236.319,4:38:33:703910,2525
284.4267,237.0186,4:38:33:707912,2611
284.5005,237.7474,4:38:33:711913,2698
284.5743,238.6219,4:38:33:716038,2774
284.6235,239.5255,4:38:33:720042,2846
284.6727,240.5458,4:38:33:724212,2919
284.6727,241.5661,4:38:33:728053,2987
284.6727,242.7321,4:38:33:732607,3052
284.6727,243.9563,4:38:33:736642,3120
284.6727,245.2681,4:38:33:740238,3185
284.6727,246.7256,4:38:33:744235,3242
284.6727,248.2122,4:38:33:748320,3306
284.6727,249.728,4:38:33:752234,3352
284.0332,251.3604,4:38:33:756241,3393
284.0332,253.022,4:38:33:760250,3434
284.0332,254.7419,4:38:33:764247,3468
283.4184,256.4617,4:38:33:768250,3508
283.4184,258.1524,4:38:33:772740,3541
282.9511,259.7848,4:38:33:776255,3569
282.9511,261.3881,4:38:33:780056,3593
282.6314,262.933,4:38:33:783962,3615
282.6314,264.3905,4:38:33:788961,3639
282.41,265.7606,4:38:33:791962,3664
282.41,267.014,4:38:33:796735,3683
282.41,268.18,4:38:33:799743,3694
282.2625,269.2294,4:38:33:804744,3701
282.2625,270.2205,4:38:33:808744,3707
282.2625,271.0659,4:38:33:812760,3711
282.2625,271.8529,4:38:33:816744,3723
282.2625,272.5525,4:38:33:820631,3733
282.2625,273.1064,4:38:33:824670,3739
282.2625,273.5728,4:38:33:828653,3744
282.2625,273.9225,4:38:33:832636,3742
282.2625,274.2141,4:38:33:836699,3744
282.2625,274.4472,4:38:33:840639,3748
282.2625,274.593,4:38:33:844732,3754
282.2625,274.7096,4:38:33:848744,3768
282.2625,274.7387,4:38:33:851743,3783
282.2625,274.7387,4:38:33:856480,3801
282.2625,274.7387,4:38:33:860481,3814
282.2625,274.7387,4:38:33:864499,3819
282.2625,274.7387,4:38:33:868478,3823
282.2625,274.7387,4:38:33:872729,3823
282.6314,273.8643,4:38:33:875739,3826
282.6314,273.8643,4:38:33:880441,3827
282.6314,272.9315,4:38:33:884430,3830
282.6314,272.3484,4:38:33:888514,3831
282.6314,271.678,4:38:33:892430,3829
282.6314,270.891,4:38:33:896736,3825
282.6314,270.1039,4:38:33:899747,3817
282.6314,269.2294,4:38:33:904514,3811
282.6314,268.2966,4:38:33:908441,3804
282.6314,267.3347,4:38:33:912495,3800
282.6314,266.3144,4:38:33:917496,3795
282.6314,265.2067,4:38:33:920493,3787
282.6314,264.0407,4:38:33:924496,3781
282.6314,262.8747,4:38:33:929247,3776
282.6314,261.5921,4:38:33:932245,3771
282.6314,260.3095,4:38:33:936330,3765
282.6314,259.0561,4:38:33:940250,3767
282.1641,257.8026,4:38:33:944740,3764
282.1641,256.6075,4:38:33:947750,3763
281.7214,255.4123,4:38:33:952743,3765
281.7214,254.3046,4:38:33:956765,3753
281.082,253.2843,4:38:33:960739,3746
280.6147,252.2641,4:38:33:964756,3735
280.0736,251.3896,4:38:33:968748,3725
279.4588,250.5734,4:38:33:971750,3717
278.7701,249.7863,4:38:33:975751,3708
277.9586,249.1159,4:38:33:980748,3703
277.024,248.5038,4:38:33:984534,3700
275.9911,248.0082,4:38:33:988545,3697
274.8843,247.6584,4:38:33:992543,3699
273.6793,247.3378,4:38:33:996544,3694
272.5233,247.1337,4:38:34:000654,3690
271.3674,247.0171,4:38:34:004661,3686
270.2115,246.9296,4:38:34:008626,3685
269.1048,246.9296,4:38:34:012609,3685
268.1211,246.9296,4:38:34:016608,3684
267.1619,246.9296,4:38:34:020609,3682
266.3257,246.9296,4:38:34:024704,3679
265.5879,247.6584,4:38:34:028232,3675
264.8009,247.6584,4:38:34:032337,3674
264.1123,248.3871,4:38:34:036230,3672
263.4974,248.3871,4:38:34:040288,3671
262.9318,249.3491,4:38:34:044231,3675
262.3907,249.9321,4:38:34:048731,3676
261.9234,250.6026,4:38:34:052741,3681
261.5545,251.3604,4:38:34:056734,3691
261.1856,252.1183,4:38:34:060740,3701
260.8905,252.9637,4:38:34:064735,3713
260.6692,253.8674,4:38:34:067746,3727
260.4478,254.8293,4:38:34:072743,3740
260.374,255.8495,4:38:34:076743,3754
260.2757,256.899,4:38:34:080745,3771
260.2265,257.89,4:38:34:084746,3785
260.2265,258.9103,4:38:34:088733,3796
260.2265,259.9597,4:38:34:091999,3801
260.2265,260.9799,4:38:34:096012,3805
260.2265,261.8836,4:38:34:099990,3811
260.2265,262.6998,4:38:34:103988,3820
260.2265,263.4577,4:38:34:107989,3827
260.7921,264.0699,4:38:34:112776,3835
260.7921,264.6237,4:38:34:116777,3839
260.7921,265.0901,4:38:34:120121,3839
260.7921,265.4399,4:38:34:124131,3850
261.2594,265.6731,4:38:34:128133,3860
261.2594,265.8188,4:38:34:132128,3880
261.2594,265.9355,4:38:34:136735,3913
261.2594,265.9646,4:38:34:140281,3944
261.5545,265.9646,4:38:34:144389,3969
261.5545,265.9646,4:38:34:148405,3989
261.5545,265.9646,4:38:34:152684,3997
261.8005,265.1484,4:38:34:156695,3998
261.8005,265.1484,4:38:34:160789,4002
261.9234,264.0699,4:38:34:164761,3998
261.9972,263.4286,4:38:34:168761,3997
262.0218,262.6123,4:38:34:171763,3995
262.0218,261.7087,4:38:34:176776,3989
262.0218,260.7467,4:38:34:180761,3989
262.0218,259.7848,4:38:34:184762,3987
262.0218,258.7937,4:38:34:188760,3985
261.4561,257.8318,4:38:34:192733,3983
261.4561,256.9281,4:38:34:195744,3980
260.8905,256.0536,4:38:34:200280,3975
260.8905,255.2083,4:38:34:204277,3969
260.1035,254.3338,4:38:34:208279,3959
259.6362,253.5759,4:38:34:212277,3952
259.046,252.8179,4:38:34:216628,3943
258.4065,252.1183,4:38:34:220658,3935
257.5949,251.5062,4:38:34:224657,3933
256.7096,250.7775,4:38:34:228638,3923
255.652,250.1944,4:38:34:232639,3916
254.4715,249.6115,4:38:34:236638,3911
253.1189,249.0576,4:38:34:240722,3905
251.6432,248.562,4:38:34:244733,3902
250.0938,248.1248,4:38:34:248733,3897
248.4215,247.7167,4:38:34:252799,3892
246.6753,247.3378,4:38:34:256798,3889
244.88,247.0462,4:38:34:259798,3888
243.1338,246.8422,4:38:34:264799,3885
241.4368,246.6382,4:38:34:267798,3882
239.8137,246.5215,4:38:34:272732,3878
238.2397,246.4632,4:38:34:275742,3875
236.7148,246.4341,4:38:34:280415,3876
235.313,246.4341,4:38:34:284413,3875
234.0095,246.4341,4:38:34:288415,3879
232.7307,246.4341,4:38:34:292413,3876
231.4518,246.4341,4:38:34:296733,3869
230.1237,247.3086,4:38:34:300744,3869
228.8694,247.3086,4:38:34:304744,3867
227.6398,248.2414,4:38:34:308744,3868
226.3855,248.8244,4:38:34:312960,3878
225.205,249.524,4:38:34:315981,3884
224.0491,250.3111,4:38:34:320062,3890
222.9669,251.1564,4:38:34:323970,3905
221.934,252.1183,4:38:34:329067,3912
220.9994,253.1969,4:38:34:333080,3924
220.1387,254.4212,4:38:34:336741,3941
219.3517,255.7912,4:38:34:339780,3950
218.663,257.307,4:38:34:344679,3970
218.0974,258.9395,4:38:34:348694,3989
217.6055,260.6302,4:38:34:352686,4011
217.2612,262.4958,4:38:34:356689,4036
217.0644,264.3905,4:38:34:360727,4059
217.0152,266.227,4:38:34:364735,4083
217.0152,268.0926,4:38:34:368736,4100
217.0152,269.8998,4:38:34:372253,4119
217.8268,271.5905,4:38:34:375893,4133
218.3925,273.2521,4:38:34:379902,4140
219.0811,274.8262,4:38:34:383995,4150
219.9173,276.2545,4:38:34:387899,4158
220.8519,277.5955,4:38:34:391899,4163
221.934,278.7323,4:38:34:395899,4176
223.1637,279.7817,4:38:34:400731,4179
224.5163,280.7145,4:38:34:404741,4179
225.9674,281.4432,4:38:34:408742,4182
227.566,282.0262,4:38:34:412739,4168
229.3121,282.5218,4:38:34:416741,4133
231.1075,282.8424,4:38:34:420756,4053
233.0012,283.0465,4:38:34:424758,3890
234.9441,283.0757,4:38:34:428756,3622
236.9116,283.0757,4:38:34:432601,3245
238.9037,283.0757,4:38:34:436636,2730
240.8958,283.0757,4:38:34:441239,1987
242.9125,281.8805,4:38:34:444233,1219
244.8308,281.2683,4:38:34:448237,587
246.7983,280.4521,4:38:34:452234,0
248.7412,279.5193,4:38:34:456731,0
250.5611,278.4117,4:38:34:460738,0
252.3565,277.1582,4:38:34:464805,0
254.1518,275.7881,4:38:34:467813,0
255.8734,274.3307,4:38:34:472814,0
257.6195,272.7857,4:38:34:475815,0
259.4641,271.2408,4:38:34:480813,0
261.3332,269.6375,4:38:34:483815,0
263.2269,268.0342,4:38:34:488813,0
265.2682,266.5185,4:38:34:493813,0
267.3832,265.0901,4:38:34:496601,0
269.5721,263.6617,4:38:34:500147,0
271.8347,262.35,4:38:34:504739,0
274.0482,261.0382,4:38:34:508749,0
276.2616,259.8139,4:38:34:512747,0
278.4996,258.7062,4:38:34:515752,0
280.8114,257.6277,4:38:34:520749,0
283.1233,256.6366,4:38:34:523749,0
285.4843,255.558,4:38:34:528727,0
287.8452,254.5378,4:38:34:532738,0
290.28,253.5175,4:38:34:536738,0
292.6902,252.4099,4:38:34:539751,0
295.1988,251.2439,4:38:34:544748,0
297.5844,250.0195,4:38:34:547748,0
299.9946,248.7078,4:38:34:553004,0
302.2818,247.396,4:38:34:556013,0
304.4706,246.0551,4:38:34:560062,0
306.5365,244.6851,4:38:34:564019,0
308.4302,243.2859,4:38:34:568139,0
310.2502,241.945,4:38:34:572015,0
311.7996,240.5458,4:38:34:577069,0
313.2506,239.1758,4:38:34:580075,0
314.5049,237.7474,4:38:34:584675,0
315.6116,236.319,4:38:34:588090,0
316.5461,234.8615,4:38:34:593444,0
317.3086,233.4332,4:38:34:596447,0
317.8988,231.9757,4:38:34:600456,0
318.3169,230.5182,4:38:34:604446,0
318.5628,229.0607,4:38:34:608638,0
318.6858,227.5741,4:38:34:612670,0
318.6858,226.1457,4:38:34:616601,0
318.6858,224.6299,4:38:34:620627,0
318.6858,223.1141,4:38:34:624612,0
317.825,221.6857,4:38:34:628609,0
317.825,220.374,4:38:34:632609,0
316.7675,218.9456,4:38:34:636681,0
316.1281,217.6339,4:38:34:640692,0
315.3903,216.3221,4:38:34:644682,0
314.6278,215.127,4:38:34:648695,0
313.7425,214.0193,4:38:34:652682,0
312.8079,213.1156,4:38:34:656241,0
311.7996,212.1828,4:38:34:660748,0
310.8158,211.2792,4:38:34:663754,0
309.7091,210.5796,4:38:34:668069,0
308.6024,209.9966,4:38:34:672067,0
307.4957,209.4427,4:38:34:676069,0
306.3643,209.0055,4:38:34:680067,0
305.2576,208.6557,4:38:34:684666,0
304.1509,208.3351,4:38:34:688005,0
303.1671,208.0727,4:38:34:692731,0
302.1834,207.8978,4:38:34:695742,0
301.3472,207.7812,4:38:34:700741,0
300.5356,207.6938,4:38:34:703742,0
299.724,207.6938,4:38:34:708741,0
298.9616,207.6938,4:38:34:712739,0
298.2484,207.6938,4:38:34:716742,0
297.5106,207.6938,4:38:34:720740,0
296.7482,207.6938,4:38:34:724750,0
295.9612,207.6938,4:38:34:727837,0
295.1496,208.4808,4:38:34:731860,0
294.338,208.4808,4:38:34:736733,0
293.5756,208.4808,4:38:34:740744,0
292.8132,209.0929,4:38:34:744734,0
292.1,209.0929,4:38:34:748745,0
291.5097,209.0929,4:38:34:752756,0
290.9195,209.5011,4:38:34:756761,0
290.3784,209.5011,4:38:34:760746,0
289.9111,209.5011,4:38:34:763742,0
289.4684,209.5011,4:38:34:768731,0
289.0995,209.5011,4:38:34:772741,0
288.7552,209.5011,4:38:34:776681,0
288.4355,209.5011,4:38:34:780341,0
288.0666,209.5011,4:38:34:784735,0
287.7961,209.5011,4:38:34:788745,0
287.5501,209.5011,4:38:34:792745,0
287.3288,208.9472,4:38:34:796303,0
287.132,208.9472,4:38:34:800298,0
286.9845,208.9472,4:38:34:804300,0
286.8861,208.3351,4:38:34:808299,0
286.7877,208.3351,4:38:34:812360,0
286.7877,207.7812,4:38:34:816371,0
286.7877,207.7812,4:38:34:820181,0
286.7877,207.1691,4:38:34:824733,0
286.7877,206.8484,4:38:34:828068,0
286.7877,206.5569,4:38:34:832134,0
287.4026,206.2071,4:38:34:836071,0
287.4026,205.9156,4:38:34:840067,0
288.0174,205.595,4:38:34:844068,413
288.0174,205.3035,4:38:34:848262,422
288.7306,204.9536,4:38:34:852310,442
289.1241,204.6622,4:38:34:856308,463
289.5668,204.3415,4:38:34:860461,496
290.0095,203.9917,4:38:34:864461,528
290.4522,203.6419,4:38:34:868487,567
290.9195,203.3212,4:38:34:872473,635
291.3376,203.0298,4:38:34:876731,725
291.7802,202.7674,4:38:34:880742,835
292.2475,202.5051,4:38:34:884481,957
292.6902,202.2719,4:38:34:888412,1076
293.1083,202.0678,4:38:34:892409,1188
293.5264,201.8929,4:38:34:896418,1299
293.9445,201.7471,4:38:34:900455,1401
294.338,201.6014,4:38:34:904342,1496
294.7315,201.4848,4:38:34:907856,1577
295.0758,201.3682,4:38:34:911864,1641
295.3709,201.3391,4:38:34:915873,1686
295.6169,201.3099,4:38:34:919865,1718
295.8382,201.2516,4:38:34:924682,1765
295.9612,201.2516,4:38:34:928692,1824
296.0596,201.2516,4:38:34:932693,1910
296.1333,201.2516,4:38:34:936694,2010
296.1333,201.2516,4:38:34:940731,2096
296.1333,201.2516,4:38:34:944741,2173
296.1333,201.2516,4:38:34:948330,2224
296.1333,201.2516,4:38:34:952328,2259
296.1333,201.2516,4:38:34:956331,2282
295.248,201.2516,4:38:34:960328,2290
295.248,201.2516,4:38:34:964726,2299
294.1904,201.2516,4:38:34:968239,2304
293.5018,201.2516,4:38:34:972416,2305
292.7148,201.7471,4:38:34:976337,2308
291.854,201.7471,4:38:34:980339,2305
290.8703,201.7471,4:38:34:984340,2308
289.9111,201.7471,4:38:34:988680,2310
288.952,201.7471,4:38:34:992217,2310
287.9682,201.0767,4:38:34:997215,2314
287.0583,201.0767,4:38:35:000215,2319
286.1975,200.2314,4:38:35:004781,2327
285.4105,199.6192,4:38:35:007791,2341
284.6727,199.007,4:38:35:012792,2357
284.0086,198.3074,4:38:35:016791,2373
283.443,197.4912,4:38:35:020790,2385
282.9757,196.5876,4:38:35:023791,2390
282.6068,195.5965,4:38:35:028433,2389
282.3608,194.5179,4:38:35:032446,2385
282.1641,193.3811,4:38:35:036736,2376
282.1149,192.1277,4:38:35:040780,2369
282.1149,190.8159,4:38:35:044768,2358
282.1149,189.475,4:38:35:047778,2346
282.1149,188.1924,4:38:35:052776,2337
282.9511,186.9389,4:38:35:055778,2328
282.9511,185.7438,4:38:35:060944,2323
283.984,184.6653,4:38:35:063955,2319
284.6235,183.6741,4:38:35:068046,2319
285.3859,182.7997,4:38:35:071955,2324
286.1975,182.1292,4:38:35:076057,2323
287.1075,181.5753,4:38:35:079954,2323
288.042,181.0798,4:38:35:084676,2320
289.0012,180.7592,4:38:35:088353,2312
290.0341,180.526,4:38:35:091885,2314
291.0424,180.3802,4:38:35:095886,2313
292.0754,180.351,4:38:35:099885,2315
293.1083,180.351,4:38:35:103885,2310
294.1167,180.351,4:38:35:108043,2308
295.125,180.351,4:38:35:112051,2308
296.1088,180.351,4:38:35:116052,2308
296.9941,180.351,4:38:35:120051,2316
297.7811,181.4296,4:38:35:124056,2325
298.5927,181.4296,4:38:35:128052,2337
299.3551,182.7122,4:38:35:132048,2355
300.0683,183.645,4:38:35:136084,2375
300.7078,184.7527,4:38:35:140740,2396
301.3226,185.9187,4:38:35:143751,2421
301.8637,187.2887,4:38:35:148751,2448
302.4294,188.7754,4:38:35:152753,2480
303.0196,190.3786,4:38:35:156749,2517
303.5607,192.011,4:38:35:160769,2556
304.0279,193.7018,4:38:35:165550,2594
304.4952,195.509,4:38:35:168559,2638
304.9133,197.3455,4:38:35:172559,2678
305.2822,199.2111,4:38:35:176559,2720
305.6265,201.135,4:38:35:180559,2760
305.8971,203.1755,4:38:35:184572,2801
306.1184,205.2451,4:38:35:188672,2847
306.2906,207.4897,4:38:35:192601,2893
306.4135,209.7343,4:38:35:196604,2947
306.4627,212.1828,4:38:35:200604,2988
306.4873,214.8938,4:38:35:204666,3033
306.4873,217.7213,4:38:35:208676,3074
306.4873,220.7238,4:38:35:212677,3103
306.4873,223.872,4:38:35:216698,3139
306.4873,227.1077,4:38:35:220676,3171
306.4873,230.3141,4:38:35:224677,3203
306.4873,233.6373,4:38:35:228423,3239
306.4873,236.8729,4:38:35:232434,3276
306.0692,240.0211,4:38:35:236729,3314
306.0692,243.1402,4:38:35:240775,3360
306.0692,246.2883,4:38:35:244764,3406
306.0692,249.4657,4:38:35:248768,3456
306.0692,252.7305,4:38:35:252764,3499
306.0692,256.0828,4:38:35:255764,3532
306.0692,259.5225,4:38:35:260730,3565
306.0692,262.9622,4:38:35:264741,3599
305.7741,266.4601,4:38:35:268732,3637
305.7741,269.8998,4:38:35:272742,3678
305.7741,273.2521,4:38:35:276726,3718
305.6019,276.4878,4:38:35:280726,3747
305.6019,279.636,4:38:35:284726,3773
305.6019,282.5801,4:38:35:288726,3790
305.6019,285.4368,4:38:35:292729,3801
305.6019,288.2643,4:38:35:296736,3811
305.6019,290.9461,4:38:35:299814,3811
306.3152,293.5405,4:38:35:303814,3811
306.3152,296.0765,4:38:35:307817,3804
306.9546,298.4085,4:38:35:311817,3765
306.9546,300.5365,4:38:35:316279,3693
307.6432,302.577,4:38:35:321308,3569
308.0367,304.3552,4:38:35:324287,3373
308.381,305.8418,4:38:35:328288,3109
308.6761,307.0952,4:38:35:332524,2734
308.9959,308.0572,4:38:35:336547,2134
309.3402,308.7568,4:38:35:340722,1386
309.6107,309.1649,4:38:35:344730,734
309.9059,309.2815,4:38:35:348733,0
310.1764,309.2815,4:38:35:351732,0
310.4223,309.2815,4:38:35:356735,0
310.6928,307.8823,4:38:35:359749,0
310.9388,306.7746,4:38:35:364678,0
311.1601,305.2879,4:38:35:367856,0
311.3323,303.4807,4:38:35:372059,0
311.4553,301.3235,4:38:35:376056,0
311.6274,298.9333,4:38:35:380059,0
311.7504,296.1349,4:38:35:384056,0
311.8979,293.1324,4:38:35:388724,0
312.0947,290.0425,4:38:35:392749,0
312.3406,286.836,4:38:35:396126,0
312.562,283.7169,4:38:35:400136,0
312.9309,280.627,4:38:35:404139,0
313.3736,277.712,4:38:35:408194,0
313.8409,274.972,4:38:35:412192,0
314.2835,272.4359,4:38:35:416191,0
314.677,270.1913,4:38:35:420192,0
315.0951,268.0051,4:38:35:424726,0
315.3411,265.9646,4:38:35:428736,0
315.5132,264.1281,4:38:35:432726,0
315.5132,262.3792,4:38:35:436737,0
315.5132,260.8342,4:38:35:439736,0
315.5132,259.2601,4:38:35:444736,0
314.4557,257.9483,4:38:35:448736,0
313.7671,256.6075,4:38:35:452725,0
312.9309,255.3831,4:38:35:456736,0
311.8979,254.2755,4:38:35:460790,0
310.7174,253.1386,4:38:35:463796,0
309.3648,252.06,4:38:35:468673,0
307.9138,250.9815,4:38:35:472685,0
306.2906,249.9904,4:38:35:476683,0
304.7166,248.9118,4:38:35:480684,0
303.118,247.8916,4:38:35:484683,0
301.4456,247.0171,4:38:35:488694,0
299.8224,246.1718,4:38:35:492714,0
298.273,245.4138,4:38:35:496727,0
296.7728,244.8017,4:38:35:501179,0
295.3463,244.2478,4:38:35:504180,0
293.9937,243.7814,4:38:35:508190,0
292.7148,243.4608,4:38:35:512179,0
291.4851,243.1985,4:38:35:516179,0
290.3292,242.9944,4:38:35:520182,0
289.2963,242.7903,4:38:35:524678,0
288.2879,242.7321,4:38:35:528689,0
287.4518,242.6446,4:38:35:532686,0
286.6648,242.5863,4:38:35:536688,0
286.0007,242.528,4:38:35:540690,0
285.3859,242.4697,4:38:35:544693,0
284.894,242.3822,4:38:35:548722,0
284.4513,242.3531,4:38:35:552732,0
284.0332,242.2657,4:38:35:556727,0
283.6643,242.1782,4:38:35:559738,0
283.32,242.0907,4:38:35:564737,0
283.0495,241.945,4:38:35:568738,0
282.7543,241.7993,4:38:35:572960,0
282.4838,241.6243,4:38:35:576472,0
282.1887,241.4203,4:38:35:580476,0
281.8936,241.2454,4:38:35:584477,0
281.5739,241.0414,4:38:35:588486,0
281.3033,240.8665,4:38:35:592474,0
280.959,240.6915,4:38:35:596731,0
280.5655,240.575,4:38:35:601251,0
280.1966,240.4001,4:38:35:604246,0
279.7539,240.2543,4:38:35:608730,0
279.3604,240.0794,4:38:35:612741,0
278.8931,239.9337,4:38:35:616314,0
278.4258,239.7587,4:38:35:620315,0
277.9586,239.5838,4:38:35:624373,0
277.4421,239.3506,4:38:35:628314,0
276.9748,239.1174,4:38:35:632678,0
276.4829,238.9134,4:38:35:636659,0
275.9911,238.6802,4:38:35:640793,0
275.45,238.4178,4:38:35:644044,0
274.9089,238.1555,4:38:35:648044,0
274.4171,237.9514,4:38:35:652044,0
273.9006,237.6891,4:38:35:657043,0
273.3349,237.4559,4:38:35:660068,0
272.7447,237.2518,4:38:35:664733,0
272.1299,237.0478,4:38:35:668163,0
271.5396,236.8729,4:38:35:672729,0
270.9247,236.7271,4:38:35:676740,0
270.3591,236.6105,4:38:35:680729,0
269.7934,236.4939,4:38:35:684739,0
269.2278,236.3773,4:38:35:687736,0
268.6621,236.2899,4:38:35:692738,0
268.1703,236.2025,4:38:35:695737,0
267.6784,236.0858,4:38:35:700682,0
267.1619,235.9693,4:38:35:704693,0
266.6946,235.8818,4:38:35:708693,0
266.2274,235.7361,4:38:35:712693,0
265.7355,235.6194,4:38:35:716693,0
265.2436,235.4154,4:38:35:720693,0
264.8009,235.2405,4:38:35:724693,0
264.3582,235.0656,4:38:35:728281,0
264.0139,234.8615,4:38:35:732325,0
263.645,234.6866,4:38:35:736798,0
263.2761,234.4534,4:38:35:739806,845
262.9318,234.2494,4:38:35:744808,848
262.6121,234.0162,4:38:35:748808,852
262.3415,233.8121,4:38:35:752808,862
262.071,233.6081,4:38:35:755809,901
261.8251,233.4332,4:38:35:760918,978
261.6037,233.2,4:38:35:763928,1089
261.4315,233.0542,4:38:35:767861,1233
261.2594,232.9085,4:38:35:771863,1381
261.1364,232.7919,4:38:35:775864,1504
261.0627,232.7336,4:38:35:780864,1619
260.9889,232.6461,4:38:35:784730,1705
260.9151,232.617,4:38:35:788741,1765
260.8905,232.5878,4:38:35:791910,1822
260.8905,232.5296,4:38:35:795910,1863
260.8905,232.5296,4:38:35:799912,1905
260.8905,232.5296,4:38:35:803911,1948
260.8905,232.5296,4:38:35:808833,1988
260.8905,232.5296,4:38:35:811857,2027
260.8905,232.5296,4:38:35:816679,2057
260.8905,232.5296,4:38:35:820695,2085
260.8905,232.5296,4:38:35:824730,2110
261.4315,232.5296,4:38:35:828740,2129
261.4315,232.5296,4:38:35:832748,2149
262.0218,232.5296,4:38:35:836738,2171
262.4153,232.5296,4:38:35:840740,2200
262.9318,232.5296,4:38:35:843740,2232
263.5712,232.5296,4:38:35:848730,2266
264.3336,232.5296,4:38:35:852740,2307
265.1698,232.5296,4:38:35:856732,2348
266.1536,232.5296,4:38:35:860753,2400
267.2111,232.5296,4:38:35:864678,2462
268.4162,232.5296,4:38:35:868619,2520
269.7934,232.5296,4:38:35:872661,2577
271.2937,232.5296,4:38:35:876619,2622
272.8922,231.9465,4:38:35:880996,2655
274.6138,231.9465,4:38:35:884007,2686
276.4583,231.9465,4:38:35:888006,2710
278.3275,231.5093,4:38:35:892009,2732
280.295,231.5093,4:38:35:896009,2752
282.287,231.1595,4:38:35:900007,2768
284.3529,231.1595,4:38:35:904677,2787
286.4434,230.8097,4:38:35:908079,2805
288.6077,230.8097,4:38:35:912077,2825
290.7965,230.4308,4:38:35:916078,2851
292.9854,230.2558,4:38:35:920078,2878
295.248,230.0226,4:38:35:924078,2907
297.5844,229.7894,4:38:35:928159,2941
299.9454,229.5854,4:38:35:932195,2970
302.3802,229.3522,4:38:35:937218,2990
304.8395,229.1481,4:38:35:940228,3012
307.3481,228.8275,4:38:35:944732,3025
309.8321,228.6234,4:38:35:947740,3038
312.3898,228.332,4:38:35:952742,3047
314.9968,228.0696,4:38:35:956743,3058
317.5791,227.7781,4:38:35:961619,3067
320.2352,227.5157,4:38:35:964628,3079
322.7684,227.2242,4:38:35:968635,3092
325.3015,226.9619,4:38:35:972629,3100
327.9576,226.6996,4:38:35:976629,3111
330.6138,226.4372,4:38:35:980650,3118
333.3683,226.204,4:38:35:984762,3130
336.1474,225.9417,4:38:35:988765,3142
339.0494,225.7376,4:38:35:992763,3151
342.0007,225.4753,4:38:35:996762,3158
345.1733,225.2421,4:38:36:000773,3163
348.4688,225.038,4:38:36:004773,3166
351.7152,224.834,4:38:36:008781,3171
355.1092,224.6299,4:38:36:012775,3175
358.6015,224.3967,4:38:36:017274,3182
362.1184,224.2218,4:38:36:020272,3192
365.7582,224.0177,4:38:36:024273,3201
369.4719,223.8428,4:38:36:028273,3210
373.2101,223.668,4:38:36:032603,3216
376.9976,223.5222,4:38:36:036667,3221
380.8342,223.3473,4:38:36:040396,3223
384.7446,223.2016,4:38:36:044410,3224
388.655,223.1432,4:38:36:048736,3225
392.5408,223.0266,4:38:36:051747,3228
396.525,222.91,4:38:36:056730,3227
400.4846,222.8517,4:38:36:059775,3234
404.518,222.7643,4:38:36:064752,3237
408.6252,222.7352,4:38:36:068742,3236
412.8307,222.706,4:38:36:072740,3240
416.9378,222.706,4:38:36:075743,3238
421.1188,222.706,4:38:36:080724,3239
425.3243,222.706,4:38:36:084733,3240
429.5298,222.706,4:38:36:088733,3240
433.76,222.706,4:38:36:092735,3241
437.9655,222.706,4:38:36:096732,3241
442.0235,222.706,4:38:36:100734,3245
446.1798,222.706,4:38:36:104746,3245
450.2378,222.706,4:38:36:108765,3246
454.1974,222.706,4:38:36:112694,3247
458.0832,222.706,4:38:36:116675,3244
461.8214,222.706,4:38:36:120676,3242
465.3875,222.706,4:38:36:124671,3245
468.8061,222.706,4:38:36:128838,3245
472.1262,222.706,4:38:36:132846,3244
475.2496,222.706,4:38:36:136242,3243
478.2009,222.706,4:38:36:140127,3239
481.0046,222.706,4:38:36:144124,3238
483.6361,222.1813,4:38:36:148126,3236
486.1693,222.1813,4:38:36:152673,3235
488.5794,222.1813,4:38:36:156219,3235
490.8421,222.1813,4:38:36:160211,3234
493.0555,221.8315,4:38:36:164208,3234
495.1952,221.8315,4:38:36:168221,3233
497.2856,221.8315,4:38:36:172210,3236
499.2777,221.8315,4:38:36:176411,3238
501.196,221.8315,4:38:36:180369,3241
503.0406,221.8315,4:38:36:184598,3244
504.7867,221.8315,4:38:36:188573,3244
506.4345,221.8315,4:38:36:192554,3244
507.9593,221.8315,4:38:36:196548,3243
509.4103,221.8315,4:38:36:200716,3241
510.7138,221.8315,4:38:36:204728,3238
511.9435,222.3853,4:38:36:208727,3234
513.0748,222.3853,4:38:36:212725,3234
514.1815,222.3853,4:38:36:216726,3236
515.1407,222.3853,4:38:36:220727,3239
516.0015,222.7934,4:38:36:224627,3241
516.7147,222.7934,4:38:36:228630,3239
517.3295,222.7934,4:38:36:232643,3237
517.8952,222.7934,4:38:36:236617,3233
518.3871,223.1141,4:38:36:240673,3231
518.7806,223.1141,4:38:36:244628,3231
519.0511,223.1141,4:38:36:248725,3232
519.2725,223.2598,4:38:36:252735,3225
519.4692,223.3181,4:38:36:256735,3192
519.6414,223.3181,4:38:36:260734,3126
519.7397,223.3473,4:38:36:264760,3023
519.7643,223.3473,4:38:36:267733,2876
519.8135,223.3473,4:38:36:272068,2678
519.8135,223.3473,4:38:36:276079,2409
519.8135,223.3473,4:38:36:280724,2029
519.8135,223.3473,4:38:36:284067,1522
519.8135,223.3473,4:38:36:287886,944
519.8135,223.3473,4:38:36:291855,471
519.0511,223.3473,4:38:36:296855,0
519.0511,223.3473,4:38:36:300857,0
518.0181,223.3473,4:38:36:304670,0
517.2065,223.3473,4:38:36:307967,0
516.149,222.7352,4:38:36:311965,0
514.8456,222.7352,4:38:36:315965,0
513.2961,222.7352,4:38:36:319965,0
511.5008,222.0356,4:38:36:324675,0
509.4349,222.0356,4:38:36:328064,0
507.1723,221.336,4:38:36:332634,0
504.713,220.957,4:38:36:336634,0
502.0322,220.578,4:38:36:340086,0
499.0318,220.1991,4:38:36:344086,0
495.8838,219.9076,4:38:36:348674,0
492.4406,219.6452,4:38:36:352685,0
488.85,219.412,4:38:36:356685,0
485.0379,219.208,4:38:36:360682,0
481.0783,219.208,4:38:36:364693,0
476.8482,219.208,4:38:36:368785,0
472.4214,219.208,4:38:36:371786,0
467.9453,219.208,4:38:36:376786,0
463.3217,219.208,4:38:36:379789,0
458.6488,220.17,4:38:36:384723,0
453.9023,220.17,4:38:36:387733,0
449.0819,221.1028,4:38:36:392672,0
444.1877,221.6274,4:38:36:395916,0
439.3673,222.1813,4:38:36:399840,0
434.5962,222.7643,4:38:36:403836,0
429.825,223.4639,4:38:36:407836,0
425.2014,224.1635,4:38:36:411836,0
420.7007,224.834,4:38:36:416726,0
416.2492,225.621,4:38:36:420745,0
411.9453,226.3497,4:38:36:424736,0
407.6906,227.1077,4:38:36:428730,0
403.731,227.9238,4:38:36:432741,0
399.8698,228.7401,4:38:36:436755,0
396.1807,229.5562,4:38:36:440441,0
392.6146,230.4016,4:38:36:444425,0
389.2453,231.2761,4:38:36:448427,0
386.1219,232.2089,4:38:36:452427,0
383.2198,233.0834,4:38:36:456427,0
380.5883,234.0453,4:38:36:460443,0
378.1289,234.949,4:38:36:464427,0
375.9647,235.8235,4:38:36:468731,0
374.0709,236.7271,4:38:36:472073,0
372.3494,237.5434,4:38:36:476648,0
370.8492,238.3304,4:38:36:480563,0
369.5211,239.03,4:38:36:484565,0
368.439,239.6713,4:38:36:489563,0
367.5044,240.196,4:38:36:492563,0
366.6928,240.6915,4:38:36:496850,0
365.9796,241.0997,4:38:36:499860,0
365.4631,241.362,4:38:36:503862,0
365.0696,241.5078,4:38:36:507863,0
364.7007,241.5661,4:38:36:511900,0
364.4794,241.5661,4:38:36:515883,0
364.2826,241.5661,4:38:36:519930,0
364.1597,241.5661,4:38:36:523929,0
364.0613,241.5661,4:38:36:528675,0
363.9383,240.7207,4:38:36:531914,0
363.7907,240.7207,4:38:36:536814,0
363.594,240.0502,4:38:36:540824,0
363.4464,240.0502,4:38:36:544823,0
363.2005,239.3506,4:38:36:547822,0
362.9792,239.3506,4:38:36:552887,0
362.7578,238.651,4:38:36:555899,0
362.5365,238.651,4:38:36:560615,0
362.3151,237.9806,4:38:36:564586,0
362.0938,237.9806,4:38:36:568585,0
361.897,237.4559,4:38:36:572627,0
361.7003,237.4559,4:38:36:576586,0
361.4789,237.1644,4:38:36:580680,0
361.1838,237.1644,4:38:36:584312,0
360.9133,237.0186,4:38:36:588675,0
360.6182,237.0186,4:38:36:592574,0
360.323,237.0186,4:38:36:596562,0
360.0279,237.0186,4:38:36:600121,0
359.6836,237.0186,4:38:36:604472,0
359.3885,237.0186,4:38:36:608392,0
359.0688,237.0186,4:38:36:612426,0
358.7244,237.0186,4:38:36:616393,0
358.4047,237.6599,4:38:36:620677,0
358.1096,237.6599,4:38:36:623968,0
357.8391,237.6599,4:38:36:628677,0
357.5439,237.6599,4:38:36:632515,0
357.3226,238.0681,4:38:36:636814,0
357.1505,238.0681,4:38:36:639826,0
356.9783,238.0681,4:38:36:643823,0
356.9045,238.0681,4:38:36:647826,0
356.8553,238.3595,4:38:36:651825,0
356.8553,238.3595,4:38:36:655826,0
356.8553,238.3595,4:38:36:660727,0
356.8553,238.3595,4:38:36:663739,0
356.8553,238.3595,4:38:36:668783,0
356.8553,238.3595,4:38:36:671783,0
356.8553,238.3595,4:38:36:675780,0
357.421,238.3595,4:38:36:680783,0
357.421,238.3595,4:38:36:684783,0
357.421,238.3595,4:38:36:687783,0
357.8882,238.3595,4:38:36:692728,0
357.8882,238.3595,4:38:36:696738,0
357.8882,237.7474,4:38:36:700754,0
358.2817,237.7474,4:38:36:705339,0
358.2817,237.7474,4:38:36:708352,0
358.2817,237.7474,4:38:36:712409,0
358.2817,237.3102,4:38:36:716352,0
358.2817,237.3102,4:38:36:720352,0
358.2817,237.0478,4:38:36:724731,0
358.2817,237.0478,4:38:36:727740,0
358.2817,236.7854,4:38:36:732517,0
358.2817,236.6397,4:38:36:736534,0
358.2817,236.4939,4:38:36:740730,0
358.2817,236.319,4:38:36:743740,0
358.2817,236.1733,4:38:36:748739,0
358.2817,235.9693,4:38:36:751740,0
358.2817,235.7943,4:38:36:756745,0
358.2817,235.5903,4:38:36:760264,0
358.2817,235.3862,4:38:36:764822,0
358.2817,235.1822,4:38:36:767827,0
358.2817,234.9781,4:38:36:772725,0
358.2817,234.8033,4:38:36:776735,0
358.2817,234.5701,4:38:36:780735,0
358.2817,234.3951,4:38:36:784733,0
358.2817,234.2202,4:38:36:787735,0
358.2817,234.0453,4:38:36:792727,0
358.2817,233.8705,4:38:36:796738,0
358.749,233.7247,4:38:36:800738,0
358.749,233.5498,4:38:36:803737,0
358.749,233.4332,4:38:36:808749,0
358.749,233.2874,4:38:36:811752,0
359.0688,233.1709,4:38:36:816730,0
359.0688,233.0542,4:38:36:819743,0
359.0688,232.9959,4:38:36:824791,0
359.0688,232.8793,4:38:36:828791,0
359.0688,232.7919,4:38:36:831793,0
359.0688,232.7336,4:38:36:836790,0
359.0688,232.6461,4:38:36:839794,0
359.0688,232.5878,4:38:36:844801,0
359.0688,232.5004,4:38:36:847802,0
359.0688,232.4421,4:38:36:852730,755
359.0688,232.3255,4:38:36:855743,775
359.0688,232.2672,4:38:36:860730,817
359.0688,232.2089,4:38:36:863743,887
359.0688,232.1797,4:38:36:868756,986
359.0688,232.0923,4:38:36:872741,1081
359.0688,232.0632,4:38:36:876874,1165
359.0688,232.034,4:38:36:880135,1232
359.0688,232.034,4:38:36:884674,1270
359.0688,232.034,4:38:36:888016,1289
359.0688,232.034,4:38:36:892730,1301
359.0688,232.034,4:38:36:895740,1309
359.0688,232.034,4:38:36:900741,1355
359.0688,232.034,4:38:36:903740,1420
359.536,232.034,4:38:36:908746,1491
359.536,232.617,4:38:36:912262,1572
359.536,232.617,4:38:36:916821,1642
359.8065,232.617,4:38:36:919842,1713
359.8065,233.3457,4:38:36:924730,1793
360.1017,233.3457,4:38:36:928740,1872
360.1017,234.1328,4:38:36:932740,1928
360.3722,234.5701,4:38:36:936756,1984
360.569,235.0947,4:38:36:940744,2027
360.6919,235.6486,4:38:36:944755,2061
360.8149,236.2899,4:38:36:948743,2103
360.9133,236.9895,4:38:36:951749,2135
361.0117,237.7182,4:38:36:956904,2170
361.0854,238.5345,4:38:36:959913,2203
361.1592,239.3506,4:38:36:963917,2231
361.2576,240.1669,4:38:36:967914,2253
361.2576,241.0414,4:38:36:971921,2275
361.2576,241.9158,4:38:36:975915,2292
361.2576,242.7612,4:38:36:980731,2304
361.2576,243.5482,4:38:36:984741,2320
361.2576,244.3062,4:38:36:988696,2331
361.2576,245.064,4:38:36:992609,2346
361.2576,245.7345,4:38:36:996655,2362
361.2576,246.3466,4:38:37:000611,2374
361.2576,246.9005,4:38:37:004675,2385
361.2576,247.396,4:38:37:008626,2396
361.2576,247.8042,4:38:37:011962,2405
361.2576,248.1248,4:38:37:016979,2413
361.2576,248.4163,4:38:37:019965,2417
361.2576,248.6203,4:38:37:023968,2424
361.2576,248.7952,4:38:37:028709,2431
361.2576,248.8535,4:38:37:032717,2446
361.2576,248.9118,4:38:37:036740,2470
361.2576,248.941,4:38:37:040721,2498
361.2576,248.941,4:38:37:044722,2535
361.2576,248.941,4:38:37:048717,2571
361.2576,248.941,4:38:37:053000,2609
361.2576,248.941,4:38:37:056010,2637
361.2576,248.941,4:38:37:060043,2654
361.2576,248.941,4:38:37:064010,2663
361.2576,248.941,4:38:37:068078,2663
361.2576,248.941,4:38:37:072244,2662
361.2576,248.941,4:38:37:076675,2663
361.2576,248.941,4:38:37:080255,2667
361.2576,248.2706,4:38:37:084724,2669
361.2576,248.2706,4:38:37:087736,2671
361.2576,248.2706,4:38:37:092734,2676
361.2576,247.6875,4:38:37:096734,2680
361.2576,247.6875,4:38:37:100996,2680
361.2576,247.2503,4:38:37:104009,2681
361.2576,247.2503,4:38:37:108472,2678
361.2576,246.7256,4:38:37:112485,2676
360.6674,246.4632,4:38:37:116483,2679
360.6674,246.1718,4:38:37:120480,2680
360.6674,245.8219,4:38:37:124487,2678
360.0033,245.5013,4:38:37:128500,2676
360.0033,245.2098,4:38:37:132603,2674
359.3885,244.9183,4:38:37:136614,2673
359.0688,244.5685,4:38:37:140646,2673
358.6507,244.277,4:38:37:144612,2671
358.2572,244.0146,4:38:37:148702,2667
357.7899,243.7523,4:38:37:152710,2666
357.2488,243.5774,4:38:37:155866,2663
356.6832,243.4317,4:38:37:160861,2660
356.0929,243.315,4:38:37:164860,2660
355.4781,243.2276,4:38:37:167867,2653
354.814,243.2276,4:38:37:172673,2648
354.1254,243.2276,4:38:37:175995,2646
353.4122,243.2276,4:38:37:180725,2644
352.699,243.2276,4:38:37:183735,2646
351.9857,244.1604,4:38:37:188786,2645
351.2479,244.1604,4:38:37:192783,2641
350.5101,245.064,4:38:37:196784,2639
349.7477,245.5596,4:38:37:199784,2635
349.0345,246.2009,4:38:37:204728,2633
348.3459,246.9005,4:38:37:208736,2635
347.6573,247.7167,4:38:37:212530,2634
347.0178,248.6203,4:38:37:216519,2634
346.3784,249.4948,4:38:37:220522,2637
345.8127,250.4859,4:38:37:224521,2639
345.3208,251.4187,4:38:37:229025,2641
344.9273,252.4099,4:38:37:233031,2646
344.583,253.3718,4:38:37:237028,2643
344.3125,254.392,4:38:37:240028,2637
344.1404,255.354,4:38:37:244678,2626
344.0666,256.3159,4:38:37:248048,2614
344.0666,257.2196,4:38:37:252519,2608
344.0666,258.1233,4:38:37:256520,2603
344.0666,259.0561,4:38:37:260544,2600
344.6322,259.8723,4:38:37:264520,2596
344.6322,260.6302,4:38:37:268917,2595
345.3454,261.3006,4:38:37:271928,2592
345.3454,261.8836,4:38:37:276541,2591
346.2308,262.4083,4:38:37:280566,2596
346.7227,262.9038,4:38:37:284601,2597
347.2638,263.312,4:38:37:288536,2601
347.8294,263.6326,4:38:37:292976,2605
348.3951,263.895,4:38:37:295997,2607
349.0099,264.1281,4:38:37:300097,2608
349.6248,264.2739,4:38:37:304096,2610
350.2888,264.4196,4:38:37:308098,2611
350.9528,264.4488,4:38:37:312097,2611
351.6414,264.4488,4:38:37:316636,2612
352.2809,264.4488,4:38:37:320646,2614
352.9203,264.4488,4:38:37:324644,2615
353.5598,264.4488,4:38:37:328644,2616
354.2238,264.4488,4:38:37:332644,2613
354.8386,263.5743,4:38:37:336645,2608
355.5027,263.5743,4:38:37:340828,2606
356.1421,262.9622,4:38:37:343839,2605
356.7569,262.9622,4:38:37:348922,2607
357.3718,262.2917,4:38:37:351932,2606
358.0604,262.2917,4:38:37:355949,2603
358.6998,261.6504,4:38:37:359932,2599
359.3885,261.6504,4:38:37:363982,2595
360.0279,261.0966,4:38:37:367932,2592
360.5936,260.8342,4:38:37:372719,2593
361.1838,260.601,4:38:37:376729,2592
361.8232,260.3678,4:38:37:380474,2593
362.4381,260.222,4:38:37:384375,2595
363.0529,260.0763,4:38:37:388416,2592
363.7416,259.9305,4:38:37:392357,2595
364.4056,259.8139,4:38:37:396699,2596
365.1188,259.7265,4:38:37:400727,2593
365.9796,259.6682,4:38:37:404709,2597
366.8158,259.639,4:38:37:408553,2596
367.6274,259.639,4:38:37:412552,2595
368.439,259.639,4:38:37:416552,2598
369.2505,259.639,4:38:37:420552,2597
369.9884,259.639,4:38:37:424552,2600
370.7262,259.639,4:38:37:428552,2605
371.3656,260.3095,4:38:37:433111,2608
372.0051,260.3095,4:38:37:436122,2614
372.5953,260.8925,4:38:37:440122,2618
373.0872,260.8925,4:38:37:444125,2623
373.5791,261.7087,4:38:37:448181,2625
374.0218,261.7087,4:38:37:452122,2628
374.4398,262.6123,4:38:37:456668,2634
374.8087,263.1079,4:38:37:460686,2640
375.0793,263.6035,4:38:37:464698,2650
375.3498,264.1281,4:38:37:468677,2660
375.5466,264.5945,4:38:37:472718,2666
375.7187,265.1484,4:38:37:476727,2672
375.8171,265.7022,4:38:37:480841,2677
375.8663,266.3144,4:38:37:483839,2683
375.8663,266.8683,4:38:37:488019,2688
375.8663,267.4513,4:38:37:491984,2694
375.8663,268.0926,4:38:37:495984,2699
375.8663,268.7047,4:38:37:499981,2704
375.8663,269.346,4:38:37:503981,2710
375.8663,270.0164,4:38:37:507994,2708
375.2514,270.6286,4:38:37:511991,2701
375.2514,271.2699,4:38:37:515992,2675
374.7841,271.882,4:38:37:519992,2617
374.7841,272.4942,4:38:37:523992,2526
374.2185,273.048,4:38:37:528427,2384
374.2185,273.6019,4:38:37:532437,2180
373.5545,274.1558,4:38:37:536999,1901
373.2593,274.593,4:38:37:540004,1529
372.915,275.0302,4:38:37:544859,1076
372.5707,275.4092,4:38:37:548848,627
372.1772,275.6715,4:38:37:555050,285
371.7099,275.9339,4:38:37:557081,0
371.2426,276.1379,4:38:37:560064,0
370.677,276.2545,4:38:37:564096,0
370.0868,276.3128,4:38:37:568063,0
369.4473,276.3128,4:38:37:572672,0
368.7095,276.3128,4:38:37:576156,0
367.9963,276.3128,4:38:37:580719,0
367.2831,276.3128,4:38:37:584730,0
366.5207,276.3128,4:38:37:588727,0
365.7582,275.7007,4:38:37:592729,0
365.0696,275.7007,4:38:37:596730,0
364.4056,275.7007,4:38:37:599729,0
363.8153,275.7007,4:38:37:604672,0
363.2497,275.1177,4:38:37:607859,0
362.684,275.1177,4:38:37:612668,0
362.1922,275.1177,4:38:37:616679,0
361.7249,274.7679,4:38:37:620678,0
361.2822,274.7679,4:38:37:624680,0
360.8149,274.7679,4:38:37:628678,0
360.3476,274.5347,4:38:37:632676,0
359.8065,274.5347,4:38:37:636676,0
359.2901,274.3598,4:38:37:640720,0
358.7736,274.3598,4:38:37:644097,0
358.3063,274.2141,4:38:37:647829,0
357.8391,274.1266,4:38:37:651827,0
357.421,274.0392,4:38:37:656829,0
357.0275,273.9808,4:38:37:659855,0
356.6832,273.8643,4:38:37:664886,0
356.4126,273.7477,4:38:37:667896,0
356.1667,273.631,4:38:37:671896,0
355.9699,273.4853,4:38:37:675899,0
355.8224,273.3395,4:38:37:679951,0
355.6994,273.1938,4:38:37:683899,0
355.5273,273.048,4:38:37:687872,0
355.4535,272.844,4:38:37:691909,0
355.3305,272.6691,4:38:37:696040,0
355.2567,272.4942,4:38:37:700051,0
355.1338,272.261,4:38:37:704727,0
355.0354,272.0861,4:38:37:708737,0
354.8878,271.8529,4:38:37:711885,0
354.7157,271.6488,4:38:37:715885,0
354.5681,271.4156,4:38:37:719888,0
354.3713,271.1824,4:38:37:723888,0
354.2238,270.9784,4:38:37:728729,0
354.0024,270.7452,4:38:37:731739,0
353.8303,270.512,4:38:37:736673,0
353.6335,270.308,4:38:37:740049,0
353.4122,270.0747,4:38:37:744048,0
353.2154,269.8998,4:38:37:748049,0
353.0433,269.6958,4:38:37:752051,0
352.8465,269.4918,4:38:37:756049,0
352.699,269.2585,4:38:37:760793,699
352.5268,269.0545,4:38:37:764793,701
352.3546,268.8504,4:38:37:768792,707
352.2317,268.6755,4:38:37:771793,726
352.0595,268.4424,4:38:37:776793,769
351.912,268.2383,4:38:37:779792,832
351.7152,268.0051,4:38:37:784677,912
351.5431,267.7719,4:38:37:788687,991
351.3463,267.5678,4:38:37:792685,1057
351.125,267.3638,4:38:37:796687,1105
350.9036,267.1598,4:38:37:800933,1142
350.7069,266.9557,4:38:37:803943,1172
350.4363,266.7808,4:38:37:807943,1195
350.1904,266.6642,4:38:37:811943,1226
349.8953,266.5768,4:38:37:815945,1257
349.5756,266.4893,4:38:37:819943,1293
349.2313,266.4893,4:38:37:824014,1340
348.8623,266.4893,4:38:37:828049,1395
348.4442,266.4893,4:38:37:832870,1445
348.0016,266.4893,4:38:37:836879,1495
347.5835,266.4893,4:38:37:840878,1543
347.0916,267.1598,4:38:37:843910,1580
346.5997,267.1598,4:38:37:847883,1629
346.0833,267.7427,4:38:37:851883,1678
345.5668,267.7427,4:38:37:855835,1722
345.0503,268.5006,4:38:37:859891,1768
344.5092,268.9379,4:38:37:864726,1804
343.9436,269.3752,4:38:37:868737,1840
343.4271,269.8998,4:38:37:872526,1881
342.9106,270.4828,4:38:37:876503,1920
342.4188,271.0659,4:38:37:880505,1961
341.9515,271.7072,4:38:37:884502,2004
341.5334,272.3776,4:38:37:888488,2048
341.1645,273.1064,4:38:37:892513,2100
340.8448,273.9225,4:38:37:896592,2146
340.5988,274.7679,4:38:37:900560,2197
340.4513,275.6715,4:38:37:904575,2246
340.3283,276.6335,4:38:37:908559,2292
340.3283,277.6829,4:38:37:912667,2339
340.3283,278.674,4:38:37:916568,2390
340.3283,279.7526,4:38:37:920507,2431
340.3283,280.8019,4:38:37:924508,2465
341.1891,281.8805,4:38:37:928508,2496
341.1891,282.9299,4:38:37:932507,2521
342.1729,283.8918,4:38:37:936566,2546
342.7631,284.8246,4:38:37:940573,2571
343.3779,285.7283,4:38:37:944684,2597
344.0666,286.6028,4:38:37:948695,2620
344.829,287.3315,4:38:37:952608,2646
345.6406,288.0312,4:38:37:956614,2668
346.4521,288.585,4:38:37:959933,2686
347.3129,289.1097,4:38:37:963838,2699
348.2229,289.5178,4:38:37:967837,2705
349.2067,289.8093,4:38:37:971842,2713
350.1904,290.0425,4:38:37:975842,2717
351.1988,290.1008,4:38:37:979848,2711
352.2317,290.1008,4:38:37:983847,2673
353.2646,290.1008,4:38:37:988848,2581
354.2976,290.1008,4:38:37:992666,2423
355.3305,289.4012,4:38:37:996861,2183
356.2651,289.4012,4:38:38:000262,1843
357.1505,288.5267,4:38:38:004262,1423
358.0358,287.9146,4:38:38:008262,939
358.8474,287.2441,4:38:38:012263,508
359.536,286.5445,4:38:38:016666,206
360.1017,285.8449,4:38:38:020675,0
360.569,285.1453,4:38:38:024570,0
360.8887,284.4165,4:38:38:028576,0
361.1346,283.7169,4:38:38:032642,0
361.2576,283.0465,4:38:38:036663,0
361.2576,282.376,4:38:38:040641,0
361.2576,281.7639,4:38:38:044641,0
361.2576,281.2101,4:38:38:048639,0
361.2576,280.7145,4:38:38:053060,0
360.4214,280.219,4:38:38:056070,0
360.4214,279.7817,4:38:38:060070,0
359.6098,279.4027,4:38:38:064091,0
359.0934,279.0821,4:38:38:068070,0
358.5277,278.7906,4:38:38:073070,0
357.9128,278.5283,4:38:38:076840,0
357.1996,278.2659,4:38:38:079850,0
356.4618,278.0619,4:38:38:083879,0
355.724,277.8578,4:38:38:087850,0
354.8878,277.712,4:38:38:091849,0
354.0024,277.508,4:38:38:095850,0
353.0679,277.3622,4:38:38:100668,0
352.1087,277.2165,4:38:38:104695,0
351.1004,277.0999,4:38:38:108714,0
350.0428,277.0125,4:38:38:112725,0
348.9361,276.8958,4:38:38:116724,0
347.7802,276.8667,4:38:38:120722,0
346.5997,276.8084,4:38:38:124744,0
345.3946,276.7792,4:38:38:128723,0
344.1649,276.7501,4:38:38:131888,0
342.8861,276.7501,4:38:38:135916,0
341.6564,276.6918,4:38:38:140666,0
340.4267,276.6335,4:38:38:144696,0
339.2216,276.5461,4:38:38:149834,0
338.0165,276.4878,4:38:38:151844,0
336.836,276.3712,4:38:38:155851,0
335.6801,276.2254,4:38:38:159844,0
334.5734,276.0797,4:38:38:163843,0
333.6142,275.9048,4:38:38:168843,0
332.6305,275.7299,4:38:38:172665,0
331.7451,275.5258,4:38:38:175859,0
330.8351,275.3509,4:38:38:180721,0
330.0481,275.0886,4:38:38:183731,0
329.3595,274.8553,4:38:38:187771,0
328.7447,274.593,4:38:38:191785,0
328.1544,274.3015,4:38:38:196781,0
327.5887,274.01,4:38:38:200782,0
327.0723,273.6602,4:38:38:204719,0
326.6542,273.3395,4:38:38:208065,0
326.3099,272.9606,4:38:38:212070,0
326.0147,272.6108,4:38:38:216065,0
325.7688,272.2027,4:38:38:220066,0
325.6212,271.7072,4:38:38:224067,0
325.4491,271.2699,4:38:38:228718,0
325.3015,270.7452,4:38:38:231731,0
325.2278,270.2205,4:38:38:236728,0
325.2032,269.6958,4:38:38:239731,0
325.154,269.2003,4:38:38:244729,0
325.0802,268.6755,4:38:38:248780,0
325.031,268.18,4:38:38:252666,0
324.9572,267.7136,4:38:38:256195,0
324.8834,267.3347,4:38:38:260721,0
324.8589,267.014,4:38:38:264731,0
324.8343,266.7808,4:38:38:268666,0
324.8097,266.5768,4:38:38:272062,0
324.7113,266.4601,4:38:38:276129,0
324.7113,266.3144,4:38:38:280059,0
324.7113,266.227,4:38:38:284059,1568
324.6867,266.1978,4:38:38:288059,1571
324.6867,266.1686,4:38:38:292722,1574
324.6867,266.1686,4:38:38:296049,1591
324.6867,266.1686,4:38:38:300288,1650
324.6867,266.1686,4:38:38:304202,1759
324.6867,266.1686,4:38:38:308203,1900
324.6867,266.1686,4:38:38:312202,2062
325.3015,267.1598,4:38:38:316666,2215
325.3015,267.1598,4:38:38:320274,2342
325.8426,268.5298,4:38:38:324288,2459
325.8426,269.4626,4:38:38:328298,2553
326.482,270.512,4:38:38:332147,2632
326.482,271.7072,4:38:38:336174,2693
327.0477,272.9606,4:38:38:340147,2736
327.0477,274.2723,4:38:38:344148,2765
327.515,275.555,4:38:38:348149,2780
327.515,276.8667,4:38:38:352151,2790
327.8347,278.1493,4:38:38:356720,2792
327.8347,279.3736,4:38:38:360730,2786
327.8347,280.5688,4:38:38:364729,2749
327.8347,281.6765,4:38:38:368740,2664
327.8347,282.6967,4:38:38:372783,2519
327.8347,283.7461,4:38:38:376783,2298
327.8347,284.7372,4:38:38:380785,1972
327.8347,285.6992,4:38:38:384784,1552
327.8347,286.5154,4:38:38:388809,1056
327.2936,287.2441,4:38:38:391818,588
327.2936,287.8854,4:38:38:396820,254
327.2936,288.4101,4:38:38:399818,0
326.728,288.8474,4:38:38:404818,0
326.728,289.1097,4:38:38:408088,0
326.3837,289.2263,4:38:38:412469,0
326.3837,289.2263,4:38:38:416467,0
325.9901,289.2263,4:38:38:420469,0
325.9901,289.2263,4:38:38:424467,0
325.6704,288.5267,4:38:38:428715,0
325.6704,288.5267,4:38:38:432742,0
325.4983,287.7105,4:38:38:436719,0
325.4983,287.7105,4:38:38:440729,0
325.3753,286.6611,4:38:38:444720,0
325.3753,286.1364,4:38:38:448035,0
325.3753,285.5826,4:38:38:452076,0
325.3753,285.087,4:38:38:456038,0
325.3753,284.504,4:38:38:460060,0
325.3753,283.9501,4:38:38:464038,0
325.3753,283.4546,4:38:38:468715,0
325.3753,282.8424,4:38:38:472065,0
325.3753,282.2303,4:38:38:476714,0
325.3753,281.5598,4:38:38:480725,1605
325.3753,280.8603,4:38:38:483876,1608
324.8343,280.0732,4:38:38:487889,1615
324.8343,279.257,4:38:38:492886,1669
324.8343,278.4117,4:38:38:495884,1769
324.244,277.4497,4:38:38:500730,1899
324.244,276.4586,4:38:38:503739,2048
323.8013,275.38,4:38:38:508096,2164
323.8013,274.2723,4:38:38:512103,2250
323.3586,273.048,4:38:38:516105,2312
323.3586,271.7072,4:38:38:520105,2358
322.8914,270.308,4:38:38:524103,2394
322.6454,268.7339,4:38:38:528104,2424
322.4241,267.1306,4:38:38:532600,2447
322.1781,265.3524,4:38:38:536115,2471
321.9322,263.4577,4:38:38:540494,2496
321.6371,261.5338,4:38:38:544495,2524
321.3911,259.6099,4:38:38:548495,2549
321.1452,257.5985,4:38:38:552496,2572
320.8747,255.6163,4:38:38:556828,2588
320.6041,253.605,4:38:38:560838,2590
320.4074,251.6811,4:38:38:564838,2586
320.2106,249.7572,4:38:38:569839,2579
320.0876,247.8624,4:38:38:573376,2574
319.9893,246.026,4:38:38:576892,2570
319.9401,244.1021,4:38:38:579891,2569
319.9401,242.2074,4:38:38:584891,2565
319.9401,240.3126,4:38:38:587935,2558
319.9401,238.3595,4:38:38:591895,2546
320.5549,236.3482,4:38:38:596654,2537
320.5549,234.366,4:38:38:600652,2528
321.4403,232.2672,4:38:38:604398,2523
322.0305,230.1976,4:38:38:608298,2520
322.7438,228.0988,4:38:38:613295,2511
323.5554,225.9417,4:38:38:616298,2516
324.4899,223.9012,4:38:38:619969,2513
325.4983,221.9481,4:38:38:623982,2507
326.605,220.0533,4:38:38:628042,2498
327.7117,218.246,4:38:38:632977,2477
328.9168,216.5553,4:38:38:636715,2457
330.1465,214.9812,4:38:38:639752,2441
331.4254,213.6112,4:38:38:644664,2430
332.7289,212.416,4:38:38:648675,2422
334.0569,211.2209,4:38:38:652672,2417
335.385,210.2298,4:38:38:656678,2413
336.7376,209.3261,4:38:38:660673,2411
338.1395,208.5391,4:38:38:664674,2411
339.4921,207.8395,4:38:38:668712,2407
340.771,207.2856,4:38:38:671725,2401
342.0007,206.8192,4:38:38:676076,2395
343.2304,206.4695,4:38:38:680089,2390
344.3863,206.1779,4:38:38:684086,2388
345.5176,206.0031,4:38:38:688087,2385
346.5751,205.8864,4:38:38:692719,2381
347.6327,205.8864,4:38:38:695729,2381
348.6656,205.8864,4:38:38:700392,2385
349.674,205.8864,4:38:38:704286,2391
350.7069,205.8864,4:38:38:708283,2399
351.666,206.761,4:38:38:712286,2400
352.6006,206.761,4:38:38:716623,2405
353.486,207.6938,4:38:38:720647,2415
354.3467,208.3059,4:38:38:724634,2431
355.1338,208.9472,4:38:38:728655,2452
355.8716,209.6759,4:38:38:732633,2474
356.5356,210.4339,4:38:38:736662,2491
357.0767,211.25,4:38:38:740720,2507
357.5685,212.1537,4:38:38:744730,2519
358.0112,213.0573,4:38:38:748708,2528
358.3555,214.0193,4:38:38:752718,2544
358.6015,214.9521,4:38:38:756014,2553
358.7736,215.8849,4:38:38:759888,2545
358.9458,216.9052,4:38:38:763888,2492
359.0442,217.9545,4:38:38:767888,2364
359.118,219.0331,4:38:38:772648,2106
359.1671,220.1408,4:38:38:776656,1667
359.1671,221.2485,4:38:38:779958,1084
359.1671,222.327,4:38:38:784898,569
359.1671,223.4348,4:38:38:788899,0
359.1671,224.5716,4:38:38:791897,0
359.1671,225.5918,4:38:38:796596,0
359.1671,226.4664,4:38:38:800645,0
359.782,227.2242,4:38:38:804586,0
359.782,227.8364,4:38:38:808015,0
360.8149,228.2737,4:38:38:812587,0
361.6265,228.6817,4:38:38:816642,0
362.807,228.9733,4:38:38:820600,0
364.2826,229.1773,4:38:38:824650,0
366.1026,229.323,4:38:38:828702,0
368.193,229.4397,4:38:38:832699,0
370.5294,229.5562,4:38:38:836701,0
373.1856,229.6437,4:38:38:840701,0
375.9893,229.8769,4:38:38:844849,0
379.1127,230.1684,4:38:38:847851,0
382.2852,230.5182,4:38:38:852585,0
385.6546,230.8389,4:38:38:856618,0
389.1469,231.2469,4:38:38:861039,0
392.6392,231.8008,4:38:38:864052,0
396.1807,232.3546,4:38:38:868730,0
399.6976,232.9959,4:38:38:872679,0
403.2391,233.6081,4:38:38:876698,0
406.4855,234.2785,4:38:38:880694,0
409.7073,234.9781,4:38:38:884600,0
412.6339,235.6777,4:38:38:888515,0
415.3884,236.4357,4:38:38:892596,0
417.8724,237.1353,4:38:38:896628,0
420.135,237.8349,4:38:38:900741,0
422.1025,238.5345,4:38:38:904708,0
423.7503,239.2049,4:38:38:908715,0
425.1276,239.8754,4:38:38:912719,0
426.1851,240.4292,4:38:38:916706,0
426.8737,240.983,4:38:38:920718,0
427.1689,241.4494,4:38:38:924785,0
427.1689,241.9158,4:38:38:927792,0
427.1689,242.2074,4:38:38:932596,0
426.4802,242.4989,4:38:38:936629,0
425.7916,242.6738,4:38:38:940637,0
424.9062,242.7903,4:38:38:944596,0
423.9471,242.8778,4:38:38:948629,0
422.9387,242.8778,4:38:38:952628,0
421.9796,242.8778,4:38:38:956629,0
420.9958,242.8778,4:38:38:960634,0
420.0612,242.8778,4:38:38:964643,0
419.1513,242.8778,4:38:38:968923,0
418.4135,242.8778,4:38:38:971966,0
417.8232,242.2074,4:38:38:975987,0
417.3313,242.2074,4:38:38:979934,0
416.9132,242.2074,4:38:38:983955,0
416.6673,241.5661,4:38:38:987933,0
416.6673,241.5661,4:38:38:992597,0
416.6673,241.0997,4:38:38:995975,0
416.6673,241.0997,4:38:39:000584,0
416.6673,240.6624,4:38:39:004615,0
416.6673,240.6624,4:38:39:008596,0
417.3805,240.2543,4:38:39:012024,0
417.3805,240.0211,4:38:39:016025,0
418.0938,239.8462,4:38:39:020021,0
418.0938,239.6713,4:38:39:024196,0
418.8807,239.5255,4:38:39:028209,0
419.2989,239.4381,4:38:39:032205,0
419.6678,239.3215,4:38:39:036206,0
420.0121,239.2049,4:38:39:040227,0
420.3564,239.0883,4:38:39:044206,0
420.6515,238.9717,4:38:39:048598,0
420.922,238.9134,4:38:39:052630,0
421.168,238.7677,4:38:39:056301,0
421.3401,238.651,4:38:39:060285,0
421.5369,238.4762,4:38:39:064292,0
421.6844,238.3304,4:38:39:070280,0
421.8074,238.1263,4:38:39:072837,0
421.9796,237.9514,4:38:39:075846,0
422.1025,237.7474,4:38:39:080845,0
422.2255,237.5434,4:38:39:083847,0
422.3485,237.3393,4:38:39:089054,0
422.4468,237.1644,4:38:39:092080,0
422.5452,236.9895,4:38:39:096086,0
422.619,236.7854,4:38:39:100064,0
422.7666,236.6397,4:38:39:104066,0
422.8158,236.4939,4:38:39:108067,0
422.9387,236.3482,4:38:39:112091,0
423.0125,236.1733,4:38:39:116101,0
423.1355,236.0567,4:38:39:120100,0
423.2339,235.9109,4:38:39:124103,0
423.3076,235.7943,4:38:39:128715,0
423.4306,235.6777,4:38:39:132217,912
423.529,235.532,4:38:39:136261,922
423.5782,235.4154,4:38:39:140220,953
423.6519,235.3571,4:38:39:144220,1021
423.7503,235.3279,4:38:39:148217,1127
423.8241,235.2405,4:38:39:152714,1246
423.8487,235.1822,4:38:39:156230,1363
423.8733,235.1239,4:38:39:160702,1454
423.9471,235.0947,4:38:39:164221,1511
423.9471,235.0656,4:38:39:168304,1540
423.9962,235.0656,4:38:39:172310,1582
424.0454,235.0656,4:38:39:175939,1634
424.07,235.0656,4:38:39:179946,1699
424.1684,235.0656,4:38:39:184945,1796
424.2176,235.0656,4:38:39:187946,1880
424.316,235.8235,4:38:39:192715,1954
424.3897,235.8235,4:38:39:195754,2027
424.4635,236.5522,4:38:39:200668,2081
424.5373,236.5522,4:38:39:204679,2129
424.5865,237.4559,4:38:39:208676,2179
424.6603,237.9806,4:38:39:212679,2223
424.6849,238.5345,4:38:39:216677,2264
424.6849,239.1174,4:38:39:220677,2298
424.7341,239.7587,4:38:39:224221,2319
424.7341,240.4292,4:38:39:228231,2338
424.7341,241.1579,4:38:39:232614,2363
424.7341,241.945,4:38:39:236670,2392
424.7341,242.7903,4:38:39:240690,2434
424.7341,243.7231,4:38:39:244648,2472
424.7341,244.7142,4:38:39:248650,2510
424.1684,245.8219,4:38:39:252651,2551
424.1684,247.0462,4:38:39:256722,2588
424.1684,248.3871,4:38:39:260732,2631
423.529,249.7572,4:38:39:264733,2670
423.529,251.1564,4:38:39:268742,2705
423.0617,252.7305,4:38:39:272736,2735
423.0617,254.3046,4:38:39:276250,2759
422.5698,255.937,4:38:39:280252,2778
422.5698,257.5694,4:38:39:284258,2794
422.1271,259.1726,4:38:39:288249,2811
421.955,260.6884,4:38:39:292249,2823
421.7336,262.2334,4:38:39:296213,2837
421.6107,263.7201,4:38:39:300127,2852
421.4385,265.0318,4:38:39:304126,2860
421.2909,266.2561,4:38:39:308128,2874
421.168,267.3638,4:38:39:312717,2882
421.045,268.3841,4:38:39:316727,2890
420.922,269.2585,4:38:39:320724,2895
420.8237,270.0456,4:38:39:324744,2898
420.7253,270.7452,4:38:39:328727,2901
420.6023,271.299,4:38:39:332727,2903
420.5039,271.7946,4:38:39:337022,2906
420.4055,272.2027,4:38:39:340032,2911
420.381,272.4942,4:38:39:344032,2918
420.3564,272.6691,4:38:39:348060,2928
420.3072,272.7857,4:38:39:352120,2948
420.258,272.844,4:38:39:356032,2973
420.258,272.844,4:38:39:360584,2996
420.2334,272.844,4:38:39:364615,3015
420.2334,272.844,4:38:39:368715,3024
420.1596,272.844,4:38:39:371725,3025
420.1104,272.0861,4:38:39:376727,3025
420.0121,272.0861,4:38:39:379755,3024
419.9629,271.1241,4:38:39:384725,3026
419.9137,270.512,4:38:39:388726,3025
419.7907,269.7832,4:38:39:392018,3019
419.6924,268.967,4:38:39:395947,3014
419.594,268.1217,4:38:39:399822,3003
419.4956,267.1889,4:38:39:403832,2998
419.4218,266.2561,4:38:39:407831,2993
419.3234,265.2942,4:38:39:411829,2985
419.1513,264.3322,4:38:39:416673,2974
419.0283,263.3411,4:38:39:420681,2962
418.9053,262.35,4:38:39:424683,2946
418.684,261.3881,4:38:39:428682,2931
418.5118,260.3678,4:38:39:432704,2916
418.2659,259.3767,4:38:39:436681,2891
417.9954,258.3856,4:38:39:440749,2871
417.7003,257.4236,4:38:39:443761,2856
417.3805,256.52,4:38:39:448801,2837
417.0362,255.6455,4:38:39:451811,2828
416.6673,254.7419,4:38:39:456847,2821
416.2492,253.8965,4:38:39:459858,2807
415.8311,253.0803,4:38:39:464855,2798
415.3147,252.3224,4:38:39:467858,2787
414.8228,251.5936,4:38:39:471857,2774
414.3309,250.8358,4:38:39:475858,2763
413.7161,250.1362,4:38:39:480885,2750
413.175,249.4657,4:38:39:483896,2734
412.5356,248.8244,4:38:39:487895,2720
411.9207,248.2706,4:38:39:491896,2708
411.2813,247.8042,4:38:39:495898,2698
410.6418,247.3086,4:38:39:499895,2692
409.9778,246.9296,4:38:39:504663,2686
409.2892,246.6382,4:38:39:508671,2679
408.6252,246.3758,4:38:39:512671,2677
407.9611,246.1718,4:38:39:516694,2673
407.2725,246.026,4:38:39:520673,2669
406.5347,245.9094,4:38:39:524671,2667
405.8215,245.8802,4:38:39:528435,2661
405.1328,245.8802,4:38:39:532729,2656
404.4196,245.8802,4:38:39:536722,2649
403.6326,245.8802,4:38:39:539761,2641
402.8948,245.8802,4:38:39:544758,2636
402.1324,245.8802,4:38:39:547761,2635
401.4192,246.5798,4:38:39:552760,2636
400.6814,246.5798,4:38:39:555762,2638
399.919,247.192,4:38:39:560802,2640
399.1812,247.192,4:38:39:564811,2643
398.3942,248.0956,4:38:39:568539,2642
397.6809,248.6495,4:38:39:573544,2644
396.894,249.2034,4:38:39:576538,2655
396.1315,249.8738,4:38:39:580539,2662
395.4675,250.5734,4:38:39:584572,2677
394.8281,251.3022,4:38:39:588580,2695
394.164,252.06,4:38:39:592509,2710
393.5738,252.8763,4:38:39:596511,2730
393.0573,253.7507,4:38:39:600617,2757
392.4671,254.7419,4:38:39:604505,2779
392.0244,255.8495,4:38:39:608720,2801
391.5817,257.0155,4:38:39:612728,2826
391.0898,258.269,4:38:39:616561,2849
390.6225,259.6099,4:38:39:620574,2878
390.2782,261.0966,4:38:39:624571,2905
389.9339,262.6123,4:38:39:628569,2934
389.6142,264.1281,4:38:39:632571,2967
389.4174,265.644,4:38:39:636571,3002
389.2453,267.1598,4:38:39:640717,3044
389.0731,268.6755,4:38:39:643727,3091
388.9994,270.1622,4:38:39:648661,3133
388.9256,271.6488,4:38:39:652680,3167
388.901,272.9897,4:38:39:656671,3196
388.901,274.3307,4:38:39:660670,3214
388.901,275.6424,4:38:39:664672,3228
388.901,276.8084,4:38:39:668669,3241
388.901,277.9744,4:38:39:672638,3249
388.901,279.0529,4:38:39:676649,3253
388.901,279.9566,4:38:39:680649,3255
388.901,280.8603,4:38:39:684651,3255
389.4912,281.6765,4:38:39:688682,3256
389.4912,282.376,4:38:39:692668,3250
389.4912,282.9882,4:38:39:696647,3230
389.9831,283.5129,4:38:39:700648,3179
389.9831,283.9501,4:38:39:704683,3089
390.3274,284.3,4:38:39:708650,2957
390.3274,284.5915,4:38:39:712496,2786
390.6471,284.7664,4:38:39:716505,2584
390.6471,284.8538,4:38:39:720614,2317
390.9177,284.8829,4:38:39:724525,1930
391.1144,284.8829,4:38:39:728503,1429
391.262,284.8829,4:38:39:732502,867
391.4833,284.8829,4:38:39:736723,410
391.7047,283.8044,4:38:39:740271,0
391.926,283.8044,4:38:39:744713,0
392.1473,282.5801,4:38:39:748229,0
392.4179,281.8222,4:38:39:752663,0
392.6638,280.9185,4:38:39:756349,0
392.9589,280.0149,4:38:39:760711,0
393.3524,279.0529,4:38:39:764732,0
393.7951,278.0035,4:38:39:768719,0
394.4346,276.8958,4:38:39:771745,0
395.197,275.7881,4:38:39:776727,0
396.1315,274.6805,4:38:39:779738,0
397.2137,273.5728,4:38:39:785001,0
398.3942,272.4942,4:38:39:788012,0
399.7468,271.4448,4:38:39:792126,0
401.0749,270.4537,4:38:39:796011,0
402.5259,269.4918,4:38:39:800120,0
403.9769,268.559,4:38:39:804034,0
405.428,267.6844,4:38:39:808720,0
406.8544,266.8099,4:38:39:812730,0
408.3055,265.9937,4:38:39:816729,0
409.7319,265.2067,4:38:39:820266,0
411.1583,264.3905,4:38:39:824278,0
412.5356,263.5743,4:38:39:828267,0
413.8636,262.7873,4:38:39:832267,0
415.1671,262.0002,4:38:39:836232,0
416.446,261.184,4:38:39:840277,0
417.6757,260.4261,4:38:39:844678,0
418.8807,259.639,4:38:39:848054,0
420.0367,258.9395,4:38:39:852053,0
421.0942,258.2398,4:38:39:856089,0
422.1025,257.5403,4:38:39:860056,0
423.0617,256.8698,4:38:39:864884,0
423.9962,256.2577,4:38:39:867894,0
424.8078,255.7621,4:38:39:871893,0
425.5703,255.2957,4:38:39:875894,0
426.2343,254.9459,4:38:39:879897,0
426.8737,254.5378,4:38:39:883894,0
427.464,254.1588,4:38:39:888632,0
428.0296,253.8674,4:38:39:892642,0
428.5707,253.605,4:38:39:896884,0
429.0626,253.3135,4:38:39:899897,0
429.5298,252.9637,4:38:39:903895,0
429.9725,252.6431,4:38:39:907897,0
430.4398,252.2641,4:38:39:911896,0
430.8087,252.0018,4:38:39:915894,0
431.2268,251.7103,4:38:39:919911,0
431.5957,251.4187,4:38:39:923894,0
431.94,251.1272,4:38:39:928667,0
432.2843,250.8649,4:38:39:932684,0
432.6287,250.6026,4:38:39:936005,0
432.9484,250.3985,4:38:39:940002,0
433.2189,250.1362,4:38:39:944131,0
433.5386,249.8155,4:38:39:948024,0
433.8091,249.524,4:38:39:952668,0
434.1289,249.2325,4:38:39:956081,0
434.3994,248.9118,4:38:39:960722,0
434.7191,248.5329,4:38:39:964732,0
435.0388,248.1248,4:38:39:968731,0
435.3831,247.7458,4:38:39:972732,0
435.7275,247.3378,4:38:39:976732,0
436.0964,246.9296,4:38:39:979732,0
436.4653,246.5215,4:38:39:984745,0
436.8342,246.1134,4:38:39:987751,0
437.2523,245.6762,4:38:39:992718,0
437.6212,245.3264,4:38:39:996728,0
437.9901,244.9183,4:38:40:000666,0
438.3344,244.5102,4:38:40:004677,0
438.6541,244.1021,4:38:40:008676,0
438.9247,243.6357,4:38:40:012674,0
439.1952,243.1985,4:38:40:016674,0
439.3919,242.7612,4:38:40:020677,0
439.5887,242.3239,4:38:40:024717,0
439.7854,241.8284,4:38:40:028729,0
439.933,241.3037,4:38:40:032666,0
440.0806,240.8082,4:38:40:036677,0
440.2035,240.2543,4:38:40:040677,0
440.3757,239.7296,4:38:40:044675,0
440.4987,239.1758,4:38:40:048677,0
440.6216,238.6219,4:38:40:052677,0
440.7446,238.0681,4:38:40:056718,0
440.8676,237.5142,4:38:40:060059,0
441.0397,236.9603,4:38:40:064668,0
441.1627,236.4357,4:38:40:068106,0
441.3102,235.9109,4:38:40:072142,0
441.4332,235.4154,4:38:40:077143,0
441.5808,235.0073,4:38:40:080142,0
441.7775,234.6575,4:38:40:085139,0
441.9251,234.2785,4:38:40:088560,0
442.0973,233.9579,4:38:40:092592,0
442.2202,233.6373,4:38:40:096711,1337
442.3432,233.4041,4:38:40:100737,1368
442.4416,233.1709,4:38:40:104741,1442
442.4908,232.9959,4:38:40:107722,1554
442.5645,232.8502,4:38:40:112720,1692
442.5645,232.6753,4:38:40:116721,1809
442.5891,232.617,4:38:40:120047,1896
442.5891,232.5878,4:38:40:124058,1948
442.6137,232.5878,4:38:40:128702,1979
442.6629,232.5878,4:38:40:132712,2004
442.6875,232.5878,4:38:40:136760,2024
442.7367,232.5878,4:38:40:139763,2056
442.8105,232.5878,4:38:40:144761,2108
442.9088,233.3457,4:38:40:147764,2166
443.0564,233.3457,4:38:40:152772,2236
443.2531,234.2494,4:38:40:156779,2315
443.4253,234.9198,4:38:40:160859,2395
443.6221,235.6486,4:38:40:164672,2498
443.8434,236.5814,4:38:40:167975,2607
444.0894,237.6017,4:38:40:171986,2715
444.3107,238.7677,4:38:40:176095,2825
444.5566,240.0502,4:38:40:179984,2935
444.778,241.5078,4:38:40:183985,3044
444.9747,243.0235,4:38:40:187985,3154
445.1469,244.6851,4:38:40:192931,3264
445.319,246.4632,4:38:40:195958,3358
445.442,248.2706,4:38:40:199941,3449
445.4912,250.2236,4:38:40:203942,3534
445.565,252.3224,4:38:40:207945,3606
445.565,254.4503,4:38:40:211942,3669
445.565,256.6366,4:38:40:215942,3716
445.565,258.9103,4:38:40:219950,3747
445.565,261.1257,4:38:40:224275,3774
445.565,263.3411,4:38:40:228288,3792
445.565,265.5857,4:38:40:232338,3811
445.565,267.7136,4:38:40:236289,3829
445.565,269.7541,4:38:40:240716,3841
445.0977,271.6488,4:38:40:244726,3853
445.0977,273.4561,4:38:40:248661,3863
445.0977,275.0886,4:38:40:252672,3869
445.0977,276.6043,4:38:40:256669,3868
445.0977,277.9744,4:38:40:260678,3848
445.0977,279.1404,4:38:40:264672,3791
445.0977,280.1898,4:38:40:268672,3697
445.0977,281.0643,4:38:40:272715,3544
445.0977,281.8222,4:38:40:276725,3335
444.8763,282.376,4:38:40:280726,3082
444.8763,282.8133,4:38:40:284726,2793
444.8763,283.1048,4:38:40:288724,2456
444.8763,283.3088,4:38:40:291728,1981
444.8763,283.3088,4:38:40:296716,1326
444.8763,283.3088,4:38:40:300726,741
444.8763,283.3088,4:38:40:303945,266
445.5158,282.2303,4:38:40:307954,0
445.5158,281.5598,4:38:40:311951,0
446.4258,280.6562,4:38:40:315951,0
447.0652,279.5485,4:38:40:320712,0
447.803,278.2368,4:38:40:324230,0
448.713,276.7501,4:38:40:328713,0
449.7705,275.1177,4:38:40:332056,0
450.951,273.3395,4:38:40:336061,0
452.3036,271.4448,4:38:40:340057,0
453.8531,269.4918,4:38:40:344086,0
455.6238,267.5678,4:38:40:348056,0
457.6159,265.6731,4:38:40:352182,0
459.8293,263.9241,4:38:40:356056,0
462.2395,262.2917,4:38:40:360713,0
464.8711,260.8633,4:38:40:364723,0
467.7239,259.5225,4:38:40:368660,0
470.8228,258.3856,4:38:40:372670,0
474.0937,257.3945,4:38:40:376723,0
477.3893,256.5783,4:38:40:380723,0
480.8324,255.8204,4:38:40:384722,0
484.3001,255.1499,4:38:40:387722,0
487.7187,254.5378,4:38:40:392594,0
491.1372,253.9256,4:38:40:396638,0
494.4327,253.3718,4:38:40:400972,0
497.6545,252.8763,4:38:40:404194,0
500.7534,252.3515,4:38:40:408198,0
503.8521,251.7977,4:38:40:412194,0
506.7542,251.2439,4:38:40:416221,0
509.4841,250.7191,4:38:40:420194,0
512.0173,250.1944,4:38:40:424594,0
514.4275,249.7572,4:38:40:428626,0
516.6901,249.2616,4:38:40:432592,0
518.7068,248.8535,4:38:40:436123,0
520.5513,248.4163,4:38:40:440591,0
522.0761,247.9499,4:38:40:444643,0
523.4042,247.4835,4:38:40:448591,0
524.4863,247.0754,4:38:40:452182,0
525.4209,246.6382,4:38:40:456594,0
526.0849,246.1718,4:38:40:460641,0
526.4538,245.6762,4:38:40:464762,0
526.5768,245.1515,4:38:40:468772,0
526.5768,244.6851,4:38:40:472775,0
526.5768,244.1895,4:38:40:475776,0
525.7898,243.7231,4:38:40:481024,0
525.1749,243.1985,4:38:40:484037,0
524.4617,242.7321,4:38:40:488595,0
523.5764,242.2365,4:38:40:492635,0
522.6172,241.7993,4:38:40:496592,0
521.6334,241.362,4:38:40:500625,0
520.6743,240.9539,4:38:40:504592,0
519.6414,240.5458,4:38:40:508634,0
518.6084,240.1669,4:38:40:512697,0
517.6246,239.7879,4:38:40:516698,0
516.6901,239.4381,4:38:40:520723,0
515.7802,239.1174,4:38:40:524699,0
514.9194,238.8259,4:38:40:528591,0
514.1815,238.5345,4:38:40:532642,0
513.4929,238.2721,4:38:40:536599,0
512.9026,238.0098,4:38:40:540641,0
512.46,237.8057,4:38:40:544681,0
512.0911,237.5725,4:38:40:548677,0
511.8451,237.3393,4:38:40:552722,0
511.673,237.1353,4:38:40:556677,0
511.5992,236.9021,4:38:40:560591,0
511.5254,236.7271,4:38:40:564635,0
511.5008,236.5522,4:38:40:568591,0
511.5008,236.3482,4:38:40:573653,0
511.5008,236.1733,4:38:40:576877,0
511.5008,236.0275,4:38:40:580887,0
511.5008,235.8818,4:38:40:583888,0
511.5008,235.7652,4:38:40:587896,0
511.5008,235.6486,4:38:40:591890,0
511.5008,235.5903,4:38:40:596591,0
511.5008,235.5029,4:38:40:600637,0
511.5008,235.4154,4:38:40:604714,0
511.5008,235.3862,4:38:40:608718,0
511.5008,235.3571,4:38:40:612719,0
510.9352,235.3571,4:38:40:616737,0
510.9352,235.3279,4:38:40:620731,0
510.9352,235.2697,4:38:40:624738,0
510.3695,235.2405,4:38:40:628756,0
510.3695,235.2405,4:38:40:632737,0
510.0498,235.2113,4:38:40:636735,0
510.0498,235.1822,4:38:40:639737,0
510.0498,235.1239,4:38:40:644595,0
509.8038,235.0656,4:38:40:648650,0
509.8038,234.9781,4:38:40:652591,0
509.8038,234.8615,4:38:40:656624,0
509.8038,234.7741,4:38:40:660591,0
509.8038,234.6575,4:38:40:664674,0
509.8038,234.5117,4:38:40:668661,0
510.3449,234.366,4:38:40:672652,0
510.3449,234.2202,4:38:40:677219,0
510.3449,234.0162,4:38:40:680230,0
510.9843,233.8705,4:38:40:684231,0
510.9843,233.6955,4:38:40:688232,0
511.5008,233.5498,4:38:40:692256,0
511.5008,233.3457,4:38:40:696230,0
511.9927,233.2,4:38:40:700809,0
511.9927,233.0251,4:38:40:703908,0
512.4354,232.8793,4:38:40:707922,0
512.4354,232.6753,4:38:40:711908,0
512.7551,232.5004,4:38:40:715934,0
512.7551,232.3255,4:38:40:719908,0
513.001,232.1214,4:38:40:724591,0
513.124,231.9465,4:38:40:728637,0
513.2469,231.7717,4:38:40:732590,0
513.2961,231.5676,4:38:40:736622,0
513.3945,231.3636,4:38:40:740595,0
513.4683,231.2178,4:38:40:744679,0
513.5175,231.0137,4:38:40:748591,0
513.5913,230.8097,4:38:40:752634,0
513.6404,230.6057,4:38:40:755886,0
513.7388,230.4016,4:38:40:759942,0
513.8126,230.1684,4:38:40:764110,0
513.8618,229.9935,4:38:40:768110,0
513.9356,229.7603,4:38:40:772110,0
514.034,229.498,4:38:40:776110,0
514.1077,229.2939,4:38:40:780591,0
514.1815,229.0607,4:38:40:784637,0
514.2799,228.8275,4:38:40:788591,0
514.3045,228.6234,4:38:40:792639,0
514.3291,228.3902,4:38:40:796590,0
514.3783,228.1862,4:38:40:800629,0
514.4275,227.953,4:38:40:804947,0
514.4521,227.7781,4:38:40:807957,0
514.5258,227.5449,4:38:40:811994,0
514.6242,227.3992,4:38:40:815976,0
514.7226,227.2242,4:38:40:819957,0
514.7718,227.0493,4:38:40:823958,0
514.8948,226.8745,4:38:40:828590,0
515.0669,226.6996,4:38:40:832636,0
515.1407,226.5538,4:38:40:836628,0
515.2391,226.4081,4:38:40:840644,0
515.3375,226.2914,4:38:40:844591,0
515.4358,226.1749,4:38:40:848423,0
515.485,226.0291,4:38:40:852661,0
515.5834,225.9125,4:38:40:856667,606
515.608,225.8542,4:38:40:861073,625
515.6572,225.7376,4:38:40:864082,666
515.7064,225.6501,4:38:40:868111,738
515.7802,225.5918,4:38:40:872084,839
515.8293,225.5044,4:38:40:876148,948
515.9031,225.4461,4:38:40:880084,1054
515.9523,225.3878,4:38:40:884084,1157
515.9523,225.3878,4:38:40:888084,1238
516.0015,225.3878,4:38:40:892698,1301
516.0507,225.3878,4:38:40:896709,1352
516.0753,225.3878,4:38:40:900398,1373
516.0753,225.3878,4:38:40:904380,1385
516.0753,225.3878,4:38:40:908396,1393
516.0753,225.3878,4:38:40:912381,1396
516.0753,225.3878,4:38:40:916589,1416
516.0753,225.3878,4:38:40:920123,1443
516.0753,225.3878,4:38:40:924592,1491
516.0753,225.3878,4:38:40:928641,1557
516.0753,226.204,4:38:40:932594,1639
516.5917,226.204,4:38:40:936625,1722
516.5917,226.9036,4:38:40:940593,1790
516.5917,227.37,4:38:40:944626,1864
517.0344,227.9238,4:38:40:948636,1926
517.0344,228.5069,4:38:40:952645,1987
517.0344,229.1481,4:38:40:956632,2049
517.3295,229.8477,4:38:40:960641,2102
517.3295,230.6057,4:38:40:964729,2164
517.3295,231.4218,4:38:40:968244,2227
517.5263,232.3255,4:38:40:972825,2289
517.5263,233.2874,4:38:40:975832,2355
517.5263,234.2494,4:38:40:980831,2411
517.6246,235.3279,4:38:40:983831,2476
517.6246,236.4357,4:38:40:988843,2544
517.6246,237.5434,4:38:40:992878,2601
517.6246,238.7677,4:38:40:996811,2658
517.6246,240.0211,4:38:40:999821,2716
517.6246,241.3037,4:38:41:004591,2775
517.0836,242.6446,4:38:41:008641,2836
517.0836,244.0438,4:38:41:012629,2898
517.0836,245.4722,4:38:41:016623,2954
516.6901,246.9296,4:38:41:020633,3011
516.6901,248.4454,4:38:41:024624,3069
516.6901,249.9904,4:38:41:028320,3121
516.3458,251.5936,4:38:41:033353,3173
516.3458,253.2843,4:38:41:036972,3221
516.3458,255.0042,4:38:41:039977,3258
516.1245,256.7823,4:38:41:044590,3292
516.1245,258.6479,4:38:41:048381,3320
516.1245,260.4553,4:38:41:052381,3344
515.9277,262.2917,4:38:41:056380,3368
515.9277,264.1573,4:38:41:060594,3385
515.8785,265.9063,4:38:41:064627,3400
515.8293,267.5678,4:38:41:068592,3413
515.8047,269.1419,4:38:41:072640,3424
515.731,270.6286,4:38:41:076632,3437
515.731,271.9987,4:38:41:080626,3448
515.731,273.2521,4:38:41:084762,3458
515.731,274.4181,4:38:41:088773,3465
515.7064,275.4384,4:38:41:092777,3469
515.7064,276.3712,4:38:41:096791,3469
515.7064,277.2165,4:38:41:100774,3467
515.7064,277.9744,4:38:41:104856,3466
515.7064,278.5865,4:38:41:107884,3466
515.7064,279.1404,4:38:41:111884,3470
515.7064,279.6068,4:38:41:115902,3472
515.7064,279.9566,4:38:41:119887,3475
515.7064,280.2481,4:38:41:124094,3479
515.7064,280.4521,4:38:41:128504,3486
515.7064,280.5979,4:38:41:132514,3491
515.7064,280.6562,4:38:41:136514,3500
515.7064,280.7145,4:38:41:140512,3511
515.7064,280.7145,4:38:41:144737,3515
515.7064,280.7145,4:38:41:147748,3520
515.7064,280.7145,4:38:41:152774,3517
515.7064,280.7145,4:38:41:156746,3508
515.7064,280.0732,4:38:41:160773,3495
515.7064,280.0732,4:38:41:164748,3477
515.7064,280.0732,4:38:41:168659,3454
515.7064,279.2278,4:38:41:172674,3429
515.7064,279.2278,4:38:41:176516,3405
515.7064,278.4699,4:38:41:180442,3375
515.7064,278.4699,4:38:41:184438,3350
515.7064,277.712,4:38:41:188439,3326
515.7064,277.3331,4:38:41:192712,3306
515.7064,276.925,4:38:41:196723,3291
515.7064,276.6043,4:38:41:200284,3276
515.7064,276.2254,4:38:41:204284,3266
515.7064,275.9048,4:38:41:208285,3254
515.2391,275.555,4:38:41:212284,3241
515.2391,275.2635,4:38:41:216284,3228
514.7472,274.9428,4:38:41:220284,3213
514.4029,274.6222,4:38:41:224540,3200
514.034,274.3307,4:38:41:228548,3193
513.6159,274.0683,4:38:41:232572,3190
513.1486,273.7768,4:38:41:236553,3187
512.6075,273.5144,4:38:41:240637,3187
512.0665,273.2521,4:38:41:244669,3189
511.4024,272.9897,4:38:41:248657,3188
510.7138,272.7857,4:38:41:252564,3187
510.0006,272.5525,4:38:41:256711,3185
509.2136,272.3484,4:38:41:260711,3181
508.402,272.0861,4:38:41:264711,3182
507.5166,271.8238,4:38:41:268713,3182
506.6559,271.5323,4:38:41:272914,3181
505.7213,271.2408,4:38:41:275923,3180
504.713,270.891,4:38:41:279923,3179
503.7538,270.4828,4:38:41:283946,3178
502.6963,270.0456,4:38:41:287930,3176
501.5895,269.5209,4:38:41:291923,3175
500.4336,268.967,4:38:41:295922,3171
499.2285,268.3257,4:38:41:299923,3169
497.9496,267.6262,4:38:41:303921,3165
496.6216,266.8683,4:38:41:307926,3163
495.2444,266.0521,4:38:41:312719,3159
493.8671,265.1484,4:38:41:316729,3156
492.4652,264.2448,4:38:41:320049,3156
491.1618,263.2245,4:38:41:323953,3154
489.8583,262.2334,4:38:41:328440,3152
488.5794,261.184,4:38:41:332475,3150
487.3498,260.1346,4:38:41:336470,3149
486.1938,258.9977,4:38:41:340453,3154
485.0625,257.9775,4:38:41:344817,3160
484.0296,256.9864,4:38:41:347826,3166
483.0704,255.9662,4:38:41:351826,3175
482.1359,255.0042,4:38:41:355829,3179
481.2997,254.1006,4:38:41:360827,3181
480.5127,253.1386,4:38:41:364827,3182
479.8241,252.235,4:38:41:368712,3181
479.1846,251.3896,4:38:41:372723,3181
478.6682,250.4568,4:38:41:376721,3183
478.2009,249.5823,4:38:41:380732,3185
477.7828,248.6786,4:38:41:384939,3184
477.4877,247.8333,4:38:41:387950,3182
477.1679,246.9879,4:38:41:391999,3181
476.9466,246.1718,4:38:41:395950,3180
476.8236,245.3847,4:38:41:399949,3178
476.7253,244.5977,4:38:41:403950,3178
476.7007,243.8689,4:38:41:408657,3175
476.7007,243.1402,4:38:41:412672,3168
476.7007,242.4697,4:38:41:416668,3161
476.7007,241.7993,4:38:41:420669,3153
477.3155,241.1288,4:38:41:425003,3142
477.3155,240.5458,4:38:41:428016,3130
478.0041,239.9045,4:38:41:432016,3118
478.0041,239.3506,4:38:41:436025,3107
478.9879,238.7968,4:38:41:440093,3091
479.5289,238.2721,4:38:41:444013,3077
480.193,237.8057,4:38:41:448031,3066
480.9062,237.3976,4:38:41:452045,3055
481.7178,236.9895,4:38:41:456853,3051
482.5786,236.6397,4:38:41:459866,3046
483.4393,236.3773,4:38:41:463862,3041
484.3247,236.1733,4:38:41:467866,3036
485.1117,236.0275,4:38:41:471927,3031
485.9233,235.9693,4:38:41:475864,3031
486.6611,235.9693,4:38:41:480712,3031
487.4235,235.9693,4:38:41:483719,3032
488.063,235.9693,4:38:41:488232,3026
488.6532,235.9693,4:38:41:492275,3022
489.2189,236.6397,4:38:41:496229,3019
489.7599,236.6397,4:38:41:500229,3015
490.2518,237.3102,4:38:41:504656,3017
490.7191,237.3102,4:38:41:508672,3017
491.088,238.1555,4:38:41:512665,3016
491.4323,238.6802,4:38:41:516667,3018
491.7274,239.1758,4:38:41:520667,3017
491.9734,239.7296,4:38:41:524670,3021
492.1209,240.2834,4:38:41:528459,3020
492.2931,240.8373,4:38:41:532467,3021
492.3423,241.4203,4:38:41:536716,3022
492.3669,242.0616,4:38:41:540259,3024
492.3669,242.6738,4:38:41:545259,3031
492.3669,243.3734,4:38:41:548259,3038
492.3669,244.0438,4:38:41:552297,3043
491.5307,244.7434,4:38:41:556289,3045
491.5307,245.4722,4:38:41:560712,3048
490.5715,246.2009,4:38:41:563720,3048
489.9321,246.9296,4:38:41:568711,3054
489.3173,247.6875,4:38:41:572721,3059
488.6532,248.3871,4:38:41:576715,3058
487.9646,249.1159,4:38:41:579729,3063
487.2514,249.8738,4:38:41:584726,3061
486.5381,250.6026,4:38:41:587723,3065
485.825,251.3896,4:38:41:592730,3072
485.0625,252.0892,4:38:41:598726,3076
484.3001,252.8179,4:38:41:599725,3084
483.4639,253.6342,4:38:41:604724,3087
482.6031,254.4795,4:38:41:608946,3095
481.767,255.354,4:38:41:611959,3101
480.9062,256.2285,4:38:41:616005,3109
480.07,257.1613,4:38:41:620001,3117
479.2338,258.1233,4:38:41:624136,3123
478.4222,259.1726,4:38:41:628003,3127
477.6352,260.222,4:38:41:632607,3133
476.8482,261.2423,4:38:41:636644,3143
476.135,262.2625,4:38:41:640662,3153
475.3972,263.312,4:38:41:644192,3163
474.6594,264.3322,4:38:41:648728,3169
474.0199,265.3524,4:38:41:652738,3173
473.3805,266.3144,4:38:41:656739,3176
472.7903,267.3055,4:38:41:660757,3183
472.2738,268.2675,4:38:41:664738,3189
471.7327,269.2003,4:38:41:668736,3193
471.2654,270.1039,4:38:41:672719,3193
470.8965,271.0075,4:38:41:676727,3194
470.503,271.8529,4:38:41:680721,3196
470.2079,272.6982,4:38:41:684729,3200
469.9128,273.5728,4:38:41:688729,3209
469.6914,274.3598,4:38:41:692731,3215
469.5193,275.176,4:38:41:696729,3223
469.4209,275.9339,4:38:41:699732,3229
469.3471,276.6918,4:38:41:704017,3229
469.3471,277.4497,4:38:41:708025,3235
469.3471,278.1784,4:38:41:712027,3239
469.3471,278.8781,4:38:41:716025,3248
469.3471,279.5485,4:38:41:720671,3263
470.0357,280.219,4:38:41:724683,3275
470.0357,280.8603,4:38:41:728385,3286
470.8228,281.4432,4:38:41:732393,3295
471.3146,281.9971,4:38:41:736696,3301
471.8803,282.5509,4:38:41:739730,3315
472.5197,283.0465,4:38:41:744730,3331
473.2329,283.4837,4:38:41:748730,3346
473.9708,283.8918,4:38:41:752731,3358
474.8315,284.2125,4:38:41:756728,3365
475.7415,284.504,4:38:41:760731,3366
476.7007,284.7372,4:38:41:764728,3374
477.709,284.9704,4:38:41:768536,3378
478.7665,285.087,4:38:41:772566,3381
479.8487,285.1453,4:38:41:777298,3387
480.98,285.1744,4:38:41:780308,3389
482.1359,285.1744,4:38:41:784402,3391
483.218,285.1744,4:38:41:788325,3390
484.2509,285.1744,4:38:41:792311,3389
485.1855,285.1744,4:38:41:796308,3389
486.0955,285.1744,4:38:41:800641,3392
486.9317,285.1744,4:38:41:804651,3396
487.7187,284.504,4:38:41:808651,3400
488.4319,284.504,4:38:41:812651,3400
489.0959,284.504,4:38:41:816649,3400
489.7354,284.0376,4:38:41:820651,3401
490.3256,284.0376,4:38:41:824299,3401
490.9158,283.6295,4:38:41:828309,3400
491.4815,283.6295,4:38:41:832611,3398
491.998,283.1923,4:38:41:836646,3398
492.5144,283.1923,4:38:41:840620,3397
492.9817,282.6967,4:38:41:844674,3397
493.449,282.4344,4:38:41:848677,3400
493.8425,282.172,4:38:41:852621,3398
494.2606,281.9388,4:38:41:856718,3400
494.6049,281.6765,4:38:41:859726,3400
494.9492,281.4141,4:38:41:864709,3404
495.2198,281.1517,4:38:41:867738,3404
495.4903,280.9185,4:38:41:872709,3411
495.7116,280.7145,4:38:41:876717,3418
495.933,280.4521,4:38:41:880719,3419
496.1051,280.219,4:38:41:883722,3422
496.2527,279.9566,4:38:41:888720,3421
496.3757,279.6942,4:38:41:891720,3419
496.4494,279.4319,4:38:41:896682,3419
496.474,279.1404,4:38:41:900682,3418
496.4986,278.8489,4:38:41:904679,3409
496.4986,278.5283,4:38:41:908681,3399
496.4986,278.1784,4:38:41:912710,3383
496.4986,277.8578,4:38:41:916721,3364
496.4986,277.508,4:38:41:920720,3345
495.933,277.1873,4:38:41:924724,3327
495.933,276.8958,4:38:41:928722,3306
495.4657,276.5461,4:38:41:932719,3289
495.4657,276.3128,4:38:41:936718,3274
494.8508,276.0797,4:38:41:940756,3257
494.4819,275.8464,4:38:41:944655,3245
494.0638,275.7007,4:38:41:947861,3231
493.7195,275.555,4:38:41:952707,3221
493.3752,275.4966,4:38:41:956718,3214
493.0555,275.4092,4:38:41:960717,3209
492.785,275.38,4:38:41:963715,3204
492.5144,275.38,4:38:41:968717,3197
492.2931,275.38,4:38:41:972717,3189
492.0963,275.38,4:38:41:976732,3180
491.9734,275.38,4:38:41:980734,3177
491.8504,275.38,4:38:41:984708,3173
491.7029,275.963,4:38:41:988719,3170
491.6045,275.963,4:38:41:991769,3168
491.4815,276.4878,4:38:41:995769,3167
491.3831,276.4878,4:38:42:000291,3167
491.3094,277.1873,4:38:42:004301,3171
491.2602,277.1873,4:38:42:008289,3180
491.1864,278.0035,4:38:42:012289,3185
491.1618,278.4699,4:38:42:016217,3194
491.1372,278.9947,4:38:42:020227,3204
491.0634,279.5485,4:38:42:024227,3209
491.0388,280.1024,4:38:42:028227,3221
491.0142,280.7145,4:38:42:032561,3239
490.965,281.3267,4:38:42:036366,3259
490.9404,281.968,4:38:42:040369,3285
490.9158,282.5801,4:38:42:044366,3310
490.8667,283.2214,4:38:42:048706,3330
490.8421,283.8918,4:38:42:052716,3352
490.8421,284.5623,4:38:42:056732,3376
490.8175,285.2328,4:38:42:059715,3404
490.7929,285.8741,4:38:42:065068,3437
490.7437,286.6028,4:38:42:068078,3468
490.7191,287.3024,4:38:42:072208,3506
490.6699,288.0312,4:38:42:076078,3545
490.5715,288.7891,4:38:42:080080,3588
490.4731,289.4304,4:38:42:084078,3628
490.3748,290.1008,4:38:42:088080,3667
490.3256,290.8004,4:38:42:092076,3710
490.2518,291.5583,4:38:42:096653,3749
490.1534,292.3162,4:38:42:100655,3795
490.1042,293.1032,4:38:42:104657,3840
490.0305,293.8903,4:38:42:110655,3881
489.9813,294.7065,4:38:42:112662,3926
489.9075,295.5518,4:38:42:116655,3975
489.8829,296.4264,4:38:42:120104,4026
489.8829,297.33,4:38:42:124088,4073
489.8091,298.1754,4:38:42:128432,4125
489.7845,298.9624,4:38:42:132442,4167
489.7845,299.7203,4:38:42:137182,4205
489.7845,300.449,4:38:42:140192,4238
489.7845,301.1487,4:38:42:144246,4260
489.7845,301.8191,4:38:42:148192,4281
489.7845,302.4021,4:38:42:152656,4295
489.7845,302.9268,4:38:42:156223,4307
489.7845,303.3932,4:38:42:160700,4313
489.7845,303.8013,4:38:42:164701,4318
489.7845,304.1802,4:38:42:168699,4319
489.7845,304.4717,4:38:42:172701,4323
489.7845,304.705,4:38:42:176706,4319
490.2272,304.8507,4:38:42:180715,4297
490.2272,304.9673,4:38:42:184707,4250
490.2272,305.0256,4:38:42:188713,4155
490.2272,305.0547,4:38:42:191954,4012
490.2272,305.0547,4:38:42:195956,3796
490.2272,305.0547,4:38:42:199953,3503
490.2272,305.0547,4:38:42:203953,3125
490.2272,305.0547,4:38:42:207953,2618
490.2272,305.0547,4:38:42:211953,1916
490.2272,304.3843,4:38:42:216786,1175
490.2272,304.3843,4:38:42:219796,566
489.5632,303.5098,4:38:42:224797,0
489.5632,302.8685,4:38:42:227795,0
488.9729,302.0232,4:38:42:233054,0
488.9729,301.0029,4:38:42:236066,0
488.2843,299.6912,4:38:42:240066,0
487.9646,298.1462,4:38:42:244066,0
487.6203,296.4846,4:38:42:248100,0
487.276,294.5608,4:38:42:252064,0
486.9317,292.3162,4:38:42:256650,0
486.6365,289.955,4:38:42:260513,0
486.3906,287.4482,4:38:42:264705,0
486.0955,284.8538,4:38:42:267718,0
485.7512,282.1429,4:38:42:272940,0
485.456,279.4902,4:38:42:275950,0
485.1363,276.6918,4:38:42:279953,0
484.792,274.0683,4:38:42:283948,0
484.4477,271.4739,4:38:42:287950,0
484.1034,268.9379,4:38:42:291948,0
483.6853,266.4601,4:38:42:296715,0
483.3164,263.9241,4:38:42:300057,0
482.9475,261.5921,4:38:42:304723,0
482.5048,259.3184,4:38:42:307731,0
482.0621,257.0447,4:38:42:312732,0
481.5948,254.8293,4:38:42:316734,0
481.1029,252.6722,4:38:42:320748,0
480.5619,250.6317,4:38:42:324733,0
480.0208,248.7078,4:38:42:328717,0
479.3814,246.9296,4:38:42:332083,0
478.7173,245.239,4:38:42:336717,0
478.0533,243.7523,4:38:42:339730,0
477.3155,242.3531,4:38:42:344727,0
476.6269,241.1288,4:38:42:348727,0
475.8891,240.0794,4:38:42:352728,0
475.2004,239.1174,4:38:42:356725,0
474.4872,238.2721,4:38:42:360993,0
473.8232,237.5725,4:38:42:364003,0
473.2329,236.9021,4:38:42:368058,0
472.6181,236.319,4:38:42:372000,0
472.0033,235.7943,4:38:42:376005,0
471.413,235.3279,4:38:42:380003,0
470.8965,234.8615,4:38:42:384653,0
470.3063,234.4243,4:38:42:388034,0
469.7898,233.987,4:38:42:392712,0
469.2242,233.5498,4:38:42:396736,0
468.7077,233.0542,4:38:42:399956,0
468.142,232.5296,4:38:42:403955,0
467.5764,232.034,4:38:42:408080,0
467.0107,231.4801,4:38:42:412963,0
466.4205,230.868,4:38:42:415996,0
465.8548,230.285,4:38:42:419958,0
465.2646,229.6437,4:38:42:424714,0
464.6743,229.0607,4:38:42:428724,0
464.0595,228.4777,4:38:42:432714,0
463.42,227.8656,4:38:42:436722,0
462.756,227.3117,4:38:42:440712,0
462.0428,226.8161,4:38:42:444721,0
461.3296,226.3206,4:38:42:448723,0
460.5426,225.9125,4:38:42:452722,0
459.7064,225.5336,4:38:42:456721,0
458.8702,225.1254,4:38:42:459722,0
458.1078,224.8048,4:38:42:464716,0
457.37,224.4841,4:38:42:468727,0
456.583,224.1635,4:38:42:472660,0
455.796,223.9012,4:38:42:476063,0
455.0582,223.6096,4:38:42:480191,0
454.3449,223.3473,4:38:42:484201,0
453.6809,223.1432,4:38:42:489217,0
452.9677,222.9392,4:38:42:492202,0
452.1807,222.7643,4:38:42:496707,0
451.4183,222.6185,4:38:42:499718,0
450.6805,222.4728,4:38:42:504707,0
449.9919,222.4436,4:38:42:507718,0
449.254,222.3562,4:38:42:512717,0
448.59,222.327,4:38:42:515721,0
447.9506,222.2104,4:38:42:520719,0
447.4095,222.1521,4:38:42:524718,790
446.893,221.9772,4:38:42:528706,795
446.4503,221.8315,4:38:42:532714,797
446.0569,221.744,4:38:42:537287,807
445.6879,221.5108,4:38:42:541560,853
445.3928,221.336,4:38:42:544297,938
445.1469,221.161,4:38:42:548300,1089
444.9255,221.0153,4:38:42:552342,1277
444.778,220.9278,4:38:42:556329,1457
444.6796,220.8696,4:38:42:560707,1623
444.6304,220.8404,4:38:42:564736,1742
444.5812,220.8112,4:38:42:568142,1826
444.5812,220.8112,4:38:42:572142,1891
444.5812,220.7821,4:38:42:577141,1934
444.5812,220.7821,4:38:42:580145,1960
444.5812,220.7238,4:38:42:584843,1969
444.5812,220.6655,4:38:42:587856,1977
445.2698,220.5197,4:38:42:591853,1971
445.2698,220.374,4:38:42:596853,1970
446.0569,220.17,4:38:42:599853,1978
446.6471,219.9659,4:38:42:603853,1983
447.3603,219.7036,4:38:42:608714,1989
448.2457,219.4704,4:38:42:612724,1998
449.2786,219.208,4:38:42:616727,2007
450.4591,218.9456,4:38:42:620737,2020
451.7134,218.7416,4:38:42:625738,2050
453.1398,218.4792,4:38:42:628294,2090
454.7384,218.2169,4:38:42:632219,2136
456.5092,218.042,4:38:42:636654,2181
458.5259,217.838,4:38:42:640664,2221
460.6163,217.6631,4:38:42:644927,2255
462.9036,217.5173,4:38:42:647938,2281
465.2892,217.3132,4:38:42:651973,2305
467.9207,217.1675,4:38:42:655941,2322
470.6752,217.0217,4:38:42:660011,2331
473.4789,216.8468,4:38:42:663938,2340
476.381,216.6136,4:38:42:668714,2350
479.1846,216.4096,4:38:42:672724,2361
482.0621,216.1472,4:38:42:676608,2377
484.9396,215.914,4:38:42:680618,2386
487.817,215.6517,4:38:42:684663,2397
490.6945,215.4476,4:38:42:688617,2408
493.572,215.2144,4:38:42:692673,2414
496.3757,214.9812,4:38:42:696189,2427
499.1794,214.8064,4:38:42:700699,2432
502.0322,214.6315,4:38:42:704245,2436
504.7867,214.4274,4:38:42:708244,2441
507.4674,214.2816,4:38:42:712245,2451
510.0252,214.1068,4:38:42:716245,2479
512.3616,213.961,4:38:42:720244,2524
514.5258,213.8444,4:38:42:724279,2583
516.4933,213.6987,4:38:42:728289,2650
518.2395,213.582,4:38:42:732236,2707
519.7643,213.4655,4:38:42:736263,2756
521.1169,213.378,4:38:42:740712,2800
522.2483,213.2614,4:38:42:743722,2835
523.2075,213.1448,4:38:42:748858,2871
524.019,213.0573,4:38:42:751901,2903
524.7322,212.9699,4:38:42:755870,2927
525.3225,212.8824,4:38:42:759871,2950
525.839,212.795,4:38:42:764867,2968
526.2571,212.7367,4:38:42:767867,2984
526.6014,212.6201,4:38:42:772710,2998
526.8965,212.5909,4:38:42:776720,3007
527.1425,212.5035,4:38:42:780704,3012
527.3638,212.4743,4:38:42:784715,3015
527.5851,212.416,4:38:42:788235,3015
527.7327,212.416,4:38:42:792232,3016
527.9294,212.3577,4:38:42:796264,3015
528.1016,212.3286,4:38:42:800232,3012
528.3229,212.3286,4:38:42:804609,3010
528.5443,212.3286,4:38:42:808591,3009
528.7656,212.3286,4:38:42:812598,3009
528.987,212.3286,4:38:42:816591,3014
529.2083,212.3286,4:38:42:820658,3012
529.4296,212.3286,4:38:42:824669,3012
529.651,212.3286,4:38:42:828671,3012
529.8232,212.3286,4:38:42:832669,3011
529.9953,212.3286,4:38:42:836666,3013
530.1429,212.3286,4:38:42:840669,3012
530.2659,212.3286,4:38:42:844702,3003
530.3888,212.3286,4:38:42:848713,2970
530.5364,212.3286,4:38:42:852770,2900
530.6348,212.3286,4:38:42:855777,2779
530.7086,212.3286,4:38:42:860703,2604
530.7332,212.3286,4:38:42:864716,2373
530.7577,212.3286,4:38:42:868736,2086
530.8069,212.3286,4:38:42:871717,1723
530.8069,212.3286,4:38:42:876713,1286
530.8069,212.3286,4:38:42:880731,795
530.8069,212.7659,4:38:42:884702,399
530.8069,212.7659,4:38:42:887714,0
530.8069,212.7659,4:38:42:892653,0
530.8069,213.0573,4:38:42:896762,0
530.8069,213.0573,4:38:42:900767,0
530.1921,213.0573,4:38:42:903777,0
530.1921,213.2905,4:38:42:907807,0
530.1921,213.2905,4:38:42:912817,0
529.651,213.4072,4:38:42:916817,0
529.651,213.4072,4:38:42:919817,0
529.651,213.4072,4:38:42:924658,0
529.651,213.4072,4:38:42:928679,0
529.651,213.4655,4:38:42:932713,0
530.684,213.5529,4:38:42:936725,0
531.3972,213.7278,4:38:42:940724,0
532.2333,213.9319,4:38:42:944724,0
533.1925,214.1359,4:38:42:948739,0
534.3238,214.4274,4:38:42:952737,0
535.5535,214.748,4:38:42:956717,0
536.8816,215.1853,4:38:42:960727,0
538.2834,215.5351,4:38:42:964709,0
539.759,216.0015,4:38:42:968720,0
541.2593,216.3513,4:38:42:972720,0
542.907,216.7011,4:38:42:976720,0
544.5302,217.1384,4:38:42:980927,0
546.2026,217.5173,4:38:42:983935,0
548.1947,217.9254,4:38:42:988612,0
550.2606,218.3335,4:38:42:992620,0
550.2606,218.3335,4:38:43:010706,0
