261.5299,262.4666,3:40:32:180096,0
261.5299,262.4666,3:40:32:185122,0
261.5299,262.4666,3:40:32:189102,0
260.7184,262.4666,3:40:32:193101,0
259.9805,261.4172,3:40:32:197678,0
259.0952,261.4172,3:40:32:200691,0
257.9392,260.601,3:40:32:204688,0
256.562,260.601,3:40:32:208688,0
254.9634,259.7848,3:40:32:212699,0
253.1189,259.7848,3:40:32:217305,0
251.2743,259.7848,3:40:32:221680,0
249.3806,259.2018,3:40:32:225197,0
247.4131,259.2018,3:40:32:229318,0
245.2981,258.6771,3:40:32:233362,0
243.306,258.3564,3:40:32:237385,0
241.3139,257.8318,3:40:32:241395,0
239.2234,257.1905,3:40:32:245372,0
237.1821,256.4617,3:40:32:249371,0
235.2146,255.7038,3:40:32:253372,0
233.3455,254.8293,3:40:32:257564,0
231.5993,253.8965,3:40:32:260594,0
229.9516,252.9346,3:40:32:264574,0
228.3284,251.9435,3:40:32:268576,0
226.779,250.894,3:40:32:272574,0
225.4755,249.7863,3:40:32:277388,0
224.2458,248.5329,3:40:32:281339,0
223.1391,247.192,3:40:32:285360,0
222.1308,245.7928,3:40:32:289360,0
221.1962,244.3936,3:40:32:293360,0
220.4092,242.8195,3:40:32:297360,0
219.7206,241.2746,3:40:32:301353,0
219.1303,239.6713,3:40:32:305392,0
218.6138,237.9806,3:40:32:309403,0
218.1958,236.2899,3:40:32:313400,0
217.8268,234.4534,3:40:32:316402,0
217.5071,232.6461,3:40:32:321390,0
217.2612,230.7222,3:40:32:324724,0
217.0398,228.7692,3:40:32:328725,0
216.7939,226.6413,3:40:32:332724,0
216.5726,224.5716,3:40:32:336725,0
216.3758,222.4436,3:40:32:341334,0
216.2037,220.1991,3:40:32:344667,0
216.0315,217.9837,3:40:32:348669,0
215.9823,215.7392,3:40:32:353297,0
215.9577,213.4655,3:40:32:357325,0
215.9577,211.1917,3:40:32:361310,0
215.9577,208.918,3:40:32:365308,0
215.9577,206.586,3:40:32:369321,0
215.9577,204.254,3:40:32:373352,0
215.9577,201.9512,3:40:32:377436,0
216.4988,199.6192,3:40:32:380446,0
216.4988,197.2872,3:40:32:384446,0
216.4988,194.8969,3:40:32:389445,0
216.9661,192.4483,3:40:32:392448,0
216.9661,189.9706,3:40:32:397407,0
217.4088,187.5511,3:40:32:401417,0
217.4088,185.1317,3:40:32:405435,0
217.999,182.7413,3:40:32:409672,0
218.3925,180.4385,3:40:32:413700,0
218.8106,178.2231,3:40:32:416701,0
219.2287,176.1534,3:40:32:420702,0
219.6714,174.2296,3:40:32:424705,0
220.1387,172.4805,3:40:32:429267,0
220.6305,170.7899,3:40:32:433314,0
221.1962,169.2449,3:40:32:437318,0
221.7372,167.7583,3:40:32:441309,0
222.2783,166.3882,3:40:32:445331,0
222.8194,165.0764,3:40:32:449327,0
223.2867,163.7939,3:40:32:453336,0
223.7293,162.5695,3:40:32:457336,880
224.1228,161.4619,3:40:32:461252,879
224.4426,160.4124,3:40:32:465286,875
224.6885,159.5088,3:40:32:469288,875
224.9099,158.7218,3:40:32:473286,871
225.0328,158.0513,3:40:32:477467,871
225.1312,157.5849,3:40:32:481474,863
225.2296,157.2351,3:40:32:484477,844
225.2787,157.0602,3:40:32:489252,828
225.3771,157.0311,3:40:32:493285,800
225.4509,157.0311,3:40:32:497291,783
225.5247,157.0311,3:40:32:501302,774
225.6723,157.0311,3:40:32:505398,769
225.8198,157.9347,3:40:32:509300,777
226.0166,157.9347,3:40:32:513323,792
226.2871,159.2756,3:40:32:517301,817
226.6314,160.2375,3:40:32:521231,841
227.0003,161.3744,3:40:32:525204,867
227.4184,162.8027,3:40:32:529239,902
227.8365,164.3768,3:40:32:533204,935
228.3284,166.2424,3:40:32:537314,982
228.8448,168.3121,3:40:32:541320,1032
229.3367,170.6441,3:40:32:545415,1105
229.8532,173.2093,3:40:32:549402,1181
230.3697,176.0952,3:40:32:553400,1270
230.9107,179.2725,3:40:32:557401,1361
231.4518,182.7122,3:40:32:561466,1438
231.9682,186.4142,3:40:32:565470,1526
232.4601,190.2621,3:40:32:569165,1600
232.9274,194.2265,3:40:32:573196,1681
233.3701,198.3366,3:40:32:577253,1762
233.7636,202.5925,3:40:32:581506,1846
234.0833,206.8775,3:40:32:585509,1932
234.3539,211.3667,3:40:32:589506,2010
234.5998,216.0307,3:40:32:593508,2085
234.7227,220.8112,3:40:32:596510,2153
234.8211,225.6501,3:40:32:601252,2212
234.8949,230.6931,3:40:32:605285,2279
234.9687,235.8235,3:40:32:609288,2344
234.9687,241.0997,3:40:32:613285,2403
234.9687,246.4632,3:40:32:617423,2464
234.9687,251.8268,3:40:32:621426,2512
234.9687,257.1613,3:40:32:625424,2544
234.9687,262.4666,3:40:32:629430,2572
234.9687,267.7136,3:40:32:633385,2595
234.9687,272.9023,3:40:32:637396,2623
234.9687,277.9161,3:40:32:641465,2660
234.9687,282.959,3:40:32:644464,2696
234.9687,287.7979,3:40:32:649464,2727
234.9687,292.5203,3:40:32:652463,2747
234.9687,296.9802,3:40:32:656801,2759
234.9687,301.3235,3:40:32:660811,2764
234.9687,305.5211,3:40:32:665377,2774
235.5343,309.4564,3:40:32:669384,2781
235.5343,313.2751,3:40:32:673377,2786
235.5343,316.8022,3:40:32:677379,2792
235.9032,320.067,3:40:32:681516,2796
235.9032,323.2444,3:40:32:684526,2798
235.9032,326.2759,3:40:32:688529,2799
235.9032,329.1909,3:40:32:692527,2795
235.9032,331.9893,3:40:32:697766,2786
235.9032,334.642,3:40:32:700776,2759
235.9032,337.2072,3:40:32:704779,2711
235.9032,339.5392,3:40:32:708776,2634
235.9032,341.7546,3:40:32:712776,2512
235.9032,343.6494,3:40:32:716777,2362
235.9032,345.3109,3:40:32:721332,2156
235.9032,346.6809,3:40:32:724849,1888
235.9032,347.7886,3:40:32:728680,1553
235.9032,348.6049,3:40:32:732647,1162
236.5673,349.1295,3:40:32:736644,745
236.5673,349.3044,3:40:32:740671,395
237.1329,349.3044,3:40:32:744305,157
237.1329,349.3044,3:40:32:748664,0
237.9937,347.7595,3:40:32:753537,0
238.5348,346.4769,3:40:32:756540,0
239.1004,344.7862,3:40:32:760537,0
239.7153,342.6874,3:40:32:764540,0
240.4039,340.1222,3:40:32:769303,0
241.0188,337.2364,3:40:32:773327,0
241.6582,334.0007,3:40:32:777314,0
242.2484,330.5027,3:40:32:781611,0
242.7895,326.7132,3:40:32:784621,0
243.2814,322.6905,3:40:32:788621,0
243.6503,318.4929,3:40:32:792622,0
244.0684,314.1204,3:40:32:796711,0
244.4619,309.5439,3:40:32:800621,0
244.9046,304.7632,3:40:32:804622,0
245.2981,299.8369,3:40:32:808624,0
245.7408,294.7648,3:40:32:812736,0
246.2572,289.6635,3:40:32:816790,0
246.7983,284.4457,3:40:32:821382,0
247.4869,279.257,3:40:32:825392,0
248.2493,274.01,3:40:32:829393,0
249.0855,268.8504,3:40:32:833393,0
249.9955,263.7201,3:40:32:837392,0
251.053,258.5897,3:40:32:841391,0
252.2335,253.6342,3:40:32:845392,0
253.4632,248.8535,3:40:32:849383,0
254.8404,244.1895,3:40:32:853393,0
256.2915,239.7587,3:40:32:857392,0
257.7917,235.6194,3:40:32:861391,0
259.2919,231.6259,3:40:32:865383,0
260.9151,227.9821,3:40:32:869395,0
262.4153,224.5133,3:40:32:872394,0
263.8909,221.2193,3:40:32:876394,0
265.3666,218.042,3:40:32:880397,0
266.7438,214.9812,3:40:32:884395,0
268.0227,212.0371,3:40:32:889394,0
269.2032,209.2095,3:40:32:893398,0
270.3345,206.6152,3:40:32:897309,0
271.2937,204.1083,3:40:32:901296,0
272.302,201.7763,3:40:32:905297,0
273.2612,199.5609,3:40:32:909323,0
274.1957,197.4038,3:40:32:913315,0
275.1057,195.3633,3:40:32:917295,0
276.0403,193.3228,3:40:32:920602,0
277.0486,191.2531,3:40:32:924603,0
278.1061,189.1543,3:40:32:928603,0
279.1883,187.0847,3:40:32:932621,0
280.3933,185.0442,3:40:32:937383,0
281.5739,183.0912,3:40:32:940717,0
282.8281,181.1964,3:40:32:945388,0
284.1316,179.3308,3:40:32:949398,0
285.3859,177.6401,3:40:32:953395,0
286.5664,176.0077,3:40:32:956398,840
287.7223,174.5793,3:40:32:961442,834
288.829,173.2384,3:40:32:965452,830
289.8373,172.0724,3:40:32:969302,822
290.8703,171.0813,3:40:32:973345,818
291.854,170.2068,3:40:32:977386,816
292.7148,169.5364,3:40:32:981386,812
293.6494,169.0992,3:40:32:985386,809
294.6085,168.8368,3:40:32:988383,805
295.5923,168.7202,3:40:32:993383,804
296.5269,168.7202,3:40:32:997399,801
297.5106,168.7202,3:40:33:001384,799
298.4944,168.7202,3:40:33:004392,796
299.5273,169.9153,3:40:33:009447,789
300.634,170.6149,3:40:33:013457,791
301.7161,171.4603,3:40:33:017447,798
302.8474,172.4805,3:40:33:020447,803
303.9296,173.7632,3:40:33:025374,812
305.1346,175.1915,3:40:33:029384,829
306.2168,176.9113,3:40:33:033384,852
307.2743,178.8936,3:40:33:037385,889
308.2581,181.2547,3:40:33:041382,933
309.1188,183.849,3:40:33:045384,978
309.9059,186.7349,3:40:33:049338,1017
310.5207,189.8539,3:40:33:053335,1049
311.0372,193.1187,3:40:33:057338,1081
311.4061,196.5876,3:40:33:061335,1110
311.652,200.0856,3:40:33:065134,1144
311.7504,203.6419,3:40:33:069145,1181
311.7504,207.1399,3:40:33:073145,1217
311.7504,210.8128,3:40:33:077476,1248
311.7504,214.5148,3:40:33:080486,1270
310.9142,218.2169,3:40:33:084487,1286
310.3485,221.9189,3:40:33:088486,1300
309.5861,225.621,3:40:33:092584,1308
308.7499,229.1773,3:40:33:096487,1317
307.6924,232.5878,3:40:33:101329,1321
306.5365,235.8235,3:40:33:104561,1329
305.1838,238.8259,3:40:33:109468,1337
303.782,241.5369,3:40:33:112470,1345
302.1834,244.0438,3:40:33:117468,1361
300.511,246.3466,3:40:33:120468,1375
298.7157,248.4454,3:40:33:125378,1397
296.8466,250.4276,3:40:33:129387,1427
294.9037,252.3224,3:40:33:132816,1452
292.8378,254.1006,3:40:33:136747,1464
290.6981,255.7912,3:40:33:140747,1471
288.4109,257.3945,3:40:33:144747,1474
286.0745,258.852,3:40:33:148458,1473
283.6397,260.1929,3:40:33:152469,1480
281.082,261.4172,3:40:33:156793,1487
278.475,262.4083,3:40:33:160806,1486
275.9173,263.2245,3:40:33:164806,1486
273.3595,263.8366,3:40:33:168804,1486
270.9001,264.1281,3:40:33:173381,1483
268.49,264.1573,3:40:33:176926,1484
266.2274,264.1573,3:40:33:181469,1485
264.1861,264.1573,3:40:33:184475,1495
262.3415,262.7581,3:40:33:189384,1496
260.7184,261.7961,3:40:33:193396,1502
259.2673,260.7467,3:40:33:197394,1504
258.0868,259.5225,3:40:33:201393,1507
257.1031,258.3856,3:40:33:205396,1522
256.3407,257.307,3:40:33:209393,1536
255.775,256.2577,3:40:33:213394,1553
255.4061,255.3831,3:40:33:217410,1556
255.1356,254.6544,3:40:33:221376,1559
255.0864,254.0423,3:40:33:225385,1558
255.0864,253.5175,3:40:33:229604,1553
255.0864,253.1969,3:40:33:232614,1547
255.0864,252.9054,3:40:33:236614,1538
256.0947,252.6431,3:40:33:240614,1525
256.685,252.6431,3:40:33:244614,1521
257.4228,252.4682,3:40:33:248614,1518
258.3082,252.4682,3:40:33:253470,1506
259.2673,252.4682,3:40:33:256476,1508
260.3986,252.4682,3:40:33:260972,1513
261.6529,253.5759,3:40:33:264487,1521
262.981,254.3046,3:40:33:269303,1545
264.309,255.2957,3:40:33:273545,1561
265.7355,256.52,3:40:33:277532,1566
267.2603,257.9775,3:40:33:280530,1577
268.8589,259.6682,3:40:33:284530,1595
270.5067,261.5338,3:40:33:288530,1602
272.2282,263.6035,3:40:33:293385,1621
273.9744,265.8188,3:40:33:297395,1637
275.7697,268.1217,3:40:33:301395,1652
277.6635,270.3662,3:40:33:305395,1693
279.5326,272.64,3:40:33:309394,1725
281.3771,274.8553,3:40:33:313411,1765
283.2708,277.0416,3:40:33:317110,1796
285.0908,279.2278,3:40:33:321108,1825
286.9845,281.3849,3:40:33:325121,1872
288.829,283.4546,3:40:33:329107,1919
290.6981,285.4077,3:40:33:333385,1963
292.5919,287.4482,3:40:33:337393,1996
294.4364,289.5178,3:40:33:340658,2022
296.3547,291.6166,3:40:33:344656,2032
298.2238,293.7445,3:40:33:348658,2042
300.1175,295.8142,3:40:33:352658,2055
302.0604,297.8547,3:40:33:356802,2060
303.9788,299.8369,3:40:33:360812,2067
305.8479,301.8482,3:40:33:365078,2073
307.6432,303.743,3:40:33:368824,2068
309.4878,305.4337,3:40:33:373880,2068
311.2831,307.037,3:40:33:376880,2073
312.9309,308.407,3:40:33:380880,2076
314.4557,309.6605,3:40:33:384881,2077
315.9313,310.7973,3:40:33:389387,2055
317.284,311.8467,3:40:33:393397,1997
318.4891,312.692,3:40:33:396938,1900
319.645,313.4791,3:40:33:400939,1756
320.7025,314.0912,3:40:33:404941,1553
321.6371,314.6159,3:40:33:408939,1311
322.4978,314.9949,3:40:33:413938,1040
323.2111,315.2573,3:40:33:416938,751
323.8259,315.3447,3:40:33:421322,457
324.3424,315.3447,3:40:33:425002,234
324.6867,315.3447,3:40:33:428844,0
324.8834,314.6451,3:40:33:432850,0
324.9572,314.6451,3:40:33:437325,0
324.9572,313.3333,3:40:33:441350,0
324.9572,312.3714,3:40:33:445335,0
324.0718,311.1762,3:40:33:449334,0
323.4324,309.777,3:40:33:453333,0
322.6454,308.1738,3:40:33:457336,0
321.7108,306.4248,3:40:33:461381,0
320.6041,304.4717,3:40:33:464394,0
319.4236,302.3146,3:40:33:469383,0
318.1693,300.0701,3:40:33:472748,0
316.8413,297.6215,3:40:33:476750,0
315.3903,295.1437,3:40:33:480751,0
313.9392,292.5786,3:40:33:484877,0
312.3898,290.0717,3:40:33:488748,0
310.865,287.623,3:40:33:493381,0
309.3402,285.2328,3:40:33:497391,0
307.84,282.959,3:40:33:501383,0
306.2906,280.8603,3:40:33:504724,0
304.8149,278.8489,3:40:33:508788,0
303.4377,277.0125,3:40:33:512724,0
302.085,275.2926,3:40:33:516852,0
300.8553,273.6602,3:40:33:520725,0
299.6502,272.0861,3:40:33:525380,0
298.5681,270.5703,3:40:33:528723,0
297.5106,269.1419,3:40:33:533386,0
296.6252,267.7427,3:40:33:536743,0
295.789,266.3727,3:40:33:540745,0
294.9774,265.1193,3:40:33:544743,0
294.338,263.8658,3:40:33:548747,0
293.8461,262.6707,3:40:33:552744,0
293.4526,261.5338,3:40:33:557335,0
293.1575,260.4553,3:40:33:561348,0
293.0591,259.4059,3:40:33:565435,0
293.0591,258.4439,3:40:33:569445,0
293.0591,257.5694,3:40:33:573446,0
293.0591,256.7823,3:40:33:576448,0
294.0675,256.0536,3:40:33:581519,0
294.6577,255.2957,3:40:33:584529,0
295.248,254.567,3:40:33:588608,1631
296.0104,253.8382,3:40:33:592527,1622
296.822,253.1678,3:40:33:596532,1606
297.6581,252.5264,3:40:33:600530,1589
298.5927,251.9726,3:40:33:605390,1568
299.6994,251.4479,3:40:33:609401,1556
300.9783,250.9815,3:40:33:612573,1548
302.5031,250.6317,3:40:33:616583,1548
304.2739,250.4276,3:40:33:620585,1547
306.2414,250.3111,3:40:33:624589,1551
308.504,250.2236,3:40:33:629395,1558
310.9634,250.1944,3:40:33:633423,1554
313.6195,250.1653,3:40:33:636585,1554
316.3986,250.0779,3:40:33:640593,1557
319.2761,250.0487,3:40:33:644594,1564
322.1781,249.9904,3:40:33:648594,1575
325.154,249.903,3:40:33:652592,1585
328.179,249.8155,3:40:33:656615,1588
331.2286,249.6698,3:40:33:660912,1588
334.3274,249.524,3:40:33:664604,1584
337.3279,249.3783,3:40:33:669303,1568
340.2545,249.2325,3:40:33:673346,1530
343.0828,249.0576,3:40:33:677326,1467
345.7635,248.8244,3:40:33:681277,1376
348.3213,248.6203,3:40:33:685277,1255
350.6577,248.358,3:40:33:689277,1120
352.7973,248.0665,3:40:33:693294,963
354.7648,247.7458,3:40:33:697273,787
356.5602,247.4252,3:40:33:701388,592
358.1588,247.0171,3:40:33:705398,368
359.659,246.5798,3:40:33:709411,191
361.0117,246.026,3:40:33:713398,0
362.1184,245.4722,3:40:33:717404,0
363.2005,244.8308,3:40:33:721410,0
364.0367,244.1313,3:40:33:725424,0
364.7007,243.3442,3:40:33:729424,0
365.2172,242.4989,3:40:33:733424,0
365.6353,241.5369,3:40:33:737424,0
365.8566,240.5458,3:40:33:741396,0
365.9304,239.3798,3:40:33:744406,0
365.9304,238.1555,3:40:33:749406,0
365.9304,236.7563,3:40:33:752431,0
365.9304,235.2405,3:40:33:757404,0
365.2418,233.5789,3:40:33:761424,0
365.2418,231.7717,3:40:33:766159,0
364.4302,229.7312,3:40:33:769142,0
363.9629,227.5449,3:40:33:773194,0
363.9629,225.2421,3:40:33:777140,0
363.1513,222.7643,3:40:33:781247,0
362.7578,220.1116,3:40:33:785255,0
362.3889,217.4299,3:40:33:789382,0
362.0692,214.6897,3:40:33:792393,0
361.774,212.0371,3:40:33:797411,0
361.774,209.4719,3:40:33:800417,0
361.5773,207.1107,3:40:33:804587,0
361.5773,204.8954,3:40:33:808523,0
361.5773,202.9715,3:40:33:812624,0
361.5773,201.3099,3:40:33:816507,0
361.4052,199.8815,3:40:33:821331,0
361.4052,198.7155,3:40:33:824520,0
361.3068,197.6953,3:40:33:829382,0
361.1838,196.9374,3:40:33:832726,0
361.0363,196.2961,3:40:33:836787,0
360.8395,195.7714,3:40:33:840725,0
360.6919,195.4507,3:40:33:844729,0
360.5444,195.101,3:40:33:848725,0
360.3722,194.7511,3:40:33:853387,0
360.2001,194.4597,3:40:33:856400,1793
360.0279,194.2265,3:40:33:861494,1782
359.9049,193.9933,3:40:33:864513,1772
359.8065,193.935,3:40:33:869491,1757
359.6836,193.935,3:40:33:873501,1745
359.6098,193.935,3:40:33:877492,1747
359.6098,194.7803,3:40:33:880492,1748
359.6098,195.7714,3:40:33:885205,1757
359.6098,197.1123,3:40:33:889172,1769
359.6098,198.7447,3:40:33:893172,1777
359.6098,200.7269,3:40:33:897259,1798
360.4214,203.0298,3:40:33:901198,1821
360.4214,205.6532,3:40:33:905206,1864
361.1592,208.4808,3:40:33:909212,1923
361.1592,211.5999,3:40:33:913252,1982
362.0692,214.8938,3:40:33:917212,2055
362.5611,218.3627,3:40:33:921303,2121
363.1021,222.0356,3:40:33:924823,2194
363.6678,225.7668,3:40:33:929328,2275
364.2088,229.498,3:40:33:933339,2354
364.8237,233.2583,3:40:33:937338,2421
365.4385,236.9603,3:40:33:941348,2471
366.0288,240.5458,3:40:33:945340,2516
366.5945,243.9563,3:40:33:949377,2561
367.1355,247.3086,3:40:33:953388,2600
367.6274,250.6317,3:40:33:957389,2639
368.0701,253.8965,3:40:33:961385,2665
368.4636,257.1321,3:40:33:965399,2675
368.8817,260.3387,3:40:33:969403,2683
369.2505,263.4577,3:40:33:973328,2689
369.6195,266.4019,3:40:33:977340,2692
369.9638,269.2877,3:40:33:981391,2694
370.3081,272.0278,3:40:33:985401,2695
370.6524,274.5638,3:40:33:988962,2698
370.9721,276.8958,3:40:33:992971,2697
371.2426,279.0821,3:40:33:996971,2698
371.5378,281.0643,3:40:34:000973,2695
371.7591,282.9299,3:40:34:005388,2662
371.9559,284.6789,3:40:34:009398,2594
372.128,286.253,3:40:34:013428,2467
372.251,287.623,3:40:34:017432,2267
372.3002,288.8765,3:40:34:021426,1997
372.3002,289.9259,3:40:34:025426,1630
372.3002,290.7712,3:40:34:029548,1200
372.3002,291.4125,3:40:34:032561,729
371.7099,291.7624,3:40:34:036558,357
371.7099,291.9081,3:40:34:040559,0
370.6278,291.9081,3:40:34:044559,0
369.7916,291.9081,3:40:34:048558,0
368.7095,290.7712,3:40:34:053379,0
367.529,289.7802,3:40:34:057390,0
366.1272,288.5267,3:40:34:060556,0
364.4302,286.9235,3:40:34:065748,0
362.5365,285.1453,3:40:34:068724,0
360.446,282.9882,3:40:34:072723,0
358.1588,280.5979,3:40:34:076798,0
355.724,278.0035,3:40:34:080723,0
353.1417,275.2343,3:40:34:085378,0
350.3871,272.2318,3:40:34:089388,0
347.4359,268.967,3:40:34:092762,0
344.4601,265.5565,3:40:34:096737,0
341.2875,262.0002,3:40:34:101326,0
338.0411,258.3564,3:40:34:104773,0
334.6964,254.567,3:40:34:108897,0
331.4008,250.7775,3:40:34:112771,0
327.9576,246.9879,3:40:34:116772,0
324.5637,243.2276,3:40:34:120773,0
321.1452,239.6422,3:40:34:125378,0
317.7758,236.0858,3:40:34:129388,0
314.3327,232.6461,3:40:34:132823,0
311.0617,229.2065,3:40:34:136830,0
307.6924,225.7959,3:40:34:140932,0
304.2493,222.2396,3:40:34:144813,0
300.8799,218.7416,3:40:34:149379,0
297.4368,215.2144,3:40:34:153399,0
294.0921,211.6873,3:40:34:156407,0
290.7473,208.3059,3:40:34:161389,0
287.4763,204.8954,3:40:34:164420,0
284.1316,201.6014,3:40:34:169379,0
280.8114,198.4823,3:40:34:173396,0
277.6635,195.509,3:40:34:177479,0
274.54,192.6815,3:40:34:180479,0
271.4412,189.9706,3:40:34:184478,0
268.4162,187.347,3:40:34:188482,0
265.3911,184.7236,3:40:34:192479,0
262.5137,182.1292,3:40:34:197449,0
259.8084,179.5932,3:40:34:200458,0
257.2752,177.1445,3:40:34:204772,0
254.7667,174.9,3:40:34:208779,0
252.4057,172.7429,3:40:34:213378,0
250.1922,170.7024,3:40:34:216387,0
248.1263,168.8368,3:40:34:222387,0
246.1834,167.1169,3:40:34:225388,0
244.3389,165.6012,3:40:34:229388,0
242.6173,164.2894,3:40:34:232386,0
241.0679,163.0651,3:40:34:237329,0
239.5677,161.9865,3:40:34:241340,0
238.1659,161.0246,3:40:34:245337,0
236.8378,160.121,3:40:34:248338,0
235.5343,159.3631,3:40:34:253350,0
234.3539,158.7218,3:40:34:257366,0
233.2717,158.0804,3:40:34:261332,0
232.2142,157.6432,3:40:34:265600,0
231.2304,157.2059,3:40:34:270595,0
230.3205,156.8853,3:40:34:272533,0
229.3859,156.6812,3:40:34:277565,0
228.5989,156.4772,3:40:34:280533,0
227.8857,156.1566,3:40:34:284534,0
227.1233,155.8359,3:40:34:288535,1353
226.4101,155.5152,3:40:34:293383,1344
225.746,155.1946,3:40:34:297391,1331
225.1066,154.9323,3:40:34:300637,1315
224.4426,154.6991,3:40:34:304555,1298
223.8769,154.3784,3:40:34:308634,1294
223.2867,154.2035,3:40:34:313556,1290
222.7456,154.2035,3:40:34:317465,1290
222.2783,154.2035,3:40:34:320475,1286
221.8602,154.2035,3:40:34:324506,1286
221.3929,154.2035,3:40:34:328506,1298
220.9503,155.0488,3:40:34:333507,1311
220.483,155.0488,3:40:34:336506,1327
219.9419,155.8067,3:40:34:341386,1336
219.3517,155.8067,3:40:34:344406,1344
218.7368,156.5355,3:40:34:349394,1357
217.9498,156.5355,3:40:34:353396,1369
217.0644,157.1768,3:40:34:357398,1382
216.0315,157.1768,3:40:34:360913,1390
214.9248,157.1768,3:40:34:365412,1394
213.6705,157.1768,3:40:34:369428,1394
212.367,157.1768,3:40:34:373428,1398
211.0144,157.1768,3:40:34:377427,1403
209.5633,156.4772,3:40:34:381428,1415
208.0877,156.4772,3:40:34:385389,1440
206.6121,155.1363,3:40:34:389400,1461
205.1365,154.2035,3:40:34:393381,1487
203.71,153.0958,3:40:34:397392,1510
202.2344,151.7549,3:40:34:401423,1538
200.808,150.2391,3:40:34:405424,1580
199.3569,148.6067,3:40:34:409423,1619
197.9305,146.8286,3:40:34:413432,1657
196.5779,144.9046,3:40:34:417448,1676
195.2006,142.9225,3:40:34:420458,1686
193.8725,140.7945,3:40:34:424460,1685
192.5445,138.6665,3:40:34:428458,1688
191.3394,136.4803,3:40:34:433592,1698
190.1835,134.1483,3:40:34:436602,1698
189.1259,131.6705,3:40:34:441366,1697
188.1176,129.0179,3:40:34:445367,1686
187.2814,126.132,3:40:34:448365,1669
186.5436,122.9547,3:40:34:453367,1647
186.0025,119.5442,3:40:34:456795,1636
185.609,115.9878,3:40:34:461795,1627
185.4369,112.3441,3:40:34:464796,1619
185.3877,108.6712,3:40:34:468794,1612
185.3877,104.9983,3:40:34:473805,1592
185.3877,101.4128,3:40:34:476811,1569
186.3468,97.944,3:40:34:481319,1542
186.9863,94.65005,3:40:34:484826,1523
187.7979,91.44355,3:40:34:489381,1514
188.8062,88.29535,3:40:34:493389,1505
189.9375,85.20545,3:40:34:497326,1492
191.241,81.9698,3:40:34:500881,1484
192.7166,78.9382,3:40:34:505460,1474
194.3644,75.99405,3:40:34:509466,1458
196.1352,73.13735,3:40:34:513460,1449
198.1518,70.39725,3:40:34:517461,1430
200.3899,67.9195,3:40:34:521371,1408
202.8492,65.6458,3:40:34:524906,1396
205.6037,63.69275,3:40:34:529320,1384
208.5796,62.0312,3:40:34:533332,1372
211.7522,60.5154,3:40:34:537327,1368
215.0723,59.20365,3:40:34:541331,1360
218.6138,58.1251,3:40:34:545327,1356
222.2045,57.27975,3:40:34:549334,1360
225.746,56.6093,3:40:34:553349,1356
229.4105,56.1429,3:40:34:557330,1356
233.0258,55.88055,3:40:34:561334,1356
236.7148,55.8514,3:40:34:565349,1356
240.4039,55.8514,3:40:34:569250,1364
244.1176,55.8514,3:40:34:573258,1371
247.782,57.22145,3:40:34:577378,1379
251.3973,58.09595,3:40:34:581388,1379
255.0864,59.26195,3:40:34:585382,1383
258.6033,60.66115,3:40:34:589393,1384
262.1202,62.3227,3:40:34:593392,1402
265.6125,64.21745,3:40:34:597393,1426
269.0556,66.43285,3:40:34:601392,1449
272.4496,68.93975,3:40:34:605393,1485
275.8189,71.7673,3:40:34:609378,1504
279.1883,74.7989,3:40:34:613424,1522
282.5084,78.0054,3:40:34:617407,1541
285.8286,81.35765,3:40:34:621407,1554
289.0258,84.7682,3:40:34:625405,1576
292.1246,88.23705,3:40:34:629407,1598
295.125,91.5893,3:40:34:633454,1616
298.1254,94.9707,3:40:34:636453,1650
301.1505,98.3521,3:40:34:641454,1681
304.1263,101.7918,3:40:34:645455,1716
307.1267,105.2607,3:40:34:649274,1745
310.078,108.7878,3:40:34:653283,1756
313.0047,112.2567,3:40:34:656625,1768
315.9067,115.6672,3:40:34:661537,1774
318.7104,118.9903,3:40:34:664643,1779
321.4403,122.226,3:40:34:668641,1787
323.9489,125.1701,3:40:34:673646,1787
326.482,127.9102,3:40:34:676641,1775
328.8676,130.4462,3:40:34:681500,1740
331.204,132.8074,3:40:34:684510,1659
333.4912,135.052,3:40:34:689325,1532
335.6801,137.1799,3:40:34:693334,1339
337.7952,139.2495,3:40:34:697333,1087
339.8364,141.2901,3:40:34:701345,781
341.8285,143.3306,3:40:34:705333,461
343.6977,145.2545,3:40:34:709340,218
345.5422,147.0909,3:40:34:712560,0
347.2392,148.869,3:40:34:716481,0
348.8132,150.5014,3:40:34:720480,0
350.3871,151.9881,3:40:34:724481,0
351.8874,153.2415,3:40:34:729325,0
353.3876,154.2035,3:40:34:732493,0
354.8386,154.9906,3:40:34:736509,0
356.4126,155.6027,3:40:34:740529,0
357.9374,156.0691,3:40:34:745995,0
359.6098,156.3023,3:40:34:748994,0
361.356,156.5647,3:40:34:752994,0
363.2251,156.7104,3:40:34:756995,0
365.2418,156.9144,3:40:34:761357,0
367.3814,157.0894,3:40:34:765365,0
369.6441,157.2351,3:40:34:768859,0
372.0297,157.3808,3:40:34:772867,0
374.5874,157.5849,3:40:34:776958,0
377.2189,157.7598,3:40:34:780869,0
380.0472,157.9347,3:40:34:785377,0
382.9247,158.1679,3:40:34:788721,0
385.9989,158.4011,3:40:34:793019,0
389.1715,158.5468,3:40:34:797019,0
392.4671,158.8092,3:40:34:802016,0
395.7626,158.9841,3:40:34:805014,0
399.132,159.2173,3:40:34:809318,0
402.5505,159.3922,3:40:34:813027,0
405.9444,159.5671,3:40:34:817377,0
409.4367,159.8003,3:40:34:821387,0
412.8553,159.9752,3:40:34:825387,0
416.2,160.2084,3:40:34:829390,0
419.4956,160.4707,3:40:34:833387,0
422.7912,160.7331,3:40:34:837388,0
426.0129,160.9371,3:40:34:840881,0
429.1364,161.2287,3:40:34:844879,0
432.186,161.5493,3:40:34:848880,0
435.1126,161.7825,3:40:34:852879,0
437.9163,162.1031,3:40:34:856880,0
440.6954,162.3947,3:40:34:860879,0
443.2777,162.5987,3:40:34:865382,0
445.8355,162.8611,3:40:34:868716,0
448.2457,163.1234,3:40:34:873024,0
450.5575,163.3857,3:40:34:877037,0
452.7463,163.5315,3:40:34:881036,0
454.7384,163.7064,3:40:34:886034,0
456.6567,163.823,3:40:34:889034,0
458.4029,163.9396,3:40:34:893297,0
460.0261,164.0271,3:40:34:896631,0
461.4525,164.0271,3:40:34:900631,0
462.756,164.0271,3:40:34:904652,0
463.9119,164.0271,3:40:34:908631,0
464.9203,164.0271,3:40:34:913329,0
465.8056,164.0271,3:40:34:916648,0
466.5434,164.0271,3:40:34:921386,0
467.1091,164.0271,3:40:34:924396,0
467.601,164.0271,3:40:34:929396,0
467.9945,163.4149,3:40:34:933395,0
468.3388,163.4149,3:40:34:937396,0
468.5847,163.4149,3:40:34:940701,0
468.7569,162.9485,3:40:34:945333,0
468.8799,162.9485,3:40:34:948671,0
469.0028,162.4529,3:40:34:952826,0
469.0766,162.1323,3:40:34:956722,0
469.1012,161.7242,3:40:34:960724,811
469.1012,161.2869,3:40:34:964846,813
469.1504,160.8788,3:40:34:968724,816
469.1504,160.4707,3:40:34:973725,819
469.1504,160.121,3:40:34:976942,822
469.1996,159.8295,3:40:34:980892,815
469.2242,159.6837,3:40:34:985330,812
469.3963,159.6546,3:40:34:988912,809
469.5685,159.6546,3:40:34:993199,800
469.8144,159.6546,3:40:34:997137,798
470.1587,159.6546,3:40:35:001140,795
470.6014,160.3833,3:40:35:005137,793
471.1179,160.3833,3:40:35:009311,794
471.7081,161.3161,3:40:35:013320,795
472.3476,161.8991,3:40:35:016801,796
473.0362,162.5987,3:40:35:020813,796
473.774,163.4149,3:40:35:024814,806
474.5118,164.3477,3:40:35:028831,821
475.2496,165.3971,3:40:35:033382,832
476.012,166.534,3:40:35:037404,856
476.799,167.7874,3:40:35:040682,882
477.5122,169.2449,3:40:35:044692,904
478.2009,170.819,3:40:35:048691,939
478.8649,172.568,3:40:35:052691,978
479.4552,174.4919,3:40:35:057224,1019
480.0208,176.6781,3:40:35:061245,1081
480.5127,179.0976,3:40:35:065130,1143
480.9554,181.7502,3:40:35:069143,1203
481.2505,184.5486,3:40:35:073223,1251
481.4718,187.5219,3:40:35:077140,1288
481.5948,190.5535,3:40:35:081139,1317
481.5948,193.6726,3:40:35:085143,1341
481.5948,196.8208,3:40:35:089377,1360
481.5948,199.8815,3:40:35:092389,1381
480.8324,202.9715,3:40:35:097377,1394
480.2668,205.9156,3:40:35:100912,1404
479.5781,208.8015,3:40:35:104897,1426
478.7665,211.6873,3:40:35:108898,1430
477.7582,214.5732,3:40:35:112922,1442
476.6269,217.459,3:40:35:116898,1444
475.3972,220.374,3:40:35:121517,1449
473.9216,223.1432,3:40:35:124530,1459
472.323,225.8542,3:40:35:128527,1469
470.5522,228.4777,3:40:35:132530,1479
468.6093,231.0137,3:40:35:136528,1479
466.4943,233.3457,3:40:35:140526,1483
464.2562,235.532,3:40:35:144934,1480
461.9936,237.5434,3:40:35:148942,1487
459.5834,239.3506,3:40:35:152943,1492
457.124,241.0122,3:40:35:156944,1489
454.6155,242.4989,3:40:35:160959,1490
452.1561,243.7814,3:40:35:164970,1484
449.7213,244.9474,3:40:35:169248,1481
447.3357,245.9094,3:40:35:172653,1482
444.9747,246.7547,3:40:35:177379,1486
442.6875,247.4252,3:40:35:181389,1495
440.4987,247.979,3:40:35:185324,1499
438.5066,248.358,3:40:35:189349,1499
436.5883,248.5329,3:40:35:193334,1502
434.8667,248.562,3:40:35:197356,1501
433.3665,248.562,3:40:35:201456,1508
432.063,248.562,3:40:35:204824,1515
430.9317,248.562,3:40:35:209757,1522
429.9971,247.4835,3:40:35:212757,1529
429.2839,247.4835,3:40:35:216820,1535
428.6937,246.4632,3:40:35:220757,1549
428.3247,245.9094,3:40:35:225368,1559
428.1034,245.3847,3:40:35:229379,1584
428.005,244.9183,3:40:35:232998,1605
428.005,244.9183,3:40:35:236875,1620
428.005,244.1604,3:40:35:240872,1634
428.6937,244.1604,3:40:35:245872,1630
429.2593,243.7231,3:40:35:248873,1637
429.9725,243.7231,3:40:35:253379,1645
430.7841,243.7231,3:40:35:257392,1652
431.7433,243.7231,3:40:35:261440,1667
432.8746,243.7231,3:40:35:265442,1669
434.0551,244.5394,3:40:35:269459,1684
435.3831,244.5394,3:40:35:273449,1691
436.7604,245.8802,3:40:35:277379,1698
438.1623,246.7839,3:40:35:280393,1710
439.6133,247.9499,3:40:35:285381,1718
441.1135,249.2034,3:40:35:289392,1729
442.6137,250.7483,3:40:35:294412,1745
444.1631,252.5264,3:40:35:298418,1765
445.6879,254.5961,3:40:35:301391,1778
447.2127,256.899,3:40:35:305389,1799
448.7621,259.4059,3:40:35:309373,1808
450.3362,262.0585,3:40:35:313383,1826
451.8118,264.8278,3:40:35:317383,1847
453.312,267.7719,3:40:35:321383,1875
454.8368,270.716,3:40:35:325568,1925
456.3862,273.631,3:40:35:328580,1969
457.9848,276.4878,3:40:35:333391,2012
459.608,279.3445,3:40:35:337391,2049
461.2312,282.1429,3:40:35:341391,2086
462.8544,284.9704,3:40:35:345408,2124
464.5759,287.7397,3:40:35:349340,2163
466.2729,290.5963,3:40:35:353360,2197
467.9453,293.3656,3:40:35:357348,2209
469.6176,296.1349,3:40:35:361348,2220
471.2408,298.8458,3:40:35:365375,2226
472.7657,301.4402,3:40:35:369360,2229
474.2659,303.9179,3:40:35:373382,2237
475.6677,306.2499,3:40:35:377420,2235
477.0695,308.407,3:40:35:381324,2235
478.4222,310.3309,3:40:35:385163,2221
479.7011,312.0216,3:40:35:389217,2168
480.8816,313.5374,3:40:35:393214,2060
482.0621,314.8783,3:40:35:398214,1873
483.1688,315.986,3:40:35:401214,1607
484.1526,316.8605,3:40:35:405323,1264
485.1117,317.5309,3:40:35:408480,864
485.9479,317.9099,3:40:35:413103,491
486.7349,317.9973,3:40:35:416993,214
487.4481,317.9973,3:40:35:421379,0
488.0876,317.9973,3:40:35:425387,0
488.6532,316.4232,3:40:35:429400,0
489.1205,315.2573,3:40:35:432389,0
489.5632,313.6831,3:40:35:437408,0
489.9321,311.7884,3:40:35:441404,0
490.2518,309.5439,3:40:35:445324,0
490.4486,306.9786,3:40:35:449349,0
490.4977,303.9762,3:40:35:453332,0
490.5469,300.6531,3:40:35:457339,0
490.5469,296.9802,3:40:35:461373,0
490.5469,293.045,3:40:35:465384,0
490.5469,288.8182,3:40:35:469324,0
489.7599,284.3582,3:40:35:473343,0
489.7599,279.6942,3:40:35:477373,0
488.9483,274.8262,3:40:35:481384,0
488.9483,269.929,3:40:35:485381,0
488.2597,264.8569,3:40:35:489402,0
488.2597,259.7848,3:40:35:492383,0
487.6941,254.7127,3:40:35:497375,0
487.6941,249.6406,3:40:35:500713,0
487.276,244.6851,3:40:35:504790,0
487.276,239.8754,3:40:35:508791,0
487.276,235.1239,3:40:35:512832,0
487.276,230.5765,3:40:35:516799,0
487.276,226.0291,3:40:35:521323,0
487.276,221.6274,3:40:35:524849,0
487.276,217.3716,3:40:35:529376,0
487.276,213.2614,3:40:35:533403,0
487.276,209.297,3:40:35:537324,0
487.276,205.4492,3:40:35:541335,0
487.276,201.7763,3:40:35:545335,0
487.276,198.1034,3:40:35:549334,0
487.276,194.8094,3:40:35:553333,0
487.8908,191.5446,3:40:35:557381,0
487.8908,188.4256,3:40:35:560395,0
487.8908,185.4231,3:40:35:564835,0
488.2843,182.4498,3:40:35:568745,0
488.2843,179.564,3:40:35:572858,0
488.604,176.8239,3:40:35:576742,0
488.604,174.2296,3:40:35:581385,0
488.85,171.7809,3:40:35:585395,0
488.85,169.5656,3:40:35:589381,0
489.0713,167.5251,3:40:35:593396,0
489.0713,165.572,3:40:35:596448,0
489.2189,163.8813,3:40:35:600480,0
489.2189,162.278,3:40:35:605381,0
489.2189,160.8206,3:40:35:609391,0
489.2189,159.5379,3:40:35:613389,0
489.2189,158.3136,3:40:35:617390,0
488.4319,157.2351,3:40:35:621677,0
488.4319,156.244,3:40:35:624688,0
487.5957,155.3403,3:40:35:629396,0
487.1038,154.495,3:40:35:633418,0
486.4398,153.7663,3:40:35:637421,0
485.7266,153.0958,3:40:35:641419,0
484.9396,152.4254,3:40:35:645729,0
484.128,151.6383,3:40:35:648737,0
483.1688,150.793,3:40:35:652741,1100
482.1359,149.9476,3:40:35:656737,1103
481.1029,149.0731,3:40:35:660741,1106
480.0454,148.1111,3:40:35:664738,1116
478.9141,147.0909,3:40:35:669747,1133
477.8566,146.129,3:40:35:672756,1161
476.7498,145.1962,3:40:35:677383,1191
475.6923,144.3508,3:40:35:681391,1217
474.6594,143.5054,3:40:35:684585,1241
473.6756,142.631,3:40:35:688583,1247
472.7657,141.7273,3:40:35:692583,1253
471.8803,140.7945,3:40:35:696583,1251
471.1179,139.8326,3:40:35:700545,1245
470.3555,138.6957,3:40:35:704595,1246
469.6422,137.5005,3:40:35:709329,1244
469.0028,136.218,3:40:35:713356,1253
468.388,134.8188,3:40:35:717386,1253
467.8223,133.3321,3:40:35:720396,1254
467.2321,131.6705,3:40:35:725394,1251
466.6418,129.9216,3:40:35:729396,1243
466.0516,127.9685,3:40:35:733397,1242
465.4121,125.7822,3:40:35:736398,1233
464.8219,123.392,3:40:35:740443,1227
464.1332,120.7393,3:40:35:744447,1224
463.4446,117.8534,3:40:35:749304,1225
462.756,114.851,3:40:35:753315,1225
462.0428,111.6737,3:40:35:757324,1227
461.3296,108.4089,3:40:35:761313,1216
460.6163,105.0275,3:40:35:765323,1205
460.0261,101.5877,3:40:35:769313,1194
459.4359,98.03145,3:40:35:773386,1181
458.9194,94.41685,3:40:35:777430,1169
458.5505,90.62735,3:40:35:781380,1147
458.2799,86.6338,3:40:35:784390,1148
458.1078,82.6111,3:40:35:789390,1141
458.1078,78.4718,3:40:35:794394,1135
458.1078,74.36165,3:40:35:797439,1129
458.1078,70.3098,3:40:35:800449,1096
459.0915,66.4037,3:40:35:805365,1075
459.6818,62.6142,3:40:35:809392,1052
460.395,59.08705,3:40:35:813378,1033
461.305,55.76395,3:40:35:817376,1022
462.3379,52.61575,3:40:35:821373,1012
463.4446,49.58415,3:40:35:825375,1003
464.6005,46.66915,3:40:35:828672,993
465.9286,43.8416,3:40:35:832645,993
467.2567,41.18895,3:40:35:836647,995
468.7077,38.7695,3:40:35:840647,1005
470.1587,36.58325,3:40:35:845307,1016
471.6589,34.6302,3:40:35:849319,1019
473.2329,32.9395,3:40:35:853318,1016
474.8315,31.45285,3:40:35:857340,1014
476.4793,30.28685,3:40:35:861318,1013
478.1271,29.3832,3:40:35:865319,1012
479.8487,28.65445,3:40:35:869310,1016
481.4964,28.1006,3:40:35:873356,1016
483.2672,27.77995,3:40:35:877200,1015
485.0133,27.6342,3:40:35:881111,1020
486.8087,27.6342,3:40:35:885082,1014
488.6286,27.6342,3:40:35:889079,1014
490.4486,28.4504,3:40:35:893103,1011
492.2439,29.15,3:40:35:897130,1018
494.0392,30.1994,3:40:35:901379,1034
495.8346,31.56945,3:40:35:905390,1047
497.5562,33.2893,3:40:35:908821,1071
499.1794,35.41725,3:40:35:912819,1092
500.7534,37.80755,3:40:35:916933,1115
502.1798,40.54765,3:40:35:920819,1147
503.557,43.52095,3:40:35:924823,1176
504.8113,46.72745,3:40:35:928829,1208
505.9672,50.138,3:40:35:932817,1254
507.0247,53.66515,3:40:35:936818,1293
508.0331,57.3672,3:40:35:940817,1351
508.9431,61.36075,3:40:35:944817,1409
509.8038,65.5875,3:40:35:949266,1459
510.6892,69.98915,3:40:35:953274,1514
511.5008,74.53655,3:40:35:957308,1552
512.3616,79.20055,3:40:35:961293,1584
513.2469,83.952,3:40:35:965303,1610
514.1569,88.82005,3:40:35:969292,1651
515.0915,93.863,3:40:35:973410,1693
515.9523,98.96425,3:40:35:976420,1738
516.8622,104.1238,3:40:35:981377,1791
517.7968,109.3125,3:40:35:984387,1829
518.7806,114.5303,3:40:35:989474,1866
519.7151,119.7774,3:40:35:993484,1899
520.6989,125.1118,3:40:35:997483,1951
521.6826,130.6212,3:40:36:001484,2004
522.6664,136.218,3:40:36:004484,2067
523.7485,141.7273,3:40:36:009484,2137
524.7322,147.2075,3:40:36:013378,2193
525.7652,152.6877,3:40:36:017389,2244
526.7736,158.1971,3:40:36:021389,2279
527.7327,163.9104,3:40:36:025389,2331
528.6426,169.7988,3:40:36:029497,2381
529.528,175.5996,3:40:36:032507,2429
530.3642,181.3421,3:40:36:037321,2482
531.1512,186.9973,3:40:36:041335,2518
531.9136,192.6232,3:40:36:045329,2543
532.676,198.3074,3:40:36:049340,2582
533.3647,203.9626,3:40:36:053583,2620
534.0533,209.5885,3:40:36:056599,2649
534.7419,215.0396,3:40:36:060647,2678
535.3813,220.3157,3:40:36:065591,2692
536.0699,225.4753,3:40:36:069594,2706
536.7094,230.4308,3:40:36:073620,2715
537.3488,235.2697,3:40:36:077379,2722
537.9391,239.9045,3:40:36:081402,2737
538.5048,244.3936,3:40:36:085460,2747
539.0704,248.6786,3:40:36:088473,2756
539.5377,252.7596,3:40:36:093470,2763
539.9803,256.6657,3:40:36:097469,2761
540.3985,260.4261,3:40:36:100470,2758
540.7674,264.0115,3:40:36:104473,2759
541.0379,267.3638,3:40:36:109375,2758
541.333,270.512,3:40:36:113386,2748
541.579,273.3395,3:40:36:117383,2702
541.8249,275.7881,3:40:36:121386,2614
542.0709,277.9744,3:40:36:125386,2478
542.2922,279.8109,3:40:36:129384,2282
542.5135,281.3849,3:40:36:133321,2024
542.6857,282.6675,3:40:36:137402,1682
542.9562,283.7169,3:40:36:141397,1273
543.2513,284.4457,3:40:36:145409,790
543.5464,284.8538,3:40:36:149397,405
543.8908,284.9704,3:40:36:153396,0
544.2597,284.9704,3:40:36:156611,0
544.6778,284.1542,3:40:36:160627,0
545.1451,283.1923,3:40:36:165139,0
545.6616,281.8222,3:40:36:169149,0
546.301,280.0732,3:40:36:173212,0
546.9404,277.9161,3:40:36:177149,0
547.6536,275.4092,3:40:36:181148,0
548.5144,272.5233,3:40:36:185149,0
549.4982,269.2585,3:40:36:189375,0
550.6541,265.7022,3:40:36:193386,0
552.0067,261.8545,3:40:36:197386,0
553.4824,257.8609,3:40:36:200410,0
555.1301,253.7507,3:40:36:205385,0
556.9747,249.524,3:40:36:208385,0
558.9913,245.3555,3:40:36:213377,0
561.1556,241.2162,3:40:36:217388,0
563.4428,237.1353,3:40:36:220704,0
565.9022,233.0542,3:40:36:224684,0
568.5092,229.2356,3:40:36:228683,0
571.1898,225.4753,3:40:36:232684,0
573.9935,221.7732,3:40:36:237320,0
576.9694,218.246,3:40:36:240706,0
580.019,214.8938,3:40:36:245372,0
583.1424,211.6873,3:40:36:248714,0
586.2658,208.7431,3:40:36:253073,0
589.34,206.1196,3:40:36:257025,0
592.3651,203.6711,3:40:36:261059,0
595.3655,201.5139,3:40:36:265025,0
598.1692,199.7066,3:40:36:269134,0
600.8253,198.1034,3:40:36:273163,0
603.4077,196.8208,3:40:36:277326,0
605.7195,195.6548,3:40:36:281103,0
608.0067,194.6929,3:40:36:285099,0
610.1464,193.935,3:40:36:289103,0
612.1384,193.2645,3:40:36:293377,0
614.0076,192.7398,3:40:36:296893,0
615.7783,192.3026,3:40:36:303198,0
617.3523,192.011,3:40:36:305206,0
618.7296,191.6613,3:40:36:309208,0
619.9346,191.3698,3:40:36:313206,0
620.9184,191.0491,3:40:36:317223,1448
621.6808,190.7867,3:40:36:321232,1408
622.2957,190.5535,3:40:36:324568,1356
622.6646,190.3786,3:40:36:328568,1304
622.8859,190.2329,3:40:36:332567,1241
623.0089,189.9997,3:40:36:336568,1213
623.0334,189.9706,3:40:36:341211,1198
623.0334,189.9706,3:40:36:345211,1179
623.0334,189.9706,3:40:36:349211,1172
623.0334,189.9706,3:40:36:353211,1173
623.0334,190.7576,3:40:36:357321,1177
622.4186,190.7576,3:40:36:361033,1193
622.4186,191.5155,3:40:36:365141,1208
621.5579,191.5155,3:40:36:369152,1216
620.943,192.4191,3:40:36:373222,1205
620.1314,192.4191,3:40:36:377152,1171
619.123,193.0313,3:40:36:381241,1122
618.041,193.0313,3:40:36:385152,1062
616.885,193.0313,3:40:36:389320,1017
615.5815,193.0313,3:40:36:392700,983
614.1552,193.0313,3:40:36:397377,969
612.7041,191.9236,3:40:36:401386,978
611.2039,191.1074,3:40:36:405513,997
609.802,190.0289,3:40:36:408500,1037
608.4248,188.7171,3:40:36:412500,1088
607.0721,187.2013,3:40:36:416500,1165
605.8179,185.5981,3:40:36:421365,1242
604.7111,183.8199,3:40:36:425375,1313
603.752,181.896,3:40:36:428718,1384
602.9404,179.8846,3:40:36:432643,1435
602.3256,177.9025,3:40:36:436643,1480
601.8583,175.8328,3:40:36:440644,1516
601.5877,173.7923,3:40:36:445317,1533
601.5385,171.7809,3:40:36:449327,1545
601.5385,169.6821,3:40:36:452388,1551
601.5385,167.6125,3:40:36:457398,1555
602.5223,165.572,3:40:36:460469,1563
603.2601,163.5607,3:40:36:465399,1564
604.2192,161.6951,3:40:36:469246,1569
605.4243,159.946,3:40:36:473255,1577
606.7278,158.3428,3:40:36:477360,1578
608.1788,156.9436,3:40:36:481371,1580
609.7529,155.7484,3:40:36:485370,1581
611.4498,154.7865,3:40:36:489370,1578
613.2944,154.1452,3:40:36:493371,1589
615.1389,153.6788,3:40:36:496379,1592
616.9834,153.5331,3:40:36:501367,1598
618.8525,153.5331,3:40:36:505379,1600
620.7954,153.5331,3:40:36:509377,1595
622.7137,154.7574,3:40:36:512378,1597
624.5583,155.7193,3:40:36:517378,1599
626.4274,156.9436,3:40:36:521376,1604
628.1982,158.4011,3:40:36:525316,1609
629.8459,160.0918,3:40:36:529325,1612
631.3707,162.0157,3:40:36:533324,1617
632.7726,164.0853,3:40:36:537327,1623
634.0269,166.3882,3:40:36:541327,1643
635.1336,168.866,3:40:36:545326,1663
636.019,171.5186,3:40:36:548463,1686
636.7814,174.521,3:40:36:552473,1717
637.3962,177.7567,3:40:36:556801,1735
637.8389,181.2256,3:40:36:560811,1760
638.1832,184.8985,3:40:36:565442,1777
638.3308,188.6588,3:40:36:568435,1793
638.3799,192.5358,3:40:36:573442,1806
638.3799,196.3835,3:40:36:577435,1823
638.3799,200.2605,3:40:36:581380,1851
637.7897,204.0208,3:40:36:584390,1887
637.7897,207.6646,3:40:36:589505,1922
636.7076,211.2792,3:40:36:592505,1951
635.9944,214.9521,3:40:36:596588,1980
635.1336,218.5959,3:40:36:601505,1994
634.1252,222.1813,3:40:36:605369,2013
632.9448,225.6793,3:40:36:609379,2031
631.5921,229.1773,3:40:36:612958,2038
630.0427,232.4713,3:40:36:616879,2049
628.2719,235.6486,3:40:36:620881,2066
626.3536,238.5345,3:40:36:624879,2076
624.1894,241.2162,3:40:36:629320,2092
621.9022,243.6357,3:40:36:633331,2097
619.5165,245.9094,3:40:36:637329,2107
616.9834,248.0082,3:40:36:641331,2118
614.3519,249.903,3:40:36:645328,2118
611.6711,251.6519,3:40:36:649330,2123
608.8921,253.2843,3:40:36:653099,2121
606.0638,254.7419,3:40:36:657100,2121
603.2601,256.0244,3:40:36:660964,2120
600.4564,257.1613,3:40:36:664975,2121
597.6035,258.0941,3:40:36:669229,2115
594.8245,258.7937,3:40:36:673129,2105
592.1683,259.3184,3:40:36:677319,2102
589.586,259.5516,3:40:36:681133,2101
587.2742,259.5516,3:40:36:684658,2098
585.2328,259.5516,3:40:36:688659,2100
583.3638,258.8228,3:40:36:692672,2102
581.8143,258.1233,3:40:36:696658,2101
580.4863,257.3362,3:40:36:701368,2109
579.4288,256.4326,3:40:36:705380,2114
578.6171,255.4706,3:40:36:709315,2116
578.0761,254.4503,3:40:36:712739,2125
577.658,253.3718,3:40:36:717317,2121
577.3629,252.3515,3:40:36:720853,2116
577.3383,251.3604,3:40:36:725429,2118
577.3383,250.3985,3:40:36:728429,2113
577.3383,249.4366,3:40:36:733429,2112
578.2728,248.5329,3:40:36:737439,2109
578.8877,247.7167,3:40:36:741311,2105
579.6501,247.0462,3:40:36:745328,2100
580.5847,246.4924,3:40:36:749319,2093
581.6913,246.0843,3:40:36:753343,2092
582.8719,245.8802,3:40:36:757332,2084
584.1508,245.7928,3:40:36:761321,2081
585.528,245.7928,3:40:36:764992,2081
586.9545,245.7928,3:40:36:768960,2078
588.4792,246.7839,3:40:36:772939,2079
590.0287,247.6584,3:40:36:776939,2079
591.5535,248.7078,3:40:36:781322,2089
593.0783,250.0487,3:40:36:784977,2104
594.5785,251.7686,3:40:36:789447,2117
596.0787,253.7507,3:40:36:792460,2133
597.5051,256.0828,3:40:36:797377,2138
598.8824,258.6771,3:40:36:801388,2138
600.235,261.5046,3:40:36:805439,2147
601.5877,264.4488,3:40:36:808439,2150
602.8666,267.5387,3:40:36:814452,2154
604.0963,270.716,3:40:36:818442,2163
605.3506,273.9225,3:40:36:821447,2160
606.6295,277.1873,3:40:36:825438,2162
607.8591,280.3647,3:40:36:829200,2178
609.0642,283.5421,3:40:36:833232,2184
610.2939,286.8943,3:40:36:837325,2202
611.5728,290.3048,3:40:36:841347,2215
612.8762,293.7737,3:40:36:845335,2216
614.2043,297.3008,3:40:36:849338,2228
615.5078,300.7697,3:40:36:853335,2238
616.8113,304.0928,3:40:36:858335,2251
618.1639,307.445,3:40:36:860879,2267
619.5411,310.6224,3:40:36:864904,2281
620.9184,313.5666,3:40:36:869491,2291
622.2219,316.4232,3:40:36:873494,2299
623.5007,319.105,3:40:36:876491,2308
624.7304,321.6411,3:40:36:880492,2319
625.9355,324.0605,3:40:36:885377,2327
627.116,326.3925,3:40:36:888485,2336
628.3211,328.6371,3:40:36:892486,2339
629.4771,330.7942,3:40:36:897483,2338
630.5591,332.7473,3:40:36:901881,2332
631.6659,334.5837,3:40:36:904892,2306
632.7234,336.0995,3:40:36:908935,2255
633.7563,337.4695,3:40:36:912892,2171
634.7401,338.6064,3:40:36:917891,2045
635.7238,339.4518,3:40:36:920892,1875
636.6338,340.0056,3:40:36:925374,1646
637.4946,340.2971,3:40:36:928382,1353
638.3799,340.2971,3:40:36:933379,1025
639.2407,340.2971,3:40:36:937387,655
640.1261,339.306,3:40:36:941390,350
640.9131,338.2274,3:40:36:945389,143
641.6755,336.8282,3:40:36:949388,0
642.3887,335.1375,3:40:36:953389,0
643.0774,333.097,3:40:36:957375,0
643.7414,330.7068,3:40:36:960386,0
644.3563,328.0833,3:40:36:965141,0
644.9219,325.1682,3:40:36:969151,0
645.463,321.9326,3:40:36:973151,0
646.0286,318.4637,3:40:36:977151,0
646.5451,314.6159,3:40:36:981311,0
647.0616,310.3309,3:40:36:985321,0
647.578,305.696,3:40:36:989373,0
648.1191,300.6531,3:40:36:993384,0
648.611,295.2895,3:40:36:997384,0
649.2504,289.5761,3:40:37:001384,0
649.8406,283.6003,3:40:37:005383,0
650.5539,277.3622,3:40:37:009203,0
651.3901,270.8326,3:40:37:013441,0
652.2755,264.2448,3:40:37:016730,0
653.2592,257.5694,3:40:37:021321,0
654.3905,250.894,3:40:37:025330,0
655.6448,244.1313,3:40:37:029334,0
656.9482,237.4559,3:40:37:033333,0
658.3501,230.8097,3:40:37:037341,0
659.8011,224.3967,3:40:37:041359,0
661.2767,218.2752,3:40:37:045381,0
662.777,212.4743,3:40:37:048392,0
664.1788,206.8775,3:40:37:053393,0
665.6052,201.5139,3:40:37:057392,0
666.8842,196.471,3:40:37:061654,0
668.0646,191.7195,3:40:37:065664,0
669.1467,187.2887,3:40:37:068776,0
670.0813,183.1786,3:40:37:072664,0
670.8929,179.4182,3:40:37:076705,0
671.5323,175.9494,3:40:37:080664,0
672.098,172.8012,3:40:37:085325,0
672.5161,169.9445,3:40:37:088737,0
672.7866,167.3793,3:40:37:093386,0
673.0326,165.1639,3:40:37:096763,0
673.2293,163.2108,3:40:37:100876,0
673.3769,161.4619,3:40:37:104876,0
673.4753,159.9169,3:40:37:108935,0
673.549,158.5468,3:40:37:112874,0
673.5736,157.2059,3:40:37:117035,0
673.5982,155.8942,3:40:37:121036,1537
673.6474,154.7574,3:40:37:125326,1537
673.672,153.8246,3:40:37:129039,1529
673.6966,153.0083,3:40:37:132821,1514
673.6966,152.3671,3:40:37:136822,1492
673.6966,151.8715,3:40:37:141184,1469
673.6966,151.6383,3:40:37:145163,1454
673.6966,151.6383,3:40:37:149163,1449
673.6966,152.3962,3:40:37:153163,1448
673.6966,153.3873,3:40:37:157204,1454
674.2377,154.6407,3:40:37:161213,1460
674.2377,156.2731,3:40:37:164924,1466
674.8033,158.2845,3:40:37:168937,1480
674.8033,160.5291,3:40:37:173387,1491
675.5411,162.9776,3:40:37:176424,1500
675.9346,165.6886,3:40:37:181379,1510
676.3773,168.487,3:40:37:185389,1529
676.9184,171.4603,3:40:37:189389,1552
677.3857,174.6668,3:40:37:193400,1579
677.853,178.0773,3:40:37:197499,1609
678.3202,181.7211,3:40:37:200512,1639
678.7875,185.5106,3:40:37:205381,1686
679.2056,189.4458,3:40:37:209397,1753
679.5745,193.4394,3:40:37:212863,1832
679.845,197.5204,3:40:37:216876,1917
680.1401,201.6888,3:40:37:220871,2011
680.3615,205.8573,3:40:37:224874,2105
680.5336,210.0549,3:40:37:228873,2202
680.6566,214.3983,3:40:37:232876,2287
680.755,218.7708,3:40:37:237325,2352
680.8288,223.1432,3:40:37:241336,2407
680.8534,227.5741,3:40:37:245335,2448
680.8534,232.034,3:40:37:249336,2487
680.8534,236.4357,3:40:37:253336,2520
680.8534,240.7207,3:40:37:257337,2556
680.8534,245.0058,3:40:37:261330,2589
680.878,249.2325,3:40:37:265330,2618
680.9026,253.4301,3:40:37:269304,2644
680.9763,257.5694,3:40:37:273339,2652
681.0993,261.6504,3:40:37:277480,2661
681.2223,265.6731,3:40:37:281476,2662
681.419,269.5209,3:40:37:285476,2664
681.665,273.3395,3:40:37:288487,2666
681.9109,276.925,3:40:37:293508,2664
682.2307,280.3064,3:40:37:296518,2677
682.5012,283.3672,3:40:37:301318,2683
682.8455,286.3405,3:40:37:304500,2691
683.2144,289.1389,3:40:37:308763,2698
683.6078,291.8206,3:40:37:312761,2695
683.9522,294.3275,3:40:37:316759,2693
684.3211,296.6304,3:40:37:320760,2673
684.6654,298.6709,3:40:37:324760,2632
685.0343,300.449,3:40:37:328760,2560
685.3786,302.0232,3:40:37:333198,2459
685.6984,303.2766,3:40:37:337227,2341
685.9689,304.2094,3:40:37:341232,2218
686.2148,304.8799,3:40:37:345227,2096
686.4854,305.2879,3:40:37:349295,1942
686.6575,305.4045,3:40:37:353303,1708
686.8788,305.4045,3:40:37:356819,1394
687.1002,304.6175,3:40:37:360829,1032
687.3215,303.7722,3:40:37:365314,667
687.5674,302.5479,3:40:37:369327,364
687.838,300.9446,3:40:37:373348,168
688.1577,299.079,3:40:37:377312,0
688.4774,296.8344,3:40:37:381370,0
688.8464,294.3275,3:40:37:385381,0
689.1907,291.6166,3:40:37:389372,0
689.5104,288.6725,3:40:37:393386,0
689.8055,285.5243,3:40:37:397382,0
690.1252,282.1137,3:40:37:400380,0
690.4203,278.4699,3:40:37:405382,0
690.7155,274.4472,3:40:37:408653,0
691.0598,270.1622,3:40:37:413370,0
691.4287,265.5565,3:40:37:417386,0
691.8714,260.7176,3:40:37:421320,0
692.3878,255.6455,3:40:37:425332,0
692.9289,250.3402,3:40:37:429328,0
693.593,244.86,3:40:37:433355,0
694.257,239.2923,3:40:37:437331,0
695.0193,233.7247,3:40:37:441337,0
695.8556,228.0696,3:40:37:445415,0
696.6918,222.502,3:40:37:448415,0
697.6509,217.08,3:40:37:453415,0
698.5854,211.7456,3:40:37:456415,0
699.6184,206.4695,3:40:37:460466,0
700.7497,201.3391,3:40:37:464803,0
701.881,196.4418,3:40:37:469320,0
703.0369,191.7487,3:40:37:472488,0
704.1929,187.2887,3:40:37:476838,0
705.3734,183.1203,3:40:37:480854,0
706.4554,179.2433,3:40:37:485372,0
707.5376,175.687,3:40:37:488888,0
708.4968,172.4805,3:40:37:493477,0
709.2838,169.7404,3:40:37:496479,0
709.9724,167.3793,3:40:37:501478,0
710.5134,165.4554,3:40:37:504478,0
710.9561,163.8813,3:40:37:509368,0
711.2512,162.5695,3:40:37:513283,0
711.325,161.5493,3:40:37:516648,0
711.3988,160.7331,3:40:37:520559,0
711.3988,160.1792,3:40:37:524627,0
711.3988,159.6546,3:40:37:528547,0
711.3988,159.2173,3:40:37:533381,0
711.3988,158.8383,3:40:37:536898,1266
711.3988,158.576,3:40:37:541317,1245
711.3988,158.4303,3:40:37:544585,1224
711.3988,158.4303,3:40:37:549379,1193
711.3988,158.4303,3:40:37:552415,1166
711.3988,158.4303,3:40:37:557389,1157
711.3988,159.6546,3:40:37:560392,1152
711.3988,160.7331,3:40:37:564391,1163
711.3988,162.1615,3:40:37:569387,1176
711.3988,163.8813,3:40:37:573406,1195
712.3088,165.9509,3:40:37:577326,1209
712.7761,168.3121,3:40:37:580874,1231
713.3417,170.9064,3:40:37:585330,1279
713.9319,173.9089,3:40:37:588926,1341
714.596,177.1445,3:40:37:593324,1414
715.3092,180.6425,3:40:37:596926,1497
716.0471,184.3446,3:40:37:601774,1576
716.834,188.1924,3:40:37:604784,1655
717.621,192.1277,3:40:37:608861,1752
718.3834,196.0629,3:40:37:612787,1840
719.1213,200.1147,3:40:37:616808,1921
719.8345,204.0208,3:40:37:620799,2017
720.4985,207.9561,3:40:37:625789,2104
721.0396,211.9496,3:40:37:628800,2197
721.5806,216.0015,3:40:37:632799,2287
722.0233,220.0533,3:40:37:636800,2357
722.4168,224.1344,3:40:37:640803,2427
722.7365,228.2153,3:40:37:644813,2486
722.9825,232.2381,3:40:37:648813,2535
723.2038,236.2025,3:40:37:652813,2574
723.4006,240.1669,3:40:37:657798,2618
723.5481,243.8981,3:40:37:660814,2656
723.6957,247.6001,3:40:37:664808,2693
723.8679,251.3022,3:40:37:668811,2731
723.9908,254.9751,3:40:37:672837,2751
724.1138,258.5313,3:40:37:676808,2764
724.2614,262.0585,3:40:37:681374,2777
724.3843,265.4107,3:40:37:684385,2782
724.5073,268.6464,3:40:37:689318,2785
724.6057,271.7072,3:40:37:693348,2788
724.704,274.5347,3:40:37:697105,2787
724.8024,277.0707,3:40:37:701091,2793
724.827,279.4027,3:40:37:705071,2794
724.8516,281.589,3:40:37:709067,2792
724.9008,283.6003,3:40:37:713365,2788
724.9008,285.4368,3:40:37:717376,2744
724.9008,287.0692,3:40:37:721371,2661
724.9008,288.5558,3:40:37:725354,2523
724.9008,289.8968,3:40:37:729354,2312
724.2614,291.0627,3:40:37:733363,2025
724.2614,292.1122,3:40:37:737594,1652
723.4498,292.9283,3:40:37:740592,1184
722.8349,293.5114,3:40:37:744593,702
721.9249,293.8029,3:40:37:748594,332
720.7936,293.9194,3:40:37:753305,0
719.4164,293.9194,3:40:37:757317,0
717.744,293.9194,3:40:37:760967,0
715.7519,292.4328,3:40:37:764977,0
713.3663,291.2668,3:40:37:768979,0
710.5872,289.7802,3:40:37:772977,0
707.39,288.002,3:40:37:777374,0
703.8731,285.9615,3:40:37:780384,0
699.9381,283.7169,3:40:37:785141,0
695.5604,281.2975,3:40:37:789139,0
690.7155,278.7906,3:40:37:793256,0
685.477,276.3128,3:40:37:797138,0
679.7466,273.8059,3:40:37:801320,0
673.5736,271.3865,3:40:37:805149,0
666.9825,268.967,3:40:37:809369,0
659.8995,266.6059,3:40:37:812696,0
652.3984,264.2448,3:40:37:817387,0
644.4301,261.971,3:40:37:821399,0
636.019,259.639,3:40:37:825419,0
627.2882,257.2196,3:40:37:829428,0
618.1393,254.6835,3:40:37:833449,0
608.5723,252.1475,3:40:37:837429,0
598.7349,249.5823,3:40:37:841428,0
588.553,247.0171,3:40:37:845429,0
578.0023,244.5102,3:40:37:849082,0
567.2056,241.8575,3:40:37:853087,0
556.2614,239.2923,3:40:37:856489,0
545.0713,236.7563,3:40:37:860491,0
533.7336,234.3077,3:40:37:864558,0
522.2975,231.9465,3:40:37:869509,0
510.7384,229.6145,3:40:37:873598,0
499.0318,227.3117,3:40:37:876621,0
487.3498,225.0672,3:40:37:880608,0
475.7661,222.8809,3:40:37:884608,0
464.1332,220.6947,3:40:37:888679,0
452.4512,218.4792,3:40:37:892710,0
440.9413,216.4096,3:40:37:897366,0
429.4807,214.2525,3:40:37:901376,0
418.0938,212.212,3:40:37:905377,0
407.0511,210.1715,3:40:37:909394,0
396.1069,208.2476,3:40:37:913375,0
385.2119,206.3528,3:40:37:916693,0
374.5874,204.633,3:40:37:921366,0
364.258,203.0006,3:40:37:924376,0
354.027,201.3682,3:40:37:929054,0
344.1649,199.8232,3:40:37:933062,0
334.475,198.3366,3:40:37:937064,0
325.0556,196.8791,3:40:37:941064,0
315.9067,195.4799,3:40:37:945363,0
307.1021,194.0807,3:40:37:949374,0
298.4452,192.7398,3:40:37:953368,0
290.1817,191.3698,3:40:37:956380,0
282.2379,190.0289,3:40:37:961441,0
274.54,188.7754,3:40:37:964465,0
267.2111,187.5219,3:40:37:969440,0
260.1773,186.3851,3:40:37:972441,0
253.2418,185.2191,3:40:37:977374,0
246.5769,184.1114,3:40:37:980384,0
240.3055,183.0912,3:40:37:985369,0
234.2309,182.0709,3:40:37:988710,0
228.4513,181.0798,3:40:37:992765,0
222.9178,180.147,3:40:37:996787,0
217.5809,179.2725,3:40:38:000765,0
212.3916,178.4272,3:40:38:004766,0
207.645,177.6401,3:40:38:009367,0
203.169,176.9113,3:40:38:012377,0
198.8651,176.1243,3:40:38:017367,0
194.9055,175.483,3:40:38:021377,0
191.0443,174.8708,3:40:38:025377,0
187.4044,174.2296,3:40:38:028380,0
184.1088,173.7048,3:40:38:033375,0
180.9608,173.2093,3:40:38:036377,0
177.985,172.6846,3:40:38:041470,0
175.1813,172.1891,3:40:38:045476,0
172.5252,171.7518,3:40:38:049375,0
169.992,171.3437,3:40:38:052385,0
167.631,171.0231,3:40:38:057372,0
165.4422,170.6732,3:40:38:060381,0
163.2779,170.4692,3:40:38:065381,0
161.2858,170.2068,3:40:38:068385,0
159.3921,170.0611,3:40:38:073554,0
157.4984,169.9445,3:40:38:077079,0
155.7522,169.8571,3:40:38:080940,0
154.0061,169.8279,3:40:38:084946,0
152.3091,169.8279,3:40:38:088973,0
150.6613,169.8279,3:40:38:092946,0
149.0381,169.8279,3:40:38:097375,0
147.5625,169.8279,3:40:38:101205,0
146.1361,170.4984,3:40:38:105092,0
144.7342,170.4984,3:40:38:109020,0
143.4308,170.4984,3:40:38:113081,0
142.2011,171.2854,3:40:38:117013,0
141.1189,171.2854,3:40:38:121375,0
140.1106,171.8392,3:40:38:125400,0
139.2006,171.8392,3:40:38:129373,0
138.2906,172.2765,3:40:38:132903,0
137.5528,172.2765,3:40:38:137374,0
136.8642,172.568,3:40:38:141391,0
136.2986,172.568,3:40:38:145384,0
135.7575,172.568,3:40:38:149393,0
135.3394,172.568,3:40:38:153384,863
134.9459,172.568,3:40:38:156690,859
134.6754,171.8976,3:40:38:160605,856
134.4786,171.8976,3:40:38:164618,853
134.3557,171.8976,3:40:38:169312,840
134.3557,171.0813,3:40:38:173373,823
134.3557,171.0813,3:40:38:177350,798
134.3557,170.6149,3:40:38:181349,770
135.241,170.6149,3:40:38:185349,749
135.8067,170.2068,3:40:38:189346,735
136.5199,170.2068,3:40:38:192842,729
137.3807,169.7113,3:40:38:196850,730
138.4628,169.7113,3:40:38:200848,734
139.5449,169.1575,3:40:38:204847,738
140.7746,168.8368,3:40:38:208865,749
142.1765,168.487,3:40:38:212847,767
143.6767,168.1664,3:40:38:217008,789
145.2999,167.8165,3:40:38:221023,824
147.0706,167.4959,3:40:38:225021,856
148.9152,167.1169,3:40:38:229019,892
150.8581,166.7963,3:40:38:233019,938
152.9977,166.4173,3:40:38:237033,979
155.2357,166.0384,3:40:38:241361,1030
157.4984,165.6886,3:40:38:244372,1078
159.8594,165.2805,3:40:38:248468,1120
162.3188,164.7849,3:40:38:252478,1158
164.8765,164.3477,3:40:38:256515,1196
167.5572,163.8813,3:40:38:260478,1222
170.4593,163.3566,3:40:38:265648,1253
173.5581,162.8027,3:40:38:269669,1288
176.8291,162.1615,3:40:38:273379,1316
180.2968,161.5784,3:40:38:277414,1353
183.9612,160.9371,3:40:38:280774,1389
187.7733,160.2667,3:40:38:285787,1421
191.6837,159.5963,3:40:38:289372,1449
195.7908,158.8967,3:40:38:293384,1473
200.0702,158.1679,3:40:38:297383,1493
204.5216,157.4683,3:40:38:301384,1513
209.1452,156.7104,3:40:38:305614,1533
213.8427,156.0108,3:40:38:308624,1549
218.786,155.282,3:40:38:312624,1561
223.8523,154.5242,3:40:38:316624,1574
229.1892,153.7954,3:40:38:320709,1578
234.7473,153.0958,3:40:38:324624,1579
240.4285,152.3962,3:40:38:329371,1576
246.1834,151.6966,3:40:38:333380,1569
252.0613,150.9387,3:40:38:336381,1569
258.2098,150.2391,3:40:38:341383,1578
264.555,149.5395,3:40:38:345064,1590
271.0723,148.8107,3:40:38:349072,1607
277.6389,148.1111,3:40:38:353074,1621
284.3775,147.3824,3:40:38:357074,1641
291.313,146.6537,3:40:38:361071,1666
298.396,145.9249,3:40:38:365072,1689
305.6019,145.3127,3:40:38:369247,1714
312.8817,144.7298,3:40:38:373256,1737
320.309,144.1467,3:40:38:377313,1759
327.8347,143.6221,3:40:38:381149,1778
335.4833,143.0974,3:40:38:385435,1809
343.2058,142.6601,3:40:38:389445,1833
351.0512,142.252,3:40:38:392451,1860
358.9704,141.8439,3:40:38:396446,1895
366.9388,141.4066,3:40:38:401496,1922
375.1285,140.9986,3:40:38:404507,1952
383.3428,140.5905,3:40:38:408506,1976
391.6555,140.2406,3:40:38:412507,2003
400.0665,139.9783,3:40:38:416506,2023
408.6252,139.7159,3:40:38:420519,2044
417.2576,139.5119,3:40:38:425451,2063
425.89,139.3661,3:40:38:428452,2070
434.7437,139.2495,3:40:38:433316,2083
443.6713,139.2204,3:40:38:437328,2086
452.5496,139.2204,3:40:38:440326,2088
461.5509,139.2204,3:40:38:445328,2091
470.6506,139.2204,3:40:38:449587,2088
479.7011,139.2204,3:40:38:452596,2094
488.6532,139.2204,3:40:38:456601,2100
497.7775,139.2204,3:40:38:461605,2099
506.8772,139.2204,3:40:38:465596,2104
515.8785,139.8909,3:40:38:468601,2103
524.806,139.8909,3:40:38:473379,2105
533.8074,139.8909,3:40:38:477414,2115
542.6857,139.8909,3:40:38:480562,2123
551.4656,140.4447,3:40:38:485466,2130
560.2948,140.4447,3:40:38:489464,2131
568.9764,140.4447,3:40:38:493464,2139
577.5596,140.8528,3:40:38:497372,2143
585.9953,140.8528,3:40:38:501383,2160
594.3818,141.1443,3:40:38:505294,2183
602.6699,141.1443,3:40:38:509294,2197
610.7366,141.465,3:40:38:513291,2220
618.705,141.669,3:40:38:517292,2236
626.5012,141.8439,3:40:38:521565,2251
634.1498,142.0479,3:40:38:524578,2271
641.6755,142.3103,3:40:38:529253,2287
649.152,142.5726,3:40:38:533253,2300
656.3334,142.7767,3:40:38:537316,2313
663.3181,142.9807,3:40:38:541251,2319
670.2043,143.1848,3:40:38:545372,2330
676.943,143.3889,3:40:38:549382,2342
683.4357,143.6221,3:40:38:553382,2348
689.6088,143.797,3:40:38:557397,2361
695.462,144.0302,3:40:38:561382,2372
701.0695,144.205,3:40:38:565403,2382
706.4554,144.4674,3:40:38:569313,2402
711.4972,144.7298,3:40:38:573349,2422
716.17,144.963,3:40:38:577314,2445
720.5231,145.1087,3:40:38:581063,2468
724.4581,145.2545,3:40:38:585411,2494
728.0242,145.4002,3:40:38:589411,2526
731.1968,145.5168,3:40:38:593412,2557
734.0251,145.5459,3:40:38:597427,2596
736.4598,145.5459,3:40:38:601369,2641
738.5011,145.5459,3:40:38:605381,2688
740.1981,145.5459,3:40:38:608762,2739
741.5016,145.5459,3:40:38:612762,2791
742.5099,145.5459,3:40:38:616776,2844
743.3215,145.5459,3:40:38:620762,2902
743.8871,145.5459,3:40:38:625307,2970
744.256,145.5459,3:40:38:628782,3037
744.4528,145.5459,3:40:38:633358,3095
744.502,145.5459,3:40:38:637369,3138
744.502,145.5459,3:40:38:641368,3160
744.502,145.5459,3:40:38:644368,3170
744.502,145.5459,3:40:38:649367,3168
744.502,145.5459,3:40:38:653383,3148
744.502,145.5459,3:40:38:657398,3084
744.502,145.5459,3:40:38:661422,2956
744.502,145.5459,3:40:38:665441,2740
744.502,145.5459,3:40:38:668451,2397
744.0347,145.5459,3:40:38:673451,1901
744.0347,145.5459,3:40:38:676468,1273
744.0347,145.5459,3:40:38:681451,701
743.4199,145.5459,3:40:38:684451,269
743.051,145.5459,3:40:38:689439,0
742.5345,145.5459,3:40:38:692955,0
741.9443,145.5459,3:40:38:697010,0
741.2556,145.5459,3:40:38:700954,0
740.4686,144.6423,3:40:38:705034,0
739.7062,144.6423,3:40:38:708954,0
738.8947,144.6423,3:40:38:713373,0
738.1322,143.797,3:40:38:716384,0
737.3452,143.2431,3:40:38:720570,0
736.7058,142.631,3:40:38:724579,0
736.7058,142.631,3:40:38:743361,0
