273.753,230.4308,3:59:29:103056,0
273.753,230.4308,3:59:29:106043,0
272.6463,230.4308,3:59:29:110042,0
271.9823,230.4308,3:59:29:114041,0
271.2937,230.4308,3:59:29:118041,0
270.5067,230.4308,3:59:29:123058,0
269.6459,230.4308,3:59:29:126043,0
268.7113,230.4308,3:59:29:130042,0
267.8013,230.4308,3:59:29:135144,0
267.8013,230.4308,3:59:29:138153,0
267.0881,230.4308,3:59:29:142156,0
266.6946,230.9554,3:59:29:146153,0
266.6946,230.9554,3:59:29:150167,0
266.3995,230.9554,3:59:29:155050,0
266.3995,230.9554,3:59:29:159059,0
266.3995,230.9554,3:59:29:162059,0
266.9897,230.9554,3:59:29:166061,0
266.9897,231.2469,3:59:29:170060,0
267.9735,231.2469,3:59:29:175008,0
268.6375,231.4801,3:59:29:178018,0
269.3507,231.4801,3:59:29:183025,0
270.0394,231.6842,3:59:29:186030,0
270.8018,231.83,3:59:29:190018,0
271.5396,231.9757,3:59:29:194018,0
272.3512,232.1797,3:59:29:198733,0
273.0644,232.3838,3:59:29:203291,0
273.7284,232.5004,3:59:29:206302,0
274.4171,232.6753,3:59:29:210303,0
274.9827,232.8793,3:59:29:214300,0
275.45,232.9959,3:59:29:218300,0
275.7697,233.0834,3:59:29:222792,0
276.0648,233.1417,3:59:29:226802,0
276.2862,233.1709,3:59:29:230651,0
276.36,233.1709,3:59:29:234661,0
276.36,233.1709,3:59:29:238662,0
276.36,233.1709,3:59:29:242662,0
276.36,233.1709,3:59:29:246682,0
276.36,233.1709,3:59:29:250662,0
276.36,233.1709,3:59:29:254788,0
275.7697,233.1709,3:59:29:258716,0
275.7697,233.1709,3:59:29:262747,0
275.2041,233.1709,3:59:29:266725,0
275.2041,233.1709,3:59:29:270728,0
274.6138,233.1709,3:59:29:274726,0
274.2203,233.1709,3:59:29:279192,0
274.2203,233.1709,3:59:29:282740,0
273.6301,233.1709,3:59:29:286740,0
273.3595,233.1709,3:59:29:290742,0
273.0398,233.1709,3:59:29:294739,0
272.7939,233.8121,3:59:29:298741,0
272.5971,233.8121,3:59:29:302786,0
272.425,233.8121,3:59:29:306302,0
272.2528,234.3951,3:59:29:310302,0
272.1053,234.3951,3:59:29:314301,0
272.0561,234.8033,3:59:29:318302,0
271.9577,234.8033,3:59:29:322711,0
271.9577,235.1822,3:59:29:326709,0
271.9577,235.1822,3:59:29:330240,0
271.9577,235.4154,3:59:29:334225,0
271.9577,235.4154,3:59:29:338224,0
271.9577,235.5029,3:59:29:342224,0
272.6463,235.532,3:59:29:346782,0
272.6463,235.532,3:59:29:350790,0
273.1136,235.532,3:59:29:354698,0
273.1136,235.532,3:59:29:358710,0
273.5563,235.532,3:59:29:362709,0
273.5563,235.532,3:59:29:366709,0
273.8514,235.532,3:59:29:370828,0
273.8514,235.532,3:59:29:374853,0
273.8514,235.532,3:59:29:378788,0
273.8514,235.532,3:59:29:382804,0
273.8514,235.532,3:59:29:386854,0
273.8514,235.532,3:59:29:389855,0
273.8514,235.532,3:59:29:393855,0
273.8514,235.532,3:59:29:397853,0
273.3349,235.532,3:59:29:402854,0
273.3349,235.532,3:59:29:405856,0
273.3349,235.0947,3:59:29:410761,0
272.8676,235.0947,3:59:29:414770,0
272.8676,235.0947,3:59:29:418769,0
272.8676,235.0947,3:59:29:422770,0
272.4742,235.0947,3:59:29:427063,0
272.4742,235.0947,3:59:29:430073,0
272.4742,234.8033,3:59:29:434073,0
272.4742,234.8033,3:59:29:438073,0
272.2528,234.5409,3:59:29:442071,0
272.2528,234.366,3:59:29:446071,0
272.2528,234.1619,3:59:29:450654,0
272.2528,233.9579,3:59:29:454173,0
272.2528,233.7538,3:59:29:458172,0
272.2528,233.5789,3:59:29:462687,0
272.2528,233.3457,3:59:29:466711,0
272.2528,233.1709,3:59:29:470695,0
272.2528,232.9377,3:59:29:474697,0
272.2528,232.7628,3:59:29:478727,0
272.6955,232.617,3:59:29:482698,0
272.6955,232.5004,3:59:29:486699,0
272.6955,232.3838,3:59:29:490787,0
273.1628,232.3546,3:59:29:493797,0
273.1628,232.3546,3:59:29:498732,0
273.6301,232.3546,3:59:29:501740,0
273.9252,232.3546,3:59:29:506740,0
274.1711,232.3546,3:59:29:510744,0
274.4417,232.3546,3:59:29:514743,0
274.7368,232.3546,3:59:29:518783,0
275.0073,232.3546,3:59:29:522793,901
275.3024,232.3546,3:59:29:526792,904
275.6468,232.3546,3:59:29:529793,905
276.0648,232.3546,3:59:29:534783,904
276.5813,232.3546,3:59:29:538794,905
277.1716,232.3546,3:59:29:542794,903
277.8356,232.3546,3:59:29:545793,904
278.4504,233.2,3:59:29:550794,905
279.1145,233.2,3:59:29:554793,906
279.7293,234.3951,3:59:29:558794,909
280.2212,235.2113,3:59:29:562791,917
280.6147,236.2025,3:59:29:566801,934
280.7868,237.3393,3:59:29:569888,945
280.7868,238.5636,3:59:29:574801,962
280.7868,239.9337,3:59:29:577892,974
280.0736,241.362,3:59:29:582811,986
279.4096,242.7903,3:59:29:586787,1004
278.5734,244.2478,3:59:29:589827,1026
277.5651,245.647,3:59:29:594256,1045
276.4091,247.0171,3:59:29:598258,1090
275.2041,248.2997,3:59:29:602296,1135
273.8514,249.5823,3:59:29:606258,1179
272.6463,250.69,3:59:29:610725,1226
271.4412,251.7103,3:59:29:614330,1238
270.2853,252.5264,3:59:29:618726,1264
269.277,253.226,3:59:29:622588,1278
268.2686,253.8382,3:59:29:626778,1283
267.457,254.2755,3:59:29:630805,1297
266.7438,254.567,3:59:29:634789,1293
266.1782,254.7419,3:59:29:638789,1329
265.6617,254.8002,3:59:29:642788,1393
265.2682,254.8002,3:59:29:646787,1452
265.0222,254.8002,3:59:29:650759,1541
264.8009,254.8002,3:59:29:654771,1606
264.7271,254.8002,3:59:29:658449,1648
264.6779,254.8002,3:59:29:662351,1678
264.6779,254.8002,3:59:29:666455,1694
264.6779,254.8002,3:59:29:670353,1689
264.6779,254.8002,3:59:29:674776,1684
265.6371,254.8002,3:59:29:678787,1689
265.6371,254.8002,3:59:29:682786,1682
266.67,255.7621,3:59:29:686810,1690
267.3586,256.3451,3:59:29:690787,1690
268.1703,257.0155,3:59:29:694796,1698
268.9818,257.8026,3:59:29:698969,1703
269.941,258.5313,3:59:29:701979,1705
270.9739,259.2601,3:59:29:705981,1721
272.0069,259.9305,3:59:29:709979,1719
273.1628,260.5427,3:59:29:713987,1724
274.4171,260.9217,3:59:29:717979,1727
275.7205,261.2423,3:59:29:722787,1728
277.0732,261.2423,3:59:29:725797,1736
278.4996,261.2423,3:59:29:730797,1742
279.9507,261.2423,3:59:29:734797,1752
281.4263,261.2423,3:59:29:738926,1753
282.9265,259.8723,3:59:29:741936,1758
284.3775,258.9686,3:59:29:746697,1769
285.8286,257.9775,3:59:29:750717,1769
287.2304,256.8406,3:59:29:754725,1778
288.5585,255.4998,3:59:29:758708,1784
289.8373,254.0423,3:59:29:762770,1784
291.0424,252.5264,3:59:29:766801,1793
292.1246,250.9815,3:59:29:770783,1800
293.1329,249.3783,3:59:29:774803,1811
294.0429,247.7458,3:59:29:778784,1837
294.8053,246.0551,3:59:29:782701,1865
295.5431,244.4227,3:59:29:786758,1930
296.1333,242.8778,3:59:29:790723,2011
296.576,241.5078,3:59:29:794732,2100
296.8712,240.2834,3:59:29:798731,2210
297.0679,239.2341,3:59:29:802756,2297
297.1909,238.4178,3:59:29:806733,2378
297.2401,237.8057,3:59:29:810755,2439
297.2401,237.3393,3:59:29:814777,2478
297.2401,237.0478,3:59:29:818788,2499
297.2401,236.9021,3:59:29:821798,2517
297.2401,236.8729,3:59:29:826409,2539
296.6006,236.8729,3:59:29:830407,2572
296.6006,236.8729,3:59:29:834530,2607
296.1333,237.6599,3:59:29:838406,2638
296.1333,237.6599,3:59:29:842774,2668
295.4939,238.9717,3:59:29:846785,2694
295.4939,239.9045,3:59:29:849785,2724
295.002,240.983,3:59:29:854813,2758
295.002,242.2074,3:59:29:858811,2789
294.6331,243.5774,3:59:29:862811,2817
294.6331,245.064,3:59:29:865813,2842
294.3872,246.609,3:59:29:870811,2867
294.3872,248.2414,3:59:29:874882,2889
294.3872,249.9321,3:59:29:878887,2957
294.215,251.6811,3:59:29:882926,3024
294.215,253.5175,3:59:29:886935,3093
294.215,255.3831,3:59:29:889878,3160
294.215,257.2779,3:59:29:893879,3182
294.215,259.0852,3:59:29:897964,3199
294.215,260.9217,3:59:29:901880,3210
294.215,262.6998,3:59:29:906779,3220
294.215,264.4196,3:59:29:910302,3224
294.215,265.9646,3:59:29:913893,3230
294.215,267.3347,3:59:29:917896,3235
294.215,268.559,3:59:29:921949,3239
294.215,269.6667,3:59:29:925896,3243
294.215,270.6577,3:59:29:930778,3245
294.215,271.5323,3:59:29:934294,3250
294.215,272.2318,3:59:29:938881,3252
294.215,272.844,3:59:29:941881,3253
294.215,273.3687,3:59:29:945916,3256
294.215,273.8059,3:59:29:949884,3254
294.215,274.1849,3:59:29:954059,3255
294.215,274.4764,3:59:29:958019,3255
294.215,274.7096,3:59:29:962019,3255
294.215,274.8553,3:59:29:966019,3255
294.215,274.9428,3:59:29:970724,3262
294.215,275.0011,3:59:29:974733,3263
294.215,275.0011,3:59:29:978735,3269
294.215,275.0011,3:59:29:982753,3276
294.215,275.0011,3:59:29:986821,3277
294.215,275.0011,3:59:29:989831,3280
294.215,275.0011,3:59:29:994724,3277
294.215,274.2723,3:59:29:998769,3277
294.215,274.2723,3:59:30:002774,3273
294.215,273.3979,3:59:30:006785,3275
294.215,273.3979,3:59:30:010205,3277
294.215,272.3484,3:59:30:014205,3277
294.215,271.7363,3:59:30:018208,3280
294.215,271.1533,3:59:30:023203,3280
294.215,270.5995,3:59:30:026174,3280
294.215,270.0747,3:59:30:030216,3276
294.215,269.6667,3:59:30:034662,3274
294.215,269.2585,3:59:30:038660,3269
293.4526,268.967,3:59:30:042662,3266
293.4526,268.967,3:59:30:046660,3267
292.4689,268.967,3:59:30:050887,3269
291.854,268.967,3:59:30:053894,3272
291.1408,268.967,3:59:30:058893,3271
290.3292,269.6958,3:59:30:061891,3271
289.4193,270.3662,3:59:30:066725,3268
288.4847,271.1533,3:59:30:069901,3265
287.5501,271.9987,3:59:30:074899,3269
286.6402,272.9606,3:59:30:077900,3271
285.8531,273.9225,3:59:30:082901,3271
285.1399,274.9428,3:59:30:086901,3271
284.5743,275.8464,3:59:30:090768,3269
284.1562,276.6918,3:59:30:094779,3268
283.9102,277.4789,3:59:30:097948,3268
283.7873,278.1493,3:59:30:101958,3265
283.7873,278.7323,3:59:30:106958,3265
283.7873,279.2278,3:59:30:111957,3263
283.7873,279.5485,3:59:30:114914,3264
284.6235,279.7526,3:59:30:118925,3272
284.6235,279.7526,3:59:30:121924,3277
285.6564,279.7526,3:59:30:125932,3282
286.3204,279.7526,3:59:30:129934,3282
287.0337,279.7526,3:59:30:133925,3283
287.7961,278.5865,3:59:30:138777,3280
288.6077,278.5865,3:59:30:141946,3278
289.3701,277.3331,3:59:30:146008,3282
290.1079,276.6627,3:59:30:149949,3281
290.7473,276.0505,3:59:30:153948,3282
291.313,275.4384,3:59:30:157949,3285
291.7802,274.9428,3:59:30:161946,3285
292.1,274.9428,3:59:30:165970,3288
292.3213,274.2141,3:59:30:170150,3295
292.4689,274.2141,3:59:30:173958,3300
292.4689,273.9225,3:59:30:178871,3309
292.5673,273.9225,3:59:30:182889,3319
292.5919,273.9225,3:59:30:186877,3328
292.5919,273.9225,3:59:30:190877,3336
292.5919,273.9225,3:59:30:194883,3336
292.5919,273.9225,3:59:30:198877,3330
292.5919,273.9225,3:59:30:202728,3326
292.5919,273.9225,3:59:30:206739,3324
292.5919,273.9225,3:59:30:210726,3333
292.5919,274.7096,3:59:30:214935,3348
292.5919,274.7096,3:59:30:217997,3357
292.6656,275.8464,3:59:30:221937,3369
292.6656,276.6627,3:59:30:227172,3392
292.7148,277.6829,3:59:30:230183,3436
292.8378,278.8489,3:59:30:234185,3490
292.9362,280.219,3:59:30:238185,3581
293.0591,281.6765,3:59:30:242186,3661
293.1821,283.2214,3:59:30:246189,3733
293.2805,284.8829,3:59:30:250415,3821
293.3051,286.6028,3:59:30:254383,3923
293.3051,288.4101,3:59:30:258382,4045
293.3051,290.3048,3:59:30:262382,4173
293.3051,292.2579,3:59:30:266653,4297
292.4197,294.2401,3:59:30:270664,4383
291.854,296.2514,3:59:30:274661,4454
291.067,298.2628,3:59:30:278677,4511
290.0341,300.1867,3:59:30:282661,4552
288.8536,302.0523,3:59:30:286663,4582
287.378,303.8304,3:59:30:290768,4604
285.6318,305.5211,3:59:30:294779,4618
283.6397,306.9203,3:59:30:298721,4628
281.3279,308.1738,3:59:30:302547,4634
278.7701,309.2232,3:59:30:306598,4638
276.114,310.0685,3:59:30:310595,4636
273.3349,310.6516,3:59:30:314638,4634
270.4575,311.0013,3:59:30:318618,4631
267.6784,311.0305,3:59:30:322779,4619
264.9485,311.0305,3:59:30:326789,4610
262.4153,310.0977,3:59:30:330085,4586
260.1527,309.1066,3:59:30:334082,4506
258.0868,307.7365,3:59:30:338083,4366
256.2423,306.0167,3:59:30:342082,4156
254.7175,304.0928,3:59:30:346081,3887
253.4878,301.994,3:59:30:350082,3612
252.627,299.8077,3:59:30:354716,3337
252.1105,297.709,3:59:30:358093,3018
251.8892,295.6976,3:59:30:362092,2555
251.8892,293.8029,3:59:30:366092,1821
252.6516,292.1122,3:59:30:370099,1086
253.5616,290.5963,3:59:30:374092,467
254.8158,289.168,3:59:30:379292,0
256.3407,287.8854,3:59:30:382292,0
258.1852,286.6611,3:59:30:386717,0
260.2019,285.291,3:59:30:390726,0
262.5383,283.8627,3:59:30:394724,0
265.1452,282.376,3:59:30:398726,0
267.9243,280.8019,3:59:30:402743,0
270.9001,279.1987,3:59:30:406109,0
274.0236,277.4789,3:59:30:410491,0
277.3191,275.5841,3:59:30:414523,0
280.6639,273.6602,3:59:30:418572,0
284.0824,271.678,3:59:30:422494,0
287.5747,269.6958,3:59:30:426723,0
290.9441,267.7719,3:59:30:430597,0
294.1904,265.9355,3:59:30:434774,0
297.3384,264.1281,3:59:30:438782,0
300.3881,262.4666,3:59:30:442780,0
303.2163,260.9217,3:59:30:446791,0
305.8479,259.639,3:59:30:450811,0
308.3318,258.4147,3:59:30:454811,0
310.5207,257.3945,3:59:30:458811,0
312.562,256.4908,3:59:30:462816,0
314.3573,255.6747,3:59:30:466775,0
316.0051,254.8876,3:59:30:470291,0
317.4315,254.2755,3:59:30:473904,0
318.6366,253.5759,3:59:30:477905,0
319.7188,252.9054,3:59:30:481904,0
320.5795,252.3515,3:59:30:485905,0
321.2928,251.7103,3:59:30:490779,0
321.8584,251.0398,3:59:30:494295,0
322.2765,250.4276,3:59:30:498415,0
322.5962,249.903,3:59:30:502445,0
322.793,249.3491,3:59:30:506422,0
322.9159,248.9118,3:59:30:510416,0
323.0881,248.4454,3:59:30:514414,0
323.2111,248.0082,3:59:30:518783,0
323.3094,247.6001,3:59:30:521791,0
323.457,247.192,3:59:30:526780,0
323.6046,246.7839,3:59:30:530297,0
323.8259,246.3758,3:59:30:534371,0
324.0718,245.9386,3:59:30:538295,0
324.367,245.4722,3:59:30:542294,0
324.7113,244.9766,3:59:30:546295,0
325.0802,244.4519,3:59:30:550295,0
325.4983,243.8689,3:59:30:554298,0
325.9656,243.315,3:59:30:558780,0
326.4328,242.6738,3:59:30:562110,0
326.9493,242.0325,3:59:30:566108,0
327.515,241.362,3:59:30:570126,0
328.056,240.7207,3:59:30:574108,0
328.5725,240.0794,3:59:30:578779,0
329.089,239.4964,3:59:30:582788,0
329.4825,238.9717,3:59:30:586854,0
329.8022,238.5345,3:59:30:589887,0
330.0727,238.1263,3:59:30:594901,0
330.2695,237.9223,3:59:30:597904,0
330.3187,237.6891,3:59:30:602042,0
330.3187,237.3976,3:59:30:606041,0
330.3187,237.1644,3:59:30:610067,2105
330.3187,236.9895,3:59:30:614041,2113
330.3187,236.7854,3:59:30:618775,2142
330.3187,236.6397,3:59:30:622786,2197
330.3187,236.5814,3:59:30:626722,2284
329.8022,236.4357,3:59:30:630741,2408
329.8022,236.4357,3:59:30:634730,2551
329.8022,236.4357,3:59:30:638733,2707
329.1382,236.4357,3:59:30:642732,2857
329.1382,237.5142,3:59:30:646730,2987
328.5725,238.1263,3:59:30:650473,3094
328.2036,238.9426,3:59:30:654380,3185
327.8593,239.9337,3:59:30:659382,3264
327.5396,241.0997,3:59:30:662378,3336
327.1953,242.4697,3:59:30:665920,3411
326.9247,243.9855,3:59:30:670391,3489
326.728,245.6762,3:59:30:674367,3587
326.5804,247.4835,3:59:30:678377,3702
326.482,249.4948,3:59:30:682376,3814
326.4328,251.6811,3:59:30:686377,3915
326.3837,253.9839,3:59:30:690779,3997
326.3837,256.3451,3:59:30:694790,4063
326.3837,258.7062,3:59:30:698353,4127
326.3837,261.0091,3:59:30:702389,4180
326.3837,263.2245,3:59:30:706774,4225
326.3837,265.4107,3:59:30:710784,4264
326.3837,267.3347,3:59:30:714831,4293
326.3837,269.0545,3:59:30:717831,4321
326.3837,270.4828,3:59:30:722832,4345
326.3837,271.5905,3:59:30:725831,4356
326.3837,272.4942,3:59:30:730775,4366
326.3837,273.1646,3:59:30:734786,4390
326.3837,273.6019,3:59:30:738825,4424
326.3837,273.7768,3:59:30:742826,4452
326.3837,273.7768,3:59:30:746824,4477
326.3837,273.7768,3:59:30:750825,4488
326.3837,272.844,3:59:30:753825,4482
326.3837,272.1444,3:59:30:757974,4486
326.3837,271.2408,3:59:30:761982,4481
326.3837,270.1622,3:59:30:765983,4476
326.9985,268.9379,3:59:30:769984,4474
326.9985,267.597,3:59:30:774898,4467
326.9985,266.227,3:59:30:777911,4468
327.4658,264.8569,3:59:30:782926,4462
327.4658,263.516,3:59:30:786919,4456
327.4658,262.2334,3:59:30:790944,4451
327.4658,261.0091,3:59:30:793947,4443
327.4658,259.8723,3:59:30:797946,4443
327.4658,258.8228,3:59:30:801975,4445
326.5804,257.8609,3:59:30:806779,4445
326.5804,256.9864,3:59:30:810790,4448
325.5229,256.2577,3:59:30:815032,4449
324.8589,255.6455,3:59:30:818043,4448
324.0718,255.0916,3:59:30:822158,4445
323.2111,254.6544,3:59:30:826159,4442
322.2519,254.188,3:59:30:830270,4434
321.1452,253.8382,3:59:30:834159,4431
320.0139,253.4884,3:59:30:838769,4428
318.8334,253.1969,3:59:30:842779,4425
317.6283,252.9054,3:59:30:846724,4420
316.374,252.6722,3:59:30:850737,4419
315.1935,252.5556,3:59:30:854735,4418
314.0376,252.5556,3:59:30:858749,4416
312.9555,252.5556,3:59:30:862733,4422
312.0209,252.5556,3:59:30:866734,4419
311.1847,252.5556,3:59:30:870752,4422
310.4715,253.6342,3:59:30:874772,4423
309.8813,253.6342,3:59:30:878729,4422
309.4386,254.8293,3:59:30:882720,4419
309.0697,255.5289,3:59:30:886741,4418
308.7991,256.3159,3:59:30:890722,4417
308.6516,257.0155,3:59:30:894744,4415
308.6516,257.8026,3:59:30:898731,4416
308.6516,258.6479,3:59:30:902725,4412
308.6516,259.3767,3:59:30:906461,4415
309.3156,260.0763,3:59:30:910778,4418
309.3156,260.7176,3:59:30:914789,4422
310.4223,261.184,3:59:30:918839,4428
311.1847,261.563,3:59:30:921842,4427
312.0947,261.8836,3:59:30:926840,4428
313.0784,262.0876,3:59:30:929840,4430
314.1114,262.0876,3:59:30:934723,4430
315.2181,262.0876,3:59:30:937851,4432
316.3248,262.0876,3:59:30:942072,4434
317.407,262.0876,3:59:30:945992,4434
318.4399,262.0876,3:59:30:949992,4433
319.399,262.0876,3:59:30:953992,4427
320.309,261.1548,3:59:30:958712,4404
321.1206,261.1548,3:59:30:962001,4359
321.8584,260.4261,3:59:30:966002,4273
322.5962,260.4261,3:59:30:970002,4128
323.2111,259.639,3:59:30:975093,3928
323.7767,259.639,3:59:30:979106,3666
324.244,258.9103,3:59:30:982699,3350
324.6375,258.9103,3:59:30:986241,2978
325.031,258.269,3:59:30:990240,2528
325.3015,257.9775,3:59:30:994240,1949
325.5475,257.7151,3:59:30:998240,1277
325.7196,257.4819,3:59:31:002240,692
325.7934,257.2196,3:59:31:006777,256
325.8918,256.9864,3:59:31:009787,0
325.9901,256.7241,3:59:31:014825,0
326.0393,256.4617,3:59:31:017826,0
326.1131,256.1993,3:59:31:022826,0
326.1869,255.9079,3:59:31:026826,0
326.2607,255.6747,3:59:31:030826,0
326.4328,255.4706,3:59:31:034779,0
326.6788,255.2374,3:59:31:037788,0
326.9985,255.0042,3:59:31:041905,0
327.3674,254.8293,3:59:31:045918,0
327.8347,254.6544,3:59:31:049928,0
328.4003,254.4212,3:59:31:053915,0
328.966,254.2463,3:59:31:058772,0
329.6792,253.9839,3:59:31:061785,0
330.4662,253.6924,3:59:31:067077,0
331.4008,253.4301,3:59:31:070593,0
332.3845,253.022,3:59:31:074708,0
333.4421,252.5556,3:59:31:078621,0
334.5242,252.1475,3:59:31:082680,0
335.6801,251.6519,3:59:31:086608,0
336.836,251.1564,3:59:31:090725,0
337.9427,250.6026,3:59:31:094194,0
339.074,250.0487,3:59:31:098777,0
340.0086,249.4366,3:59:31:102788,0
340.9185,248.8535,3:59:31:105786,0
341.7548,248.2706,3:59:31:109786,0
342.5663,247.6584,3:59:31:114784,0
343.3042,247.0754,3:59:31:118121,0
344.0174,246.5215,3:59:31:122123,0
344.6322,246.026,3:59:31:126125,0
345.1733,245.5304,3:59:31:130123,0
345.6898,245.1223,3:59:31:134785,0
346.1324,244.7142,3:59:31:139639,0
346.5013,244.3936,3:59:31:142638,0
346.7719,244.1313,3:59:31:146702,0
346.944,243.8689,3:59:31:150639,0
347.0424,243.6066,3:59:31:154748,0
347.0916,243.3442,3:59:31:158120,0
347.0916,243.0527,3:59:31:162777,0
347.0916,242.7321,3:59:31:166801,0
347.0916,242.3531,3:59:31:170799,0
347.0916,241.9742,3:59:31:174940,0
347.0916,241.5078,3:59:31:178455,0
347.0916,240.8956,3:59:31:182488,0
347.0916,240.2834,3:59:31:187469,2323
347.0916,239.6422,3:59:31:190471,2352
347.0916,239.0591,3:59:31:194754,2404
347.0916,238.5345,3:59:31:198757,2487
347.0916,238.0681,3:59:31:202756,2608
347.0916,237.6599,3:59:31:206755,2730
347.0916,237.3393,3:59:31:210780,2845
347.5343,237.2518,3:59:31:214792,2971
347.5343,237.2518,3:59:31:218772,3120
347.5343,237.2518,3:59:31:221768,3277
347.5343,237.2518,3:59:31:226803,3448
347.5343,238.3595,3:59:31:230773,3607
347.5343,239.03,3:59:31:234770,3744
347.5343,239.8754,3:59:31:238785,3883
346.8948,240.8956,3:59:31:242787,4028
346.8948,242.0907,3:59:31:247683,4175
346.3784,243.4317,3:59:31:250684,4308
346.3784,244.86,3:59:31:254683,4446
345.7635,246.4341,3:59:31:258682,4594
345.7635,248.0956,3:59:31:262781,4764
345.1241,249.7863,3:59:31:266302,4929
344.829,251.5645,3:59:31:270351,5085
344.5338,253.4301,3:59:31:274355,5213
344.2633,255.354,3:59:31:278445,5279
344.0174,257.2779,3:59:31:282350,5332
343.796,259.2018,3:59:31:286782,5348
343.5993,261.0091,3:59:31:289819,5350
343.4271,262.7581,3:59:31:294777,5358
343.255,264.4196,3:59:31:298787,5350
343.1074,265.9646,3:59:31:302785,5342
342.9844,267.3055,3:59:31:306804,5314
342.8861,268.4132,3:59:31:310788,5215
342.8123,269.2877,3:59:31:314790,5032
342.7877,269.9582,3:59:31:318526,4723
342.7877,270.4537,3:59:31:322529,4170
342.7877,270.716,3:59:31:326616,3363
342.7877,270.7452,3:59:31:330527,2214
342.7877,270.7452,3:59:31:334773,1194
343.6485,269.7832,3:59:31:338783,0
344.2633,268.9379,3:59:31:342806,0
345.0749,267.9468,3:59:31:346090,0
346.0833,266.7225,3:59:31:350197,0
347.3129,265.2942,3:59:31:354073,0
348.764,263.7201,3:59:31:358142,0
350.4117,262.0585,3:59:31:362071,0
352.2071,260.4261,3:59:31:366771,0
354.1008,258.7646,3:59:31:370781,0
356.0437,257.0739,3:59:31:374718,0
358.1096,255.4123,3:59:31:377914,0
360.2247,253.7216,3:59:31:382237,0
362.3397,252.06,3:59:31:386237,0
364.504,250.4276,3:59:31:390238,0
366.5699,248.8535,3:59:31:394235,0
368.5865,247.396,3:59:31:398721,0
370.5049,245.9677,3:59:31:402285,0
372.374,244.6851,3:59:31:406772,0
374.1201,243.5482,3:59:31:410781,0
375.7433,242.5863,3:59:31:414485,0
377.2681,241.7993,3:59:31:418501,0
378.7191,241.2746,3:59:31:422773,0
380.0472,240.8956,3:59:31:426781,0
381.2523,240.575,3:59:31:430783,0
382.2852,240.2543,3:59:31:433781,3801
383.1214,239.9919,3:59:31:438783,3805
383.8101,239.7587,3:59:31:441781,3805
384.3019,239.613,3:59:31:447101,3801
384.6708,239.4673,3:59:31:450111,3797
384.9414,239.3798,3:59:31:454111,3795
385.0152,239.2923,3:59:31:458111,3797
385.0889,239.2923,3:59:31:462111,3810
385.0889,239.2923,3:59:31:466111,3857
385.0889,240.4001,3:59:31:470722,3938
385.0889,241.0414,3:59:31:474732,4042
385.0889,241.9158,3:59:31:478734,4152
385.0889,242.9944,3:59:31:482735,4238
385.0889,244.1895,3:59:31:486731,4291
384.5479,245.6179,3:59:31:490733,4325
384.5479,247.1337,3:59:31:494867,4345
384.1052,248.6786,3:59:31:497877,4361
384.1052,250.4276,3:59:31:502734,4380
383.6133,252.235,3:59:31:506756,4406
383.6133,254.1006,3:59:31:510746,4446
383.146,255.937,3:59:31:514751,4486
383.146,257.7151,3:59:31:518727,4519
382.8263,259.3767,3:59:31:522738,4557
382.8263,260.8925,3:59:31:526735,4575
382.6541,262.35,3:59:31:530735,4588
382.6541,263.5743,3:59:31:534782,4601
382.6541,264.5654,3:59:31:538792,4597
382.6541,265.265,3:59:31:542853,4599
382.6541,265.8188,3:59:31:545854,4603
382.6541,266.1978,3:59:31:549853,4609
382.6541,266.3727,3:59:31:553853,4619
382.6541,266.3727,3:59:31:558779,4626
382.6541,266.3727,3:59:31:562790,4631
382.6541,266.3727,3:59:31:566044,4631
383.2198,265.265,3:59:31:570054,4628
383.2198,265.265,3:59:31:574101,4629
383.6133,263.895,3:59:31:578054,4623
383.6133,263.0204,3:59:31:583112,4620
384.0314,262.0002,3:59:31:586123,4620
384.0314,260.9799,3:59:31:590122,4617
384.0314,259.9014,3:59:31:594123,4615
384.0314,258.7937,3:59:31:598183,4617
384.0314,257.8026,3:59:31:602121,4615
384.0314,256.7823,3:59:31:606896,4614
383.0477,255.8204,3:59:31:609907,4622
382.4574,254.9751,3:59:31:613907,4617
381.7196,254.188,3:59:31:617909,4614
380.8096,253.5759,3:59:31:621921,4609
379.7767,253.0511,3:59:31:625917,4603
378.6208,252.6722,3:59:31:630780,4602
377.3419,252.3515,3:59:31:634791,4598
375.9647,252.1475,3:59:31:638790,4596
374.5382,252.0892,3:59:31:642790,4590
373.0626,252.0892,3:59:31:646790,4592
371.587,252.0892,3:59:31:651808,4588
370.1851,252.0892,3:59:31:653792,4586
368.8817,253.1386,3:59:31:658791,4587
367.7257,253.1386,3:59:31:662796,4585
366.619,254.3046,3:59:31:665802,4590
365.7582,255.0042,3:59:31:670660,4595
365.0204,255.7912,3:59:31:674198,4597
364.4302,256.5783,3:59:31:678245,4591
364.0367,257.3945,3:59:31:682198,4590
363.7907,258.1815,3:59:31:687303,4589
363.6186,258.9686,3:59:31:690310,4587
363.5694,259.6682,3:59:31:695143,4593
363.5694,260.222,3:59:31:700147,4596
363.5694,260.7176,3:59:31:702149,4601
363.5694,261.0382,3:59:31:707150,4609
364.2826,261.2423,3:59:31:710159,4616
364.2826,261.2423,3:59:31:714172,4617
365.0696,261.2423,3:59:31:718765,4616
365.0696,261.2423,3:59:31:722284,4616
365.9304,260.4844,3:59:31:726038,4615
366.3977,260.4844,3:59:31:729948,4613
366.865,259.4641,3:59:31:733976,4610
367.2831,258.8228,3:59:31:737948,4607
367.6274,258.1815,3:59:31:742760,4605
367.6274,257.5694,3:59:31:746770,4602
368.0947,256.9864,3:59:31:749933,4598
368.0947,256.3742,3:59:31:753931,4591
368.0947,255.8495,3:59:31:757930,4573
368.0947,255.4706,3:59:31:761929,4539
368.0947,255.1208,3:59:31:766620,4481
368.0947,255.1208,3:59:31:770629,4382
367.3322,254.5961,3:59:31:774629,4228
367.3322,254.5961,3:59:31:778629,4013
366.2255,254.2463,3:59:31:782646,3737
365.5123,254.2463,3:59:31:786630,3398
364.7253,253.9256,3:59:31:790893,3003
363.8399,253.7507,3:59:31:793904,2540
362.7824,253.4884,3:59:31:797978,1956
361.6511,253.226,3:59:31:801904,1269
360.446,252.8179,3:59:31:806003,682
359.0934,252.4099,3:59:31:809904,245
357.6669,251.9435,3:59:31:814764,0
356.0929,251.3896,3:59:31:818774,0
354.3221,250.7775,3:59:31:822739,0
352.4776,250.1362,3:59:31:826738,0
350.4117,249.3199,3:59:31:830734,0
348.1737,248.4454,3:59:31:834735,0
345.739,247.6001,3:59:31:838741,0
343.132,246.6964,3:59:31:842717,0
340.3529,245.7636,3:59:31:846729,0
337.3525,244.8308,3:59:31:850719,0
334.1799,243.8981,3:59:31:854766,0
330.8105,243.0235,3:59:31:858771,0
327.3428,242.2074,3:59:31:862781,0
323.7275,241.4203,3:59:31:866781,0
320.0876,240.6624,3:59:31:870782,0
316.3002,239.8754,3:59:31:874781,0
312.5865,239.0591,3:59:31:878779,0
308.8483,238.243,3:59:31:882143,0
305.0855,237.3393,3:59:31:885881,0
301.3964,236.3773,3:59:31:890891,0
297.7565,235.3862,3:59:31:893892,0
294.0921,234.366,3:59:31:897912,0
290.4768,233.2874,3:59:31:901988,0
286.9107,232.2672,3:59:31:905894,0
283.4184,231.2761,3:59:31:911097,0
279.9998,230.3433,3:59:31:914108,0
276.8518,229.5562,3:59:31:918106,0
273.8022,228.7984,3:59:31:922117,0
270.9493,228.1862,3:59:31:926109,0
268.367,227.6032,3:59:31:930110,0
265.9814,227.166,3:59:31:934103,0
263.8417,226.7287,3:59:31:938124,0
261.8988,226.4081,3:59:31:941938,0
260.3003,226.0874,3:59:31:945970,0
258.8,225.7959,3:59:31:950972,0
257.6195,225.5044,3:59:31:953971,1318
256.685,225.2421,3:59:31:958779,1385
255.9718,225.0672,3:59:31:962803,1503
255.4307,224.8631,3:59:31:966812,1643
255.111,224.7173,3:59:31:970812,1792
254.988,224.5716,3:59:31:974810,1877
254.988,224.5133,3:59:31:978828,1916
254.988,224.4841,3:59:31:982749,1942
255.652,224.4841,3:59:31:986758,2003
256.2423,224.4841,3:59:31:990442,2098
257.0785,224.4841,3:59:31:994445,2220
258.1852,224.4841,3:59:31:998442,2354
259.587,225.2129,3:59:32:002443,2467
261.2348,225.2129,3:59:32:006782,2553
263.3007,225.7668,3:59:32:009792,2628
265.7601,225.7668,3:59:32:013891,2751
268.6621,226.4081,3:59:32:017892,2918
272.1299,226.4081,3:59:32:021894,3134
276.1878,226.9036,3:59:32:025895,3357
280.7377,226.9036,3:59:32:030705,3552
285.8531,227.37,3:59:32:034715,3716
291.731,227.37,3:59:32:038714,3851
298.2238,227.9238,3:59:32:042714,3975
305.2084,228.1862,3:59:32:046897,4076
312.6111,228.5069,3:59:32:050013,4155
320.4074,228.8275,3:59:32:054012,4232
328.4987,229.2939,3:59:32:058011,4302
336.713,229.7603,3:59:32:062013,4356
344.9519,230.3141,3:59:32:066029,4404
353.0433,230.8389,3:59:32:070827,4428
360.9379,231.3927,3:59:32:074825,4441
368.562,231.9465,3:59:32:078140,4452
375.7433,232.5004,3:59:32:083086,4466
382.4574,232.9959,3:59:32:087099,4479
388.5812,233.4041,3:59:32:090080,4494
394.3116,233.7247,3:59:32:094771,4504
399.55,233.9579,3:59:32:098784,4518
404.2229,234.1619,3:59:32:102154,4531
408.3055,234.2785,3:59:32:106163,4547
411.6994,234.3077,3:59:32:110167,4568
414.5768,234.3077,3:59:32:114163,4580
416.7903,234.3077,3:59:32:118895,4605
418.3889,234.3077,3:59:32:121905,4653
419.4218,234.3077,3:59:32:126005,4698
419.9383,234.3077,3:59:32:129905,4742
419.9383,234.3077,3:59:32:133905,4773
419.9383,233.7247,3:59:32:137905,4778
418.5118,233.7247,3:59:32:142311,4771
417.3313,233.7247,3:59:32:147311,4758
415.8557,233.0542,3:59:32:150312,4729
414.2571,233.0542,3:59:32:154311,4675
412.4864,232.5296,3:59:32:158311,4562
410.6664,232.5296,3:59:32:162764,4338
408.9449,232.0632,3:59:32:166775,3945
407.3463,232.0632,3:59:32:170774,3354
405.9198,231.6842,3:59:32:174784,2457
404.6902,231.6842,3:59:32:178776,1502
403.7556,231.3636,3:59:32:182783,727
403.1407,231.3636,3:59:32:186777,0
402.7964,231.1595,3:59:32:190824,0
402.7964,231.0721,3:59:32:194826,0
402.7964,230.9846,3:59:32:199812,0
402.7964,230.9263,3:59:32:202601,0
404.0999,230.8097,3:59:32:206630,0
404.9607,230.8097,3:59:32:210749,0
405.9444,230.7514,3:59:32:214750,0
406.9774,230.6931,3:59:32:218750,0
408.0349,230.6931,3:59:32:222751,0
409.117,230.6931,3:59:32:226768,0
410.0516,230.6931,3:59:32:230767,0
410.9124,230.6931,3:59:32:233775,0
411.6256,230.6931,3:59:32:238197,0
412.2404,231.3636,3:59:32:242197,0
412.6339,231.3636,3:59:32:246257,0
412.8799,232.1214,3:59:32:250197,0
412.8799,232.6753,3:59:32:254764,0
412.8799,233.3166,3:59:32:258276,0
412.8799,234.0453,3:59:32:262277,0
412.1913,234.8324,3:59:32:266281,0
412.1913,235.5903,3:59:32:270766,0
411.0353,236.319,3:59:32:273820,0
410.3467,236.9021,3:59:32:278718,0
409.6335,237.4267,3:59:32:282301,0
408.8957,237.7474,3:59:32:286062,0
408.1087,237.7474,3:59:32:289967,0
407.3217,237.7474,3:59:32:294952,0
406.5839,237.7474,3:59:32:297953,0
405.8215,237.7474,3:59:32:302771,0
405.0345,236.4939,3:59:32:306287,0
404.1737,235.7943,3:59:32:309959,0
403.2883,234.9781,3:59:32:313969,0
402.2554,234.2202,3:59:32:318082,0
401.4192,233.4915,3:59:32:321971,0
401.4192,233.4915,3:59:32:340579,0
