324.5637,316.4524,2:43:06:129189,0
324.5637,316.4524,2:43:06:133207,0
325.3015,316.4524,2:43:06:136207,0
325.9656,316.4524,2:43:06:140207,0
326.605,316.4524,2:43:06:144294,0
327.392,315.7237,2:43:06:148207,0
328.0806,315.7237,2:43:06:152930,0
328.966,314.9949,2:43:06:155949,0
329.8268,314.9949,2:43:06:160933,0
330.4662,314.0912,2:43:06:163952,0
331.3024,313.5666,2:43:06:169019,0
331.8189,313.1584,2:43:06:172066,0
332.4829,312.7212,2:43:06:177037,0
333.1223,312.2548,2:43:06:180038,0
333.8847,311.8759,2:43:06:185036,0
334.475,311.4969,2:43:06:188038,0
335.1144,311.0888,2:43:06:193135,0
335.6309,310.7682,2:43:06:196159,0
336.0736,310.3892,2:43:06:200655,0
336.5163,310.0394,2:43:06:204567,0
336.9098,309.6605,2:43:06:208585,0
337.2541,309.3106,2:43:06:212567,0
337.5738,309.0191,2:43:06:217048,0
337.8935,308.7568,2:43:06:220060,0
338.1149,308.5819,2:43:06:224781,0
338.3362,308.407,2:43:06:228799,0
338.533,308.2904,2:43:06:232875,0
338.7543,308.2029,2:43:06:235894,0
338.8527,308.1738,2:43:06:240897,0
338.9756,308.1738,2:43:06:243896,0
339.1478,308.1738,2:43:06:248892,0
339.2954,308.1738,2:43:06:252896,0
339.5167,308.1738,2:43:06:256894,0
339.6643,308.1738,2:43:06:259895,0
339.861,308.1738,2:43:06:264759,0
340.0332,308.9608,2:43:06:268774,0
340.2299,308.9608,2:43:06:272776,0
340.4759,308.9608,2:43:06:276775,0
340.6726,309.6313,2:43:06:280688,0
340.9185,309.6313,2:43:06:284707,0
341.1645,310.0685,2:43:06:288703,0
341.4842,310.0685,2:43:06:292703,0
341.8285,310.3892,2:43:06:296704,0
342.1729,310.3892,2:43:06:300707,0
342.5663,310.3892,2:43:06:304784,0
343.009,310.6224,2:43:06:308802,0
343.4763,310.6224,2:43:06:312805,0
343.919,310.6224,2:43:06:315825,0
344.4601,310.6224,2:43:06:320866,0
345.0011,310.6224,2:43:06:324396,0
345.5668,310.6224,2:43:06:328421,0
346.1324,310.6224,2:43:06:332396,0
346.7719,310.6224,2:43:06:336401,0
347.3621,309.9811,2:43:06:340417,0
347.9524,309.9811,2:43:06:344395,0
348.5918,309.9811,2:43:06:348396,0
349.2313,309.5147,2:43:06:352928,0
349.8215,309.5147,2:43:06:356466,0
350.4117,309.5147,2:43:06:360759,0
351.002,308.9026,2:43:06:364780,0
351.5431,308.9026,2:43:06:368784,0
352.1333,308.5527,2:43:06:372804,0
352.699,308.5527,2:43:06:376803,0
353.2154,308.1447,2:43:06:380800,0
353.7565,307.9406,2:43:06:384812,0
354.3467,307.7365,2:43:06:388804,0
354.9124,307.5325,2:43:06:392968,0
355.4043,307.3285,2:43:06:396990,0
355.9945,307.0952,2:43:06:400983,0
356.4372,306.9203,2:43:06:403986,0
356.9045,306.7163,2:43:06:407986,0
357.3718,306.5706,2:43:06:412987,0
357.8145,306.4248,2:43:06:416988,0
358.1834,306.3373,2:43:06:419986,0
358.5769,306.2791,2:43:06:423986,0
358.9212,306.2499,2:43:06:427988,0
359.2163,306.2499,2:43:06:432927,0
359.4377,306.2499,2:43:06:435946,0
359.659,306.2499,2:43:06:439947,0
359.7574,306.2499,2:43:06:443947,0
359.8803,306.2499,2:43:06:448950,0
359.9295,306.2499,2:43:06:451947,0
359.9787,306.2499,2:43:06:457164,0
360.0033,306.9786,2:43:06:460188,0
360.0033,306.9786,2:43:06:465180,0
360.0033,306.9786,2:43:06:468207,0
360.0033,307.6491,2:43:06:472183,0
360.0033,307.6491,2:43:06:476182,0
360.0033,308.1447,2:43:06:480821,0
360.0033,308.1447,2:43:06:484840,0
360.0033,308.5819,2:43:06:488840,0
360.0033,308.5819,2:43:06:492446,0
360.0033,309.0483,2:43:06:496727,0
360.0033,309.0483,2:43:06:500745,0
360.0033,309.4272,2:43:06:504745,0
360.0033,309.6313,2:43:06:508744,0
360.0033,309.7188,2:43:06:512750,0
360.0033,309.8354,2:43:06:516748,0
359.536,309.9228,2:43:06:520746,0
359.536,309.9519,2:43:06:524744,0
359.536,309.9811,2:43:06:528745,0
359.0934,309.9811,2:43:06:532750,0
359.0934,309.9811,2:43:06:537312,0
359.0934,309.9811,2:43:06:540332,0
358.5769,309.9811,2:43:06:544331,0
358.5769,309.9811,2:43:06:548331,0
358.1588,309.9811,2:43:06:552349,0
357.962,309.9811,2:43:06:556331,0
357.7161,309.9811,2:43:06:560368,0
357.5439,309.9811,2:43:06:564336,0
357.2488,309.9811,2:43:06:569022,0
357.0275,309.4564,2:43:06:572040,0
356.8799,309.4564,2:43:06:576039,0
356.6832,309.4564,2:43:06:580040,0
356.5356,309.4564,2:43:06:584040,0
356.3388,309.4564,2:43:06:588040,0
356.1667,309.4564,2:43:06:592821,0
355.9699,309.4564,2:43:06:596078,0
355.847,309.4564,2:43:06:600079,0
355.7486,309.4564,2:43:06:605074,0
355.601,309.4564,2:43:06:609400,0
355.4781,309.4564,2:43:06:612424,0
355.3797,309.4564,2:43:06:616423,0
355.3797,309.4564,2:43:06:620434,0
355.3305,309.4564,2:43:06:624437,0
355.2813,309.4564,2:43:06:628418,0
355.2567,309.9519,2:43:06:633184,0
355.2321,309.9519,2:43:06:636457,0
355.1584,309.9519,2:43:06:640461,0
355.1584,309.9519,2:43:06:644457,0
355.1584,309.9519,2:43:06:648482,0
355.1584,309.9519,2:43:06:652457,0
355.1584,310.2434,2:43:06:656930,0
355.1584,310.2434,2:43:06:660640,0
355.1584,310.2434,2:43:06:664641,0
355.1584,310.2434,2:43:06:668647,0
355.1584,310.2434,2:43:06:672600,0
355.6256,310.2434,2:43:06:676591,0
355.6256,310.2434,2:43:06:680589,0
355.6256,310.2434,2:43:06:684585,0
355.6256,310.2434,2:43:06:688820,0
355.6256,310.2434,2:43:06:692834,0
356.0437,310.2434,2:43:06:696972,0
356.0437,310.2434,2:43:06:701003,0
356.0437,310.2434,2:43:06:704992,0
356.0437,310.2434,2:43:06:708547,0
356.0437,310.2434,2:43:06:712564,0
356.0437,310.2434,2:43:06:716730,0
356.3142,310.2434,2:43:06:720208,0
356.3142,310.2434,2:43:06:725030,0
356.3142,310.2434,2:43:06:728053,0
356.3142,310.2434,2:43:06:732052,0
356.3142,310.2434,2:43:06:737045,0
356.3142,310.2434,2:43:06:740048,0
356.3142,310.2434,2:43:06:744048,0
356.3142,310.2434,2:43:06:748052,0
356.3142,310.2434,2:43:06:752081,0
356.3142,310.2434,2:43:06:756053,0
356.9045,310.2434,2:43:06:760048,0
356.9045,310.2434,2:43:06:764822,0
356.9045,310.2434,2:43:06:768840,0
357.3472,310.2434,2:43:06:772720,0
357.3472,310.2434,2:43:06:776740,0
357.6915,310.2434,2:43:06:780905,0
357.6915,310.2434,2:43:06:783924,0
358.0604,310.2434,2:43:06:787924,0
358.0604,310.2434,2:43:06:792923,0
358.4047,310.2434,2:43:06:796927,0
358.6507,309.5439,2:43:06:799924,0
358.9704,309.5439,2:43:06:804981,0
359.2163,309.5439,2:43:06:807999,0
359.4131,309.5439,2:43:06:812000,0
359.659,309.0191,2:43:06:816010,0
359.9295,309.0191,2:43:06:821005,0
360.2492,309.0191,2:43:06:823999,0
360.5936,308.6985,2:43:06:828001,0
360.9133,308.6985,2:43:06:832716,0
361.1838,308.4362,2:43:06:836640,0
361.4297,308.4362,2:43:06:840641,0
361.7495,308.2613,2:43:06:844944,0
361.9708,308.0863,2:43:06:847962,0
362.2905,308.0863,2:43:06:851962,0
362.6594,307.9989,2:43:06:855967,0
362.8562,307.9114,2:43:06:859962,0
363.1021,307.8823,2:43:06:864962,0
363.3972,307.7949,2:43:06:868941,0
363.8645,307.6783,2:43:06:871959,0
364.2826,307.5908,2:43:06:875959,0
364.7499,307.5034,2:43:06:880959,0
365.0942,307.3867,2:43:06:884661,0
365.4139,307.2119,2:43:06:888698,0
365.8566,307.0952,2:43:06:892697,0
366.2747,307.037,2:43:06:896699,0
366.6682,306.9203,2:43:06:900696,0
366.7912,306.8912,2:43:06:904697,0
367.0371,306.8329,2:43:06:909700,0
367.1355,306.8329,2:43:06:912697,0
367.2093,306.8329,2:43:06:916696,0
367.2093,306.8329,2:43:06:920120,0
367.2093,306.8329,2:43:06:925084,0
367.2093,306.8329,2:43:06:928085,0
366.4469,306.8329,2:43:06:932088,0
366.4469,306.8329,2:43:06:936765,0
365.7091,307.5325,2:43:06:940293,0
365.7091,307.5325,2:43:06:944645,0
364.7745,307.5325,2:43:06:948659,0
364.2826,308.0863,2:43:06:952664,0
363.8153,308.0863,2:43:06:956665,0
363.3972,308.4653,2:43:06:960681,0
363.0529,308.4653,2:43:06:964659,0
362.7332,308.4653,2:43:06:968665,0
362.3889,308.8442,2:43:06:972663,0
362.0938,308.8442,2:43:06:976652,0
361.8724,308.8442,2:43:06:980434,0
361.6511,309.0191,2:43:06:984434,0
361.4297,309.0191,2:43:06:988429,0
361.1838,309.0191,2:43:06:992433,0
360.9133,309.0191,2:43:06:996766,0
360.6674,309.0191,2:43:07:000787,0
360.4706,309.0191,2:43:07:004788,0
360.3476,309.0191,2:43:07:008713,0
360.2001,309.1066,2:43:07:012731,0
360.0771,309.1357,2:43:07:016729,0
359.9787,309.2232,2:43:07:020733,0
359.8803,309.2815,2:43:07:024733,0
359.8065,309.3981,2:43:07:028728,0
359.7574,309.4564,2:43:07:032728,0
359.6836,309.573,2:43:07:036728,0
359.6344,309.6896,2:43:07:040866,0
359.6344,309.8354,2:43:07:043884,0
359.6344,309.9811,2:43:07:048884,0
359.6344,310.1852,2:43:07:052884,0
359.6344,310.36,2:43:07:056880,0
359.6344,310.5349,2:43:07:059902,0
359.6344,310.7682,2:43:07:063885,0
359.0934,311.0013,2:43:07:068775,0
359.0934,311.2054,2:43:07:072300,0
359.0934,311.4677,2:43:07:076300,0
358.4539,311.6426,2:43:07:080300,0
358.4539,311.8467,2:43:07:084307,0
358.1096,312.0216,2:43:07:088331,0
358.1096,312.1674,2:43:07:092345,0
357.7161,312.3131,2:43:07:096346,0
357.7161,312.4297,2:43:07:100345,0
357.3718,312.5463,2:43:07:104916,0
357.1996,312.6046,2:43:07:108464,0
357.0275,312.692,2:43:07:112440,0
356.8799,312.692,2:43:07:116439,0
356.6832,312.7212,2:43:07:120449,0
356.511,312.7212,2:43:07:124444,0
356.3388,312.7212,2:43:07:128443,0
356.1421,312.7212,2:43:07:134443,0
355.9207,312.7212,2:43:07:137124,0
355.6994,312.7212,2:43:07:140139,0
355.5027,312.7212,2:43:07:144143,0
355.2813,312.7212,2:43:07:149735,0
355.1092,312.7212,2:43:07:152733,0
354.9124,312.7212,2:43:07:156740,0
354.7157,312.1382,2:43:07:160736,0
354.5681,312.1382,2:43:07:164739,0
354.4451,312.1382,2:43:07:169089,0
354.3467,312.1382,2:43:07:172107,0
354.2976,311.6426,2:43:07:176106,0
354.1992,311.6426,2:43:07:180112,0
354.1746,311.6426,2:43:07:184132,0
354.1254,311.2346,2:43:07:188108,0
354.1254,311.2346,2:43:07:192106,0
354.1254,311.0013,2:43:07:196112,0
354.1254,310.8264,2:43:07:201026,0
354.1254,310.739,2:43:07:204045,0
354.1254,310.6224,2:43:07:208045,0
354.1254,310.5349,2:43:07:213045,0
354.1254,310.4183,2:43:07:216044,0
354.1254,310.36,2:43:07:220045,0
354.1254,310.2726,2:43:07:224754,0
354.5435,310.2143,2:43:07:228770,0
354.5435,310.1852,2:43:07:232776,0
354.5435,310.0977,2:43:07:236768,0
354.5435,310.0394,2:43:07:240773,0
354.5435,309.9519,2:43:07:244771,0
354.5435,309.9228,2:43:07:248763,0
354.5435,309.8354,2:43:07:252783,0
354.5435,309.777,2:43:07:256764,0
354.5435,309.6605,2:43:07:260782,0
354.027,309.573,2:43:07:264787,0
354.027,309.4564,2:43:07:268787,0
354.027,309.3106,2:43:07:272783,0
354.027,309.2232,2:43:07:276778,0
353.6827,309.0483,2:43:07:280779,0
353.6827,308.9608,2:43:07:284778,0
353.6827,308.8442,2:43:07:288778,0
353.6827,308.7277,2:43:07:292783,0
353.486,308.6111,2:43:07:296785,0
353.486,308.4944,2:43:07:300783,562
353.486,308.3487,2:43:07:305783,564
353.486,308.2613,2:43:07:308778,594
353.486,308.0863,2:43:07:312778,663
353.486,307.9406,2:43:07:316778,765
353.486,307.7949,2:43:07:320779,892
353.486,307.6199,2:43:07:324782,1024
353.486,307.4742,2:43:07:328782,1157
353.486,307.3285,2:43:07:332779,1304
353.486,307.1244,2:43:07:336779,1464
353.486,306.9786,2:43:07:341128,1625
353.486,306.8329,2:43:07:344146,1759
353.486,306.6871,2:43:07:348147,1878
353.486,306.4831,2:43:07:352162,1969
353.486,306.2207,2:43:07:356146,2071
353.486,305.9584,2:43:07:360146,2183
353.486,305.696,2:43:07:364151,2272
353.486,305.4045,2:43:07:368991,2349
353.486,305.113,2:43:07:372010,2396
353.486,304.7632,2:43:07:376010,2431
353.486,304.4426,2:43:07:380013,2477
353.486,304.2094,2:43:07:384009,2533
353.486,304.0345,2:43:07:388010,2604
353.486,303.8304,2:43:07:392766,2679
353.486,303.743,2:43:07:396049,2744
353.486,303.6264,2:43:07:400033,2799
353.486,303.5389,2:43:07:404085,2828
353.486,303.5389,2:43:07:408099,2840
353.486,303.5389,2:43:07:412103,2846
353.486,303.5389,2:43:07:416139,2849
353.486,303.5389,2:43:07:421107,2850
353.486,303.5389,2:43:07:424098,2844
353.486,303.5389,2:43:07:429001,2836
353.486,303.5389,2:43:07:432019,2824
353.486,303.5389,2:43:07:436041,2819
353.486,304.0928,2:43:07:440035,2819
353.486,304.0928,2:43:07:445019,2814
353.1417,304.705,2:43:07:448019,2820
353.1417,304.705,2:43:07:452187,2815
353.1417,305.6669,2:43:07:456198,2820
353.1417,306.2791,2:43:07:460198,2827
352.9449,307.037,2:43:07:464227,2835
352.9449,307.8823,2:43:07:468198,2836
352.9449,308.7568,2:43:07:472766,2833
352.7973,309.7188,2:43:07:476785,2834
352.7973,310.6807,2:43:07:480783,2833
352.7236,311.701,2:43:07:484787,2841
352.699,312.7212,2:43:07:488760,2843
352.6744,313.7997,2:43:07:492775,2848
352.6744,314.8783,2:43:07:496777,2855
352.6252,315.986,2:43:07:500775,2864
352.6252,317.0937,2:43:07:504775,2897
352.6006,318.2014,2:43:07:508775,2946
352.576,319.3674,2:43:07:512780,2996
352.576,320.4751,2:43:07:516775,3044
352.5022,321.5828,2:43:07:520984,3077
352.453,322.6905,2:43:07:524512,3079
352.3792,323.769,2:43:07:528511,3082
352.2809,324.8476,2:43:07:532517,3093
352.2071,325.8679,2:43:07:536552,3095
352.1087,326.8589,2:43:07:540515,3103
351.9857,327.8209,2:43:07:544510,3107
351.8628,328.8703,2:43:07:548512,3106
351.6906,329.8614,2:43:07:552912,3109
351.5677,330.7942,2:43:07:555931,3109
351.4201,331.7561,2:43:07:560934,3109
351.2234,332.7181,2:43:07:564930,3113
351.0512,333.6801,2:43:07:567929,3114
350.8544,334.5254,2:43:07:571935,3124
350.7069,335.3416,2:43:07:575935,3127
350.5101,336.0412,2:43:07:579936,3133
350.3134,336.7116,2:43:07:584892,3145
350.1904,337.2655,2:43:07:588905,3149
350.0428,337.7028,2:43:07:592906,3165
349.9445,338.0526,2:43:07:596910,3171
349.8461,338.3149,2:43:07:599910,3179
349.7969,338.4898,2:43:07:603910,3193
349.7231,338.6356,2:43:07:608908,3244
349.6985,338.723,2:43:07:611910,3315
349.674,338.7521,2:43:07:616910,3417
349.6002,338.7521,2:43:07:619909,3533
349.5756,338.7521,2:43:07:623910,3614
349.4772,338.7521,2:43:07:627915,3674
349.3788,338.7521,2:43:07:632909,3689
349.2067,338.7521,2:43:07:635908,3690
348.9361,337.9651,2:43:07:640910,3683
348.6656,337.9651,2:43:07:644909,3677
348.3213,337.2072,2:43:07:648750,3685
347.9278,336.6825,2:43:07:652769,3686
347.4359,336.1287,2:43:07:656770,3687
346.9686,335.5457,2:43:07:660417,3692
346.4521,334.8752,2:43:07:664430,3691
345.9357,334.2047,2:43:07:668433,3686
345.4192,333.5343,2:43:07:672459,3690
344.9273,332.8639,2:43:07:676650,3695
344.4601,332.2517,2:43:07:680683,3703
343.9682,331.6104,2:43:07:684688,3742
343.5501,331.0274,2:43:07:688683,3781
343.132,330.4735,2:43:07:693686,3826
342.7877,330.0071,2:43:07:696689,3872
342.5172,329.5991,2:43:07:700683,3898
342.2712,329.2784,2:43:07:705022,3929
342.0745,329.0161,2:43:07:708044,3953
341.9515,328.8412,2:43:07:713039,3976
341.8285,328.6954,2:43:07:716040,3989
341.8039,328.5788,2:43:07:720040,3995
341.8039,328.5497,2:43:07:724038,3991
341.8039,328.5497,2:43:07:728729,3982
341.8039,328.5497,2:43:07:732746,3977
341.8039,328.4913,2:43:07:736724,3978
341.8039,328.4622,2:43:07:740745,3978
342.3204,328.3456,2:43:07:744745,3975
342.3204,328.229,2:43:07:748745,3981
343.0828,328.1415,2:43:07:752743,3974
343.5747,327.9666,2:43:07:756745,3971
344.1649,327.7626,2:43:07:760744,3974
344.8781,327.5586,2:43:07:764933,3980
345.7635,327.3253,2:43:07:767949,3983
346.6981,327.063,2:43:07:771949,3990
347.7556,326.7132,2:43:07:775952,3994
348.9115,326.3634,2:43:07:781301,3991
350.1904,325.897,2:43:07:784319,3991
351.6414,325.4306,2:43:07:788325,3988
353.2646,324.8767,2:43:07:792319,3988
355.0354,324.1772,2:43:07:796320,3986
356.9783,323.4193,2:43:07:800319,3979
359.0934,322.6031,2:43:07:804321,3983
361.3068,321.7577,2:43:07:808333,3983
363.6678,320.7957,2:43:07:812934,3978
366.0042,319.8338,2:43:07:815958,3977
368.316,318.8427,2:43:07:820965,3962
370.5049,317.7933,2:43:07:823983,3952
372.5953,316.8314,2:43:07:828636,3946
374.5382,315.8694,2:43:07:832650,3942
376.2106,314.9366,2:43:07:836650,3942
377.7108,314.0912,2:43:07:840651,3938
378.9651,313.3333,2:43:07:844677,3935
380.0226,312.6629,2:43:07:848692,3929
380.8342,312.0508,2:43:07:852692,3933
381.4983,311.5844,2:43:07:856706,3936
381.9901,311.1762,2:43:07:860414,3938
382.3098,310.7973,2:43:07:864715,3955
382.5558,310.5058,2:43:07:868650,3961
382.6541,310.2143,2:43:07:872683,3972
382.6541,309.9811,2:43:07:876690,3972
382.6541,309.7188,2:43:07:880683,3971
382.6541,309.5147,2:43:07:884687,3972
382.6541,309.2523,2:43:07:888687,3970
382.6541,309.0191,2:43:07:893023,3984
381.8672,308.7568,2:43:07:896041,3987
381.8672,308.5527,2:43:07:900043,3994
381.8672,308.3487,2:43:07:904046,3999
381.1785,308.1738,2:43:07:908041,4005
381.1785,307.9406,2:43:07:912043,4009
380.7358,307.7949,2:43:07:916706,4013
380.7358,307.6491,2:43:07:920720,4017
380.3669,307.5325,2:43:07:924724,4022
380.3669,307.445,2:43:07:928719,4024
380.0472,307.3576,2:43:07:932723,4023
380.0472,307.3285,2:43:07:936724,4024
380.0472,307.2993,2:43:07:940722,4016
379.8751,307.241,2:43:07:944725,4014
379.8751,307.2119,2:43:07:948713,4014
379.8751,307.1827,2:43:07:952730,4008
379.8751,307.1244,2:43:07:956751,4006
379.8751,307.1244,2:43:07:960766,3999
379.8751,307.1244,2:43:07:964771,3993
379.8751,307.1244,2:43:07:968771,3993
379.8751,307.1244,2:43:07:972772,3993
379.8751,307.1244,2:43:07:976772,3999
379.8751,307.9406,2:43:07:980769,4002
379.8751,307.9406,2:43:07:984766,3999
379.8751,309.1357,2:43:07:989015,4008
379.8751,309.9519,2:43:07:992033,4011
379.8751,310.8847,2:43:07:996033,4016
379.8751,311.8467,2:43:08:000033,4029
379.8751,312.9253,2:43:08:004039,4049
379.8751,313.9746,2:43:08:009033,4078
379.8751,315.0532,2:43:08:012054,4105
379.8751,316.1317,2:43:08:017023,4134
379.8751,317.2103,2:43:08:020054,4152
379.8751,318.2888,2:43:08:024073,4177
379.8751,319.3091,2:43:08:028055,4224
379.8751,320.3876,2:43:08:032054,4273
379.8751,321.4662,2:43:08:036775,4320
379.8751,322.5739,2:43:08:040784,4359
379.8751,323.7108,2:43:08:044785,4377
379.8751,324.7893,2:43:08:048783,4428
379.8751,325.9553,2:43:08:052787,4467
379.8751,327.0922,2:43:08:056787,4511
379.8751,328.2873,2:43:08:060787,4554
379.8751,329.5116,2:43:08:065003,4547
379.8751,330.6484,2:43:08:068027,4560
379.8751,331.8436,2:43:08:072023,4571
379.8751,333.0388,2:43:08:077815,4586
379.8751,334.2631,2:43:08:080808,4614
379.8751,335.4873,2:43:08:084808,4630
379.8751,336.6825,2:43:08:088812,4640
379.8751,337.7902,2:43:08:092812,4650
379.8751,338.9271,2:43:08:096808,4665
379.8751,340.0056,2:43:08:101260,4679
379.8751,340.9967,2:43:08:104788,4692
379.457,341.9295,2:43:08:108785,4706
379.457,342.8332,2:43:08:112790,4709
379.457,343.6494,2:43:08:116789,4715
379.0143,344.3781,2:43:08:120789,4719
379.0143,345.0777,2:43:08:124725,4714
378.7191,345.6898,2:43:08:128747,4727
378.7191,346.2437,2:43:08:132747,4730
378.424,346.6809,2:43:08:136747,4734
378.424,347.0599,2:43:08:140748,4736
378.2519,347.3514,2:43:08:144746,4733
378.2519,347.5555,2:43:08:149507,4722
378.1289,347.7012,2:43:08:152526,4721
378.0797,347.8178,2:43:08:156526,4719
378.0797,347.847,2:43:08:160530,4716
378.0797,347.847,2:43:08:164554,4721
378.0797,347.847,2:43:08:168526,4720
378.0797,347.847,2:43:08:172818,4720
378.0797,347.847,2:43:08:176840,4666
378.0797,347.847,2:43:08:180837,4556
378.0797,347.2348,2:43:08:185127,4355
378.0797,347.2348,2:43:08:188151,4032
378.8175,346.2729,2:43:08:192145,3604
378.8175,345.6024,2:43:08:197153,3044
379.6537,344.757,2:43:08:203146,2248
380.244,343.6785,2:43:08:205145,1395
380.9572,342.425,2:43:08:208146,693
381.7688,341.0841,2:43:08:213145,0
382.6787,339.6849,2:43:08:216145,0
383.5887,338.1692,2:43:08:220865,0
384.4987,336.5659,2:43:08:224885,0
385.4087,334.8169,2:43:08:227885,0
386.3678,333.1553,2:43:08:232993,0
387.327,331.4938,2:43:08:236013,0
388.3599,329.8031,2:43:08:240012,0
389.4174,328.0833,2:43:08:245009,0
390.5733,326.2759,2:43:08:249013,0
391.8276,324.4395,2:43:08:252018,0
393.2049,322.5739,2:43:08:256707,0
394.6313,320.7375,2:43:08:260647,0
396.1069,318.8719,2:43:08:264647,0
397.5088,317.0354,2:43:08:269204,0
398.8615,315.1989,2:43:08:272223,0
400.2387,313.5082,2:43:08:277232,0
401.5175,311.8759,2:43:08:280263,0
402.6735,310.36,2:43:08:285219,0
403.8048,309.0191,2:43:08:288218,0
404.7639,307.7657,2:43:08:293366,0
405.6739,306.5706,2:43:08:296385,0
406.5347,305.5503,2:43:08:300390,0
407.2971,304.5883,2:43:08:304520,0
407.9857,303.6847,2:43:08:308385,0
408.576,302.9268,2:43:08:312386,0
409.117,302.1689,2:43:08:316911,0
409.5351,301.4984,2:43:08:320562,0
409.9778,300.8863,2:43:08:324562,0
410.3467,300.2741,2:43:08:328799,0
410.6664,299.7786,2:43:08:332821,0
410.9861,299.2831,2:43:08:336821,0
411.2567,298.9624,2:43:08:340818,0
411.5026,298.5834,2:43:08:344817,0
411.724,298.2045,2:43:08:348817,0
411.9207,297.913,2:43:08:352908,1744
412.0437,297.6506,2:43:08:355928,1798
412.1667,297.4466,2:43:08:359926,1888
412.265,297.3008,2:43:08:364927,1966
412.2896,297.1842,2:43:08:368929,2056
412.3142,297.0677,2:43:08:371927,2089
412.3142,296.9802,2:43:08:376788,2110
412.3142,296.9802,2:43:08:380159,2153
412.3142,296.9802,2:43:08:384153,2192
412.3142,296.9802,2:43:08:388905,2240
412.3142,296.9802,2:43:08:392900,2285
412.3142,296.9802,2:43:08:396900,2318
412.3142,296.9802,2:43:08:401003,2358
412.3142,297.7672,2:43:08:404021,2397
412.3142,297.7672,2:43:08:408021,2416
412.3142,298.4085,2:43:08:412501,2442
412.3142,298.4085,2:43:08:416454,2460
412.3142,299.2248,2:43:08:420454,2478
412.3142,299.6328,2:43:08:424465,2525
412.3142,300.0701,2:43:08:428457,2572
412.3142,300.4782,2:43:08:432457,2615
412.3142,300.9154,2:43:08:436644,2700
412.3142,301.2944,2:43:08:440669,2777
412.3142,301.6151,2:43:08:444667,2862
412.3142,301.9066,2:43:08:449092,2953
411.6994,302.1689,2:43:08:452111,3007
411.6994,302.4312,2:43:08:456112,3053
411.6994,302.6353,2:43:08:461112,3113
411.0353,302.8102,2:43:08:464136,3165
411.0353,302.9851,2:43:08:468111,3204
410.3959,303.1309,2:43:08:473291,3240
409.9778,303.2474,2:43:08:476314,3245
409.5351,303.364,2:43:08:480310,3252
409.0678,303.4807,2:43:08:485307,3266
408.576,303.5973,2:43:08:488309,3270
408.0349,303.6847,2:43:08:492310,3274
407.4692,303.8013,2:43:08:496972,3275
406.9282,303.9471,2:43:08:499996,3267
406.2888,304.0928,2:43:08:504018,3267
405.6001,304.2968,2:43:08:509002,3276
404.9115,304.5592,2:43:08:512018,3280
404.1737,304.7924,2:43:08:516018,3288
403.3867,305.113,2:43:08:520782,3293
402.5505,305.4337,2:43:08:524047,3339
401.7389,305.8418,2:43:08:529047,3391
400.9273,306.2499,2:43:08:533065,3447
400.0665,306.7163,2:43:08:536052,3521
399.2549,307.2119,2:43:08:540047,3556
398.4433,307.7365,2:43:08:544809,3603
397.6317,308.3195,2:43:08:548805,3656
396.8202,308.9608,2:43:08:552805,3692
396.1069,309.573,2:43:08:556861,3737
395.4183,310.2434,2:43:08:560862,3774
394.8035,310.9139,2:43:08:564863,3808
394.2378,311.6135,2:43:08:568861,3843
393.7459,312.3131,2:43:08:571863,3872
393.2295,313.071,2:43:08:576859,3898
392.8606,313.7997,2:43:08:580788,3923
392.4917,314.5285,2:43:08:584809,3957
392.1719,315.3156,2:43:08:588809,3996
391.803,316.1026,2:43:08:593071,4042
391.4587,316.8605,2:43:08:596067,4074
391.139,317.6184,2:43:08:600067,4106
390.7947,318.4055,2:43:08:605113,4142
390.5487,319.1342,2:43:08:608129,4169
390.3028,319.8047,2:43:08:612116,4208
390.1552,320.5334,2:43:08:617116,4243
390.0323,321.2913,2:43:08:620112,4269
389.8847,321.9909,2:43:08:624116,4287
389.8355,322.7196,2:43:08:628110,4304
389.8355,323.4775,2:43:08:632111,4307
389.8355,324.2063,2:43:08:637022,4319
389.8355,324.9351,2:43:08:640040,4331
389.8355,325.7221,2:43:08:645038,4341
390.5733,326.3925,2:43:08:649041,4357
390.5733,326.9464,2:43:08:653043,4353
391.3849,327.5586,2:43:08:656878,4359
391.926,328.0833,2:43:08:660914,4357
392.5408,328.6079,2:43:08:663910,4357
393.2787,328.9869,2:43:08:669166,4362
394.1394,329.395,2:43:08:672187,4360
395.074,329.6865,2:43:08:676185,4369
396.1807,329.8905,2:43:08:681181,4375
397.3366,330.1237,2:43:08:684185,4376
398.5417,330.2112,2:43:08:689184,4377
399.8944,330.2695,2:43:08:692706,4372
401.2224,330.2695,2:43:08:698704,4369
402.5997,330.2695,2:43:08:700700,4375
403.9523,330.2695,2:43:08:704703,4380
405.305,329.5116,2:43:08:708701,4380
406.5347,329.5116,2:43:08:712700,4383
407.7644,329.5116,2:43:08:716691,4386
408.9203,328.6079,2:43:08:720137,4387
409.9778,328.6079,2:43:08:724139,4390
410.9861,327.8209,2:43:08:728137,4395
411.8224,327.8209,2:43:08:732137,4392
412.6093,327.0047,2:43:08:737339,4393
413.298,326.5092,2:43:08:740358,4405
413.8882,325.897,2:43:08:744362,4404
414.3801,325.2266,2:43:08:749356,4404
414.749,324.5852,2:43:08:752355,4407
415.0687,323.9148,2:43:08:756353,4409
415.2655,323.2152,2:43:08:760348,4422
415.3884,322.4573,2:43:08:764394,4427
415.413,321.7285,2:43:08:768389,4425
415.413,321.029,2:43:08:772939,4418
415.413,320.3876,2:43:08:776959,4408
415.413,319.8047,2:43:08:779958,4406
415.413,319.2799,2:43:08:784998,4397
414.5768,318.8427,2:43:08:788017,4395
414.5768,318.4637,2:43:08:792017,4389
413.8882,318.2306,2:43:08:796017,4378
413.8882,318.0556,2:43:08:800016,4383
413.052,317.9973,2:43:08:804021,4387
412.5356,317.9391,2:43:08:809000,4396
412.0191,317.9391,2:43:08:812032,4397
411.478,317.9391,2:43:08:816024,4393
410.937,317.9391,2:43:08:820997,4394
410.3467,318.7261,2:43:08:824015,4387
409.7811,318.7261,2:43:08:828017,4397
409.1908,319.5423,2:43:08:833022,4410
408.6006,320.0962,2:43:08:836034,4413
408.0841,320.65,2:43:08:840033,4438
407.5184,321.3496,2:43:08:844121,4474
406.9774,322.0492,2:43:08:849118,4506
406.4855,322.8071,2:43:08:852117,4556
406.0182,323.5359,2:43:08:856211,4587
405.6493,324.3521,2:43:08:860147,4622
405.305,325.1974,2:43:08:864125,4648
405.0099,326.0428,2:43:08:869250,4676
404.7639,326.8589,2:43:08:872268,4711
404.6164,327.646,2:43:08:876269,4725
404.518,328.4913,2:43:08:880487,4767
404.518,329.3367,2:43:08:884269,4786
404.518,330.2695,2:43:08:888268,4793
404.518,331.1732,2:43:08:892907,4817
404.518,332.0185,2:43:08:896293,4813
404.518,332.8347,2:43:08:900292,4806
405.2558,333.7092,2:43:08:904437,4825
405.2558,334.642,2:43:08:908437,4830
405.8953,335.4873,2:43:08:912468,4832
405.8953,336.3327,2:43:08:916971,4846
406.6331,337.1198,2:43:08:919971,4831
407.0757,337.8777,2:43:08:923967,4822
407.543,338.6356,2:43:08:928969,4814
408.0841,339.3935,2:43:08:931966,4804
408.5514,340.1222,2:43:08:935967,4807
409.0678,340.7052,2:43:08:941320,4802
409.6089,341.3465,2:43:08:944343,4806
410.1746,341.8712,2:43:08:948339,4774
410.7402,342.3084,2:43:08:952339,4697
411.3305,342.7457,2:43:08:956339,4572
411.9699,343.0372,2:43:08:960341,4375
412.6093,343.2704,2:43:08:964721,4132
413.3472,343.4161,2:43:08:968389,3825
414.1342,343.5327,2:43:08:972360,3459
414.9457,343.5327,2:43:08:976748,3054
415.8557,343.5327,2:43:08:980770,2594
416.8149,343.5327,2:43:08:984771,2026
417.8724,343.5327,2:43:08:988809,1370
418.9545,342.6291,2:43:08:992770,771
420.0367,342.6291,2:43:08:996771,308
421.0942,341.6089,2:43:09:001070,0
422.1271,340.9384,2:43:09:005086,0
423.1355,340.1513,2:43:09:008084,0
424.1684,339.2477,2:43:09:013089,0
425.1522,338.1983,2:43:09:016088,0
426.0375,337.0906,2:43:09:020094,0
426.9475,335.8372,2:43:09:025001,0
427.8575,334.5837,2:43:09:028019,0
428.7429,333.2719,2:43:09:032052,0
429.6774,331.8727,2:43:09:037387,0
430.5874,330.4735,2:43:09:040405,0
431.4482,329.0161,2:43:09:044406,0
432.2106,327.5586,2:43:09:048446,0
432.9484,326.1302,2:43:09:052405,0
433.637,324.7893,2:43:09:056405,0
434.2273,323.4775,2:43:09:060349,0
434.7437,322.1949,2:43:09:064395,0
435.1864,321.029,2:43:09:068370,0
435.5307,319.9796,2:43:09:073329,0
435.875,319.105,2:43:09:076353,0
436.1948,318.3471,2:43:09:080353,0
436.4407,317.735,2:43:09:084375,0
436.7112,317.2686,2:43:09:088353,0
436.9326,316.9188,2:43:09:092366,0
437.1539,316.7148,2:43:09:096529,0
437.3998,316.6273,2:43:09:100558,0
437.6458,316.5399,2:43:09:104563,0
437.8425,316.5107,2:43:09:109275,0
438.0393,316.4524,2:43:09:112295,1580
438.2114,316.4524,2:43:09:116299,1576
438.3836,316.4524,2:43:09:120295,1602
438.5312,316.4524,2:43:09:124294,1638
438.6787,316.4524,2:43:09:128295,1707
438.8017,316.4524,2:43:09:132295,1840
438.9247,316.4524,2:43:09:136294,1987
439.0476,316.4524,2:43:09:141295,2152
439.1952,316.4524,2:43:09:144337,2301
439.3181,316.4524,2:43:09:148329,2410
439.3673,317.2686,2:43:09:152814,2494
439.3919,317.2686,2:43:09:156829,2562
439.3919,318.0848,2:43:09:160828,2644
439.3919,318.6095,2:43:09:164827,2717
439.3919,319.1925,2:43:09:168833,2772
439.3919,319.8629,2:43:09:172829,2850
439.3919,320.65,2:43:09:176833,2919
438.7279,321.437,2:43:09:180834,2979
438.7279,322.1949,2:43:09:184830,3050
438.7279,323.0111,2:43:09:189444,3113
438.0639,323.8274,2:43:09:192459,3183
438.0639,324.6144,2:43:09:197462,3249
437.6458,325.4015,2:43:09:200469,3306
437.6458,326.101,2:43:09:205458,3331
437.2769,326.6841,2:43:09:208460,3336
437.2769,327.2087,2:43:09:212461,3385
437.0309,327.7335,2:43:09:216462,3451
437.0309,328.1707,2:43:09:220916,3537
436.7604,328.5497,2:43:09:223936,3635
436.5883,328.8703,2:43:09:227941,3697
436.4161,329.1618,2:43:09:232497,3749
436.1948,329.4533,2:43:09:237008,3791
435.9734,329.6865,2:43:09:240107,3822
435.6291,329.8905,2:43:09:244111,3853
435.2848,330.0946,2:43:09:248106,3876
434.8667,330.2112,2:43:09:252102,3890
434.4486,330.2112,2:43:09:256963,3927
433.9567,330.2112,2:43:09:260980,3955
433.4648,330.2112,2:43:09:263981,3990
432.973,330.2112,2:43:09:268982,4025
432.4811,329.5116,2:43:09:272985,4039
431.9646,329.5116,2:43:09:276982,4045
431.4973,328.7828,2:43:09:280990,4056
431.0547,328.7828,2:43:09:284002,4069
430.6612,327.7917,2:43:09:288003,4072
430.2431,327.2379,2:43:09:292807,4081
429.8987,326.5966,2:43:09:296829,4093
429.6282,325.9844,2:43:09:300828,4112
429.4315,325.2266,2:43:09:304776,4132
429.2593,324.5269,2:43:09:308797,4171
429.1855,323.8565,2:43:09:312798,4193
429.1855,323.2735,2:43:09:316799,4204
429.1855,322.6905,2:43:09:320797,4214
429.1855,322.1658,2:43:09:324797,4214
429.1855,321.7285,2:43:09:328998,4210
429.8495,321.3204,2:43:09:332016,4211
429.8495,320.9415,2:43:09:336018,4210
430.7595,320.5626,2:43:09:341018,4208
431.399,320.2419,2:43:09:344024,4205
432.186,319.9212,2:43:09:348021,4205
433.1205,319.6006,2:43:09:352851,4201
434.2518,319.2508,2:43:09:356868,4197
435.5061,318.8719,2:43:09:359873,4200
436.8342,318.5512,2:43:09:364865,4200
438.3344,318.1722,2:43:09:368868,4203
439.9084,317.7642,2:43:09:371870,4201
441.5316,317.356,2:43:09:375869,4210
443.1794,316.8605,2:43:09:379870,4212
444.9009,316.365,2:43:09:384907,4217
446.6225,315.7528,2:43:09:388885,4223
448.2949,315.1407,2:43:09:392886,4217
449.9673,314.3828,2:43:09:397299,4212
451.5659,313.5374,2:43:09:400318,4182
453.1153,312.6629,2:43:09:404328,4147
454.6155,311.6426,2:43:09:408347,4110
456.0173,310.6224,2:43:09:412323,4070
457.37,309.5147,2:43:09:416338,4057
458.5751,308.4362,2:43:09:421256,4039
459.7064,307.3285,2:43:09:424274,4025
460.7393,306.2499,2:43:09:428278,4024
461.6739,305.2005,2:43:09:432358,4024
462.4855,304.2094,2:43:09:436275,4028
463.1987,303.2474,2:43:09:440279,4034
463.7889,302.4021,2:43:09:444871,4030
464.3054,301.5859,2:43:09:447890,4027
464.6989,300.7989,2:43:09:452888,4033
465.0432,300.0701,2:43:09:457116,4033
465.2892,299.3705,2:43:09:461140,4038
465.4859,298.7,2:43:09:464135,4035
465.6089,298.0296,2:43:09:468139,4031
465.6335,297.3592,2:43:09:472135,4027
465.6335,296.6595,2:43:09:476135,4026
465.6335,296.0182,2:43:09:480774,4024
465.6335,295.377,2:43:09:484150,4021
465.6335,294.7357,2:43:09:488149,4030
465.6335,294.1526,2:43:09:492774,4036
465.117,293.628,2:43:09:496793,4046
465.117,293.1324,2:43:09:500792,4054
465.117,292.7826,2:43:09:504829,4058
465.117,292.4911,2:43:09:508795,4063
465.117,292.2579,2:43:09:512795,4068
464.6497,292.1122,2:43:09:516310,4079
464.6497,291.9955,2:43:09:520338,4083
464.6497,291.9664,2:43:09:524343,4085
464.6497,291.9664,2:43:09:528339,4086
464.6497,291.9664,2:43:09:532338,4080
464.6497,291.9664,2:43:09:536338,4101
464.3546,292.9866,2:43:09:541167,4127
464.3546,293.6862,2:43:09:544186,4173
464.1824,294.6482,2:43:09:548191,4236
464.0595,295.785,2:43:09:553187,4285
463.8873,297.0968,2:43:09:556186,4349
463.7397,298.5834,2:43:09:560190,4396
463.5676,300.1867,2:43:09:565367,4461
463.3954,301.7608,2:43:09:568385,4529
463.2971,303.3932,2:43:09:572385,4601
463.1987,305.0256,2:43:09:576678,4678
463.1741,306.6288,2:43:09:580693,4741
463.1495,308.2029,2:43:09:584693,4812
463.1495,309.7188,2:43:09:588695,4868
463.1495,311.2054,2:43:09:592698,4920
463.1495,312.692,2:43:09:596697,4966
463.1495,314.1204,2:43:09:600703,4999
463.1495,315.5779,2:43:09:604698,5025
463.1495,316.9771,2:43:09:608698,5062
463.7151,318.4055,2:43:09:612754,5101
463.7151,319.7172,2:43:09:616773,5128
463.7151,321.1455,2:43:09:619773,5162
464.207,322.5447,2:43:09:624798,5176
464.207,323.8565,2:43:09:628797,5176
464.6497,325.1682,2:43:09:632796,5181
464.6497,326.4508,2:43:09:636796,5180
465.1416,327.7917,2:43:09:640796,5189
465.3875,329.1035,2:43:09:644796,5193
465.6826,330.4735,2:43:09:648880,5200
465.9286,331.727,2:43:09:652899,5206
466.1499,332.893,2:43:09:656899,5210
466.3713,334.059,2:43:09:660899,5215
466.5434,335.2833,2:43:09:663896,5224
466.691,336.3036,2:43:09:667899,5207
466.8632,337.2072,2:43:09:672899,5200
466.9124,338.0234,2:43:09:675900,5190
466.9861,338.6647,2:43:09:680895,5173
467.0107,339.2477,2:43:09:685076,5174
467.0353,339.6849,2:43:09:688094,5160
467.0353,340.0348,2:43:09:692099,5150
467.0353,340.2679,2:43:09:696870,5135
467.0353,340.4137,2:43:09:700896,5048
467.0353,340.4428,2:43:09:704889,4870
467.0353,340.4428,2:43:09:708894,4581
467.0353,340.4428,2:43:09:712885,4153
467.0353,340.4428,2:43:09:715907,3655
466.5188,339.5684,2:43:09:723406,3102
466.5188,339.5684,2:43:09:725403,2430
465.8794,338.4315,2:43:09:728403,1621
465.4121,337.557,2:43:09:733404,917
464.8957,336.5951,2:43:09:736406,363
464.2562,335.5748,2:43:09:740434,0
463.6168,334.3505,2:43:09:744412,0
462.9282,333.1262,2:43:09:748836,0
462.2149,331.7853,2:43:09:752855,0
461.5263,330.3569,2:43:09:755863,0
460.7639,328.8994,2:43:09:760860,0
460.0507,327.4128,2:43:09:764850,0
459.3375,325.9844,2:43:09:767855,0
458.5751,324.5269,2:43:09:772930,0
457.8372,323.1569,2:43:09:776948,0
457.0748,321.6994,2:43:09:780947,0
456.1649,320.2711,2:43:09:785124,0
455.1073,318.901,2:43:09:788142,0
453.9268,317.6476,2:43:09:792142,0
452.6234,316.3941,2:43:09:796142,0
451.1477,315.1407,2:43:09:801138,0
449.5,313.9455,2:43:09:804142,0
447.6554,312.8087,2:43:09:808438,0
445.6142,311.6426,2:43:09:812454,0
443.5237,310.5933,2:43:09:816454,0
441.2856,309.5147,2:43:09:820992,0
438.9001,308.4653,2:43:09:824016,0
436.3669,307.4742,2:43:09:828010,0
433.8091,306.5122,2:43:09:833077,0
431.0547,305.5794,2:43:09:836095,0
428.2264,304.7341,2:43:09:841096,0
425.3243,303.9471,2:43:09:844187,0
422.3485,303.2183,2:43:09:849092,0
419.3726,302.5479,2:43:09:853091,0
416.4706,301.9066,2:43:09:856965,0
413.5685,301.3235,2:43:09:860988,0
410.6418,300.7697,2:43:09:863983,0
407.8136,300.2741,2:43:09:868891,0
404.9607,299.8369,2:43:09:872800,0
402.2062,299.3997,2:43:09:875799,0
399.4025,299.0207,2:43:09:881275,0
396.5742,298.7,2:43:09:884808,0
393.7459,298.4377,2:43:09:888810,0
390.8931,298.2628,2:43:09:892808,0
388.0648,298.117,2:43:09:896807,0
385.2365,298.0296,2:43:09:900808,0
382.5558,297.9421,2:43:09:905125,0
379.8013,297.9421,2:43:09:908136,0
377.1943,297.9421,2:43:09:912136,0
374.612,297.9421,2:43:09:916146,0
372.128,297.9421,2:43:09:920178,0
369.7424,297.9421,2:43:09:924183,0
367.406,297.9421,2:43:09:928997,0
365.0942,298.5543,2:43:09:932016,0
362.8808,298.5543,2:43:09:937017,0
360.6919,298.5543,2:43:09:940867,0
358.5769,298.5543,2:43:09:943911,0
356.5356,299.079,2:43:09:947887,0
354.5927,299.079,2:43:09:952884,0
352.6744,299.079,2:43:09:956886,0
350.7807,299.079,2:43:09:960886,0
348.9853,299.079,2:43:09:965132,0
347.2392,299.079,2:43:09:968151,0
345.4684,299.079,2:43:09:972150,0
343.7223,299.079,2:43:09:977148,0
342.0007,299.079,2:43:09:980151,0
340.3037,298.4085,2:43:09:984151,0
338.5822,298.4085,2:43:09:989132,0
336.8606,298.4085,2:43:09:992172,0
335.262,298.4085,2:43:09:996176,0
333.7618,298.4085,2:43:10:000228,0
332.3354,297.9421,2:43:10:004266,0
331.0073,297.9421,2:43:10:008247,0
329.8268,297.9421,2:43:10:013249,0
328.7447,297.9421,2:43:10:016248,0
327.8347,297.9421,2:43:10:020246,0
327.0477,297.9421,2:43:10:024867,0
326.3345,297.9421,2:43:10:027885,833
325.6458,297.9421,2:43:10:032884,837
325.1048,297.9421,2:43:10:037356,874
324.7113,297.9421,2:43:10:040375,927
324.367,298.4377,2:43:10:044388,1000
324.121,298.4377,2:43:10:048374,1068
323.8997,298.4377,2:43:10:052374,1115
323.8013,298.4377,2:43:10:056374,1158
323.7275,298.4377,2:43:10:060513,1203
323.7275,298.4377,2:43:10:064567,1257
323.7275,298.4377,2:43:10:068531,1327
323.7275,298.4377,2:43:10:072570,1416
323.7275,298.4377,2:43:10:076589,1505
324.3916,298.4377,2:43:10:080589,1601
324.3916,298.4377,2:43:10:084732,1707
325.2032,298.4377,2:43:10:088725,1786
325.8426,297.7672,2:43:10:092722,1872
326.605,297.7672,2:43:10:096783,1951
327.4904,297.7672,2:43:10:100726,2011
328.5725,297.0677,2:43:10:104735,2077
329.8514,297.0677,2:43:10:108727,2140
331.3516,296.4264,2:43:10:112723,2203
333.024,296.0765,2:43:10:116723,2245
334.9177,295.6976,2:43:10:120911,2285
336.959,295.377,2:43:10:123930,2312
339.1724,294.9688,2:43:10:127935,2330
341.7056,294.5608,2:43:10:132790,2359
344.3617,294.0944,2:43:10:136808,2383
347.19,293.6571,2:43:10:139807,2398
350.1904,293.2198,2:43:10:144704,2415
353.3384,292.8117,2:43:10:148718,2429
356.7815,292.4037,2:43:10:152721,2440
360.3722,291.9664,2:43:10:156725,2454
364.1843,291.5,2:43:10:160724,2505
368.1438,291.0336,2:43:10:164733,2558
372.2264,290.5963,2:43:10:169723,2615
376.4073,290.1591,2:43:10:172718,2687
380.6129,289.6635,2:43:10:176719,2729
384.9906,289.1389,2:43:10:180734,2769
389.3683,288.5558,2:43:10:184723,2806
393.7459,288.0312,2:43:10:188723,2826
398.1482,287.5648,2:43:10:192744,2837
402.5259,287.0692,2:43:10:196763,2839
406.8544,286.6028,2:43:10:200763,2846
411.1583,286.1364,2:43:10:204994,2844
415.4868,285.7283,2:43:10:208013,2848
419.7661,285.3202,2:43:10:213019,2855
423.9471,284.9704,2:43:10:218013,2857
428.0542,284.6206,2:43:10:221013,2865
432.1614,284.2708,2:43:10:224013,2870
436.1456,283.921,2:43:10:229341,2873
440.0806,283.6295,2:43:10:232361,2871
443.8926,283.3088,2:43:10:236359,2874
447.68,282.959,2:43:10:240426,2877
451.3691,282.755,2:43:10:244363,2933
454.9352,282.4926,2:43:10:248359,3005
458.4521,282.2595,2:43:10:252720,3075
461.8706,282.0845,2:43:10:256742,3144
465.1416,281.8805,2:43:10:260741,3160
468.388,281.7639,2:43:10:264739,3170
471.5851,281.6765,2:43:10:268741,3175
474.5856,281.589,2:43:10:272741,3213
477.3647,281.4724,2:43:10:276737,3271
479.8487,281.3849,2:43:10:280738,3333
482.0621,281.2975,2:43:10:284919,3431
484.1034,281.2101,2:43:10:288935,3503
485.8741,281.1226,2:43:10:291937,3573
487.4481,281.006,2:43:10:297196,3646
488.7516,280.9185,2:43:10:300216,3700
489.8583,280.8019,2:43:10:304224,3747
490.6945,280.7437,2:43:10:308214,3784
491.3831,280.6562,2:43:10:312211,3824
491.8996,280.627,2:43:10:316212,3867
492.2931,280.5979,2:43:10:320854,3923
492.539,280.5688,2:43:10:324868,3971
492.6866,280.5104,2:43:10:327869,4009
492.6866,280.5104,2:43:10:333110,4031
492.6866,280.5104,2:43:10:336132,4036
492.6866,280.5104,2:43:10:340133,4034
492.6866,280.5104,2:43:10:344134,4031
492.6866,280.5104,2:43:10:348129,4031
492.6866,280.5104,2:43:10:352133,4024
492.6866,280.5104,2:43:10:357294,4015
492.6866,280.5104,2:43:10:360314,3959
492.6866,280.5104,2:43:10:364339,3791
492.6866,280.5104,2:43:10:369096,3493
492.6866,280.5104,2:43:10:372120,3036
492.2439,280.5104,2:43:10:376115,2326
492.2439,280.5104,2:43:10:381114,1484
492.2439,280.5104,2:43:10:384118,780
491.9734,280.5104,2:43:10:388117,0
491.9734,280.5104,2:43:10:393109,0
491.7274,280.5104,2:43:10:398003,0
491.7274,280.5104,2:43:10:400165,0
491.5061,280.5104,2:43:10:404756,0
491.5061,280.5104,2:43:10:408771,0
491.5061,280.5104,2:43:10:412771,0
491.5061,280.5104,2:43:10:416826,0
492.1701,280.5104,2:43:10:420777,0
492.1701,279.84,2:43:10:424776,0
492.9817,279.84,2:43:10:428773,0
493.4736,279.2278,2:43:10:432772,0
493.9901,279.2278,2:43:10:436770,0
494.5557,278.5574,2:43:10:440805,0
494.5557,278.5574,2:43:10:444776,0
495.3427,277.8578,2:43:10:448777,0
495.3427,277.4497,2:43:10:453016,0
495.933,277.0125,2:43:10:456035,0
495.933,276.5461,2:43:10:461035,0
496.3019,276.1088,2:43:10:465037,0
496.6462,275.6424,2:43:10:468067,0
496.6462,275.6424,2:43:10:487507,0
