264.2107,358.2243,4:07:44:443897,0
264.2107,358.2243,4:07:44:446936,0
264.2107,358.2243,4:07:44:450917,0
264.2107,358.9531,4:07:44:454981,0
264.2107,358.9531,4:07:44:458958,0
264.2107,358.9531,4:07:44:463034,0
264.2107,358.9531,4:07:44:467500,0
264.2107,358.9531,4:07:44:471518,0
264.2107,359.5652,4:07:44:475521,0
264.2107,359.5652,4:07:44:479524,0
263.522,359.5652,4:07:44:483696,0
263.522,359.5652,4:07:44:487327,0
262.981,359.5652,4:07:44:491378,0
262.981,359.5652,4:07:44:495374,0
262.4645,359.5652,4:07:44:499345,0
262.4645,359.5652,4:07:44:503349,0
262.4645,359.5652,4:07:44:507545,0
262.071,359.5652,4:07:44:511075,0
262.071,360.1191,4:07:44:515747,0
262.071,360.1191,4:07:44:518874,0
262.071,360.1191,4:07:44:522839,0
262.071,360.1191,4:07:44:526834,0
262.071,360.1191,4:07:44:530765,0
262.071,360.498,4:07:44:535766,0
262.071,360.498,4:07:44:539544,0
262.071,360.498,4:07:44:543499,0
262.071,360.498,4:07:44:547405,0
262.071,360.7021,4:07:44:551407,0
262.071,360.7021,4:07:44:555413,0
262.071,360.7021,4:07:44:559405,0
262.071,360.9353,4:07:44:563524,0
262.071,360.9936,4:07:44:567439,0
262.071,361.1393,4:07:44:571455,0
262.071,361.256,4:07:44:575455,0
262.071,361.4017,4:07:44:579460,0
262.071,361.46,4:07:44:583891,0
262.071,361.5475,4:07:44:586852,0
262.071,361.6641,4:07:44:591827,0
262.071,361.7515,4:07:44:594834,0
262.071,361.8098,4:07:44:598828,0
262.071,361.8681,4:07:44:603830,0
262.071,361.8681,4:07:44:606885,0
262.071,361.8681,4:07:44:611839,0
262.4891,361.8681,4:07:44:614896,0
262.4891,361.8681,4:07:44:618948,0
262.4891,361.8681,4:07:44:622858,0
262.4891,361.8681,4:07:44:627856,0
262.4891,361.8681,4:07:44:631863,0
262.4891,361.8681,4:07:44:634961,0
262.4891,361.8681,4:07:44:638959,0
262.4891,361.8681,4:07:44:642882,0
261.8988,361.8681,4:07:44:646882,0
261.8988,361.8681,4:07:44:651473,0
261.8988,361.8681,4:07:44:655468,0
261.8988,361.8681,4:07:44:659490,0
261.4315,361.8681,4:07:44:663485,0
261.4315,361.8681,4:07:44:667488,0
261.4315,362.4219,4:07:44:671485,0
261.4315,362.4219,4:07:44:675431,0
261.0872,362.4219,4:07:44:679514,0
261.0872,362.4219,4:07:44:683319,0
261.0872,362.4219,4:07:44:687237,0
261.0872,362.4219,4:07:44:691476,0
260.8659,362.4219,4:07:44:695476,0
260.8659,362.4219,4:07:44:699476,0
260.8659,362.4219,4:07:44:703476,0
260.743,362.4219,4:07:44:707537,0
260.743,362.4219,4:07:44:711544,0
260.743,362.4219,4:07:44:715543,0
260.743,362.4219,4:07:44:719449,0
260.743,362.4219,4:07:44:723312,0
260.743,362.4219,4:07:44:728334,0
260.743,362.4219,4:07:44:731334,0
260.743,361.9264,4:07:44:735335,0
260.743,361.9264,4:07:44:739355,0
260.743,361.9264,4:07:44:743465,0
260.743,361.9264,4:07:44:747543,0
260.743,361.9264,4:07:44:750735,0
260.743,361.9264,4:07:44:754783,0
260.743,361.9264,4:07:44:758713,0
260.743,361.9264,4:07:44:762738,0
260.743,361.9264,4:07:44:767692,0
260.743,361.9264,4:07:44:770725,0
260.743,361.9264,4:07:44:774851,0
260.743,361.9264,4:07:44:778742,0
260.743,361.9264,4:07:44:782873,0
260.743,361.9264,4:07:44:787537,0
260.743,362.5094,4:07:44:791326,0
260.743,362.5094,4:07:44:795350,0
261.2102,362.5094,4:07:44:799371,0
261.2102,362.5094,4:07:44:803346,0
261.2102,362.5094,4:07:44:807440,0
261.2102,362.8592,4:07:44:811870,0
261.2102,362.8592,4:07:44:814906,0
261.2102,362.8592,4:07:44:818896,0
261.2102,363.0633,4:07:44:822889,0
261.2102,363.0633,4:07:44:826896,0
261.2102,363.2964,4:07:44:831532,0
261.2102,363.4131,4:07:44:834837,0
261.2102,363.5297,4:07:44:839115,0
260.7921,363.6754,4:07:44:843063,0
260.7921,363.8503,4:07:44:847076,0
260.7921,364.0252,4:07:44:851064,0
260.7921,364.1418,4:07:44:855472,0
260.7921,364.375,4:07:44:859430,0
260.7921,364.579,4:07:44:863447,0
260.7921,364.7831,4:07:44:867447,0
260.7921,364.958,4:07:44:871451,0
260.7921,365.1038,4:07:44:875447,0
260.7921,365.2495,4:07:44:879928,0
260.7921,365.3661,4:07:44:883464,0
260.7921,365.4536,4:07:44:887465,0
260.7921,365.5118,4:07:44:891469,0
260.7921,365.5118,4:07:44:895461,0
260.7921,365.5702,4:07:44:899395,0
261.2102,365.5702,4:07:44:903529,0
261.2102,365.5993,4:07:44:907550,0
261.2102,365.6284,4:07:44:911550,0
261.2102,365.7159,4:07:44:914565,0
261.2102,365.7742,4:07:44:919364,0
261.2102,365.8908,4:07:44:923422,0
261.2102,365.9491,4:07:44:927546,0
261.2102,366.0074,4:07:44:931349,0
261.2102,366.124,4:07:44:934708,0
261.2102,366.1531,4:07:44:939708,0
261.2102,366.2115,4:07:44:942718,0
261.2102,366.2115,4:07:44:946781,0
261.2102,366.2115,4:07:44:951448,0
261.2102,366.2115,4:07:44:955544,0
261.2102,366.2115,4:07:44:959395,0
261.2102,366.2115,4:07:44:963348,0
261.2102,366.2115,4:07:44:967368,0
261.2102,366.2115,4:07:44:971372,0
261.6529,366.2115,4:07:44:975368,0
261.6529,366.2115,4:07:44:979452,0
261.6529,366.2115,4:07:44:983387,0
261.6529,366.2115,4:07:44:987503,0
261.6529,366.2115,4:07:44:991524,0
261.6529,366.2115,4:07:44:995520,0
261.8988,366.2115,4:07:44:999523,0
261.8988,366.2115,4:07:45:003523,0
261.8988,366.2115,4:07:45:007426,0
261.8988,366.2115,4:07:45:011513,0
261.8988,366.2115,4:07:45:015535,0
261.8988,366.2115,4:07:45:019535,0
261.8988,366.2115,4:07:45:023532,0
261.8988,366.2115,4:07:45:027535,0
261.8988,366.2115,4:07:45:031450,0
261.8988,366.2115,4:07:45:035451,0
261.8988,366.2115,4:07:45:039400,0
261.8988,366.2115,4:07:45:043442,0
261.8988,366.2115,4:07:45:047429,0
261.8988,366.6779,4:07:45:051468,0
261.8988,366.6779,4:07:45:055450,0
261.8988,366.6779,4:07:45:059445,0
261.8988,366.6779,4:07:45:063721,0
261.8988,366.6779,4:07:45:067741,0
261.8988,366.6779,4:07:45:071744,0
261.8988,366.6779,4:07:45:074738,0
261.8988,366.6779,4:07:45:078765,0
262.3907,366.6779,4:07:45:083544,0
262.3907,366.6779,4:07:45:087925,0
262.3907,366.6779,4:07:45:091944,0
262.3907,366.6779,4:07:45:095473,0
262.3907,366.6779,4:07:45:099467,0
262.3907,366.6779,4:07:45:103472,0
262.3907,366.6779,4:07:45:107473,0
262.3907,366.6779,4:07:45:111862,0
262.3907,366.6779,4:07:45:115874,0
262.3907,366.6779,4:07:45:119878,0
262.3907,366.6779,4:07:45:122875,0
262.3907,367.2317,4:07:45:126871,0
262.3907,367.2317,4:07:45:131435,0
262.3907,367.2317,4:07:45:135451,0
262.3907,367.2317,4:07:45:139455,0
262.3907,367.2317,4:07:45:143454,0
262.3907,367.2317,4:07:45:147450,0
262.3907,367.2317,4:07:45:151511,0
262.3907,367.2317,4:07:45:155520,0
262.3907,367.2317,4:07:45:158520,0
262.3907,367.2317,4:07:45:162562,0
262.3907,367.2317,4:07:45:166520,0
262.3907,367.2317,4:07:45:171225,0
262.3907,367.2317,4:07:45:175296,0
262.3907,367.2317,4:07:45:179870,0
262.3907,367.2317,4:07:45:184008,0
262.3907,367.2317,4:07:45:187070,0
262.3907,367.2317,4:07:45:191037,0
262.3907,367.2317,4:07:45:196019,0
262.3907,367.8438,4:07:45:199018,0
262.3907,367.8438,4:07:45:203094,0
262.3907,367.8438,4:07:45:207778,0
261.8742,368.3394,4:07:45:210824,0
261.8742,368.3394,4:07:45:214803,0
261.3086,368.3394,4:07:45:218840,0
261.3086,368.8641,4:07:45:222808,0
260.6446,368.8641,4:07:45:227212,0
260.3003,368.8641,4:07:45:231540,0
260.0297,369.1848,4:07:45:235561,0
259.71,369.1848,4:07:45:239561,0
259.4641,369.1848,4:07:45:242558,0
259.2181,369.1848,4:07:45:247560,0
259.0214,369.1848,4:07:45:251850,0
258.8738,368.1936,4:07:45:255393,0
258.7509,368.1936,4:07:45:259415,1713
258.6525,367.1443,4:07:45:263380,1720
258.5787,366.5612,4:07:45:267376,1759
258.5787,365.9491,4:07:45:271296,1831
258.5787,365.3078,4:07:45:275406,1935
258.5787,364.5499,4:07:45:279046,2055
259.2181,363.7337,4:07:45:283038,2178
259.2181,363.0633,4:07:45:287033,2296
260.1035,362.3054,4:07:45:291051,2387
260.7675,361.5183,4:07:45:295758,2457
261.5545,360.7896,4:07:45:298777,2494
262.3907,360.0899,4:07:45:303778,2505
263.3745,359.4778,4:07:45:306825,2513
264.432,359.0114,4:07:45:310795,2518
265.5141,358.7199,4:07:45:315443,2517
266.67,358.5158,4:07:45:319035,2517
267.9243,358.4867,4:07:45:322949,2513
269.2032,358.4867,4:07:45:326955,2510
270.4821,358.4867,4:07:45:330942,2509
271.6626,359.4486,4:07:45:335512,2510
272.7693,359.4486,4:07:45:339529,2508
273.7284,360.8187,4:07:45:343528,2508
274.5646,361.6932,4:07:45:347529,2514
275.2041,362.626,4:07:45:351686,2515
275.573,363.7046,4:07:45:354751,2523
275.6468,364.8997,4:07:45:358676,2523
275.6468,366.1531,4:07:45:362682,2523
275.6468,367.5232,4:07:45:367676,2530
274.3187,368.9515,4:07:45:371682,2530
273.3841,370.4673,4:07:45:375143,2538
272.3266,371.954,4:07:45:379148,2542
271.0969,373.4698,4:07:45:383145,2535
269.8672,374.9273,4:07:45:387177,2541
268.6129,376.2682,4:07:45:391418,2540
267.4324,377.4342,4:07:45:394812,2539
266.3503,378.4253,4:07:45:398978,2544
265.5141,379.2123,4:07:45:402898,2538
264.8993,379.7953,4:07:45:406939,2530
264.432,380.2617,4:07:45:410897,2524
264.0877,380.5824,4:07:45:415811,2512
264.0877,380.8156,4:07:45:418892,2518
264.0877,380.9322,4:07:45:423858,2552
264.0877,380.9613,4:07:45:426830,2608
264.0877,380.9905,4:07:45:430849,2674
264.9239,380.9905,4:07:45:435399,2731
265.5387,380.9905,4:07:45:439535,2785
266.4241,380.9905,4:07:45:443553,2827
267.6046,380.9905,4:07:45:447554,2870
269.0556,380.9905,4:07:45:451554,2906
270.6788,380.9905,4:07:45:455549,2928
272.5479,380.9905,4:07:45:458555,2959
274.5646,380.9905,4:07:45:462554,2995
276.7043,380.9905,4:07:45:466691,3042
278.9423,380.9905,4:07:45:470707,3095
281.1066,380.9905,4:07:45:475248,3131
283.0741,381.9525,4:07:45:479358,3164
284.8202,381.9525,4:07:45:483551,3196
286.3204,383.0602,4:07:45:487572,3240
287.5009,383.7306,4:07:45:491569,3310
288.3863,384.4302,4:07:45:495567,3410
288.9028,385.1881,4:07:45:499572,3554
289.1241,386.0334,4:07:45:503535,3713
289.1241,386.8496,4:07:45:506554,3866
289.1241,387.7242,4:07:45:511643,3988
287.8698,388.657,4:07:45:514658,4070
286.8861,389.648,4:07:45:518645,4123
285.5826,390.61,4:07:45:522643,4148
284.0332,391.572,4:07:45:527545,4168
282.2625,392.5922,4:07:45:530835,4184
280.3195,393.5833,4:07:45:534977,4184
278.3029,394.5453,4:07:45:538826,4190
276.1878,395.4781,4:07:45:543817,4191
274.1957,396.2943,4:07:45:547505,4180
272.302,397.023,4:07:45:551426,4138
270.5804,397.606,4:07:45:554888,4034
269.0556,398.0724,4:07:45:558881,3854
267.703,398.4222,4:07:45:562881,3586
266.5717,398.568,4:07:45:566882,3271
265.6371,398.568,4:07:45:571508,2919
264.8993,398.568,4:07:45:575529,2526
264.2353,398.568,4:07:45:579528,2044
263.6942,397.8101,4:07:45:584524,1477
263.3253,397.8101,4:07:45:587756,891
263.1039,396.5274,4:07:45:591770,418
262.981,395.653,4:07:45:594788,127
262.981,394.7784,4:07:45:598773,0
262.981,393.7582,4:07:45:602773,0
263.5712,392.7379,4:07:45:607295,0
264.1369,391.6594,4:07:45:610744,0
264.8255,390.61,4:07:45:615725,0
265.5387,389.5898,4:07:45:619727,0
266.3503,388.6278,4:07:45:622732,0
267.2357,387.7824,4:07:45:627541,0
268.1211,386.9662,4:07:45:630887,0
269.0556,386.1792,4:07:45:635541,0
269.9164,385.5088,4:07:45:639486,0
270.8018,384.9258,4:07:45:643486,0
271.5888,384.3719,4:07:45:647485,0
272.3266,383.8763,4:07:45:651486,1189
273.0644,383.4391,4:07:45:655311,1196
273.8268,383.031,4:07:45:659341,1263
274.5646,382.652,4:07:45:663342,1383
275.3762,382.3022,4:07:45:667341,1555
276.2862,381.8941,4:07:45:671368,1752
277.2699,381.4861,4:07:45:675391,1913
278.3275,381.0779,4:07:45:679388,2028
279.5326,380.6115,4:07:45:683389,2105
280.9098,380.1451,4:07:45:687403,2156
282.3608,379.5913,4:07:45:691493,2186
283.8857,378.95,4:07:45:695395,2215
285.5334,378.2504,4:07:45:699089,2235
287.2304,377.4342,4:07:45:702942,2256
289.075,376.4723,4:07:45:706946,2270
290.9933,375.3646,4:07:45:710946,2286
292.9362,374.1403,4:07:45:715222,2298
294.8791,372.7411,4:07:45:719242,2299
296.8712,371.2835,4:07:45:723241,2321
298.9124,369.826,4:07:45:727237,2366
300.8553,368.3394,4:07:45:731240,2439
302.7245,366.8819,4:07:45:735260,2547
304.3723,365.5118,4:07:45:738774,2687
305.8725,364.2584,4:07:45:742771,2854
307.2251,363.1216,4:07:45:746771,3055
308.3073,362.1013,4:07:45:750772,3303
309.1926,361.2268,4:07:45:754537,3559
309.7583,360.3814,4:07:45:759278,3802
310.1518,359.5652,4:07:45:763295,4025
310.3731,358.8073,4:07:45:767299,4209
310.4223,358.166,4:07:45:771294,4368
310.4223,357.583,4:07:45:775708,4527
310.4223,357.1166,4:07:45:779728,4692
310.4223,356.7086,4:07:45:782727,4847
310.4223,356.4171,4:07:45:786727,4970
310.4223,356.1838,4:07:45:790872,5042
310.4223,356.1255,4:07:45:795539,5051
309.9059,356.1255,4:07:45:799296,5040
309.9059,356.1255,4:07:45:803375,5031
309.9059,356.9417,4:07:45:807319,5041
309.9059,357.6705,4:07:45:811372,5059
309.4878,358.6033,4:07:45:815320,5072
309.4878,359.7693,4:07:45:819705,5082
309.4878,361.2851,4:07:45:823036,5087
309.1188,363.1507,4:07:45:827063,5094
309.1188,365.2495,4:07:45:831046,5098
308.7991,367.5523,4:07:45:835070,5097
308.7991,369.9718,4:07:45:839374,5085
308.627,372.4787,4:07:45:842801,5057
308.627,375.0439,4:07:45:846938,4996
308.627,377.6382,4:07:45:850976,4889
308.627,380.0577,4:07:45:854937,4733
308.627,382.3897,4:07:45:859107,4516
308.627,384.5468,4:07:45:863448,4229
308.627,386.4998,4:07:45:867464,3871
308.627,388.278,4:07:45:871465,3428
309.1434,389.8521,4:07:45:875482,2909
309.1434,391.2513,4:07:45:879687,2260
309.1434,392.3882,4:07:45:882707,1453
309.8813,393.321,4:07:45:886742,788
309.8813,394.0497,4:07:45:890802,0
310.4715,394.5744,4:07:45:894707,0
310.4715,394.8659,4:07:45:899413,0
311.0863,394.9825,4:07:45:903305,0
311.3815,394.9825,4:07:45:907329,0
311.6274,394.9825,4:07:45:911621,0
311.8488,394.1663,4:07:45:915144,0
312.0209,394.1663,4:07:45:919269,0
312.1931,392.8837,4:07:45:922760,0
312.316,392.0384,4:07:45:926934,0
312.316,391.0181,4:07:45:930879,0
312.316,389.8813,4:07:45:934881,0
312.316,388.6278,4:07:45:938950,0
312.316,387.1703,4:07:45:943408,0
311.5536,385.6545,4:07:45:947540,0
311.5536,384.0221,4:07:45:951539,0
310.3731,382.3022,4:07:45:955012,0
309.4878,380.5241,4:07:45:959825,0
308.4302,378.6585,4:07:45:963822,0
307.2251,376.7346,4:07:45:966823,0
305.8725,374.8107,4:07:45:970833,0
304.3969,372.8868,4:07:45:975425,0
302.872,371.0795,4:07:45:979428,0
301.3226,369.3014,4:07:45:983418,0
299.724,367.5523,4:07:45:987433,0
298.15,365.92,4:07:45:992009,0
296.7236,364.4333,4:07:45:995028,0
295.3709,363.1216,4:07:45:999046,0
294.1658,361.9264,4:07:46:003037,0
293.0345,360.8187,4:07:46:007046,0
292.0754,359.7401,4:07:46:011789,1953
291.2638,358.7782,4:07:46:015813,1976
290.6244,357.9911,4:07:46:019809,2039
290.1325,357.2624,4:07:46:022806,2113
289.8373,356.5919,4:07:46:029267,2199
289.7635,355.9215,4:07:46:031269,2262
289.7635,355.3094,4:07:46:035266,2297
289.7635,354.6972,4:07:46:039272,2325
291.0424,354.2017,4:07:46:043280,2340
292.1,353.6478,4:07:46:047323,2355
293.4772,353.0939,4:07:46:051449,2365
295.3217,352.4818,4:07:46:055468,2369
297.6336,351.8697,4:07:46:059468,2375
300.4373,351.2575,4:07:46:062515,2379
303.6344,350.587,4:07:46:066488,2384
307.2251,349.9457,4:07:46:071389,2388
311.0617,349.2753,4:07:46:075521,2392
315.1935,348.6049,4:07:46:079514,2392
319.399,347.9344,4:07:46:083518,2391
323.6537,347.2931,4:07:46:087519,2389
327.8101,346.6809,4:07:46:091834,2387
331.7697,346.1563,4:07:46:094853,2387
335.4096,345.6898,4:07:46:098852,2385
338.8035,345.3109,4:07:46:102853,2379
341.8285,344.9611,4:07:46:106851,2379
344.4109,344.757,4:07:46:111283,2380
346.6735,344.553,4:07:46:115296,2379
348.3951,344.4655,4:07:46:119302,2384
349.6985,344.3781,4:07:46:123302,2387
350.6331,344.3489,4:07:46:127593,2411
351.2479,344.3198,4:07:46:130611,2464
351.666,344.3198,4:07:46:134612,2545
351.8628,344.3198,4:07:46:138608,2641
351.9366,344.3198,4:07:46:142611,2727
351.9366,344.3198,4:07:46:147282,2806
351.9366,344.3198,4:07:46:151310,2905
351.9366,344.3198,4:07:46:155334,3028
351.9366,345.0486,4:07:46:159358,3168
351.9366,345.0486,4:07:46:163351,3296
351.9366,346.0105,4:07:46:167414,3386
351.9366,346.7101,4:07:46:171621,3441
351.9366,347.5555,4:07:46:175821,3482
351.9366,348.6049,4:07:46:178820,3510
351.9366,349.7126,4:07:46:182819,3536
351.9366,350.9077,4:07:46:187822,3552
352.4776,352.1903,4:07:46:191833,3556
352.4776,353.5603,4:07:46:195956,3566
353.0925,355.0179,4:07:46:199007,3565
353.0925,356.5628,4:07:46:202976,3568
353.9041,358.2535,4:07:46:207973,3576
354.3221,359.9734,4:07:46:210993,3582
354.7157,361.8972,4:07:46:215543,3594
355.1092,363.9669,4:07:46:219484,3603
355.4781,366.1823,4:07:46:223501,3604
355.847,368.5435,4:07:46:227500,3613
356.1913,371.0212,4:07:46:231500,3611
356.511,373.4406,4:07:46:235501,3619
356.7815,375.8601,4:07:46:239427,3625
357.0767,378.2504,4:07:46:243432,3619
357.298,380.4658,4:07:46:247431,3619
357.5439,382.5063,4:07:46:251430,3603
357.7161,384.2845,4:07:46:255425,3555
357.8391,385.7711,4:07:46:259724,3477
357.9374,387.0537,4:07:46:263744,3384
358.0112,388.0739,4:07:46:266795,3286
358.0112,388.8901,4:07:46:271741,3224
358.0112,389.4731,4:07:46:274817,3197
358.0112,389.9104,4:07:46:280878,3189
358.0112,390.1436,4:07:46:283104,3196
357.3472,390.2602,4:07:46:287110,3205
357.3472,390.2602,4:07:46:291104,3215
356.511,390.2602,4:07:46:295121,3234
355.9453,390.2602,4:07:46:299626,3272
355.2813,389.3274,4:07:46:303154,3329
354.5681,389.3274,4:07:46:307210,3405
353.8303,388.1031,4:07:46:311156,3500
353.0187,387.316,4:07:46:315223,3598
352.2071,386.4707,4:07:46:319179,3701
351.4201,385.5379,4:07:46:323312,3817
350.7069,384.5468,4:07:46:327309,3935
350.0428,383.5848,4:07:46:331371,4049
349.4772,382.5938,4:07:46:335309,4144
349.0099,381.6318,4:07:46:339380,4211
348.641,380.699,4:07:46:343384,4253
348.4196,379.7953,4:07:46:347382,4274
348.2967,379.0083,4:07:46:351390,4286
348.2967,378.1921,4:07:46:355075,4284
348.2967,377.4342,4:07:46:359062,4285
348.9115,376.7054,4:07:46:362934,4280
349.5018,375.9475,4:07:46:366915,4271
350.3625,375.1896,4:07:46:370913,4255
351.3709,374.4318,4:07:46:375293,4213
352.6744,373.6155,4:07:46:379327,4149
354.1254,372.7411,4:07:46:383351,4051
355.7486,371.8083,4:07:46:387353,3932
357.5439,370.8171,4:07:46:391365,3810
359.4622,369.7678,4:07:46:395577,3688
361.5035,368.6892,4:07:46:399599,3585
363.594,367.6398,4:07:46:403596,3510
365.6845,366.4446,4:07:46:407594,3457
367.6766,365.3078,4:07:46:410593,3431
369.6195,364.1126,4:07:46:415220,3425
371.464,362.9175,4:07:46:419242,3425
373.161,361.7806,4:07:46:423240,3426
374.6612,360.6438,4:07:46:427343,3431
375.8909,359.4486,4:07:46:431466,3450
376.8992,358.3118,4:07:46:435247,3529
377.6862,357.2332,4:07:46:438831,3657
378.3011,356.1547,4:07:46:443830,3823
378.7437,355.1053,4:07:46:446832,4028
379.0143,354.1433,4:07:46:451830,4215
379.1864,353.2397,4:07:46:454991,4393
379.1864,352.4235,4:07:46:459574,4575
379.1864,351.6656,4:07:46:463569,4764
379.1864,351.0534,4:07:46:467569,4968
379.1864,350.5287,4:07:46:471578,5163
379.1864,350.1206,4:07:46:475530,5317
379.1864,349.8583,4:07:46:478728,5402
378.5962,349.6834,4:07:46:482810,5427
378.5962,349.5959,4:07:46:486749,5418
378.5962,349.5959,4:07:46:490729,5407
378.5962,349.5959,4:07:46:496271,5400
378.1289,350.6454,4:07:46:499860,5406
378.1289,351.4033,4:07:46:502859,5417
377.7108,352.3652,4:07:46:506923,5428
377.7108,353.5603,4:07:46:510859,5436
377.4403,354.9595,4:07:46:515443,5430
377.4403,356.5919,4:07:46:519466,5432
377.2435,358.3409,4:07:46:523463,5412
377.2435,360.1483,4:07:46:526461,5350
377.2435,362.1013,4:07:46:530463,5224
377.2435,364.2292,4:07:46:535221,5026
377.2435,366.4155,4:07:46:538623,4794
377.2435,368.7766,4:07:46:542621,4555
377.7846,371.2253,4:07:46:548621,4334
377.7846,373.6739,4:07:46:550620,4102
377.7846,376.0933,4:07:46:554619,3787
378.2027,378.6293,4:07:46:559211,3394
378.2027,380.9905,4:07:46:563447,2910
378.2027,383.2642,4:07:46:567468,2256
378.7191,385.363,4:07:46:570464,1458
378.7191,387.1995,4:07:46:575464,796
378.7191,388.9193,4:07:46:579464,0
378.9897,390.4642,4:07:46:583622,0
378.9897,391.8343,4:07:46:587642,0
378.9897,393.0003,4:07:46:591648,0
378.3748,393.904,4:07:46:595637,0
378.3748,394.691,4:07:46:598719,0
377.1206,395.3323,4:07:46:602743,0
376.186,395.7987,4:07:46:607152,0
375.0793,396.0902,4:07:46:611186,0
373.6774,396.2068,4:07:46:615144,0
372.0297,396.236,4:07:46:620135,0
370.1605,396.236,4:07:46:623393,0
367.9471,396.236,4:07:46:627407,0
365.5123,396.236,4:07:46:631426,0
362.807,395.2157,4:07:46:635414,0
359.9049,395.2157,4:07:46:639416,0
356.8799,394.1663,4:07:46:643335,0
353.7811,393.5541,4:07:46:647358,0
350.7315,392.8254,4:07:46:651358,0
347.6081,392.0675,4:07:46:655357,0
344.706,391.2513,4:07:46:659839,0
341.8285,390.3477,4:07:46:662858,0
339.2216,389.3857,4:07:46:666858,0
336.9098,388.3654,4:07:46:670876,0
334.7701,387.2578,4:07:46:674858,0
332.8272,386.0626,4:07:46:679541,0
331.1302,384.8091,4:07:46:683409,0
329.7776,383.4683,4:07:46:687537,0
328.5725,382.0982,4:07:46:691143,0
327.6871,380.699,4:07:46:695106,0
326.9493,379.2998,4:07:46:699119,0
326.3099,377.8715,4:07:46:703089,0
325.8918,376.5014,4:07:46:707876,0
325.6212,375.1896,4:07:46:711882,0
325.4491,373.9654,4:07:46:715275,0
325.3261,372.7993,4:07:46:719081,0
325.3015,371.6625,4:07:46:722995,0
325.3015,370.6131,4:07:46:726996,0
325.3015,369.622,4:07:46:731003,0
325.3015,368.66,4:07:46:735257,0
325.3015,367.9022,4:07:46:739790,0
325.3015,367.1151,4:07:46:742808,0
325.8918,366.4155,4:07:46:746808,0
325.8918,365.7742,4:07:46:750827,0
325.8918,365.162,4:07:46:754809,0
326.3591,364.5499,4:07:46:760046,2324
326.3591,364.1126,4:07:46:763298,2352
326.3591,363.792,4:07:46:767004,2406
326.3591,363.4422,4:07:46:770985,2489
326.6788,363.1798,4:07:46:775917,2597
326.6788,362.9758,4:07:46:778908,2688
326.6788,362.8592,4:07:46:783294,2772
326.6788,362.8592,4:07:46:787451,2903
326.6788,362.8592,4:07:46:791487,3050
326.9247,362.8592,4:07:46:795510,3228
327.1215,363.9377,4:07:46:799508,3396
327.2936,364.5499,4:07:46:803507,3491
327.5396,365.4827,4:07:46:807936,3554
327.8347,366.6195,4:07:46:810973,3580
328.1544,367.9896,4:07:46:814973,3599
328.4495,369.5054,4:07:46:819102,3617
328.7447,371.1378,4:07:46:822959,3630
328.9906,372.916,4:07:46:827446,3645
329.2119,374.8107,4:07:46:831226,3656
329.3841,376.7346,4:07:46:835305,3667
329.4825,378.5419,4:07:46:839226,3672
329.5808,380.32,4:07:46:843228,3667
329.6054,381.9525,4:07:46:847433,3663
329.6546,383.5557,4:07:46:851385,3647
329.6546,384.984,4:07:46:855467,3623
329.6546,386.2375,4:07:46:859465,3572
329.6546,387.316,4:07:46:863463,3504
329.6546,388.2488,4:07:46:867468,3420
329.6546,389.0359,4:07:46:871414,3326
329.6546,389.5898,4:07:46:874740,3261
329.6546,390.027,4:07:46:878722,3212
329.2119,390.3185,4:07:46:882722,3195
329.2119,390.4351,4:07:46:886738,3191
329.2119,390.4351,4:07:46:891470,3191
329.2119,390.4351,4:07:46:895536,3189
329.2119,389.7064,4:07:46:899317,3186
329.2119,389.7064,4:07:46:902854,3186
329.2119,388.278,4:07:46:906819,3184
329.2119,387.1995,4:07:46:910916,3184
329.2119,385.8877,4:07:46:914792,3181
329.2119,384.3136,4:07:46:919880,3177
329.2119,382.4771,4:07:46:923161,3179
329.2119,380.32,4:07:46:927165,3182
329.2119,377.8715,4:07:46:931239,3194
328.6217,375.248,4:07:46:935162,3220
328.0806,372.4496,4:07:46:939432,3238
327.4658,369.4471,4:07:46:942707,3253
326.728,366.2697,4:07:46:946667,3252
325.9901,362.8883,4:07:46:950677,3234
325.2032,359.3612,4:07:46:955658,3215
324.367,355.6591,4:07:46:959443,3192
323.5554,351.7531,4:07:46:963976,3171
322.7192,347.5263,4:07:46:967038,3168
321.9568,343.2704,4:07:46:971995,3160
321.2682,339.0436,4:07:46:974995,3154
320.7517,334.9626,4:07:46:978995,3155
320.3582,331.2023,4:07:46:983126,3139
320.186,327.6751,4:07:46:987136,3132
320.186,324.5852,4:07:46:991061,3131
320.186,321.8743,4:07:46:996040,3127
320.186,319.688,4:07:46:999514,3125
321.4403,317.7642,4:07:47:003529,3122
322.3257,316.0151,4:07:47:007529,3119
323.457,314.4702,4:07:47:011529,3113
324.8343,313.0127,4:07:47:015529,3111
326.3837,311.7301,4:07:47:019753,3111
328.2774,310.6224,4:07:47:022770,3107
330.3924,309.6605,4:07:47:026776,3105
332.7289,308.8734,4:07:47:031778,3106
335.262,308.3195,4:07:47:034770,3103
337.9427,307.9989,4:07:47:038714,3108
340.7218,307.8823,4:07:47:042959,3114
343.4517,307.8823,4:07:47:046958,3112
346.0833,307.8823,4:07:47:050955,3110
348.4442,309.1649,4:07:47:054960,3105
350.5347,310.0977,4:07:47:059535,3096
352.3792,311.2346,4:07:47:063556,3092
353.9532,312.5463,4:07:47:067555,3094
355.183,314.0621,4:07:47:070554,3093
356.1667,315.6945,4:07:47:075556,3088
356.9045,317.5018,4:07:47:079535,3047
357.4948,319.3965,4:07:47:083557,2948
357.9128,321.3496,4:07:47:087556,2785
358.1342,323.4775,4:07:47:091558,2525
358.1834,325.693,4:07:47:095809,2146
358.1834,327.9666,4:07:47:098828,1621
358.1834,330.2986,4:07:47:102827,1012
358.1834,332.6306,4:07:47:106903,506
357.5685,334.9044,4:07:47:110892,0
357.5685,337.0615,4:07:47:115222,0
357.5685,339.1311,4:07:47:119277,0
357.5685,340.9967,4:07:47:123273,0
357.5685,342.6874,4:07:47:127273,0
357.5685,344.1449,4:07:47:131281,0
358.2572,345.4858,4:07:47:135537,0
359.118,346.6518,4:07:47:139344,0
360.2738,347.6429,4:07:47:142994,0
361.8232,348.5174,4:07:47:146935,0
363.6678,349.3336,4:07:47:150917,0
365.7828,350.0041,4:07:47:155078,0
368.193,350.587,4:07:47:159447,0
370.8983,351.1118,4:07:47:163044,0
373.8496,351.6073,4:07:47:167658,0
377.096,352.0154,4:07:47:171678,0
380.5883,352.3361,4:07:47:175674,0
384.2773,352.6275,4:07:47:178754,0
388.114,352.8899,4:07:47:182677,0
392.049,353.0939,4:07:47:187536,0
395.9348,353.1814,4:07:47:190937,0
399.7468,353.2689,4:07:47:195034,0
403.3375,353.298,4:07:47:198956,0
406.7068,353.298,4:07:47:202975,0
409.7565,353.298,4:07:47:207683,0
412.388,353.298,4:07:47:210701,0
414.6998,353.298,4:07:47:214791,0
416.6919,353.298,4:07:47:218719,0
418.4872,353.298,4:07:47:222707,0
420.0612,352.715,4:07:47:227525,0
421.3401,352.715,4:07:47:231441,0
422.3731,352.715,4:07:47:235438,0
423.1109,352.2195,4:07:47:239142,0
423.529,352.2195,4:07:47:243406,0
423.5782,352.2195,4:07:47:247441,0
423.5782,351.7531,4:07:47:251422,0
422.5944,351.7531,4:07:47:255442,0
421.6844,351.4615,4:07:47:259708,0
420.7007,351.4615,4:07:47:263186,0
419.594,351.1118,4:07:47:267185,0
418.4872,351.1118,4:07:47:271186,0
417.4789,350.7911,4:07:47:275212,0
416.5689,350.5579,4:07:47:279531,0
415.7328,350.3539,4:07:47:283158,0
414.9211,350.1206,4:07:47:287173,0
414.0358,349.9457,4:07:47:291247,0
413.1258,349.7417,4:07:47:295154,0
412.1667,349.6251,4:07:47:299438,0
411.2075,349.5668,4:07:47:303455,0
410.1746,349.5668,4:07:47:307455,0
409.1416,349.5668,4:07:47:311456,0
408.0841,349.5668,4:07:47:315454,0
407.0757,349.5668,4:07:47:319803,0
406.1166,349.5668,4:07:47:323247,0
405.2312,350.179,4:07:47:327335,0
404.4196,350.179,4:07:47:331190,0
403.6326,350.179,4:07:47:335191,0
402.9194,350.8494,4:07:47:338617,0
402.2308,350.8494,4:07:47:343685,0
401.5667,351.4615,4:07:47:346765,0
400.9519,351.4615,4:07:47:350778,0
400.3371,352.1612,4:07:47:354770,0
399.5746,352.5692,4:07:47:358704,0
398.8615,353.0065,4:07:47:363803,0
398.1482,353.4438,4:07:47:367299,0
397.4596,353.9393,4:07:47:371803,0
396.8694,354.3474,4:07:47:375490,0
396.4021,354.7555,4:07:47:379511,0
395.984,355.1053,4:07:47:383509,0
395.6642,355.4259,4:07:47:387509,0
395.5413,355.6591,4:07:47:391509,0
395.4921,355.8923,4:07:47:396205,0
395.4921,356.0673,4:07:47:399227,0
395.4921,356.213,4:07:47:403234,0
395.4921,356.3004,4:07:47:407226,0
395.4921,356.3879,4:07:47:411370,0
395.4921,356.3879,4:07:47:415444,0
395.4921,356.3879,4:07:47:419230,0
395.984,356.3879,4:07:47:423442,0
395.984,356.3879,4:07:47:427433,0
396.525,355.6591,4:07:47:431460,0
396.525,355.6591,4:07:47:435432,0
397.2383,354.9304,4:07:47:439438,0
397.7055,354.9304,4:07:47:443408,0
398.1482,353.9684,4:07:47:447537,0
398.5909,353.3854,4:07:47:451553,0
398.9598,352.8607,4:07:47:455556,0
399.2303,352.3069,4:07:47:459558,0
399.4271,351.7239,4:07:47:463558,0
399.4271,351.1118,4:07:47:467887,2136
399.4271,350.5579,4:07:47:471415,2196
399.4271,350.0332,4:07:47:475418,2310
399.4271,349.5668,4:07:47:479418,2474
399.4271,349.1878,4:07:47:483429,2681
398.8615,348.8089,4:07:47:487641,2863
398.8615,348.5174,4:07:47:491095,3003
398.8615,348.3425,4:07:47:495086,3091
398.3204,348.255,4:07:47:499037,3131
398.3204,348.255,4:07:47:503049,3136
398.3204,348.255,4:07:47:507030,3132
398.3204,348.255,4:07:47:510574,3129
398.3204,349.1587,4:07:47:514600,3131
398.3204,349.1587,4:07:47:519577,3133
398.3204,350.5287,4:07:47:522573,3138
398.3204,351.3741,4:07:47:527644,3145
398.3204,352.3652,4:07:47:531525,3152
398.3204,353.4438,4:07:47:536058,3155
398.3204,354.5515,4:07:47:539063,3151
399.2057,355.63,4:07:47:543129,3139
399.796,356.7377,4:07:47:547058,3096
400.5092,357.7579,4:07:47:551814,3033
401.3946,358.6616,4:07:47:554829,2945
402.3538,359.4778,4:07:47:558830,2851
403.4851,360.1774,4:07:47:562829,2764
404.6902,360.8187,4:07:47:566851,2671
405.9444,361.2851,4:07:47:571285,2597
407.2971,361.5475,4:07:47:575291,2522
408.6743,361.5475,4:07:47:579297,2464
410.0516,361.5475,4:07:47:583295,2432
411.4288,361.5475,4:07:47:587367,2413
412.7323,360.8187,4:07:47:591441,2410
413.9866,360.8187,4:07:47:594781,2412
415.1425,359.4195,4:07:47:598879,2419
416.2,358.4867,4:07:47:603785,2445
417.1346,357.4956,4:07:47:606817,2510
417.9462,356.3296,4:07:47:610855,2606
418.6348,355.0761,4:07:47:615440,2737
419.1513,353.6769,4:07:47:619439,2887
419.5694,352.1903,4:07:47:623436,3048
419.8891,350.6745,4:07:47:627439,3227
420.0612,349.0713,4:07:47:631768,3425
420.135,347.4972,4:07:47:635440,3629
420.135,345.8939,4:07:47:639437,3827
420.135,344.4073,4:07:47:644025,4015
420.135,343.0955,4:07:47:647177,4197
419.471,341.9004,4:07:47:651266,4369
419.471,340.9676,4:07:47:655034,4518
418.9545,340.2388,4:07:47:659238,4628
418.9545,339.7433,4:07:47:663143,4683
418.5118,339.4518,4:07:47:667059,4699
418.5118,339.4518,4:07:47:671366,4686
418.5118,339.4518,4:07:47:675384,4677
418.0692,340.5012,4:07:47:679382,4670
418.0692,341.5214,4:07:47:683384,4670
418.0692,342.7748,4:07:47:687381,4681
417.7495,344.3198,4:07:47:691382,4686
417.7495,346.0688,4:07:47:695438,4695
417.7495,348.051,4:07:47:699441,4693
417.7495,350.1206,4:07:47:703442,4686
417.7495,352.1903,4:07:47:707441,4621
417.7495,354.3766,4:07:47:711434,4515
418.3151,356.5628,4:07:47:715544,4355
418.3151,358.7491,4:07:47:719544,4107
418.8562,360.9644,4:07:47:723544,3807
418.8562,363.2673,4:07:47:726602,3432
419.348,365.5993,4:07:47:731529,2985
419.348,367.9022,4:07:47:734616,2451
419.7661,370.1758,4:07:47:738554,1790
419.7661,372.2163,4:07:47:743544,1098
419.7661,374.1403,4:07:47:747857,534
419.7661,375.8893,4:07:47:751170,0
419.7661,377.4051,4:07:47:755169,0
419.7661,378.6002,4:07:47:759172,0
419.7661,379.4747,4:07:47:763281,0
418.9545,380.116,4:07:47:767344,0
418.9545,380.4658,4:07:47:771535,0
417.8478,380.6115,4:07:47:775191,0
417.1838,380.6115,4:07:47:779339,0
416.4214,380.6115,4:07:47:783372,0
415.6344,379.8536,4:07:47:787368,0
414.7244,379.8536,4:07:47:791365,0
413.7899,378.4253,4:07:47:795439,0
412.7323,377.4633,4:07:47:799925,0
411.6256,376.3557,4:07:47:803082,0
410.4697,375.0731,4:07:47:806945,0
409.2892,373.5573,4:07:47:810955,0
408.0349,371.954,4:07:47:814963,0
406.8052,370.2342,4:07:47:819601,0
405.5017,368.252,4:07:47:823616,0
404.1983,366.2115,4:07:47:827621,0
402.8948,363.9961,4:07:47:830683,0
401.5667,361.6932,4:07:47:834672,0
400.2633,359.3321,4:07:47:839510,0
399.009,357.0001,4:07:47:843510,0
397.8285,354.6389,4:07:47:847509,0
396.7464,352.3069,4:07:47:851509,0
395.7872,350.0332,4:07:47:855433,0
395.0248,347.847,4:07:47:859107,0
394.3362,345.8647,4:07:47:863145,2285
393.8689,344.0866,4:07:47:867183,2316
393.5492,342.5999,4:07:47:871127,2362
393.3279,341.3756,4:07:47:875270,2418
393.2295,340.3846,4:07:47:878795,2477
393.2295,339.6558,4:07:47:883738,2512
393.2295,339.1894,4:07:47:886755,2590
393.2295,339.0436,4:07:47:890737,2694
393.9181,339.0436,4:07:47:895857,2809
394.5575,339.0436,4:07:47:898886,2927
395.3199,340.0348,4:07:47:902950,2991
396.3283,340.7052,4:07:47:906876,3028
397.4842,341.6089,4:07:47:911084,3051
398.7877,342.6291,4:07:47:915535,3061
400.2633,343.8242,4:07:47:919429,3066
401.7635,345.0486,4:07:47:922881,3064
403.2391,346.3894,4:07:47:926918,3059
404.6656,347.6721,4:07:47:930918,3013
406.0428,348.9838,4:07:47:935007,2878
407.3217,350.179,4:07:47:939823,2633
408.5514,351.3741,4:07:47:942933,2218
409.6581,352.4818,4:07:47:946860,1616
410.691,353.4438,4:07:47:950842,987
411.5764,354.2891,4:07:47:954937,467
412.3634,355.0761,4:07:47:959537,0
412.9782,355.7466,4:07:47:963557,0
413.5193,356.2713,4:07:47:967556,0
413.8882,356.6794,4:07:47:971552,0
414.2079,356.9417,4:07:47:975557,0
414.4047,357.0001,4:07:47:979445,0
414.4785,357.0001,4:07:47:983462,0
414.5768,357.0001,4:07:47:987467,0
414.5768,357.0001,4:07:47:991467,0
414.5768,355.8923,4:07:47:995463,0
414.5768,355.1053,4:07:47:999460,0
414.5768,354.0851,4:07:48:003533,0
414.5768,352.8607,4:07:48:007100,0
414.5768,351.3741,4:07:48:011117,0
414.5768,349.7126,4:07:48:015099,0
413.9128,347.7886,4:07:48:019139,0
413.9128,345.6898,4:07:48:023500,0
413.0028,343.3578,4:07:48:027244,0
412.3142,340.7926,4:07:48:031334,0
411.4534,337.9651,4:07:48:035330,0
410.4451,335.0209,4:07:48:039340,0
409.3138,332.0185,4:07:48:043344,0
408.1087,328.9869,4:07:48:046980,0
406.8052,325.9553,4:07:48:051893,0
405.3788,323.0111,4:07:48:054924,0
403.9523,320.2711,4:07:48:059893,0
402.5505,317.7642,4:07:48:063441,0
401.1732,315.4904,4:07:48:067962,0
399.8698,313.5082,4:07:48:072049,0
398.5417,311.701,4:07:48:076060,0
397.3612,309.9811,4:07:48:079060,0
396.3283,308.2904,4:07:48:083057,0
395.4921,306.658,4:07:48:089058,2009
394.8281,305.0547,4:07:48:091463,2060
394.3116,303.5973,4:07:48:095463,2127
393.9181,302.1397,4:07:48:099463,2209
393.6721,300.7405,4:07:48:103463,2329
393.6476,299.3705,4:07:48:107430,2438
393.6476,298.2045,4:07:48:111344,2564
393.6476,297.3008,4:07:48:115347,2699
394.5821,296.5721,4:07:48:119346,2805
395.2953,296.0765,4:07:48:123347,2878
396.2299,295.8142,4:07:48:127361,2931
397.4596,295.8142,4:07:48:131379,2974
398.8615,295.8142,4:07:48:135392,3008
400.46,296.8053,4:07:48:139381,3034
402.1816,297.7964,4:07:48:143387,3051
403.9769,299.079,4:07:48:147524,3056
405.8215,300.6531,4:07:48:151543,3061
407.6414,302.4604,4:07:48:155544,3069
409.3876,304.4717,4:07:48:159544,3071
411.0107,306.6288,4:07:48:163544,3030
412.5356,308.8442,4:07:48:167094,2929
413.9866,311.1471,4:07:48:171626,2713
415.3147,313.4208,4:07:48:174649,2374
416.5443,315.8111,4:07:48:179625,1907
417.6265,318.1722,4:07:48:183628,1275
418.7332,320.5042,4:07:48:187533,720
419.7169,322.982,4:07:48:191443,293
420.6515,325.5764,4:07:48:195444,0
421.6107,328.1999,4:07:48:199442,0
422.5698,330.8233,4:07:48:203444,0
423.6028,333.4468,4:07:48:207431,0
424.7341,336.0121,4:07:48:211255,0
426.0129,338.4898,4:07:48:215304,0
427.4148,340.9676,4:07:48:219322,0
428.9642,343.183,4:07:48:223271,0
430.6612,345.1943,4:07:48:227360,0
432.5549,347.0016,4:07:48:231512,0
434.5224,348.634,4:07:48:235815,0
436.5883,350.1206,4:07:48:238844,0
438.6787,351.4033,4:07:48:242898,0
440.843,352.5692,4:07:48:247831,0
442.958,353.5312,4:07:48:250919,0
445.1223,354.3474,4:07:48:255013,0
447.3111,354.9595,4:07:48:259438,0
449.3278,355.4843,4:07:48:263664,0
451.2461,355.8632,4:07:48:266684,0
452.9923,356.0673,4:07:48:270701,0
454.6155,356.1255,4:07:48:274684,0
456.1157,356.1255,4:07:48:278740,0
457.37,356.1255,4:07:48:283534,0
458.4521,356.1255,4:07:48:286683,0
459.2637,355.047,4:07:48:291024,0
459.9277,355.047,4:07:48:294886,0
460.4442,353.8518,4:07:48:298882,0
460.8623,353.1231,4:07:48:302902,0
461.1328,352.3361,4:07:48:307363,0
461.2558,351.4907,4:07:48:311063,0
461.3296,350.5579,4:07:48:314901,0
461.3296,349.6251,4:07:48:318965,0
461.3296,348.6631,4:07:48:322884,0
461.3296,347.6137,4:07:48:326902,0
461.3296,346.6518,4:07:48:331810,0
461.3296,345.5732,4:07:48:334829,0
460.6409,344.4073,4:07:48:339832,0
460.6409,343.2996,4:07:48:343828,2543
460.1736,342.2793,4:07:48:347026,2598
460.1736,341.3465,4:07:48:351751,2705
459.7802,340.5594,4:07:48:355076,2851
459.7802,339.9764,4:07:48:359248,3018
459.7802,339.4226,4:07:48:363093,3132
459.4359,339.0728,4:07:48:367093,3190
459.4359,338.9854,4:07:48:371095,3211
459.4359,338.9854,4:07:48:375289,3230
459.4359,338.9854,4:07:48:379396,3257
459.4359,340.093,4:07:48:383418,3294
459.4359,340.9384,4:07:48:387420,3336
460.1982,341.9295,4:07:48:391430,3358
460.1982,343.2412,4:07:48:395840,3370
460.9853,344.7862,4:07:48:398858,3382
461.5263,346.5352,4:07:48:402856,3387
462.0182,348.3716,4:07:48:406857,3392
462.5593,350.2956,4:07:48:410856,3400
463.0757,352.3069,4:07:48:415217,3399
463.6168,354.2599,4:07:48:419452,3400
464.1086,356.1838,4:07:48:423448,3399
464.6005,358.1078,4:07:48:427453,3387
465.0186,359.8859,4:07:48:431449,3352
465.3875,361.4891,4:07:48:435216,3292
465.7072,363.0049,4:07:48:438851,3217
465.9286,364.2875,4:07:48:442851,3123
466.1007,365.4827,4:07:48:446927,3032
466.2729,366.4446,4:07:48:451383,2941
466.3959,367.2317,4:07:48:454814,2850
466.4943,367.8147,4:07:48:459814,2784
466.5188,368.2228,4:07:48:463811,2744
466.6172,368.4851,4:07:48:466824,2719
466.691,368.5435,4:07:48:471536,2716
466.8878,368.5435,4:07:48:475575,2717
467.1091,368.5435,4:07:48:479179,2718
467.3304,367.5815,4:07:48:483612,2729
467.5518,367.5815,4:07:48:487605,2735
467.7731,366.2697,4:07:48:491606,2750
467.9453,365.3369,4:07:48:495608,2759
468.0437,364.2875,4:07:48:499498,2768
468.0437,363.1798,4:07:48:503155,2785
468.0437,362.043,4:07:48:507976,2806
468.0437,360.8478,4:07:48:510985,2833
466.9124,359.5652,4:07:48:514994,2857
466.1745,358.2243,4:07:48:519530,2887
465.24,357.0001,4:07:48:523545,2913
464.1086,355.8632,4:07:48:527545,2933
462.8298,354.7846,4:07:48:531547,2955
461.4279,353.8227,4:07:48:535551,2962
459.9769,353.0356,4:07:48:539381,2959
458.4767,352.4235,4:07:48:543380,2958
456.9519,352.0154,4:07:48:547379,2952
455.4025,351.8113,4:07:48:551383,2950
453.8531,351.7822,4:07:48:555036,2948
452.3774,351.7822,4:07:48:558612,2941
450.9264,351.7822,4:07:48:562616,2940
449.5738,353.0065,4:07:48:566614,2940
448.2703,353.7935,4:07:48:570618,2937
447.0898,354.6972,4:07:48:575614,2934
446.0569,355.7466,4:07:48:581627,2928
445.1715,356.9417,4:07:48:583627,2919
444.4828,358.2535,4:07:48:586627,2904
443.9664,359.6235,4:07:48:590625,2863
443.6221,360.9936,4:07:48:595639,2789
443.4253,362.4511,4:07:48:598677,2683
443.4007,363.9377,4:07:48:602679,2550
443.4007,365.3369,4:07:48:606675,2419
443.4007,366.6779,4:07:48:611679,2305
444.3107,367.9022,4:07:48:614680,2211
444.9009,368.8932,4:07:48:619504,2142
445.6879,369.622,4:07:48:622933,2095
446.6225,370.1758,4:07:48:626950,2057
447.6554,370.4382,4:07:48:631932,2034
448.8359,370.4382,4:07:48:635034,2017
450.0902,370.4382,4:07:48:639345,2010
451.3937,369.2722,4:07:48:643282,2014
452.8447,368.3686,4:07:48:647296,2026
454.3695,367.3192,4:07:48:651363,2086
455.9927,366.0657,4:07:48:655303,2185
457.6651,364.6956,4:07:48:659297,2326
459.4359,363.2673,4:07:48:663307,2490
461.2312,361.8098,4:07:48:667654,2655
463.1003,360.4106,4:07:48:671652,2817
465.0186,359.0406,4:07:48:674658,2979
466.8632,357.6705,4:07:48:678737,3151
468.6093,356.4462,4:07:48:683715,3315
470.3309,355.3676,4:07:48:686925,3462
471.9541,354.464,4:07:48:690929,3586
473.4789,353.6769,4:07:48:694924,3692
474.9299,353.0356,4:07:48:698937,3775
476.258,352.5984,4:07:48:703432,3850
477.5368,352.3361,4:07:48:707341,3921
478.7665,352.2777,4:07:48:711612,3980
479.9224,352.2777,4:07:48:715612,4031
481.0046,352.2777,4:07:48:719613,4071
481.9883,353.1814,4:07:48:722610,4098
482.9229,353.1814,4:07:48:727498,4117
483.7345,354.6097,4:07:48:730939,4129
484.4477,355.4843,4:07:48:734950,4141
485.1117,356.5337,4:07:48:738936,4146
485.6282,357.6414,4:07:48:742936,4150
486.0463,358.7782,4:07:48:747569,4156
486.2676,360.0899,4:07:48:750912,4164
486.3414,361.3726,4:07:48:754940,4165
486.3414,362.8592,4:07:48:758985,4164
486.3414,364.375,4:07:48:762893,4118
485.5298,365.92,4:07:48:767385,4028
484.8166,367.5232,4:07:48:771405,3885
483.9558,369.039,4:07:48:775452,3675
482.8491,370.5548,4:07:48:779006,3445
481.5948,371.9832,4:07:48:782990,3161
480.1684,373.4115,4:07:48:786987,2837
478.5698,374.6358,4:07:48:790983,2418
476.799,375.6852,4:07:48:795529,1812
474.8561,376.5597,4:07:48:798710,1142
472.7411,377.1718,4:07:48:803711,567
470.3555,377.6965,4:07:48:806710,0
467.8223,377.988,4:07:48:810710,0
465.0678,378.0755,4:07:48:814714,0
462.0428,378.0755,4:07:48:819395,0
458.7964,378.0755,4:07:48:823492,0
455.2795,376.9969,4:07:48:827493,0
451.5659,376.3265,4:07:48:831492,0
447.68,375.5395,4:07:48:835494,0
443.6467,374.6649,4:07:48:839530,0
439.5395,373.6739,4:07:48:843546,0
435.2848,372.6536,4:07:48:847549,0
430.9809,371.6042,4:07:48:851553,0
426.6524,370.5256,4:07:48:854609,0
422.3731,369.4471,4:07:48:859412,0
418.1675,368.3394,4:07:48:863432,0
414.0112,367.2317,4:07:48:867431,0
410.0024,365.9491,4:07:48:871459,0
406.1166,364.6665,4:07:48:875693,0
402.4767,363.2673,4:07:48:878712,0
399.0582,361.7806,4:07:48:882729,0
395.861,360.2649,4:07:48:886730,0
392.8606,358.6616,4:07:48:891711,0
390.0323,357.0875,4:07:48:895483,0
387.4008,355.4551,4:07:48:899439,0
384.9414,353.9684,4:07:48:903237,0
382.6787,352.511,4:07:48:907226,0
380.5145,351.1992,4:07:48:911228,0
378.5224,349.8875,4:07:48:915230,0
376.6533,348.7214,4:07:48:919437,0
374.9563,347.5555,4:07:48:923340,0
373.5299,346.5352,4:07:48:927531,0
372.2756,345.5732,4:07:48:931391,0
371.2672,344.6113,4:07:48:935531,0
370.3819,343.7076,4:07:48:939552,0
369.6932,342.8914,4:07:48:943555,0
369.0538,342.1335,4:07:48:947551,0
368.562,341.4631,4:07:48:951551,0
368.193,340.851,4:07:48:955381,0
367.7749,340.2971,4:07:48:959530,0
367.406,339.8015,4:07:48:963552,0
367.0617,339.306,4:07:48:967552,0
366.7174,338.8979,4:07:48:971552,0
366.4715,338.5772,4:07:48:975551,0
366.2747,338.2274,4:07:48:979530,0
366.1518,337.9651,4:07:48:983449,0
366.0534,337.7028,4:07:48:987489,0
366.0288,337.5279,4:07:48:991506,0
366.0288,337.4113,4:07:48:995509,0
366.0288,337.3529,4:07:48:999510,0
366.0288,337.3529,4:07:49:003732,0
366.0288,337.3529,4:07:49:007277,0
366.7912,337.3529,4:07:49:010722,0
366.7912,337.3529,4:07:49:014750,0
367.406,337.3529,4:07:49:019717,0
367.406,337.3529,4:07:49:022723,0
368.2914,338.0234,4:07:49:027527,0
368.8079,338.0234,4:07:49:031548,0
369.3489,338.0234,4:07:49:035549,0
369.9392,338.0234,4:07:49:039547,0
370.554,338.519,4:07:49:043546,0
371.2672,338.519,4:07:49:048580,0
372.0297,338.519,4:07:49:051524,0
372.8412,338.519,4:07:49:055521,0
373.5791,338.519,4:07:49:059524,0
374.4398,338.519,4:07:49:063524,0
375.3006,338.519,4:07:49:067519,0
376.186,338.519,4:07:49:070523,1165
377.1206,338.519,4:07:49:076595,1200
378.1781,338.519,4:07:49:078595,1270
379.3586,337.6153,4:07:49:082601,1379
380.7358,337.6153,4:07:49:087596,1528
382.4082,336.7116,4:07:49:090775,1682
384.3265,336.1287,4:07:49:094837,1839
386.6137,335.5457,4:07:49:098930,1997
389.4912,334.8169,4:07:49:102930,2139
392.8852,334.059,4:07:49:106935,2257
396.8202,333.2719,4:07:49:110935,2351
401.2962,332.4557,4:07:49:115689,2419
406.1658,331.6396,4:07:49:118877,2476
411.6994,330.8817,4:07:49:122870,2520
417.7986,330.1529,4:07:49:126875,2560
424.3406,329.5991,4:07:49:130892,2611
431.0547,329.0452,4:07:49:135518,2667
438.1623,328.6079,4:07:49:139336,2733
445.442,328.1999,4:07:49:143336,2787
452.7709,327.8792,4:07:49:147361,2822
460.1245,327.6751,4:07:49:151333,2842
466.9861,327.4711,4:07:49:155036,2847
473.4297,327.3253,4:07:49:159831,2853
479.3568,327.2379,4:07:49:162942,2853
484.6936,327.2379,4:07:49:166946,2847
489.1205,327.2379,4:07:49:171046,2847
492.5882,327.2379,4:07:49:174858,2846
495.2935,327.2379,4:07:49:179528,2865
497.2119,327.2379,4:07:49:183526,2929
498.6137,327.2379,4:07:49:187528,3061
499.4253,327.2379,4:07:49:191523,3239
499.7204,327.8792,4:07:49:195528,3404
499.7204,327.8792,4:07:49:199529,3532
499.7204,327.8792,4:07:49:203441,3589
498.5645,327.8792,4:07:49:207436,3600
497.7529,327.8792,4:07:49:211277,3606
496.7938,327.8792,4:07:49:215318,3609
495.7116,327.8792,4:07:49:219232,3609
494.6541,328.229,4:07:49:223229,3604
493.6703,328.229,4:07:49:227270,3600
492.7604,328.229,4:07:49:231481,3549
492.0226,328.5497,4:07:49:235501,3419
491.5061,328.7537,4:07:49:239498,3177
491.088,329.0452,4:07:49:243498,2771
491.088,329.5116,4:07:49:247503,2148
490.7929,329.9489,4:07:49:251468,1376
490.7929,330.5319,4:07:49:254942,721
490.7929,331.2606,4:07:49:259001,0
490.7929,332.0476,4:07:49:262939,0
490.7929,332.8639,4:07:49:266927,0
490.7929,333.6509,4:07:49:271531,0
490.7929,334.4671,4:07:49:275609,0
490.7929,335.1959,4:07:49:279201,0
490.7929,336.0121,4:07:49:283209,0
489.8091,336.7408,4:07:49:287143,0
489.3173,337.4113,4:07:49:291150,0
488.6532,338.1108,4:07:49:295436,0
487.7433,338.8396,4:07:49:298925,0
486.8087,339.5975,4:07:49:302843,0
485.6528,340.3846,4:07:49:306938,0
484.3247,341.259,4:07:49:310849,0
482.4802,342.2793,4:07:49:315968,0
482.4802,342.2793,4:07:49:333448,0
