156.6376,158.5468,2:16:14:631659,0
156.6376,158.5468,2:16:14:635663,0
155.6047,158.5468,2:16:14:639620,0
155.6047,158.5468,2:16:14:643134,0
154.7193,158.5468,2:16:14:647134,0
154.129,158.5468,2:16:14:651136,0
153.5634,158.5468,2:16:14:655134,0
152.9731,158.5468,2:16:14:659552,0
152.2599,158.5468,2:16:14:663562,0
152.2599,158.5468,2:16:14:667562,0
151.5959,158.5468,2:16:14:671562,0
151.0056,159.2173,2:16:14:675561,0
150.2924,159.2173,2:16:14:679409,0
149.6284,159.8295,2:16:14:683417,0
148.6446,159.8295,2:16:14:687418,0
147.6609,160.3542,2:16:14:691402,0
146.7509,160.3542,2:16:14:695426,0
145.8655,160.908,2:16:14:699413,0
145.0785,160.908,2:16:14:703410,0
144.2669,161.3452,2:16:14:707410,0
143.5783,161.3452,2:16:14:711621,0
142.9143,161.6076,2:16:14:715350,0
142.6192,161.6076,2:16:14:719359,0
142.1765,161.7533,2:16:14:723357,0
141.9797,161.7533,2:16:14:727358,0
141.8322,161.7533,2:16:14:731360,0
141.7092,161.7533,2:16:14:735312,0
141.7092,161.8991,2:16:14:739362,0
141.7092,161.9865,2:16:14:743388,0
142.3978,162.0448,2:16:14:747395,0
142.3978,162.1615,2:16:14:751418,0
143.234,162.3363,2:16:14:755398,0
143.234,162.5112,2:16:14:759613,0
144.1932,162.7153,2:16:14:763068,0
144.8326,162.9776,2:16:14:766594,0
145.3491,163.2108,2:16:14:771583,0
145.8655,163.4149,2:16:14:774584,0
146.382,163.6481,2:16:14:778586,0
146.8493,163.8813,2:16:14:782586,0
147.2674,164.0562,2:16:14:786583,0
147.6117,164.2894,2:16:14:790583,0
147.8822,164.4935,2:16:14:795397,0
147.8822,164.7267,2:16:14:799333,0
148.1282,164.9307,2:16:14:803353,0
148.1282,165.1348,2:16:14:807343,0
148.1282,165.3388,2:16:14:811343,0
148.1282,165.5428,2:16:14:815341,0
148.1282,165.7177,2:16:14:819326,0
148.1282,165.8927,2:16:14:823599,0
147.5133,166.0384,2:16:14:826609,0
147.5133,166.155,2:16:14:830609,0
147.5133,166.2716,2:16:14:834609,0
147.5133,166.3882,2:16:14:838609,0
147.5133,166.4173,2:16:14:842609,0
147.5133,166.5631,2:16:14:846609,0
147.5133,166.6797,2:16:14:851349,0
147.5133,166.7963,2:16:14:855359,0
147.5133,167.0004,2:16:14:859386,0
147.5133,167.2336,2:16:14:863413,0
147.5133,167.5251,2:16:14:867396,0
147.5133,167.904,2:16:14:871394,0
147.5133,168.3121,2:16:14:875397,0
147.5133,168.6911,2:16:14:879289,0
147.5133,169.1283,2:16:14:883704,0
147.5133,169.5947,2:16:14:886717,0
147.5133,170.0611,2:16:14:890714,0
147.5133,170.5275,2:16:14:894715,0
146.9722,171.0231,2:16:14:898714,0
146.9722,171.4312,2:16:14:903391,0
146.3328,171.8684,2:16:14:907402,0
146.3328,172.2765,2:16:14:910401,0
145.6442,172.5972,2:16:14:914968,0
145.6442,172.8887,2:16:14:919038,0
144.9802,173.1219,2:16:14:922968,0
144.6604,173.2676,2:16:14:927967,0
144.4145,173.355,2:16:14:930968,0
144.1932,173.3842,2:16:14:935384,0
143.9718,173.4133,2:16:14:939394,0
143.8242,173.4425,2:16:14:942396,0
143.6767,173.5008,2:16:14:946767,0
143.4308,173.6174,2:16:14:950740,0
143.2094,173.7632,2:16:14:954740,0
142.9143,173.938,2:16:14:958742,0
142.57,174.2004,2:16:14:963352,0
142.1273,174.4919,2:16:14:967340,0
141.6354,174.7834,2:16:14:971348,0
141.1435,175.0749,2:16:14:975352,0
140.5779,175.3956,2:16:14:979352,0
140.0368,175.6288,2:16:14:983387,0
139.4957,175.9494,2:16:14:987211,0
138.9301,176.1826,2:16:14:991221,0
138.3644,176.3866,2:16:14:995224,0
137.848,176.649,2:16:14:999385,0
137.3069,176.8239,2:16:15:003394,0
136.6921,176.9697,2:16:15:007406,0
136.1756,177.1154,2:16:15:011415,0
135.6345,177.2612,2:16:15:014414,0
135.1181,177.3486,2:16:15:019415,0
134.6016,177.4069,2:16:15:022428,0
134.1097,177.4944,2:16:15:027387,0
133.667,177.5235,2:16:15:031435,0
133.2489,177.5235,2:16:15:034441,0
132.8308,177.5526,2:16:15:039439,0
132.4865,177.6401,2:16:15:042701,0
132.1422,177.6401,2:16:15:046700,0
131.8717,177.6401,2:16:15:050704,0
131.5766,177.6693,2:16:15:054702,0
131.3306,177.7567,2:16:15:058702,0
131.0847,177.815,2:16:15:062728,0
130.7896,177.9025,2:16:15:066701,0
130.519,178.0482,2:16:15:071384,0
130.1993,178.1648,2:16:15:075483,0
129.9042,178.3105,2:16:15:079026,0
129.5107,178.4854,2:16:15:083152,0
129.1418,178.6312,2:16:15:087025,0
128.7483,178.7769,2:16:15:091026,0
128.3056,178.8644,2:16:15:095079,0
127.8383,179.0101,2:16:15:099072,0
127.3218,179.0976,2:16:15:103069,0
126.8054,179.185,2:16:15:107069,0
126.2643,179.2433,2:16:15:111359,0
125.7478,179.2725,2:16:15:115370,0
125.1822,179.3017,2:16:15:119370,0
124.6411,179.3017,2:16:15:123370,0
124.0755,179.3017,2:16:15:127370,0
123.5836,179.3017,2:16:15:131370,0
123.0917,179.3017,2:16:15:135370,0
122.649,179.3017,2:16:15:139386,0
122.2063,179.3017,2:16:15:143433,0
121.8128,179.3017,2:16:15:147397,0
121.4193,179.3017,2:16:15:151397,0
121.0504,179.3017,2:16:15:155397,0
120.6815,179.3017,2:16:15:159396,0
120.3372,179.3017,2:16:15:163409,0
119.9929,179.3017,2:16:15:167406,0
119.6486,179.3017,2:16:15:171417,0
119.3289,179.3017,2:16:15:175406,0
118.96,179.3017,2:16:15:178418,0
118.5911,179.3017,2:16:15:183385,0
118.2467,179.3017,2:16:15:186713,0
117.927,179.3017,2:16:15:191713,0
117.6073,179.3017,2:16:15:194716,0
117.3122,179.3017,2:16:15:198827,0
117.0171,179.3017,2:16:15:202852,0
116.7465,179.3017,2:16:15:206837,0
116.5498,179.3017,2:16:15:210840,0
116.4022,179.3017,2:16:15:215395,0
116.2547,179.3017,2:16:15:218429,0
116.1563,179.3017,2:16:15:223403,520
116.0333,179.3017,2:16:15:226405,531
115.9103,178.7769,2:16:15:231655,550
115.812,178.7769,2:16:15:234665,583
115.7136,178.7769,2:16:15:238667,631
115.6152,178.2814,2:16:15:242666,668
115.5168,178.2814,2:16:15:246699,697
115.4431,177.9608,2:16:15:250667,709
115.3693,177.9608,2:16:15:255728,710
115.3447,177.9608,2:16:15:259004,714
115.2955,177.7858,2:16:15:263029,719
115.2709,177.7858,2:16:15:267003,723
115.2463,177.7858,2:16:15:271005,726
115.2463,177.7858,2:16:15:275004,729
115.2463,177.7858,2:16:15:279333,727
115.2217,177.7858,2:16:15:283343,729
115.2217,177.7858,2:16:15:287342,735
115.1725,177.7858,2:16:15:291343,744
115.1725,177.7858,2:16:15:295382,763
115.1725,177.7858,2:16:15:298419,785
115.1725,177.7858,2:16:15:303333,804
115.1725,177.7858,2:16:15:307359,818
115.1725,177.7858,2:16:15:311385,836
115.1725,177.7858,2:16:15:314425,870
115.1725,177.7858,2:16:15:319393,901
115.1725,177.7858,2:16:15:322395,950
115.1725,177.7858,2:16:15:327395,1044
115.1725,177.7858,2:16:15:330395,1124
116.0333,177.7858,2:16:15:335395,1196
116.6728,177.7858,2:16:15:339395,1268
117.5581,177.7858,2:16:15:343273,1319
118.7632,177.7858,2:16:15:347283,1368
120.3126,177.7858,2:16:15:351283,1453
122.2309,177.1154,2:16:15:355282,1524
124.4936,177.1154,2:16:15:359280,1563
127.0513,176.5324,2:16:15:363282,1593
129.855,176.5324,2:16:15:367359,1604
132.9046,175.8911,2:16:15:371369,1611
136.2002,175.8911,2:16:15:375376,1618
139.7417,175.3956,2:16:15:378387,1622
143.5045,175.3956,2:16:15:382740,1623
147.5379,175.0166,2:16:15:386738,1616
151.7188,175.0166,2:16:15:390738,1617
156.1211,174.7834,2:16:15:394740,1621
160.671,174.7834,2:16:15:399378,1626
165.4668,174.7834,2:16:15:403388,1634
170.4347,174.7834,2:16:15:407271,1634
175.624,174.7834,2:16:15:411187,1642
180.9362,174.7834,2:16:15:415224,1647
186.2731,174.7834,2:16:15:419188,1644
191.6099,174.7834,2:16:15:423321,1646
196.9959,174.7834,2:16:15:427331,1643
202.382,174.7834,2:16:15:431331,1644
207.7434,175.4247,2:16:15:435332,1644
212.8835,175.4247,2:16:15:439378,1644
217.8022,175.4247,2:16:15:443389,1640
222.4013,175.4247,2:16:15:446896,1633
226.6806,175.4247,2:16:15:451362,1633
230.7878,175.7745,2:16:15:454615,1629
234.526,175.7745,2:16:15:459614,1633
237.9691,175.7745,2:16:15:462614,1668
241.0925,175.7745,2:16:15:466615,1713
243.9454,175.7745,2:16:15:471755,1759
246.5523,175.7745,2:16:15:474766,1801
248.9625,175.7745,2:16:15:478576,1808
251.2498,175.7745,2:16:15:482626,1807
253.3156,175.7745,2:16:15:486984,1810
255.1848,175.7745,2:16:15:490878,1813
256.9063,175.7745,2:16:15:494961,1819
258.4311,175.7745,2:16:15:498878,1824
259.8084,175.7745,2:16:15:503279,1824
260.9889,175.7745,2:16:15:507287,1819
261.948,175.1915,2:16:15:511287,1822
262.7596,175.1915,2:16:15:515289,1814
263.4236,175.1915,2:16:15:519574,1810
263.9647,175.1915,2:16:15:522609,1810
264.3336,174.7834,2:16:15:526584,1802
264.555,174.7834,2:16:15:530584,1783
264.6534,174.7834,2:16:15:534584,1667
264.6534,174.7834,2:16:15:538584,1421
264.6534,174.4919,2:16:15:543379,1077
263.9647,174.4919,2:16:15:547389,645
263.3745,174.3461,2:16:15:551393,311
262.5137,174.3461,2:16:15:555392,0
261.4315,174.2004,2:16:15:559622,0
260.1035,174.0838,2:16:15:562739,0
258.5541,173.9672,2:16:15:566838,0
256.8325,173.8214,2:16:15:570739,0
254.9634,173.6757,2:16:15:574860,0
252.9713,173.5008,2:16:15:578739,0
250.7825,173.355,2:16:15:582580,0
248.4953,173.2676,2:16:15:586596,0
246.1588,173.2093,2:16:15:591377,0
243.6503,173.2093,2:16:15:595385,0
241.0925,173.2093,2:16:15:599329,0
238.461,173.2093,2:16:15:602807,0
235.8049,173.2093,2:16:15:607386,0
233.1242,174.2296,2:16:15:611385,0
230.4188,174.2296,2:16:15:615384,0
227.7873,175.0457,2:16:15:619384,0
225.1558,175.0457,2:16:15:623386,0
222.598,176.0368,2:16:15:626719,0
220.0403,176.5907,2:16:15:631355,0
217.4579,177.2612,2:16:15:635304,0
214.9248,177.9025,2:16:15:639288,0
212.4408,178.5729,2:16:15:643286,0
209.9814,179.3017,2:16:15:647338,0
207.4729,180.0596,2:16:15:651336,0
205.0381,180.8174,2:16:15:655385,0
202.6525,181.6628,2:16:15:658898,0
200.2915,182.479,2:16:15:664774,0
198.0781,183.2952,2:16:15:666774,0
195.8892,184.1405,2:16:15:670772,0
193.7496,184.9568,2:16:15:674775,0
191.7329,185.7729,2:16:15:678802,0
189.8392,186.56,2:16:15:682775,0
187.97,187.2596,2:16:15:687319,0
186.2485,187.8426,2:16:15:690968,0
184.6499,188.3382,2:16:15:695468,0
183.1743,188.7462,2:16:15:698501,0
181.8462,189.0378,2:16:15:703478,0
180.5673,189.3001,2:16:15:706478,0
179.4114,189.4458,2:16:15:711478,0
178.3785,189.475,2:16:15:714478,0
177.4931,189.475,2:16:15:719717,0
176.7553,189.475,2:16:15:722729,0
176.165,189.475,2:16:15:726845,0
175.6486,188.8337,2:16:15:730727,0
175.2551,188.8337,2:16:15:734729,0
174.9599,188.0758,2:16:15:738727,0
174.7878,188.0758,2:16:15:743327,0
174.6894,187.0847,2:16:15:747358,0
174.6648,186.5017,2:16:15:751335,0
174.6156,185.8895,2:16:15:755338,0
174.5173,185.2191,2:16:15:759338,0
174.4435,184.6069,2:16:15:763352,0
174.2713,183.9948,2:16:15:767338,0
174.1237,183.4118,2:16:15:771461,0
173.927,182.858,2:16:15:774471,0
173.6811,182.3041,2:16:15:778502,0
173.3859,181.896,2:16:15:782471,0
173.0416,181.4879,2:16:15:786471,0
172.6973,181.1964,2:16:15:791338,0
172.353,180.9341,2:16:15:795348,0
172.0087,180.7592,2:16:15:799349,0
171.6644,180.6134,2:16:15:803385,0
171.3447,180.4968,2:16:15:807396,0
171.0741,180.351,2:16:15:811404,0
170.8036,180.0596,2:16:15:814393,0
170.6314,179.6806,2:16:15:819443,716
170.4347,179.185,2:16:15:822443,723
170.3117,178.7186,2:16:15:826442,766
170.2625,178.194,2:16:15:831465,805
170.1888,177.7276,2:16:15:835437,844
170.115,177.232,2:16:15:838435,879
170.0658,176.8239,2:16:15:843434,879
170.0658,176.5616,2:16:15:846438,882
170.0658,176.4449,2:16:15:850567,882
170.0658,176.4158,2:16:15:855434,878
170.0658,176.4158,2:16:15:859521,873
170.0658,176.4158,2:16:15:862534,869
170.0658,176.4158,2:16:15:866639,867
170.0658,176.4158,2:16:15:870531,859
170.0658,176.4158,2:16:15:874531,857
170.0658,176.4158,2:16:15:879386,855
170.0658,177.232,2:16:15:882726,851
170.0658,177.232,2:16:15:886748,858
170.0658,178.1065,2:16:15:890725,867
170.656,178.7186,2:16:15:894727,922
170.656,179.4765,2:16:15:898725,988
170.656,180.5551,2:16:15:903239,1063
171.0987,181.8085,2:16:15:907238,1156
171.0987,183.4118,2:16:15:911302,1221
171.0987,185.3065,2:16:15:915238,1281
171.4676,187.3762,2:16:15:919326,1331
171.4676,189.7082,2:16:15:923357,1356
171.4676,192.2151,2:16:15:927027,1368
171.6644,194.8094,2:16:15:931025,1384
171.6644,197.4038,2:16:15:935024,1395
171.6644,199.969,2:16:15:939029,1407
171.7873,202.4467,2:16:15:943242,1423
171.8857,204.7787,2:16:15:947249,1429
172.0087,207.0233,2:16:15:951252,1439
172.1317,209.1804,2:16:15:955276,1457
172.3776,211.1917,2:16:15:959273,1477
172.6235,213.1156,2:16:15:963311,1506
172.9678,214.9521,2:16:15:967386,1538
173.3367,216.7303,2:16:15:970434,1564
173.6811,218.4792,2:16:15:975396,1584
174.0008,220.1116,2:16:15:979405,1596
174.3943,221.6566,2:16:15:983394,1609
174.7878,223.0558,2:16:15:986408,1618
175.1813,224.3967,2:16:15:991385,1630
175.5502,225.5918,2:16:15:995395,1639
175.8699,226.5829,2:16:15:999386,1642
176.165,227.3992,2:16:16:002399,1648
176.4356,228.0696,2:16:16:007396,1644
176.7553,228.536,2:16:16:011396,1665
176.9274,228.8858,2:16:16:015394,1739
177.0504,229.0898,2:16:16:019396,1851
177.1242,229.2356,2:16:16:023249,2013
177.1488,229.2939,2:16:16:027187,2164
177.1734,229.2939,2:16:16:031193,2260
177.1734,229.2939,2:16:16:035251,2311
177.1734,229.2939,2:16:16:039190,2321
177.1734,228.1279,2:16:16:043331,2317
177.1734,228.1279,2:16:16:047347,2315
176.4602,226.8745,2:16:16:051342,2312
176.4602,226.0291,2:16:16:055340,2304
175.7469,225.0963,2:16:16:059386,2297
175.1813,224.1635,2:16:16:062421,2291
174.4927,223.2598,2:16:16:067333,2288
173.5827,222.3853,2:16:16:071341,2281
172.5006,221.5692,2:16:16:075369,2280
171.2463,220.8696,2:16:16:079379,2281
169.9182,220.2865,2:16:16:082631,2275
168.3196,219.8201,2:16:16:086598,2276
166.5735,219.4704,2:16:16:090709,2270
164.7535,219.2955,2:16:16:094598,2259
162.8106,219.2955,2:16:16:099334,2256
160.8677,219.2955,2:16:16:102697,2251
158.9494,219.2955,2:16:16:107332,2243
157.0065,220.1991,2:16:16:111350,2245
155.039,220.1991,2:16:16:115342,2249
153.1453,221.54,2:16:16:119342,2250
151.3008,222.4436,2:16:16:123346,2253
149.5792,223.4056,2:16:16:127356,2253
148.0544,224.3967,2:16:16:131246,2252
146.6771,225.4461,2:16:16:135245,2250
145.4474,226.4955,2:16:16:139243,2247
144.4145,227.5449,2:16:16:143244,2246
143.5045,228.5652,2:16:16:146893,2242
142.7913,229.6145,2:16:16:150903,2241
142.2011,230.6057,2:16:16:155180,2246
141.783,231.6259,2:16:16:159193,2245
141.4878,232.5296,2:16:16:163245,2246
141.2911,233.4623,2:16:16:167188,2243
141.2911,234.366,2:16:16:171193,2239
141.2911,235.1822,2:16:16:175188,2240
141.2911,236.0275,2:16:16:179326,2241
142.1765,236.7854,2:16:16:183206,2248
142.7913,237.5142,2:16:16:187381,2256
143.7013,238.1555,2:16:16:191400,2261
144.8326,238.8259,2:16:16:194663,2264
146.1361,239.4381,2:16:16:198662,2265
147.6363,239.9919,2:16:16:202693,2267
149.2841,240.4875,2:16:16:206661,2268
151.1286,241.0122,2:16:16:211326,2267
153.0715,241.5369,2:16:16:215354,2273
155.0636,242.0325,2:16:16:219336,2273
157.0311,242.5863,2:16:16:223334,2277
158.9986,243.1402,2:16:16:227334,2280
160.8677,243.7231,2:16:16:231334,2280
162.6631,244.3936,2:16:16:235343,2287
164.3354,245.0932,2:16:16:239360,2283
165.934,245.8802,2:16:16:243352,2283
167.4342,246.7547,2:16:16:247359,2283
168.8115,247.7458,2:16:16:251584,2278
170.0658,248.8244,2:16:16:255598,2284
171.2217,249.9904,2:16:16:259597,2291
172.23,251.3604,2:16:16:262595,2295
173.0908,252.8763,2:16:16:266707,2303
173.9024,254.5961,2:16:16:270595,2308
174.5664,256.4908,2:16:16:275385,2311
175.1567,258.5313,2:16:16:278394,2317
175.624,260.7176,2:16:16:283395,2327
175.9437,262.9622,2:16:16:287401,2332
176.1158,265.3524,2:16:16:291705,2339
176.2142,267.6844,2:16:16:294716,2344
176.2142,269.9582,2:16:16:298715,2345
176.2142,272.1444,2:16:16:302715,2354
176.2142,274.2723,2:16:16:306835,2360
175.1567,276.2254,2:16:16:310716,2363
174.4681,278.1201,2:16:16:315359,2367
173.6319,279.84,2:16:16:319365,2368
172.6235,281.5307,2:16:16:323387,2374
171.4676,283.0465,2:16:16:326398,2379
170.1888,284.4749,2:16:16:331409,2385
168.6147,285.7866,2:16:16:334400,2392
166.9424,286.9526,2:16:16:339398,2395
165.147,288.0312,2:16:16:342398,2399
163.2533,288.9348,2:16:16:347403,2402
161.1874,289.6927,2:16:16:351428,2401
159.097,290.2466,2:16:16:355185,2405
156.8835,290.5963,2:16:16:359193,2409
154.6701,290.713,2:16:16:363386,2409
152.4566,290.713,2:16:16:366399,2411
150.2678,290.713,2:16:16:370823,2412
148.079,289.7802,2:16:16:374820,2407
145.9885,289.0222,2:16:16:378823,2407
143.898,288.1186,2:16:16:382820,2403
141.8813,287.04,2:16:16:387388,2400
139.963,285.8157,2:16:16:391396,2395
138.0693,284.4749,2:16:16:395385,2391
136.2986,282.959,2:16:16:399406,2384
134.5278,281.3267,2:16:16:403398,2375
132.8554,279.5485,2:16:16:407396,2366
131.306,277.712,2:16:16:411396,2340
129.9288,275.7299,2:16:16:415395,2286
128.6991,273.6602,2:16:16:419376,2185
127.7153,271.5614,2:16:16:422387,2023
126.9529,269.4043,2:16:16:427512,1760
126.4857,267.218,2:16:16:430513,1406
126.3627,265.0901,2:16:16:435512,964
126.3627,262.933,2:16:16:438547,540
127.0759,260.9217,2:16:16:443251,234
127.8875,258.9686,2:16:16:447262,0
129.0434,257.0447,2:16:16:451015,0
130.4944,255.1499,2:16:16:454723,0
132.1422,253.3135,2:16:16:459703,0
134.1097,251.5062,2:16:16:462714,0
136.2002,249.728,2:16:16:466713,0
138.512,247.9499,2:16:16:470716,0
141.0206,246.0843,2:16:16:474713,0
143.6029,244.2478,2:16:16:478714,0
146.3328,242.3822,2:16:16:482715,0
149.1365,240.4875,2:16:16:486831,0
152.0632,238.5636,2:16:16:491325,0
155.0144,236.6105,2:16:16:494690,0
158.1378,234.6575,2:16:16:498911,0
161.2612,232.6461,2:16:16:502940,0
164.3846,230.5473,2:16:16:507344,0
167.631,228.3902,2:16:16:511307,0
170.8774,226.1457,2:16:16:515308,0
174.1237,223.9594,2:16:16:519306,0
177.3209,221.6274,2:16:16:523381,0
180.3952,219.2372,2:16:16:526392,0
183.3956,216.8468,2:16:16:531333,0
186.2731,214.4857,2:16:16:535331,0
188.9538,212.2411,2:16:16:539381,0
191.4869,210.1423,2:16:16:542381,0
193.7988,208.2184,2:16:16:547381,0
195.9876,206.3237,2:16:16:551381,0
198.0289,204.7496,2:16:16:555381,0
199.8734,203.2921,2:16:16:559393,0
201.5212,202.0095,2:16:16:563383,0
202.8247,200.8435,2:16:16:567409,0
203.9806,199.765,2:16:16:571437,0
204.9889,198.7738,2:16:16:575435,0
205.7267,197.8119,2:16:16:579418,0
206.2432,196.9374,2:16:16:583420,0
206.5383,196.0338,2:16:16:587420,0
206.7105,195.1884,2:16:16:590443,0
206.7351,194.4014,2:16:16:595332,0
206.7597,193.6434,2:16:16:599342,0
206.7597,192.9147,2:16:16:603407,0
206.7597,192.2151,2:16:16:607409,0
206.7597,191.3989,2:16:16:611729,0
206.7597,190.5244,2:16:16:614742,0
206.2432,189.5625,2:16:16:618785,663
206.2432,188.6005,2:16:16:622739,694
206.2432,187.6677,2:16:16:626739,743
206.2432,186.7932,2:16:16:630740,815
206.2432,185.9187,2:16:16:635383,906
206.2432,185.1899,2:16:16:638394,962
206.2432,184.6361,2:16:16:643398,993
206.2432,184.2572,2:16:16:646394,1009
206.2432,184.0822,2:16:16:651021,998
206.2432,183.9948,2:16:16:655029,991
206.2432,183.9948,2:16:16:659034,995
206.2432,183.9948,2:16:16:663029,992
206.2432,183.9948,2:16:16:667035,1009
206.2432,185.015,2:16:16:671059,1085
206.2432,185.7729,2:16:16:675031,1173
206.2432,186.8806,2:16:16:679060,1281
206.2432,188.309,2:16:16:683392,1402
206.2432,190.0289,2:16:16:686402,1486
206.2432,192.1568,2:16:16:691063,1588
206.2432,194.5471,2:16:16:695062,1681
206.2432,197.1998,2:16:16:699180,1765
206.2432,200.0273,2:16:16:703066,1834
206.2432,203.1463,2:16:16:707298,1884
206.2432,206.5278,2:16:16:711308,1936
206.2432,210.2589,2:16:16:715306,1974
206.2432,214.2525,2:16:16:719306,2007
206.2432,218.5376,2:16:16:723570,2036
206.2432,222.9392,2:16:16:726581,2054
206.2432,227.4574,2:16:16:730582,2072
206.2432,231.9757,2:16:16:735580,2093
206.2432,236.4648,2:16:16:739579,2104
206.2432,240.8373,2:16:16:744579,2131
206.2432,244.9766,2:16:16:748096,2170
206.2432,248.9702,2:16:16:751621,2214
206.2432,252.8179,2:16:16:754765,2258
206.2432,256.4908,2:16:16:758773,2283
206.2432,260.0471,2:16:16:762778,2297
206.7105,263.4286,2:16:16:766776,2304
206.7105,266.635,2:16:16:771385,2312
207.1777,269.6083,2:16:16:775395,2314
207.1777,272.3484,2:16:16:779330,2314
207.6696,274.7096,2:16:16:783339,2320
207.6696,276.7792,2:16:16:787340,2318
208.1615,278.6448,2:16:16:791339,2323
208.1615,280.219,2:16:16:795340,2330
208.4812,281.5598,2:16:16:799341,2323
208.678,282.6675,2:16:16:803558,2325
208.678,283.6003,2:16:16:806568,2325
208.8993,284.3,2:16:16:810634,2321
208.8993,284.8246,2:16:16:815571,2328
209.0469,285.1453,2:16:16:818602,2330
209.0715,285.2619,2:16:16:822571,2263
209.1452,285.2619,2:16:16:826551,2081
209.1944,285.2619,2:16:16:830558,1737
209.2436,284.0667,2:16:16:834710,1249
209.2928,283.0465,2:16:16:838673,735
209.3666,281.6181,2:16:16:843673,337
209.4158,279.7526,2:16:16:846674,0
209.4158,277.3622,2:16:16:851076,0
209.4404,274.3598,2:16:16:854632,0
209.4404,270.7452,2:16:16:859631,0
209.4404,266.6642,2:16:16:862632,0
209.4404,262.1168,2:16:16:867375,0
209.4404,257.1613,2:16:16:870891,0
209.4404,251.7686,2:16:16:875375,0
209.4404,245.9677,2:16:16:878704,0
209.4404,239.8754,2:16:16:882791,0
209.4404,233.6081,2:16:16:886704,0
209.4404,227.3992,2:16:16:890706,0
209.4404,221.1319,2:16:16:894704,0
210.2274,214.9812,2:16:16:899370,0
210.2274,209.0055,2:16:16:903380,0
211.1619,203.2338,2:16:16:907375,0
211.703,197.7536,2:16:16:910385,0
212.2687,192.6232,2:16:16:915323,0
212.9081,187.9009,2:16:16:919336,0
213.5229,183.4118,2:16:16:923331,0
214.064,179.2433,2:16:16:927333,0
214.6051,175.3372,2:16:16:931333,0
215.0723,171.6352,2:16:16:935338,0
215.5396,168.1955,2:16:16:939378,0
215.9823,164.989,2:16:16:942388,0
216.3758,161.8991,2:16:16:947336,0
216.6955,159.0132,2:16:16:951347,0
217.0398,156.244,2:16:16:955344,0
217.3842,153.5039,2:16:16:959346,0
217.7285,150.9095,2:16:16:963343,0
218.0728,148.4026,2:16:16:967346,0
218.4171,145.9832,2:16:16:971379,0
218.7614,143.7386,2:16:16:974389,0
219.0811,141.5815,2:16:16:979336,0
219.45,139.6577,2:16:16:983145,0
219.7943,137.9961,2:16:16:987296,0
220.0649,136.5386,2:16:16:991191,0
220.3108,135.2852,2:16:16:995276,0
220.5076,134.2066,2:16:16:999191,0
220.6305,133.4487,2:16:17:003330,0
220.6551,132.8074,2:16:17:006739,0
220.6551,132.3993,2:16:17:011382,0
220.6551,132.1369,2:16:17:014684,0
220.6551,131.9329,2:16:17:018725,0
220.6551,131.7289,2:16:17:022735,0
219.9173,131.4665,2:16:17:026735,740
219.9173,131.2041,2:16:17:030735,737
219.4254,131.0001,2:16:17:035387,751
219.4254,130.7669,2:16:17:038399,762
218.9582,130.5045,2:16:17:042653,773
218.9582,130.2422,2:16:17:046661,787
218.5647,130.0381,2:16:17:050662,785
218.5647,129.9216,2:16:17:054661,782
218.122,129.9216,2:16:17:059387,782
218.122,129.9216,2:16:17:063411,778
217.5809,129.9216,2:16:17:067331,772
217.1874,129.9216,2:16:17:070788,770
216.8185,130.9126,2:16:17:075206,766
216.3758,130.9126,2:16:17:079209,771
215.9085,131.8454,2:16:17:083204,774
215.3921,132.4285,2:16:17:087207,778
214.851,133.0697,2:16:17:091395,796
214.3345,133.7693,2:16:17:094405,817
213.8181,134.4981,2:16:17:098575,846
213.3508,135.3143,2:16:17:103585,897
212.9081,136.1888,2:16:17:107331,950
212.5392,137.1508,2:16:17:111339,1000
212.1949,138.171,2:16:17:115339,1049
211.9735,139.2787,2:16:17:119355,1085
211.826,140.3573,2:16:17:123607,1104
211.8014,141.5815,2:16:17:126617,1112
211.8014,142.9225,2:16:17:130615,1131
211.8014,144.3217,2:16:17:134616,1144
211.8014,145.75,2:16:17:138616,1155
212.6622,147.2366,2:16:17:142641,1170
213.2032,148.6942,2:16:17:146617,1173
213.8427,150.1225,2:16:17:151100,1171
214.6297,151.58,2:16:17:155106,1177
215.5642,152.8626,2:16:17:159110,1182
216.5972,154.0578,2:16:17:163362,1187
217.8022,155.0488,2:16:17:167361,1195
219.1057,155.8651,2:16:17:171362,1203
220.483,156.5355,2:16:17:175359,1203
221.9094,156.9727,2:16:17:179338,1211
223.4096,157.2059,2:16:17:183346,1211
224.9099,157.2059,2:16:17:187385,1207
226.3609,157.2059,2:16:17:191393,1210
227.7873,157.2059,2:16:17:195395,1210
229.1646,155.8359,2:16:17:198394,1212
230.4188,154.9323,2:16:17:203624,1211
231.5748,153.7954,2:16:17:206634,1217
232.6323,152.5128,2:16:17:211423,1206
233.5423,151.0262,2:16:17:215424,1199
234.2801,149.4229,2:16:17:219424,1242
234.8703,147.7905,2:16:17:222424,1277
235.313,146.0998,2:16:17:227423,1321
235.5343,144.3508,2:16:17:231424,1362
235.5835,142.631,2:16:17:235407,1357
235.5835,140.9111,2:16:17:238407,1344
235.5835,139.2495,2:16:17:242506,1336
234.6982,137.7046,2:16:17:247413,1316
234.0341,136.218,2:16:17:252107,1304
233.2225,134.8188,2:16:17:255111,1300
232.288,133.5361,2:16:17:259110,1297
231.255,132.4285,2:16:17:263110,1297
230.1483,131.554,2:16:17:267222,1293
228.9678,130.8544,2:16:17:271111,1289
227.7135,130.3588,2:16:17:275324,1281
226.4347,130.0673,2:16:17:279331,1285
225.1558,129.9798,2:16:17:283332,1281
223.9015,129.9798,2:16:17:287332,1273
222.6964,129.9798,2:16:17:291366,1269
221.5651,130.8835,2:16:17:295375,1229
220.5076,130.8835,2:16:17:299341,1129
219.5976,132.2827,2:16:17:303340,973
218.8598,133.2155,2:16:17:307323,741
218.3187,134.2941,2:16:17:311353,458
218.0482,135.4309,2:16:17:315355,239
217.999,136.6261,2:16:17:319356,0
217.999,137.8503,2:16:17:323360,0
218.9582,139.1038,2:16:17:327387,0
219.9419,140.2406,2:16:17:330560,0
221.2946,141.3192,2:16:17:334571,0
223.0407,142.3686,2:16:17:338570,0
225.1066,143.3306,2:16:17:342571,0
227.4676,144.2925,2:16:17:347374,0
230.2467,145.1962,2:16:17:350582,0
233.3209,146.0998,2:16:17:355375,0
236.6656,146.916,2:16:17:358713,0
240.3301,147.7905,2:16:17:362715,0
244.2897,148.6942,2:16:17:366722,0
248.569,149.5395,2:16:17:370731,0
253.1435,150.3848,2:16:17:374717,0
258.0868,151.2302,2:16:17:379374,0
263.2023,152.1047,2:16:17:382384,0
268.5883,152.9792,2:16:17:387374,0
274.1465,153.912,2:16:17:390798,0
279.8523,154.8739,2:16:17:394896,0
285.7302,155.8942,2:16:17:398798,0
291.6819,156.9727,2:16:17:402797,0
297.6581,158.1387,2:16:17:406798,0
303.6344,159.2756,2:16:17:411383,0
309.6107,160.4999,2:16:17:415405,0
315.587,161.7533,2:16:17:419323,0
321.5141,162.9776,2:16:17:422865,0
327.2936,164.3185,2:16:17:427380,0
332.9502,165.6303,2:16:17:430390,0
338.4592,167.0587,2:16:17:435388,0
343.8206,168.4579,2:16:17:439390,0
348.9853,169.9445,2:16:17:443405,0
353.8795,171.4312,2:16:17:446388,0
358.5769,172.9469,2:16:17:451396,0
363.0284,174.4919,2:16:17:454401,0
367.2585,175.9494,2:16:17:459776,0
371.2672,177.3486,2:16:17:462784,0
375.0055,178.7186,2:16:17:466785,0
378.424,180.0013,2:16:17:470784,0
381.7196,181.2547,2:16:17:474839,0
384.6216,182.4207,2:16:17:478786,0
387.2778,183.4409,2:16:17:483378,0
389.6388,184.3737,2:16:17:487387,0
391.7047,185.2774,2:16:17:491291,0
393.5,186.0061,2:16:17:495294,0
394.951,186.6766,2:16:17:499292,0
396.1069,187.2013,2:16:17:503294,0
396.894,187.5511,2:16:17:507301,0
397.3858,187.9009,2:16:17:511294,0
397.6071,188.0758,2:16:17:515378,0
397.6071,188.2215,2:16:17:519400,0
397.6071,188.309,2:16:17:523461,0
396.4513,188.309,2:16:17:526465,0
395.6151,188.309,2:16:17:531215,0
394.4838,188.309,2:16:17:535125,0
393.2787,188.309,2:16:17:539138,0
391.803,187.6677,2:16:17:543140,0
390.2782,187.6677,2:16:17:547456,0
388.6796,187.0555,2:16:17:550467,0
386.9827,187.0555,2:16:17:554518,0
385.2365,186.2393,2:16:17:559526,0
383.5641,185.7729,2:16:17:562530,0
381.9409,185.3065,2:16:17:566527,0
380.3915,184.7818,2:16:17:571379,0
379.0143,184.228,2:16:17:574733,0
377.7354,183.6741,2:16:17:579326,0
376.5795,183.0912,2:16:17:582552,0
375.5466,182.5373,2:16:17:587323,0
374.6858,181.9834,2:16:17:591247,0
373.9234,181.3713,2:16:17:595299,0
373.2593,180.8174,2:16:17:599213,0
372.6445,180.2928,2:16:17:603329,0
372.128,179.7972,2:16:17:606586,0
371.6607,179.3017,2:16:17:611373,0
371.2426,178.7186,2:16:17:614697,0
370.9475,177.9608,2:16:17:619333,0
370.7262,177.0862,2:16:17:623338,1113
370.554,176.1826,2:16:17:627332,1113
370.4311,175.3372,2:16:17:631333,1157
370.4065,174.4919,2:16:17:634949,1213
370.4065,173.7048,2:16:17:638957,1273
370.4065,172.9761,2:16:17:642959,1336
370.4065,172.4223,2:16:17:646957,1356
370.4065,172.0724,2:16:17:650959,1365
370.4065,171.9267,2:16:17:654956,1356
370.4065,171.8392,2:16:17:658932,1348
370.4065,171.8392,2:16:17:662970,1340
370.4065,171.8392,2:16:17:667382,1328
370.8492,171.8392,2:16:17:670391,1332
370.8492,171.8392,2:16:17:675392,1336
371.2672,171.8392,2:16:17:679389,1340
371.2672,172.7429,2:16:17:683409,1344
371.8821,172.7429,2:16:17:686392,1353
372.3002,173.7048,2:16:17:691413,1390
372.7429,174.4044,2:16:17:694420,1461
373.2101,175.2206,2:16:17:699381,1550
373.6774,176.1826,2:16:17:702391,1663
374.1939,177.4652,2:16:17:707391,1763
374.6858,178.981,2:16:17:711389,1840
375.1776,180.8174,2:16:17:715388,1909
375.6203,182.9454,2:16:17:719398,1956
376.0876,185.3357,2:16:17:723404,1992
376.4565,187.9592,2:16:17:726396,2029
376.8008,190.7867,2:16:17:731398,2059
377.1206,193.7892,2:16:17:735399,2084
377.3419,196.8208,2:16:17:739281,2098
377.4895,199.8524,2:16:17:743289,2106
377.5878,202.8548,2:16:17:747291,2114
377.6124,205.799,2:16:17:751307,2132
377.6124,208.7723,2:16:17:755301,2142
377.6124,211.7456,2:16:17:759315,2153
377.6124,214.748,2:16:17:763678,2164
377.6124,217.6922,2:16:17:766686,2163
377.6124,220.6072,2:16:17:770684,2173
377.6124,223.4639,2:16:17:774684,2180
377.6124,226.204,2:16:17:778686,2185
377.6124,228.7692,2:16:17:782688,2189
377.6124,231.1304,2:16:17:787526,2191
377.6124,233.2583,2:16:17:790536,2192
377.6124,235.0947,2:16:17:794644,2197
377.6124,236.6397,2:16:17:798700,2204
377.6124,238.0098,2:16:17:803388,2209
377.6124,239.1758,2:16:17:807404,2220
377.6124,240.0794,2:16:17:811398,2227
377.6124,240.8373,2:16:17:815398,2230
377.6124,241.3911,2:16:17:819396,2241
378.1289,241.8284,2:16:17:822401,2247
378.1289,242.1199,2:16:17:827399,2262
378.1289,242.3531,2:16:17:830422,2315
378.1289,242.4114,2:16:17:835443,2389
378.3994,242.4114,2:16:17:838441,2467
378.3994,242.4114,2:16:17:843440,2534
378.3994,242.4114,2:16:17:846444,2565
378.3994,242.4114,2:16:17:851269,2566
378.3994,241.5661,2:16:17:854498,2564
378.3994,241.5661,2:16:17:859501,2564
378.3994,240.575,2:16:17:863498,2562
378.3994,239.9337,2:16:17:866501,2564
378.3994,239.2923,2:16:17:870520,2564
378.3994,238.5345,2:16:17:875322,2563
378.3994,237.8057,2:16:17:879059,2567
377.7108,237.1061,2:16:17:883349,2567
377.7108,236.3773,2:16:17:887360,2569
376.973,235.6777,2:16:17:891378,2571
376.4319,235.0073,2:16:17:895395,2571
375.8663,234.366,2:16:17:899386,2571
375.2514,233.7538,2:16:17:902389,2569
374.5382,233.2,2:16:17:907389,2567
373.7758,232.7336,2:16:17:910391,2560
372.9396,232.2381,2:16:17:915376,2556
372.0297,231.8882,2:16:17:919384,2552
371.0705,231.5385,2:16:17:923384,2550
370.0376,231.3053,2:16:17:926384,2550
368.98,231.2178,2:16:17:931386,2553
367.8487,231.1595,2:16:17:934386,2552
366.6682,231.1595,2:16:17:939367,2553
365.5123,231.1595,2:16:17:943377,2552
364.3072,231.1595,2:16:17:947378,2548
363.1021,232.2381,2:16:17:951386,2548
361.8724,232.2381,2:16:17:955387,2547
360.6674,233.4623,2:16:17:959375,2547
359.4377,234.2494,2:16:17:963380,2550
358.2326,235.1239,2:16:17:967386,2555
357.0767,236.0858,2:16:17:971796,2553
355.8224,237.1353,2:16:17:974806,2555
354.7157,238.243,2:16:17:978891,2557
353.6827,239.4381,2:16:17:982806,2559
352.7482,240.6915,2:16:17:986824,2561
351.912,242.0616,2:16:17:990806,2564
351.1988,243.4608,2:16:17:995456,2562
350.5593,244.9183,2:16:17:998465,2561
350.092,246.4341,2:16:18:003469,2565
349.7477,248.0082,2:16:18:007466,2575
349.551,249.5823,2:16:18:011465,2588
349.4772,251.1564,2:16:18:015470,2596
349.4772,252.8179,2:16:18:018479,2601
349.4772,254.4503,2:16:18:022747,2599
350.3871,256.0828,2:16:18:026732,2597
351.002,257.7151,2:16:18:030734,2602
351.8628,259.2601,2:16:18:034733,2607
352.8465,260.7467,2:16:18:039196,2613
354.0024,262.2043,2:16:18:043203,2617
355.3551,263.4868,2:16:18:047203,2620
356.7569,264.5945,2:16:18:051203,2621
358.1588,265.5857,2:16:18:055655,2619
359.6836,266.3727,2:16:18:059169,2622
361.2576,266.9557,2:16:18:063196,2621
362.8562,267.3638,2:16:18:067180,2626
364.4302,267.597,2:16:18:071202,2631
365.9796,267.6844,2:16:18:075230,2629
367.4798,267.6844,2:16:18:079645,2633
368.8817,267.6844,2:16:18:082655,2630
370.3081,266.9557,2:16:18:086654,2631
371.6116,266.9557,2:16:18:090655,2633
372.8167,265.9355,2:16:18:094655,2632
373.8742,265.3524,2:16:18:098655,2636
374.8087,264.7112,2:16:18:103202,2638
375.6203,264.0407,2:16:18:106722,2654
376.309,263.4286,2:16:18:110772,2681
376.8746,262.7873,2:16:18:114773,2717
377.3173,262.1459,2:16:18:118807,2772
377.6616,261.6504,2:16:18:122773,2833
377.8584,261.1548,2:16:18:127250,2896
378.0551,260.7759,2:16:18:131260,2953
378.1535,260.4553,2:16:18:135200,2988
378.2027,260.1929,2:16:18:139229,3002
378.2027,260.018,2:16:18:143231,3006
378.2027,260.018,2:16:18:147229,3000
378.2027,259.8723,2:16:18:151229,2995
378.2027,259.8723,2:16:18:155230,2992
378.2027,259.8723,2:16:18:159349,2987
378.2027,259.8723,2:16:18:163393,2988
378.2027,260.6302,2:16:18:167202,2990
378.2027,261.3297,2:16:18:171230,2994
378.2027,262.2625,2:16:18:175250,2998
378.2027,263.4868,2:16:18:179230,3001
377.6616,265.0027,2:16:18:183201,3003
377.6616,266.8099,2:16:18:187253,3005
377.2435,268.8213,2:16:18:191369,3004
377.2435,271.0075,2:16:18:195377,3007
376.8008,273.3104,2:16:18:199379,3010
376.8008,275.7007,2:16:18:203377,3013
376.3828,278.2368,2:16:18:207377,3018
376.3828,280.7728,2:16:18:210379,3025
375.9893,283.4546,2:16:18:215200,3038
375.9893,286.2238,2:16:18:219227,3049
375.7679,289.1097,2:16:18:222773,3061
375.7679,292.1122,2:16:18:226773,3066
375.7679,295.1729,2:16:18:230773,3067
375.7679,298.2045,2:16:18:234775,3070
375.7679,301.2653,2:16:18:238772,3074
375.7679,304.2094,2:16:18:242771,3077
375.7679,307.037,2:16:18:247236,3079
376.4073,309.6605,2:16:18:251246,3084
376.4073,312.0508,2:16:18:255065,3083
377.1451,314.2953,2:16:18:258831,3084
377.1451,316.2484,2:16:18:263202,3088
378.0797,318.0265,2:16:18:267248,3086
378.5962,319.6006,2:16:18:271229,3089
379.1127,320.9706,2:16:18:276230,3086
379.6291,322.1367,2:16:18:279537,3084
380.121,323.0695,2:16:18:282546,3079
380.5883,323.7982,2:16:18:286546,3058
381.031,324.3229,2:16:18:290547,2994
381.4737,324.5852,2:16:18:294546,2874
381.8672,324.5852,2:16:18:298546,2675
382.2361,324.5852,2:16:18:303383,2386
382.6296,323.7108,2:16:18:307393,1985
382.9493,322.8071,2:16:18:310848,1479
383.2936,321.5245,2:16:18:314844,911
383.5641,319.8338,2:16:18:318865,449
383.7855,317.6767,2:16:18:322842,0
383.9084,315.024,2:16:18:327203,0
383.9084,311.7884,2:16:18:330854,0
383.9084,308.028,2:16:18:334864,0
383.9084,303.6555,2:16:18:338852,0
383.9084,298.8458,2:16:18:343203,0
383.2444,293.5988,2:16:18:347230,0
383.2444,287.9146,2:16:18:350883,0
382.6541,281.968,2:16:18:354884,0
382.6541,275.9048,2:16:18:358910,0
382.0885,269.7832,2:16:18:362901,0
382.0885,263.8658,2:16:18:367201,0
381.4983,258.2398,2:16:18:371229,0
381.0802,252.9054,2:16:18:375789,0
380.6129,247.8916,2:16:18:378799,0
380.0964,243.315,2:16:18:382802,0
379.5062,239.1758,2:16:18:386797,0
378.7683,235.2697,2:16:18:390866,0
378.006,231.7717,2:16:18:394800,0
377.1206,228.4777,2:16:18:399373,0
376.186,225.4461,2:16:18:402386,0
375.2268,222.5894,2:16:18:407370,0
374.2185,219.9659,2:16:18:411389,0
373.161,217.5173,2:16:18:415381,0
372.0543,215.3311,2:16:18:419389,0
370.9721,213.2905,2:16:18:423383,0
369.8408,211.4832,2:16:18:426384,0
368.8079,209.88,2:16:18:431377,0
367.8487,208.3934,2:16:18:434387,0
366.865,207.0233,2:16:18:439386,0
366.0288,205.799,2:16:18:442384,0
365.3156,204.633,2:16:18:447387,0
364.7007,203.6419,2:16:18:451388,0
364.258,202.6216,2:16:18:455386,0
363.9629,201.6597,2:16:18:458484,0
363.7907,200.6978,2:16:18:463482,651
363.7416,199.7358,2:16:18:466489,652
363.7416,198.8613,2:16:18:470626,647
363.7416,197.9576,2:16:18:474503,647
364.3564,197.1998,2:16:18:479493,645
364.3564,196.4127,2:16:18:482492,640
365.0942,195.7131,2:16:18:487381,645
365.0942,195.101,2:16:18:491391,651
365.9796,194.6346,2:16:18:495095,650
366.4715,194.2265,2:16:18:499090,653
366.9633,193.8475,2:16:18:503178,654
367.4798,193.4977,2:16:18:507090,644
367.9717,193.1479,2:16:18:511424,648
368.4636,192.7398,2:16:18:515431,663
368.98,192.3317,2:16:18:519325,711
369.3981,191.8945,2:16:18:523340,780
369.8654,191.3698,2:16:18:527333,882
370.2589,190.8159,2:16:18:531333,973
370.6278,190.1163,2:16:18:535335,1065
370.9721,189.3875,2:16:18:539333,1159
371.341,188.4839,2:16:18:543004,1223
371.6607,187.4928,2:16:18:547019,1315
371.9313,186.4142,2:16:18:551017,1371
372.1772,185.1899,2:16:18:555017,1424
372.3986,183.9657,2:16:18:559887,1476
372.5707,182.683,2:16:18:562930,1488
372.6445,181.3421,2:16:18:567327,1507
372.6445,179.9429,2:16:18:571124,1511
372.6445,178.4854,2:16:18:575381,1503
372.6445,176.9988,2:16:18:579397,1504
372.0543,175.483,2:16:18:583390,1494
372.0543,173.938,2:16:18:587404,1480
371.1443,172.1891,2:16:18:591408,1472
370.5294,170.4109,2:16:18:595389,1464
369.8162,168.5744,2:16:18:599862,1452
369.0046,166.6505,2:16:18:602871,1478
368.1193,164.6392,2:16:18:607390,1509
367.1847,162.657,2:16:18:611402,1559
366.1518,160.6748,2:16:18:615521,1621
365.168,158.7509,2:16:18:619040,1680
364.1351,156.9436,2:16:18:623040,1743
363.0038,155.2529,2:16:18:627040,1805
361.7249,153.7371,2:16:18:631039,1860
360.3722,152.4545,2:16:18:635037,1892
358.8474,151.4051,2:16:18:639115,1913
357.1996,150.618,2:16:18:643123,1927
355.3551,150.0934,2:16:18:647413,1946
353.2154,149.9476,2:16:18:651432,1958
350.9528,149.9476,2:16:18:655420,1977
348.5426,149.9476,2:16:18:659426,1983
346.0341,151.1427,2:16:18:663418,1990
343.4517,152.1047,2:16:18:666419,2001
340.894,153.329,2:16:18:671417,2007
338.4838,154.7282,2:16:18:675418,2018
336.172,156.3898,2:16:18:679418,2023
333.9339,158.1971,2:16:18:682422,2031
331.7943,160.2084,2:16:18:687420,2040
329.7776,162.3363,2:16:18:691419,2044
327.8593,164.6684,2:16:18:695479,2053
326.1131,167.2336,2:16:18:698462,2057
324.4162,169.9736,2:16:18:702506,2073
322.7438,173.2093,2:16:18:707476,2099
321.096,176.853,2:16:18:710504,2126
319.5466,180.8466,2:16:18:715476,2156
318.1201,185.1899,2:16:18:719883,2174
316.7675,189.7957,2:16:18:722893,2187
315.5132,194.6346,2:16:18:726955,2194
314.3081,199.7066,2:16:18:730898,2218
313.1522,205.3326,2:16:18:735195,2245
312.1193,211.1043,2:16:18:739203,2279
311.1847,216.9926,2:16:18:743203,2306
310.2993,222.91,2:16:18:747203,2315
309.5615,228.9441,2:16:18:751203,2319
308.8729,235.0947,2:16:18:755203,2329
308.3073,241.5661,2:16:18:759349,2346
307.9138,248.2122,2:16:18:763385,2365
307.594,254.5378,2:16:18:767394,2382
307.4465,260.601,2:16:18:771385,2389
307.3481,266.4019,2:16:18:774386,2390
307.3481,272.0861,2:16:18:778385,2401
307.3481,277.5955,2:16:18:783204,2416
307.3481,282.959,2:16:18:786527,2427
308.2827,287.9728,2:16:18:791417,2439
308.2827,292.666,2:16:18:794427,2440
309.0942,297.0677,2:16:18:798426,2438
309.5615,301.2653,2:16:18:802427,2442
310.0042,305.2005,2:16:18:806427,2448
310.4223,308.9026,2:16:18:811426,2450
310.8404,312.3714,2:16:18:815200,2454
311.2339,315.3447,2:16:18:819227,2451
311.6766,318.0556,2:16:18:823201,2449
312.1193,320.5042,2:16:18:827230,2457
312.562,322.5739,2:16:18:831236,2461
313.0292,324.4978,2:16:18:835231,2467
313.5211,326.1594,2:16:18:839236,2466
314.0376,327.6751,2:16:18:843230,2459
314.5541,328.9286,2:16:18:846734,2461
315.0459,330.0071,2:16:18:850761,2459
315.587,330.8817,2:16:18:855064,2459
316.0789,331.4355,2:16:18:859092,2457
316.5953,331.8436,2:16:18:863201,2402
317.161,331.9019,2:16:18:866903,2297
317.7758,331.9019,2:16:18:871148,2114
318.4891,331.1732,2:16:18:875227,1789
319.2761,330.3569,2:16:18:879201,1367
320.2352,329.1909,2:16:18:883229,864
321.3419,327.7335,2:16:18:887004,432
322.547,325.897,2:16:18:890963,148
323.8997,323.769,2:16:18:894990,0
325.3753,321.2039,2:16:18:898987,0
327.0231,318.2014,2:16:18:903201,0
328.8676,314.6159,2:16:18:907231,0
330.9581,310.5349,2:16:18:911199,0
333.2945,306.1042,2:16:18:915061,0
335.926,301.3235,2:16:18:919398,0
338.8527,296.3972,2:16:18:922397,0
342.1729,291.4417,2:16:18:927399,0
345.7881,286.6028,2:16:18:931397,0
349.674,282.0845,2:16:18:935508,0
353.8303,277.9161,2:16:18:938516,0
358.1588,274.2141,2:16:18:943325,0
362.6349,270.891,2:16:18:947333,0
367.1847,267.8593,2:16:18:951348,0
371.8821,265.0027,2:16:18:955333,0
376.5795,262.4666,2:16:18:959335,0
381.3015,259.9305,2:16:18:963334,0
386.0727,257.4528,2:16:18:967366,0
390.7947,255.0042,2:16:18:971333,0
395.4675,252.6431,2:16:18:975348,0
400.0173,250.3402,2:16:18:979350,0
404.518,248.2414,2:16:18:983365,0
408.9203,246.2883,2:16:18:987376,0
413.1012,244.277,2:16:18:991367,0
417.1838,242.4114,2:16:18:995378,0
421.045,240.7498,2:16:18:999376,0
424.6603,239.2049,2:16:19:002375,0
428.1526,237.8057,2:16:19:007377,0
431.4482,236.4648,2:16:19:010375,0
434.4486,235.2697,2:16:19:015317,0
437.2277,234.2202,2:16:19:018464,0
439.81,233.3166,2:16:19:023375,0
442.0973,232.5878,2:16:19:026703,0
444.1631,231.9757,2:16:19:030706,0
445.9831,231.5676,2:16:19:034701,0
447.5325,231.2761,2:16:19:038739,0
448.8605,231.1012,2:16:19:042701,0
449.9181,231.0137,2:16:19:047371,0
450.8034,231.0137,2:16:19:050382,0
451.4183,231.0137,2:16:19:055378,0
451.861,231.0137,2:16:19:058388,0
452.1069,231.0137,2:16:19:063386,0
452.2299,231.0137,2:16:19:066386,0
452.2299,231.0137,2:16:19:071577,0
452.2299,231.0137,2:16:19:074587,0
452.2299,231.0137,2:16:19:079398,0
451.4675,231.6259,2:16:19:082404,0
451.4675,231.6259,2:16:19:087441,0
450.6559,231.6259,2:16:19:090441,0
450.1886,231.6259,2:16:19:095441,0
449.6721,231.6259,2:16:19:098441,0
449.1557,231.6259,2:16:19:103384,0
448.6146,231.9465,2:16:19:107391,0
448.0981,231.9465,2:16:19:110508,0
447.5325,231.9465,2:16:19:114521,0
447.016,231.9465,2:16:19:119372,0
446.5241,231.9465,2:16:19:122520,0
446.1306,231.9465,2:16:19:126522,0
445.7863,231.1595,2:16:19:130520,0
445.4912,231.1595,2:16:19:134519,0
445.319,230.3141,2:16:19:138520,0
445.2206,229.7603,2:16:19:142520,0
445.2206,229.1481,2:16:19:146520,0
445.2206,228.4194,2:16:19:151387,0
445.2206,227.6032,2:16:19:155393,0
445.2206,226.7287,2:16:19:159326,0
445.8355,225.7959,2:16:19:163336,0
445.8355,224.834,2:16:19:166650,0
445.8355,223.8137,2:16:19:170677,0
446.4012,222.7934,2:16:19:174752,0
446.4012,221.8315,2:16:19:178656,0
446.4012,220.9278,2:16:19:182659,0
446.4012,219.9951,2:16:19:186656,0
446.4012,219.0623,2:16:19:191376,841
446.4012,218.1295,2:16:19:194706,862
445.7371,217.2258,2:16:19:199445,902
445.7371,216.3221,2:16:19:203445,991
444.9747,215.4768,2:16:19:207445,1102
444.9747,214.6606,2:16:19:210447,1199
443.9664,213.9319,2:16:19:214591,1309
443.4007,213.2031,2:16:19:218620,1373
442.8105,212.7076,2:16:19:222596,1423
442.171,212.2995,2:16:19:226597,1465
441.5562,212.0371,2:16:19:230597,1478
440.8922,211.8913,2:16:19:234597,1486
440.2035,211.8331,2:16:19:239393,1486
439.5395,211.8331,2:16:19:242910,1495
438.8017,211.8331,2:16:19:246907,1504
438.0639,211.8331,2:16:19:250908,1518
437.3506,212.9116,2:16:19:254935,1553
436.5391,212.9116,2:16:19:258908,1601
435.7521,214.2525,2:16:19:263378,1650
434.9651,215.0687,2:16:19:267386,1697
434.2518,216.0598,2:16:19:271379,1724
433.5632,217.2258,2:16:19:275389,1739
432.973,218.5959,2:16:19:279388,1744
432.4811,220.0242,2:16:19:283390,1752
432.063,221.6566,2:16:19:287389,1761
431.8171,223.3181,2:16:19:291396,1762
431.7187,225.0963,2:16:19:295524,1774
431.7187,226.9036,2:16:19:298534,1780
431.7187,228.7401,2:16:19:302697,1787
431.7187,230.4599,2:16:19:306582,1794
432.7762,232.0923,2:16:19:310584,1803
433.4402,233.6081,2:16:19:314582,1810
434.2518,234.9781,2:16:19:319386,1813
435.1864,236.2316,2:16:19:322397,1820
436.2439,237.281,2:16:19:327032,1827
437.3752,238.1555,2:16:19:331027,1834
438.5804,238.8842,2:16:19:335028,1841
439.8838,239.4381,2:16:19:339027,1845
441.0889,239.7296,2:16:19:343375,1849
442.3186,239.8754,2:16:19:347390,1862
443.4253,239.8754,2:16:19:351383,1872
444.4583,239.8754,2:16:19:355385,1876
445.3928,239.8754,2:16:19:359415,1886
446.2044,238.651,2:16:19:362384,1898
446.9422,237.864,2:16:19:367609,1912
447.4833,236.9603,2:16:19:370620,1928
447.9998,235.8235,2:16:19:375373,1931
448.3441,234.5409,2:16:19:378386,1923
448.5654,233.0834,2:16:19:383681,1918
448.6392,231.4801,2:16:19:386691,1912
448.6884,229.702,2:16:19:390691,1900
448.6884,227.7781,2:16:19:394690,1894
448.6884,225.7376,2:16:19:398691,1887
447.9506,223.7262,2:16:19:402692,1883
447.9506,221.7732,2:16:19:407364,1886
446.9422,219.8784,2:16:19:411375,1882
446.3274,218.1295,2:16:19:415372,1871
445.7125,216.5553,2:16:19:419372,1859
445.0485,215.1853,2:16:19:423377,1850
444.4337,214.0776,2:16:19:426374,1845
443.868,213.1448,2:16:19:431031,1839
443.3761,212.416,2:16:19:435037,1833
442.9334,211.8331,2:16:19:439038,1796
442.6137,211.4249,2:16:19:443038,1665
442.6137,211.1335,2:16:19:446933,1431
442.2694,211.046,2:16:19:450944,1134
442.2694,210.9877,2:16:19:455016,808
442.2694,210.9877,2:16:19:458944,478
442.2694,210.9877,2:16:19:462973,257
442.9088,210.9877,2:16:19:466971,0
442.9088,210.9877,2:16:19:471079,0
444.114,211.6873,2:16:19:474971,0
444.9993,211.6873,2:16:19:479369,0
446.0323,211.6873,2:16:19:483379,0
447.2373,211.6873,2:16:19:487057,0
448.6392,211.6873,2:16:19:491067,0
450.1148,211.6873,2:16:19:495066,0
451.615,210.8419,2:16:19:499067,0
453.1153,210.8419,2:16:19:503370,0
454.5909,209.9966,2:16:19:507386,0
455.9681,209.9966,2:16:19:511372,0
457.1978,209.0347,2:16:19:514382,0
458.2799,208.5099,2:16:19:519382,0
459.1653,208.0435,2:16:19:523382,0
459.9031,207.5771,2:16:19:527400,0
460.4442,207.1107,2:16:19:531382,0
460.8377,206.6152,2:16:19:535372,0
461.059,206.1779,2:16:19:539380,0
461.1082,205.7407,2:16:19:543372,0
461.1082,205.3035,2:16:19:546382,0
461.1082,204.8954,2:16:19:551543,0
460.4196,204.429,2:16:19:554544,0
460.4196,204.0208,2:16:19:558543,0
459.3867,203.5836,2:16:19:562544,0
458.7718,203.1755,2:16:19:567662,0
458.1324,202.7091,2:16:19:570685,0
457.5421,202.097,2:16:19:575500,0
457.0503,201.3099,2:16:19:578510,0
456.6567,200.3188,2:16:19:583322,1127
456.2632,199.2694,2:16:19:587333,1158
456.2632,198.0742,2:16:19:591332,1194
455.8698,196.8208,2:16:19:595333,1279
455.8698,195.5674,2:16:19:599330,1369
455.8698,194.2556,2:16:19:603331,1423
455.8698,193.1187,2:16:19:606759,1477
455.8698,192.1568,2:16:19:610688,1481
455.8698,191.3698,2:16:19:614693,1482
455.8698,190.6993,2:16:19:618688,1486
455.8698,190.1454,2:16:19:623377,1486
455.8698,189.7082,2:16:19:627387,1486
456.6567,189.3293,2:16:19:631392,1487
457.247,189.0378,2:16:19:635393,1487
457.9356,188.7754,2:16:19:639393,1487
458.7964,188.6297,2:16:19:643392,1487
459.8293,188.5714,2:16:19:646916,1483
460.9607,188.5714,2:16:19:650924,1479
462.1657,188.5714,2:16:19:654929,1478
463.42,188.5714,2:16:19:658929,1482
464.6005,189.4458,2:16:19:663324,1489
465.7072,189.4458,2:16:19:667071,1496
466.7402,190.7867,2:16:19:671323,1506
467.601,191.7195,2:16:19:674748,1505
468.3388,192.769,2:16:19:679383,1508
468.9536,194.0515,2:16:19:683392,1511
469.4209,195.4507,2:16:19:686496,1506
469.6668,196.9666,2:16:19:691504,1510
469.7652,198.6281,2:16:19:695508,1521
469.7652,200.4063,2:16:19:698506,1541
469.7652,202.2719,2:16:19:703377,1562
469.1012,204.1958,2:16:19:706387,1581
469.1012,206.2071,2:16:19:711363,1598
467.9945,208.3351,2:16:19:715361,1601
467.3304,210.463,2:16:19:719362,1620
466.6418,212.7367,2:16:19:723377,1638
465.9778,215.0687,2:16:19:726754,1652
465.3875,217.4299,2:16:19:730763,1663
464.8957,219.8201,2:16:19:735197,1670
464.4776,222.1813,2:16:19:739223,1676
464.4776,224.4841,2:16:19:743224,1682
464.0841,226.6413,2:16:19:747223,1693
464.0841,228.7692,2:16:19:751225,1695
464.0841,230.664,2:16:19:755223,1700
464.0841,232.3838,2:16:19:759234,1696
465.0678,233.8996,2:16:19:763223,1699
465.7072,235.2113,2:16:19:767531,1703
466.5188,236.319,2:16:19:771540,1709
467.478,237.2518,2:16:19:775388,1723
468.6093,237.9223,2:16:19:779399,1730
469.9128,238.3887,2:16:19:783198,1738
471.413,238.6219,2:16:19:787226,1745
473.0362,238.6219,2:16:19:791232,1756
474.7578,238.6219,2:16:19:795226,1778
476.5531,237.8349,2:16:19:799227,1799
478.373,237.0478,2:16:19:803235,1815
480.2176,236.0567,2:16:19:808251,1826
482.0129,234.7741,2:16:19:811258,1829
483.7591,233.2,2:16:19:815257,1825
485.4068,231.3636,2:16:19:819255,1822
486.9317,229.2356,2:16:19:823320,1825
488.4073,226.9036,2:16:19:827255,1829
489.7599,224.3967,2:16:19:830768,1831
491.0142,221.6566,2:16:19:834773,1830
492.1947,218.7999,2:16:19:839252,1819
493.326,215.8849,2:16:19:842766,1801
494.3098,212.8824,2:16:19:846794,1784
495.2444,209.8508,2:16:19:850767,1768
496.1543,206.761,2:16:19:854786,1757
496.9413,203.7294,2:16:19:858767,1797
497.6791,200.7852,2:16:19:863254,1890
498.3432,197.9576,2:16:19:867265,2026
498.8842,195.3633,2:16:19:870787,2167
499.3515,193.0313,2:16:19:874761,2272
499.6958,191.0491,2:16:19:878784,2353
499.9663,189.3875,2:16:19:882761,2398
500.1631,188.1633,2:16:19:887311,2440
500.3107,187.2887,2:16:19:891322,2466
500.3844,186.7349,2:16:19:895510,2463
500.4336,186.5017,2:16:19:898521,2460
500.4336,186.5017,2:16:19:902548,2453
500.4336,186.5017,2:16:19:907521,2456
500.4336,187.7551,2:16:19:910521,2462
500.4336,188.8629,2:16:19:914521,2464
499.7204,190.3495,2:16:19:919196,2468
499.7204,192.1568,2:16:19:923223,2476
498.958,194.343,2:16:19:927195,2483
498.5399,196.8499,2:16:19:930896,2493
498.0234,199.59,2:16:19:934897,2500
497.5316,202.5051,2:16:19:938896,2505
497.0643,205.6532,2:16:19:943254,2523
496.6216,209.0638,2:16:19:947266,2535
496.1789,212.7659,2:16:19:950408,2555
495.7608,216.7303,2:16:19:955421,2571
495.3673,220.8404,2:16:19:959417,2573
494.9738,225.0963,2:16:19:962416,2579
494.5065,229.4688,2:16:19:967483,2582
494.0638,233.8705,2:16:19:970528,2587
493.6212,238.3595,2:16:19:975200,2607
493.1539,242.7321,2:16:19:979228,2626
492.6866,247.0171,2:16:19:983232,2639
492.2931,251.1855,2:16:19:987255,2651
491.9488,255.2957,2:16:19:991598,2653
491.6537,259.2601,2:16:19:994608,2650
491.5061,263.1079,2:16:19:998634,2654
491.4077,266.7808,2:16:20:002608,2652
491.3831,270.2205,2:16:20:006633,2652
491.3831,273.3979,2:16:20:010611,2655
491.3831,276.342,2:16:20:015407,2657
491.3831,278.9363,2:16:20:018412,2660
492.0226,281.2683,2:16:20:023195,2662
492.0226,283.338,2:16:20:026679,2663
492.539,285.2328,2:16:20:030728,2666
492.539,286.836,2:16:20:034729,2670
493.1293,288.2643,2:16:20:038729,2669
493.1293,289.4886,2:16:20:042734,2671
493.7933,290.4797,2:16:20:047682,2665
494.1376,291.296,2:16:20:050715,2667
494.4327,291.8498,2:16:20:054736,2655
494.8754,292.1704,2:16:20:058693,2581
495.3427,292.287,2:16:20:062756,2460
495.9084,292.287,2:16:20:066695,2254
496.597,292.287,2:16:20:071198,1964
497.3348,291.296,2:16:20:074733,1622
498.2694,290.3632,2:16:20:079476,1226
499.2777,289.2263,2:16:20:082489,787
500.409,287.6522,2:16:20:087365,423
501.5895,285.7283,2:16:20:091373,171
502.8684,283.4546,2:16:20:095376,0
504.1965,280.627,2:16:20:099375,0
505.5983,277.304,2:16:20:103554,0
507.0985,273.4561,2:16:20:106575,0
508.6479,269.1128,2:16:20:110574,0
510.2957,264.303,2:16:20:115568,0
512.0173,259.1726,2:16:20:118600,0
513.7634,253.6924,2:16:20:122564,0
515.6572,247.8916,2:16:20:127196,0
517.5509,241.945,2:16:20:131224,0
519.4692,235.9693,2:16:20:134590,0
521.3629,230.1684,2:16:20:138590,0
523.2321,224.5716,2:16:20:143316,0
525.0274,219.2955,2:16:20:146590,0
526.6998,214.3691,2:16:20:151372,0
528.2737,209.8508,2:16:20:154382,0
529.651,205.799,2:16:20:158382,0
530.8315,202.2135,2:16:20:163383,0
531.9136,199.0654,2:16:20:167515,0
532.8236,196.267,2:16:20:171528,0
533.6352,193.7309,2:16:20:175545,0
534.2992,191.4572,2:16:20:178523,0
534.8895,189.4167,2:16:20:182598,0
535.3813,187.5511,2:16:20:186523,0
535.7994,186.0061,2:16:20:191367,0
536.1683,184.5486,2:16:20:195377,0
536.5372,183.1494,2:16:20:199364,0
536.9553,181.896,2:16:20:202374,1388
537.3243,180.7592,2:16:20:207395,1388
537.6686,179.7972,2:16:20:211374,1388
537.9883,178.981,2:16:20:215372,1383
538.2588,178.3105,2:16:20:219374,1379
538.6031,177.7567,2:16:20:223373,1365
538.8983,177.4944,2:16:20:227383,1352
539.1688,177.4944,2:16:20:231385,1348
539.4147,177.4944,2:16:20:234392,1353
539.636,178.8644,2:16:20:239383,1371
539.9066,180.0596,2:16:20:243383,1392
540.1771,181.5753,2:16:20:246858,1413
540.4476,183.5284,2:16:20:252655,1424
540.669,185.8313,2:16:20:254864,1435
540.792,188.4256,2:16:20:258952,1487
540.8657,191.3114,2:16:20:262864,1571
540.8657,194.5179,2:16:20:266966,1700
540.8657,197.8119,2:16:20:270865,1840
540.8657,201.2516,2:16:20:275462,1961
540.2263,204.8079,2:16:20:279472,2067
540.2263,208.6557,2:16:20:282474,2129
539.4393,212.7076,2:16:20:286472,2187
539.4393,216.9635,2:16:20:291326,2223
538.5048,221.2776,2:16:20:294484,2238
538.0129,225.6793,2:16:20:299673,2258
537.521,230.1101,2:16:20:303677,2267
537.0537,234.4534,2:16:20:306672,2279
536.611,238.8259,2:16:20:310673,2294
536.2421,242.907,2:16:20:315523,2318
535.947,246.9005,2:16:20:318534,2337
535.7256,250.8358,2:16:20:322533,2352
535.7256,254.5961,2:16:20:326534,2364
535.7256,258.2398,2:16:20:330536,2365
535.7256,261.7379,2:16:20:335316,2372
535.7256,265.0901,2:16:20:339326,2376
535.7256,268.2383,2:16:20:343326,2379
536.3651,271.1533,2:16:20:347327,2383
536.3651,273.6602,2:16:20:351326,2382
536.9553,275.8173,2:16:20:355326,2385
536.9553,277.712,2:16:20:359306,2386
537.5456,279.257,2:16:20:363316,2383
537.5456,280.5688,2:16:20:367315,2384
538.0375,281.6181,2:16:20:371321,2387
538.0375,282.4344,2:16:20:375322,2384
538.3572,283.0757,2:16:20:379330,2382
538.3572,283.5129,2:16:20:383365,2358
538.3572,283.7752,2:16:20:386445,2276
538.3572,283.8044,2:16:20:391408,2099
538.3572,283.8044,2:16:20:394418,1780
538.3572,283.8044,2:16:20:399418,1354
537.521,282.9008,2:16:20:403418,839
536.7832,282.1137,2:16:20:407541,423
535.8486,281.1226,2:16:20:411068,148
534.6682,279.7526,2:16:20:415066,0
533.1679,278.0327,2:16:20:419066,0
531.4464,275.9339,2:16:20:423137,0
529.4296,273.4853,2:16:20:427066,0
527.1425,270.716,2:16:20:431309,0
524.5601,267.597,2:16:20:434557,0
521.6088,264.4488,2:16:20:439371,0
518.3625,261.1257,2:16:20:442898,0
514.7718,257.8609,2:16:20:446886,0
510.8368,254.6835,2:16:20:450889,0
506.5329,251.7103,2:16:20:454964,0
501.9092,248.941,2:16:20:458886,0
496.9413,246.4341,2:16:20:463315,0
491.752,244.1604,2:16:20:466910,0
486.3168,242.0325,2:16:20:471369,0
480.6848,240.0502,2:16:20:474378,0
474.9299,238.2138,2:16:20:479004,0
469.0028,236.4648,2:16:20:483018,0
463.0511,234.8033,2:16:20:487364,0
457.0257,233.2,2:16:20:491374,0
450.9264,231.655,2:16:20:495372,0
444.778,230.1101,2:16:20:498377,0
438.5312,228.5652,2:16:20:503372,0
432.3089,227.0493,2:16:20:506701,0
426.1359,225.5918,2:16:20:511852,0
419.9383,224.1052,2:16:20:514862,0
413.7653,222.6185,2:16:20:518946,0
407.6414,221.161,2:16:20:522876,0
401.5667,219.7327,2:16:20:526861,0
395.7134,218.2752,2:16:20:530862,0
390.0815,216.876,2:16:20:535319,0
384.5233,215.5351,2:16:20:538996,0
379.1127,214.2816,2:16:20:543436,0
373.8496,213.1156,2:16:20:546443,0
368.7095,212.0079,2:16:20:551445,0
363.7907,210.9294,2:16:20:554445,0
359.0442,209.9675,2:16:20:559445,0
354.3221,209.1512,2:16:20:562443,0
349.7231,208.3934,2:16:20:567332,0
345.2963,207.7229,2:16:20:571340,0
340.894,207.1107,2:16:20:575348,0
336.713,206.5569,2:16:20:579344,0
332.5813,206.0614,2:16:20:583340,0
328.6217,205.6241,2:16:20:587340,0
324.7359,205.2451,2:16:20:591369,0
321.0222,204.8954,2:16:20:595380,0
317.4561,204.5455,2:16:20:599627,0
314.0868,204.2249,2:16:20:602637,0
310.8404,203.9334,2:16:20:606636,0
307.8646,203.6419,2:16:20:610639,0
305.0855,203.3212,2:16:20:614639,0
302.4785,203.0589,2:16:20:618635,0
300.0929,202.8257,2:16:20:623319,0
297.9287,202.5925,2:16:20:626646,0
295.9612,202.3593,2:16:20:631331,0
294.2888,202.1844,2:16:20:635358,0
292.887,201.8929,2:16:20:639318,0
291.6573,201.5139,2:16:20:642809,0
290.6735,200.9892,2:16:20:647371,653
289.9111,200.4354,2:16:20:650382,675
289.3701,199.765,2:16:20:655383,723
289.0258,199.0362,2:16:20:659392,776
288.8536,198.2491,2:16:20:663381,829
288.8536,197.4038,2:16:20:666384,853
288.8536,196.5585,2:16:20:671665,861
288.8536,195.8297,2:16:20:674675,856
289.4438,195.1593,2:16:20:678768,855
289.4438,194.5471,2:16:20:682677,859
290.5014,193.9641,2:16:20:686677,855
291.19,193.4394,2:16:20:690677,854
292.0262,192.973,2:16:20:695302,850
293.0099,192.5649,2:16:20:699302,849
294.0675,192.2151,2:16:20:703324,849
295.248,191.9236,2:16:20:707302,852
296.5023,191.7195,2:16:20:711316,919
297.8795,191.5446,2:16:20:715412,991
299.3797,191.4572,2:16:20:719352,1075
301.1013,191.4572,2:16:20:723353,1187
303.0196,191.4572,2:16:20:727352,1251
305.1838,191.4572,2:16:20:731356,1312
307.6186,191.4572,2:16:20:735358,1376
310.3485,191.4572,2:16:20:739369,1432
313.4228,191.4572,2:16:20:743256,1479
316.7429,191.4572,2:16:20:747260,1529
320.2106,191.4572,2:16:20:751614,1563
324.0226,191.4572,2:16:20:754627,1582
328.1544,191.4572,2:16:20:759628,1600
332.6059,191.4572,2:16:20:762646,1608
337.4262,191.4572,2:16:20:766677,1616
342.5172,191.4572,2:16:20:770628,1624
347.8294,191.4572,2:16:20:775312,1628
353.6335,191.4572,2:16:20:778635,1637
359.9295,191.4572,2:16:20:783434,1645
366.619,191.4572,2:16:20:786445,1653
373.5053,191.4572,2:16:20:791369,1658
380.7358,191.4572,2:16:20:795380,1666
388.3599,191.4572,2:16:20:799425,1678
396.2299,190.9325,2:16:20:802427,1690
404.4934,190.9325,2:16:20:807425,1702
412.9045,190.9325,2:16:20:811429,1710
421.5369,190.9325,2:16:20:814975,1718
430.0955,190.9325,2:16:20:818986,1723
438.8755,190.9325,2:16:20:823062,1732
447.6063,190.9325,2:16:20:826983,1769
456.2386,190.9325,2:16:20:831054,1806
464.6743,190.9325,2:16:20:834985,1850
472.9378,190.9325,2:16:20:839348,1898
480.9554,190.9325,2:16:20:843358,1922
488.604,191.5446,2:16:20:847358,1945
495.9821,191.5446,2:16:20:851362,1968
502.9422,191.5446,2:16:20:855700,2004
509.4595,191.5446,2:16:20:858711,2046
515.608,191.5446,2:16:20:863111,2092
521.5842,191.5446,2:16:20:867371,2153
527.1671,191.5446,2:16:20:871371,2200
532.3809,191.5446,2:16:20:875372,2244
537.1275,191.5446,2:16:20:879363,2289
541.6036,191.5446,2:16:20:883370,2312
545.7353,191.5446,2:16:20:887360,2333
549.4982,190.845,2:16:20:891371,2344
552.9167,190.845,2:16:20:895369,2348
555.9417,190.845,2:16:20:899370,2351
558.6224,190.2038,2:16:20:903599,2351
560.9343,190.2038,2:16:20:906609,2351
563.0739,190.2038,2:16:20:910629,2351
564.8693,189.8248,2:16:20:914607,2352
566.4432,189.8248,2:16:20:918611,2352
567.7467,189.8248,2:16:20:922607,2356
568.8043,189.8248,2:16:20:927370,2355
569.665,189.8248,2:16:20:931380,2358
570.2798,189.8248,2:16:20:935378,2356
570.7225,189.8248,2:16:20:938380,2355
571.0177,189.8248,2:16:20:942743,2356
571.239,189.8248,2:16:20:946754,2354
571.362,189.8248,2:16:20:950763,2355
571.4112,189.8248,2:16:20:954754,2361
571.4112,189.8248,2:16:20:959753,2371
571.4112,189.8248,2:16:20:962774,2388
571.4112,189.8248,2:16:20:966820,2410
571.4112,189.8248,2:16:20:970763,2426
571.4112,189.8248,2:16:20:975313,2439
571.4112,189.8248,2:16:20:978776,2441
571.4112,189.6207,2:16:20:983373,2439
571.4112,189.6207,2:16:20:986399,2438
570.7225,189.6207,2:16:20:991735,2422
570.7225,189.6207,2:16:20:994746,2382
570.0831,189.6207,2:16:20:998745,2303
569.665,189.6207,2:16:21:002746,2186
569.1732,189.6207,2:16:21:006745,2026
568.6567,189.6207,2:16:21:010748,1791
568.1156,190.2038,2:16:21:015369,1470
567.55,190.2038,2:16:21:019380,1052
567.0581,190.2038,2:16:21:023317,617
566.5416,190.6702,2:16:21:027328,283
566.0251,190.6702,2:16:21:031327,0
565.5825,190.6702,2:16:21:035328,0
565.2874,190.6702,2:16:21:039325,0
565.0414,190.6702,2:16:21:043328,0
564.8939,189.7082,2:16:21:047377,0
564.8447,188.9211,2:16:21:051386,0
564.8447,188.0175,2:16:21:054944,0
564.8447,186.8515,2:16:21:058943,0
564.8447,185.5689,2:16:21:063057,0
564.8447,184.228,2:16:21:066948,0
564.8447,182.8871,2:16:21:070602,0
564.8447,181.4296,2:16:21:074618,0
564.8447,179.9429,2:16:21:079369,0
564.8447,178.4272,2:16:21:082398,0
564.8447,176.7365,2:16:21:087370,0
564.8447,176.7365,2:16:21:105368,0
