264.1369,222.9392,4:10:41:577850,0
264.1369,222.9392,4:10:41:583861,0
264.1369,222.9392,4:10:41:587864,0
265.2436,222.0647,4:10:41:591860,0
265.2436,222.0647,4:10:41:596109,0
266.1044,221.1319,4:10:41:599693,0
266.1044,221.1319,4:10:41:603711,0
266.8176,220.1116,4:10:41:607708,0
267.2603,220.1116,4:10:41:611744,0
267.2603,219.0623,4:10:41:615711,0
267.2603,219.0623,4:10:41:619791,0
267.2603,219.0623,4:10:41:624002,0
267.2603,219.0623,4:10:41:628012,0
266.67,219.0623,4:10:41:632002,0
266.67,219.0623,4:10:41:635005,0
266.67,219.0623,4:10:41:639002,0
266.1044,219.8784,4:10:41:643152,0
266.1044,219.8784,4:10:41:648230,0
266.1044,219.8784,4:10:41:651241,0
265.6125,219.8784,4:10:41:655333,0
265.6125,220.4615,4:10:41:659239,0
265.6125,220.4615,4:10:41:663286,0
265.6125,220.4615,4:10:41:667250,0
265.6125,220.4615,4:10:41:671239,0
265.6125,220.9278,4:10:41:675239,0
265.6125,220.9278,4:10:41:679774,0
265.1206,220.9278,4:10:41:683774,0
265.1206,220.9278,4:10:41:687785,0
265.1206,220.9278,4:10:41:691784,0
264.6779,221.161,4:10:41:695786,0
264.6779,221.161,4:10:41:698785,0
264.3336,221.161,4:10:41:703780,0
264.3336,221.3942,4:10:41:707420,0
263.9155,221.5108,4:10:41:711430,0
263.645,221.6566,4:10:41:715430,0
263.4236,221.8898,4:10:41:719429,0
263.2023,222.0938,4:10:41:724123,0
263.0547,222.2979,4:10:41:727133,0
262.858,222.502,4:10:41:731133,0
262.6859,222.7352,4:10:41:735136,0
262.5875,222.7934,4:10:41:739168,0
262.4891,222.9392,4:10:41:743727,0
262.4645,222.9392,4:10:41:747547,0
262.4645,222.9392,4:10:41:751546,0
262.3661,222.9392,4:10:41:755779,0
262.3415,222.9392,4:10:41:759727,0
262.2924,222.9392,4:10:41:763734,0
262.2678,222.9392,4:10:41:767739,0
262.1694,222.9392,4:10:41:771735,0
262.1202,222.9392,4:10:41:775766,0
262.0218,222.9392,4:10:41:779111,0
261.8988,222.9392,4:10:41:783111,0
261.8005,222.9392,4:10:41:787112,0
261.6775,222.9392,4:10:41:791111,0
261.5791,222.9392,4:10:41:795679,0
261.4561,222.9392,4:10:41:799722,0
261.3578,222.9392,4:10:41:803731,0
261.2102,222.9392,4:10:41:807730,0
261.0872,222.9392,4:10:41:811732,0
260.9643,222.9392,4:10:41:815731,0
260.8905,222.9392,4:10:41:819732,0
260.7921,222.9392,4:10:41:823772,0
260.6692,222.9392,4:10:41:827680,0
260.62,223.289,4:10:41:831722,0
260.5216,223.289,4:10:41:835729,0
260.4478,223.289,4:10:41:839690,0
260.374,223.289,4:10:41:843713,0
260.3003,223.4639,4:10:41:848122,0
260.2265,223.4639,4:10:41:851132,0
260.1773,223.5805,4:10:41:855132,0
260.1035,223.6096,4:10:41:859132,0
260.0789,223.668,4:10:41:863135,0
260.0789,223.7262,4:10:41:867132,0
260.0543,223.7554,4:10:41:871288,0
260.0297,223.7554,4:10:41:875955,0
260.0297,223.8137,4:10:41:878966,0
260.0297,223.8137,4:10:41:882966,0
259.9805,223.8137,4:10:41:886968,0
259.9805,223.8137,4:10:41:890966,0
259.9805,223.8137,4:10:41:894966,0
259.9805,223.8137,4:10:41:898968,0
259.9805,223.8137,4:10:41:903776,0
259.9805,223.8137,4:10:41:907640,0
259.9805,223.8137,4:10:41:911651,0
259.9805,223.8137,4:10:41:915659,0
259.9805,223.8137,4:10:41:919650,0
259.9805,223.8137,4:10:41:923650,0
259.9805,223.3181,4:10:41:927449,0
259.9805,223.3181,4:10:41:931627,0
259.9805,223.3181,4:10:41:935638,0
259.9805,223.3181,4:10:41:939721,0
259.9805,222.9975,4:10:41:943751,0
259.9805,222.9975,4:10:41:946734,0
259.4886,222.9975,4:10:41:951729,0
259.4886,222.9975,4:10:41:956004,0
259.4886,222.7643,4:10:41:959014,0
259.0214,222.7643,4:10:41:963737,0
259.0214,222.7643,4:10:41:967744,0
258.7017,222.7643,4:10:41:970744,0
258.7017,222.7643,4:10:41:975744,0
258.4311,222.7643,4:10:41:979744,0
258.4311,222.7643,4:10:41:982742,0
258.259,222.7643,4:10:41:987744,0
258.259,222.7643,4:10:41:992103,0
258.1852,222.7643,4:10:41:995116,0
258.1852,222.7643,4:10:41:999167,0
258.1852,222.7643,4:10:42:003113,0
258.1852,222.7643,4:10:42:007113,0
258.1852,222.0938,4:10:42:011114,0
258.1852,222.0938,4:10:42:015113,0
258.7017,221.4234,4:10:42:019911,0
258.7017,221.4234,4:10:42:023425,0
258.7017,220.5197,4:10:42:027426,0
259.3411,219.9659,4:10:42:031425,0
259.3411,219.4412,4:10:42:035424,0
259.71,218.9165,4:10:42:039686,185
259.71,218.4501,4:10:42:043694,188
260.0789,217.9254,4:10:42:047696,194
260.0789,217.4007,4:10:42:051697,205
260.4232,216.9926,4:10:42:055414,220
260.6446,216.5845,4:10:42:059428,244
260.8659,216.2639,4:10:42:063492,278
261.1364,215.914,4:10:42:067422,317
261.4561,215.5934,4:10:42:071750,351
261.8005,215.3019,4:10:42:075271,377
262.1202,215.0979,4:10:42:079271,395
262.4891,214.9812,4:10:42:083776,448
262.858,214.9521,4:10:42:087789,516
263.2023,214.9521,4:10:42:091786,598
263.5712,214.9521,4:10:42:095786,704
263.9893,214.9521,4:10:42:099787,793
264.3828,215.7683,4:10:42:103774,899
264.8255,215.7683,4:10:42:107786,1000
265.2436,216.7303,4:10:42:111793,1082
265.6371,217.3716,4:10:42:115785,1152
266.0552,218.1295,4:10:42:119782,1225
266.4979,219.0331,4:10:42:123785,1306
266.8914,219.9951,4:10:42:127784,1385
267.2603,221.1319,4:10:42:130983,1476
267.58,222.327,4:10:42:134994,1543
267.8505,223.6096,4:10:42:138993,1602
268.0719,224.9797,4:10:42:142991,1663
268.2686,226.4081,4:10:42:146991,1716
268.4654,227.8656,4:10:42:151294,1764
268.5146,229.3813,4:10:42:156263,1815
268.5392,230.9554,4:10:42:159274,1867
268.5392,232.5296,4:10:42:164273,1908
268.5392,234.1619,4:10:42:167273,1945
268.5392,235.7943,4:10:42:171339,1972
268.5392,237.4267,4:10:42:175274,1991
267.9735,239.0883,4:10:42:179713,2006
267.9735,240.6915,4:10:42:183419,2021
267.1127,242.3531,4:10:42:187167,2021
266.4979,243.9855,4:10:42:191054,2023
265.6617,245.5596,4:10:42:195110,2027
264.7763,247.192,4:10:42:199085,2027
263.6942,248.8244,4:10:42:203146,2049
262.5137,250.4276,4:10:42:207147,2063
261.2594,252.0018,4:10:42:211147,2063
259.9313,253.6924,4:10:42:215147,2075
258.5541,255.2666,4:10:42:219763,2075
257.0785,256.8406,4:10:42:223773,2068
255.652,258.2982,4:10:42:227624,2074
254.1764,259.7265,4:10:42:231585,2068
252.75,260.9217,4:10:42:235584,2068
251.3727,262.0002,4:10:42:239584,2077
250.0201,262.8747,4:10:42:243449,2080
248.815,263.4577,4:10:42:247459,2081
247.6099,263.7784,4:10:42:251459,2079
246.5523,263.895,4:10:42:255459,2074
245.5686,263.895,4:10:42:259620,2070
244.6586,263.895,4:10:42:263662,2074
243.847,262.9038,4:10:42:267663,2077
243.1338,262.2334,4:10:42:271775,2080
242.4698,261.4172,4:10:42:275785,2084
241.9041,260.4553,4:10:42:279856,2079
241.486,259.4059,4:10:42:283856,2084
241.1663,258.3856,4:10:42:287856,2087
240.945,257.4528,4:10:42:290856,2086
240.7728,256.5783,4:10:42:295868,2093
240.7482,255.7038,4:10:42:298854,2087
240.7482,254.9459,4:10:42:303807,2091
240.7482,254.2755,4:10:42:307808,2096
240.7482,253.7216,4:10:42:311807,2097
241.3631,253.3135,4:10:42:315809,2098
241.3631,252.9637,4:10:42:319812,2092
241.8795,252.6431,4:10:42:323807,2084
241.8795,252.3515,4:10:42:327762,2076
242.4698,252.1475,4:10:42:330775,2078
242.4698,252.06,4:10:42:335773,2075
243.06,251.9435,4:10:42:338797,2075
243.06,251.9143,4:10:42:343775,2075
243.6749,251.9143,4:10:42:347773,2069
244.0192,251.9143,4:10:42:351765,2071
244.3635,251.9143,4:10:42:354790,2081
244.7078,251.9143,4:10:42:359776,2099
245.1259,251.9143,4:10:42:363776,2128
245.5932,251.9143,4:10:42:367776,2168
246.0851,251.9143,4:10:42:370776,2213
246.6753,252.6722,4:10:42:375775,2254
247.3147,252.6722,4:10:42:379776,2292
248.028,253.1969,4:10:42:383765,2334
248.7658,253.1969,4:10:42:387785,2373
249.5774,253.7507,4:10:42:391776,2417
250.4628,253.7507,4:10:42:395776,2463
251.3973,254.4212,4:10:42:399777,2499
252.3565,254.8584,4:10:42:403778,2524
253.3894,255.354,4:10:42:407784,2542
254.4715,255.9079,4:10:42:411790,2551
255.5782,256.4908,4:10:42:415790,2562
256.7342,257.1613,4:10:42:419804,2568
257.8901,257.89,4:10:42:423773,2570
259.0952,258.6771,4:10:42:427796,2575
260.2757,259.3767,4:10:42:431784,2577
261.4561,260.1638,4:10:42:435799,2580
262.6859,260.8633,4:10:42:439793,2590
263.9155,261.5338,4:10:42:443784,2595
265.1206,262.0876,4:10:42:447785,2593
266.3503,262.5249,4:10:42:451782,2596
267.6292,262.9038,4:10:42:455796,2598
268.9326,263.1079,4:10:42:459791,2603
270.2361,263.1662,4:10:42:463808,2613
271.5396,263.1662,4:10:42:467585,2621
272.8185,263.1662,4:10:42:471585,2624
274.0974,262.2917,4:10:42:475619,2622
275.4254,262.2917,4:10:42:479585,2620
276.7043,260.8925,4:10:42:484739,2619
277.9586,259.9597,4:10:42:487735,2622
279.1391,258.9103,4:10:42:491983,2625
280.3195,257.8318,4:10:42:495993,2628
281.4509,256.6366,4:10:42:499993,2636
282.533,255.4123,4:10:42:503634,2637
283.5659,254.1588,4:10:42:507664,2637
284.5743,252.8179,4:10:42:511593,2635
285.4843,251.4479,4:10:42:515609,2626
286.3204,250.0779,4:10:42:519593,2621
287.1075,248.6786,4:10:42:523589,2610
287.7961,247.0754,4:10:42:527590,2604
288.4109,245.5013,4:10:42:531772,2594
288.9766,243.7814,4:10:42:535780,2588
289.4438,242.0616,4:10:42:539781,2587
289.8373,240.2543,4:10:42:543783,2585
290.1571,238.3595,4:10:42:547780,2585
290.3784,236.4648,4:10:42:551715,2585
290.526,234.5409,4:10:42:555724,2582
290.526,232.617,4:10:42:559726,2579
290.526,230.7514,4:10:42:564199,2574
290.526,228.8858,4:10:42:567199,2567
290.526,227.1077,4:10:42:571201,2569
290.526,225.4461,4:10:42:575199,2564
289.8865,223.8428,4:10:42:579767,2568
289.8865,222.502,4:10:42:583780,2592
289.3455,221.2776,4:10:42:587704,2630
289.3455,220.2574,4:10:42:591746,2700
288.8536,219.3537,4:10:42:595752,2792
288.8536,218.7416,4:10:42:599729,2892
288.4355,218.246,4:10:42:603744,2985
288.4355,217.9545,4:10:42:608758,3047
288.1404,217.7796,4:10:42:611880,3078
288.1404,217.6339,4:10:42:614889,3084
288.1404,217.6339,4:10:42:618890,3085
288.1404,217.6339,4:10:42:622890,3110
288.1404,218.3918,4:10:42:628009,3153
288.1404,219.0914,4:10:42:631020,3211
288.1404,220.0242,4:10:42:635470,3276
288.1404,221.2193,4:10:42:639473,3333
288.7306,222.6185,4:10:42:643470,3392
288.7306,224.3092,4:10:42:647471,3451
289.2471,226.1749,4:10:42:651292,3518
289.2471,228.1279,4:10:42:655302,3587
289.9111,230.1976,4:10:42:659661,3642
290.28,232.3838,4:10:42:663683,3687
290.6981,234.5701,4:10:42:667661,3710
291.067,236.8438,4:10:42:671660,3718
291.4359,239.1758,4:10:42:675713,3729
291.7802,241.5661,4:10:42:679231,3732
292.1492,244.0146,4:10:42:683896,3734
292.5673,246.5215,4:10:42:686902,3751
292.9362,249.2325,4:10:42:691416,3761
293.4034,252.0892,4:10:42:695418,3740
293.8461,255.0625,4:10:42:699410,3654
294.3872,258.0067,4:10:42:703413,3469
295.0266,260.9217,4:10:42:707767,3171
295.7644,263.7492,4:10:42:711781,2732
296.5023,266.4601,4:10:42:715603,2076
297.2401,268.9088,4:10:42:719604,1313
297.9287,270.9784,4:10:42:723604,665
298.6911,272.64,4:10:42:727604,0
299.3551,273.9225,4:10:42:731681,0
299.97,274.8845,4:10:42:735688,0
300.4127,275.4966,4:10:42:739713,0
300.6832,275.7299,4:10:42:743724,0
300.757,275.7299,4:10:42:747722,0
300.757,275.7299,4:10:42:751724,0
300.757,275.0302,4:10:42:756051,0
300.757,275.0302,4:10:42:759092,0
299.8962,273.8059,4:10:42:763823,0
299.3551,273.223,4:10:42:766825,0
298.6911,272.6691,4:10:42:771824,0
297.9287,272.6691,4:10:42:775824,0
297.0925,271.882,4:10:42:778824,0
296.1825,271.882,4:10:42:783768,0
295.1004,271.882,4:10:42:787778,0
293.9937,271.882,4:10:42:791781,0
292.9116,271.882,4:10:42:795778,0
291.7556,272.844,4:10:42:799532,0
290.5752,273.5144,4:10:42:803533,0
289.4193,274.2723,4:10:42:807532,0
288.3125,275.1469,4:10:42:811533,0
287.2058,276.1963,4:10:42:815761,0
286.1237,277.304,4:10:42:819093,0
285.0662,278.3825,4:10:42:823141,0
283.9102,279.4902,4:10:42:827145,0
282.7789,280.7145,4:10:42:831144,0
281.5984,281.9971,4:10:42:835150,0
280.3933,283.2214,4:10:42:839769,0
279.1391,284.504,4:10:42:842779,0
277.8356,285.7866,4:10:42:847840,0
276.4829,287.0692,4:10:42:850850,0
275.0811,288.2061,4:10:42:855848,0
273.7284,289.372,4:10:42:859871,0
272.4004,290.3923,4:10:42:862850,0
271.0723,291.3542,4:10:42:867256,0
269.7443,292.3745,4:10:42:871209,0
268.3916,293.2198,4:10:42:875209,0
267.1127,293.9486,4:10:42:879228,0
265.8584,294.5899,4:10:42:883209,0
264.7025,295.377,4:10:42:887211,0
263.5466,295.9891,4:10:42:891722,0
262.3907,296.5138,4:10:42:895733,0
261.3086,296.951,4:10:42:899731,0
260.374,297.3008,4:10:42:903753,0
259.4886,297.5632,4:10:42:907768,0
258.7509,297.709,4:10:42:910778,0
258.013,297.7672,4:10:42:915774,0
257.4228,297.7672,4:10:42:919785,0
256.9555,297.7672,4:10:42:923771,0
256.562,297.7672,4:10:42:926781,0
256.2669,296.8053,4:10:42:931779,0
256.0455,296.8053,4:10:42:935795,0
255.898,295.6976,4:10:42:939781,0
255.8242,294.9688,4:10:42:942781,0
255.775,294.2109,4:10:42:947853,0
255.7504,293.3656,4:10:42:951863,0
255.652,292.4328,4:10:42:955776,0
255.5536,291.4709,4:10:42:958789,1644
255.4553,290.5381,4:10:42:963786,1701
255.3323,289.6927,4:10:42:966789,1778
255.2094,288.8765,4:10:42:971917,1889
255.0618,288.2643,4:10:42:974930,2051
254.9388,287.623,4:10:42:979718,2180
254.8404,287.1858,4:10:42:983725,2295
254.8158,286.836,4:10:42:987726,2372
254.8158,286.632,4:10:42:991729,2403
254.8158,286.5154,4:10:42:995728,2423
254.8158,286.4862,4:10:42:999728,2456
255.5536,286.4862,4:10:43:003769,2518
255.5536,286.4862,4:10:43:007779,2591
256.4882,286.4862,4:10:43:011779,2673
257.0785,287.3315,4:10:43:015779,2766
257.7917,287.3315,4:10:43:020099,2846
258.5541,288.4684,4:10:43:023109,2918
259.3657,289.1389,4:10:43:027110,2986
260.2265,289.955,4:10:43:031108,3041
261.1118,290.9461,4:10:43:035109,3098
262.0218,292.0247,4:10:43:039109,3159
262.981,293.1907,4:10:43:042911,3210
263.9893,294.3567,4:10:43:047159,3249
265.0222,295.581,4:10:43:051881,3276
266.1044,296.8053,4:10:43:055923,3290
267.3341,298.0587,4:10:43:058950,3302
268.6375,299.2248,4:10:43:063942,3312
270.0394,300.245,4:10:43:067932,3323
271.5888,301.1778,4:10:43:070922,3335
273.1382,301.9066,4:10:43:075900,3348
274.7368,302.5187,4:10:43:078912,3358
276.4583,302.9268,4:10:43:083908,3370
278.1799,303.1309,4:10:43:086910,3380
279.8523,303.1309,4:10:43:090913,3384
281.5001,303.1309,4:10:43:095908,3390
283.1724,303.1309,4:10:43:099957,3391
284.7956,301.7317,4:10:43:102966,3392
286.345,300.7989,4:10:43:107772,3396
287.8452,299.6328,4:10:43:111287,3396
289.3209,298.2628,4:10:43:115286,3398
290.6981,296.7762,4:10:43:119287,3404
292.0262,295.1729,4:10:43:123287,3402
293.2805,293.453,4:10:43:127287,3400
294.4364,291.704,4:10:43:131778,3394
295.4939,289.8968,4:10:43:135315,3382
296.4285,288.1186,4:10:43:139318,3368
297.2892,286.3405,4:10:43:145316,3358
298.0025,284.504,4:10:43:147317,3346
298.5681,282.6675,4:10:43:151318,3333
299.0108,280.8019,4:10:43:155337,3328
299.2567,278.9655,4:10:43:159347,3324
299.3551,277.1582,4:10:43:164318,3323
299.3551,275.38,4:10:43:167329,3319
299.3551,273.7185,4:10:43:171770,3309
298.6173,272.1152,4:10:43:175781,3299
298.0763,270.7452,4:10:43:179781,3288
297.3876,269.5209,4:10:43:182781,3278
296.576,268.559,4:10:43:188070,3273
295.6661,267.8302,4:10:43:191080,3262
294.6823,267.3347,4:10:43:195171,3258
293.6986,267.1306,4:10:43:199083,3262
292.641,267.1306,4:10:43:203083,3264
291.6327,267.1306,4:10:43:207081,3271
290.6735,267.1306,4:10:43:211898,3270
289.7635,268.3841,4:10:43:214908,3267
288.952,269.1419,4:10:43:218947,3265
288.2879,270.0456,4:10:43:222911,3264
287.7223,271.0367,4:10:43:226908,3270
287.3288,272.1152,4:10:43:230909,3272
287.0583,273.1938,4:10:43:235773,3272
286.9353,274.3015,4:10:43:238782,3272
286.9353,275.38,4:10:43:243784,3264
286.9353,276.4586,4:10:43:247802,3250
286.9353,277.4206,4:10:43:251988,3218
287.8452,278.295,4:10:43:254999,3121
287.8452,279.0821,4:10:43:259637,2936
288.9766,279.7526,4:10:43:263813,2624
289.6898,280.2481,4:10:43:267812,2111
290.5014,280.5979,4:10:43:271821,1424
291.3867,280.5979,4:10:43:276058,796
292.3213,280.5979,4:10:43:279069,303
293.3051,280.5979,4:10:43:283068,0
294.4118,279.6942,4:10:43:287094,0
295.5431,278.8489,4:10:43:291084,0
296.7728,277.7412,4:10:43:295069,0
298.1254,276.342,4:10:43:299711,0
299.5519,274.6805,4:10:43:303102,0
301.0275,272.8148,4:10:43:307102,0
302.6261,270.716,4:10:43:311715,0
304.2493,268.4424,4:10:43:315726,0
305.8971,265.9646,4:10:43:319724,0
307.6432,263.3411,4:10:43:322723,0
309.4386,260.5427,4:10:43:327727,0
311.2093,257.5694,4:10:43:331726,0
312.9555,254.4503,4:10:43:335763,0
314.8,251.3604,4:10:43:338773,0
316.6445,248.2414,4:10:43:343761,0
318.5136,245.239,4:10:43:346771,0
320.4074,242.3531,4:10:43:351710,0
322.2027,239.5255,4:10:43:354890,0
323.9981,236.9895,4:10:43:359155,0
325.6458,234.6575,4:10:43:363155,0
327.1215,232.5878,4:10:43:367155,0
328.4249,230.5765,4:10:43:371218,0
329.6546,228.7401,4:10:43:375155,0
330.7122,226.991,4:10:43:379713,0
331.5729,225.2712,4:10:43:383110,0
332.3354,223.668,4:10:43:387710,0
332.901,222.2104,4:10:43:391719,0
333.3191,220.7821,4:10:43:395720,0
333.8356,219.3537,4:10:43:399721,0
334.2045,217.9837,4:10:43:403719,0
334.475,216.672,4:10:43:407720,0
334.6718,215.3893,4:10:43:411719,0
334.8931,214.2525,4:10:43:415774,0
335.0161,213.2031,4:10:43:419781,0
335.139,212.1828,4:10:43:423761,0
335.2866,211.1917,4:10:43:427126,0
335.385,210.2881,4:10:43:431210,0
335.4833,209.5593,4:10:43:435210,0
335.5817,208.8889,4:10:43:439291,0
335.6801,208.3059,4:10:43:443211,0
335.7293,207.6938,4:10:43:447770,0
335.8031,207.2274,4:10:43:450780,0
335.9014,206.7027,4:10:43:455717,0
335.926,206.2654,4:10:43:459264,0
335.9752,205.8573,4:10:43:463719,0
336.049,205.4492,4:10:43:467729,0
336.0982,205.0119,4:10:43:471206,0
336.0982,204.5164,4:10:43:475206,0
336.0982,204.0791,4:10:43:479205,1284
336.1474,203.6711,4:10:43:483209,1322
336.1474,203.2921,4:10:43:488018,1384
336.1474,202.9715,4:10:43:491031,1459
336.1474,202.7091,4:10:43:495076,1542
336.1474,202.4467,4:10:43:499031,1597
336.1474,202.3593,4:10:43:503054,1663
336.1474,202.3593,4:10:43:507094,1775
336.1474,202.3593,4:10:43:511665,1918
336.1474,202.3593,4:10:43:515672,2080
336.836,202.3593,4:10:43:519150,2221
336.836,203.4087,4:10:43:523164,2347
337.5492,203.4087,4:10:43:527189,2469
338.0165,204.5455,4:10:43:531152,2587
338.533,205.3326,4:10:43:535075,2717
339.074,206.1779,4:10:43:539083,2829
339.5659,207.1691,4:10:43:543085,2926
340.107,208.2476,4:10:43:547084,3019
340.6726,209.4136,4:10:43:551841,3091
341.1891,210.6671,4:10:43:554852,3155
341.7548,212.0079,4:10:43:559853,3207
342.2712,213.4363,4:10:43:563867,3242
342.7877,214.9812,4:10:43:567862,3272
343.3042,216.7011,4:10:43:570854,3295
343.8206,218.5084,4:10:43:575776,3306
344.3125,220.374,4:10:43:578789,3317
344.7552,222.3562,4:10:43:583771,3327
345.2225,224.3676,4:10:43:587782,3334
345.6652,226.3206,4:10:43:591332,3342
346.0341,228.2737,4:10:43:595321,3351
346.4276,230.1393,4:10:43:599320,3364
346.7965,231.7717,4:10:43:603344,3374
347.067,233.2874,4:10:43:607348,3383
347.3621,234.5701,4:10:43:611358,3386
347.6081,235.6194,4:10:43:615773,3384
347.7556,236.4648,4:10:43:618785,3376
347.9278,237.1061,4:10:43:623722,3374
348.0016,237.5725,4:10:43:627733,3378
348.0753,237.864,4:10:43:631732,3388
348.1245,237.9806,4:10:43:635733,3396
348.1245,237.9806,4:10:43:639730,3400
348.1245,237.9806,4:10:43:642730,3390
348.1245,237.9806,4:10:43:647764,3374
348.1245,237.0186,4:10:43:650774,3361
348.1245,237.0186,4:10:43:655775,3314
347.6081,235.6486,4:10:43:659775,3268
347.6081,234.7741,4:10:43:663894,3214
346.9686,233.6955,4:10:43:666892,3149
346.4767,232.4713,4:10:43:671763,3110
345.8865,231.0721,4:10:43:674787,3077
345.1979,229.5562,4:10:43:679764,3053
344.3617,227.8073,4:10:43:683819,3042
343.4271,226,4:10:43:689798,3031
342.3204,224.1344,4:10:43:691799,3027
341.1399,222.2979,4:10:43:694799,3020
339.861,220.4615,4:10:43:699800,3018
338.4838,218.7416,4:10:43:703891,3016
337.0573,217.2258,4:10:43:707406,3012
335.6309,215.914,4:10:43:711408,3012
334.2291,214.8355,4:10:43:715409,3008
332.901,213.9901,4:10:43:719491,3019
331.6221,213.3197,4:10:43:723408,3034
330.3924,212.8533,4:10:43:727507,3053
329.3349,212.4743,4:10:43:731513,3072
328.4003,212.2995,4:10:43:735597,3084
327.6379,212.212,4:10:43:739597,3089
326.9247,212.212,4:10:43:743597,3089
326.2607,212.212,4:10:43:747597,3090
325.7196,212.9991,4:10:43:751316,3090
325.2278,212.9991,4:10:43:755327,3093
324.8097,214.34,4:10:43:759420,3097
324.4653,215.3019,4:10:43:763453,3101
324.1456,216.4679,4:10:43:767710,3103
323.8997,217.838,4:10:43:771460,3106
323.6783,219.4412,4:10:43:775923,3113
323.58,221.161,4:10:43:778936,3113
323.58,222.9975,4:10:43:782933,3122
323.58,224.8048,4:10:43:786936,3128
323.58,226.7287,4:10:43:790936,3132
324.1702,228.536,4:10:43:794939,3139
324.1702,230.1976,4:10:43:799709,3142
324.9818,231.6842,4:10:43:802944,3143
325.5475,232.9959,4:10:43:807353,3144
326.2115,234.0162,4:10:43:811364,3147
326.9493,234.8615,4:10:43:815365,3148
327.7609,235.4737,4:10:43:819364,3148
328.6709,235.8235,4:10:43:823770,3152
329.7038,235.9401,4:10:43:827781,3153
330.8597,235.9401,4:10:43:831409,3148
332.1386,235.9401,4:10:43:835416,3140
333.4912,234.8615,4:10:43:839415,3100
334.8685,234.0453,4:10:43:843418,3011
336.2458,233.0542,4:10:43:847593,2851
337.6476,231.8882,4:10:43:851600,2609
338.951,230.5473,4:10:43:855600,2249
340.1808,229.1481,4:10:43:859600,1757
341.1645,227.5449,4:10:43:864171,1152
342.0007,225.8542,4:10:43:867181,616
342.6401,224.1052,4:10:43:871754,225
343.0828,222.4436,4:10:43:875756,0
343.3533,220.8696,4:10:43:879756,0
343.4763,219.412,4:10:43:883761,0
343.4763,218.0712,4:10:43:887937,0
343.4763,216.8177,4:10:43:890945,0
343.4763,215.7975,4:10:43:894944,0
343.4763,214.9812,4:10:43:898945,0
343.4763,214.3983,4:10:43:904147,0
342.9106,213.7569,4:10:43:907157,0
342.9106,213.2031,4:10:43:911563,0
342.9106,212.7367,4:10:43:915618,0
342.9106,212.2411,4:10:43:919334,0
343.6977,211.7747,4:10:43:923333,0
344.2633,211.3375,4:10:43:927343,0
344.9519,210.8128,4:10:43:931333,0
345.6898,210.3172,4:10:43:935331,0
346.6243,209.7634,4:10:43:939304,0
347.7065,209.1804,4:10:43:943345,0
348.8623,208.5974,4:10:43:947711,0
350.092,207.927,4:10:43:951723,0
351.4201,207.2856,4:10:43:955721,0
352.8219,206.586,4:10:43:959720,0
354.2484,205.9156,4:10:43:963759,0
355.6994,205.216,4:10:43:967770,0
357.1505,204.6039,4:10:43:971735,0
358.4539,204.0208,4:10:43:975735,0
359.7574,203.5253,4:10:43:978735,0
360.9379,203.0589,4:10:43:983760,0
362.0692,202.7091,4:10:43:986771,0
362.93,202.4176,4:10:43:991771,0
363.717,202.1844,4:10:43:995771,0
364.4056,202.0678,4:10:43:999945,0
364.8729,202.0095,4:10:44:002955,0
365.4139,201.922,4:10:44:007759,0
365.7091,201.8638,4:10:44:010770,0
365.9058,201.8638,4:10:44:015769,0
365.9058,201.8638,4:10:44:019770,0
365.9058,201.8055,4:10:44:023769,0
365.9058,201.7763,4:10:44:026787,0
365.9058,201.6306,4:10:44:031759,0
365.168,201.4848,4:10:44:035774,0
365.168,201.2516,4:10:44:039912,0
364.4056,200.9892,4:10:44:043912,0
364.4056,200.6978,4:10:44:047915,0
363.7907,200.2896,4:10:44:050913,0
363.7907,199.8524,4:10:44:055774,0
363.3727,199.3568,4:10:44:059784,0
363.3727,198.8613,4:10:44:063230,0
363.3727,198.3366,4:10:44:067249,0
363.3727,197.6953,4:10:44:071230,0
363.3727,196.9957,4:10:44:075234,0
363.3727,196.2378,4:10:44:079715,1129
363.3727,195.3633,4:10:44:083325,1171
363.3727,194.5471,4:10:44:087333,1253
363.3727,193.6434,4:10:44:091781,1389
364.0121,192.7398,4:10:44:095790,1584
364.0121,191.7778,4:10:44:099780,1780
364.8975,190.9908,4:10:44:103781,1954
365.4385,190.2912,4:10:44:107763,2085
366.0534,189.7082,4:10:44:111773,2159
366.7912,189.2126,4:10:44:115774,2194
367.4306,188.8337,4:10:44:119774,2215
368.0947,188.6005,4:10:44:123773,2247
368.7833,188.4839,4:10:44:127782,2294
369.4719,188.4839,4:10:44:131549,2353
370.1605,188.4839,4:10:44:135427,2423
370.8737,188.4839,4:10:44:139427,2492
371.5624,189.6207,4:10:44:143427,2557
372.2264,190.2912,4:10:44:147714,2616
372.915,191.1657,4:10:44:151461,2669
373.5299,192.1277,4:10:44:156461,2709
374.0955,193.2354,4:10:44:159475,2751
374.6612,194.4014,4:10:44:163491,2795
375.1776,195.7131,4:10:44:167465,2833
375.6941,197.0248,4:10:44:171831,2865
376.1614,198.3949,4:10:44:175842,2896
376.5795,199.765,4:10:44:179842,2915
376.9976,201.1933,4:10:44:182873,2935
377.3173,202.5925,4:10:44:187762,2955
377.5633,203.9626,4:10:44:191791,2968
377.7354,205.3618,4:10:44:195856,2978
377.8338,206.7027,4:10:44:198856,2985
377.8338,208.0727,4:10:44:202901,2993
377.8338,209.4136,4:10:44:207924,2998
377.8338,210.7253,4:10:44:210913,3005
377.0468,212.0079,4:10:44:214911,3015
377.0468,213.2031,4:10:44:218913,3027
375.9647,214.34,4:10:44:222914,3032
375.2514,215.3602,4:10:44:226916,3043
374.4398,216.3513,4:10:44:230921,3051
373.5299,217.2549,4:10:44:235717,3052
372.5707,218.042,4:10:44:238929,3053
371.5624,218.7416,4:10:44:242928,3051
370.5294,219.3246,4:10:44:246929,3047
369.4473,219.8493,4:10:44:250991,3046
368.4144,220.2574,4:10:44:254929,3048
367.3814,220.578,4:10:44:259449,3047
366.3977,220.6655,4:10:44:263466,3050
365.5369,220.6655,4:10:44:267761,3051
364.7007,220.6655,4:10:44:271293,3050
363.9629,220.6655,4:10:44:275309,3047
363.3972,219.5869,4:10:44:279320,3045
362.8808,219.5869,4:10:44:283430,3042
362.4627,218.3918,4:10:44:287319,3038
362.1184,217.6631,4:10:44:291380,3038
361.8478,216.876,4:10:44:295319,3032
361.6265,216.0598,4:10:44:299766,3028
361.5035,215.3602,4:10:44:303792,3028
361.4052,214.6606,4:10:44:307402,3023
361.356,213.9901,4:10:44:311326,3024
361.356,213.378,4:10:44:315359,3021
361.356,212.795,4:10:44:319326,3016
361.356,212.416,4:10:44:323335,3009
361.356,212.0079,4:10:44:327360,3004
361.356,211.7747,4:10:44:331687,2999
362.0938,211.5999,4:10:44:335698,2994
362.0938,211.5999,4:10:44:339697,2995
362.7578,211.4832,4:10:44:343698,2994
362.7578,211.4832,4:10:44:347698,2993
363.6186,211.4832,4:10:44:351698,2998
364.1351,211.4832,4:10:44:355868,2999
364.7745,212.3286,4:10:44:359388,3005
365.4631,212.3286,4:10:44:363430,3008
366.2255,213.2905,4:10:44:367385,3008
366.9388,213.9319,4:10:44:371408,3020
367.7503,214.6315,4:10:44:375386,3028
368.5865,215.3019,4:10:44:379764,3039
369.4473,216.1181,4:10:44:382777,3054
370.3819,216.9926,4:10:44:387540,3063
371.3164,217.9837,4:10:44:391555,3065
372.3002,219.0623,4:10:44:395553,3072
373.2839,220.1991,4:10:44:399550,3077
374.2677,221.3942,4:10:44:403553,3080
375.2268,222.6185,4:10:44:407550,3075
376.2106,223.9594,4:10:44:411771,3039
377.1451,225.2712,4:10:44:414792,2942
378.1289,226.4955,4:10:44:419782,2777
379.0881,227.6615,4:10:44:423792,2498
380.0964,228.7401,4:10:44:427954,2046
381.1539,229.5854,4:10:44:430971,1426
382.2361,230.2558,4:10:44:435964,820
383.2936,230.7222,4:10:44:438964,335
384.4003,230.9554,4:10:44:442962,0
385.4825,230.9846,4:10:44:446962,0
386.4908,230.9846,4:10:44:451768,0
387.45,230.9846,4:10:44:454806,0
388.3599,229.5854,4:10:44:459778,0
389.2699,228.7401,4:10:44:463798,0
390.0815,227.6906,4:10:44:467778,0
390.8685,226.5538,4:10:44:471779,0
391.4833,225.2421,4:10:44:475675,0
392.0736,223.7554,4:10:44:478789,0
392.6392,222.2979,4:10:44:483766,0
393.1065,220.6072,4:10:44:487789,0
393.5492,218.8873,4:10:44:491766,0
393.8689,216.9926,4:10:44:495779,0
394.1148,215.0396,4:10:44:499775,0
394.3362,213.0282,4:10:44:502777,0
394.5575,210.9877,4:10:44:507792,0
394.8035,209.0347,4:10:44:510802,0
394.9756,207.1107,4:10:44:515768,0
395.197,205.3035,4:10:44:518778,0
395.3937,203.5544,4:10:44:523766,0
395.5905,202.0095,4:10:44:527777,0
395.7626,200.5811,4:10:44:531776,0
395.8856,199.2111,4:10:44:534776,0
396.0086,197.9576,4:10:44:539776,0
396.1315,196.7334,4:10:44:542789,0
396.3037,195.509,4:10:44:547785,0
396.4267,194.2847,4:10:44:550791,0
396.5742,193.1187,4:10:44:555767,0
396.771,191.9527,4:10:44:558792,0
396.9185,190.8159,4:10:44:562880,0
397.1153,189.679,4:10:44:566911,0
397.2874,188.4839,4:10:44:571889,0
397.435,187.2887,4:10:44:574890,1503
397.5826,186.2393,4:10:44:578892,1544
397.6809,185.1899,4:10:44:582889,1632
397.7547,184.228,4:10:44:587795,1782
397.9023,183.2952,4:10:44:591801,1991
398.0252,182.5373,4:10:44:594900,2216
398.1482,181.9252,4:10:44:598910,2408
398.2466,181.517,4:10:44:602958,2543
398.3942,181.2547,4:10:44:606910,2666
398.5909,181.1964,4:10:44:611769,2773
398.7631,181.1964,4:10:44:614779,2918
399.0582,181.1964,4:10:44:618962,3099
399.3533,182.2166,4:10:44:622904,3268
399.7468,183.0329,4:10:44:626991,3445
400.1403,183.9948,4:10:44:630990,3593
400.6814,185.2191,4:10:44:635990,3729
401.1978,186.5891,4:10:44:639990,3854
401.7635,188.1633,4:10:44:643582,3960
402.3292,189.8248,4:10:44:647589,4053
402.9194,191.5155,4:10:44:651589,4139
403.4851,193.3228,4:10:44:655589,4208
404.0507,195.1593,4:10:44:660286,4249
404.6656,196.9957,4:10:44:663296,4287
405.2558,198.803,4:10:44:667296,4306
405.8461,200.5811,4:10:44:671296,4324
406.4609,202.3302,4:10:44:675346,4338
407.0511,204.0208,4:10:44:679344,4349
407.6414,205.6532,4:10:44:684342,4355
408.3055,207.2274,4:10:44:689343,4346
408.9203,208.7431,4:10:44:691359,4308
409.5351,210.2298,4:10:44:696347,4192
410.2238,211.5999,4:10:44:699982,3972
410.9124,212.8824,4:10:44:702992,3612
411.6256,214.0776,4:10:44:707711,3070
412.4126,215.127,4:10:44:711376,2266
413.2242,216.0015,4:10:44:715805,1399
414.0604,216.7303,4:10:44:718815,679
414.872,217.2258,4:10:44:723814,0
415.7574,217.5173,4:10:44:727816,0
416.6427,217.6631,4:10:44:731939,0
417.5035,217.6631,4:10:44:734949,0
418.5118,217.6631,4:10:44:738948,0
419.6432,216.4971,4:10:44:743951,0
420.7253,215.71,4:10:44:746952,0
421.955,214.5732,4:10:44:751759,0
423.3568,213.378,4:10:44:755118,0
424.8816,211.8913,4:10:44:759141,0
426.431,210.1423,4:10:44:764139,0
428.1034,208.3351,4:10:44:767141,0
429.7266,206.4695,4:10:44:771115,0
431.276,204.5455,4:10:44:775765,0
432.8746,202.5634,4:10:44:779080,0
434.3994,200.5811,4:10:44:783082,0
435.8504,198.6281,4:10:44:787080,0
437.1785,196.7917,4:10:44:791079,0
438.4574,195.0135,4:10:44:796127,0
439.6625,193.2645,4:10:44:799757,0
440.7692,191.603,4:10:44:803767,0
441.8021,189.9997,4:10:44:807706,0
442.7367,188.513,4:10:44:811213,0
443.5975,187.0847,4:10:44:815757,0
444.2861,185.7146,4:10:44:818768,0
444.9009,184.4029,4:10:44:823767,0
445.3682,183.2369,4:10:44:827769,0
445.7863,182.0417,4:10:44:831765,0
446.1552,180.9049,4:10:44:835768,0
446.4012,179.8264,4:10:44:839758,0
446.6717,178.7769,4:10:44:843769,0
446.893,177.8733,4:10:44:847757,0
447.1144,176.9405,4:10:44:851767,0
447.4095,176.0368,4:10:44:855765,0
447.68,175.2206,4:10:44:858767,0
447.9506,174.521,4:10:44:863766,0
448.2211,173.8506,4:10:44:866767,0
448.5654,173.2384,4:10:44:871757,0
448.8605,172.7137,4:10:44:875573,0
449.1802,172.1891,4:10:44:879678,0
449.5,171.7809,4:10:44:883576,0
449.7705,171.3728,4:10:44:887675,0
450.0164,170.9648,4:10:44:891574,0
450.2378,170.6441,4:10:44:895706,0
450.4345,170.3235,4:10:44:899588,0
450.5821,169.9445,4:10:44:902901,0
450.6805,169.5947,4:10:44:906905,1353
450.7296,169.274,4:10:44:911151,1417
450.7788,168.9534,4:10:44:915158,1556
450.8034,168.6911,4:10:44:919206,1767
450.8034,168.4287,4:10:44:923158,2056
450.8034,168.1664,4:10:44:927757,2346
450.8034,167.9915,4:10:44:931767,2598
450.8034,167.8748,4:10:44:935324,2789
450.8034,167.7874,4:10:44:939321,2897
450.8034,167.7874,4:10:44:943399,2935
450.8034,167.7874,4:10:44:947321,2957
450.8034,167.7874,4:10:44:951714,3004
450.8034,167.7874,4:10:44:955404,3105
450.8034,168.4579,4:10:44:959452,3252
450.8034,168.4579,4:10:44:963376,3408
451.3937,169.5364,4:10:44:967430,3552
451.3937,170.2652,4:10:44:971379,3673
452.2299,171.1688,4:10:44:975712,3768
452.8447,172.1599,4:10:44:979743,3858
453.4596,173.2968,4:10:44:983667,3941
454.0744,174.5793,4:10:44:987675,4010
454.763,175.862,4:10:44:991732,4076
455.55,177.3777,4:10:44:995728,4125
456.3862,179.0101,4:10:44:999742,4162
457.2962,180.8174,4:10:45:003751,4193
458.1324,182.7997,4:10:45:007713,4211
458.9932,184.8693,4:10:45:011724,4224
459.8539,186.9973,4:10:45:015708,4234
460.7639,189.1543,4:10:45:019731,4240
461.5755,191.3698,4:10:45:023716,4223
462.2887,193.4977,4:10:45:027723,4137
462.9282,195.4507,4:10:45:031715,3958
463.4446,197.258,4:10:45:035716,3677
463.9611,198.8904,4:10:45:038853,3284
464.3546,200.3188,4:10:45:043859,2781
464.6743,201.5139,4:10:45:047136,2133
464.9203,202.5634,4:10:45:051149,1352
465.117,203.2921,4:10:45:055146,705
465.2646,203.8168,4:10:45:059149,0
465.3383,204.1083,4:10:45:063165,0
465.3383,204.1958,4:10:45:067147,0
465.3383,204.1958,4:10:45:071713,0
465.3383,204.1958,4:10:45:075755,0
465.3383,203.1755,4:10:45:079758,0
465.3383,202.5051,4:10:45:082775,0
465.3383,201.7471,4:10:45:086810,0
465.3383,200.8435,4:10:45:090832,0
465.3383,199.9398,4:10:45:095855,0
465.3383,198.9487,4:10:45:098855,0
465.3383,197.9576,4:10:45:103854,0
464.6743,196.9666,4:10:45:106855,0
464.6743,196.0046,4:10:45:111766,0
464.1086,195.0718,4:10:45:115777,0
464.1086,194.1973,4:10:45:119706,0
463.42,193.3228,4:10:45:122904,0
463.0265,192.5649,4:10:45:127756,0
462.5838,191.8653,4:10:45:130766,0
462.092,191.1949,4:10:45:135766,0
461.5509,190.5827,4:10:45:139779,0
460.9361,190.0289,4:10:45:143768,0
460.2966,189.5333,4:10:45:147766,0
459.5834,189.0378,4:10:45:151762,0
458.7964,188.6005,4:10:45:154772,0
458.1078,188.0758,4:10:45:159757,0
457.37,187.6385,4:10:45:163769,0
456.6567,187.1138,4:10:45:167767,0
455.8943,186.56,4:10:45:171769,0
455.1811,185.977,4:10:45:175768,1147
454.4925,185.4231,4:10:45:178768,1193
453.8531,184.811,4:10:45:184235,1300
453.2628,184.1989,4:10:45:187233,1450
452.6234,183.7033,4:10:45:191234,1639
452.0577,183.1494,4:10:45:195238,1852
451.4921,182.7122,4:10:45:199764,2021
450.9264,182.3916,4:10:45:203775,2156
450.4591,182.1292,4:10:45:207485,2266
449.9673,181.9252,4:10:45:211485,2310
449.4508,181.8669,4:10:45:215487,2336
449.0327,181.8669,4:10:45:219484,2359
448.59,181.8669,4:10:45:223705,2378
448.2211,181.8669,4:10:45:226834,2400
447.803,181.8669,4:10:45:231065,2430
447.4587,182.7997,4:10:45:235073,2467
447.139,182.7997,4:10:45:239075,2510
446.7946,183.7616,4:10:45:243075,2548
446.5241,184.3446,4:10:45:247755,2585
446.1798,184.9568,4:10:45:251766,2610
445.9093,185.6855,4:10:45:255767,2618
445.6388,186.4142,4:10:45:259788,2621
445.3928,187.2305,4:10:45:263789,2627
445.1715,188.0758,4:10:45:266769,2625
444.9993,189.0086,4:10:45:271705,2633
444.8271,189.9997,4:10:45:275715,2642
444.7042,191.0491,4:10:45:279757,2646
444.655,192.1568,4:10:45:283783,2655
444.6304,193.2937,4:10:45:287767,2663
444.6304,194.5179,4:10:45:291768,2670
444.6304,195.7422,4:10:45:295767,2681
444.6304,196.9957,4:10:45:299770,2689
444.6304,198.3074,4:10:45:303307,2696
445.2452,199.5318,4:10:45:307306,2699
445.2452,200.7269,4:10:45:311771,2698
445.2452,201.8929,4:10:45:315781,2698
445.8109,203.0006,4:10:45:319779,2697
445.8109,204.0791,4:10:45:323781,2703
445.8109,205.0994,4:10:45:327782,2709
446.1552,206.0322,4:10:45:330781,2716
446.1552,206.9359,4:10:45:335760,2719
446.1552,207.7229,4:10:45:339771,2724
446.1552,208.5099,4:10:45:343408,2728
446.1552,209.1804,4:10:45:347416,2735
445.4666,209.7634,4:10:45:351414,2745
445.4666,210.2589,4:10:45:355425,2750
444.5566,210.6962,4:10:45:360167,2757
443.8926,211.0751,4:10:45:364177,2762
443.1548,211.3375,4:10:45:367178,2767
442.3186,211.4832,4:10:45:371178,2772
441.4086,211.5999,4:10:45:375293,2782
440.3757,211.5999,4:10:45:379178,2795
439.269,211.5999,4:10:45:383758,2820
438.1131,211.5999,4:10:45:387769,2853
436.8834,211.5999,4:10:45:391769,2896
435.6045,210.7253,4:10:45:395769,2942
434.2764,210.7253,4:10:45:399769,2982
432.9484,209.6176,4:10:45:403769,3023
431.5711,208.8598,4:10:45:407698,3055
430.2185,207.9852,4:10:45:411314,3075
428.915,206.965,4:10:45:414864,3089
427.7837,205.7407,4:10:45:418868,3102
426.8245,204.3707,4:10:45:422924,3106
425.9391,202.8257,4:10:45:426869,3112
425.226,201.0767,4:10:45:430998,3115
424.6849,199.0654,4:10:45:435008,3101
424.316,196.8791,4:10:45:439008,3092
424.193,194.5471,4:10:45:443008,3082
424.1684,192.2151,4:10:45:447647,3060
424.1684,189.9414,4:10:45:451657,3012
424.1684,187.6969,4:10:45:455400,2912
424.1684,185.7438,4:10:45:459058,2738
424.1684,184.0531,4:10:45:464301,2462
424.98,182.6248,4:10:45:467307,2045
424.98,181.6045,4:10:45:471310,1465
425.8408,180.8174,4:10:45:475310,872
426.3818,180.2928,4:10:45:479891,393
426.9475,179.9721,4:10:45:482901,0
427.5378,179.8555,4:10:45:487468,0
428.1034,179.8264,4:10:45:491388,0
428.5707,179.8264,4:10:45:495502,0
429.0134,179.8264,4:10:45:499388,0
429.3085,179.8264,4:10:45:503755,0
429.3085,179.8264,4:10:45:507766,0
429.7266,180.4968,4:10:45:511605,0
429.7266,180.4968,4:10:45:515539,0
429.9725,180.4968,4:10:45:519643,0
429.9725,181.1964,4:10:45:523539,0
430.0709,181.1964,4:10:45:527977,0
430.0709,181.1964,4:10:45:530988,0
430.0709,181.7211,4:10:45:534987,0
430.0709,181.7211,4:10:45:538988,0
429.3823,181.7211,4:10:45:542990,0
429.3823,181.7211,4:10:45:546991,0
428.4969,181.7211,4:10:45:552104,0
427.8083,180.9341,4:10:45:555114,0
426.9967,180.9341,4:10:45:559114,0
426.0867,180.0887,4:10:45:563114,0
424.8816,179.5349,4:10:45:568116,0
423.3814,178.981,4:10:45:572128,0
421.7582,178.4272,4:10:45:575705,0
419.8153,177.815,4:10:45:579593,0
417.7249,177.1154,4:10:45:583709,0
415.5606,176.5324,4:10:45:587720,0
413.2242,175.8911,4:10:45:591719,0
410.6664,175.2206,4:10:45:595719,0
408.1333,174.7542,4:10:45:599753,0
405.4771,174.3461,4:10:45:603763,0
402.6489,173.8506,4:10:45:607754,0
399.4763,173.4133,4:10:45:610767,0
396.2299,173.1219,4:10:45:615942,0
392.836,172.8304,4:10:45:618952,0
389.3683,172.6846,4:10:45:622978,0
385.8759,172.6846,4:10:45:626952,0
382.3098,172.6846,4:10:45:630954,0
378.7191,172.6846,4:10:45:634950,0
375.2514,172.6846,4:10:45:639703,0
371.9559,173.5008,4:10:45:643071,0
368.562,173.5008,4:10:45:647755,0
365.2172,174.1712,4:10:45:651766,0
361.8478,174.1712,4:10:45:655767,0
358.5769,174.9,4:10:45:659766,0
355.2813,175.4247,4:10:45:664035,0
352.1333,175.8911,4:10:45:667046,0
348.8869,176.5616,4:10:45:671105,0
345.5422,177.2612,4:10:45:675046,0
342.4434,177.9316,4:10:45:680087,0
339.2954,178.6895,4:10:45:683096,0
336.1474,179.4182,4:10:45:687697,0
332.901,180.2928,4:10:45:691728,0
329.6792,181.1089,4:10:45:695752,0
326.482,182.0126,4:10:45:699764,0
323.4324,182.7413,4:10:45:703760,0
320.5549,183.5284,4:10:45:706762,0
317.7513,184.3446,4:10:45:711762,0
315.0459,185.1899,4:10:45:714762,0
312.5865,185.8895,4:10:45:719755,0
310.2747,186.5891,4:10:45:723774,0
308.0859,187.2305,4:10:45:727757,0
306.0938,187.7843,4:10:45:731767,0
304.2493,188.3382,4:10:45:735767,0
302.6015,188.7754,4:10:45:739765,0
301.0029,189.2126,4:10:45:743767,0
299.4781,189.5625,4:10:45:746770,0
298.1254,189.9414,4:10:45:751921,0
296.9203,190.2912,4:10:45:754931,0
295.8874,190.6993,4:10:45:759766,0
294.9037,191.0782,4:10:45:763776,0
294.0921,191.4572,4:10:45:767825,0
293.3788,191.807,4:10:45:771823,0
292.8378,192.1568,4:10:45:775825,0
292.4689,192.3609,4:10:45:779856,0
292.1492,192.6232,4:10:45:783710,0
291.9524,192.8273,4:10:45:787720,0
291.7802,192.8564,4:10:45:791710,0
291.6573,192.8564,4:10:45:794954,639
291.5589,192.8564,4:10:45:799711,659
291.5097,192.8564,4:10:45:803039,691
291.4113,192.8564,4:10:45:807187,730
291.3867,192.8564,4:10:45:811195,769
291.3376,192.8564,4:10:45:815197,784
291.313,192.8564,4:10:45:819198,787
291.313,192.8564,4:10:45:823762,779
291.313,192.8564,4:10:45:826772,774
291.313,192.8564,4:10:45:831709,768
291.313,192.8564,4:10:45:835256,769
291.313,192.8564,4:10:45:839259,780
291.313,192.8564,4:10:45:843256,809
291.313,192.8564,4:10:45:847282,871
291.9032,192.8564,4:10:45:851256,943
291.9032,193.4977,4:10:45:855754,1041
292.5427,193.4977,4:10:45:859765,1147
293.0345,193.4977,4:10:45:863705,1239
293.6986,193.4977,4:10:45:867715,1323
294.5594,193.9058,4:10:45:871755,1386
295.5923,193.9058,4:10:45:875763,1424
297.0433,193.9058,4:10:45:879944,1482
298.8878,193.9058,4:10:45:882954,1554
301.2488,192.769,4:10:45:886956,1620
304.1509,192.1277,4:10:45:890956,1693
307.5694,191.224,4:10:45:895060,1754
311.4061,190.2329,4:10:45:898959,1783
315.8083,189.0378,4:10:45:903709,1821
320.9239,187.6969,4:10:45:906991,1857
326.6542,186.2393,4:10:45:911045,1894
332.8272,184.7236,4:10:45:915048,1953
339.2216,183.1786,4:10:45:919050,2007
346.157,181.6337,4:10:45:923051,2058
353.6089,180.0887,4:10:45:927761,2091
361.356,178.6021,4:10:45:931772,2122
369.226,177.1445,4:10:45:935771,2150
377.2435,175.7745,4:10:45:939772,2180
385.3103,174.4628,4:10:45:943771,2215
393.3279,173.151,4:10:45:947772,2246
401.1487,171.9267,4:10:45:951234,2276
408.6989,170.7607,4:10:45:955800,2303
415.9541,169.6821,4:10:45:959782,2317
422.8158,168.6328,4:10:45:963796,2321
429.4069,167.6708,4:10:45:966782,2322
435.211,166.8255,4:10:45:971248,2322
440.3757,166.0384,4:10:45:975264,2323
444.7534,165.3388,4:10:45:979777,2325
448.7375,164.7267,4:10:45:983783,2328
451.9594,164.202,4:10:45:986908,2332
454.4679,163.7647,4:10:45:990922,2335
456.3616,163.3857,4:10:45:995828,2345
457.7635,163.0943,4:10:45:998839,2383
458.7472,162.8611,4:10:46:003838,2443
459.3375,162.7153,4:10:46:006840,2511
459.8047,162.657,4:10:46:011838,2574
459.9277,162.5987,4:10:46:014838,2604
459.9277,162.5987,4:10:46:018836,2608
459.9277,162.5987,4:10:46:022838,2589
459.9277,162.5987,4:10:46:027687,2537
459.1653,162.5987,4:10:46:031686,2448
459.1653,162.5987,4:10:46:035687,2307
458.5505,163.24,4:10:46:039689,2086
458.5505,163.24,4:10:46:043079,1765
458.5505,163.24,4:10:46:047088,1327
458.0832,163.24,4:10:46:051194,817
458.0832,163.823,4:10:46:055111,405
458.0832,163.823,4:10:46:059660,0
458.0832,163.823,4:10:46:063501,0
459.0424,163.823,4:10:46:067600,0
459.0424,163.823,4:10:46:071501,0
459.9769,163.823,4:10:46:075500,0
460.4934,162.8027,4:10:46:079501,0
460.9607,162.8027,4:10:46:083702,0
461.4279,161.8991,4:10:46:087724,0
461.7968,161.3744,4:10:46:091705,0
462.1411,161.3744,4:10:46:095716,0
462.1411,160.4707,4:10:46:099712,0
462.6084,160.0043,4:10:46:102712,0
462.6084,159.6546,4:10:46:107715,0
462.6084,159.6546,4:10:46:111715,0
462.8298,159.1299,4:10:46:115752,0
462.8298,159.1299,4:10:46:119268,0
462.8298,158.8383,4:10:46:123771,0
462.8298,158.8383,4:10:46:127777,0
462.8298,158.576,4:10:46:131341,0
462.8298,158.4594,4:10:46:135334,0
462.8298,158.3428,4:10:46:139386,0
462.8298,158.1971,4:10:46:143331,0
462.8298,158.0513,4:10:46:147771,0
463.9119,157.8764,4:10:46:151287,0
463.9119,157.8764,4:10:46:169755,0
