292.2229,219.5869,4:19:44:018319,0
292.2229,219.5869,4:19:44:022189,0
293.2559,219.5869,4:19:44:026194,0
293.8461,218.2752,4:19:44:030712,0
294.4364,217.459,4:19:44:034711,0
295.0758,216.5553,4:19:44:038719,0
295.789,215.506,4:19:44:042720,0
296.5023,214.34,4:19:44:046719,0
297.5352,213.1156,4:19:44:050722,0
297.9287,212.212,4:19:44:054907,0
298.3714,211.2792,4:19:44:058935,0
298.7403,210.6671,4:19:44:061917,0
299.2813,210.1423,4:19:44:065919,0
299.9946,209.7634,4:19:44:070929,0
300.3881,209.7634,4:19:44:074709,0
300.7816,209.7634,4:19:44:078242,0
300.7816,209.7634,4:19:44:082699,0
301.3472,209.7634,4:19:44:086710,0
301.4948,210.6962,4:19:44:089710,0
301.6915,211.3667,4:19:44:094709,0
301.6915,212.1537,4:19:44:098709,0
301.6915,213.0282,4:19:44:102961,0
301.6915,213.9319,4:19:44:105975,0
301.0275,214.748,4:19:44:109972,0
301.0275,215.4768,4:19:44:113972,0
300.3143,216.1764,4:19:44:117977,0
300.3143,216.7594,4:19:44:121977,0
299.5027,217.2258,4:19:44:127144,0
299.5027,217.6339,4:19:44:130072,0
298.7895,217.6339,4:19:44:134108,0
298.3222,217.9254,4:19:44:138072,0
297.8057,217.9254,4:19:44:142090,0
297.2892,218.1295,4:19:44:146696,0
296.822,218.1295,4:19:44:150643,0
296.2563,218.246,4:19:44:154650,0
295.789,218.2752,4:19:44:158650,0
295.2726,218.3335,4:19:44:162651,0
294.8053,218.3918,4:19:44:166698,0
294.4118,218.4792,4:19:44:170695,0
293.9691,218.5376,4:19:44:174606,0
293.6248,218.5959,4:19:44:178616,0
293.2559,218.6833,4:19:44:182614,0
292.9362,218.6833,4:19:44:186617,0
292.5919,218.6833,4:19:44:190646,0
292.2475,218.6833,4:19:44:194797,0
291.9524,218.6833,4:19:44:198093,0
291.5589,218.6833,4:19:44:202094,0
291.2146,218.6833,4:19:44:206093,0
290.8211,218.6833,4:19:44:210093,0
290.4768,218.6833,4:19:44:214096,0
290.0341,218.042,4:19:44:218093,0
289.6406,218.042,4:19:44:222108,0
289.1979,217.459,4:19:44:226703,0
288.7306,217.459,4:19:44:230631,0
288.2879,216.876,4:19:44:234641,0
287.8452,216.876,4:19:44:238641,0
287.4026,216.2056,4:19:44:242641,0
287.0091,215.7975,4:19:44:246823,0
286.591,215.3893,4:19:44:250104,0
286.1975,215.0396,4:19:44:255105,0
285.8531,214.6897,4:19:44:258129,0
285.5334,214.3983,4:19:44:262162,0
285.2875,214.1651,4:19:44:266112,0
285.017,213.9901,4:19:44:270634,0
284.8202,213.8736,4:19:44:274650,0
284.6727,213.8152,4:19:44:278659,0
284.5497,213.7278,4:19:44:282691,0
284.4513,213.6987,4:19:44:286661,0
284.3775,213.6112,4:19:44:290659,0
284.3283,213.582,4:19:44:294676,0
284.2546,213.582,4:19:44:298686,0
284.2054,213.582,4:19:44:302696,0
284.1316,213.5237,4:19:44:306118,0
284.0824,213.4655,4:19:44:310118,0
284.0332,213.378,4:19:44:314118,0
283.9348,213.2905,4:19:44:318118,0
283.8611,213.1448,4:19:44:322119,0
283.7873,212.9991,4:19:44:326121,0
283.7381,212.7367,4:19:44:330118,0
283.7381,212.4743,4:19:44:334643,0
283.7381,212.1828,4:19:44:338696,0
283.7381,211.8913,4:19:44:342705,0
283.7381,211.4832,4:19:44:346704,0
283.7381,210.9585,4:19:44:350707,0
284.3529,210.3172,4:19:44:354821,1860
284.3529,209.6176,4:19:44:357834,1884
285.3121,208.8015,4:19:44:361831,1941
286.0745,207.8978,4:19:44:365831,2036
287.0091,206.965,4:19:44:369832,2168
288.2141,205.9739,4:19:44:373850,2305
289.5914,205.1577,4:19:44:378537,2419
291.1654,204.429,4:19:44:382547,2504
292.8378,203.9626,4:19:44:386563,2566
294.5102,203.7876,4:19:44:390549,2631
296.1825,203.7876,4:19:44:394567,2709
297.7811,203.7876,4:19:44:399073,2801
299.1584,205.3618,4:19:44:402091,2900
300.2897,206.6152,4:19:44:406083,2983
301.1013,208.2184,4:19:44:410083,3055
301.4456,210.0257,4:19:44:414083,3116
301.4456,212.2411,4:19:44:418108,3159
301.4456,214.7772,4:19:44:422183,3191
300.5356,217.459,4:19:44:426130,3211
299.5027,220.3157,4:19:44:430130,3219
298.1992,223.1724,4:19:44:434372,3231
296.6006,226.0582,4:19:44:438373,3251
294.8791,228.8275,4:19:44:442375,3287
293.0345,231.5093,4:19:44:446375,3351
291.0916,233.8705,4:19:44:450643,3432
289.1241,235.8818,4:19:44:454289,3539
287.1566,237.5725,4:19:44:458582,3643
285.2629,238.9717,4:19:44:462614,3747
283.443,240.0502,4:19:44:466592,3870
281.7952,240.8373,4:19:44:470592,3986
280.2212,241.3037,4:19:44:474592,4113
278.8931,241.5078,4:19:44:478591,4226
277.7372,241.5078,4:19:44:482418,4327
276.7289,241.5078,4:19:44:486304,4406
275.9419,240.575,4:19:44:490304,4496
275.4254,239.8462,4:19:44:494305,4603
275.0319,239.03,4:19:44:498304,4711
274.9089,238.1555,4:19:44:502630,4821
274.9089,237.281,4:19:44:506639,4898
274.9089,236.4939,4:19:44:510638,4938
274.9089,235.8235,4:19:44:514640,4951
275.6468,235.3571,4:19:44:518638,4956
275.6468,235.3571,4:19:44:522637,4956
276.7535,235.3571,4:19:44:526647,4955
277.4421,235.3571,4:19:44:530640,4964
278.2045,236.5814,4:19:44:534809,4972
279.0653,237.6891,4:19:44:538424,4984
279.9998,239.03,4:19:44:542394,5003
281.0328,240.6041,4:19:44:546396,5005
282.1149,242.4114,4:19:44:550415,5002
283.0987,244.3936,4:19:44:554638,4983
284.0824,246.3758,4:19:44:558652,4939
285.017,248.2997,4:19:44:562587,4871
285.8777,250.2236,4:19:44:566584,4767
286.7631,252.2058,4:19:44:570657,4627
287.5993,254.1006,4:19:44:574587,4438
288.4355,255.9079,4:19:44:578001,4175
289.2963,257.6277,4:19:44:582013,3829
290.1817,259.231,4:19:44:586012,3392
291.0916,260.601,4:19:44:590029,2870
292.0262,261.9419,4:19:44:594015,2180
293.0345,262.9038,4:19:44:598495,1385
293.9937,263.5743,4:19:44:602438,728
294.9774,263.9824,4:19:44:606556,0
295.8382,264.0699,4:19:44:610438,0
296.6498,264.0699,4:19:44:614457,0
297.3876,263.1953,4:19:44:618087,0
297.8549,262.2334,4:19:44:622092,0
298.2238,260.9799,4:19:44:626642,0
298.396,259.4933,4:19:44:630565,0
298.396,257.7443,4:19:44:634576,0
298.396,255.7621,4:19:44:638575,0
297.7565,253.6342,4:19:44:642575,0
297.7565,251.5062,4:19:44:646576,0
296.6006,249.4366,4:19:44:650576,0
295.9612,247.4835,4:19:44:654576,0
295.248,245.8802,4:19:44:658570,0
294.5594,244.4519,4:19:44:662596,0
293.9199,243.4608,4:19:44:666607,0
293.2313,242.8778,4:19:44:670606,0
292.5673,242.6446,4:19:44:674607,0
291.9032,242.6446,4:19:44:678605,0
291.2146,242.6446,4:19:44:682622,0
290.5998,243.7523,4:19:44:685986,0
290.0587,243.7523,4:19:44:690574,0
289.5176,244.8017,4:19:44:694584,0
289.0258,244.8017,4:19:44:698584,3504
288.706,245.6179,4:19:44:702584,3496
288.4355,245.6179,4:19:44:706585,3490
288.3125,245.6179,4:19:44:709751,3484
288.3125,246.1134,4:19:44:713787,3482
288.3125,246.1134,4:19:44:717762,3497
288.3125,246.1134,4:19:44:721762,3531
289.2471,246.1134,4:19:44:725762,3622
289.8373,246.4924,4:19:44:730968,3767
290.5998,246.4924,4:19:44:733979,3955
291.5589,246.4924,4:19:44:737977,4162
292.764,246.4924,4:19:44:741988,4355
294.0675,246.4924,4:19:44:745977,4527
295.5431,245.5304,4:19:44:749981,4671
297.2155,244.8308,4:19:44:754693,4807
299.1338,243.9855,4:19:44:757704,4930
301.1996,242.907,4:19:44:762635,5030
303.3639,241.6535,4:19:44:765789,5130
305.6019,240.196,4:19:44:770566,5206
307.84,238.4762,4:19:44:774571,5270
310.1272,236.4939,4:19:44:778645,5322
312.3652,234.3077,4:19:44:782568,5349
314.4557,231.83,4:19:44:786684,5365
316.4232,229.0898,4:19:44:790694,5374
318.1693,226.2914,4:19:44:794061,5388
319.7679,223.4056,4:19:44:798005,5409
321.1698,220.5489,4:19:44:802063,5463
322.3749,217.8088,4:19:44:806006,5547
323.3094,215.3019,4:19:44:809672,5674
324.0718,213.0282,4:19:44:814013,5865
324.6129,211.1335,4:19:44:818129,6095
324.9818,209.6176,4:19:44:822137,6327
325.2032,208.3934,4:19:44:826388,6531
325.3015,207.548,4:19:44:830392,6677
325.3261,206.8775,4:19:44:834390,6743
325.3261,206.4695,4:19:44:838390,6769
325.3261,206.2654,4:19:44:842631,6769
325.3261,206.2654,4:19:44:846402,6754
325.3261,206.2654,4:19:44:850634,6764
324.5637,207.3731,4:19:44:854288,6792
324.5637,208.3351,4:19:44:858345,6834
323.8751,209.5885,4:19:44:862342,6894
323.8751,211.1917,4:19:44:866398,6949
322.9897,213.2614,4:19:44:870342,6992
322.4978,215.6517,4:19:44:874607,7028
322.0305,218.3627,4:19:44:878617,7052
321.5633,221.2776,4:19:44:882615,7064
321.1698,224.3676,4:19:44:886655,7074
320.8255,227.5157,4:19:44:890617,7074
320.5549,230.6931,4:19:44:894571,7039
320.3336,233.8705,4:19:44:898591,6968
320.1368,236.8729,4:19:44:902574,6828
319.9893,239.7296,4:19:44:906572,6587
319.8909,242.4697,4:19:44:910667,6242
319.8417,245.0058,4:19:44:914678,5812
319.8417,247.3378,4:19:44:918730,5334
319.8417,249.6115,4:19:44:922734,4826
319.8417,251.7686,4:19:44:926747,4289
319.8417,253.8965,4:19:44:930747,3676
319.8417,255.937,4:19:44:935049,2963
319.8417,257.8609,4:19:44:938055,2055
319.8417,259.5516,4:19:44:942689,1203
319.8417,261.0966,4:19:44:946699,551
319.8417,262.4083,4:19:44:950700,0
319.8417,263.4577,4:19:44:953699,0
318.9563,264.2448,4:19:44:958699,0
318.2677,264.5945,4:19:44:962013,0
317.4561,264.6237,4:19:44:966907,0
316.3986,264.6237,4:19:44:969909,0
315.1443,264.6237,4:19:44:973911,0
313.7179,263.4868,4:19:44:977909,0
312.0455,262.7873,4:19:44:982688,0
310.2747,262.0876,4:19:44:986029,0
308.4548,261.3881,4:19:44:990084,0
306.5857,260.7759,4:19:44:994028,0
304.6182,260.7759,4:19:44:998030,0
302.6015,260.0471,4:19:45:002030,0
300.511,260.0471,4:19:45:007038,0
298.3468,260.0471,4:19:45:010044,0
296.2317,260.0471,4:19:45:013940,0
294.0429,260.9217,4:19:45:017951,0
291.7556,261.7087,4:19:45:021953,0
289.4438,262.6123,4:19:45:025951,0
287.1075,263.6326,4:19:45:029951,0
284.7956,264.7403,4:19:45:034953,0
282.4838,265.9063,4:19:45:037950,0
280.2704,267.1306,4:19:45:042992,0
278.0323,268.2675,4:19:45:045996,0
275.9419,269.3752,4:19:45:049993,0
274.0728,270.3662,4:19:45:054010,0
272.2528,271.1824,4:19:45:057995,0
270.6788,271.9403,4:19:45:061993,0
269.277,272.4942,4:19:45:066685,0
268.0473,272.844,4:19:45:070695,0
267.0881,273.0772,4:19:45:073696,0
266.3011,273.0772,4:19:45:078686,0
265.6371,273.0772,4:19:45:081993,0
265.0468,273.0772,4:19:45:085992,0
264.6534,271.7946,4:19:45:090045,0
264.309,270.6577,4:19:45:093992,2599
263.9893,269.1419,4:19:45:098329,2625
263.7926,267.218,4:19:45:102245,2699
263.6696,264.9443,4:19:45:106244,2841
263.6204,262.35,4:19:45:110247,3017
263.6204,259.4641,4:19:45:114596,3181
263.6204,256.2577,4:19:45:118118,3312
264.3828,252.9054,4:19:45:122198,3388
264.3828,249.3199,4:19:45:127115,3441
265.6125,245.4722,4:19:45:130124,3494
266.3011,241.362,4:19:45:134116,3563
267.1373,236.7854,4:19:45:138691,3648
268.1703,232.034,4:19:45:142703,3748
269.3507,227.1368,4:19:45:146695,3850
270.7772,222.0647,4:19:45:149708,3924
272.3512,216.9052,4:19:45:154715,3968
274.1711,211.6873,4:19:45:158705,3996
276.2616,206.4403,4:19:45:162703,4011
278.6718,201.2516,4:19:45:165705,4022
281.2295,196.471,4:19:45:170283,4042
283.9102,191.8945,4:19:45:174242,4053
286.7877,187.6094,4:19:45:178243,4058
289.6898,183.6741,4:19:45:182240,4066
292.764,180.147,4:19:45:186239,4063
296.0104,177.232,4:19:45:190239,4059
299.3059,174.8708,4:19:45:194681,4059
302.6507,173.2093,4:19:45:198693,4056
306.02,172.0724,4:19:45:202691,4055
309.3156,171.4895,4:19:45:206693,4060
312.4636,171.4603,4:19:45:210690,4070
315.464,171.4603,4:19:45:214692,4085
318.0956,172.9761,4:19:45:217866,4108
320.3336,174.4628,4:19:45:221867,4148
322.2765,176.5324,4:19:45:226866,4201
323.7767,179.0976,4:19:45:229867,4264
324.8834,182.0417,4:19:45:234849,4331
325.7196,185.3065,4:19:45:237848,4385
326.2115,188.6588,4:19:45:242690,4421
326.4328,192.1859,4:19:45:245701,4448
326.4328,195.6548,4:19:45:250633,4464
326.4328,199.1236,4:19:45:254643,4471
326.4328,202.2719,4:19:45:258641,4473
325.4245,205.216,4:19:45:262644,4436
325.4245,207.927,4:19:45:266644,4349
324.367,210.4047,4:19:45:270643,4202
323.7767,212.7659,4:19:45:274691,3968
323.1865,214.9812,4:19:45:278704,3661
322.6454,217.08,4:19:45:282701,3264
322.1781,219.0623,4:19:45:286701,2735
321.7108,220.9278,4:19:45:290701,2040
321.3419,222.502,4:19:45:294702,1266
321.0222,223.872,4:19:45:298691,630
321.0222,225.0963,4:19:45:302704,0
320.6779,226,4:19:45:306701,0
320.6779,226.4664,4:19:45:310702,0
320.6779,226.6996,4:19:45:314701,0
320.6779,226.6996,4:19:45:317986,0
321.2928,226.6996,4:19:45:321804,0
321.2928,225.4753,4:19:45:325822,0
322.4978,224.6299,4:19:45:330688,0
323.334,223.6096,4:19:45:334698,0
324.3424,222.5894,4:19:45:338698,0
325.5475,221.5108,4:19:45:342685,0
326.7772,220.5197,4:19:45:345695,0
328.1544,219.6161,4:19:45:350695,0
329.5562,218.8291,4:19:45:354700,0
331.0565,218.1295,4:19:45:358912,0
332.5567,217.6339,4:19:45:361932,0
334.0569,217.2258,4:19:45:366920,0
335.4833,216.876,4:19:45:369922,0
336.7868,216.6136,4:19:45:373925,0
338.1641,216.6136,4:19:45:377923,0
339.4183,216.3221,4:19:45:382692,0
340.5988,216.3221,4:19:45:386705,0
341.7056,216.3221,4:19:45:390690,0
342.7631,216.3221,4:19:45:393706,0
343.7714,216.3221,4:19:45:398698,0
344.7306,216.3221,4:19:45:402722,0
345.6652,216.3221,4:19:45:406700,0
346.5997,216.9635,4:19:45:410701,0
347.5343,216.9635,4:19:45:414692,0
348.4688,216.9635,4:19:45:417699,0
349.3542,217.6339,4:19:45:422640,0
350.215,217.6339,4:19:45:425830,0
351.0758,218.246,4:19:45:430692,0
351.9366,218.6541,4:19:45:433703,0
352.7236,219.0914,4:19:45:438699,0
353.5106,219.5869,4:19:45:442702,0
354.1746,220.17,4:19:45:446806,0
354.7894,220.6947,4:19:45:449819,0
355.3305,221.2485,4:19:45:454700,0
355.7978,221.8024,4:19:45:458716,0
356.1421,222.327,4:19:45:462639,0
356.3388,222.8517,4:19:45:465867,0
356.5356,223.3473,4:19:45:469869,0
356.634,223.8428,4:19:45:473891,0
356.6832,224.2801,4:19:45:478546,0
356.7323,224.7173,4:19:45:482557,0
356.7323,225.0963,4:19:45:486557,0
356.7323,225.3878,4:19:45:490559,0
356.7815,225.6501,4:19:45:494557,0
356.8799,225.8833,4:19:45:498246,0
356.9783,226.0291,4:19:45:502246,0
357.1013,226.1749,4:19:45:506246,0
357.2242,226.204,4:19:45:510246,0
357.4456,226.204,4:19:45:514684,0
357.6669,226.204,4:19:45:518694,0
357.9128,226.204,4:19:45:522694,0
358.1342,226.204,4:19:45:526692,0
358.3801,226.204,4:19:45:530692,0
358.6261,226.204,4:19:45:534639,0
358.8474,226.204,4:19:45:537652,0
358.995,225.5918,4:19:45:542648,0
359.0934,225.5918,4:19:45:545648,0
359.0934,225.5918,4:19:45:550649,0
359.0934,225.5918,4:19:45:554741,0
359.0934,225.1254,4:19:45:557754,0
359.0934,225.1254,4:19:45:562749,0
358.1834,225.1254,4:19:45:565754,0
358.1834,224.8048,4:19:45:571043,0
357.2242,224.8048,4:19:45:575053,0
356.634,224.5424,4:19:45:579054,0
355.9699,224.5424,4:19:45:582054,0
355.2567,224.2218,4:19:45:586057,0
354.5927,223.9012,4:19:45:590634,0
353.9778,223.5513,4:19:45:594644,2340
353.4122,223.0558,4:19:45:598683,2406
352.9203,222.5311,4:19:45:602693,2541
352.5268,221.9189,4:19:45:605693,2709
352.33,221.2485,4:19:45:610691,2889
352.33,220.4615,4:19:45:614691,3010
352.33,219.6161,4:19:45:618693,3096
352.33,218.8291,4:19:45:622696,3206
353.3876,218.1003,4:19:45:626769,3365
354.1746,217.3716,4:19:45:630768,3582
355.1584,216.672,4:19:45:634812,3791
356.2896,216.0598,4:19:45:637793,3960
357.4948,215.6225,4:19:45:642792,4079
358.8474,215.4476,4:19:45:645796,4147
360.2738,215.4476,4:19:45:650637,4196
361.7003,215.4476,4:19:45:653939,4236
363.0529,216.293,4:19:45:657990,4279
364.2826,217.2841,4:19:45:662003,4309
365.3156,218.5959,4:19:45:666044,4337
366.1026,220.1991,4:19:45:670000,4366
366.619,222.0647,4:19:45:674685,4388
366.619,224.1344,4:19:45:677695,4404
366.619,226.2914,4:19:45:683493,4417
366.619,228.536,4:19:45:686490,4428
365.168,230.8097,4:19:45:690493,4435
363.9629,232.9085,4:19:45:694493,4445
362.4627,234.949,4:19:45:698230,4456
360.7165,236.8729,4:19:45:702241,4468
358.8474,238.6219,4:19:45:706235,4489
356.8553,240.1669,4:19:45:710236,4518
354.814,241.5661,4:19:45:714236,4554
352.7482,242.7903,4:19:45:718236,4589
350.7561,243.7814,4:19:45:722996,4622
348.9361,244.5977,4:19:45:725994,4654
347.2883,245.239,4:19:45:730087,4688
345.8619,245.6762,4:19:45:735006,4741
344.6568,245.9094,4:19:45:738689,4817
343.7714,245.9386,4:19:45:742211,4906
343.0828,245.9386,4:19:45:746689,5001
342.6647,245.9386,4:19:45:750701,5068
342.4434,245.239,4:19:45:754247,5101
342.4434,245.239,4:19:45:758222,5122
342.4434,244.2478,4:19:45:762224,5126
343.2304,244.2478,4:19:45:766224,5146
343.8452,243.2276,4:19:45:770127,5185
344.6322,243.2276,4:19:45:774023,5230
345.5422,242.5863,4:19:45:778064,5291
346.5505,242.5863,4:19:45:782024,5349
347.6081,242.5863,4:19:45:786355,5401
348.6902,242.5863,4:19:45:790353,5448
349.7969,243.4899,4:19:45:794352,5477
350.879,244.277,4:19:45:798371,5498
351.8874,245.2098,4:19:45:802684,5510
352.8465,246.3175,4:19:45:806694,5511
353.7811,247.5418,4:19:45:810692,5498
354.5927,248.9118,4:19:45:813697,5453
355.3305,250.2819,4:19:45:818692,5360
355.9945,251.7686,4:19:45:822694,5215
356.6094,253.226,4:19:45:826146,5020
357.1013,254.8002,4:19:45:831029,4785
357.5439,256.3159,4:19:45:835024,4501
357.962,257.8026,4:19:45:838034,4153
358.3555,259.2018,4:19:45:842824,3745
358.6998,260.4844,4:19:45:845837,3254
359.0442,261.7379,4:19:45:849837,2665
359.3885,262.7873,4:19:45:853837,1909
359.7574,263.5743,4:19:45:857871,1150
360.1509,264.0699,4:19:45:861857,542
360.5936,264.3322,4:19:45:866699,0
360.9625,264.3322,4:19:45:870706,0
361.2822,264.3322,4:19:45:874245,0
361.6019,263.4286,4:19:45:878249,0
361.9708,262.4958,4:19:45:882369,0
362.2413,261.2423,4:19:45:886248,0
362.4381,259.7848,4:19:45:890762,0
362.6594,258.0067,4:19:45:893775,0
362.8808,255.9079,4:19:45:898772,0
363.1513,253.4592,4:19:45:901773,0
363.4956,250.7483,4:19:45:905775,0
363.8645,247.8333,4:19:45:909775,0
364.2088,244.6851,4:19:45:913775,0
364.7007,241.4203,4:19:45:918772,0
365.2172,238.0972,4:19:45:922682,0
365.8074,234.9198,4:19:45:925995,0
366.3977,231.9465,4:19:45:930022,0
367.0125,229.323,4:19:45:933994,0
367.5536,226.9619,4:19:45:937992,0
368.0701,225.0963,4:19:45:942618,0
368.4636,223.6971,4:19:45:946818,0
368.7587,222.706,4:19:45:949831,0
368.9063,222.0647,4:19:45:954828,0
368.9063,221.6857,4:19:45:957828,0
368.9063,221.54,4:19:45:961826,0
368.9063,221.54,4:19:45:965828,0
368.2914,221.54,4:19:45:970694,0
368.2914,221.54,4:19:45:974541,0
368.2914,221.54,4:19:45:978728,3186
367.529,221.54,4:19:45:981740,3218
367.529,221.54,4:19:45:986739,3310
367.0863,221.54,4:19:45:989741,3452
367.0863,221.54,4:19:45:993740,3628
367.0863,221.54,4:19:45:998690,3808
366.5699,221.54,4:19:46:001700,3960
366.5699,221.54,4:19:46:006701,4083
366.0288,220.7821,4:19:46:011056,4198
365.7091,220.7821,4:19:46:014066,4302
365.4385,219.9076,4:19:46:019067,4383
365.1188,219.3537,4:19:46:022066,4444
364.7745,218.5959,4:19:46:026169,4489
364.4056,217.6339,4:19:46:031065,4511
364.1351,216.4971,4:19:46:034640,4530
363.8645,215.3019,4:19:46:038649,4537
363.7416,213.8736,4:19:46:042689,4538
363.7416,212.2995,4:19:46:046220,4537
363.7416,210.5213,4:19:46:050689,4522
363.7416,208.3934,4:19:46:054709,4521
364.5286,206.0614,4:19:46:058699,4509
365.0942,203.4087,4:19:46:064698,4493
365.8074,200.4354,4:19:46:066717,4480
366.8158,197.1998,4:19:46:070699,4472
367.9471,193.8183,4:19:46:074740,4486
369.1768,190.5244,4:19:46:077750,4521
370.6032,187.3762,4:19:46:082520,4586
372.0543,184.4904,4:19:46:086520,4654
373.5791,182.0126,4:19:46:090520,4727
375.1531,180.0013,4:19:46:094544,4783
376.7025,178.4854,4:19:46:098914,4812
378.2519,177.5526,4:19:46:101912,4829
379.7029,177.1445,4:19:46:105914,4831
381.1293,177.1445,4:19:46:109914,4835
382.482,177.1445,4:19:46:113914,4859
383.8101,178.5146,4:19:46:117913,4880
385.0889,180.1178,4:19:46:122491,4923
386.294,182.1584,4:19:46:126490,4979
387.4254,184.7527,4:19:46:130491,5030
388.4337,187.6677,4:19:46:134489,5097
389.2699,190.9908,4:19:46:138687,5165
389.8847,194.4888,4:19:46:142698,5225
390.3028,198.1908,4:19:46:147587,5292
390.4996,201.922,4:19:46:150616,5360
390.4996,205.5075,4:19:46:154603,5430
390.4996,209.2679,4:19:46:158595,5495
389.7126,212.9699,4:19:46:162650,5546
389.1223,216.7011,4:19:46:166597,5581
388.4829,220.374,4:19:46:170684,5586
387.868,223.9886,4:19:46:174695,5594
387.2286,227.5157,4:19:46:179494,5593
386.6383,230.868,4:19:46:182493,5586
386.1711,234.1037,4:19:46:186531,5551
385.8022,236.9603,4:19:46:190492,5465
385.4579,239.4964,4:19:46:194497,5318
385.4579,241.7118,4:19:46:198803,5100
384.9906,243.6357,4:19:46:201805,4827
384.9906,245.2681,4:19:46:205838,4477
384.6462,246.7256,4:19:46:209805,4031
384.6462,247.8624,4:19:46:213846,3464
384.4249,248.8244,4:19:46:217815,2718
384.3019,249.524,4:19:46:222476,1753
384.2036,249.9904,4:19:46:226476,949
384.1052,250.1944,4:19:46:230476,0
383.9576,250.1944,4:19:46:234485,0
383.8101,250.1944,4:19:46:238631,0
383.5887,249.2616,4:19:46:242640,0
383.3674,248.3871,4:19:46:246521,0
383.1706,247.192,4:19:46:250755,0
383.0231,245.7636,4:19:46:253765,0
382.9493,244.1021,4:19:46:257786,0
382.9493,242.2074,4:19:46:262765,0
382.9493,240.1669,4:19:46:265784,0
383.6133,238.0681,4:19:46:270632,0
384.3019,235.9401,4:19:46:274063,0
385.2611,233.8705,4:19:46:278743,0
386.5891,231.9174,4:19:46:281756,0
388.0648,230.0226,4:19:46:286753,0
389.688,228.2737,4:19:46:289752,0
391.6063,226.6996,4:19:46:294886,0
393.6476,225.2712,4:19:46:298403,0
395.7626,224.0177,4:19:46:302401,0
397.8531,222.8809,4:19:46:306413,0
399.9927,222.0356,4:19:46:310400,0
401.9848,221.2193,4:19:46:314690,0
404.0999,220.578,4:19:46:318517,0
406.2396,219.8784,4:19:46:322688,0
408.2071,219.3246,4:19:46:326204,0
410.1254,218.8873,4:19:46:330203,0
412.1667,218.4792,4:19:46:334224,0
414.1096,218.2169,4:19:46:338204,0
415.8557,217.8671,4:19:46:342228,0
417.6757,217.6922,4:19:46:345922,0
419.1513,217.6339,4:19:46:350036,0
420.4055,217.6339,4:19:46:354776,0
421.3155,217.6339,4:19:46:357796,0
422.1271,217.6339,4:19:46:361830,0
422.5452,218.3918,4:19:46:366785,0
422.7912,218.3918,4:19:46:369786,0
423.0617,219.1497,4:19:46:374690,0
423.0617,219.7036,4:19:46:378014,0
423.0617,220.2574,4:19:46:382014,0
423.0617,220.8696,4:19:46:386015,0
422.3731,221.5108,4:19:46:390014,0
422.3731,222.327,4:19:46:394014,0
421.6353,223.2016,4:19:46:398014,0
421.0696,224.1052,4:19:46:401992,0
420.3072,224.9797,4:19:46:406855,0
419.5448,225.8542,4:19:46:409865,0
418.684,226.6996,4:19:46:413943,0
417.8478,227.5157,4:19:46:417865,0
416.987,228.2737,4:19:46:421865,0
416.1263,228.9149,4:19:46:426864,0
415.3884,229.5562,4:19:46:429865,0
414.7244,229.9935,4:19:46:434228,0
414.1342,230.3433,4:19:46:438235,0
413.5685,230.5765,4:19:46:443042,0
413.0766,230.664,4:19:46:446052,0
412.6093,230.664,4:19:46:450052,0
412.0929,230.664,4:19:46:454079,0
411.6748,230.664,4:19:46:458052,0
411.1583,229.8769,4:19:46:462905,0
410.7648,229.8769,4:19:46:465916,0
410.4451,229.0607,4:19:46:469924,0
410.2729,229.0607,4:19:46:473914,0
410.2238,228.0988,4:19:46:477918,0
410.2238,227.6032,4:19:46:481955,0
410.2238,227.166,4:19:46:486771,0
411.0845,227.166,4:19:46:490779,0
411.6256,226.4955,4:19:46:493781,0
412.2404,226.4955,4:19:46:497999,0
412.8307,226.0291,4:19:46:501999,0
413.4455,226.0291,4:19:46:505999,0
413.9866,225.7959,4:19:46:509932,0
414.4539,225.7959,4:19:46:513933,0
414.4539,225.7959,4:19:46:517932,0
415.0195,225.7959,4:19:46:521932,0
415.0195,225.7959,4:19:46:525933,0
415.0195,225.6793,4:19:46:530680,0
415.0195,225.6793,4:19:46:533690,0
415.0195,225.5918,4:19:46:537773,0
415.0195,225.5336,4:19:46:541690,0
415.0195,225.5044,4:19:46:545690,0
415.0195,225.4461,4:19:46:549904,0
414.2817,225.3878,4:19:46:553904,0
414.2817,225.3295,4:19:46:558858,0
413.6423,225.3295,4:19:46:561883,0
413.6423,225.3295,4:19:46:566873,0
413.052,225.2712,4:19:46:570868,0
413.052,225.2712,4:19:46:573868,0
412.6093,225.2712,4:19:46:577868,0
412.6093,225.2712,4:19:46:582920,0
412.6093,225.2712,4:19:46:585928,0
412.3142,225.2712,4:19:46:589929,0
412.3142,225.2712,4:19:46:593930,0
412.3142,225.2712,4:19:46:598929,0
412.3142,225.2712,4:19:46:601928,0
412.3142,225.2712,4:19:46:606886,0
412.3142,225.8542,4:19:46:610898,0
412.3142,225.8542,4:19:46:614569,0
412.3142,225.8542,4:19:46:618580,0
412.8307,225.8542,4:19:46:622580,0
412.8307,225.8542,4:19:46:626577,0
412.8307,225.8542,4:19:46:630579,0
412.8307,225.8542,4:19:46:634577,0
412.8307,225.8542,4:19:46:638955,0
412.8307,225.8542,4:19:46:642969,0
412.8307,225.8542,4:19:46:646916,0
412.8307,225.8542,4:19:46:649926,0
412.8307,225.8542,4:19:46:654928,0
412.8307,225.8542,4:19:46:657926,0
412.8307,225.8542,4:19:46:662927,0
412.8307,225.8542,4:19:46:665924,0
412.8307,225.8542,4:19:46:670957,0
412.8307,225.8542,4:19:46:673967,0
412.8307,225.8542,4:19:46:678904,0
412.8307,225.8542,4:19:46:681915,0
412.8307,225.8542,4:19:46:686914,0
412.8307,225.8542,4:19:46:689918,0
412.8307,225.8542,4:19:46:694916,0
412.8307,225.8542,4:19:46:697915,0
412.8307,225.8542,4:19:46:702885,0
412.8307,225.8542,4:19:46:705904,0
412.8307,225.8542,4:19:46:711061,0
412.8307,225.8542,4:19:46:714081,0
412.8307,225.8542,4:19:46:719074,0
412.8307,225.8542,4:19:46:722075,0
413.1996,225.8542,4:19:46:727075,0
413.1996,225.2712,4:19:46:730073,0
413.5685,225.2712,4:19:46:734174,0
413.8144,225.2712,4:19:46:738145,0
414.1342,225.2712,4:19:46:742965,0
414.4539,224.9214,4:19:46:745977,0
414.8228,224.9214,4:19:46:750203,0
415.1425,224.9214,4:19:46:754222,0
415.4868,224.9214,4:19:46:758883,0
415.782,224.9214,4:19:46:762137,0
416.0771,224.9214,4:19:46:766445,1983
416.2984,224.9214,4:19:46:770458,1995
416.4214,224.9214,4:19:46:774629,2016
416.5443,224.9214,4:19:46:778456,2030
416.5935,224.9214,4:19:46:782455,2047
416.6427,224.9214,4:19:46:786455,2055
416.6427,224.9214,4:19:46:790782,2051
416.6427,224.9214,4:19:46:794473,2054
416.6427,224.9214,4:19:46:798795,2061
416.6427,224.9214,4:19:46:801811,2073
416.6427,225.3586,4:19:46:806967,2092
416.6427,225.3586,4:19:46:809980,2113
416.6427,225.3586,4:19:46:813948,2131
416.6427,225.3586,4:19:46:817998,2146
416.6427,225.5918,4:19:46:822752,2162
416.6427,225.5918,4:19:46:826476,2170
416.6427,225.5918,4:19:46:830581,2185
416.6427,225.7376,4:19:46:834478,2201
416.6427,225.7376,4:19:46:838557,2220
416.6427,225.7959,4:19:46:842476,2275
416.6427,225.7959,4:19:46:847016,2325
416.6427,225.8542,4:19:46:850012,2384
416.6427,225.8542,4:19:46:855016,2458
416.6427,225.8542,4:19:46:858014,2515
416.6427,225.8542,4:19:46:862822,2579
416.6427,225.8542,4:19:46:865832,2633
416.6427,225.8542,4:19:46:870838,2669
416.6427,225.8542,4:19:46:873832,2689
416.6427,225.8542,4:19:46:878832,2694
416.6427,225.8542,4:19:46:881869,2698
416.6427,225.8542,4:19:46:886919,2695
416.6427,225.8542,4:19:46:890440,2692
416.6427,225.8542,4:19:46:895008,2694
416.6427,225.8542,4:19:46:898018,2689
416.6427,225.8542,4:19:46:903017,2686
416.6427,225.8542,4:19:46:906019,2692
416.6427,225.8542,4:19:46:910056,2687
416.0279,225.8542,4:19:46:914018,2682
416.0279,225.8542,4:19:46:919281,2676
416.0279,226.4955,4:19:46:921800,2659
416.0279,226.4955,4:19:46:926919,2652
416.0279,226.4955,4:19:46:929929,2643
416.0279,226.4955,4:19:46:934931,2642
416.0279,227.0202,4:19:46:937929,2644
416.0279,227.0202,4:19:46:942929,2645
416.0279,227.0202,4:19:46:945929,2648
416.0279,227.0202,4:19:46:951098,2646
416.0279,227.0202,4:19:46:954108,2653
416.0279,227.0202,4:19:46:958141,2670
416.0279,227.0202,4:19:46:962111,2692
416.0279,227.0202,4:19:46:966201,2724
416.0279,227.0202,4:19:46:970108,2769
416.0279,227.0202,4:19:46:974891,2820
416.0279,227.0202,4:19:46:977915,2881
416.0279,227.0202,4:19:46:983150,2946
416.0279,227.0202,4:19:46:986161,3003
416.0279,227.0202,4:19:46:990173,3054
416.0279,227.0202,4:19:46:994160,3098
416.0279,227.0202,4:19:46:998288,3128
416.0279,227.0202,4:19:47:002163,3152
416.0279,227.0202,4:19:47:006958,3162
416.0279,227.0202,4:19:47:009969,3167
416.0279,227.0202,4:19:47:014961,3166
416.0279,227.0202,4:19:47:018482,3164
416.0279,227.0202,4:19:47:022561,3174
416.0279,227.0202,4:19:47:026571,3187
416.0279,227.0202,4:19:47:030645,3207
416.0279,227.0202,4:19:47:034572,3228
416.0279,227.0202,4:19:47:038688,3242
416.0279,227.0202,4:19:47:042697,3252
416.0279,227.0202,4:19:47:046882,3260
416.0279,227.0202,4:19:47:050632,3267
416.0279,227.0202,4:19:47:055040,3275
416.0279,227.0202,4:19:47:058051,3281
416.0279,227.0202,4:19:47:063056,3288
416.0279,227.0202,4:19:47:068051,3294
416.0279,227.0202,4:19:47:070063,3303
416.0279,227.0202,4:19:47:074051,3314
416.0279,227.0202,4:19:47:078051,3328
416.0279,227.0202,4:19:47:082713,3346
416.0279,227.0202,4:19:47:086724,3364
416.0279,227.0202,4:19:47:090910,3386
416.0279,227.0202,4:19:47:093911,3405
416.0279,227.0202,4:19:47:098910,3429
416.0279,227.0202,4:19:47:101908,3457
416.0279,227.0202,4:19:47:106845,3491
416.0279,227.0202,4:19:47:109935,3531
416.0279,227.0202,4:19:47:115198,3575
416.0279,227.0202,4:19:47:118208,3623
416.0279,227.0202,4:19:47:122309,3681
416.0279,227.0202,4:19:47:126211,3747
416.0279,227.0202,4:19:47:130283,3818
416.0279,227.0202,4:19:47:134232,3898
416.0279,227.0202,4:19:47:139301,3978
416.0279,227.0202,4:19:47:142310,4059
416.0279,227.0202,4:19:47:146452,4148
416.0279,227.0202,4:19:47:150310,4227
416.0279,227.0202,4:19:47:154533,4300
416.0279,227.0202,4:19:47:158310,4362
416.0279,227.0202,4:19:47:163094,4413
416.0279,227.0202,4:19:47:166104,4456
416.0279,227.0202,4:19:47:170142,4490
416.0279,227.0202,4:19:47:174104,4520
416.0279,227.0202,4:19:47:179189,4532
416.0279,227.0202,4:19:47:182210,4540
416.0279,227.0202,4:19:47:185962,4547
416.0279,226.5538,4:19:47:190314,4545
416.0279,226.5538,4:19:47:194414,4551
416.0279,226.5538,4:19:47:198314,4558
416.0279,226.1457,4:19:47:202899,4557
416.0279,226.1457,4:19:47:205909,4569
416.0279,226.1457,4:19:47:210911,4580
416.0279,225.9125,4:19:47:213909,4588
416.0279,225.9125,4:19:47:217911,4600
416.0279,225.9125,4:19:47:222910,4601
416.0279,225.7959,4:19:47:226488,4605
416.0279,225.7959,4:19:47:230310,4604
416.0279,225.7959,4:19:47:234683,4602
416.0279,225.7959,4:19:47:238562,4602
416.0279,225.7668,4:19:47:243138,4598
416.0279,225.7668,4:19:47:246149,4598
416.0279,225.7668,4:19:47:250260,4592
416.0279,225.7668,4:19:47:254149,4594
416.0279,225.7668,4:19:47:258232,4594
416.0279,225.7668,4:19:47:262149,4591
416.0279,225.7668,4:19:47:266958,4594
416.0279,225.7668,4:19:47:269969,4594
416.0279,225.7668,4:19:47:274958,4597
416.0279,225.7668,4:19:47:277969,4601
416.0279,225.7668,4:19:47:283106,4604
416.0279,225.7668,4:19:47:286109,4606
416.0279,225.7668,4:19:47:290251,4608
416.0279,225.7668,4:19:47:294106,4617
416.0279,225.7668,4:19:47:298817,4625
416.0279,225.7668,4:19:47:301830,4633
416.0279,225.7668,4:19:47:306959,4641
416.0279,225.7668,4:19:47:309969,4644
416.0279,225.7668,4:19:47:314193,4645
416.0279,225.7668,4:19:47:318166,4648
416.0279,225.7668,4:19:47:322239,4646
416.0279,225.7668,4:19:47:326168,4644
416.0279,225.7668,4:19:47:331058,4645
416.0279,225.7668,4:19:47:334068,4645
416.0279,225.7668,4:19:47:338211,4645
416.0279,225.7668,4:19:47:342068,4644
416.0279,225.7668,4:19:47:347295,4643
416.0279,225.7668,4:19:47:350306,4643
416.0279,225.7668,4:19:47:354521,4642
416.0279,225.7668,4:19:47:358305,4637
416.0279,225.7668,4:19:47:362306,4639
416.0279,225.7668,4:19:47:366305,4636
416.0279,225.7668,4:19:47:370367,4638
416.0279,225.7668,4:19:47:374404,4647
416.0279,225.7668,4:19:47:378797,4647
416.0279,225.7668,4:19:47:381807,4651
416.0279,225.7668,4:19:47:386807,4646
416.0279,225.7668,4:19:47:389807,4641
416.0279,225.7668,4:19:47:395008,4639
416.0279,225.7668,4:19:47:398023,4637
416.0279,225.7668,4:19:47:402046,4640
416.0279,225.7668,4:19:47:406026,4644
416.0279,225.7668,4:19:47:410139,4651
416.0279,225.7668,4:19:47:414037,4656
416.0279,225.7668,4:19:47:419311,4659
416.0279,225.7668,4:19:47:422321,4661
416.0279,225.7668,4:19:47:426885,4649
416.0279,225.7668,4:19:47:430179,4650
416.0279,225.7668,4:19:47:434865,4654
416.0279,225.7668,4:19:47:437887,4651
416.0279,225.7668,4:19:47:442875,4665
416.0279,225.7668,4:19:47:445875,4665
416.0279,225.7668,4:19:47:450876,4657
416.0279,225.7668,4:19:47:453877,4659
416.0279,225.7668,4:19:47:458887,4648
416.0279,225.7668,4:19:47:462145,4644
416.0279,225.7668,4:19:47:466957,4645
416.0279,225.7668,4:19:47:469970,4639
416.0279,225.7668,4:19:47:474966,4641
416.0279,225.7668,4:19:47:477976,4642
416.0279,225.7668,4:19:47:482977,4649
416.0279,225.7668,4:19:47:485977,4659
416.0279,225.7668,4:19:47:490977,4665
416.0279,225.7668,4:19:47:493976,4664
416.0279,225.7668,4:19:47:499157,4661
416.0279,225.7668,4:19:47:502677,4662
416.0279,225.7668,4:19:47:506724,4668
416.0279,225.7668,4:19:47:510675,4669
416.0279,225.7668,4:19:47:514728,4679
416.0279,225.7668,4:19:47:518678,4676
416.0279,225.7668,4:19:47:522498,4680
416.0279,225.7668,4:19:47:527570,4685
416.0279,225.7668,4:19:47:530084,4679
416.0279,225.7668,4:19:47:534547,4682
416.0279,225.7668,4:19:47:538555,4676
416.0279,225.7668,4:19:47:542557,4677
416.0279,225.7668,4:19:47:546557,4681
416.0279,225.7668,4:19:47:550555,4687
416.0279,225.7668,4:19:47:554558,4681
416.0279,225.7668,4:19:47:558558,4676
416.0279,225.7668,4:19:47:562558,4672
416.0279,225.7668,4:19:47:566874,4664
416.0279,225.7668,4:19:47:570400,4657
416.0279,225.7668,4:19:47:575400,4655
416.0279,225.7668,4:19:47:579389,4642
416.0279,225.7668,4:19:47:582388,4638
416.0279,225.7668,4:19:47:586390,4640
416.0279,225.7668,4:19:47:590572,4641
416.0279,225.7668,4:19:47:594601,4642
416.0279,225.7668,4:19:47:598479,4636
416.0279,225.7668,4:19:47:602484,4634
416.0279,225.7668,4:19:47:606485,4633
416.0279,225.7668,4:19:47:610488,4630
416.0279,225.7668,4:19:47:614825,4629
416.0279,225.7668,4:19:47:618110,4630
416.0279,225.7668,4:19:47:622155,4618
416.0279,225.7668,4:19:47:626166,4612
416.0279,225.7668,4:19:47:630285,4601
416.0279,225.7668,4:19:47:634166,4584
416.0279,225.7668,4:19:47:639167,4568
416.0279,225.7668,4:19:47:642166,4548
416.0279,225.7668,4:19:47:646955,4524
416.0279,225.7668,4:19:47:649966,4499
416.0279,225.7668,4:19:47:655092,4474
416.0279,225.7668,4:19:47:658103,4451
416.0279,225.7668,4:19:47:662229,4433
416.0279,225.7668,4:19:47:666106,4414
416.0279,225.7668,4:19:47:670132,4401
416.0279,225.7668,4:19:47:674105,4383
416.0279,225.7668,4:19:47:679245,4361
416.0279,225.7668,4:19:47:682258,4345
416.0279,225.7668,4:19:47:686356,4330
416.0279,225.7668,4:19:47:690240,4317
416.0279,225.7668,4:19:47:694290,4315
416.0279,225.7668,4:19:47:698238,4309
416.0279,225.7668,4:19:47:702602,4306
416.0279,225.7668,4:19:47:706615,4304
416.0279,225.7668,4:19:47:710627,4298
416.0279,225.7668,4:19:47:714615,4301
416.0279,225.7668,4:19:47:719014,4298
416.0279,225.7668,4:19:47:722138,4298
416.0279,225.7668,4:19:47:726167,4299
416.0279,225.7668,4:19:47:730139,4294
416.0279,225.7668,4:19:47:734145,4291
416.0279,225.7668,4:19:47:738141,4291
416.0279,225.7668,4:19:47:742224,4284
416.0279,225.7668,4:19:47:746139,4280
416.0279,225.7668,4:19:47:750951,4269
416.0279,225.7668,4:19:47:754239,4258
416.0279,225.7668,4:19:47:759393,4251
416.0279,225.7668,4:19:47:762404,4241
416.0279,225.7668,4:19:47:766409,4237
416.0279,225.7668,4:19:47:770414,4236
416.0279,225.7668,4:19:47:774405,4234
416.0279,225.7668,4:19:47:778404,4235
416.0279,225.7668,4:19:47:782668,4237
416.0279,225.7668,4:19:47:786494,4235
416.0279,225.7668,4:19:47:790494,4234
416.0279,225.7668,4:19:47:794494,4231
416.0279,225.7668,4:19:47:799041,4234
416.0279,225.7668,4:19:47:802051,4240
416.0279,225.7668,4:19:47:806076,4240
416.0279,225.7668,4:19:47:810054,4240
416.0279,225.7668,4:19:47:814137,4237
416.0279,225.7668,4:19:47:818067,4231
416.0279,225.7668,4:19:47:822049,4236
416.0279,225.7668,4:19:47:826049,4237
416.0279,225.7668,4:19:47:831194,4234
416.0279,225.7668,4:19:47:834212,4227
416.0279,225.7668,4:19:47:838889,4215
416.0279,225.7668,4:19:47:841899,4204
416.0279,225.7668,4:19:47:846901,4192
416.0279,225.7668,4:19:47:849897,4182
416.0279,225.7668,4:19:47:854998,4169
416.0279,225.7668,4:19:47:858003,4159
416.0279,225.7668,4:19:47:862958,4148
416.0279,225.7668,4:19:47:865970,4136
416.0279,225.7668,4:19:47:870959,4127
416.0279,225.7668,4:19:47:873986,4117
416.0279,225.7668,4:19:47:878970,4111
416.0279,225.7668,4:19:47:881969,4109
416.0279,225.7668,4:19:47:886219,4109
416.0279,225.7668,4:19:47:889972,4110
416.0279,225.7668,4:19:47:894957,4116
416.0279,225.7668,4:19:47:897969,4117
416.0279,225.7668,4:19:47:903096,4116
416.0279,225.7668,4:19:47:906106,4119
416.0279,225.7668,4:19:47:911105,4117
416.0279,225.7668,4:19:47:914106,4123
416.0279,225.7668,4:19:47:918176,4128
416.0279,225.7668,4:19:47:922106,4125
416.0279,225.7668,4:19:47:926960,4124
416.0279,225.7668,4:19:47:929974,4120
416.0279,225.7668,4:19:47:934912,4118
416.0279,225.7668,4:19:47:937922,4119
416.0279,225.7668,4:19:47:943103,4112
416.0279,225.7668,4:19:47:946123,4108
416.0279,225.7668,4:19:47:950249,4103
416.0279,225.7668,4:19:47:954114,4092
416.0279,225.7668,4:19:47:958268,4090
416.0279,225.7668,4:19:47:962115,4082
416.0279,225.7668,4:19:47:966959,4073
416.0279,225.7668,4:19:47:969970,4068
416.0279,225.7668,4:19:47:975017,4063
416.0279,225.7668,4:19:47:978024,4059
416.0279,225.7668,4:19:47:982025,4060
416.0279,225.7668,4:19:47:986043,4064
416.0279,225.7668,4:19:47:990773,4063
416.0279,225.7668,4:19:47:994036,4069
416.0279,225.7668,4:19:47:998213,4069
416.0279,225.7668,4:19:48:002036,4069
416.0279,225.7668,4:19:48:006054,4070
416.0279,225.7668,4:19:48:010036,4067
416.0279,225.7668,4:19:48:014958,4068
416.0279,225.7668,4:19:48:017969,4066
416.0279,225.7668,4:19:48:022103,4069
416.0279,225.7668,4:19:48:026037,4068
416.0279,225.7668,4:19:48:030959,4067
416.0279,225.7668,4:19:48:033969,4065
416.0279,225.7668,4:19:48:037969,4065
416.0279,225.7668,4:19:48:041971,4067
416.0279,225.7668,4:19:48:045969,4066
416.0279,225.7668,4:19:48:049971,4063
416.0279,225.7668,4:19:48:053971,4056
416.0279,225.7668,4:19:48:058670,4049
416.0279,225.7668,4:19:48:061964,4043
416.0279,225.7668,4:19:48:065964,4032
416.0279,225.7668,4:19:48:069966,4022
416.0279,225.7668,4:19:48:073980,4015
416.0279,225.7668,4:19:48:077964,4009
416.0279,225.7668,4:19:48:082828,4013
415.4376,225.7668,4:19:48:086842,4015
415.4376,225.7668,4:19:48:089833,4013
415.4376,225.7668,4:19:48:094834,4017
415.4376,225.7668,4:19:48:097834,4017
415.4376,225.7668,4:19:48:102579,4016
415.4376,225.7668,4:19:48:106591,4018
415.4376,225.7668,4:19:48:110591,4014
415.4376,225.7668,4:19:48:114691,4013
415.4376,225.7668,4:19:48:118591,4016
415.4376,225.7668,4:19:48:123301,4014
415.4376,225.7668,4:19:48:126311,4016
415.4376,225.7668,4:19:48:130313,4016
415.4376,225.7668,4:19:48:134340,4014
415.4376,225.7668,4:19:48:138536,4019
415.4376,225.7668,4:19:48:142328,4016
415.4376,225.7668,4:19:48:146825,4013
415.4376,225.7668,4:19:48:150340,3999
415.4376,225.7668,4:19:48:154957,3968
415.4376,225.7668,4:19:48:157985,3922
415.4376,225.7668,4:19:48:162956,3854
415.4376,225.7668,4:19:48:165966,3774
415.4376,225.7668,4:19:48:170892,3692
415.4376,225.7668,4:19:48:173905,3613
415.4376,225.7668,4:19:48:178903,3552
415.4376,225.7668,4:19:48:181905,3497
415.4376,225.7668,4:19:48:187068,3459
415.4376,225.7668,4:19:48:190081,3431
415.4376,226.3497,4:19:48:194154,3409
415.4376,226.3497,4:19:48:198081,3401
415.4376,226.3497,4:19:48:202078,3395
415.4376,226.3497,4:19:48:206078,3397
415.4376,226.3497,4:19:48:210752,3397
415.4376,226.3497,4:19:48:214233,3401
415.4376,226.3497,4:19:48:218741,3404
415.4376,226.3497,4:19:48:222753,3406
415.4376,226.3497,4:19:48:226759,3413
415.4376,226.3497,4:19:48:229753,3431
415.4376,226.3497,4:19:48:234840,3471
415.4376,226.3497,4:19:48:237855,3522
415.4376,226.3497,4:19:48:242737,3583
415.4376,226.3497,4:19:48:246328,3643
415.4376,226.3497,4:19:48:250953,3697
415.4376,226.3497,4:19:48:253966,3749
415.4376,226.3497,4:19:48:257995,3793
415.4376,226.3497,4:19:48:261963,3834
415.4376,226.3497,4:19:48:266114,3867
415.4376,226.3497,4:19:48:269964,3900
415.4376,226.3497,4:19:48:274897,3930
415.4376,226.3497,4:19:48:277908,3959
415.4376,226.3497,4:19:48:282883,3987
415.4376,226.3497,4:19:48:286155,4001
415.4376,226.3497,4:19:48:290848,4014
415.4376,226.3497,4:19:48:293848,4020
415.4376,226.3497,4:19:48:298850,4033
415.4376,226.3497,4:19:48:301848,4046
415.4376,226.3497,4:19:48:306964,4062
415.4376,226.3497,4:19:48:309974,4083
415.4376,226.3497,4:19:48:315232,4096
415.4376,226.3497,4:19:48:318243,4115
415.4376,226.3497,4:19:48:322270,4129
415.4376,226.3497,4:19:48:326131,4145
415.4376,226.3497,4:19:48:331133,4168
415.4376,226.3497,4:19:48:334136,4188
415.4376,226.3497,4:19:48:338889,4213
414.9211,226.9619,4:19:48:341899,4234
414.9211,226.9619,4:19:48:347382,4247
414.1588,226.9619,4:19:48:350392,4258
413.6669,227.5449,4:19:48:354467,4269
413.0766,227.5449,4:19:48:358394,4281
412.3634,227.5449,4:19:48:362487,4301
411.6256,227.5449,4:19:48:366395,4331
410.8878,227.5449,4:19:48:370939,4376
410.1008,227.5449,4:19:48:373950,4423
409.363,227.5449,4:19:48:378586,4474
408.6006,226.7578,4:19:48:382532,4517
407.8873,226.7578,4:19:48:386568,4544
407.2725,225.5918,4:19:48:390505,4568
406.6577,224.7173,4:19:48:395119,4577
406.1904,223.7554,4:19:48:398129,4578
405.7723,222.6477,4:19:48:402129,4578
405.428,221.5108,4:19:48:406129,4579
405.1574,220.2865,4:19:48:410131,4577
405.0345,219.004,4:19:48:414145,4577
404.9853,217.6922,4:19:48:418300,4576
404.9853,216.4679,4:19:48:422306,4567
404.9853,215.3311,4:19:48:426295,4561
404.9853,214.34,4:19:48:430326,4561
405.8953,213.4655,4:19:48:434873,4556
405.8953,212.7367,4:19:48:437885,4553
406.879,212.1828,4:19:48:442867,4548
407.4692,211.8039,4:19:48:445934,4535
408.1087,211.5999,4:19:48:450906,4537
408.7973,211.5999,4:19:48:453917,4531
409.4859,211.5999,4:19:48:458916,4535
410.1254,212.4452,4:19:48:461928,4553
410.7894,213.2614,4:19:48:466916,4571
411.3551,214.34,4:19:48:469919,4603
411.8224,215.7683,4:19:48:474684,4638
412.1913,217.5173,4:19:48:477694,4672
412.388,219.4995,4:19:48:482694,4705
412.388,221.6857,4:19:48:485694,4742
412.388,223.9886,4:19:48:490694,4778
412.388,226.3206,4:19:48:493694,4806
411.2813,228.6817,4:19:48:498550,4834
410.5927,230.9846,4:19:48:502551,4854
409.7811,233.1417,4:19:48:506550,4874
408.8957,235.0947,4:19:48:510580,4892
407.9119,236.8729,4:19:48:514596,4909
406.9528,238.5053,4:19:48:518606,4922
405.9936,239.9045,4:19:48:522620,4939
404.9853,241.1288,4:19:48:527102,4961
404.0261,242.2074,4:19:48:530115,4986
403.067,243.0527,4:19:48:535119,5019
402.2308,243.7231,4:19:48:538113,5053
401.4192,244.2478,4:19:48:542629,5084
400.6322,244.5394,4:19:48:546167,5117
399.919,244.6851,4:19:48:550678,5153
399.2057,244.6851,4:19:48:554688,5188
398.5909,244.6851,4:19:48:558689,5233
397.9515,244.6851,4:19:48:562686,5280
397.3858,243.6066,4:19:48:566939,5348
396.8694,243.6066,4:19:48:569950,5445
396.4267,242.4114,4:19:48:573949,5555
396.0577,241.7701,4:19:48:577973,5696
395.7626,241.1288,4:19:48:581949,5851
395.5167,240.575,4:19:48:585949,5995
395.3937,240.0794,4:19:48:590094,6112
395.3199,240.0794,4:19:48:594107,6172
395.2953,239.4964,4:19:48:598104,6183
395.2953,239.4964,4:19:48:602104,6161
395.2953,239.4964,4:19:48:606103,6143
395.2953,239.4964,4:19:48:610105,6150
395.861,239.4964,4:19:48:614624,6159
395.861,240.6915,4:19:48:618221,6175
396.6726,241.5078,4:19:48:622237,6190
397.2874,242.4697,4:19:48:626395,6200
398.0252,243.6066,4:19:48:630396,6213
398.8369,244.9474,4:19:48:634395,6212
399.6976,246.3466,4:19:48:638394,6187
400.6814,247.8333,4:19:48:642686,6091
401.6159,249.3199,4:19:48:645695,5922
402.5997,250.7775,4:19:48:650677,5660
403.6326,252.3515,4:19:48:653688,5329
404.641,253.8674,4:19:48:658686,4969
405.6739,255.3831,4:19:48:661688,4558
406.7068,256.8406,4:19:48:666688,4099
407.7398,258.1815,4:19:48:669691,3580
408.7727,259.4641,4:19:48:674678,2967
409.7811,260.601,4:19:48:678689,2182
410.8632,261.5338,4:19:48:682951,1356
411.8961,262.1459,4:19:48:686483,682
412.9045,262.554,4:19:48:690466,0
413.8882,262.6998,4:19:48:694470,0
414.7982,262.6998,4:19:48:698466,0
415.6344,262.6998,4:19:48:702467,0
416.4214,261.3006,4:19:48:706465,0
417.1346,260.3095,4:19:48:710673,0
417.7249,259.1143,4:19:48:713686,0
418.2167,257.6277,4:19:48:718681,0
418.6348,255.8495,4:19:48:721684,0
418.9791,253.8965,4:19:48:726683,0
419.2251,251.7103,4:19:48:731083,0
419.471,249.3783,4:19:48:734093,0
419.6678,246.8714,4:19:48:738750,0
419.7907,244.2478,4:19:48:742268,0
419.9629,241.5078,4:19:48:746268,0
420.1596,238.6802,4:19:48:750268,0
420.381,235.9693,4:19:48:754266,0
420.6515,233.3457,4:19:48:758895,0
420.9712,230.8389,4:19:48:761905,0
421.2909,228.4194,4:19:48:766022,0
421.6599,226.1457,4:19:48:769905,0
422.1025,224.0177,4:19:48:773908,0
422.5452,222.0938,4:19:48:777905,0
423.0125,220.4323,4:19:48:783117,0
423.4798,218.9165,4:19:48:786152,0
423.9716,217.459,4:19:48:790632,0
424.5127,216.1764,4:19:48:794274,3189
425.0292,214.9521,4:19:48:798277,3229
425.6194,213.961,4:19:48:802348,3297
426.1605,213.1156,4:19:48:806282,3375
426.7016,212.416,4:19:48:810284,3460
427.1689,211.8331,4:19:48:814282,3525
427.5623,211.4832,4:19:48:818640,3610
427.9066,211.3667,4:19:48:821941,3746
428.2756,211.3667,4:19:48:826091,3946
428.5953,212.212,4:19:48:830088,4165
428.792,213.0282,4:19:48:835089,4377
428.9396,214.1651,4:19:48:838091,4550
429.0134,215.6225,4:19:48:842638,4662
429.0134,217.4007,4:19:48:846646,4736
429.0134,219.4412,4:19:48:850654,4775
429.0134,221.6566,4:19:48:854646,4788
429.0134,223.9886,4:19:48:858646,4794
428.2018,226.4081,4:19:48:862647,4784
428.2018,228.8275,4:19:48:866681,4740
427.4394,231.2469,4:19:48:870693,4658
427.4394,233.4915,4:19:48:874689,4522
426.7262,235.6486,4:19:48:878691,4324
426.7262,237.5725,4:19:48:882691,4069
426.1359,239.3506,4:19:48:885691,3740
426.1359,240.8956,4:19:48:890623,3339
426.1359,242.2657,4:19:48:894322,2874
426.1359,243.4899,4:19:48:898335,2285
426.1359,244.4227,4:19:48:902333,1563
426.1359,245.1223,4:19:48:906332,901
426.1359,245.6179,4:19:48:910333,378
426.9967,245.8219,4:19:48:914470,0
426.9967,245.8219,4:19:48:918483,0
428.128,245.8219,4:19:48:922582,0
428.8412,244.6559,4:19:48:926482,0
429.6282,243.6066,4:19:48:930480,0
430.4398,242.2657,4:19:48:934480,0
431.3252,240.6624,4:19:48:938481,0
432.2843,238.6802,4:19:48:942604,0
433.2189,236.4939,4:19:48:946493,0
434.2518,234.0453,4:19:48:951975,0
435.2848,231.5385,4:19:48:953973,0
436.3177,228.9149,4:19:48:957977,0
437.3752,226.2914,4:19:48:961975,0
438.3344,223.872,4:19:48:965975,0
439.2444,221.6566,4:19:48:969975,0
440.1298,219.7036,4:19:48:973977,0
440.8676,217.9545,4:19:48:977975,0
441.4578,216.4679,4:19:48:981976,4680
441.9005,215.2436,4:19:48:986900,4764
442.2202,214.34,4:19:48:989913,4909
442.3924,213.6112,4:19:48:993910,5058
442.5154,213.1156,4:19:48:997913,5195
442.5645,212.7076,4:19:49:002910,5254
442.5645,212.5035,4:19:49:005939,5303
442.5645,212.5035,4:19:49:010584,5426
442.5645,212.5035,4:19:49:014594,5662
441.7529,213.7278,4:19:49:018592,5961
441.7529,214.6606,4:19:49:022615,6261
440.9905,215.914,4:19:49:026608,6514
440.9905,217.5756,4:19:49:030593,6676
440.1298,219.5578,4:19:49:034598,6769
439.7117,221.8315,4:19:49:038605,6811
439.7117,224.3676,4:19:49:042703,6827
439.023,227.0493,4:19:49:047703,6828
439.023,229.9061,4:19:49:050701,6789
438.5312,232.8793,4:19:49:054702,6691
438.5312,235.7943,4:19:49:057703,6499
438.1623,238.6219,4:19:49:062682,6204
438.1623,241.3911,4:19:49:066693,5846
437.9409,244.0438,4:19:49:071440,5458
437.8179,246.5215,4:19:49:074451,5076
437.7196,248.9118,4:19:49:078559,4709
437.6212,251.1272,4:19:49:082560,4341
437.4736,253.226,4:19:49:086563,3945
437.3015,255.2374,4:19:49:090560,3500
437.0801,257.0155,4:19:49:094560,3020
436.785,258.5605,4:19:49:098585,2447
436.3669,259.9014,4:19:49:102559,1722
435.875,260.8925,4:19:49:106558,1029
435.1618,261.563,4:19:49:110566,465
434.2273,261.8836,4:19:49:114570,0
432.9976,261.8836,4:19:49:118574,0
431.5219,261.8836,4:19:49:122571,0
429.825,260.4553,4:19:49:126650,0
427.7591,259.231,4:19:49:129659,0
425.3981,257.6277,4:19:49:134658,0
422.6928,255.7621,4:19:49:138660,0
419.7907,253.4592,4:19:49:142660,0
416.5689,250.9523,4:19:49:146707,0
413.1258,248.1248,4:19:49:150023,0
409.3876,245.1223,4:19:49:154035,0
405.428,241.9742,4:19:49:158022,0
401.2224,238.6802,4:19:49:162025,0
396.894,235.2697,4:19:49:166016,0
392.4917,231.83,4:19:49:169961,0
387.9664,228.4777,4:19:49:173980,0
383.392,225.2421,4:19:49:177964,0
378.7683,222.0647,4:19:49:182624,0
374.2431,219.1497,4:19:49:186634,0
369.6932,216.4096,4:19:49:190634,0
365.1926,213.8736,4:19:49:194654,0
360.7411,211.5999,4:19:49:198632,0
356.3142,209.5593,4:19:49:202894,0
351.8628,207.6646,4:19:49:206196,0
347.3129,206.0031,4:19:49:210304,0
342.8615,204.5455,4:19:49:214193,0
338.287,203.2921,4:19:49:218196,0
333.7372,202.1552,4:19:49:222202,0
329.1136,201.1933,4:19:49:226193,0
324.4653,200.3771,4:19:49:230814,0
319.7188,199.7358,4:19:49:234066,0
315.1443,199.2111,4:19:49:238127,0
310.6436,198.8613,4:19:49:242067,0
306.3643,198.6281,4:19:49:246070,0
302.3802,198.4823,4:19:49:250066,0
298.6665,198.4823,4:19:49:254635,0
295.3217,198.4823,4:19:49:258150,0
292.3459,198.4823,4:19:49:262150,0
289.7881,198.4823,4:19:49:266150,0
287.5747,199.3568,4:19:49:270153,0
285.7794,199.3568,4:19:49:274150,0
284.3283,199.3568,4:19:49:277934,2972
283.1233,199.3568,4:19:49:281934,3034
282.2625,199.3568,4:19:49:285936,3139
281.623,199.3568,4:19:49:290420,3247
281.4755,198.3366,4:19:49:294417,3367
281.4755,197.7536,4:19:49:298458,3451
283.0003,197.7536,4:19:49:302418,3553
284.894,196.9374,4:19:49:306621,3712
287.6239,196.9374,4:19:49:310632,3935
291.3867,196.9374,4:19:49:314632,4199
296.2809,196.3253,4:19:49:318632,4464
302.2572,196.3253,4:19:49:322639,4735
309.0942,196.3253,4:19:49:326633,5003
316.9397,196.3253,4:19:49:331120,5295
325.5229,196.3253,4:19:49:334130,5623
334.6718,196.3253,4:19:49:338130,5955
344.4601,197.0248,4:19:49:342130,6262
354.4697,197.0248,4:19:49:346129,6506
364.5286,198.22,4:19:49:350130,6675
374.6612,199.0362,4:19:49:354739,6795
384.7692,199.8815,4:19:49:357746,6881
394.3854,200.8143,4:19:49:362679,6954
403.5096,201.7763,4:19:49:366690,7019
412.2896,202.7091,4:19:49:370690,7080
420.3072,203.5544,4:19:49:374690,7138
427.6607,204.3415,4:19:49:378689,7187
434.3502,205.0119,4:19:49:382690,7226
440.1298,205.5658,4:19:49:386628,7251
444.9747,206.0031,4:19:49:390609,7269
449.1557,206.3528,4:19:49:394606,7282
452.5496,206.6152,4:19:49:398609,7292
455.1073,206.8192,4:19:49:402622,7304
456.9519,206.965,4:19:49:406634,7316
458.2307,207.0816,4:19:49:410350,7333
459.0178,207.1107,4:19:49:414347,7348
459.4359,207.1399,4:19:49:418348,7351
459.5834,207.1399,4:19:49:422349,7276
459.5834,207.1399,4:19:49:426643,7106
458.8702,207.1399,4:19:49:430652,6809
458.2799,206.3528,4:19:49:434654,6372
457.4192,206.3528,4:19:49:438652,5865
456.4354,205.3909,4:19:49:442656,5329
455.2795,204.8079,4:19:49:446654,4777
454.0498,204.1958,4:19:49:450664,4171
452.7709,203.5544,4:19:49:454671,3479
451.615,203.0298,4:19:49:458678,2478
450.6805,202.5634,4:19:49:462689,1485
449.8443,202.1844,4:19:49:466689,696
449.2048,202.1844,4:19:49:470689,0
448.8359,201.6888,4:19:49:474974,0
448.8359,201.6888,4:19:49:477984,0
448.8359,201.2516,4:19:49:481986,0
448.8359,200.9601,4:19:49:485995,0
449.8443,200.6686,4:19:49:490077,0
450.6805,200.4063,4:19:49:493984,0
451.6396,200.0273,4:19:49:498628,0
452.9677,199.6192,4:19:49:502638,0
454.4925,199.2986,4:19:49:506895,0
456.2632,198.8904,4:19:49:509905,0
458.2061,198.4532,4:19:49:513904,0
460.395,197.9868,4:19:49:517905,0
460.395,197.9868,4:19:49:536105,0
