226.7544,252.8179,1:32:49:200290,0
226.7544,252.8179,1:32:49:203279,0
226.7544,252.8179,1:32:49:206937,0
226.7544,254.2463,1:32:49:210961,0
226.7544,255.1208,1:32:49:214982,0
227.3446,256.2285,1:32:49:218967,0
227.3446,257.5403,1:32:49:222955,0
227.3446,258.9977,1:32:49:225950,0
227.3446,260.5718,1:32:49:231272,0
227.3446,262.0876,1:32:49:234792,0
227.3446,263.4868,1:32:49:238798,0
226.4347,264.7403,1:32:49:242794,0
226.4347,265.9646,1:32:49:246886,0
225.6231,267.0432,1:32:49:250796,0
225.6231,268.0051,1:32:49:254908,0
224.7869,268.9379,1:32:49:258924,0
224.3196,269.7832,1:32:49:263280,0
223.8769,270.512,1:32:49:266294,0
223.4342,271.1824,1:32:49:270461,0
223.0653,271.7072,1:32:49:274311,0
222.721,272.1444,1:32:49:278464,0
222.4013,272.5233,1:32:49:282291,0
222.1553,272.7857,1:32:49:287075,0
221.9832,272.9315,1:32:49:290085,0
221.8602,272.9897,1:32:49:294591,0
221.7372,272.9897,1:32:49:298508,0
221.5897,272.9897,1:32:49:302628,0
221.4667,272.9897,1:32:49:306508,0
221.3438,272.3484,1:32:49:310911,0
221.1716,272.3484,1:32:49:314923,0
220.9503,271.4739,1:32:49:318800,0
220.7043,271.4739,1:32:49:322820,0
220.4092,270.3662,1:32:49:326818,0
220.0649,269.6958,1:32:49:330850,0
219.7206,268.9962,1:32:49:335121,0
219.3517,268.2675,1:32:49:338131,0
218.9582,267.5387,1:32:49:343132,0
218.5401,266.7808,1:32:49:346134,0
218.122,266.0521,1:32:49:350224,0
217.7285,265.2942,1:32:49:354466,0
217.3842,264.5654,1:32:49:359352,0
217.0398,263.8658,1:32:49:362360,0
216.7939,263.1953,1:32:49:367364,0
216.5726,262.5249,1:32:49:370362,0
216.3758,261.8836,1:32:49:374363,0
216.302,261.2423,1:32:49:378362,0
216.2528,260.601,1:32:49:382688,0
216.2528,259.9597,1:32:49:386705,0
216.2528,259.3767,1:32:49:391174,0
216.2528,258.7646,1:32:49:394188,0
216.2528,258.1233,1:32:49:398273,0
216.2528,257.4528,1:32:49:402185,0
216.7939,256.7823,1:32:49:406207,0
216.7939,256.1702,1:32:49:410185,0
216.7939,255.4706,1:32:49:415251,0
216.7939,254.7419,1:32:49:418248,1425
217.3104,254.1006,1:32:49:423082,1424
217.3104,253.4592,1:32:49:426096,1424
217.3104,252.8763,1:32:49:431113,1424
217.3104,252.4973,1:32:49:434093,1424
217.3104,252.06,1:32:49:438122,1428
217.3104,251.6811,1:32:49:442103,1440
217.3104,251.3604,1:32:49:446104,1461
217.5809,251.0981,1:32:49:450104,1514
217.5809,250.7775,1:32:49:454103,1607
217.8022,250.5443,1:32:49:458103,1743
217.8022,250.2819,1:32:49:462106,1935
217.999,249.9904,1:32:49:466778,2135
218.122,249.728,1:32:49:470960,2313
218.2203,249.524,1:32:49:473970,2443
218.2941,249.4366,1:32:49:478970,2510
218.3187,249.3491,1:32:49:482970,2537
218.3433,249.3199,1:32:49:487293,2538
218.3433,249.3199,1:32:49:490332,2532
218.3433,249.3199,1:32:49:495304,2524
218.3925,249.3199,1:32:49:498301,2525
218.3925,249.3199,1:32:49:502437,2628
218.4417,249.3199,1:32:49:506329,2779
218.5155,250.4568,1:32:49:511062,2958
218.5401,251.1564,1:32:49:514361,3164
218.5647,252.2641,1:32:49:518346,3293
218.5647,253.7216,1:32:49:522140,3396
218.5647,255.4998,1:32:49:527141,3501
218.5647,257.5985,1:32:49:530139,3591
218.5647,259.9305,1:32:49:535159,3662
218.5647,262.4083,1:32:49:538185,3725
217.8268,265.0027,1:32:49:543143,3763
217.8268,267.7136,1:32:49:546166,3797
217.2858,270.3371,1:32:49:550847,3837
217.2858,272.8148,1:32:49:554828,3869
216.7939,275.176,1:32:49:558827,3903
216.7939,277.4206,1:32:49:562827,3927
216.425,279.5193,1:32:49:566116,3940
216.425,281.5598,1:32:49:570157,3953
216.425,283.5129,1:32:49:574936,3961
216.1299,285.3785,1:32:49:578938,3964
216.1299,287.0984,1:32:49:582987,3970
216.1299,288.8182,1:32:49:585941,3974
216.1299,290.5089,1:32:49:591110,3978
216.1299,292.1704,1:32:49:594124,3978
216.1299,293.7737,1:32:49:599448,3978
216.8923,295.2603,1:32:49:602458,3974
216.8923,296.6595,1:32:49:606472,3963
217.4088,297.9421,1:32:49:610456,3957
217.4088,299.1664,1:32:49:614478,3948
218.0482,300.245,1:32:49:618461,3944
218.0482,301.1487,1:32:49:623212,3938
218.6384,301.8774,1:32:49:626222,3877
218.6384,302.4312,1:32:49:630221,3739
219.1057,302.8394,1:32:49:634222,3505
219.1057,303.0143,1:32:49:639223,3143
219.3763,303.0143,1:32:49:642222,2647
219.3763,303.0143,1:32:49:646262,1952
219.5484,302.2563,1:32:49:650268,1201
219.5484,301.3527,1:32:49:654554,582
219.5484,300.245,1:32:49:658565,0
219.5484,298.8749,1:32:49:662567,0
219.5484,297.3008,1:32:49:666568,0
219.5484,295.5227,1:32:49:670820,0
219.0319,293.5988,1:32:49:674829,0
219.0319,291.5875,1:32:49:678848,0
219.0319,289.5761,1:32:49:682855,0
218.6384,287.6522,1:32:49:686941,0
218.6384,285.7866,1:32:49:690832,0
218.6384,283.8918,1:32:49:695108,0
218.2941,281.9971,1:32:49:698118,0
218.2941,280.1606,1:32:49:702994,0
218.2941,278.295,1:32:49:706003,0
218.2941,276.4586,1:32:49:711006,0
218.0728,274.6222,1:32:49:714003,0
218.0728,272.7857,1:32:49:719032,0
218.0728,270.9784,1:32:49:722005,0
218.0728,269.1419,1:32:49:727087,0
218.0728,267.3347,1:32:49:730095,0
218.0728,265.5273,1:32:49:735100,0
217.9252,263.7492,1:32:49:738095,0
217.8268,261.971,1:32:49:744096,0
217.6547,260.3095,1:32:49:746095,0
217.4825,258.7062,1:32:49:751125,0
217.1874,257.0739,1:32:49:754131,0
216.8923,255.5289,1:32:49:759099,0
216.4988,254.0423,1:32:49:762107,0
216.1299,252.6139,1:32:49:766796,0
215.7364,251.2439,1:32:49:770788,0
215.2937,249.9904,1:32:49:774847,0
214.851,248.7661,1:32:49:778788,0
214.4083,247.571,1:32:49:783345,0
213.941,246.4924,1:32:49:786356,0
213.4738,245.4722,1:32:49:790575,0
212.9819,244.5685,1:32:49:794356,0
212.3916,243.694,1:32:49:798370,0
211.826,242.7903,1:32:49:802356,0
211.1619,241.945,1:32:49:807194,0
210.5717,240.983,1:32:49:810203,0
209.9814,239.7879,1:32:49:814562,0
209.3912,238.4178,1:32:49:818583,1788
208.8255,236.9021,1:32:49:823146,1792
208.3582,235.2697,1:32:49:826661,1795
207.9893,233.5789,1:32:49:830867,1795
207.768,231.8008,1:32:49:834783,1804
207.6942,229.8477,1:32:49:838773,1807
207.6942,227.8364,1:32:49:842772,1812
207.6942,225.8833,1:32:49:846886,1822
208.6288,223.9886,1:32:49:850896,1842
209.4404,222.0647,1:32:49:855019,1867
210.5717,220.1408,1:32:49:858029,1920
211.9243,218.1295,1:32:49:862030,1988
213.5229,216.1472,1:32:49:867029,2040
215.3429,214.2233,1:32:49:870148,2108
217.4088,212.3577,1:32:49:875027,2161
219.573,210.6671,1:32:49:878838,2193
221.8602,208.9472,1:32:49:882236,2227
224.1966,207.3731,1:32:49:886936,2263
226.6314,205.9156,1:32:49:890947,2290
229.0416,204.633,1:32:49:894952,2323
231.378,203.467,1:32:49:897947,2356
233.7636,202.4759,1:32:49:903206,2363
236.0508,201.6888,1:32:49:906216,2370
238.3134,201.2224,1:32:49:910215,2369
240.4777,200.931,1:32:49:914214,2367
242.519,200.931,1:32:49:918260,2369
244.4127,200.931,1:32:49:922214,2375
246.1588,201.6888,1:32:49:926216,2382
247.782,202.4176,1:32:49:930218,2384
249.2085,203.3212,1:32:49:935073,2408
250.4382,204.429,1:32:49:938092,2457
251.4711,205.7115,1:32:49:943086,2534
252.3073,207.1107,1:32:49:946084,2629
252.9713,208.6557,1:32:49:951084,2721
253.4386,210.4047,1:32:49:954082,2789
253.7091,212.1828,1:32:49:959076,2859
253.8075,214.1651,1:32:49:962084,2932
253.8075,216.3513,1:32:49:966334,2993
253.8075,218.625,1:32:49:971040,3052
253.0205,220.957,1:32:49:974668,3086
252.4548,223.3473,1:32:49:978680,3103
251.7662,225.7668,1:32:49:982717,3119
251.0038,228.1862,1:32:49:986614,3146
250.143,230.5473,1:32:49:990615,3185
249.2085,232.7628,1:32:49:994614,3223
248.2985,234.8033,1:32:49:999137,3256
247.4131,236.698,1:32:50:002148,3272
246.5523,238.4762,1:32:50:007086,3275
245.7654,240.0794,1:32:50:010095,3275
245.1013,241.5369,1:32:50:014750,3275
244.4865,242.8778,1:32:50:018596,3273
243.9946,244.0438,1:32:50:022747,3271
243.6011,245.0932,1:32:50:026592,3266
243.3306,246.0551,1:32:50:030836,3265
243.1584,246.8714,1:32:50:034309,3266
243.0354,247.571,1:32:50:038834,3261
243.0354,248.1539,1:32:50:042843,3261
243.0354,248.6495,1:32:50:046843,3256
243.0354,249.0576,1:32:50:050844,3248
243.0354,249.3491,1:32:50:054849,3244
243.0354,249.5823,1:32:50:058157,3242
243.0354,249.728,1:32:50:063186,3238
243.0354,249.8155,1:32:50:066179,3240
243.0354,249.8738,1:32:50:071062,3246
243.0354,249.8738,1:32:50:074072,3248
243.0354,249.903,1:32:50:079073,3252
243.0354,249.903,1:32:50:082076,3260
243.0354,249.903,1:32:50:087118,3266
243.0354,249.903,1:32:50:090124,3276
243.0354,249.903,1:32:50:095282,3282
243.0354,249.903,1:32:50:098295,3284
243.0354,249.903,1:32:50:102435,3282
243.0354,249.1742,1:32:50:106275,3281
243.0354,249.1742,1:32:50:110296,3285
243.0354,248.4454,1:32:50:114273,3286
243.6011,248.4454,1:32:50:119053,3290
243.6011,247.6875,1:32:50:122340,3293
243.6011,247.2503,1:32:50:126988,3290
243.6011,246.8714,1:32:50:130610,3289
243.6011,246.4924,1:32:50:135018,3290
243.97,246.1718,1:32:50:138011,3283
243.97,245.8219,1:32:50:143014,3283
243.97,245.5013,1:32:50:146016,3279
244.2405,245.2098,1:32:50:150879,3273
244.2405,244.86,1:32:50:153890,3272
244.5848,244.5685,1:32:50:158890,3269
244.8062,244.2478,1:32:50:162889,3265
245.1013,243.8981,1:32:50:167202,3265
245.421,243.5482,1:32:50:170217,3261
245.8391,243.2276,1:32:50:175211,3258
246.3802,242.9361,1:32:50:178208,3256
246.995,242.6446,1:32:50:183409,3254
247.7083,242.3531,1:32:50:186421,3252
248.5198,242.1199,1:32:50:191421,3251
249.5036,241.9742,1:32:50:194417,3254
250.5857,241.945,1:32:50:198650,3252
251.7416,241.945,1:32:50:203419,3250
253.0205,241.945,1:32:50:207027,3248
254.3978,241.945,1:32:50:210041,3246
255.775,242.7903,1:32:50:214038,3245
257.1768,242.7903,1:32:50:219037,3251
258.5295,243.9855,1:32:50:223036,3254
259.7346,244.7434,1:32:50:226037,3256
260.8905,245.647,1:32:50:230426,3258
261.9234,246.609,1:32:50:234392,3256
262.858,247.6875,1:32:50:238526,3258
263.5466,248.8244,1:32:50:242392,3259
264.1123,250.0195,1:32:50:246892,3266
264.4812,251.2439,1:32:50:249913,3276
264.7025,252.5264,1:32:50:254901,3282
264.7025,253.9256,1:32:50:257902,3288
264.7025,255.4123,1:32:50:262915,3292
264.7025,256.9864,1:32:50:266929,3296
263.6204,258.5022,1:32:50:270512,3299
262.8826,260.018,1:32:50:274522,3304
262.0218,261.5046,1:32:50:278833,3304
261.0135,262.933,1:32:50:282221,3303
259.9313,264.2739,1:32:50:286541,3305
258.7755,265.3816,1:32:50:290536,3305
257.6195,266.3435,1:32:50:294977,3307
256.3898,267.0723,1:32:50:298611,3307
255.2094,267.6262,1:32:50:303064,3309
254.0288,268.0051,1:32:50:306612,3310
252.8729,268.1508,1:32:50:311623,3312
251.7416,268.1508,1:32:50:314635,3317
250.6595,268.1508,1:32:50:319267,3318
249.6266,268.1508,1:32:50:322275,3321
248.6182,267.1889,1:32:50:326383,3320
247.6591,267.1889,1:32:50:330278,3318
246.7737,266.0521,1:32:50:334278,3318
245.9621,265.4399,1:32:50:338278,3317
245.2489,264.8569,1:32:50:342283,3322
244.6586,264.2739,1:32:50:346289,3335
244.1422,263.7492,1:32:50:350937,3357
243.7487,263.7492,1:32:50:353951,3380
243.4535,263.0204,1:32:50:358951,3397
243.2814,263.0204,1:32:50:361952,3399
243.1584,262.6123,1:32:50:366954,3389
243.1338,262.6123,1:32:50:370952,3381
243.1338,262.6123,1:32:50:375132,3376
243.1338,262.6123,1:32:50:378142,3380
243.7733,262.6123,1:32:50:382174,3389
243.7733,263.4868,1:32:50:386142,3396
244.9292,264.1281,1:32:50:390139,3404
245.7654,264.886,1:32:50:394137,3412
246.7983,265.9063,1:32:50:398973,3425
248.028,267.0432,1:32:50:401974,3439
249.3806,268.2966,1:32:50:406974,3456
250.8316,269.6667,1:32:50:409975,3473
252.4057,271.0659,1:32:50:415124,3484
254.0534,272.5233,1:32:50:418135,3495
255.775,273.9225,1:32:50:422995,3500
257.4966,275.3509,1:32:50:426006,3502
259.2181,276.6918,1:32:50:431006,3505
260.9889,277.9744,1:32:50:434009,3507
262.7104,279.1987,1:32:50:439006,3509
264.3336,280.3064,1:32:50:442006,3509
265.8338,281.3849,1:32:50:446920,3505
267.2603,282.3469,1:32:50:449931,3501
268.5392,283.1923,1:32:50:454931,3500
269.6705,284.0085,1:32:50:457928,3500
270.6296,284.708,1:32:50:461966,3498
271.4166,285.2619,1:32:50:466932,3492
272.0069,285.7283,1:32:50:470628,3482
272.5479,286.0781,1:32:50:474639,3422
272.8676,286.2821,1:32:50:478906,3291
272.9906,286.4571,1:32:50:481918,3065
272.9906,286.4571,1:32:50:486867,2723
272.9906,286.4571,1:32:50:490792,2268
272.9906,286.4571,1:32:50:494941,1690
272.1053,285.4368,1:32:50:498792,1049
272.1053,284.7664,1:32:50:503196,524
271.0231,283.921,1:32:50:506206,0
270.4575,282.9008,1:32:50:511207,0
269.941,281.7056,1:32:50:514209,0
269.4737,280.4813,1:32:50:518291,0
269.4737,279.2278,1:32:50:522491,0
268.8589,277.9161,1:32:50:526283,0
268.8589,276.6918,1:32:50:530294,0
268.8589,275.5258,1:32:50:534456,0
268.8589,274.4181,1:32:50:538291,0
268.8589,273.3687,1:32:50:543504,0
268.8589,272.4067,1:32:50:546531,0
268.8589,271.4448,1:32:50:551132,0
269.5229,270.512,1:32:50:554146,0
269.5229,269.6083,1:32:50:558930,0
270.5067,268.7047,1:32:50:562943,0
271.1953,267.7719,1:32:50:566942,0
271.9823,266.8974,1:32:50:569946,0
272.8676,265.9937,1:32:50:574945,0
273.8268,265.0318,1:32:50:578943,0
274.8351,264.1281,1:32:50:583105,0
275.9419,263.1662,1:32:50:586624,0
277.0978,262.2043,1:32:50:590667,0
278.3275,261.2423,1:32:50:594678,0
279.508,260.2803,1:32:50:598803,0
280.7377,259.231,1:32:50:602678,0
281.9182,258.2398,1:32:50:607065,0
283.0741,257.3362,1:32:50:610076,0
284.1562,256.4908,1:32:50:615076,0
285.2629,255.6747,1:32:50:618076,0
286.2466,254.8876,1:32:50:623077,0
287.2058,254.1588,1:32:50:626073,0
288.0666,253.4884,1:32:50:631164,0
288.8536,252.8763,1:32:50:634171,0
289.5176,252.235,1:32:50:638913,0
290.0587,251.5062,1:32:50:642926,0
290.5014,250.7775,1:32:50:646928,1370
290.8211,250.0779,1:32:50:649927,1397
291.0424,249.4657,1:32:50:655327,1469
291.1654,248.8244,1:32:50:658338,1583
291.2638,248.2414,1:32:50:662338,1740
291.2884,247.6875,1:32:50:666336,1916
291.2884,247.192,1:32:50:670367,2070
291.313,246.7839,1:32:50:674335,2212
291.313,246.4924,1:32:50:679611,2339
291.313,246.23,1:32:50:682624,2421
291.313,245.9677,1:32:50:687057,2479
291.313,245.8802,1:32:50:690069,2505
291.313,245.7636,1:32:50:694136,2494
291.313,245.7636,1:32:50:698147,2487
291.313,245.7636,1:32:50:702210,2500
291.313,245.7636,1:32:50:706147,2559
291.9524,246.6964,1:32:50:711092,2642
291.9524,246.6964,1:32:50:714103,2743
292.5427,248.1539,1:32:50:719104,2833
292.9362,249.2034,1:32:50:722103,2890
293.4034,250.4276,1:32:50:727407,2943
293.9445,251.856,1:32:50:731420,2994
294.4364,253.4884,1:32:50:734417,3040
294.9774,255.2374,1:32:50:738415,3082
295.4939,257.0155,1:32:50:742420,3113
296.035,258.9103,1:32:50:746418,3129
296.5269,260.7467,1:32:50:750772,3147
297.0433,262.554,1:32:50:754772,3165
297.5106,264.4196,1:32:50:758771,3184
297.9287,266.1686,1:32:50:762771,3196
298.3468,267.7719,1:32:50:766775,3206
298.6911,269.2585,1:32:50:770805,3210
299.0108,270.6286,1:32:50:774737,3214
299.2567,271.8529,1:32:50:778738,3218
299.4289,272.9606,1:32:50:782735,3223
299.5027,273.9225,1:32:50:786756,3228
299.5519,274.7679,1:32:50:790685,3236
299.5519,275.4966,1:32:50:794717,3253
299.5519,276.1088,1:32:50:799046,3272
299.5519,276.6043,1:32:50:801877,3289
298.5927,276.925,1:32:50:807092,3298
298.0271,277.1582,1:32:50:810103,3303
297.3384,277.2165,1:32:50:815104,3301
296.5023,277.2165,1:32:50:818103,3301
295.5431,277.2165,1:32:50:823101,3304
294.5102,276.5169,1:32:50:826118,3302
293.3788,276.5169,1:32:50:830399,3304
292.2475,275.2343,1:32:50:834436,3302
291.067,274.3598,1:32:50:838984,3298
289.9357,273.3979,1:32:50:841996,3294
288.8782,272.3776,1:32:50:846603,3291
287.8452,271.299,1:32:50:850604,3292
286.9107,270.2205,1:32:50:854601,3291
286.0499,269.2003,1:32:50:858601,3293
285.2629,268.18,1:32:50:862609,3291
284.5989,267.218,1:32:50:866615,3291
284.0332,266.3435,1:32:50:870613,3288
283.5905,265.4982,1:32:50:874639,3288
283.2708,264.7112,1:32:50:878839,3285
283.0003,263.9824,1:32:50:882849,3276
282.9511,263.312,1:32:50:886917,3271
282.9511,262.6707,1:32:50:890794,3261
282.9511,262.0876,1:32:50:894995,3256
283.7381,261.5338,1:32:50:897993,3247
284.3775,260.9799,1:32:50:902992,3243
285.2629,260.4553,1:32:50:905993,3238
286.345,259.9305,1:32:50:911114,3234
287.6977,259.4641,1:32:50:914123,3233
289.2963,258.9977,1:32:50:918911,3228
291.0916,258.5605,1:32:50:921921,3224
293.0099,258.1233,1:32:50:926697,3219
295.1004,257.7151,1:32:50:930682,3208
297.3876,257.307,1:32:50:934692,3175
299.724,256.899,1:32:50:938682,3106
302.1342,256.4617,1:32:50:942797,3013
304.5198,256.0536,1:32:50:946818,2905
306.807,255.6455,1:32:50:950824,2799
308.9713,255.2083,1:32:50:954808,2712
311.0372,254.7419,1:32:50:958819,2651
312.8817,254.2463,1:32:50:962111,2609
314.4065,253.6924,1:32:50:966122,2588
315.71,253.1678,1:32:50:970503,2587
316.7675,252.5556,1:32:50:974516,2589
317.5791,251.9726,1:32:50:978515,2597
318.1693,251.273,1:32:50:982124,2606
318.5628,250.6026,1:32:50:986122,2613
318.7842,249.9904,1:32:50:990121,2647
318.8334,249.3491,1:32:50:994121,2710
318.8334,248.8244,1:32:50:998860,2815
318.8334,248.358,1:32:51:002135,2925
318.8334,247.8916,1:32:51:006855,3035
318.8334,247.5418,1:32:51:010854,3116
318.2677,247.2794,1:32:51:014855,3151
318.2677,247.1337,1:32:51:018853,3177
318.2677,247.0171,1:32:51:022854,3171
318.2677,246.9879,1:32:51:026865,3169
318.2677,246.9879,1:32:51:030617,3212
317.8742,246.9879,1:32:51:034615,3296
317.8742,248.0956,1:32:51:038615,3404
317.8742,248.8535,1:32:51:042617,3523
317.4561,249.8155,1:32:51:046802,3618
317.4561,251.0107,1:32:51:050816,3697
316.9643,252.4973,1:32:51:054813,3791
316.6691,254.2463,1:32:51:058832,3918
316.3986,256.1119,1:32:51:062822,4055
316.1526,258.1233,1:32:51:066831,4188
315.9559,260.1638,1:32:51:069908,4290
315.8329,262.2625,1:32:51:074916,4354
315.7838,264.4196,1:32:51:078846,4400
315.7838,266.5185,1:32:51:081885,4438
315.7838,268.559,1:32:51:086886,4477
315.7838,270.512,1:32:51:089883,4504
315.7838,272.3484,1:32:51:095066,4521
316.3248,274.0683,1:32:51:098077,4529
316.3248,275.6715,1:32:51:102856,4530
316.3248,277.1873,1:32:51:106865,4534
317.0134,278.6448,1:32:51:110538,4539
317.0134,279.9566,1:32:51:114493,4539
317.5545,281.1517,1:32:51:118493,4542
317.5545,282.2303,1:32:51:122495,4540
318.0218,283.2214,1:32:51:126857,4531
318.0218,284.0667,1:32:51:130867,4524
318.3661,284.7664,1:32:51:134803,4512
318.3661,285.3785,1:32:51:138537,4472
318.6366,285.8449,1:32:51:142541,4381
318.6366,286.1947,1:32:51:146537,4187
318.8334,286.3987,1:32:51:150831,3858
318.9318,286.5445,1:32:51:154839,3373
318.9809,286.5445,1:32:51:158011,2685
319.1531,286.5445,1:32:51:162022,1804
319.4236,286.5445,1:32:51:166115,1009
319.7925,285.8157,1:32:51:171019,401
320.309,285.8157,1:32:51:175019,0
320.9239,284.6789,1:32:51:179023,0
321.7108,283.921,1:32:51:183205,0
322.6208,283.0757,1:32:51:186217,0
323.6537,282.172,1:32:51:191216,0
324.8097,281.3267,1:32:51:194212,0
325.9164,280.5979,1:32:51:198216,0
327.1461,279.8983,1:32:51:202213,0
328.4249,279.257,1:32:51:206310,0
329.7776,278.7032,1:32:51:210334,0
331.1794,278.2659,1:32:51:214860,0
332.7289,277.8578,1:32:51:218882,0
334.4258,277.4789,1:32:51:222081,0
336.0982,277.1873,1:32:51:228084,0
337.8689,276.8667,1:32:51:231097,0
339.6643,276.6335,1:32:51:234081,0
341.4104,276.4003,1:32:51:238079,0
343.1566,276.1963,1:32:51:242871,0
344.8536,276.0505,1:32:51:246887,0
346.4276,275.9339,1:32:51:250808,0
347.8786,275.8173,1:32:51:254839,0
349.2804,275.7007,1:32:51:258819,0
350.6085,275.6424,1:32:51:262819,0
351.8136,275.555,1:32:51:267068,0
352.9695,275.4966,1:32:51:270079,0
354.0024,275.4092,1:32:51:275078,0
354.9124,275.2926,1:32:51:278079,0
355.6502,275.1469,1:32:51:283077,0
356.1913,275.0011,1:32:51:286079,0
356.5602,274.8845,1:32:51:290855,0
356.7569,274.7679,1:32:51:294865,0
356.7569,274.6222,1:32:51:298009,0
356.7569,274.4764,1:32:51:302010,0
355.9699,274.3598,1:32:51:306009,0
355.3551,274.2723,1:32:51:310009,0
354.5927,274.1849,1:32:51:314803,0
353.7565,274.1266,1:32:51:318021,0
352.8219,274.0392,1:32:51:322021,0
351.912,274.01,1:32:51:326021,0
351.002,273.8059,1:32:51:330804,0
350.1412,273.6019,1:32:51:334815,0
349.3296,273.3395,1:32:51:338814,339
348.518,273.0772,1:32:51:342823,254
347.731,272.8148,1:32:51:346976,169
347.0178,272.5233,1:32:51:349986,0
346.3292,272.2318,1:32:51:353986,0
345.6898,271.8529,1:32:51:357988,0
345.0749,271.6488,1:32:51:362986,0
344.4846,271.4448,1:32:51:366988,0
344.0174,271.299,1:32:51:370461,0
343.5993,271.1533,1:32:51:374142,0
343.4271,271.0075,1:32:51:378859,0
343.3533,270.8326,1:32:51:382871,0
343.3533,270.6286,1:32:51:385869,0
343.3533,270.512,1:32:51:390889,0
343.9436,270.4246,1:32:51:394867,0
343.9436,270.3371,1:32:51:398889,0
344.8781,270.2205,1:32:51:401895,0
345.4192,270.1622,1:32:51:406867,0
345.9111,270.0456,1:32:51:410877,0
345.9111,270.0164,1:32:51:414877,0
346.6981,269.9582,1:32:51:418877,0
346.6981,269.8998,1:32:51:422877,0
347.2392,269.8124,1:32:51:426882,0
347.2392,269.7541,1:32:51:429889,0
347.2392,269.6667,1:32:51:434856,0
347.2392,269.6083,1:32:51:438867,0
347.2392,269.4918,1:32:51:442869,0
347.2392,269.3752,1:32:51:446865,0
347.2392,269.2585,1:32:51:450866,0
346.6735,269.2003,1:32:51:454862,0
346.6735,269.1128,1:32:51:458870,0
346.2062,269.0836,1:32:51:461985,0
346.2062,268.9962,1:32:51:466019,0
345.7635,268.967,1:32:51:470667,0
345.7635,268.967,1:32:51:474664,0
345.3946,268.967,1:32:51:478774,0
345.3946,268.967,1:32:51:482666,0
345.0749,268.967,1:32:51:486861,0
345.0749,268.967,1:32:51:490379,0
345.0749,268.967,1:32:51:494858,0
344.8536,268.967,1:32:51:498375,0
344.8536,268.967,1:32:51:502374,0
344.8536,268.967,1:32:51:506484,0
344.8536,268.967,1:32:51:510375,0
344.8536,268.967,1:32:51:514863,0
344.8536,268.967,1:32:51:518384,0
344.8536,268.3257,1:32:51:521929,0
344.7552,268.3257,1:32:51:526955,0
344.7552,268.3257,1:32:51:529938,0
344.6568,267.8302,1:32:51:534935,0
344.6322,267.8302,1:32:51:538956,0
344.6322,267.4513,1:32:51:543048,0
344.583,267.4513,1:32:51:546055,0
344.583,267.0723,1:32:51:550097,0
344.583,267.0723,1:32:51:554059,0
344.583,266.7225,1:32:51:558148,0
344.583,266.7225,1:32:51:562056,0
344.583,266.4019,1:32:51:566181,0
344.583,266.2561,1:32:51:570187,0
344.583,266.1686,1:32:51:574186,0
344.583,266.0521,1:32:51:578195,0
344.583,265.9063,1:32:51:582291,0
344.583,265.7606,1:32:51:586291,0
344.583,265.644,1:32:51:590417,0
344.583,265.5273,1:32:51:594292,0
344.583,265.3816,1:32:51:598863,0
344.583,265.2358,1:32:51:602874,0
344.9765,265.0901,1:32:51:606412,0
344.9765,264.9443,1:32:51:610425,0
344.9765,264.8278,1:32:51:614488,0
344.9765,264.682,1:32:51:618422,0
344.9765,264.5654,1:32:51:622422,0
344.9765,264.4196,1:32:51:626422,0
345.1733,264.2739,1:32:51:630807,0
345.1733,264.1573,1:32:51:634395,0
345.1733,264.0115,1:32:51:638863,0
345.2963,263.8658,1:32:51:642872,0
345.2963,263.7201,1:32:51:646875,0
345.3946,263.5743,1:32:51:650873,0
345.4438,263.4286,1:32:51:654881,0
345.5176,263.2537,1:32:51:657990,0
345.5668,263.1079,1:32:51:662296,0
345.6406,263.0204,1:32:51:666921,0
345.6898,262.8747,1:32:51:670929,0
345.739,262.6998,1:32:51:675190,0
345.7881,262.5249,1:32:51:678190,0
345.8619,262.3792,1:32:51:682227,0
345.8865,262.2334,1:32:51:686220,0
345.9357,262.0585,1:32:51:690860,0
346.0095,261.8836,1:32:51:693900,0
346.0341,261.7379,1:32:51:698177,0
346.0833,261.6504,1:32:51:702202,0
346.1324,261.5046,1:32:51:706668,0
346.157,261.3881,1:32:51:710638,0
346.2308,261.2423,1:32:51:714638,0
346.2308,261.1257,1:32:51:718638,0
346.2308,261.0091,1:32:51:723120,0
346.2308,260.8633,1:32:51:726250,0
346.2308,260.7467,1:32:51:730257,0
346.2308,260.601,1:32:51:734249,0
346.2308,260.4844,1:32:51:740250,0
346.2308,260.3678,1:32:51:742808,0
346.2308,260.2803,1:32:51:746261,0
346.2308,260.1638,1:32:51:750807,0
346.2308,260.0471,1:32:51:754267,0
346.2308,259.9597,1:32:51:758565,0
346.2308,259.8723,1:32:51:762457,0
346.2308,259.8139,1:32:51:766459,0
346.2308,259.7556,1:32:51:770457,0
346.2308,259.6682,1:32:51:774798,0
346.2308,259.6099,1:32:51:778808,0
346.2308,259.5225,1:32:51:781851,0
346.2308,259.4641,1:32:51:786865,0
346.2308,259.3767,1:32:51:791035,0
346.2308,259.3184,1:32:51:794034,0
346.2308,259.2601,1:32:51:799035,0
346.2308,259.2018,1:32:51:802035,0
346.2308,259.1726,1:32:51:806863,0
346.2308,259.1143,1:32:51:810874,0
346.2308,259.0852,1:32:51:814873,0
346.2308,259.0852,1:32:51:818917,0
346.2308,259.0561,1:32:51:822866,0
346.2308,258.9977,1:32:51:826884,0
346.2308,258.9977,1:32:51:830875,0
346.2308,258.9686,1:32:51:834876,0
346.2308,258.9395,1:32:51:838876,0
346.2308,258.9103,1:32:51:842314,0
346.2308,258.9103,1:32:51:846807,0
346.2308,258.8228,1:32:51:850833,0
346.2308,258.7937,1:32:51:854815,0
346.2308,258.7062,1:32:51:858819,0
345.6898,258.6479,1:32:51:862815,0
345.6898,258.5605,1:32:51:866818,0
345.6898,258.4439,1:32:51:870978,0
345.3208,258.3856,1:32:51:873990,0
345.3208,258.269,1:32:51:878110,0
344.9765,258.1524,1:32:51:881987,0
344.9765,258.0358,1:32:51:886047,0
344.6568,257.9483,1:32:51:889988,0
344.6568,257.8318,1:32:51:895024,0
344.4109,257.7151,1:32:51:898036,0
344.4109,257.5985,1:32:51:902058,0
344.2879,257.4528,1:32:51:906034,0
344.2879,257.3362,1:32:51:910033,0
344.2387,257.1905,1:32:51:914037,0
344.2387,257.0447,1:32:51:918851,0
344.2387,256.899,1:32:51:921861,0
344.2387,256.7532,1:32:51:926912,0
344.2387,256.5783,1:32:51:929921,0
344.2387,256.3742,1:32:51:934910,0
344.2387,256.2285,1:32:51:938915,0
344.2387,256.1119,1:32:51:942859,0
344.2387,255.9662,1:32:51:946868,0
344.2387,255.8495,1:32:51:950800,0
344.2387,255.7621,1:32:51:954814,0
344.6322,255.6163,1:32:51:958816,0
344.6322,255.5289,1:32:51:962809,0
344.6322,255.4123,1:32:51:966811,0
344.6322,255.354,1:32:51:970834,0
344.6322,255.2374,1:32:51:974857,0
344.6322,255.1499,1:32:51:978901,0
344.6322,255.0625,1:32:51:982484,0
344.6322,254.9751,1:32:51:986613,0
344.6322,254.8876,1:32:51:990626,0
344.6322,254.8293,1:32:51:994111,243
344.6322,254.7419,1:32:51:998141,252
344.6322,254.6835,1:32:52:003110,276
344.6322,254.6544,1:32:52:006114,318
344.6322,254.5961,1:32:52:010861,371
344.6322,254.5378,1:32:52:013871,427
344.8536,254.4795,1:32:52:018862,479
344.8536,254.4795,1:32:52:022881,523
344.8536,254.4795,1:32:52:026874,567
344.8536,254.4795,1:32:52:030861,606
344.8536,254.4503,1:32:52:034871,648
344.8536,254.4503,1:32:52:038871,698
344.8536,254.4212,1:32:52:041871,749
344.8536,254.392,1:32:52:046872,798
344.8536,254.3338,1:32:52:049871,847
344.8536,254.3046,1:32:52:054876,886
344.8536,254.2755,1:32:52:057880,921
344.8536,254.2463,1:32:52:062856,957
344.8536,254.188,1:32:52:066864,993
344.8536,254.1588,1:32:52:070856,1029
344.8536,254.1588,1:32:52:073864,1073
344.8536,254.1588,1:32:52:078970,1113
344.8536,254.1297,1:32:52:081970,1150
344.8536,254.1006,1:32:52:085970,1191
344.8536,254.1006,1:32:52:089968,1221
344.8536,254.1006,1:32:52:095042,1258
344.8536,254.0131,1:32:52:098052,1297
344.8536,253.9839,1:32:52:102180,1339
344.8536,253.9256,1:32:52:106074,1378
344.8536,253.8674,1:32:52:111108,1420
344.8536,253.8382,1:32:52:114393,1454
344.8536,253.7507,1:32:52:117955,1482
344.8536,253.7216,1:32:52:121953,1518
344.8536,253.6342,1:32:52:126002,1546
344.8536,253.605,1:32:52:129953,1577
344.8536,253.5175,1:32:52:134805,1593
344.8536,253.4884,1:32:52:138298,1604
344.8536,253.4592,1:32:52:142805,1608
344.8536,253.4301,1:32:52:146321,1619
344.8536,253.3718,1:32:52:150861,1638
344.8536,253.3135,1:32:52:154381,1656
344.8536,253.3135,1:32:52:158873,1683
344.8536,253.2843,1:32:52:161883,1699
344.8536,253.2843,1:32:52:166884,1714
344.8536,253.226,1:32:52:169883,1733
344.8536,253.1969,1:32:52:175100,1745
344.8536,253.1969,1:32:52:178110,1755
344.8536,253.1678,1:32:52:182228,1774
344.8536,253.1678,1:32:52:186110,1796
344.8536,253.1678,1:32:52:190113,1825
344.8536,253.1678,1:32:52:194110,1850
344.8536,253.1386,1:32:52:198094,1864
344.8536,253.1386,1:32:52:202127,1871
344.8536,253.1386,1:32:52:206858,1871
344.8536,253.1386,1:32:52:209868,1875
344.8536,253.1386,1:32:52:214856,1875
344.8536,253.1386,1:32:52:217869,1874
344.8536,253.1386,1:32:52:222867,1874
344.8536,253.1386,1:32:52:226880,1875
344.8536,253.1386,1:32:52:230573,1875
344.8536,253.1386,1:32:52:234530,1873
344.8536,253.1386,1:32:52:239528,1870
344.8536,253.1386,1:32:52:242526,1873
344.8536,253.1386,1:32:52:246861,1875
344.8536,253.1386,1:32:52:249874,1879
344.8536,253.1386,1:32:52:254933,1885
344.8536,253.1386,1:32:52:257972,1882
344.8536,253.1386,1:32:52:262943,1883
344.8536,253.1386,1:32:52:265943,1885
344.8536,253.1386,1:32:52:269945,1882
344.8536,253.1386,1:32:52:274159,1882
344.8536,253.1386,1:32:52:278236,1885
344.8536,253.1386,1:32:52:282266,1886
344.8536,253.1386,1:32:52:286237,1920
344.8536,253.1386,1:32:52:291246,1962
344.8536,253.1386,1:32:52:294991,2006
344.8536,253.1386,1:32:52:298004,2051
344.8536,253.1386,1:32:52:302004,2068
344.8536,253.1386,1:32:52:307003,2081
344.8536,253.1386,1:32:52:310004,2085
344.8536,253.1386,1:32:52:314805,2089
344.8536,253.1386,1:32:52:318823,2090
344.8536,253.1386,1:32:52:322813,2086
344.8536,253.1386,1:32:52:326834,2083
344.8536,253.1386,1:32:52:330855,2082
344.8536,253.1386,1:32:52:334866,2079
344.8536,253.1386,1:32:52:338859,2079
344.8536,253.1386,1:32:52:342871,2082
344.8536,253.1386,1:32:52:346867,2083
344.8536,253.1386,1:32:52:350871,2086
344.8536,253.1386,1:32:52:354870,2092
344.8536,253.1386,1:32:52:357869,2094
344.8536,253.1386,1:32:52:362946,2088
344.8536,253.1386,1:32:52:365953,2085
344.8536,253.1386,1:32:52:370852,2081
344.8536,253.1386,1:32:52:374863,2076
344.8536,253.1386,1:32:52:378880,2082
344.8536,253.1386,1:32:52:382863,2082
344.8536,253.1386,1:32:52:386860,2078
344.8536,253.1386,1:32:52:389882,2072
344.8536,253.1386,1:32:52:394844,2067
344.8536,253.1386,1:32:52:398801,2067
344.8536,253.1386,1:32:52:402803,2064
344.8536,253.1386,1:32:52:406821,2067
344.8536,253.1386,1:32:52:410851,2067
344.8536,253.1386,1:32:52:414863,2063
344.8536,253.1386,1:32:52:418852,2063
344.8536,253.1386,1:32:52:422864,2063
344.8536,253.1386,1:32:52:426804,2065
344.8536,253.1386,1:32:52:430005,2065
344.8536,253.1386,1:32:52:434852,2065
344.8536,253.1386,1:32:52:437863,2068
344.8536,253.1386,1:32:52:442885,2066
344.8536,253.1386,1:32:52:445862,2066
344.8536,253.1386,1:32:52:450862,2066
344.8536,253.1386,1:32:52:454863,2063
344.8536,253.1386,1:32:52:458798,2065
344.8536,253.1386,1:32:52:461957,2068
344.8536,253.1386,1:32:52:466854,2071
344.8536,253.1386,1:32:52:469865,2071
344.8536,253.1386,1:32:52:474858,2065
344.8536,253.1386,1:32:52:478869,2065
344.8536,253.1386,1:32:52:482869,2068
344.8536,253.1386,1:32:52:486869,2070
344.8536,253.1386,1:32:52:490868,2080
344.8536,253.1386,1:32:52:494879,2080
344.8536,253.1386,1:32:52:498861,2077
344.8536,253.1386,1:32:52:501872,2084
344.8536,253.1386,1:32:52:506805,2084
344.8536,253.1386,1:32:52:510821,2090
344.8536,253.1386,1:32:52:514814,2097
344.8536,253.1386,1:32:52:518816,2097
344.8536,253.1386,1:32:52:523123,2100
344.8536,253.1386,1:32:52:526131,2098
344.8536,253.1386,1:32:52:530206,2095
344.8536,253.1386,1:32:52:535132,2093
344.8536,253.1386,1:32:52:538210,2090
344.8536,253.1386,1:32:52:542134,2090
344.8536,253.1386,1:32:52:546806,2094
344.8536,253.1386,1:32:52:550643,2097
344.8536,253.1386,1:32:52:554864,2099
344.8536,253.1386,1:32:52:557874,2102
344.8536,253.1386,1:32:52:562890,2098
344.8536,253.1386,1:32:52:565897,2097
344.8536,253.1386,1:32:52:570858,2098
344.8536,253.1386,1:32:52:574869,2101
344.8536,253.1386,1:32:52:578869,2106
344.8536,253.1386,1:32:52:582882,2107
344.8536,253.1386,1:32:52:586879,2107
344.8536,253.1386,1:32:52:590881,2107
344.8536,253.1386,1:32:52:594679,2107
344.8536,253.1386,1:32:52:598680,2104
344.8536,253.1386,1:32:52:602986,2104
344.8536,253.1386,1:32:52:605996,2104
344.8536,253.1386,1:32:52:610011,2119
344.8536,253.1386,1:32:52:613996,2168
344.8536,253.1386,1:32:52:619226,2216
344.8536,253.1386,1:32:52:622236,2277
344.8536,253.1386,1:32:52:626239,2335
344.8536,253.1386,1:32:52:630234,2372
344.8536,253.1386,1:32:52:634325,2407
344.8536,253.1386,1:32:52:638236,2426
344.8536,253.1386,1:32:52:642859,2437
344.8536,253.1386,1:32:52:646869,2441
344.8536,253.1386,1:32:52:650854,2442
344.8536,253.1386,1:32:52:653864,2446
344.8536,252.6139,1:32:52:658501,2444
344.8536,252.6139,1:32:52:662507,2437
344.8536,252.1475,1:32:52:666507,2433
344.8536,252.1475,1:32:52:670507,2427
344.8536,251.7686,1:32:52:674778,2427
344.8536,251.7686,1:32:52:678786,2430
344.8536,251.3022,1:32:52:682885,2433
344.8536,251.3022,1:32:52:686872,2439
344.8536,250.9523,1:32:52:690876,2439
344.4601,250.7483,1:32:52:694874,2440
344.4601,250.6026,1:32:52:697871,2442
344.4601,250.4568,1:32:52:702873,2446
344.4601,250.3985,1:32:52:707037,2447
344.4601,250.2819,1:32:52:710552,2453
344.4601,250.2236,1:32:52:714554,2458
344.4601,250.1653,1:32:52:718554,2462
344.4601,250.1362,1:32:52:722554,2469
344.4601,250.0779,1:32:52:726555,2479
344.4601,250.0487,1:32:52:730757,2498
344.4601,250.0195,1:32:52:734792,2526
344.4601,249.9321,1:32:52:738768,2556
344.4601,249.903,1:32:52:742792,2578
344.4601,249.8738,1:32:52:746825,2593
344.4601,249.7863,1:32:52:751774,2598
344.4601,249.728,1:32:52:755009,2603
344.4601,249.6698,1:32:52:758013,2607
344.4601,249.6115,1:32:52:763009,2612
344.4601,249.524,1:32:52:766012,2616
344.4601,249.4657,1:32:52:770800,2621
344.4601,249.3783,1:32:52:774018,2639
344.4601,249.3199,1:32:52:779019,2673
344.4601,249.2325,1:32:52:782027,2703
344.4601,249.1742,1:32:52:786029,2733
344.4601,249.0867,1:32:52:790054,2752
344.4601,249.0284,1:32:52:794029,2756
344.2633,248.9702,1:32:52:800027,2760
344.2633,248.941,1:32:52:802029,2767
344.2633,248.9118,1:32:52:806029,2777
344.2633,248.8535,1:32:52:811157,2786
344.2633,248.8535,1:32:52:814167,2794
344.2633,248.8244,1:32:52:818851,2802
344.2633,248.8244,1:32:52:822860,2799
344.2633,248.8244,1:32:52:826912,2796
344.2633,248.8244,1:32:52:829913,2789
344.2633,248.8244,1:32:52:834912,2777
344.2633,248.8244,1:32:52:838913,2769
344.2633,248.8244,1:32:52:842847,2761
344.2633,248.8244,1:32:52:845920,2757
344.2633,249.8155,1:32:52:850707,2762
344.2633,250.4859,1:32:52:854706,2786
344.7306,251.3022,1:32:52:858705,2842
344.7306,252.4099,1:32:52:862706,2917
344.7306,253.8382,1:32:52:866350,3003
345.2963,255.4998,1:32:52:870360,3090
345.2963,257.3362,1:32:52:874822,3167
345.6406,259.3184,1:32:52:878835,3248
345.6406,261.4172,1:32:52:882382,3329
345.6406,263.5743,1:32:52:886382,3420
345.9111,265.7606,1:32:52:890465,3507
345.9111,267.8593,1:32:52:894382,3573
345.9111,269.8707,1:32:52:898858,3626
345.9111,271.7946,1:32:52:902869,3651
345.9111,273.5728,1:32:52:906861,3662
345.9111,275.2343,1:32:52:910886,3675
345.9111,276.7501,1:32:52:914871,3687
345.9111,278.1493,1:32:52:918872,3696
345.9111,279.4319,1:32:52:923140,3706
345.9111,280.627,1:32:52:926153,3713
345.4684,281.7056,1:32:52:930200,3714
345.4684,282.6967,1:32:52:934152,3718
345.4684,283.6003,1:32:52:939148,3723
345.4684,284.3291,1:32:52:942151,3727
345.4684,284.9995,1:32:52:946804,3735
345.4684,285.5826,1:32:52:951200,3741
345.2225,286.049,1:32:52:954808,3745
345.2225,286.3987,1:32:52:958817,3747
345.2225,286.6611,1:32:52:962803,3749
345.2225,286.836,1:32:52:966814,3750
345.2225,286.9235,1:32:52:970849,3754
345.0995,287.0109,1:32:52:973859,3758
345.0995,287.0109,1:32:52:978857,3760
345.0503,287.0109,1:32:52:982876,3764
344.9765,287.0109,1:32:52:986859,3757
344.9273,287.0109,1:32:52:990860,3749
344.829,286.3405,1:32:52:994930,3739
344.7306,286.3405,1:32:52:997940,3694
344.6076,285.5534,1:32:53:002656,3576
344.4846,285.5534,1:32:53:006656,3392
344.3125,284.4749,1:32:53:010706,3142
344.1649,283.8627,1:32:53:014656,2857
344.042,283.1923,1:32:53:018791,2557
343.919,282.5218,1:32:53:022670,2237
343.796,281.8222,1:32:53:026910,1876
343.6731,281.1226,1:32:53:029912,1464
343.5501,280.3647,1:32:53:034909,1052
343.4271,279.636,1:32:53:037913,635
343.3042,278.8489,1:32:53:042886,315
343.1566,278.0619,1:32:53:045884,118
342.9844,277.2165,1:32:53:050886,0
342.8123,276.4003,1:32:53:054886,0
342.6647,275.555,1:32:53:058886,0
342.5172,274.7387,1:32:53:062886,0
342.3204,273.9225,1:32:53:066819,0
342.1974,273.0772,1:32:53:070826,0
342.0745,272.261,1:32:53:075196,0
341.9515,271.4448,1:32:53:078206,0
341.8531,270.6286,1:32:53:082257,0
341.7302,269.7832,1:32:53:086204,0
341.6318,268.9379,1:32:53:090248,0
341.5334,268.0926,1:32:53:094205,0
341.5088,267.218,1:32:53:098853,0
341.4596,266.3727,1:32:53:102868,0
341.4596,265.5565,1:32:53:106856,0
341.4596,264.7986,1:32:53:110867,0
341.4596,264.0699,1:32:53:114869,0
341.4596,263.4577,1:32:53:118289,0
341.4596,262.8164,1:32:53:122396,0
341.4596,262.2625,1:32:53:126290,0
342.0991,261.7087,1:32:53:130358,0
342.0991,261.2715,1:32:53:134289,0
342.0991,260.7759,1:32:53:138855,0
342.6155,260.2803,1:32:53:142866,0
342.6155,259.7848,1:32:53:146948,0
342.6155,259.2601,1:32:53:149945,0
342.9106,258.7646,1:32:53:154927,0
342.9106,258.1815,1:32:53:158940,0
342.9106,257.6277,1:32:53:162857,0
342.9106,257.0447,1:32:53:166221,0
342.9106,256.4617,1:32:53:170310,0
342.9106,255.937,1:32:53:174223,0
342.9106,255.4123,1:32:53:178350,0
342.9106,254.8584,1:32:53:182220,0
342.9106,254.3338,1:32:53:186207,0
342.9106,253.8382,1:32:53:190258,0
342.3204,253.3135,1:32:53:194853,0
342.3204,252.8179,1:32:53:198861,0
342.3204,252.235,1:32:53:202854,0
341.9515,251.5645,1:32:53:206869,572
341.9515,250.894,1:32:53:210864,579
341.9515,250.2236,1:32:53:213862,594
341.6564,249.5823,1:32:53:218883,631
341.6564,248.8535,1:32:53:222863,671
341.6564,248.1539,1:32:53:226263,712
341.6564,247.4543,1:32:53:230260,769
341.6564,246.7839,1:32:53:234231,828
341.6564,246.1134,1:32:53:238247,902
341.6564,245.4722,1:32:53:242358,983
341.6564,244.7434,1:32:53:247233,1079
341.6564,244.0146,1:32:53:250230,1163
341.6564,243.2276,1:32:53:254845,1222
342.1974,242.4114,1:32:53:258371,1277
342.1974,241.5661,1:32:53:262371,1315
342.6401,240.6624,1:32:53:266369,1341
342.6401,239.6422,1:32:53:270433,1397
343.2304,238.6219,1:32:53:274369,1452
343.5993,237.5142,1:32:53:278788,1503
344.0174,236.319,1:32:53:282470,1560
344.4846,235.0073,1:32:53:286027,1594
344.9765,233.6373,1:32:53:291035,1618
345.5422,232.2089,1:32:53:294028,1626
346.157,230.664,1:32:53:300031,1627
346.8211,228.9733,1:32:53:302675,1631
347.5835,227.2242,1:32:53:306703,1629
348.4196,225.3295,1:32:53:310706,1633
349.3542,223.4639,1:32:53:314703,1629
350.3625,221.6274,1:32:53:318721,1626
351.4693,219.8201,1:32:53:322730,1632
352.699,218.1003,1:32:53:326841,1633
354.027,216.4971,1:32:53:330850,1636
355.4535,215.0396,1:32:53:334851,1640
356.8799,213.7278,1:32:53:338850,1647
358.3063,212.6201,1:32:53:342850,1648
359.8557,211.5415,1:32:53:346852,1665
361.3806,210.5504,1:32:53:350721,1673
362.9792,209.7051,1:32:53:354688,1675
364.5532,208.8889,1:32:53:358843,1686
366.1272,208.1019,1:32:53:362853,1681
367.7257,207.4314,1:32:53:366852,1684
369.2997,206.8192,1:32:53:370867,1690
370.8983,206.2654,1:32:53:374852,1692
372.4724,205.7407,1:32:53:378871,1699
373.9234,205.3618,1:32:53:382103,1705
375.3498,205.0703,1:32:53:386104,1705
376.6779,204.8371,1:32:53:390106,1705
377.9076,204.6913,1:32:53:394102,1708
379.0635,204.633,1:32:53:398133,1705
380.121,204.633,1:32:53:402160,1704
381.1539,204.633,1:32:53:406923,1698
382.0639,204.633,1:32:53:409933,1693
382.9247,204.633,1:32:53:414932,1694
383.7363,205.6241,1:32:53:417934,1696
384.4249,205.6241,1:32:53:421933,1692
385.1135,207.0233,1:32:53:425933,1732
385.753,208.0727,1:32:53:431053,1805
386.2694,209.3553,1:32:53:434076,1908
386.7367,210.8711,1:32:53:438066,2044
387.1794,212.795,1:32:53:442063,2186
387.5237,215.0979,1:32:53:446064,2300
387.7451,217.6922,1:32:53:450061,2412
387.9172,220.6072,1:32:53:454857,2519
388.0156,223.7262,1:32:53:457857,2590
388.0648,226.9619,1:32:53:462847,2686
388.0648,230.285,1:32:53:466837,2761
388.0648,233.6955,1:32:53:470836,2834
388.0648,237.0478,1:32:53:474838,2921
388.0648,240.3418,1:32:53:478835,2994
388.0648,243.5482,1:32:53:482838,3078
388.0648,246.7839,1:32:53:486852,3163
387.4254,250.0779,1:32:53:490865,3232
387.4254,253.4301,1:32:53:494794,3298
387.4254,256.7532,1:32:53:498811,3361
387.0318,260.0763,1:32:53:502802,3420
387.0318,263.3411,1:32:53:506806,3483
387.0318,266.4019,1:32:53:510805,3544
387.0318,269.3752,1:32:53:514811,3590
387.0318,272.0278,1:32:53:518933,3628
387.0318,274.4181,1:32:53:522939,3652
387.0318,276.5169,1:32:53:526846,3670
387.0318,278.4408,1:32:53:530856,3687
387.0318,280.1024,1:32:53:534857,3700
387.0318,281.6765,1:32:53:537857,3712
387.0318,283.0465,1:32:53:542857,3723
387.0318,284.2708,1:32:53:546856,3730
387.5237,285.3785,1:32:53:550792,3735
387.5237,286.3405,1:32:53:554791,3739
387.5237,287.2149,1:32:53:558806,3742
387.9172,287.9728,1:32:53:562789,3743
387.9172,288.585,1:32:53:566881,3746
387.9172,289.1097,1:32:53:569889,3746
388.2123,289.4886,1:32:53:574852,3746
388.2123,289.7802,1:32:53:578837,3750
388.2123,289.9842,1:32:53:582836,3752
388.2123,290.1008,1:32:53:585835,3756
388.2123,290.1591,1:32:53:590845,3760
388.2123,290.1591,1:32:53:594864,3761
388.2123,290.1591,1:32:53:598902,3764
388.2123,290.1591,1:32:53:601906,3763
388.2123,289.4304,1:32:53:605958,3751
388.2123,289.4304,1:32:53:610959,3711
388.2123,288.6141,1:32:53:614958,3566
388.2123,288.0312,1:32:53:617962,3341
388.2123,287.4482,1:32:53:622616,3025
387.6467,286.7777,1:32:53:626544,2634
387.6467,286.1072,1:32:53:630603,2202
387.1548,285.4077,1:32:53:634544,1680
386.7613,284.6789,1:32:53:638437,1117
386.294,283.921,1:32:53:642439,607
385.7776,283.1923,1:32:53:646505,242
385.1873,282.4344,1:32:53:650439,0
384.4987,281.7056,1:32:53:654381,0
383.7855,281.006,1:32:53:658462,0
382.9985,280.3064,1:32:53:662520,0
382.2115,279.6068,1:32:53:666453,0
381.3999,278.9655,1:32:53:670451,0
380.5883,278.3242,1:32:53:674802,0
379.8259,277.7704,1:32:53:678478,0
379.0881,277.2165,1:32:53:682801,0
378.3994,276.6335,1:32:53:686812,0
377.7354,276.1088,1:32:53:690827,0
377.1206,275.5841,1:32:53:694829,0
376.5303,275.0886,1:32:53:698812,0
375.9893,274.5638,1:32:53:702802,0
375.4974,274.0392,1:32:53:706826,0
375.0055,273.4853,1:32:53:710827,0
374.5382,272.9606,1:32:53:714822,0
374.0709,272.4067,1:32:53:718807,0
373.6283,271.8238,1:32:53:722303,0
373.1856,271.2408,1:32:53:726301,0
372.7675,270.5995,1:32:53:730302,0
372.374,269.8998,1:32:53:734301,0
372.0051,269.2294,1:32:53:738301,0
371.587,268.5298,1:32:53:742802,0
371.218,267.7719,1:32:53:746814,0
370.8492,267.0432,1:32:53:750810,0
370.4311,266.3727,1:32:53:754815,0
370.0622,265.7022,1:32:53:758813,0
369.7178,265.1193,1:32:53:762813,0
369.3735,264.5945,1:32:53:766813,0
369.0292,264.1281,1:32:53:770828,0
368.7587,263.6617,1:32:53:774679,0
368.5374,263.2537,1:32:53:778749,0
368.316,262.933,1:32:53:782681,0
368.1193,262.554,1:32:53:786681,0
367.9717,262.2334,1:32:53:790681,0
367.7503,261.8545,1:32:53:795090,0
367.5536,261.5046,1:32:53:798102,0
367.3814,261.1257,1:32:53:803110,0
367.1601,260.7176,1:32:53:806100,0
366.865,260.3387,1:32:53:810100,0
366.5945,259.9014,1:32:53:814098,0
366.2747,259.5225,1:32:53:819010,0
365.9304,259.1143,1:32:53:822018,0
365.6599,258.7062,1:32:53:826117,0
365.3401,258.2982,1:32:53:830018,0
365.0204,257.8609,1:32:53:834022,0
364.7499,257.4236,1:32:53:838023,0
364.4794,256.9864,1:32:53:842783,0
364.1843,256.5783,1:32:53:846054,0
364.0121,256.0828,1:32:53:850861,0
363.8153,255.6747,1:32:53:854861,0
363.6186,255.354,1:32:53:858860,0
363.4464,255.0625,1:32:53:862877,0
363.2497,254.8002,1:32:53:866797,0
363.1267,254.567,1:32:53:870813,0
363.0038,254.392,1:32:53:874807,0
362.9054,254.2463,1:32:53:878808,0
362.807,254.1297,1:32:53:882817,0
362.7332,253.9839,1:32:53:886808,0
362.6594,253.7799,1:32:53:890848,0
362.6594,253.6342,1:32:53:894364,0
362.6594,253.5175,1:32:53:898032,0
362.6594,253.3718,1:32:53:902068,0
362.6594,253.2843,1:32:53:906071,0
362.6594,253.1386,1:32:53:910211,0
362.6594,253.022,1:32:53:914212,0
362.6594,252.9054,1:32:53:918214,0
362.6594,252.7888,1:32:53:922213,0
362.6594,252.6431,1:32:53:926214,0
362.6594,252.4973,1:32:53:930846,0
362.6594,252.3515,1:32:53:934149,0
362.6594,252.2058,1:32:53:938148,0
362.6594,252.0892,1:32:53:942150,0
362.6594,251.9435,1:32:53:946230,0
362.6594,251.7977,1:32:53:950145,0
362.6594,251.6519,1:32:53:954848,0
362.6594,251.5062,1:32:53:958668,0
362.6594,251.3604,1:32:53:962848,0
362.6594,251.273,1:32:53:966874,0
362.6594,251.1564,1:32:53:970822,0
362.6594,251.0398,1:32:53:974783,0
362.6594,250.9523,1:32:53:978824,0
362.6594,250.8358,1:32:53:982806,0
362.6594,250.7775,1:32:53:986785,0
362.6594,250.7483,1:32:53:991283,0
362.6594,250.7191,1:32:53:994803,0
362.6594,250.6317,1:32:53:998800,0
362.6594,250.6317,1:32:54:002161,0
362.6594,250.6317,1:32:54:006166,0
362.2905,250.6026,1:32:54:010800,0
362.2905,250.6026,1:32:54:014176,0
362.2905,250.6026,1:32:54:018176,0
362.2905,250.6026,1:32:54:022171,0
362.2905,250.6026,1:32:54:026298,0
362.2905,250.6026,1:32:54:031191,0
362.2905,250.6026,1:32:54:034208,0
362.2905,250.6026,1:32:54:038278,0
362.2905,250.6026,1:32:54:042191,0
362.2905,250.6026,1:32:54:046206,0
362.2905,250.6026,1:32:54:050290,0
362.2905,250.6026,1:32:54:054458,0
362.2905,250.6026,1:32:54:058456,0
362.2905,250.6026,1:32:54:062541,0
362.2905,249.9904,1:32:54:066456,0
362.2905,249.9904,1:32:54:070456,0
362.2905,249.9904,1:32:54:074855,0
362.2905,249.9904,1:32:54:079134,0
362.2905,249.4657,1:32:54:082146,0
362.2905,249.4657,1:32:54:086855,0
362.2905,249.4657,1:32:54:089866,0
362.2905,249.1742,1:32:54:094865,0
362.2905,249.1742,1:32:54:098868,0
362.2905,248.9702,1:32:54:102877,0
362.2905,248.9702,1:32:54:106883,0
362.2905,248.7078,1:32:54:110805,0
362.2905,248.6203,1:32:54:114829,0
362.2905,248.4163,1:32:54:118853,0
362.6349,248.2706,1:32:54:122864,0
362.6349,248.0956,1:32:54:126863,0
362.6349,247.8916,1:32:54:130861,0
362.6349,247.6875,1:32:54:134863,0
362.6349,247.4543,1:32:54:138864,0
362.8562,247.2794,1:32:54:142800,0
362.8562,247.1337,1:32:54:146817,0
362.9792,246.9296,1:32:54:151018,0
362.9792,246.7839,1:32:54:154043,0
363.0529,246.6382,1:32:54:158110,0
363.0529,246.4924,1:32:54:162109,0
363.1267,246.3466,1:32:54:166115,0
363.2005,246.2009,1:32:54:170112,0
363.2005,246.0551,1:32:54:174851,742
363.2251,245.9094,1:32:54:178196,742
363.2251,245.7636,1:32:54:182259,765
363.2251,245.647,1:32:54:186195,812
363.2251,245.5596,1:32:54:190203,883
363.2251,245.5013,1:32:54:194195,961
363.2251,245.4722,1:32:54:198855,1020
363.2251,245.4722,1:32:54:201865,1055
363.2251,245.4722,1:32:54:206872,1066
363.2251,245.4722,1:32:54:210874,1066
363.2251,245.4722,1:32:54:214871,1062
363.2251,245.4722,1:32:54:217873,1054
363.2251,245.4722,1:32:54:222855,1090
363.2251,246.2009,1:32:54:225866,1188
363.2251,246.2009,1:32:54:230886,1294
363.2251,247.192,1:32:54:234883,1470
363.2251,247.8916,1:32:54:238883,1598
363.8153,248.6786,1:32:54:241885,1672
363.8153,249.524,1:32:54:246825,1759
363.8153,250.4859,1:32:54:250830,1821
364.4056,251.4187,1:32:54:254855,1888
364.4056,252.2641,1:32:54:258830,1953
364.4056,253.1386,1:32:54:261834,2019
364.7745,253.9256,1:32:54:267485,2050
364.7745,254.6835,1:32:54:270501,2079
365.0204,255.3831,1:32:54:274761,2109
365.0204,256.0244,1:32:54:278778,2121
365.2418,256.5783,1:32:54:282852,2127
365.2418,257.1321,1:32:54:286900,2134
365.4385,257.6277,1:32:54:290851,2133
365.5615,258.0941,1:32:54:293851,2132
365.5615,258.4147,1:32:54:298855,2129
365.6353,258.6771,1:32:54:301868,2135
365.6599,258.852,1:32:54:306869,2148
365.7091,258.9395,1:32:54:309881,2196
365.7091,258.9977,1:32:54:314235,2270
365.7091,258.9977,1:32:54:318236,2358
365.7091,258.9977,1:32:54:323236,2443
365.7091,258.9977,1:32:54:326236,2490
365.7091,258.9977,1:32:54:330800,2510
365.7091,258.0941,1:32:54:334248,2510
365.7091,258.0941,1:32:54:338284,2517
365.7091,257.0447,1:32:54:342294,2523
365.7091,256.4617,1:32:54:346294,2534
365.7091,255.7912,1:32:54:350292,2541
365.7091,255.1208,1:32:54:354858,2539
365.7091,254.4212,1:32:54:357865,2534
365.7091,253.8382,1:32:54:362399,2528
365.7091,253.2843,1:32:54:366399,2522
365.7091,252.7888,1:32:54:370398,2519
365.7091,252.3515,1:32:54:374399,2521
365.7091,251.9143,1:32:54:378793,2520
364.8975,251.5645,1:32:54:382423,2520
364.4302,251.2439,1:32:54:386817,2519
363.9383,251.0107,1:32:54:390827,2517
363.3235,250.8358,1:32:54:394851,2514
362.5857,250.7191,1:32:54:397859,2510
361.7495,250.69,1:32:54:402862,2505
360.8395,250.69,1:32:54:406860,2499
359.8557,250.69,1:32:54:410861,2496
358.8228,250.69,1:32:54:414859,2492
357.7653,251.3896,1:32:54:418865,2498
356.6586,251.3896,1:32:54:422864,2499
355.601,252.1475,1:32:54:426864,2499
354.6419,252.1475,1:32:54:430865,2501
353.6827,253.0511,1:32:54:434848,2497
352.8711,253.0511,1:32:54:438858,2491
352.2071,253.8965,1:32:54:442858,2486
351.5923,254.3338,1:32:54:446863,2480
351.1742,254.7419,1:32:54:450858,2472
350.8298,255.2083,1:32:54:454858,2467
350.6331,255.6163,1:32:54:458793,2464
350.5593,256.0244,1:32:54:462336,2463
350.5593,256.52,1:32:54:466336,2462
350.5593,257.0447,1:32:54:470333,2461
350.5593,257.6277,1:32:54:474334,2464
351.5677,258.2398,1:32:54:478336,2467
352.1087,258.8228,1:32:54:482795,2472
352.8219,259.4641,1:32:54:486432,2478
353.6335,260.0763,1:32:54:490791,2480
354.6419,260.7176,1:32:54:494815,2484
355.6994,261.3297,1:32:54:498795,2489
356.8061,261.971,1:32:54:501924,2497
358.0112,262.6123,1:32:54:506478,2506
359.118,263.2245,1:32:54:510403,2513
360.3476,263.895,1:32:54:514428,2518
361.5035,264.5945,1:32:54:518402,2523
362.684,265.2942,1:32:54:522096,2522
363.7416,266.0521,1:32:54:526116,2526
364.7745,266.8099,1:32:54:530103,2529
365.7091,267.6262,1:32:54:534101,2530
366.5945,268.5006,1:32:54:538847,2535
367.406,269.3752,1:32:54:541856,2541
368.0701,270.2788,1:32:54:546795,2551
368.5865,271.2408,1:32:54:550807,2568
368.9063,272.2318,1:32:54:554803,2586
369.0292,273.2521,1:32:54:558807,2606
369.0292,274.3015,1:32:54:562805,2621
369.0292,275.38,1:32:54:566825,2634
368.2176,276.4003,1:32:54:570513,2641
367.6028,277.4789,1:32:54:574523,2645
366.7174,278.4699,1:32:54:578577,2650
365.8074,279.4319,1:32:54:582574,2652
364.8483,280.3355,1:32:54:586577,2657
363.8399,281.1226,1:32:54:590575,2658
362.807,281.8222,1:32:54:594849,2660
361.8232,282.4052,1:32:54:598857,2661
360.8149,282.9008,1:32:54:602848,2661
359.8803,283.2505,1:32:54:606858,2667
358.995,283.5129,1:32:54:610859,2667
358.1096,283.6587,1:32:54:614866,2668
357.2488,283.7461,1:32:54:618859,2672
356.4126,283.7461,1:32:54:621859,2670
355.601,283.7461,1:32:54:626846,2671
354.8878,283.7461,1:32:54:630856,2670
354.1992,282.9299,1:32:54:634857,2664
353.6089,282.9299,1:32:54:637854,2665
353.0925,281.968,1:32:54:642856,2663
352.6744,281.3849,1:32:54:646856,2660
352.33,280.7728,1:32:54:650171,2660
352.1087,280.1898,1:32:54:654182,2659
351.9366,279.6068,1:32:54:658181,2656
351.8874,279.0529,1:32:54:662182,2653
351.8628,278.5574,1:32:54:666812,2649
351.8628,278.1493,1:32:54:669823,2645
351.8628,277.8286,1:32:54:674360,2640
351.8628,277.8286,1:32:54:678298,2634
352.453,277.4206,1:32:54:682290,2634
352.453,277.4206,1:32:54:686290,2628
353.1663,277.4206,1:32:54:690287,2631
353.1663,277.4206,1:32:54:694290,2632
354.1746,277.4206,1:32:54:699102,2629
354.7894,277.4206,1:32:54:702112,2631
355.5027,278.3825,1:32:54:706797,2631
356.3142,278.3825,1:32:54:710819,2638
357.1996,279.4027,1:32:54:714805,2645
358.1588,280.0149,1:32:54:718829,2654
359.0688,280.627,1:32:54:722805,2658
360.0279,281.2101,1:32:54:726828,2660
361.0117,281.8513,1:32:54:730838,2658
362.0692,282.4344,1:32:54:734847,2658
363.1267,282.9882,1:32:54:738840,2662
364.1843,283.5129,1:32:54:742840,2665
365.2172,284.0085,1:32:54:746837,2669
366.2255,284.4457,1:32:54:750842,2672
367.2585,284.8538,1:32:54:754845,2675
368.2422,285.1744,1:32:54:758851,2677
369.1522,285.4659,1:32:54:762142,2679
369.9392,285.7283,1:32:54:766155,2679
370.6032,285.9323,1:32:54:770152,2673
371.1935,286.049,1:32:54:774151,2636
371.6116,286.1072,1:32:54:778788,2541
372.0051,286.1072,1:32:54:782799,2361
372.251,286.1072,1:32:54:786712,2105
372.4232,286.1072,1:32:54:790721,1761
372.5215,286.1072,1:32:54:794811,1365
372.5707,285.0287,1:32:54:798689,937
372.5953,285.0287,1:32:54:802754,528
372.5953,283.7169,1:32:54:806689,240
372.5953,282.8424,1:32:54:810243,0
372.5953,281.8222,1:32:54:814244,0
371.9559,280.7145,1:32:54:818357,0
371.9559,279.4319,1:32:54:822243,0
371.341,278.0619,1:32:54:826649,0
371.341,276.6627,1:32:54:830634,0
370.554,275.2635,1:32:54:834900,0
370.554,273.8934,1:32:54:838910,0
369.8408,272.6108,1:32:54:842911,0
369.4965,271.4448,1:32:54:846911,0
369.1522,270.3662,1:32:54:850910,0
368.8817,269.4918,1:32:54:853910,0
368.562,268.7339,1:32:54:857962,0
368.316,268.18,1:32:54:862163,0
368.0209,267.7427,1:32:54:866920,0
367.7749,267.4804,1:32:54:869938,0
367.4798,267.3347,1:32:54:874945,0
367.1847,267.218,1:32:54:878953,0
366.9388,267.1306,1:32:54:882290,0
366.6682,267.0432,1:32:54:886290,1790
366.3977,266.9557,1:32:54:890286,1790
366.1763,266.9265,1:32:54:894288,1786
366.0288,266.8974,1:32:54:898791,1779
365.8812,266.8099,1:32:54:902296,1766
365.8566,266.7516,1:32:54:906791,1760
365.8566,266.7225,1:32:54:910339,1759
365.8566,266.7225,1:32:54:914850,1769
365.8566,266.7225,1:32:54:918880,1788
366.4469,266.7225,1:32:54:922822,1813
366.4469,266.7225,1:32:54:926815,1855
367.6028,266.7225,1:32:54:930821,1900
368.5374,267.3638,1:32:54:934817,1954
369.7178,267.3638,1:32:54:938793,2010
371.1935,267.3638,1:32:54:942826,2052
372.8658,267.3638,1:32:54:946529,2094
374.8087,267.3638,1:32:54:951558,2127
376.8992,267.8593,1:32:54:954529,2146
379.0635,267.8593,1:32:54:958534,2162
381.2523,267.8593,1:32:54:962776,2173
383.392,267.8593,1:32:54:966786,2181
385.4579,267.8593,1:32:54:970784,2188
387.4008,267.8593,1:32:54:974807,2194
389.1469,267.8593,1:32:54:979342,2195
390.7455,267.8593,1:32:54:982352,2199
392.1473,267.8593,1:32:54:986368,2201
393.5,267.8593,1:32:54:990352,2200
394.6313,267.8593,1:32:54:994459,2201
395.6151,267.1889,1:32:54:998353,2201
396.4513,267.1889,1:32:55:002357,2205
397.0907,267.1889,1:32:55:006371,2215
397.6317,267.1889,1:32:55:010798,2222
398.0252,266.6642,1:32:55:014510,2228
398.2958,266.6642,1:32:55:018616,2201
398.3942,266.3727,1:32:55:022543,2118
398.3942,266.3727,1:32:55:026653,1960
398.3942,265.9646,1:32:55:030543,1699
398.3942,265.7606,1:32:55:034851,1348
398.3942,265.4399,1:32:55:038366,936
397.8039,265.2067,1:32:55:042369,538
397.8039,264.8569,1:32:55:046096,242
397.8039,264.4779,1:32:55:050100,0
397.1399,264.1573,1:32:55:054103,0
397.1399,263.7492,1:32:55:058102,0
397.1399,263.3702,1:32:55:062917,0
397.1399,262.9622,1:32:55:066438,0
397.1399,262.4958,1:32:55:070474,0
397.1399,261.971,1:32:55:074438,0
398.099,261.4172,1:32:55:078438,0
398.8369,260.8342,1:32:55:082438,0
399.673,260.222,1:32:55:086488,0
400.6322,259.6099,1:32:55:090541,0
401.7389,258.9686,1:32:55:094514,0
402.9194,258.2982,1:32:55:098543,0
404.1737,257.6277,1:32:55:102552,0
405.4771,257.0155,1:32:55:106552,0
406.8052,256.4326,1:32:55:110569,0
408.1333,255.937,1:32:55:114553,0
409.4859,255.4123,1:32:55:118850,0
410.814,254.9459,1:32:55:122860,0
412.1421,254.4795,1:32:55:126659,0
413.3472,254.0131,1:32:55:130662,0
414.4785,253.605,1:32:55:134790,0
415.5114,253.1678,1:32:55:138872,0
416.4214,252.7305,1:32:55:142873,0
417.1838,252.2058,1:32:55:146873,0
417.8478,251.7103,1:32:55:150881,0
418.3889,251.1855,1:32:55:154844,0
418.7824,250.69,1:32:55:158854,0
419.0775,250.1944,1:32:55:162841,0
419.2989,249.6406,1:32:55:166186,0
419.3726,249.1159,1:32:55:170275,0
419.4218,248.562,1:32:55:174186,0
419.4218,247.979,1:32:55:178187,0
419.4218,247.396,1:32:55:182188,0
419.4218,246.8422,1:32:55:186915,0
419.4218,246.23,1:32:55:189925,0
419.4218,245.6762,1:32:55:194925,0
419.4218,245.1515,1:32:55:198925,0
419.4218,244.5977,1:32:55:201925,0
419.4218,244.1313,1:32:55:206933,0
419.4218,243.694,1:32:55:209944,0
419.4218,243.1693,1:32:55:214796,0
419.4218,242.6446,1:32:55:218810,1307
419.4218,242.1199,1:32:55:222806,1307
419.4218,241.6826,1:32:55:226806,1311
419.4218,241.2454,1:32:55:230803,1315
419.4218,240.8373,1:32:55:234810,1330
419.4218,240.4001,1:32:55:238847,1367
419.4218,239.9919,1:32:55:242857,1419
419.4218,239.613,1:32:55:246285,1522
419.4218,239.3215,1:32:55:250282,1639
419.9629,239.03,1:32:55:254323,1766
419.9629,238.6802,1:32:55:258281,1887
420.3564,238.3887,1:32:55:262281,1967
420.3564,238.1263,1:32:55:266305,2020
420.7991,237.9223,1:32:55:271088,2046
420.7991,237.7182,1:32:55:274096,2054
421.0942,237.5725,1:32:55:279096,2052
421.2172,237.5142,1:32:55:282097,2052
421.2172,237.4559,1:32:55:286100,2040
421.4139,237.4559,1:32:55:290111,2036
421.4631,237.4559,1:32:55:294155,2034
421.6353,237.4559,1:32:55:298180,2110
421.7582,237.4559,1:32:55:302847,2221
421.9058,238.6219,1:32:55:306857,2349
422.1271,239.2341,1:32:55:310245,2505
422.3731,240.0502,1:32:55:314182,2584
422.6928,241.0414,1:32:55:318256,2666
423.0125,242.1782,1:32:55:323184,2751
423.3568,243.4608,1:32:55:326204,2813
423.6519,244.86,1:32:55:331184,2868
423.9471,246.3175,1:32:55:334960,2920
424.193,247.8624,1:32:55:338973,2960
424.3897,249.3491,1:32:55:341970,3002
424.5373,250.9523,1:32:55:345990,3059
424.6603,252.5556,1:32:55:351121,3099
424.7587,254.2463,1:32:55:354131,3133
424.8816,255.9079,1:32:55:358130,3159
424.98,257.5403,1:32:55:363152,3173
425.1276,259.1726,1:32:55:366178,3178
425.2751,260.7176,1:32:55:370129,3183
425.4473,262.2625,1:32:55:374681,3185
425.6194,263.6326,1:32:55:378691,3187
425.8162,264.8569,1:32:55:382835,3186
425.9637,265.9646,1:32:55:386846,3187
426.0867,266.9265,1:32:55:390713,3189
426.1605,267.7136,1:32:55:394723,3192
426.1605,268.3841,1:32:55:398723,3200
426.1605,268.8504,1:32:55:402721,3205
426.1605,269.2294,1:32:55:406810,3213
426.1605,269.4918,1:32:55:410721,3221
426.1605,269.6375,1:32:55:414206,3227
425.4473,269.6375,1:32:55:418206,3231
425.4473,269.6375,1:32:55:422206,3232
424.5373,269.6375,1:32:55:426205,3231
423.9225,269.6375,1:32:55:430790,3233
423.1847,268.5006,1:32:55:434853,3233
422.4222,268.5006,1:32:55:438852,3232
421.5615,267.1598,1:32:55:442851,3230
420.7253,266.3144,1:32:55:446852,3224
419.8891,265.4107,1:32:55:450860,3224
419.1021,264.4488,1:32:55:454842,3219
418.3889,263.4868,1:32:55:458850,3215
417.7986,262.6123,1:32:55:462909,3215
417.3313,261.7379,1:32:55:466908,3213
416.9378,261.0382,1:32:55:469935,3216
416.6427,260.4553,1:32:55:474940,3219
416.446,259.9305,1:32:55:478851,3219
416.323,259.5225,1:32:55:481888,3212
416.323,259.2018,1:32:55:485983,3201
416.323,258.9103,1:32:55:489986,3188
416.323,258.5605,1:32:55:493986,3175
416.9378,258.2398,1:32:55:497983,3167
416.9378,257.89,1:32:55:502919,3166
418.0938,257.5403,1:32:55:505932,3164
418.9545,257.1613,1:32:55:510929,3165
419.9629,256.7241,1:32:55:513929,3165
421.168,256.2577,1:32:55:518927,3167
422.5452,255.8495,1:32:55:521931,3166
424.1192,255.4706,1:32:55:526464,3166
425.7916,255.0042,1:32:55:530374,3164
427.5869,254.5378,1:32:55:534405,3157
429.4807,253.9839,1:32:55:538373,3147
431.3498,253.3427,1:32:55:542841,3120
433.1451,252.6431,1:32:55:545852,3087
434.9651,251.9143,1:32:55:550903,3057
436.6866,251.0981,1:32:55:554903,3032
438.1623,250.1944,1:32:55:558903,3026
439.4903,249.3491,1:32:55:561903,3029
440.597,248.5329,1:32:55:565902,3033
441.507,247.7458,1:32:55:570904,3040
442.171,247.0462,1:32:55:574681,3047
442.7121,246.4632,1:32:55:578693,3051
443.0564,245.9677,1:32:55:582831,3055
443.2777,245.5596,1:32:55:586841,3055
443.3761,245.2098,1:32:55:590794,3058
443.4007,244.9474,1:32:55:594812,3060
443.4007,244.7434,1:32:55:598802,3060
443.4007,244.5977,1:32:55:602808,3057
443.4007,244.5394,1:32:55:606842,3049
443.4007,244.4519,1:32:55:610852,3038
443.4007,244.4519,1:32:55:614789,3027
443.4007,244.4519,1:32:55:617977,3023
443.4007,244.4519,1:32:55:622863,3026
443.4007,245.7345,1:32:55:626862,3031
442.9088,246.5215,1:32:55:630859,3045
442.9088,247.6001,1:32:55:634862,3065
442.9088,248.8244,1:32:55:638853,3086
442.4908,250.3985,1:32:55:642864,3116
442.4908,252.2058,1:32:55:646862,3151
442.4908,254.1588,1:32:55:650864,3193
442.2202,256.2577,1:32:55:654863,3246
442.2202,258.4147,1:32:55:658863,3302
442.2202,260.6302,1:32:55:662953,3361
442.2202,262.8164,1:32:55:666960,3424
442.2202,265.0901,1:32:55:670042,3485
442.9334,267.1889,1:32:55:674970,3546
442.9334,269.2294,1:32:55:678962,3594
443.4253,271.1533,1:32:55:681963,3625
443.4253,272.9315,1:32:55:686846,3641
443.991,274.593,1:32:55:689856,3653
443.991,276.1379,1:32:55:694842,3657
444.532,277.5955,1:32:55:697853,3659
444.532,278.9363,1:32:55:702875,3664
444.9747,280.1606,1:32:55:705852,3663
444.9747,281.2101,1:32:55:710853,3667
445.3928,282.2303,1:32:55:713853,3672
445.3928,283.0757,1:32:55:718845,3675
445.7125,283.8044,1:32:55:722854,3678
445.7125,284.4457,1:32:55:726869,3677
445.9093,284.9704,1:32:55:730856,3676
445.9585,285.3785,1:32:55:734040,3676
445.9831,285.6408,1:32:55:738046,3675
446.0323,285.8157,1:32:55:742046,3679
446.0323,285.8741,1:32:55:747060,3677
446.0323,285.8741,1:32:55:750280,3581
446.0323,285.8741,1:32:55:754291,3368
446.0323,285.8741,1:32:55:758293,3013
445.4912,285.0287,1:32:55:762318,2460
445.4912,285.0287,1:32:55:766291,1741
444.8763,283.921,1:32:55:771291,1034
444.4337,283.2214,1:32:55:775291,467
443.8926,282.4052,1:32:55:778447,0
443.3023,281.589,1:32:55:782460,0
442.6629,280.7728,1:32:55:786458,0
441.9743,279.9566,1:32:55:790460,0
441.1873,279.1404,1:32:55:794818,0
440.3019,278.3242,1:32:55:798828,0
439.3673,277.5955,1:32:55:802251,0
438.3836,276.925,1:32:55:806253,0
437.3506,276.2545,1:32:55:810251,0
436.2439,275.6424,1:32:55:814252,0
435.088,275.0011,1:32:55:819529,0
433.8337,274.3598,1:32:55:823542,0
432.5303,273.7185,1:32:55:826539,0
431.1284,273.0772,1:32:55:830541,0
429.7512,272.4359,1:32:55:834558,0
428.2756,271.8529,1:32:55:838542,0
426.6524,271.2699,1:32:55:842847,0
424.9062,270.6286,1:32:55:845857,0
423.0371,270.0456,1:32:55:850908,0
421.045,269.4918,1:32:55:853908,0
418.9053,268.9379,1:32:55:858906,0
416.6919,268.4424,1:32:55:861908,0
414.2817,267.9468,1:32:55:866288,0
411.7486,267.4221,1:32:55:870298,0
409.1908,266.9265,1:32:55:874766,0
406.4609,266.4893,1:32:55:878774,0
403.6818,266.0812,1:32:55:882813,0
400.8289,265.6731,1:32:55:886800,0
397.8531,265.2358,1:32:55:890775,0
394.8527,264.7986,1:32:55:894798,0
391.803,264.3905,1:32:55:898776,0
388.778,263.9241,1:32:55:902437,0
385.753,263.4577,1:32:55:906449,0
382.7033,262.933,1:32:55:910792,0
379.6537,262.3792,1:32:55:914268,0
376.5057,261.8253,1:32:55:918788,0
373.4069,261.2715,1:32:55:922802,0
370.2097,260.7176,1:32:55:927798,0
367.0125,260.1638,1:32:55:930799,0
363.7907,259.5225,1:32:55:934837,0
360.4952,258.9103,1:32:55:938174,0
357.298,258.2982,1:32:55:942788,0
354.1746,257.7151,1:32:55:946810,0
351.1742,257.0739,1:32:55:950807,0
348.1983,256.4617,1:32:55:954810,0
345.3946,255.9079,1:32:55:958811,0
342.6647,255.2374,1:32:55:961808,0
340.0086,254.6544,1:32:55:966800,0
337.5246,254.0423,1:32:55:970309,0
335.0898,253.4301,1:32:55:974433,0
332.6059,252.7596,1:32:55:978435,0
330.2449,252.1475,1:32:55:982847,0
327.9576,251.4479,1:32:55:986869,0
325.7688,250.7483,1:32:55:990865,0
323.7029,250.0779,1:32:55:994849,0
321.8092,249.4657,1:32:55:998859,0
319.8663,248.8244,1:32:56:002868,0
318.0956,248.2414,1:32:56:006859,0
316.4724,247.6875,1:32:56:010859,0
314.8492,247.1628,1:32:56:014109,0
313.2752,246.6964,1:32:56:018127,0
311.7504,246.2009,1:32:56:022116,0
310.2993,245.7928,1:32:56:027115,0
308.7745,245.3555,1:32:56:030116,0
307.2989,244.9183,1:32:56:034453,0
305.8725,244.5394,1:32:56:038460,0
304.4706,244.1313,1:32:56:043153,0
303.0688,243.7523,1:32:56:046163,0
301.6915,243.4317,1:32:56:050438,0
300.2405,243.0527,1:32:56:054439,0
298.7403,242.6738,1:32:56:058438,0
297.3384,242.3531,1:32:56:062439,0
295.8136,241.9742,1:32:56:066795,0
294.2642,241.6535,1:32:56:070806,0
292.5919,241.2746,1:32:56:074847,0
290.8703,240.8956,1:32:56:078857,0
289.1241,240.5458,1:32:56:082847,0
287.378,240.196,1:32:56:086864,0
285.5089,239.8754,1:32:56:089997,0
283.5659,239.5838,1:32:56:094023,0
281.6722,239.2341,1:32:56:098996,0
279.7047,238.9717,1:32:56:102997,0
277.688,238.7094,1:32:56:106849,0
275.6714,238.5053,1:32:56:110867,0
273.6055,238.3304,1:32:56:114847,0
271.4904,238.1555,1:32:56:117857,0
269.3507,238.0681,1:32:56:122035,0
267.2603,237.9806,1:32:56:126022,0
265.1452,237.9806,1:32:56:130023,0
263.0793,237.9806,1:32:56:134022,0
261.0872,237.9806,1:32:56:138843,0
259.1443,237.9806,1:32:56:142853,0
257.2752,237.9806,1:32:56:146851,0
255.5536,237.9806,1:32:56:151165,0
253.9305,237.9806,1:32:56:154177,0
252.3319,238.651,1:32:56:158283,0
250.8562,238.651,1:32:56:162177,0
249.5282,238.651,1:32:56:166175,0
248.3477,238.651,1:32:56:170175,1535
247.3147,238.651,1:32:56:174177,1527
246.5032,238.651,1:32:56:179467,1520
245.8637,238.651,1:32:56:182482,1505
245.421,237.9223,1:32:56:186594,1483
245.2243,237.9223,1:32:56:190477,1476
245.2243,237.9223,1:32:56:194499,1468
245.2243,237.9223,1:32:56:198477,1468
245.9867,237.9223,1:32:56:202794,1476
246.7983,237.9223,1:32:56:206503,1482
247.9542,238.8259,1:32:56:210506,1493
249.4544,238.8259,1:32:56:214504,1503
251.3727,239.613,1:32:56:218849,1528
253.6599,239.613,1:32:56:221859,1560
256.3898,240.3418,1:32:56:226152,1639
259.5624,240.3418,1:32:56:230151,1738
263.2269,240.8956,1:32:56:234173,1864
267.5062,240.8956,1:32:56:238154,1992
272.3266,241.3037,1:32:56:242794,2096
277.6635,241.3037,1:32:56:246184,2184
283.5414,241.3037,1:32:56:250184,2235
290.0587,241.6535,1:32:56:254184,2281
297.1909,241.6535,1:32:56:258184,2319
304.8149,241.7993,1:32:56:262184,2364
312.9063,241.9158,1:32:56:267484,2413
321.4649,242.0325,1:32:56:270491,2462
330.2695,242.2074,1:32:56:274501,2508
339.4429,242.4697,1:32:56:278488,2549
349.0345,242.7612,1:32:56:282490,2586
358.7244,243.0818,1:32:56:286493,2618
368.5865,243.5482,1:32:56:290967,2641
378.67,243.9855,1:32:56:293977,2661
388.8026,244.5394,1:32:56:298368,2674
398.7385,245.0932,1:32:56:302368,2687
408.6989,245.7345,1:32:56:306368,2697
418.4872,246.3758,1:32:56:310369,2704
427.882,247.1337,1:32:56:315372,2708
437.0801,247.8333,1:32:56:318392,2706
445.9339,248.6203,1:32:56:323691,2707
454.2957,249.3783,1:32:56:326702,2707
462.1411,250.1653,1:32:56:330771,2711
469.4455,250.9523,1:32:56:334702,2721
476.2088,251.7103,1:32:56:338704,2725
482.3572,252.3807,1:32:56:342702,2730
488.0384,252.9637,1:32:56:346566,2736
493.1293,253.4592,1:32:56:350526,2734
497.6299,253.8674,1:32:56:354411,2733
501.5649,254.1588,1:32:56:358420,2731
504.9589,254.3338,1:32:56:362421,2729
507.9347,254.4795,1:32:56:366421,2733
510.3695,254.5378,1:32:56:370422,2739
512.3616,254.5378,1:32:56:374428,2748
513.9356,254.5378,1:32:56:378835,2754
515.0669,254.5378,1:32:56:382881,2760
515.8785,254.5378,1:32:56:386848,2766
516.395,253.7507,1:32:56:390856,2768
516.7147,253.7507,1:32:56:394856,2769
516.813,253.022,1:32:56:398858,2764
516.813,253.022,1:32:56:403058,2758
516.813,252.06,1:32:56:406069,2739
516.813,251.5354,1:32:56:410068,2673
515.7802,251.0398,1:32:56:414066,2549
515.0915,250.6026,1:32:56:418070,2331
514.1569,250.2819,1:32:56:422066,1965
512.9518,249.9904,1:32:56:426841,1466
511.5254,249.728,1:32:56:430851,901
509.8038,249.728,1:32:56:434547,432
507.8609,249.3783,1:32:56:438544,0
505.7459,249.3783,1:32:56:442544,0
503.4586,249.2325,1:32:56:446544,0
501.1223,249.2325,1:32:56:451057,0
498.6875,249.2325,1:32:56:454069,0
496.2773,249.2325,1:32:56:458066,0
493.9409,249.2325,1:32:56:462067,0
491.6537,249.2325,1:32:56:466066,0
489.4402,249.903,1:32:56:470069,0
487.3252,249.903,1:32:56:474840,0
485.3577,250.4568,1:32:56:477851,0
483.5131,250.4568,1:32:56:482869,0
481.8162,251.0398,1:32:56:485872,0
480.2914,251.5354,1:32:56:490129,0
478.8895,252.0018,1:32:56:494129,0
477.7336,252.4973,1:32:56:498129,0
476.6761,252.9346,1:32:56:502129,0
475.5447,253.5759,1:32:56:506839,0
