314.4065,233.0834,1:29:51:363608,0
314.4065,233.0834,1:29:51:367123,0
313.7425,233.0834,1:29:51:371123,0
313.7425,233.0834,1:29:51:375123,0
313.0292,232.1214,1:29:51:379132,0
313.0292,232.1214,1:29:51:383523,0
312.1439,231.5385,1:29:51:387044,0
311.6766,231.5385,1:29:51:391044,0
311.1847,230.8097,1:29:51:395044,0
311.1847,230.8097,1:29:51:399044,0
310.6436,230.285,1:29:51:403349,0
310.6436,230.285,1:29:51:407400,0
310.1272,229.8769,1:29:51:412332,0
310.1272,229.5562,1:29:51:415328,0
309.6845,229.1773,1:29:51:419326,0
309.4632,228.7984,1:29:51:423328,0
309.2418,228.4194,1:29:51:427322,0
309.0697,228.0988,1:29:51:431582,0
308.7745,227.6032,1:29:51:434584,0
308.5286,227.166,1:29:51:438583,0
308.3073,226.7287,1:29:51:442582,0
308.0859,226.2332,1:29:51:446584,0
307.9384,225.8542,1:29:51:451372,0
307.7416,225.3878,1:29:51:455266,0
307.5694,224.8631,1:29:51:459402,0
307.3973,224.3676,1:29:51:463485,0
307.2497,223.9594,1:29:51:466491,0
307.1759,223.4639,1:29:51:470494,0
307.1021,223.0266,1:29:51:475491,0
306.8808,222.5311,1:29:51:478491,0
306.7578,222.0938,1:29:51:482494,0
306.6349,221.5692,1:29:51:486491,0
306.4381,221.1028,1:29:51:491302,0
306.3398,220.578,1:29:51:495335,0
306.2168,219.9659,1:29:51:498850,0
305.9955,219.412,1:29:51:502850,0
305.7741,218.8873,1:29:51:506868,0
305.6265,218.3918,1:29:51:510853,0
305.4052,217.838,1:29:51:515388,0
305.1838,217.4007,1:29:51:519317,0
305.0609,216.8177,1:29:51:522833,0
304.8395,216.1764,1:29:51:526833,0
304.6428,215.6517,1:29:51:530836,0
304.5198,215.0396,1:29:51:534833,0
304.1755,214.34,1:29:51:538859,0
303.8804,213.6695,1:29:51:543386,0
303.5115,213.0573,1:29:51:546902,0
303.0196,212.3286,1:29:51:551364,0
302.5523,211.6581,1:29:51:554879,0
302.1588,211.1043,1:29:51:558879,0
301.6177,210.463,1:29:51:562882,0
301.1013,209.8508,1:29:51:566879,0
300.634,209.2679,1:29:51:571343,0
300.1667,208.6266,1:29:51:574892,0
299.6502,207.9852,1:29:51:578896,0
299.183,207.3439,1:29:51:583339,0
298.7157,206.7318,1:29:51:587404,0
297.9041,206.1196,1:29:51:590919,0
297.1909,205.5075,1:29:51:594918,0
296.4039,204.8954,1:29:51:598919,0
295.5677,204.2249,1:29:51:602919,0
294.6577,203.5836,1:29:51:607357,0
293.7231,202.884,1:29:51:610874,0
292.7886,202.2719,1:29:51:615337,0
291.731,201.6014,1:29:51:618852,0
290.8703,200.931,1:29:51:622852,0
289.9357,200.3188,1:29:51:626852,0
288.952,199.765,1:29:51:630852,0
288.0666,199.2694,1:29:51:635321,0
287.132,198.7447,1:29:51:638836,0
286.1975,198.2491,1:29:51:642836,0
285.2383,197.841,1:29:51:646839,0
284.2546,197.433,1:29:51:651719,0
283.3446,197.1414,1:29:51:655237,0
282.4838,196.8499,1:29:51:659237,0
281.6722,196.6167,1:29:51:663238,0
280.8606,196.4418,1:29:51:667236,0
280.0982,196.3253,1:29:51:671236,0
279.3604,196.2961,1:29:51:675258,0
278.6718,196.2961,1:29:51:679385,0
277.9586,196.2961,1:29:51:683221,0
277.1716,196.2961,1:29:51:686761,0
276.4829,196.2961,1:29:51:690757,0
275.6959,196.2961,1:29:51:694758,0
275.0319,196.2961,1:29:51:698758,0
274.3679,196.9374,1:29:51:703341,0
273.6301,196.9374,1:29:51:706794,0
272.8676,196.9374,1:29:51:710791,0
272.1053,197.4038,1:29:51:715822,0
271.3674,197.4038,1:29:51:719347,0
270.7034,197.4038,1:29:51:723338,0
270.0148,197.8994,1:29:51:727364,0
269.2032,197.8994,1:29:51:731340,0
268.367,198.1908,1:29:51:735340,0
267.4816,198.1908,1:29:51:739344,0
266.67,198.4823,1:29:51:743280,0
265.8093,198.4823,1:29:51:747274,0
264.8993,198.7738,1:29:51:751275,0
263.8663,198.8904,1:29:51:755272,0
262.858,199.0362,1:29:51:759302,0
261.8251,199.1819,1:29:51:763272,0
260.8659,199.2986,1:29:51:767272,0
259.9067,199.4734,1:29:51:771271,0
258.8984,199.6192,1:29:51:775385,0
257.9392,199.8232,1:29:51:779507,0
256.9309,200.0273,1:29:51:783020,0
255.9226,200.2896,1:29:51:787105,0
254.8896,200.5811,1:29:51:791020,0
253.8321,200.931,1:29:51:795020,0
252.7746,201.3099,1:29:51:799020,0
251.6187,201.6888,1:29:51:803020,0
250.4382,202.0678,1:29:51:807039,0
249.2085,202.5634,1:29:51:811414,0
247.9296,203.0006,1:29:51:815379,0
246.6261,203.467,1:29:51:819382,0
245.2243,203.9334,1:29:51:823382,0
243.7978,204.3707,1:29:51:827382,0
242.396,204.8079,1:29:51:831382,0
241.0188,205.3035,1:29:51:835390,0
239.6661,205.7699,1:29:51:839685,0
238.2888,206.1779,1:29:51:843201,0
236.887,206.6152,1:29:51:847200,0
235.5343,207.0816,1:29:51:851201,0
234.2309,207.548,1:29:51:855228,0
232.9766,208.0727,1:29:51:859948,0
231.6977,208.5391,1:29:51:862485,0
230.3697,209.0347,1:29:51:867485,0
229.0908,209.5593,1:29:51:870485,0
227.8857,210.1132,1:29:51:874509,0
226.6806,210.6671,1:29:51:878486,0
225.5001,211.2209,1:29:51:883266,0
224.3442,211.7747,1:29:51:886550,0
223.2129,212.2995,1:29:51:891267,0
222.1308,212.795,1:29:51:895041,0
221.0978,213.2905,1:29:51:899205,0
220.0649,213.7278,1:29:51:903184,0
219.1303,214.1068,1:29:51:907243,0
218.2203,214.3983,1:29:51:911185,0
217.3842,214.6606,1:29:51:915422,0
216.5972,214.7772,1:29:51:918938,0
215.8839,214.7772,1:29:51:923490,0
215.2199,214.7772,1:29:51:927025,0
214.7034,214.7772,1:29:51:931068,1644
214.2362,213.9901,1:29:51:935025,1651
213.8427,213.9901,1:29:51:939027,1662
213.5721,213.174,1:29:51:943023,1672
213.3754,213.174,1:29:51:947246,1675
213.3262,212.1537,1:29:51:950765,1665
213.3262,212.1537,1:29:51:955382,1660
213.3262,211.25,1:29:51:959384,1670
213.9902,210.8128,1:29:51:963386,1699
213.9902,210.3172,1:29:51:967384,1740
215.0969,209.8508,1:29:51:971525,1777
215.9577,209.3553,1:29:51:975045,1799
216.9415,208.918,1:29:51:979225,1816
218.0482,208.5391,1:29:51:982756,1829
219.2287,208.2476,1:29:51:986952,1846
220.483,208.0727,1:29:51:991569,1868
221.811,208.0727,1:29:51:995612,1890
223.1391,208.0727,1:29:51:999618,1911
224.418,208.0727,1:29:52:002654,1927
225.6231,209.0638,1:29:52:006621,1943
226.779,209.7634,1:29:52:010621,1950
227.7873,210.6671,1:29:52:014619,1962
228.6481,211.7747,1:29:52:019600,1975
229.3121,212.9991,1:29:52:023115,1989
229.7794,214.4857,1:29:52:026821,2006
230.0007,216.2056,1:29:52:030827,2019
230.0007,218.2169,1:29:52:035320,2029
230.0007,220.374,1:29:52:038854,2034
228.9678,222.706,1:29:52:042872,2038
228.0578,225.1837,1:29:52:046855,2038
226.8773,227.6615,1:29:52:050854,2040
225.4509,230.1976,1:29:52:054855,2043
223.8277,232.6461,1:29:52:058853,2040
221.9832,234.8615,1:29:52:062859,2045
220.0649,236.9021,1:29:52:066717,2047
217.999,238.7094,1:29:52:070722,2050
215.9085,240.2834,1:29:52:074723,2060
213.7935,241.6243,1:29:52:078723,2070
211.7276,242.7903,1:29:52:083293,2086
209.7847,243.7523,1:29:52:086809,2099
207.9156,244.5102,1:29:52:091707,2138
206.194,245.064,1:29:52:095713,2178
204.6446,245.3847,1:29:52:098712,2231
203.2428,245.5304,1:29:52:102713,2286
202.0131,245.5304,1:29:52:106712,2324
201.0047,245.5304,1:29:52:110713,2375
200.0702,245.5304,1:29:52:115380,2422
199.3323,244.5977,1:29:52:118900,2486
198.7667,244.5977,1:29:52:123380,2548
198.3732,243.5774,1:29:52:126934,2596
198.1518,243.5774,1:29:52:130795,2632
198.0781,242.4697,1:29:52:134767,2645
198.0781,241.945,1:29:52:138853,2650
198.0781,241.4203,1:29:52:142767,2646
199.0864,240.983,1:29:52:147434,2645
199.7996,240.575,1:29:52:151433,2645
200.7588,240.575,1:29:52:155435,2643
201.8655,240.0211,1:29:52:159434,2643
203.169,240.0211,1:29:52:163380,2639
204.6938,240.0211,1:29:52:166896,2639
206.3661,240.0211,1:29:52:171442,2639
208.1615,240.0211,1:29:52:174442,2642
210.0798,240.7498,1:29:52:178443,2645
212.0719,240.7498,1:29:52:183450,2651
214.0394,241.8284,1:29:52:187069,2660
216.0807,242.4697,1:29:52:191582,2665
218.0482,243.1402,1:29:52:195581,2672
219.8435,243.7814,1:29:52:199384,2674
221.5897,244.5102,1:29:52:202901,2674
223.1883,245.239,1:29:52:207386,2676
224.6885,246.026,1:29:52:210940,2678
226.0658,246.7256,1:29:52:214940,2681
227.3446,247.4252,1:29:52:218941,2664
228.4759,248.0956,1:29:52:222940,2608
229.4843,248.6786,1:29:52:226940,2508
230.3697,249.2325,1:29:52:231393,2352
231.1075,249.728,1:29:52:234912,2146
231.7223,250.0779,1:29:52:238679,1893
232.1896,250.3402,1:29:52:242593,1607
232.5339,250.4859,1:29:52:247593,1297
232.7307,250.5734,1:29:52:250593,966
232.8536,250.5734,1:29:52:255472,640
232.8536,250.5734,1:29:52:259251,354
232.8536,250.5734,1:29:52:263256,147
232.8536,249.6115,1:29:52:267256,0
232.1158,249.6115,1:29:52:271255,0
232.1158,248.358,1:29:52:276251,0
231.1567,247.6584,1:29:52:279256,0
230.591,246.9005,1:29:52:283385,0
229.9516,246.1134,1:29:52:287267,0
229.2875,245.4138,1:29:52:291320,0
228.6481,244.86,1:29:52:295265,0
228.0578,244.3062,1:29:52:299353,0
227.5414,243.7814,1:29:52:303265,0
227.0003,243.3442,1:29:52:307292,1110
226.5084,242.907,1:29:52:311385,1142
226.0412,242.4989,1:29:52:314946,1203
225.6231,242.0907,1:29:52:319384,1287
225.2296,241.7118,1:29:52:322900,1407
224.8853,241.3037,1:29:52:327428,1527
224.6393,241.0122,1:29:52:331430,1644
224.418,240.7498,1:29:52:335429,1781
224.3196,240.5458,1:29:52:339429,1904
224.295,240.3418,1:29:52:343540,1991
224.295,240.1377,1:29:52:347056,2052
224.295,239.8462,1:29:52:351056,2070
225.205,239.4673,1:29:52:355057,2063
225.8444,239.0591,1:29:52:359093,2057
226.7544,238.5345,1:29:52:363060,2049
227.8365,237.9223,1:29:52:367339,2046
229.1892,237.1353,1:29:52:371857,2044
230.7878,236.2899,1:29:52:375857,2042
232.4355,235.3279,1:29:52:378864,2043
234.3539,234.2494,1:29:52:383857,2045
236.3705,233.0834,1:29:52:386856,2043
238.5348,231.8008,1:29:52:390879,2042
240.822,230.3141,1:29:52:395424,2040
243.0846,228.7401,1:29:52:398940,2031
245.421,226.8745,1:29:52:403393,2029
247.782,224.9505,1:29:52:406945,2033
250.143,222.9392,1:29:52:411045,2032
252.4057,220.9278,1:29:52:414558,2029
254.5453,218.8873,1:29:52:418562,2024
256.5128,216.9635,1:29:52:422558,2017
258.3082,215.2144,1:29:52:427393,2007
259.9067,213.6695,1:29:52:430914,2006
261.2348,212.4452,1:29:52:434720,2005
262.3661,211.3958,1:29:52:438725,2006
263.2269,210.5796,1:29:52:442723,2036
263.8909,209.9966,1:29:52:446719,2091
264.3336,209.5885,1:29:52:451340,2164
264.5796,209.3261,1:29:52:455068,2239
264.6042,209.1804,1:29:52:459451,2297
264.6042,209.0638,1:29:52:463451,2322
264.6042,209.0638,1:29:52:467451,2329
264.6042,209.0638,1:29:52:471450,2324
263.8663,209.0638,1:29:52:475443,2313
263.8663,209.0638,1:29:52:478964,2302
263.0793,209.0638,1:29:52:482578,2291
262.5383,210.1715,1:29:52:486581,2282
262.0218,210.9585,1:29:52:490586,2277
261.3824,212.0079,1:29:52:494584,2288
260.7675,213.3197,1:29:52:499390,2299
260.1035,215.0396,1:29:52:502911,2308
259.4641,217.0217,1:29:52:506963,2319
258.8246,219.2372,1:29:52:510964,2320
258.3328,221.6566,1:29:52:514962,2326
257.8901,224.1344,1:29:52:518963,2338
257.5457,226.6413,1:29:52:523333,2353
257.3244,229.1773,1:29:52:526971,2378
257.1768,231.6259,1:29:52:531334,2398
257.1768,233.8705,1:29:52:534712,2417
257.1768,236.0275,1:29:52:538610,2437
257.1768,237.9806,1:29:52:543536,2447
257.1768,239.7879,1:29:52:547536,2458
257.1768,241.5078,1:29:52:550539,2466
257.1768,243.0818,1:29:52:555541,2470
257.1768,244.5685,1:29:52:558572,2474
257.7425,245.9094,1:29:52:562588,2477
257.7425,247.2503,1:29:52:566592,2487
257.7425,248.4454,1:29:52:570594,2488
258.3328,249.5823,1:29:52:574592,2491
258.3328,250.6026,1:29:52:579374,2492
258.6771,251.5354,1:29:52:582920,2492
258.6771,252.3515,1:29:52:587587,2495
258.9968,252.9637,1:29:52:591591,2492
258.9968,253.5175,1:29:52:595605,2489
259.2181,253.8965,1:29:52:599597,2486
259.2181,254.188,1:29:52:602595,2480
259.3657,254.3338,1:29:52:606593,2484
259.3657,254.4503,1:29:52:611388,2494
259.4641,254.4795,1:29:52:614904,2500
259.4641,254.4795,1:29:52:618992,2512
259.5132,254.4795,1:29:52:622507,2520
259.5132,254.4795,1:29:52:626521,2533
259.5624,254.4795,1:29:52:630510,2568
259.5624,254.4795,1:29:52:635662,2631
259.5624,254.4795,1:29:52:639175,2723
259.5624,254.4795,1:29:52:643176,2818
259.587,254.4795,1:29:52:647179,2895
259.587,254.4795,1:29:52:651183,2937
259.587,254.4795,1:29:52:655175,2950
259.587,254.4795,1:29:52:659335,2951
259.587,254.4795,1:29:52:663331,2950
259.587,253.5759,1:29:52:667383,2954
259.587,253.5759,1:29:52:670895,2958
259.587,252.7888,1:29:52:674634,2964
259.587,252.7888,1:29:52:678633,2967
259.046,251.9726,1:29:52:683633,2967
259.046,251.9726,1:29:52:686633,2965
258.5787,251.3022,1:29:52:691673,2959
258.5787,251.3022,1:29:52:695697,2959
257.7917,250.9523,1:29:52:699452,2955
257.2752,250.9523,1:29:52:703459,2951
256.6358,250.9523,1:29:52:707386,2947
255.898,250.9523,1:29:52:710904,2942
255.0864,250.9523,1:29:52:715385,2936
254.1764,251.856,1:29:52:718900,2933
253.2418,251.856,1:29:52:722901,2932
252.2089,252.9637,1:29:52:726901,2930
251.1514,253.6342,1:29:52:730900,2938
250.1184,254.4503,1:29:52:734899,2941
249.0855,255.2957,1:29:52:739334,2939
248.1263,256.1993,1:29:52:742872,2934
247.2164,257.0739,1:29:52:747332,2931
246.4294,257.9483,1:29:52:750847,2927
245.7654,258.7937,1:29:52:754785,2921
245.2489,259.5516,1:29:52:758794,2918
244.9046,260.1929,1:29:52:762791,2905
244.6832,260.7759,1:29:52:766792,2894
244.5848,261.2715,1:29:52:771543,2891
244.5848,261.6504,1:29:52:775059,2887
244.5848,261.971,1:29:52:779058,2893
245.2243,262.2334,1:29:52:783061,2895
245.2243,262.3792,1:29:52:787060,2895
246.3802,262.4083,1:29:52:791056,2895
247.2164,262.4083,1:29:52:795394,2896
248.2493,262.4083,1:29:52:798959,2898
249.4052,262.4083,1:29:52:803012,2902
250.7333,261.3297,1:29:52:807026,2905
252.2089,260.6884,1:29:52:811385,2900
253.7337,259.9305,1:29:52:814924,2898
255.3077,259.1143,1:29:52:818924,2896
256.8571,258.269,1:29:52:822948,2895
258.3082,257.4819,1:29:52:826923,2900
259.6854,256.7241,1:29:52:830922,2902
260.8905,256.0536,1:29:52:835758,2905
261.948,255.5289,1:29:52:839274,2907
262.858,255.1208,1:29:52:842931,2910
263.5466,254.8293,1:29:52:846941,2911
264.0877,254.8293,1:29:52:850937,2909
264.432,254.567,1:29:52:854941,2913
264.6779,254.567,1:29:52:859532,2916
264.8009,254.567,1:29:52:863052,2917
264.8501,254.567,1:29:52:867050,2915
264.8501,254.567,1:29:52:871050,2906
264.8501,254.567,1:29:52:875049,2894
264.8501,254.567,1:29:52:879053,2888
264.8501,254.567,1:29:52:882917,2885
264.8501,255.2666,1:29:52:886919,2886
264.8501,255.9079,1:29:52:891248,2888
264.8501,256.7532,1:29:52:894764,2888
264.2353,257.8318,1:29:52:898787,2888
264.2353,259.0852,1:29:52:902766,2890
264.2353,260.601,1:29:52:907385,2890
263.768,262.2334,1:29:52:910942,2892
263.768,263.9241,1:29:52:915334,2897
263.3745,265.6731,1:29:52:918840,2902
263.3745,267.4513,1:29:52:923332,2908
262.7596,269.2294,1:29:52:926848,2912
262.3661,270.9784,1:29:52:930848,2919
261.8251,272.6982,1:29:52:935848,2921
261.1364,274.4472,1:29:52:938848,2925
260.2757,276.1088,1:29:52:942848,2935
259.2427,277.7704,1:29:52:946848,2936
257.9884,279.4319,1:29:52:951369,2944
256.5866,281.0352,1:29:52:954887,2948
254.9634,282.5509,1:29:52:958906,2952
253.1435,284.0376,1:29:52:962862,2954
251.1514,285.4368,1:29:52:966754,2957
248.9379,286.6902,1:29:52:970758,2962
246.5523,287.9146,1:29:52:974760,2958
244.1176,288.9348,1:29:52:978758,2964
241.5844,289.751,1:29:52:983287,2964
238.9283,290.3923,1:29:52:987809,2963
236.2476,290.8878,1:29:52:991769,2967
233.5668,291.2668,1:29:52:994768,2965
230.8369,291.3542,1:29:52:999386,2962
228.1562,291.3542,1:29:53:002904,2963
225.5247,291.3542,1:29:53:006889,2961
222.8932,290.6255,1:29:53:010915,2957
220.3108,290.6255,1:29:53:015382,2958
217.9252,289.4012,1:29:53:018900,2954
215.6626,288.6141,1:29:53:022532,2949
213.5967,287.7688,1:29:53:026538,2935
211.8014,286.836,1:29:53:030615,2889
210.2274,285.9615,1:29:53:034538,2788
208.9731,285.087,1:29:53:039638,2604
208.1369,284.1833,1:29:53:042644,2358
207.6696,283.3088,1:29:53:046644,2059
207.5467,282.4052,1:29:53:050645,1723
207.5467,281.4432,1:29:53:054643,1395
208.6042,280.3939,1:29:53:058648,1058
209.7847,279.3736,1:29:53:063385,727
211.3587,278.2368,1:29:53:066912,428
213.3262,276.9542,1:29:53:070923,203
215.6134,275.6424,1:29:53:074929,0
218.122,274.1849,1:29:53:078931,0
220.9257,272.6691,1:29:53:082927,0
223.8523,271.0659,1:29:53:087382,0
226.9511,269.4043,1:29:53:090901,0
230.1975,267.6844,1:29:53:095900,0
233.5423,265.848,1:29:53:098901,0
236.9116,264.0407,1:29:53:102930,0
240.2809,262.2625,1:29:53:106901,0
243.6257,260.4844,1:29:53:111615,0
246.8721,258.852,1:29:53:115127,0
250.0201,257.2196,1:29:53:119132,0
253.0451,255.7038,1:29:53:123127,0
255.775,254.3046,1:29:53:127167,0
258.3328,252.9637,1:29:53:131128,0
260.7184,251.7686,1:29:53:135382,0
262.8826,250.6026,1:29:53:138897,0
264.8993,249.5823,1:29:53:143384,0
266.7684,248.4454,1:29:53:147195,0
268.5146,247.4543,1:29:53:151197,0
270.1378,246.4632,1:29:53:155197,0
271.638,245.5013,1:29:53:159200,0
272.9906,244.5394,1:29:53:163197,0
274.2203,243.5774,1:29:53:167733,0
275.3762,242.6154,1:29:53:171245,0
276.4829,241.5661,1:29:53:174581,0
277.4421,240.5458,1:29:53:179581,0
278.3521,239.4673,1:29:53:182624,0
279.1637,238.3304,1:29:53:186582,0
279.9507,237.1061,1:29:53:191389,0
280.6885,235.7652,1:29:53:194905,0
281.3771,234.3077,1:29:53:198503,0
282.0165,232.7628,1:29:53:202530,0
282.5822,231.1012,1:29:53:207503,0
283.0495,229.3522,1:29:53:211518,0
283.443,227.5449,1:29:53:215388,0
283.7627,225.7376,1:29:53:218912,0
283.9348,223.9012,1:29:53:223337,0
284.0086,222.2979,1:29:53:226855,0
284.0086,220.8112,1:29:53:230974,0
284.0086,219.4412,1:29:53:234882,0
284.0086,218.2752,1:29:53:238981,0
284.0086,217.2841,1:29:53:242858,0
284.0086,216.4388,1:29:53:247290,0
283.2954,215.7975,1:29:53:250802,0
283.2954,215.2436,1:29:53:254916,0
282.8281,214.6897,1:29:53:258804,0
282.8281,214.2233,1:29:53:262803,0
282.287,213.7569,1:29:53:266802,1736
282.287,213.4363,1:29:53:271152,1728
281.7706,213.2031,1:29:53:275101,1713
281.7706,212.9991,1:29:53:279323,1697
281.3033,212.8824,1:29:53:283329,1675
281.3033,212.8824,1:29:53:287327,1669
280.8114,212.8824,1:29:53:291329,1672
280.5655,213.6112,1:29:53:295589,1674
280.295,214.2816,1:29:53:299120,1686
279.9998,215.3019,1:29:53:303354,1687
279.6555,216.7011,1:29:53:307353,1685
279.3604,218.4792,1:29:53:311388,1696
279.0407,220.6072,1:29:53:314913,1722
278.7701,223.1141,1:29:53:319462,1770
278.4996,225.8833,1:29:53:322470,1834
278.3029,228.7692,1:29:53:327467,1904
278.0815,231.83,1:29:53:331468,1965
277.9094,234.9198,1:29:53:335468,2026
277.8356,237.864,1:29:53:338470,2074
277.7372,240.6915,1:29:53:343287,2111
277.6635,243.3442,1:29:53:347307,2144
277.6389,245.9094,1:29:53:351340,2165
277.6389,248.2414,1:29:53:355287,2183
277.6389,250.4859,1:29:53:359389,2195
277.6389,252.6722,1:29:53:362919,2202
278.2291,254.7419,1:29:53:366918,2203
278.2291,256.7241,1:29:53:370919,2205
278.721,258.6479,1:29:53:374922,2213
278.721,260.3678,1:29:53:378921,2216
279.1883,262.0002,1:29:53:383401,2219
279.1883,263.5743,1:29:53:386928,2226
279.5818,264.8569,1:29:53:391927,2228
279.5818,265.9646,1:29:53:395947,2233
279.5818,266.8974,1:29:53:398927,2239
279.9261,267.6262,1:29:53:402929,2214
279.9261,268.18,1:29:53:406964,2133
279.9261,268.559,1:29:53:411997,1887
279.9261,268.7047,1:29:53:415513,1469
279.9261,268.7047,1:29:53:419299,934
279.9261,268.7047,1:29:53:422970,458
279.1883,267.6262,1:29:53:426892,0
279.1883,266.6642,1:29:53:430973,0
278.5488,265.3816,1:29:53:434892,0
278.5488,263.7492,1:29:53:438966,0
277.9094,261.8836,1:29:53:442890,0
277.9094,259.9014,1:29:53:448889,0
277.5405,257.7443,1:29:53:450889,0
277.5405,255.558,1:29:53:455487,0
277.5405,253.3718,1:29:53:459004,0
277.5405,251.273,1:29:53:463101,0
277.5405,249.2616,1:29:53:467004,0
277.5405,247.396,1:29:53:471037,0
278.1799,245.5013,1:29:53:475007,0
278.1799,243.7523,1:29:53:479383,0
278.1799,242.0907,1:29:53:482899,0
278.7701,240.4583,1:29:53:487878,0
278.7701,238.9134,1:29:53:490882,0
278.7701,237.3393,1:29:53:494889,0
279.1883,235.8818,1:29:53:498884,0
279.1883,234.4243,1:29:53:502887,0
279.1883,232.9377,1:29:53:506882,0
279.508,231.5385,1:29:53:511381,0
279.508,230.1393,1:29:53:514917,0
279.508,228.7984,1:29:53:519381,0
279.508,227.4574,1:29:53:522896,0
279.508,226.204,1:29:53:526548,0
279.508,224.9505,1:29:53:530547,0
279.508,223.7262,1:29:53:534567,0
278.7947,222.5894,1:29:53:538547,0
278.7947,221.3942,1:29:53:543329,0
278.7947,220.374,1:29:53:546619,0
278.3275,219.3246,1:29:53:551382,0
278.3275,218.3335,1:29:53:554907,0
278.3275,217.2841,1:29:53:559460,0
277.9832,216.293,1:29:53:562459,0
277.9832,215.3311,1:29:53:567458,0
277.9832,214.3983,1:29:53:570460,0
277.9832,213.4655,1:29:53:575387,0
277.9832,212.5618,1:29:53:578921,0
277.9832,211.5999,1:29:53:582940,0
277.9832,210.5504,1:29:53:586921,0
277.9832,209.4427,1:29:53:590929,0
277.9832,208.2476,1:29:53:594947,1401
278.6472,206.9942,1:29:53:599386,1397
278.6472,205.7115,1:29:53:602898,1393
279.4096,204.3415,1:29:53:607335,1389
279.9998,202.8257,1:29:53:610886,1381
280.8114,201.1933,1:29:53:614867,1377
281.8936,199.4734,1:29:53:618868,1369
283.2216,197.6953,1:29:53:622897,1373
284.8202,195.8589,1:29:53:626868,1390
286.6402,193.9058,1:29:53:630771,1420
288.7306,191.7778,1:29:53:634781,1467
290.9687,189.679,1:29:53:638774,1507
293.3051,187.5511,1:29:53:642771,1548
295.8136,185.6855,1:29:53:647380,1582
298.4452,183.9073,1:29:53:650917,1609
301.1013,182.3333,1:29:53:654914,1631
303.8312,180.9632,1:29:53:658915,1642
306.6595,179.7389,1:29:53:662915,1657
309.4632,178.7769,1:29:53:666915,1664
312.316,177.9608,1:29:53:671438,1679
315.1935,177.3486,1:29:53:674444,1706
318.0464,176.7073,1:29:53:678534,1729
320.8255,176.2409,1:29:53:683444,1754
323.5554,175.8328,1:29:53:687449,1778
326.2115,175.5704,1:29:53:691456,1792
328.843,175.4538,1:29:53:695390,1800
331.4008,175.4538,1:29:53:698932,1806
333.9339,175.4538,1:29:53:703388,1804
336.3933,176.2992,1:29:53:706906,1811
338.7297,176.2992,1:29:53:711084,1822
340.9923,177.9316,1:29:53:714600,1833
343.1566,179.2725,1:29:53:718672,1851
345.1733,180.9049,1:29:53:723600,1864
347.0424,182.858,1:29:53:726598,1871
348.6902,185.0733,1:29:53:730599,1880
350.2642,187.5511,1:29:53:735324,1893
351.5923,190.2038,1:29:53:738840,1899
352.8219,193.0313,1:29:53:742870,1910
353.9041,195.9171,1:29:53:746840,1923
354.9124,198.8904,1:29:53:750841,1925
355.7486,201.8055,1:29:53:754839,1930
356.511,204.8079,1:29:53:758922,1937
357.1996,207.8103,1:29:53:762929,1958
357.7653,210.9294,1:29:53:767467,1976
358.2572,214.1359,1:29:53:770999,2006
358.7244,217.4299,1:29:53:774983,2030
359.118,220.7238,1:29:53:778983,2042
359.4622,223.9886,1:29:53:782983,2062
359.7574,227.2242,1:29:53:786983,2079
360.0033,230.285,1:29:53:791803,2100
360.1509,233.2874,1:29:53:795335,2117
360.2247,235.9693,1:29:53:799329,2133
360.2247,238.5345,1:29:53:802850,2146
360.2247,240.8665,1:29:53:807848,2161
360.2247,243.0527,1:29:53:810845,2174
359.5606,245.0932,1:29:53:814883,2189
359.5606,247.0171,1:29:53:818847,2199
358.6998,248.7952,1:29:53:823328,2214
358.1588,250.4568,1:29:53:826850,2232
357.5685,251.9726,1:29:53:831139,2246
356.9537,253.3427,1:29:53:835147,2270
356.2896,254.6544,1:29:53:839223,2282
355.601,255.7621,1:29:53:843148,2309
354.937,256.7532,1:29:53:847320,2350
354.2976,257.5694,1:29:53:850841,2392
353.5598,258.1524,1:29:53:854809,2445
352.9203,258.6771,1:29:53:858818,2511
352.2809,258.9686,1:29:53:862815,2564
351.666,259.0561,1:29:53:866815,2607
351.002,259.0561,1:29:53:871374,2639
350.4117,259.0561,1:29:53:874889,2645
349.7969,257.9483,1:29:53:879322,2648
349.1575,257.2196,1:29:53:883326,2652
348.5918,256.3742,1:29:53:887327,2659
348.0016,255.3831,1:29:53:891326,2663
347.4359,254.2755,1:29:53:895084,2677
346.9194,253.1678,1:29:53:899094,2693
346.4521,252.06,1:29:53:903090,2721
346.0095,251.0107,1:29:53:907091,2747
345.6406,250.0487,1:29:53:911136,2765
345.3208,249.1159,1:29:53:915091,2780
345.0995,248.2706,1:29:53:919386,2784
344.9273,247.5418,1:29:53:922902,2788
344.829,246.8422,1:29:53:927379,2787
344.829,246.2009,1:29:53:930900,2786
344.829,245.6179,1:29:53:934900,2779
344.829,245.0058,1:29:53:938900,2777
344.829,244.4519,1:29:53:942897,2775
345.6652,243.9563,1:29:53:947898,2768
345.6652,243.4317,1:29:53:951377,2764
346.7965,242.9944,1:29:53:954894,2757
347.5835,242.528,1:29:53:959134,2754
348.518,242.1199,1:29:53:963143,2752
349.6002,241.7701,1:29:53:967143,2751
350.879,241.4494,1:29:53:971141,2748
352.33,241.1579,1:29:53:975342,2744
353.9041,240.9539,1:29:53:978857,2745
355.6256,240.7498,1:29:53:983400,2747
357.421,240.575,1:29:53:986934,2749
359.2901,240.4292,1:29:53:990931,2755
361.2576,240.3126,1:29:53:994931,2755
363.2743,240.196,1:29:53:998934,2755
365.3401,240.0794,1:29:54:002932,2756
367.3814,239.9337,1:29:54:007515,2755
369.3489,239.7879,1:29:54:011043,2757
371.3164,239.5838,1:29:54:015106,2760
373.2101,239.3215,1:29:54:019045,2757
375.0055,238.9717,1:29:54:023046,2755
376.6533,238.5636,1:29:54:027044,2755
378.2027,238.0681,1:29:54:031328,2752
379.6537,237.4267,1:29:54:034845,2752
380.9326,236.698,1:29:54:038945,2751
382.1377,235.7943,1:29:54:042846,2748
383.2444,234.8033,1:29:54:046845,2749
384.2527,233.6081,1:29:54:050848,2750
385.1873,232.3255,1:29:54:055379,2753
386.0235,230.9263,1:29:54:058910,2751
386.7367,229.4688,1:29:54:062946,2752
387.3762,228.0113,1:29:54:066909,2751
387.9172,226.6121,1:29:54:070909,2751
388.3845,225.2712,1:29:54:074910,2754
388.8026,224.1344,1:29:54:079354,2762
389.1223,223.1432,1:29:54:082876,2786
389.2945,222.3562,1:29:54:087471,2813
389.4912,221.7732,1:29:54:091473,2851
389.5404,221.336,1:29:54:095480,2866
389.6142,221.0736,1:29:54:098469,2866
389.6142,220.9278,1:29:54:103378,2854
389.6142,220.9278,1:29:54:106922,2838
389.6142,220.9278,1:29:54:110961,2833
389.6142,220.9278,1:29:54:114945,2832
389.6142,222.1521,1:29:54:119018,2839
389.6142,223.0266,1:29:54:122957,2847
389.6142,224.2509,1:29:54:127382,2854
388.9994,225.7376,1:29:54:130895,2854
388.9994,227.4574,1:29:54:135328,2859
388.4583,229.4688,1:29:54:138846,2862
388.4583,231.5676,1:29:54:142709,2873
387.9172,233.8121,1:29:54:146707,2895
387.9172,236.0275,1:29:54:150707,2919
387.45,238.2721,1:29:54:154706,2946
387.45,240.4583,1:29:54:159374,2966
387.1056,242.5863,1:29:54:162908,2984
387.1056,244.6851,1:29:54:166907,2999
387.1056,246.7547,1:29:54:170905,3014
386.8597,248.7952,1:29:54:174905,3031
386.8597,250.9523,1:29:54:178908,3045
386.7613,253.1386,1:29:54:183371,3057
386.7121,255.2957,1:29:54:186887,3064
386.6137,257.4528,1:29:54:190971,3071
386.5646,259.5225,1:29:54:195891,3077
386.4662,261.5338,1:29:54:198886,3075
386.3678,263.4577,1:29:54:202887,3077
386.294,265.265,1:29:54:207328,3078
386.2448,266.8974,1:29:54:210930,3079
386.1711,268.3257,1:29:54:215385,3084
386.1219,269.6667,1:29:54:218914,3088
386.0727,270.8618,1:29:54:222916,3088
386.0235,271.882,1:29:54:226914,3089
385.9497,272.8148,1:29:54:230916,3088
385.9497,273.5728,1:29:54:234916,3079
385.9497,274.1849,1:29:54:239381,3039
385.9251,274.6805,1:29:54:242898,2935
385.9251,275.0011,1:29:54:247378,2758
385.9251,275.176,1:29:54:250890,2484
385.9251,275.2343,1:29:54:254892,2079
385.9251,275.2343,1:29:54:258895,1521
385.9251,275.2343,1:29:54:262895,928
386.7121,274.0392,1:29:54:266892,437
386.7121,273.1646,1:29:54:271253,0
387.6713,271.882,1:29:54:275262,0
388.3353,270.308,1:29:54:279297,0
389.1469,268.2966,1:29:54:283262,0
390.0323,265.9646,1:29:54:287284,0
390.8931,263.4286,1:29:54:290800,0
391.9014,260.601,1:29:54:295381,0
392.9835,257.6277,1:29:54:298896,0
394.1394,254.567,1:29:54:303453,0
395.4675,251.5354,1:29:54:307454,0
396.9185,248.562,1:29:54:311453,0
398.4925,245.7636,1:29:54:314453,0
400.1649,243.1693,1:29:54:319327,0
402.0832,240.8082,1:29:54:322843,0
404.0753,238.7094,1:29:54:327327,0
406.2396,236.9021,1:29:54:330528,0
408.453,235.3862,1:29:54:335378,0
410.691,234.1328,1:29:54:338893,0
412.9782,233.0834,1:29:54:342893,0
415.2901,232.2381,1:29:54:346896,0
417.5035,231.5676,1:29:54:350893,0
419.6432,231.0137,1:29:54:354893,0
421.6599,230.5473,1:29:54:358884,0
423.5782,230.1684,1:29:54:362908,0
425.2751,229.8477,1:29:54:367332,0
426.8491,229.7312,1:29:54:370848,0
428.2018,229.5562,1:29:54:374856,0
429.2593,229.3522,1:29:54:378848,0
430.1693,229.2065,1:29:54:382857,2426
430.8333,229.0898,1:29:54:386848,2413
431.276,229.0607,1:29:54:390853,2400
431.5957,229.0607,1:29:54:395859,2388
431.7925,229.0607,1:29:54:399458,2377
431.8416,229.8477,1:29:54:402975,2379
431.8416,230.5182,1:29:54:406976,2385
431.8416,231.4801,1:29:54:410975,2387
431.8416,232.6753,1:29:54:415333,2387
431.8416,234.1328,1:29:54:418992,2389
431.8662,235.7652,1:29:54:423056,2387
431.9154,237.5142,1:29:54:426990,2391
431.94,239.2341,1:29:54:431090,2397
431.94,241.0122,1:29:54:434990,2401
431.9892,242.8195,1:29:54:438988,2409
432.0384,244.5977,1:29:54:442989,2425
432.0876,246.3175,1:29:54:446990,2455
432.186,247.979,1:29:54:450990,2495
432.3089,249.524,1:29:54:455015,2552
432.4811,250.894,1:29:54:458989,2609
432.6533,252.3224,1:29:54:463454,2661
432.85,253.5175,1:29:54:466972,2706
433.0222,254.6835,1:29:54:470969,2728
433.2435,255.6747,1:29:54:474969,2742
433.4648,256.52,1:29:54:478969,2747
433.6616,257.2779,1:29:54:482968,2747
433.7846,257.8318,1:29:54:486609,2751
433.9075,258.2982,1:29:54:490615,2763
433.9567,258.5897,1:29:54:494701,2820
434.0305,258.7937,1:29:54:498615,2937
434.0305,258.8228,1:29:54:503377,3067
434.0305,258.8228,1:29:54:506901,3183
434.0305,258.8228,1:29:54:511379,3255
434.0305,257.7151,1:29:54:514898,3269
434.0305,257.0155,1:29:54:518991,3271
434.0305,256.1702,1:29:54:522506,3272
434.0305,255.0916,1:29:54:527507,3272
433.2927,253.7799,1:29:54:530505,3265
433.2927,252.3515,1:29:54:534552,3254
432.5303,250.8358,1:29:54:538505,3239
431.9646,249.3783,1:29:54:543330,3224
431.276,248.0082,1:29:54:547290,3209
430.4644,246.6964,1:29:54:551291,3198
429.4315,245.5013,1:29:54:555291,3192
428.3739,244.5394,1:29:54:559396,3186
427.218,243.7814,1:29:54:563408,3178
425.9146,243.315,1:29:54:567319,3171
424.4635,243.0527,1:29:54:570839,3165
422.9141,243.0527,1:29:54:574838,3159
421.2664,243.0527,1:29:54:578838,3159
419.4956,243.7523,1:29:54:582838,3159
417.7986,243.7523,1:29:54:586852,3157
415.9787,245.2098,1:29:54:590839,3158
414.1588,246.1718,1:29:54:595557,3157
412.4372,247.2794,1:29:54:598567,3156
410.7894,248.5038,1:29:54:603320,3155
409.3138,249.7572,1:29:54:606840,3160
407.9857,251.1564,1:29:54:610892,3164
406.8298,252.7305,1:29:54:614838,3165
405.8215,254.4212,1:29:54:618837,3167
404.9853,256.1702,1:29:54:622845,3165
404.3213,257.9775,1:29:54:627568,3167
403.8294,259.8139,1:29:54:631083,3171
403.4605,261.6795,1:29:54:635379,3174
403.2391,263.516,1:29:54:638921,3178
403.1407,265.2942,1:29:54:642970,3181
403.1407,266.9265,1:29:54:646918,3181
403.1407,268.4132,1:29:54:650990,3162
403.1407,269.7541,1:29:54:654917,3106
404.0261,270.9201,1:29:54:659382,2993
404.0261,271.9695,1:29:54:662903,2839
405.1082,272.844,1:29:54:666900,2645
405.7969,273.5728,1:29:54:670904,2410
406.6331,274.1266,1:29:54:674901,2115
407.6414,274.4472,1:29:54:678909,1701
408.8219,274.5638,1:29:54:682855,1195
410.1746,274.5638,1:29:54:686882,690
411.724,274.5638,1:29:54:690885,301
413.4701,273.5728,1:29:54:695388,0
415.3884,272.7857,1:29:54:698932,0
417.4543,271.7363,1:29:54:703535,0
419.6924,270.4828,1:29:54:707050,0
422.0779,268.967,1:29:54:711118,0
424.5373,267.218,1:29:54:715049,0
427.0705,265.2358,1:29:54:719050,0
429.6036,263.0496,1:29:54:723380,0
432.1614,260.5427,1:29:54:726899,0
434.6454,257.8318,1:29:54:731382,0
437.1539,254.8876,1:29:54:734902,0
439.5395,251.856,1:29:54:738903,0
441.8021,248.7661,1:29:54:743022,0
443.991,245.7345,1:29:54:746902,0
446.1798,242.8778,1:29:54:750899,0
448.2949,240.196,1:29:54:755380,0
450.3116,237.9223,1:29:54:758900,0
452.2299,235.9109,1:29:54:763376,0
454.0744,234.3077,1:29:54:766896,0
455.7714,233.0251,1:29:54:770990,0
457.2962,232.1214,1:29:54:774893,0
458.6242,231.4801,1:29:54:778892,0
459.608,231.1304,1:29:54:782892,0
460.3704,230.8097,1:29:54:787380,0
460.9853,230.4599,1:29:54:790896,0
461.3542,230.2558,1:29:54:795584,2549
461.5509,230.0518,1:29:54:799112,2547
461.6493,229.9935,1:29:54:803186,2537
461.6739,229.9352,1:29:54:807109,2527
461.6739,229.9352,1:29:54:811155,2517
461.6739,229.9352,1:29:54:815109,2509
461.6739,230.8389,1:29:54:819380,2516
461.6739,231.7133,1:29:54:822917,2531
461.0836,232.9085,1:29:54:826917,2560
461.0836,234.366,1:29:54:830915,2600
460.6163,236.0858,1:29:54:834920,2643
460.6163,238.0098,1:29:54:838920,2695
460.0261,240.0502,1:29:54:843261,2758
460.0261,242.2074,1:29:54:847261,2832
459.4604,244.4519,1:29:54:851348,2917
459.1407,246.7256,1:29:54:855261,3007
458.8702,249.0284,1:29:54:859601,3084
458.6242,251.3022,1:29:54:863118,3153
458.4029,253.605,1:29:54:867116,3209
458.1815,255.9079,1:29:54:871117,3246
457.9848,258.1233,1:29:54:875116,3269
457.8127,260.2803,1:29:54:879117,3282
457.6159,262.2917,1:29:54:883457,3286
457.4684,264.2739,1:29:54:887010,3291
457.2962,266.0521,1:29:54:891009,3293
457.1486,267.6262,1:29:54:895015,3294
457.0257,269.0545,1:29:54:899009,3296
456.8535,270.2205,1:29:54:903010,3295
456.7305,271.2699,1:29:54:907293,3301
456.583,272.1152,1:29:54:910809,3303
456.46,272.8148,1:29:54:915127,3302
456.337,273.3687,1:29:54:921012,3304
456.2386,273.7477,1:29:54:924030,3299
456.1403,274.0392,1:29:54:927026,3242
456.0911,274.1266,1:29:54:931012,3084
455.9189,274.1266,1:29:54:934456,2801
455.7468,274.1266,1:29:54:938460,2298
455.5255,274.1266,1:29:54:942456,1582
455.1565,272.844,1:29:54:946455,916
454.6401,271.9987,1:29:54:951387,373
454.0252,270.9201,1:29:54:954903,0
453.2136,269.6083,1:29:54:959215,0
452.1807,268.1217,1:29:54:963219,0
451.1232,266.4019,1:29:54:967220,0
449.8935,264.682,1:29:54:971220,0
448.59,262.9038,1:29:54:976222,0
447.2373,261.1257,1:29:54:979220,0
445.8109,259.4641,1:29:54:983371,0
444.2369,257.9775,1:29:54:987227,0
442.5891,256.6075,1:29:54:991230,0
440.8184,255.3831,1:29:54:995231,0
438.8509,254.3046,1:29:54:999229,0
436.662,253.2843,1:29:55:003229,0
434.2518,252.3515,1:29:55:007385,0
431.4973,251.5062,1:29:55:010901,0
428.4969,250.69,1:29:55:015375,0
425.226,249.903,1:29:55:019214,0
421.7582,249.1159,1:29:55:023294,0
418.1429,248.4163,1:29:55:027214,0
414.3309,247.7458,1:29:55:031216,0
410.3959,247.1628,1:29:55:035214,0
406.4117,246.6382,1:29:55:039376,0
402.4275,246.2009,1:29:55:042892,0
398.3942,245.7345,1:29:55:046925,0
394.4592,245.2681,1:29:55:051377,0
390.5733,244.9474,1:29:55:054899,0
386.7613,244.6559,1:29:55:058568,0
383.0477,244.3936,1:29:55:062501,0
379.4324,244.1021,1:29:55:066530,0
375.8663,243.8398,1:29:55:070500,0
372.5215,243.5482,1:29:55:074500,0
369.2751,243.2276,1:29:55:079442,0
366.1026,242.9361,1:29:55:082954,0
363.0284,242.6738,1:29:55:086509,0
360.0279,242.3822,1:29:55:091519,0
357.2242,242.1199,1:29:55:094538,0
354.4943,241.8575,1:29:55:098583,0
351.912,241.6535,1:29:55:102512,0
349.3788,241.4203,1:29:55:107379,0
347.0424,241.2746,1:29:55:110896,0
344.829,241.1288,1:29:55:115376,0
342.6893,241.0122,1:29:55:118895,0
340.6972,240.8665,1:29:55:122968,0
338.8281,240.7498,1:29:55:126896,0
337.0819,240.575,1:29:55:130892,0
335.5079,240.4292,1:29:55:134891,0
334.2045,240.2543,1:29:55:139326,0
333.0732,240.0211,1:29:55:142934,0
332.114,239.7587,1:29:55:147374,0
331.3024,239.4673,1:29:55:150890,0
330.6138,239.1174,1:29:55:155435,0
330.0727,238.7968,1:29:55:158442,0
329.6546,238.4762,1:29:55:163440,0
329.3103,238.0972,1:29:55:166441,0
328.9906,237.7474,1:29:55:171441,0
328.6955,237.3976,1:29:55:174441,0
328.5233,237.0186,1:29:55:179652,0
328.3266,236.698,1:29:55:183172,0
328.2036,236.3773,1:29:55:187171,0
328.1052,236.1441,1:29:55:191170,0
327.9822,235.8235,1:29:55:195192,0
327.8101,235.6194,1:29:55:199172,0
327.5396,235.4154,1:29:55:202778,0
327.269,235.2405,1:29:55:206793,0
326.9001,235.0947,1:29:55:210780,0
326.482,234.949,1:29:55:214780,0
325.9901,234.8324,1:29:55:218777,0
325.4491,234.6866,1:29:55:223321,0
324.9326,234.5701,1:29:55:227283,0
324.367,234.4243,1:29:55:231380,0
323.7767,234.2785,1:29:55:234895,0
323.1127,234.1328,1:29:55:238894,0
322.4487,233.9579,1:29:55:242895,0
321.8338,233.7538,1:29:55:246929,0
321.1698,233.5498,1:29:55:251683,0
320.5549,233.2874,1:29:55:255201,0
319.8663,232.9959,1:29:55:258753,0
319.2023,232.6753,1:29:55:262751,0
318.612,232.3255,1:29:55:266848,0
318.0218,231.8882,1:29:55:270750,0
317.5299,231.3927,1:29:55:274750,0
317.0626,230.868,1:29:55:278750,0
316.6199,230.3141,1:29:55:283482,0
316.251,229.702,1:29:55:286851,0
315.9559,229.0607,1:29:55:290765,0
315.71,228.3902,1:29:55:294765,0
315.5132,227.6906,1:29:55:299383,0
315.3657,227.0202,1:29:55:302900,0
315.2673,226.3206,1:29:55:306898,0
315.2427,225.5918,1:29:55:310897,0
315.2427,224.8048,1:29:55:314898,553
315.2427,223.9886,1:29:55:318899,581
315.2427,223.1432,1:29:55:323302,645
315.2427,222.2979,1:29:55:326818,740
315.2427,221.3942,1:29:55:330533,863
315.2427,220.4615,1:29:55:334540,999
315.9067,219.7036,1:29:55:339539,1139
315.9067,218.9456,1:29:55:342540,1275
315.9067,218.2752,1:29:55:347377,1411
315.9067,217.7213,1:29:55:350893,1534
316.374,217.2841,1:29:55:354660,1650
316.374,216.9635,1:29:55:358591,1747
316.374,216.7011,1:29:55:362590,1823
316.374,216.5553,1:29:55:366589,1868
316.374,216.4096,1:29:55:370594,1870
316.374,216.3221,1:29:55:374603,1860
316.374,216.3221,1:29:55:379386,1841
316.374,216.3221,1:29:55:382901,1831
316.374,216.3221,1:29:55:386903,1834
316.374,217.6631,1:29:55:390900,1851
315.8083,218.8291,1:29:55:394904,1882
315.8083,220.4032,1:29:55:398923,1917
315.0951,222.3562,1:29:55:402901,1970
314.6524,224.7173,1:29:55:406901,2024
314.1852,227.3992,1:29:55:411480,2092
313.7425,230.3141,1:29:55:414994,2173
313.3982,233.2583,1:29:55:418996,2279
313.3982,236.0858,1:29:55:422994,2414
313.1276,238.7677,1:29:55:426996,2557
313.1276,241.2746,1:29:55:431019,2707
313.1276,243.5774,1:29:55:435311,2843
314.0376,245.647,1:29:55:438832,2949
314.6524,247.6001,1:29:55:443009,3036
315.4394,249.3783,1:29:55:446887,3094
316.3248,251.0398,1:29:55:450959,3130
317.3578,252.6431,1:29:55:454887,3156
318.5136,254.1588,1:29:55:459384,3170
319.7925,255.5289,1:29:55:462905,3182
321.2436,256.7823,1:29:55:466903,3188
322.793,257.89,1:29:55:470903,3195
324.4899,258.7937,1:29:55:474903,3197
326.2607,259.5225,1:29:55:478906,3205
328.1544,260.0471,1:29:55:482912,3209
330.0481,260.3387,1:29:55:486919,3177
332.0156,260.3387,1:29:55:490911,3084
333.9339,260.3387,1:29:55:495948,2900
335.7047,260.3387,1:29:55:499932,2622
337.3525,259.0852,1:29:55:502911,2238
338.8281,258.269,1:29:55:507966,1714
340.107,257.3362,1:29:55:510971,1093
341.1399,256.1702,1:29:55:514973,567
341.8777,254.8584,1:29:55:518976,0
342.2958,253.4301,1:29:55:522973,0
342.4434,251.856,1:29:55:526973,0
342.4434,250.2819,1:29:55:530962,0
341.7548,248.6495,1:29:55:534991,0
341.0169,246.9005,1:29:55:539376,0
339.9594,245.1223,1:29:55:542891,0
338.6313,243.4317,1:29:55:546962,0
337.1803,241.6826,1:29:55:550892,0
335.6063,239.9337,1:29:55:554892,0
333.9339,238.243,1:29:55:558891,0
332.237,236.5814,1:29:55:563324,0
330.54,235.0073,1:29:55:566840,0
328.9168,233.5498,1:29:55:570950,0
327.3674,232.1214,1:29:55:574840,0
325.8918,230.8389,1:29:55:578840,0
324.5145,229.6437,1:29:55:582843,0
323.2111,228.5652,1:29:55:587368,0
322.0551,227.6032,1:29:55:591179,0
320.9484,226.7578,1:29:55:595318,0
319.9647,226,1:29:55:598834,0
319.0547,225.3295,1:29:55:602833,0
318.2185,224.7173,1:29:55:606834,0
317.5299,224.2801,1:29:55:610836,0
316.8905,223.9886,1:29:55:614837,0
316.374,223.6096,1:29:55:619365,0
315.9559,223.289,1:29:55:622887,0
315.6116,222.9975,1:29:55:626908,2009
315.3657,222.7934,1:29:55:630934,1998
315.2181,222.706,1:29:55:635469,1990
315.1935,222.706,1:29:55:638467,1976
315.1935,222.706,1:29:55:642513,1964
315.1935,222.706,1:29:55:646467,1959
315.8575,224.0177,1:29:55:652004,1955
315.8575,224.9797,1:29:55:654519,1958
317.0626,226.1749,1:29:55:658518,1957
317.8988,227.5741,1:29:55:662519,1962
318.9072,229.2065,1:29:55:666519,1974
320.0139,230.9263,1:29:55:670518,2045
321.2682,232.7336,1:29:55:675326,2130
322.6454,234.6575,1:29:55:678838,2232
324.121,236.6105,1:29:55:682876,2330
325.5721,238.5345,1:29:55:686840,2374
327.0477,240.4875,1:29:55:690843,2407
328.6217,242.3822,1:29:55:694840,2425
330.1711,244.2478,1:29:55:699324,2432
331.6959,245.9677,1:29:55:702864,2442
333.1961,247.6001,1:29:55:707377,2453
334.6718,249.1742,1:29:55:710921,2461
336.049,250.5443,1:29:55:714920,2473
337.4016,251.8268,1:29:55:718920,2479
338.7297,253.022,1:29:55:722920,2487
339.9102,254.1297,1:29:55:726922,2494
340.9431,255.0042,1:29:55:731542,2500
341.8531,255.8204,1:29:55:735069,2507
342.5663,256.4617,1:29:55:739069,2512
343.132,256.9281,1:29:55:743093,2520
343.5501,257.3362,1:29:55:747067,2529
343.796,257.5403,1:29:55:751068,2492
343.8944,257.5403,1:29:55:755323,2384
343.8944,257.5403,1:29:55:758867,2131
343.8944,257.5403,1:29:55:762864,1694
343.8944,256.2577,1:29:55:766881,1117
342.9106,255.4706,1:29:55:770865,595
342.2958,254.4212,1:29:55:774864,214
341.4842,253.1969,1:29:55:778808,0
340.5251,251.8268,1:29:55:782806,0
339.4183,250.3111,1:29:55:786807,0
338.2379,248.7078,1:29:55:790808,0
336.9098,247.0462,1:29:55:795402,0
335.6063,245.3555,1:29:55:799271,0
334.2537,243.694,1:29:55:803343,0
332.9502,242.0616,1:29:55:807258,0
331.6467,240.4875,1:29:55:811258,0
330.3924,239.03,1:29:55:815260,0
329.1382,237.6017,1:29:55:819282,0
327.8593,236.2899,1:29:55:823736,0
326.5558,235.0656,1:29:55:827751,0
325.1048,233.8413,1:29:55:830742,0
323.5554,232.6461,1:29:55:834740,0
321.9322,231.5676,1:29:55:838741,0
320.1368,230.4599,1:29:55:842742,0
318.2185,229.4397,1:29:55:847375,0
316.1281,228.3902,1:29:55:850891,0
313.8654,227.3992,1:29:55:855312,0
311.5044,226.4372,1:29:55:859152,0
308.9221,225.4461,1:29:55:863373,0
306.143,224.4258,1:29:55:866889,0
303.1671,223.4348,1:29:55:870891,0
299.97,222.4436,1:29:55:874889,0
296.6498,221.4234,1:29:55:878927,0
293.1821,220.5197,1:29:55:882471,0
289.5422,219.5869,1:29:55:886471,0
285.6564,218.7416,1:29:55:891470,0
281.5739,217.8671,1:29:55:894471,0
277.3437,217.1384,1:29:55:898472,0
273.0398,216.4679,1:29:55:902912,0
268.6621,215.914,1:29:55:906914,0
264.1861,215.4476,1:29:55:911374,0
259.587,215.0396,1:29:55:914890,0
254.8896,214.6606,1:29:55:919379,0
250.2168,214.3691,1:29:55:922895,0
245.5932,214.1359,1:29:55:926894,0
241.0925,213.9319,1:29:55:930897,0
236.6656,213.7569,1:29:55:934983,0
232.288,213.582,1:29:55:938897,0
228.0332,213.378,1:29:55:943371,0
223.9753,213.1448,1:29:55:946887,0
220.0895,212.8533,1:29:55:951275,0
216.4988,212.5909,1:29:55:954790,0
213.1048,212.2995,1:29:55:958793,0
209.9568,212.0079,1:29:55:962793,0
207.0794,211.7456,1:29:55:966883,0
204.4478,211.2792,1:29:55:970790,0
202.1114,210.7836,1:29:55:975379,0
200.021,210.2298,1:29:55:978897,1353
198.201,209.7051,1:29:55:983374,1353
196.6516,209.2679,1:29:55:986892,1348
195.4219,208.8598,1:29:55:990892,1336
194.4382,208.4808,1:29:55:994892,1323
193.6512,208.131,1:29:55:998890,1314
193.1347,208.0727,1:29:56:003898,1301
192.8642,208.0727,1:29:56:007349,1297
192.7904,208.0727,1:29:56:010871,1292
192.7904,208.0727,1:29:56:015005,1284
193.5282,208.7723,1:29:56:018521,1284
194.2414,208.7723,1:29:56:022599,1284
195.2744,209.3553,1:29:56:026521,1284
196.5533,209.3553,1:29:56:030519,1288
198.201,209.88,1:29:56:034519,1305
200.1685,209.88,1:29:56:039190,1331
202.6033,210.4339,1:29:56:043189,1365
205.5546,210.4339,1:29:56:047190,1425
208.9485,210.8711,1:29:56:051187,1496
212.8343,210.8711,1:29:56:055617,1574
217.1382,211.2792,1:29:56:059137,1677
221.8848,211.2792,1:29:56:063258,1761
227.2462,211.7456,1:29:56:067136,1826
233.3209,212.0079,1:29:56:071134,1876
239.8383,212.2411,1:29:56:075138,1901
246.7737,212.5618,1:29:56:079315,1922
254.3732,212.8533,1:29:56:082833,1957
262.4891,213.174,1:29:56:086462,2006
271.1953,213.5237,1:29:56:091477,2058
280.6147,213.8444,1:29:56:095478,2107
290.4522,214.1651,1:29:56:099483,2149
300.6832,214.5148,1:29:56:103374,2186
311.4553,214.8355,1:29:56:106905,2217
322.5962,215.2436,1:29:56:111381,2257
333.9831,215.71,1:29:56:114897,2299
345.6406,216.2056,1:29:56:118920,2337
357.4456,216.9052,1:29:56:122898,2371
369.226,217.7796,1:29:56:126897,2396
380.9572,218.7708,1:29:56:130900,2411
392.5162,219.9659,1:29:56:134759,2424
403.731,221.2193,1:29:56:138765,2438
414.6998,222.5311,1:29:56:142823,2446
425.0046,223.9886,1:29:56:146765,2456
434.7683,225.4461,1:29:56:150765,2464
444.0156,226.7287,1:29:56:154768,2469
452.525,227.9238,1:29:56:159322,2478
460.272,228.9733,1:29:56:162838,2481
467.2567,229.8769,1:29:56:166838,2481
473.4543,230.5765,1:29:56:170838,2481
478.8895,231.1304,1:29:56:175837,2482
483.6361,231.5093,1:29:56:178837,2482
487.6203,231.7133,1:29:56:183433,2483
490.9404,231.8008,1:29:56:187441,2487
493.572,231.8008,1:29:56:191191,2490
495.6378,231.8008,1:29:56:195965,2498
497.261,231.8008,1:29:56:199383,2504
498.4415,231.8008,1:29:56:202900,2509
499.3023,231.1012,1:29:56:206904,2513
499.9417,231.1012,1:29:56:210901,2516
500.3352,230.4599,1:29:56:214902,2516
500.6304,230.4599,1:29:56:218900,2519
500.8517,229.7603,1:29:56:223387,2491
500.9993,229.7603,1:29:56:226910,2415
501.1223,229.0316,1:29:56:231914,2273
501.2206,229.0316,1:29:56:234918,2003
501.2452,228.2737,1:29:56:238919,1552
501.2452,227.953,1:29:56:242918,999
501.2452,227.5449,1:29:56:246944,512
501.2452,227.1368,1:29:56:250920,0
500.4582,226.7287,1:29:56:255326,0
499.8188,226.2914,1:29:56:258844,0
498.958,225.7959,1:29:56:262842,0
497.8513,225.3295,1:29:56:266934,0
496.4494,224.7757,1:29:56:270842,0
494.7279,224.2218,1:29:56:274842,0
492.785,223.6971,1:29:56:279375,0
490.5961,223.1141,1:29:56:283226,0
488.1859,222.4728,1:29:56:287226,0
485.702,221.8898,1:29:56:290743,0
483.0458,221.2193,1:29:56:294742,0
480.2914,220.5489,1:29:56:298742,0
477.5614,219.9659,1:29:56:302851,0
474.7823,219.4412,1:29:56:306742,0
472.1016,218.8873,1:29:56:310742,0
469.4455,218.5084,1:29:56:315373,0
465.6335,218.1877,1:29:56:318889,0
