237.3051,410.1405,2:27:51:048737,0
237.3051,409.1786,2:27:51:052652,0
237.3051,408.2458,2:27:51:056650,0
238.1905,407.1964,2:27:51:060650,0
238.9037,405.7971,2:27:51:064816,0
239.7153,404.4271,2:27:51:067835,0
240.6498,402.6781,2:27:51:072841,0
241.6582,400.8416,2:27:51:075835,0
242.9371,398.7137,2:27:51:080835,0
244.1176,397.3145,2:27:51:083841,0
245.3718,395.7404,2:27:51:088706,0
246.5769,393.8748,2:27:51:091883,0
247.6591,392.2133,2:27:51:096760,0
248.815,390.2602,2:27:51:099962,0
249.8479,388.4237,2:27:51:104928,0
251.0284,386.4707,2:27:51:107928,0
252.1597,384.5468,2:27:51:111956,0
253.2664,382.448,2:27:51:116368,0
254.5207,380.2909,2:27:51:120364,0
255.7504,378.1921,2:27:51:124519,0
256.9801,375.8601,2:27:51:128930,0
258.3573,373.5573,2:27:51:131952,0
259.9313,371.0795,2:27:51:136023,0
261.4807,368.6309,2:27:51:139949,0
262.9564,365.92,2:27:51:144950,0
264.3828,363.3839,2:27:51:148947,0
265.8584,360.8187,2:27:51:152614,0
267.3586,358.1952,2:27:51:155971,0
268.7359,355.7758,2:27:51:160692,0
270.0886,353.2689,2:27:51:163712,0
271.392,350.8203,2:27:51:168709,0
272.5725,348.5174,2:27:51:171712,0
273.8022,346.2437,2:27:51:176712,0
275.0811,343.9117,2:27:51:179718,0
276.2616,341.638,2:27:51:184728,0
277.3437,339.5392,2:27:51:187740,0
278.5488,337.2655,2:27:51:192713,0
279.631,335.1375,2:27:51:196773,0
280.6639,332.9513,2:27:51:199735,0
281.6968,330.765,2:27:51:203730,0
282.7789,328.6954,2:27:51:208757,0
283.984,326.4508,2:27:51:211776,0
285.1891,324.2063,2:27:51:216775,0
286.345,321.7577,2:27:51:219781,0
287.7469,319.5423,2:27:51:224777,0
289.0012,317.3269,2:27:51:227786,0
290.3784,315.1698,2:27:51:232776,0
291.9524,313.071,2:27:51:236772,0
293.1083,311.0888,2:27:51:240735,0
294.461,309.4564,2:27:51:243750,0
296.6498,308.0863,2:27:51:247752,0
296.6498,308.0863,2:27:51:266024,0
350.5347,274.0683,2:27:51:728550,0
351.1988,274.0683,2:27:51:732553,0
352.0103,274.0683,2:27:51:736596,0
352.0103,274.0683,2:27:51:740554,0
352.9203,274.0683,2:27:51:744548,0
352.9203,274.0683,2:27:51:748555,0
352.9203,274.0683,2:27:51:753237,0
352.9203,274.8845,2:27:51:756256,0
352.9203,274.8845,2:27:51:760257,0
351.6906,275.555,2:27:51:764256,0
350.1658,275.555,2:27:51:768256,0
348.7394,276.3128,2:27:51:772256,0
347.0424,276.3128,2:27:51:776255,0
345.2963,276.8084,2:27:51:780256,0
343.5009,276.8084,2:27:51:785074,0
341.8285,277.4206,2:27:51:788093,0
340.0332,277.4206,2:27:51:792093,0
338.287,277.7704,2:27:51:796093,0
336.5409,278.0035,2:27:51:800094,0
334.7947,278.0035,2:27:51:804093,0
333.1961,278.2659,2:27:51:808094,0
331.5483,278.4117,2:27:51:812091,0
329.8514,278.4699,2:27:51:817293,0
328.2282,278.5574,2:27:51:820311,0
326.6542,278.6448,2:27:51:824312,0
325.1048,278.674,2:27:51:828311,0
323.5554,278.674,2:27:51:832311,0
322.1535,278.674,2:27:51:836315,0
320.6779,278.674,2:27:51:840311,0
319.4236,278.674,2:27:51:844311,0
318.2431,278.674,2:27:51:848311,0
317.1856,278.674,2:27:51:852311,0
316.2756,277.8578,2:27:51:856594,0
315.464,277.8578,2:27:51:860316,0
314.7508,277.2748,2:27:51:863979,0
314.1852,277.2748,2:27:51:868017,0
313.7179,276.6335,2:27:51:871996,0
313.2014,276.6335,2:27:51:876003,0
312.8079,276.0505,2:27:51:879998,0
312.4636,276.0505,2:27:51:883998,0
312.1193,275.555,2:27:51:888645,0
311.8488,275.555,2:27:51:892665,0
311.652,275.2343,2:27:51:896663,0
311.4553,275.2343,2:27:51:900660,0
311.3323,274.972,2:27:51:905028,0
311.3077,274.8262,2:27:51:908075,0
311.3077,274.6805,2:27:51:912047,0
311.3077,274.5638,2:27:51:916070,0
311.3077,274.4472,2:27:51:920053,0
311.3077,274.3598,2:27:51:924047,0
311.3077,274.3015,2:27:51:928047,0
311.3077,274.2723,2:27:51:932055,0
311.3077,274.2723,2:27:51:936064,0
311.3077,274.2723,2:27:51:940902,0
311.3077,274.2723,2:27:51:943940,0
311.3077,274.2723,2:27:51:947921,0
310.619,274.2723,2:27:51:951921,0
310.619,274.972,2:27:51:955921,0
309.9059,274.972,2:27:51:959921,0
309.4632,274.972,2:27:51:964591,0
308.9959,275.6424,2:27:51:968611,0
308.504,275.6424,2:27:51:972480,0
307.9384,276.0797,2:27:51:976517,0
307.3973,276.0797,2:27:51:980585,0
306.807,276.4878,2:27:51:984587,0
306.1922,276.4878,2:27:51:988586,0
305.6019,276.8958,2:27:51:992587,0
305.0363,276.8958,2:27:51:996967,0
304.5198,277.2165,2:27:51:999986,0
304.1017,277.2165,2:27:52:003984,0
303.7082,277.508,2:27:52:007986,0
303.3639,277.508,2:27:52:011986,0
303.118,277.6829,2:27:52:015985,0
302.9458,277.712,2:27:52:019984,0
302.7491,277.7412,2:27:52:023986,0
302.6753,277.7704,2:27:52:028740,0
302.6261,277.7704,2:27:52:031760,0
302.6015,277.7704,2:27:52:036759,0
302.6015,277.7704,2:27:52:039760,0
302.6015,277.7704,2:27:52:043759,0
302.6015,277.7704,2:27:52:047760,0
302.6015,277.7704,2:27:52:051759,0
302.6015,277.7704,2:27:52:055785,0
302.6015,277.7704,2:27:52:060540,0
302.6015,277.7704,2:27:52:064556,0
302.6015,277.7704,2:27:52:068563,0
303.0688,277.7704,2:27:52:072559,0
303.0688,277.7704,2:27:52:076555,0
303.0688,277.7704,2:27:52:080561,0
303.0688,277.7704,2:27:52:084561,0
303.0688,277.7704,2:27:52:088562,0
303.0688,277.7704,2:27:52:092818,0
303.0688,277.7704,2:27:52:095842,0
303.0688,277.7704,2:27:52:100835,0
303.3393,277.7704,2:27:52:103837,0
303.3393,277.7704,2:27:52:107842,0
303.3393,277.7704,2:27:52:111837,0
303.3393,277.7704,2:27:52:115836,0
303.3393,277.7704,2:27:52:119842,0
303.3393,277.7704,2:27:52:124602,0
303.3393,277.7704,2:27:52:128617,0
303.3393,277.7704,2:27:52:132458,0
303.3393,277.7704,2:27:52:136473,0
303.3393,277.7704,2:27:52:140473,0
303.3393,277.7704,2:27:52:144473,0
303.3393,277.7704,2:27:52:148472,0
302.8966,277.7704,2:27:52:152472,0
302.8966,277.7704,2:27:52:156742,0
302.8966,277.7704,2:27:52:160271,0
302.8966,277.7704,2:27:52:164271,0
302.8966,277.7704,2:27:52:168271,0
302.8966,277.7704,2:27:52:172269,0
302.6015,277.7704,2:27:52:176270,0
302.6015,277.7704,2:27:52:180270,0
302.6015,277.7704,2:27:52:184297,0
302.4048,278.0327,2:27:52:188671,0
302.4048,278.0327,2:27:52:192199,0
302.2818,278.0327,2:27:52:196705,0
302.208,278.1784,2:27:52:199723,0
302.1588,278.1784,2:27:52:204724,0
302.085,278.2659,2:27:52:208719,0
302.0359,278.295,2:27:52:211729,0
301.9621,278.295,2:27:52:215723,0
301.8637,278.3242,2:27:52:220479,0
301.8145,278.3825,2:27:52:224511,0
301.6915,278.4117,2:27:52:228595,0
301.6177,278.4117,2:27:52:232610,0
301.4948,278.4408,2:27:52:236479,0
301.3718,278.5283,2:27:52:240292,0
301.2488,278.5574,2:27:52:245299,0
301.1505,278.6448,2:27:52:248296,0
301.0275,278.7032,2:27:52:252293,0
300.9045,278.7323,2:27:52:256473,0
300.8062,278.8198,2:27:52:260491,0
300.6832,278.8781,2:27:52:264486,0
300.5848,278.9655,2:27:52:268380,0
300.4619,279.0529,2:27:52:272525,0
300.3881,279.0821,2:27:52:276528,0
300.2405,279.1112,2:27:52:280530,0
300.1667,279.1404,2:27:52:284532,0
300.0683,279.1404,2:27:52:288530,0
299.97,279.1404,2:27:52:292728,0
299.8962,279.1404,2:27:52:295747,0
299.847,279.1404,2:27:52:299746,0
299.8224,279.1404,2:27:52:304746,0
299.7732,279.1404,2:27:52:307747,0
299.7732,279.1404,2:27:52:312743,0
299.7732,279.1404,2:27:52:316457,0
299.7732,279.1404,2:27:52:320472,0
299.7732,279.1404,2:27:52:324595,0
299.7732,279.1404,2:27:52:328614,0
299.7732,279.1404,2:27:52:332597,0
299.7732,278.674,2:27:52:336160,356
299.7732,278.674,2:27:52:340162,374
299.7732,278.674,2:27:52:344134,413
299.7732,278.674,2:27:52:348170,470
299.7732,278.674,2:27:52:352129,550
299.7732,278.674,2:27:52:356852,635
299.7732,278.3242,2:27:52:359870,713
299.7732,278.3242,2:27:52:363870,799
299.7732,278.3242,2:27:52:367873,882
299.7486,278.1201,2:27:52:371870,960
299.7486,278.1201,2:27:52:375870,1038
299.724,278.0035,2:27:52:379875,1122
299.724,277.9161,2:27:52:383871,1215
299.6994,277.8578,2:27:52:387870,1309
299.6994,277.7704,2:27:52:391871,1396
299.6994,277.712,2:27:52:395871,1468
299.6994,277.5955,2:27:52:399870,1547
299.6994,277.5663,2:27:52:404541,1632
299.6502,277.4789,2:27:52:408559,1745
299.6502,277.4206,2:27:52:412539,1858
299.6502,277.3331,2:27:52:415896,1949
299.6502,277.304,2:27:52:419931,2026
299.6502,277.2165,2:27:52:424896,2072
299.6502,277.1582,2:27:52:427923,2126
299.6502,277.0999,2:27:52:431896,2179
299.6502,277.0416,2:27:52:436679,2239
299.6502,276.9542,2:27:52:440693,2301
299.6502,276.8667,2:27:52:443697,2356
299.6502,276.7792,2:27:52:448697,2408
299.6502,276.6627,2:27:52:451696,2450
299.6502,276.5461,2:27:52:455698,2494
299.6502,276.4586,2:27:52:460582,2524
299.6502,276.342,2:27:52:464597,2555
299.6502,276.1379,2:27:52:468605,2589
299.6502,275.963,2:27:52:472596,2619
299.6502,275.7299,2:27:52:476600,2648
299.6502,275.5258,2:27:52:480601,2673
300.3389,275.2635,2:27:52:484748,2709
300.3389,274.972,2:27:52:487767,2742
301.0275,274.7096,2:27:52:491766,2780
301.4702,274.4472,2:27:52:496762,2819
301.9621,274.2141,2:27:52:500762,2836
302.5277,274.01,2:27:52:503766,2859
303.118,273.8643,2:27:52:508762,2887
303.6836,273.7477,2:27:52:511767,2916
304.1755,273.6602,2:27:52:516478,2951
304.7166,273.6602,2:27:52:520511,2980
305.2822,273.6602,2:27:52:524479,3010
305.7987,273.6602,2:27:52:528517,3045
306.3398,273.6602,2:27:52:531992,3089
306.8316,273.6602,2:27:52:536015,3133
307.3481,274.3598,2:27:52:540010,3168
307.84,274.3598,2:27:52:544011,3203
308.3073,275.0302,2:27:52:549010,3235
308.7745,275.0302,2:27:52:552011,3277
309.2172,275.9922,2:27:52:556749,3328
309.5861,276.5461,2:27:52:559767,3365
309.9305,277.1873,2:27:52:563770,3405
310.2256,277.887,2:27:52:568767,3443
310.4223,278.6448,2:27:52:572763,3476
310.619,279.4027,2:27:52:575767,3512
310.742,280.3064,2:27:52:579766,3543
310.8158,281.1517,2:27:52:584768,3570
310.8158,282.0845,2:27:52:588975,3594
310.8158,283.0465,2:27:52:592036,3612
310.8158,284.0376,2:27:52:596030,3628
310.8158,285.087,2:27:52:600030,3642
309.9059,286.1072,2:27:52:605085,3657
309.9059,287.1858,2:27:52:608109,3671
308.9959,288.1769,2:27:52:612100,3693
308.4548,289.2555,2:27:52:616101,3706
307.9384,290.334,2:27:52:620099,3720
307.3481,291.4417,2:27:52:625103,3732
306.7086,292.5203,2:27:52:628104,3736
306.0692,293.5988,2:27:52:632107,3745
305.3314,294.6482,2:27:52:636718,3751
304.6428,295.6976,2:27:52:640737,3754
303.9788,296.7762,2:27:52:644735,3753
303.2163,297.7381,2:27:52:648732,3753
302.4785,298.5834,2:27:52:652734,3753
301.8145,299.3705,2:27:52:656547,3755
301.2242,300.041,2:27:52:660544,3759
300.6586,300.6531,2:27:52:664544,3764
300.2159,301.1487,2:27:52:669061,3768
299.7732,301.4984,2:27:52:672084,3775
299.4289,301.7317,2:27:52:676091,3787
299.1584,301.9066,2:27:52:680538,3797
298.937,301.994,2:27:52:684556,3813
298.6911,301.994,2:27:52:688552,3830
298.4452,301.994,2:27:52:692556,3845
298.2238,301.994,2:27:52:696552,3864
298.0271,301.994,2:27:52:700556,3880
297.8549,301.0612,2:27:52:704552,3892
297.6827,301.0612,2:27:52:708552,3900
297.5844,300.1867,2:27:52:712541,3901
297.5106,299.662,2:27:52:716556,3903
297.4614,299.1082,2:27:52:720578,3905
297.4614,298.5543,2:27:52:724556,3904
297.4614,298.0005,2:27:52:728569,3905
297.4614,297.4466,2:27:52:732556,3903
297.4614,296.9802,2:27:52:736557,3902
298.1254,296.5429,2:27:52:740557,3905
298.1254,296.1931,2:27:52:744555,3902
298.6665,295.8725,2:27:52:748628,3903
298.6665,295.581,2:27:52:752626,3903
299.183,295.377,2:27:52:756625,3898
299.5519,295.2603,2:27:52:760628,3901
299.97,295.1729,2:27:52:763632,3900
300.4373,295.1729,2:27:52:767632,3896
301.0029,295.1729,2:27:52:772632,3900
301.6669,295.1729,2:27:52:776689,3904
302.3802,295.1729,2:27:52:780708,3908
303.2163,295.96,2:27:52:784705,3917
304.1755,295.96,2:27:52:788777,3919
305.1838,296.7762,2:27:52:791799,3923
306.2168,296.7762,2:27:52:795796,3925
307.2743,297.6506,2:27:52:799798,3924
308.4056,297.6506,2:27:52:803800,3925
309.5369,298.5543,2:27:52:807794,3927
310.6928,298.5543,2:27:52:812540,3930
311.8979,299.2539,2:27:52:816074,3934
313.1276,299.2539,2:27:52:820482,3941
314.3573,299.6328,2:27:52:824614,3946
315.6116,299.6328,2:27:52:828614,3952
316.8905,299.6328,2:27:52:832615,3962
318.2185,299.6328,2:27:52:836615,3970
319.4974,299.6328,2:27:52:840633,3981
320.8009,298.8458,2:27:52:844092,3994
322.0305,298.8458,2:27:52:848111,4003
323.2111,297.8547,2:27:52:852110,4007
324.367,297.2426,2:27:52:856132,4010
325.4491,296.5721,2:27:52:861110,4008
326.482,295.8434,2:27:52:865110,4002
327.4658,295.0563,2:27:52:868110,4006
328.3266,294.2984,2:27:52:873111,4009
329.089,293.4822,2:27:52:876111,4016
329.7776,292.666,2:27:52:880115,4025
330.3924,291.8206,2:27:52:884111,4047
330.9581,290.917,2:27:52:888115,4072
331.4254,290.0717,2:27:52:892110,4097
331.8189,289.1389,2:27:52:896689,4123
332.114,288.2061,2:27:52:899713,4136
332.3599,287.2149,2:27:52:903712,4146
332.5813,286.1072,2:27:52:907713,4157
332.7043,284.9995,2:27:52:911708,4164
332.778,283.8627,2:27:52:915708,4168
332.778,282.5801,2:27:52:920474,4171
332.778,281.3267,2:27:52:923737,4170
332.778,280.0149,2:27:52:928856,4171
332.2124,278.6448,2:27:52:931875,4173
332.2124,277.2165,2:27:52:935879,4170
331.6959,275.8464,2:27:52:939874,4174
331.6959,274.4764,2:27:52:945073,4186
331.1302,273.1646,2:27:52:948124,4204
331.1302,271.882,2:27:52:952127,4232
330.5154,270.716,2:27:52:956127,4274
330.5154,269.6083,2:27:52:960123,4321
329.9989,268.6464,2:27:52:964142,4381
329.9989,267.8302,2:27:52:968126,4455
329.4579,267.0432,2:27:52:972127,4530
329.2365,266.4601,2:27:52:976540,4597
329.2365,265.9355,2:27:52:980560,4657
328.9906,265.5273,2:27:52:984542,4707
328.9906,265.2358,2:27:52:988560,4743
328.843,265.0318,2:27:52:992560,4773
328.843,264.886,2:27:52:996561,4792
328.843,264.8278,2:27:53:000561,4799
328.843,264.8278,2:27:53:004557,4798
328.843,264.7986,2:27:53:008568,4794
328.843,264.7986,2:27:53:012477,4789
328.843,264.7986,2:27:53:016492,4783
328.843,264.7986,2:27:53:020492,4778
328.843,264.7986,2:27:53:024492,4778
328.843,265.8188,2:27:53:028497,4778
329.3595,265.8188,2:27:53:032492,4780
329.3595,267.1598,2:27:53:036497,4811
329.9006,268.1217,2:27:53:040547,4860
329.9006,269.2003,2:27:53:044565,4924
330.6384,270.3662,2:27:53:048561,5009
331.1057,271.678,2:27:53:052566,5083
331.6467,272.9606,2:27:53:056564,5153
332.1632,274.3015,2:27:53:060570,5223
332.778,275.6424,2:27:53:064570,5282
333.3191,276.9542,2:27:53:068567,5341
333.9831,278.3242,2:27:53:072475,5395
334.598,279.636,2:27:53:076496,5434
335.2374,280.9185,2:27:53:080496,5464
335.8277,282.1429,2:27:53:084855,5478
336.3195,283.338,2:27:53:087873,5483
336.7622,284.504,2:27:53:091874,5495
337.2295,285.5826,2:27:53:096873,5499
337.6476,286.6611,2:27:53:099905,5506
338.0165,287.6522,2:27:53:103873,5507
338.3608,288.585,2:27:53:107872,5508
338.7051,289.4012,2:27:53:111873,5515
338.9756,290.2174,2:27:53:115874,5512
339.32,290.9461,2:27:53:120496,5505
339.6151,291.6749,2:27:53:124446,5480
339.8856,292.287,2:27:53:128446,5420
340.1808,292.8409,2:27:53:132444,5305
340.4267,293.3365,2:27:53:136447,5124
340.648,293.8029,2:27:53:140446,4886
340.894,294.2984,2:27:53:144466,4607
341.1153,294.619,2:27:53:148467,4284
341.2629,294.9106,2:27:53:152466,3910
341.4842,295.2312,2:27:53:157379,3481
341.6318,295.4644,2:27:53:160395,2979
341.8039,295.6976,2:27:53:164398,2368
341.9269,295.8725,2:27:53:168399,1649
342.0499,296.0182,2:27:53:172398,960
342.0991,296.1349,2:27:53:176398,420
342.1974,296.3389,2:27:53:180674,0
342.2712,296.5429,2:27:53:184691,0
342.2958,296.747,2:27:53:187715,0
342.3204,296.9219,2:27:53:192691,0
342.3204,297.1842,2:27:53:196689,0
342.3204,297.4757,2:27:53:200693,0
342.3204,297.7672,2:27:53:203736,0
342.3204,298.117,2:27:53:207760,0
342.3204,298.4669,2:27:53:211760,0
342.3204,298.8167,2:27:53:216633,0
342.3204,299.1664,2:27:53:220652,0
342.3204,299.5746,2:27:53:224652,0
342.3204,299.9826,2:27:53:228652,0
342.3204,300.3616,2:27:53:232889,0
342.3204,300.7405,2:27:53:235907,0
342.8861,301.0612,2:27:53:240902,0
342.8861,301.411,2:27:53:243907,0
342.8861,301.7025,2:27:53:248533,0
343.3042,301.9648,2:27:53:251928,0
343.3042,302.1689,2:27:53:255926,0
343.3042,302.4021,2:27:53:259928,0
343.3042,302.6353,2:27:53:264926,0
343.5747,302.8394,2:27:53:267927,0
343.5747,303.0725,2:27:53:271927,0
343.5747,303.2474,2:27:53:275929,0
343.5747,303.4807,2:27:53:279926,0
343.5747,303.6555,2:27:53:283931,0
343.5747,303.8888,2:27:53:288773,0
343.5747,304.0928,2:27:53:291802,0
342.9598,304.326,2:27:53:296786,0
342.9598,304.5009,2:27:53:299790,0
342.3942,304.7632,2:27:53:304787,0
342.3942,305.0547,2:27:53:307791,0
341.8039,305.3463,2:27:53:312792,0
341.4596,305.7252,2:27:53:315790,0
341.1399,306.075,2:27:53:319796,0
340.8202,306.4248,2:27:53:324837,0
340.5497,306.8912,2:27:53:327858,0
340.5497,307.3576,2:27:53:332859,0
340.3037,307.8531,2:27:53:336859,0
340.3037,308.3195,2:27:53:339856,0
340.3037,308.8442,2:27:53:343855,0
340.3037,309.2815,2:27:53:348955,0
341.0169,309.777,2:27:53:351973,0
341.0169,310.2143,2:27:53:355978,0
341.6318,310.6516,2:27:53:360973,0
341.6318,311.0305,2:27:53:363973,0
341.6318,311.3803,2:27:53:367978,0
341.6318,311.7301,2:27:53:372700,0
341.6318,312.0508,2:27:53:376263,0
341.6318,312.4005,2:27:53:380239,0
341.6318,312.692,2:27:53:384298,0
340.6726,312.9544,2:27:53:388299,0
340.6726,313.1584,2:27:53:392298,0
339.8856,313.3333,2:27:53:396382,0
339.8856,313.4208,2:27:53:400298,0
339.8856,313.4208,2:27:53:404298,0
339.8856,313.4208,2:27:53:408298,0
339.8856,313.4208,2:27:53:412429,0
339.8856,313.4208,2:27:53:415960,0
340.894,312.5463,2:27:53:419960,0
341.5088,312.5463,2:27:53:423961,0
342.222,311.7301,2:27:53:427959,0
342.9598,311.7301,2:27:53:431960,0
343.6485,310.8264,2:27:53:435960,0
344.3125,310.8264,2:27:53:439960,0
344.9273,310.0394,2:27:53:444689,0
345.4438,310.0394,2:27:53:447712,0
345.9357,309.3981,2:27:53:452709,0
346.3292,309.3981,2:27:53:455709,0
346.5997,308.99,2:27:53:460705,0
346.8211,308.99,2:27:53:463709,0
346.8211,308.99,2:27:53:467708,0
346.9686,308.99,2:27:53:472709,0
346.9686,308.99,2:27:53:477059,0
346.9686,308.99,2:27:53:480077,0
346.9686,308.99,2:27:53:484078,0
346.9686,308.99,2:27:53:488097,0
346.4521,308.99,2:27:53:492081,0
346.4521,308.99,2:27:53:496082,0
346.4521,308.99,2:27:53:500077,0
346.4521,308.99,2:27:53:504599,0
346.0095,308.99,2:27:53:508617,0
346.0095,308.99,2:27:53:512754,0
346.0095,308.99,2:27:53:515772,0
346.0095,308.99,2:27:53:520775,0
346.0095,308.99,2:27:53:524776,0
346.0095,308.99,2:27:53:527776,0
346.0095,308.99,2:27:53:531774,0
346.0095,308.99,2:27:53:536679,0
346.7227,308.99,2:27:53:540699,0
346.7227,308.99,2:27:53:544699,0
347.19,308.4362,2:27:53:548694,0
347.19,308.4362,2:27:53:551695,0
347.6327,308.4362,2:27:53:556709,0
347.6327,308.4362,2:27:53:560720,0
347.977,308.028,2:27:53:563720,0
347.977,308.028,2:27:53:569069,0
347.977,308.028,2:27:53:572087,0
348.2229,307.7365,2:27:53:576087,0
348.2229,307.7365,2:27:53:581092,0
348.2229,307.7365,2:27:53:584089,0
348.2229,307.6199,2:27:53:588092,1182
348.2229,307.6199,2:27:53:592087,1213
348.2229,307.6199,2:27:53:597099,1298
348.2229,307.6199,2:27:53:600139,1436
348.2229,307.6199,2:27:53:604111,1619
348.2229,307.6199,2:27:53:608785,1805
348.2229,307.6199,2:27:53:611809,1977
347.7065,307.6199,2:27:53:615804,2121
347.7065,307.6199,2:27:53:620865,2241
347.2638,307.6199,2:27:53:624860,2343
346.944,308.2904,2:27:53:627863,2416
346.5751,308.2904,2:27:53:632864,2476
346.1324,308.2904,2:27:53:636868,2531
345.6406,308.9026,2:27:53:640867,2583
345.0995,308.9026,2:27:53:644492,2638
344.5338,309.3106,2:27:53:648468,2688
344.0174,309.3106,2:27:53:652467,2728
343.4763,309.6313,2:27:53:656483,2774
342.9598,309.6313,2:27:53:660878,2812
342.4434,309.6313,2:27:53:664897,2862
341.9761,309.6313,2:27:53:667897,2915
341.5826,309.6313,2:27:53:672898,2958
341.1891,309.6313,2:27:53:675897,3001
340.894,309.6313,2:27:53:679896,3029
340.5988,308.9608,2:27:53:684853,3048
340.3775,308.9608,2:27:53:687876,3059
340.2299,308.2029,2:27:53:691876,3064
340.1808,308.2029,2:27:53:696872,3070
340.1808,307.3867,2:27:53:700876,3079
340.1808,306.9495,2:27:53:703877,3085
340.1808,306.5122,2:27:53:708218,3093
340.1808,306.075,2:27:53:712134,3108
340.771,305.6086,2:27:53:716138,3133
340.771,305.2005,2:27:53:720138,3170
341.3858,304.7924,2:27:53:724133,3218
341.3858,304.4717,2:27:53:728133,3266
342.1974,304.1802,2:27:53:732138,3308
342.6893,303.9471,2:27:53:736134,3351
343.2304,303.8013,2:27:53:740149,3390
343.8206,303.6847,2:27:53:744362,3425
344.4109,303.6847,2:27:53:748402,3452
345.0749,303.6847,2:27:53:752381,3502
345.7635,303.6847,2:27:53:756381,3547
346.4521,304.4426,2:27:53:760382,3588
347.0916,304.4426,2:27:53:764381,3632
347.7556,305.4045,2:27:53:768381,3651
348.4196,305.9875,2:27:53:772381,3674
349.0099,306.658,2:27:53:776401,3700
349.5756,307.445,2:27:53:780741,3730
350.0674,308.2029,2:27:53:783768,3762
350.5101,309.0483,2:27:53:787785,3791
350.879,309.9811,2:27:53:794127,3826
351.1988,310.9139,2:27:53:796133,3858
351.4201,311.8467,2:27:53:800128,3893
351.5677,312.8087,2:27:53:804161,3926
351.6414,313.7706,2:27:53:808128,3958
351.6414,314.7325,2:27:53:812154,3989
351.6414,315.6945,2:27:53:816134,4014
351.6414,316.569,2:27:53:820851,4032
350.9528,317.4435,2:27:53:823869,4045
350.9528,318.2306,2:27:53:827871,4055
349.9445,319.0176,2:27:53:831873,4065
349.2558,319.7755,2:27:53:835870,4078
348.4688,320.4751,2:27:53:839869,4090
347.5835,321.1455,2:27:53:843870,4098
346.5751,321.7285,2:27:53:848517,4106
345.4684,322.3116,2:27:53:852571,4111
344.2633,322.8654,2:27:53:856532,4114
343.009,323.361,2:27:53:860531,4123
341.7056,323.769,2:27:53:864537,4134
340.3037,324.0897,2:27:53:868535,4147
338.951,324.3812,2:27:53:872531,4168
337.5738,324.6144,2:27:53:876539,4199
336.2704,324.7602,2:27:53:880539,4230
335.0898,324.8476,2:27:53:884538,4257
334.0077,324.8476,2:27:53:888430,4281
333.0732,324.8476,2:27:53:892453,4289
332.3354,324.8476,2:27:53:896449,4295
331.6959,324.8476,2:27:53:900448,4301
331.204,324.2063,2:27:53:904834,4302
330.8351,324.2063,2:27:53:907849,4302
330.54,323.6524,2:27:53:911849,4299
330.3679,323.6524,2:27:53:915849,4288
330.2449,323.0986,2:27:53:919849,4271
330.1465,323.0986,2:27:53:923853,4225
330.0727,322.5447,2:27:53:928663,4126
330.0727,322.5447,2:27:53:931701,3958
330.0727,321.9034,2:27:53:935684,3705
330.0727,321.5828,2:27:53:939680,3381
330.0727,321.233,2:27:53:944922,2992
330.8351,320.9124,2:27:53:947940,2535
330.8351,320.5334,2:27:53:951939,1950
331.7697,320.0962,2:27:53:955940,1287
332.4337,319.5714,2:27:53:960577,701
333.1223,319.0176,2:27:53:964592,260
333.9339,318.4055,2:27:53:968593,0
334.9423,317.6767,2:27:53:972592,0
336.049,316.8314,2:27:53:976597,0
337.2541,315.8402,2:27:53:980601,0
338.533,314.7325,2:27:53:984857,0
339.9102,313.5082,2:27:53:987884,0
341.3858,312.1674,2:27:53:991875,0
342.9844,310.6807,2:27:53:995874,0
344.6076,309.0191,2:27:53:999880,0
346.2554,307.241,2:27:54:003899,0
348.0508,305.3463,2:27:54:008536,0
349.9199,303.3349,2:27:54:012554,0
351.8874,301.1778,2:27:54:016798,0
353.9041,299.079,2:27:54:019817,0
355.9699,296.8344,2:27:54:023821,0
358.0604,294.619,2:27:54:027816,0
360.1263,292.4328,2:27:54:031813,0
362.1922,290.334,2:27:54:035816,0
364.1351,288.2935,2:27:54:040470,0
365.9796,286.3696,2:27:54:044489,0
367.652,284.5623,2:27:54:048746,0
369.1768,282.8424,2:27:54:051765,0
370.6032,281.2683,2:27:54:056763,0
371.8821,279.8109,2:27:54:059769,0
372.9888,278.4699,2:27:54:063765,0
373.9972,277.1873,2:27:54:067764,0
374.8333,276.0505,2:27:54:071765,0
375.5958,274.972,2:27:54:075784,0
376.2106,274.01,2:27:54:080533,0
376.7516,273.0772,2:27:54:084551,0
377.2189,272.2318,2:27:54:088541,0
377.5633,271.3865,2:27:54:091794,0
377.8338,270.6286,2:27:54:095789,0
378.0797,269.8998,2:27:54:099789,0
378.3503,269.2003,2:27:54:104789,0
378.547,268.5006,2:27:54:107789,0
378.8175,267.8302,2:27:54:111800,0
379.0143,267.1598,2:27:54:117371,0
379.2356,266.4893,2:27:54:120370,0
379.5062,265.9063,2:27:54:124370,0
379.7029,265.2942,2:27:54:128380,0
379.9734,264.682,2:27:54:132370,0
380.1702,264.0699,2:27:54:136367,0
380.3915,263.4577,2:27:54:140759,0
380.5637,262.9038,2:27:54:143758,0
380.7358,262.2625,2:27:54:148759,0
380.8588,261.6795,2:27:54:151759,0
380.9818,261.0382,2:27:54:156845,953
381.0802,260.3678,2:27:54:159882,987
381.1539,259.7848,2:27:54:163864,1116
381.2031,259.1143,2:27:54:167868,1297
381.2523,258.5022,2:27:54:171868,1545
381.2769,257.8318,2:27:54:175864,1815
381.3015,257.1905,2:27:54:179864,2058
381.3261,256.5783,2:27:54:184445,2313
381.3753,256.0536,2:27:54:188475,2549
381.3753,255.6163,2:27:54:192752,2777
381.3753,255.2083,2:27:54:195771,2978
381.3999,254.8584,2:27:54:199771,3171
381.4245,254.6835,2:27:54:204016,3368
381.4737,254.5378,2:27:54:208046,3562
381.4983,254.4503,2:27:54:212046,3742
381.4983,254.4212,2:27:54:216277,3872
381.4983,254.4212,2:27:54:220187,3959
381.4983,254.4212,2:27:54:224181,4001
381.4983,254.4212,2:27:54:228200,4016
381.4983,254.4212,2:27:54:232180,4021
381.4983,254.4212,2:27:54:236181,4033
381.4983,254.4212,2:27:54:240762,4080
381.4983,254.4212,2:27:54:243781,4137
381.4983,255.558,2:27:54:247805,4212
382.0639,256.3159,2:27:54:252473,4284
382.0639,257.3362,2:27:54:256784,4337
382.6541,258.5605,2:27:54:260779,4390
382.6541,260.0763,2:27:54:264787,4436
383.4412,261.8253,2:27:54:267784,4482
383.8593,263.7201,2:27:54:272783,4521
384.3265,265.7022,2:27:54:276604,4553
384.7938,267.7136,2:27:54:280625,4580
385.2365,269.7832,2:27:54:284619,4597
385.7038,271.8238,2:27:54:288478,4602
386.1465,273.7768,2:27:54:292489,4606
386.5891,275.7299,2:27:54:296490,4616
387.0318,277.5955,2:27:54:300500,4627
387.45,279.3736,2:27:54:304507,4639
387.868,281.0352,2:27:54:308511,4649
388.2615,282.6675,2:27:54:312642,4654
388.6796,284.1833,2:27:54:316660,4660
389.0485,285.6408,2:27:54:320662,4659
389.3929,287.0109,2:27:54:324659,4667
389.7372,288.2643,2:27:54:328662,4668
390.0323,289.4012,2:27:54:332661,4667
390.2782,290.4797,2:27:54:336587,4676
390.5242,291.4709,2:27:54:340606,4676
390.6963,292.3162,2:27:54:344606,4676
390.9177,293.1032,2:27:54:348715,4677
391.0898,293.7445,2:27:54:352715,4679
391.1882,294.2401,2:27:54:356717,4680
391.3112,294.7065,2:27:54:360716,4685
391.3604,295.0563,2:27:54:364712,4686
391.4341,295.2895,2:27:54:367716,4685
391.4587,295.4352,2:27:54:372738,4687
391.4833,295.5227,2:27:54:375769,4693
391.4833,295.5518,2:27:54:379750,4701
391.4833,295.5518,2:27:54:384794,4702
391.4833,295.5518,2:27:54:387813,4709
391.4833,295.5518,2:27:54:391818,4710
391.4833,295.5518,2:27:54:396735,4708
391.4833,294.7357,2:27:54:399756,4714
391.4833,294.7357,2:27:54:403756,4707
391.4833,293.7737,2:27:54:408611,4701
391.4833,293.249,2:27:54:412630,4703
391.4833,292.666,2:27:54:416632,4695
390.9914,291.9955,2:27:54:420630,4689
390.9914,291.2085,2:27:54:424634,4687
390.5242,290.4506,2:27:54:428632,4677
390.5242,289.6344,2:27:54:432676,4678
389.9339,288.7891,2:27:54:436670,4678
389.4912,287.8854,2:27:54:440670,4668
389.0485,286.8943,2:27:54:444669,4654
388.5567,285.8449,2:27:54:447669,4627
388.0156,284.8246,2:27:54:452669,4602
387.4008,283.7752,2:27:54:455842,4573
386.7367,282.755,2:27:54:460860,4548
385.9989,281.6765,2:27:54:464860,4524
385.1873,280.5979,2:27:54:467861,4497
384.3019,279.5485,2:27:54:471865,4471
383.3428,278.4699,2:27:54:475864,4445
382.3098,277.4497,2:27:54:479872,4425
381.2769,276.4878,2:27:54:483860,4407
380.1456,275.5258,2:27:54:487860,4390
379.0143,274.593,2:27:54:491859,4371
377.8092,273.7185,2:27:54:495848,4348
376.5549,272.9023,2:27:54:499885,4325
375.3498,272.2027,2:27:54:503884,4310
374.1447,271.5323,2:27:54:507888,4299
372.9396,270.9784,2:27:54:511884,4294
371.7837,270.4828,2:27:54:515885,4290
370.6524,270.1622,2:27:54:520517,4287
369.6195,269.929,2:27:54:524538,4280
368.6357,269.8124,2:27:54:528538,4276
367.7503,269.8124,2:27:54:532193,4278
366.9142,269.8124,2:27:54:536195,4276
366.1272,269.8124,2:27:54:540194,4276
365.4139,270.716,2:27:54:544193,4278
364.7499,270.716,2:27:54:548194,4274
364.1351,271.8529,2:27:54:552218,4274
363.594,272.5525,2:27:54:555816,4278
363.2251,273.3687,2:27:54:560834,4276
362.8808,274.2723,2:27:54:563834,4274
362.5857,275.2343,2:27:54:568361,4270
362.4135,276.2254,2:27:54:572381,4268
362.3151,277.2748,2:27:54:576374,4269
362.2413,278.295,2:27:54:580435,4269
362.2413,279.3445,2:27:54:584466,4273
362.2413,280.3647,2:27:54:588458,4273
362.2413,281.3267,2:27:54:592498,4276
362.2413,282.2595,2:27:54:596503,4280
363.0284,283.1339,2:27:54:600502,4282
363.0284,283.9501,2:27:54:604498,4292
363.9383,284.6789,2:27:54:608502,4292
364.504,285.3202,2:27:54:612498,4293
365.1926,285.8741,2:27:54:617180,4296
365.9058,286.3696,2:27:54:620226,4298
366.742,286.7485,2:27:54:624198,4305
367.652,287.0109,2:27:54:629197,4314
368.5865,287.1566,2:27:54:632196,4317
369.5703,287.1566,2:27:54:636194,4320
370.6524,287.1566,2:27:54:640196,4323
371.7591,287.1566,2:27:54:644198,4322
372.8658,287.1566,2:27:54:648198,4326
374.0218,286.1072,2:27:54:652579,4325
375.1285,286.1072,2:27:54:656598,4327
376.2106,285.1161,2:27:54:659598,4328
377.2681,285.1161,2:27:54:664196,4330
378.2765,284.0376,2:27:54:668211,4328
379.1864,283.4837,2:27:54:672212,4328
379.998,282.9882,2:27:54:676214,4328
380.785,282.5218,2:27:54:680219,4324
381.4245,282.1137,2:27:54:684531,4325
382.0147,281.7056,2:27:54:688553,4320
382.5312,281.3849,2:27:54:692548,4321
382.9247,281.0352,2:27:54:696552,4323
383.2444,280.7728,2:27:54:700531,4315
383.5149,280.5688,2:27:54:704550,4314
383.7855,280.3355,2:27:54:708546,4280
384.0314,280.1024,2:27:54:712546,4184
384.2527,279.9275,2:27:54:716555,4029
384.4495,279.7817,2:27:54:720385,3784
384.6462,279.6068,2:27:54:724391,3473
384.843,279.4319,2:27:54:728386,3113
385.0152,279.2862,2:27:54:732386,2693
385.2611,279.1404,2:27:54:736400,2145
385.5316,278.9947,2:27:54:740386,1507
385.8022,278.8489,2:27:54:744293,881
386.1219,278.6448,2:27:54:748219,383
386.4908,278.3825,2:27:54:752220,0
386.9335,278.1201,2:27:54:756078,0
387.4254,277.7704,2:27:54:760088,0
387.991,277.4206,2:27:54:764184,0
388.6058,277.0125,2:27:54:768206,0
389.2945,276.5169,2:27:54:772208,0
390.0323,275.9922,2:27:54:776212,0
390.7701,275.4384,2:27:54:780853,0
391.5817,274.8553,2:27:54:783876,0
392.4179,274.1849,2:27:54:787870,0
393.3279,273.4561,2:27:54:791874,0
394.3608,272.6691,2:27:54:795870,0
395.3199,271.8238,2:27:54:799871,0
396.3529,270.9784,2:27:54:804535,0
397.3858,270.0456,2:27:54:808558,0
398.4433,269.0836,2:27:54:812550,0
399.4763,268.1217,2:27:54:816593,0
400.4109,267.0723,2:27:54:820542,0
401.3208,266.0812,2:27:54:824584,0
402.1078,265.0901,2:27:54:828572,0
402.8702,264.1281,2:27:54:832573,0
403.4851,263.1079,2:27:54:836573,0
404.0261,262.1459,2:27:54:840568,0
404.4196,261.2715,2:27:54:844470,0
404.6656,260.3678,2:27:54:848227,0
404.8623,259.5516,2:27:54:852227,0
404.8869,258.7937,2:27:54:856228,0
404.8869,258.0358,2:27:54:860538,0
404.8869,257.3362,2:27:54:864559,0
404.8869,256.6657,2:27:54:868556,0
404.1983,256.0828,2:27:54:872560,0
404.1983,255.6163,2:27:54:876564,0
403.5834,255.0625,2:27:54:880560,0
403.5834,254.4795,2:27:54:884566,0
403.0178,253.9839,2:27:54:888556,1404
403.0178,253.4592,2:27:54:892752,1456
403.0178,252.9637,2:27:54:895774,1563
402.5997,252.4973,2:27:54:899768,1709
402.5997,251.9726,2:27:54:903769,1903
402.5997,251.4479,2:27:54:908531,2092
402.5997,250.9815,2:27:54:912546,2267
402.5997,250.5734,2:27:54:916549,2426
403.2883,250.1653,2:27:54:920546,2557
403.2883,249.7863,2:27:54:924549,2659
404.0753,249.4657,2:27:54:928555,2743
404.5672,249.1159,2:27:54:932550,2827
405.1574,248.9118,2:27:54:936554,2899
405.7969,248.6786,2:27:54:940535,2957
406.4609,248.5329,2:27:54:944555,2992
407.0757,248.4454,2:27:54:948225,3007
407.7398,248.4454,2:27:54:952240,3041
408.3546,248.4454,2:27:54:956241,3100
408.9695,248.4454,2:27:54:960240,3178
409.5843,249.4948,2:27:54:964242,3266
410.1254,250.1362,2:27:54:968240,3344
410.6418,250.894,2:27:54:972586,3406
411.1091,251.8268,2:27:54:976605,3455
411.5518,252.9054,2:27:54:980605,3500
411.8961,254.1297,2:27:54:984577,3535
412.1913,255.4998,2:27:54:988579,3565
412.388,256.899,2:27:54:992579,3595
412.511,258.4147,2:27:54:996587,3622
412.5356,259.9305,2:27:55:000579,3646
412.5356,261.5338,2:27:55:004579,3666
412.5356,263.1662,2:27:55:008579,3685
412.5356,264.682,2:27:55:012579,3708
411.724,266.1104,2:27:55:016575,3727
411.724,267.5387,2:27:55:020572,3746
410.8632,268.8213,2:27:55:024571,3763
410.3221,270.0164,2:27:55:028574,3770
409.7073,271.1241,2:27:55:032577,3779
409.0432,272.0861,2:27:55:037035,3789
408.3792,272.9023,2:27:55:040054,3794
407.7398,273.631,2:27:55:044054,3799
407.1495,274.2141,2:27:55:048053,3803
406.6085,274.6805,2:27:55:052054,3805
406.1658,275.0302,2:27:55:056054,3811
405.7969,275.2635,2:27:55:061055,3820
405.5017,275.4092,2:27:55:064036,3827
405.305,275.4384,2:27:55:068036,3837
405.1328,275.4384,2:27:55:072036,3843
405.0345,275.4384,2:27:55:076583,3845
404.9607,275.4384,2:27:55:080602,3849
404.8869,275.4384,2:27:55:085051,3848
404.8869,275.4384,2:27:55:088063,3850
404.8623,275.4384,2:27:55:092068,3849
404.8623,274.7679,2:27:55:096396,3846
404.8623,274.7679,2:27:55:100395,3844
404.8623,274.7679,2:27:55:106395,3841
404.8623,274.7679,2:27:55:108395,3838
405.4526,274.7679,2:27:55:112396,3838
405.4526,274.7679,2:27:55:116427,3842
406.1412,274.7679,2:27:55:120395,3849
406.5839,274.7679,2:27:55:124773,3868
407.1003,274.7679,2:27:55:128302,3889
407.6906,275.6424,2:27:55:132529,3913
408.33,275.6424,2:27:55:136060,3937
408.9695,276.5461,2:27:55:140060,3950
409.6581,277.0707,2:27:55:144075,3963
410.3467,277.6246,2:27:55:148074,3973
411.0353,278.1784,2:27:55:152076,3977
411.724,278.7032,2:27:55:155935,3983
412.388,279.257,2:27:55:159954,3989
413.0766,279.7526,2:27:55:164193,3990
413.7653,280.2481,2:27:55:168102,3991
414.4539,280.7145,2:27:55:172471,3992
415.0687,281.1517,2:27:55:176491,3986
415.7082,281.5307,2:27:55:180490,3980
416.2984,281.8513,2:27:55:184486,3979
416.8886,282.172,2:27:55:188471,3956
417.4543,282.4344,2:27:55:192511,3889
417.9462,282.5801,2:27:55:196507,3763
418.4135,282.6967,2:27:55:200512,3555
418.8316,282.7841,2:27:55:204864,3276
419.2005,282.7841,2:27:55:208882,2935
419.5694,282.7841,2:27:55:211879,2511
419.8891,282.7841,2:27:55:215881,1975
420.2334,282.7841,2:27:55:220878,1365
420.5777,282.0845,2:27:55:223884,780
420.922,282.0845,2:27:55:227883,337
421.2909,281.1809,2:27:55:231883,0
421.6844,281.1809,2:27:55:236756,0
422.1025,280.044,2:27:55:240773,0
422.496,279.2862,2:27:55:243774,0
422.9387,278.4699,2:27:55:247792,0
423.3568,277.5955,2:27:55:251821,0
423.7011,276.6918,2:27:55:255791,0
424.0454,275.7881,2:27:55:260790,0
424.4143,274.7679,2:27:55:263792,0
424.7833,273.6602,2:27:55:268527,0
425.2014,272.5233,2:27:55:272541,0
425.5948,271.3865,2:27:55:276541,0
426.0129,270.1622,2:27:55:280541,0
426.3818,268.9088,2:27:55:284470,0
426.7753,267.5678,2:27:55:288484,0
427.1935,266.1978,2:27:55:292484,0
427.5378,264.8569,2:27:55:296489,0
427.7591,263.4868,2:27:55:300484,0
427.9804,262.1459,2:27:55:304485,0
428.128,260.7467,2:27:55:309392,0
428.2264,259.3475,2:27:55:312408,0
428.2264,258.0941,2:27:55:316408,0
428.2264,256.8406,2:27:55:320409,0
428.2264,255.6747,2:27:55:324409,0
428.2264,254.5378,2:27:55:328528,0
427.5378,253.4884,2:27:55:332542,0
427.5378,252.4973,2:27:55:336467,0
426.7753,251.5645,2:27:55:340484,0
426.7753,250.7483,2:27:55:344481,0
426.0129,249.9321,2:27:55:348485,0
426.0129,249.2325,2:27:55:352486,0
425.3489,248.5329,2:27:55:356483,0
425.3489,247.8624,2:27:55:360841,0
424.8078,247.2794,2:27:55:364876,1918
424.8078,246.7256,2:27:55:367861,1992
424.4635,246.23,2:27:55:371859,2132
424.4635,245.8802,2:27:55:376858,2335
424.2422,245.5013,2:27:55:379859,2601
424.2422,245.1515,2:27:55:383860,2847
424.0946,244.9474,2:27:55:387870,3073
424.0946,244.8017,2:27:55:391860,3263
424.0454,244.7142,2:27:55:395859,3403
424.0454,244.6851,2:27:55:400527,3492
424.0454,244.6851,2:27:55:404541,3571
424.0454,244.6851,2:27:55:408544,3670
424.0454,244.6851,2:27:55:412540,3804
424.0454,244.6851,2:27:55:416931,3971
424.8078,244.6851,2:27:55:419949,4137
424.8078,245.6762,2:27:55:423949,4297
425.8162,245.6762,2:27:55:427954,4436
426.5048,246.8422,2:27:55:432599,4569
427.2426,247.6001,2:27:55:436618,4692
428.1034,248.5329,2:27:55:440617,4802
429.038,249.5823,2:27:55:444615,4911
429.9479,250.6026,2:27:55:448618,5024
430.8333,251.856,2:27:55:452613,5144
431.7433,253.2843,2:27:55:456618,5259
432.6287,254.8002,2:27:55:460614,5353
433.4894,256.4326,2:27:55:464621,5414
434.2764,258.1524,2:27:55:468614,5456
435.0634,259.9305,2:27:55:472594,5473
435.8012,261.8253,2:27:55:476610,5486
436.4653,263.7784,2:27:55:480609,5501
437.0801,265.6731,2:27:55:484609,5507
437.6458,267.4804,2:27:55:488834,5509
438.1869,269.1419,2:27:55:492852,5518
438.6295,270.7452,2:27:55:496852,5522
439.0476,272.1444,2:27:55:499853,5526
439.4411,273.4561,2:27:55:505077,5533
439.7362,274.5638,2:27:55:508096,5537
440.056,275.555,2:27:55:512096,5537
440.3511,276.4003,2:27:55:516096,5537
440.5479,277.0999,2:27:55:520097,5537
440.7446,277.6829,2:27:55:524097,5533
440.8922,278.1493,2:27:55:528735,5536
441.0643,278.5283,2:27:55:531754,5521
441.1627,278.7906,2:27:55:535751,5502
441.2365,278.9655,2:27:55:540759,5461
441.2856,279.0821,2:27:55:543754,5377
441.3348,279.1404,2:27:55:547753,5273
441.3594,279.1987,2:27:55:552440,5131
441.4086,279.1987,2:27:55:556436,4960
441.4332,279.1987,2:27:55:560432,4756
441.4578,279.1987,2:27:55:564435,4501
441.5808,279.1987,2:27:55:568401,4183
441.7037,279.1987,2:27:55:572427,3812
441.8759,278.3242,2:27:55:576988,3401
442.0973,278.3242,2:27:55:580011,2953
442.3186,277.4789,2:27:55:584011,2436
442.5891,276.8958,2:27:55:588011,1795
442.9334,276.2254,2:27:55:592005,1108
443.3023,275.4384,2:27:55:596011,544
443.6221,274.593,2:27:55:600006,0
443.9664,273.6602,2:27:55:604006,0
444.3353,272.6691,2:27:55:608525,0
444.7042,271.5905,2:27:55:612540,0
445.1469,270.4828,2:27:55:616543,0
445.565,269.2877,2:27:55:620545,0
445.9585,268.0926,2:27:55:624546,0
446.4012,266.8974,2:27:55:628540,0
446.8438,265.6731,2:27:55:634546,0
447.2865,264.4488,2:27:55:636547,0
447.7046,263.2245,2:27:55:640545,0
448.1227,262.0585,2:27:55:644544,0
448.4916,260.8342,2:27:55:648548,0
448.8605,259.639,2:27:55:652550,0
449.1557,258.4439,2:27:55:656551,0
449.4016,257.4236,2:27:55:660549,0
449.6475,256.3742,2:27:55:664539,0
449.8689,255.3831,2:27:55:668539,0
450.0164,254.4212,2:27:55:672548,0
450.1148,253.5175,2:27:55:676549,0
450.1886,252.6722,2:27:55:680549,0
450.2378,251.9143,2:27:55:684543,0
450.2624,251.1855,2:27:55:688547,0
450.3116,250.5443,2:27:55:692817,0
450.3116,249.9321,2:27:55:695835,0
450.3116,249.4366,2:27:55:699836,0
450.3116,248.941,2:27:55:703839,0
450.3116,248.5038,2:27:55:707834,0
450.3116,248.1248,2:27:55:711835,0
450.3116,247.8042,2:27:55:715834,0
450.3116,247.4835,2:27:55:719835,0
450.3116,247.1628,2:27:55:724731,0
450.3116,246.8422,2:27:55:728160,0
450.3116,246.4924,2:27:55:732164,0
450.3116,246.2009,2:27:55:736165,0
450.3116,245.9386,2:27:55:740163,0
450.3116,245.647,2:27:55:744165,0
450.3116,245.3555,2:27:55:748164,0
450.9264,245.0932,2:27:55:752182,0
450.9264,244.8308,2:27:55:756282,0
450.9264,244.5685,2:27:55:760296,0
451.5167,244.3062,2:27:55:764349,0
451.5167,244.0438,2:27:55:768300,0
452.0577,243.7814,2:27:55:772322,0
452.402,243.5482,2:27:55:776731,0
452.7955,243.2276,2:27:55:780265,0
453.2136,243.0235,2:27:55:784265,0
453.6809,242.7612,2:27:55:788273,0
454.1728,242.4989,2:27:55:792619,0
454.6401,242.2365,2:27:55:796287,0
455.1811,241.945,2:27:55:800287,0
455.7714,241.6826,2:27:55:804285,0
456.3862,241.4203,2:27:55:808522,0
457.0748,241.1288,2:27:55:812541,0
457.8127,240.8665,2:27:55:816542,0
458.5259,240.6041,2:27:55:820544,0
459.2883,240.3126,2:27:55:824855,0
460.1245,240.0794,2:27:55:828398,0
460.8623,239.8754,2:27:55:832398,0
461.5755,239.6713,2:27:55:836443,0
462.2395,239.4964,2:27:55:840429,0
462.8544,239.3506,2:27:55:844403,0
463.42,239.2341,2:27:55:848403,0
463.9611,239.1174,2:27:55:853066,0
464.4284,239.0591,2:27:55:856085,0
464.8957,238.9717,2:27:55:860084,0
465.3383,238.9134,2:27:55:864245,0
465.6826,238.8259,2:27:55:868084,0
466.027,238.7677,2:27:55:872085,0
466.2729,238.7094,2:27:55:876040,0
466.4943,238.6802,2:27:55:880816,0
466.6664,238.5636,2:27:55:884835,0
466.8632,238.5345,2:27:55:888839,0
466.9861,238.4762,2:27:55:891834,0
467.1337,238.3887,2:27:55:897076,0
467.3058,238.3304,2:27:55:900127,0
467.478,238.243,2:27:55:904094,0
467.6747,238.1555,2:27:55:908091,0
467.8469,238.0972,2:27:55:912093,0
468.0437,238.0681,2:27:55:916094,0
468.265,237.9514,2:27:55:920093,0
468.4864,237.9223,2:27:55:924094,0
468.6339,237.8349,2:27:55:928581,0
468.8307,237.8057,2:27:55:932600,0
468.9782,237.7474,2:27:55:936511,0
469.1504,237.7182,2:27:55:940530,0
469.2979,237.6891,2:27:55:944531,0
469.4455,237.6599,2:27:55:948530,0
469.5685,237.6599,2:27:55:952529,0
469.7406,237.6017,2:27:55:956336,0
469.8636,237.6017,2:27:55:960336,0
469.9128,237.5725,2:27:55:964168,0
469.9866,237.5725,2:27:55:968126,0
470.0112,237.5725,2:27:55:972140,0
470.0112,237.5434,2:27:55:976686,0
470.0112,237.5142,2:27:55:980187,0
470.0112,237.4559,2:27:55:984161,0
470.0112,237.3393,2:27:55:988769,0
470.0112,237.281,2:27:55:991789,0
469.5193,237.1353,2:27:55:995794,0
469.5193,236.9895,2:27:55:999790,0
469.5193,236.7854,2:27:56:004719,0
469.5193,236.6397,2:27:56:007742,0
469.0766,236.4648,2:27:56:011741,0
469.0766,236.2899,2:27:56:015742,0
469.0766,236.0858,2:27:56:020739,0
468.6585,235.9109,2:27:56:023742,0
468.6585,235.7652,2:27:56:027742,0
468.4618,235.5903,2:27:56:031739,0
468.4618,235.3862,2:27:56:036703,0
468.1912,235.2113,2:27:56:039764,0
468.0682,235.0656,2:27:56:043763,0
467.9453,234.8615,2:27:56:047763,0
467.8469,234.6866,2:27:56:052896,0
467.7731,234.5117,2:27:56:055908,0
467.6747,234.2785,2:27:56:059908,1228
467.601,234.0453,2:27:56:063907,1294
467.5518,233.8413,2:27:56:069005,1429
467.5272,233.6081,2:27:56:072031,1638
467.5272,233.3457,2:27:56:076008,1911
467.5272,233.1417,2:27:56:081005,2176
467.5272,232.9085,2:27:56:084001,2429
467.5272,232.6753,2:27:56:089001,2656
467.5272,232.5004,2:27:56:093001,2866
467.5272,232.3255,2:27:56:097060,3051
467.5272,232.1797,2:27:56:100084,3221
467.5272,232.0632,2:27:56:104079,3383
467.5272,231.9174,2:27:56:108079,3523
467.9945,231.83,2:27:56:112077,3642
467.9945,231.8008,2:27:56:116078,3733
467.9945,231.7133,2:27:56:120079,3786
467.9945,231.7133,2:27:56:124078,3817
467.9945,231.7133,2:27:56:128832,3877
468.2404,231.7133,2:27:56:131851,3964
468.2404,231.7133,2:27:56:136513,4077
468.4864,231.7133,2:27:56:140535,4208
468.6585,232.617,2:27:56:145538,4328
468.9536,232.617,2:27:56:148530,4434
469.3225,233.8121,2:27:56:152530,4539
469.7406,234.6283,2:27:56:157532,4644
470.2325,235.5903,2:27:56:160530,4741
470.7244,236.698,2:27:56:164530,4831
471.2654,237.9223,2:27:56:168533,4913
471.8311,239.2923,2:27:56:172535,4993
472.3968,240.7207,2:27:56:176530,5055
472.9132,242.2074,2:27:56:180535,5107
473.4297,243.7814,2:27:56:184574,5139
473.9462,245.3847,2:27:56:188593,5152
474.4135,247.0462,2:27:56:192588,5159
474.9299,248.6786,2:27:56:196593,5163
475.348,250.2236,2:27:56:200583,5168
475.7907,251.7977,2:27:56:204602,5177
476.1596,253.3427,2:27:56:208597,5189
476.5531,254.8293,2:27:56:212602,5196
476.922,256.3159,2:27:56:216599,5204
477.2171,257.686,2:27:56:220597,5207
477.5368,258.9686,2:27:56:224706,5211
477.832,260.1929,2:27:56:228722,5218
478.0779,261.3297,2:27:56:232277,5218
478.2993,262.3792,2:27:56:236585,5225
478.5206,263.312,2:27:56:240606,5225
478.6927,264.0699,2:27:56:244606,5224
478.8649,264.7112,2:27:56:248605,5222
478.9387,265.2358,2:27:56:252605,5215
479.0616,265.6731,2:27:56:256625,5215
479.1354,265.9646,2:27:56:260602,5211
479.2338,266.227,2:27:56:264602,5207
479.283,266.3727,2:27:56:268606,5196
479.3322,266.4893,2:27:56:272586,5171
479.3322,266.5185,2:27:56:276624,5113
479.3568,266.5768,2:27:56:280624,5018
479.3814,266.5768,2:27:56:284727,4884
479.3814,266.5768,2:27:56:288652,4713
479.3814,266.5768,2:27:56:291652,4515
479.3814,266.5768,2:27:56:296280,4272
479.3814,266.5768,2:27:56:300277,3972
479.3814,266.5768,2:27:56:304672,3614
479.3814,266.5768,2:27:56:307689,3216
479.3814,266.5768,2:27:56:312685,2789
479.3814,265.7897,2:27:56:316685,2325
479.3814,265.7897,2:27:56:321132,1789
479.3814,265.1193,2:27:56:324658,1204
478.8649,265.1193,2:27:56:328659,670
478.8649,264.2448,2:27:56:332659,277
478.8649,263.7201,2:27:56:336654,0
478.3239,263.1662,2:27:56:340654,0
478.3239,262.554,2:27:56:344658,0
477.9058,261.971,2:27:56:348702,0
477.9058,261.3297,2:27:56:351721,0
477.4139,260.7176,2:27:56:355721,0
477.1433,260.0763,2:27:56:359721,0
476.8236,259.4933,2:27:56:364689,0
476.4793,258.852,2:27:56:368632,0
476.135,258.2398,2:27:56:372628,0
475.7907,257.686,2:27:56:376631,0
475.4464,257.0739,2:27:56:380628,0
475.0775,256.4908,2:27:56:384635,0
474.7086,255.9662,2:27:56:388630,0
474.3151,255.5289,2:27:56:392626,0
473.9462,255.0916,2:27:56:396631,0
473.5526,254.7127,2:27:56:400628,0
473.1591,254.4212,2:27:56:404626,0
472.7657,254.1297,2:27:56:408851,0
472.323,253.8674,2:27:56:411870,1282
471.8803,253.6342,2:27:56:415870,1317
471.413,253.4301,2:27:56:420872,1421
470.9211,253.1678,2:27:56:423867,1577
470.4293,252.9637,2:27:56:427870,1806
469.9128,252.7596,2:27:56:431697,2037
469.3225,252.5556,2:27:56:436713,2249
468.7323,252.4682,2:27:56:440714,2433
468.0437,252.3515,2:27:56:445054,2575
467.3304,252.3224,2:27:56:449056,2701
466.5434,252.3224,2:27:56:452059,2800
465.7072,252.3224,2:27:56:457056,2893
464.8711,252.3224,2:27:56:460054,2977
463.9611,252.3224,2:27:56:464054,3057
463.1003,252.3224,2:27:56:468409,3124
462.2887,252.9054,2:27:56:472430,3179
461.5755,252.9054,2:27:56:476428,3212
460.9607,252.9054,2:27:56:480268,3228
460.4442,253.3718,2:27:56:484271,3231
460.0507,253.3718,2:27:56:488264,3226
459.731,253.3718,2:27:56:492312,3223
459.5588,253.7799,2:27:56:496265,3220
459.3867,253.7799,2:27:56:500267,3220
459.3375,254.1006,2:27:56:505031,3219
459.2637,254.1006,2:27:56:508051,3219
459.2637,254.4795,2:27:56:512052,3219
459.2637,254.8002,2:27:56:516068,3219
459.2637,255.1499,2:27:56:520050,3224
459.2637,255.6163,2:27:56:524050,3224
459.8293,256.0536,2:27:56:528049,3228
459.8293,256.6366,2:27:56:532054,3234
460.4196,257.2779,2:27:56:537054,3236
460.4196,257.9483,2:27:56:540870,3238
461.2558,258.6479,2:27:56:544885,3240
461.6739,259.3184,2:27:56:547888,3239
462.0428,260.018,2:27:56:551886,3236
462.3871,260.7176,2:27:56:555894,3245
462.7314,261.3881,2:27:56:560888,3250
462.7314,262.0585,2:27:56:564345,3270
463.1495,262.6707,2:27:56:568364,3299
463.1495,263.312,2:27:56:572364,3338
463.1495,263.9241,2:27:56:576460,3396
463.1495,264.5654,2:27:56:580474,3466
463.1495,265.2067,2:27:56:584478,3553
462.5593,265.7606,2:27:56:588486,3638
462.5593,266.3435,2:27:56:592499,3724
461.4034,266.8683,2:27:56:596500,3797
460.6655,267.3638,2:27:56:600551,3865
459.8539,267.8302,2:27:56:604499,3934
458.9932,268.18,2:27:56:608499,3992
458.0094,268.559,2:27:56:612880,4059
457.0257,268.8213,2:27:56:615899,4119
456.0419,268.9962,2:27:56:619900,4175
455.0582,269.1128,2:27:56:624903,4241
454.0744,269.1419,2:27:56:627899,4306
453.1398,269.1419,2:27:56:631904,4378
452.2299,269.1419,2:27:56:636540,4448
451.3445,269.1419,2:27:56:639807,4510
450.5329,268.3257,2:27:56:643787,4565
449.7213,268.3257,2:27:56:648689,4616
448.9835,267.3347,2:27:56:652689,4666
448.3441,266.6642,2:27:56:656684,4704
447.7046,265.848,2:27:56:660685,4731
447.1882,264.9735,2:27:56:664684,4745
446.6471,264.0115,2:27:56:668684,4752
446.1798,262.9622,2:27:56:672597,4752
445.7125,261.8545,2:27:56:676618,4753
445.3436,260.7467,2:27:56:680618,4753
444.9993,259.639,2:27:56:684626,4747
444.6796,258.5313,2:27:56:688646,4754
444.3599,257.5403,2:27:56:692647,4754
444.0894,256.6657,2:27:56:696644,4754
443.868,255.937,2:27:56:700646,4751
443.6713,255.2666,2:27:56:704647,4734
443.5237,254.8293,2:27:56:709104,4700
443.4007,254.4503,2:27:56:712123,4604
443.3023,254.1588,2:27:56:716121,4428
443.204,254.0131,2:27:56:720121,4155
443.1548,253.8965,2:27:56:724125,3777
443.081,253.8382,2:27:56:728122,3314
443.0318,253.7799,2:27:56:732121,2726
442.958,253.7799,2:27:56:736123,1963
442.9088,253.7799,2:27:56:740123,1188
442.7121,253.7799,2:27:56:744437,558
442.4908,253.7799,2:27:56:748437,0
442.2202,253.7799,2:27:56:752437,0
441.7775,253.7799,2:27:56:756434,0
441.2119,253.7799,2:27:56:760440,0
440.4987,254.567,2:27:56:764436,0
439.5887,254.567,2:27:56:768521,0
438.4574,255.0916,2:27:56:772535,0
437.1785,255.0916,2:27:56:776541,0
435.6537,255.7912,2:27:56:780542,0
433.8337,255.7912,2:27:56:784554,0
431.9154,256.6075,2:27:56:788992,0
429.6774,257.0155,2:27:56:792011,0
427.2918,257.4236,2:27:56:796011,0
424.7341,257.89,2:27:56:800010,0
421.955,258.3856,2:27:56:804017,0
419.0283,258.9103,2:27:56:808048,0
416.0279,259.3767,2:27:56:812712,0
412.9536,259.9305,2:27:56:815730,0
409.7565,260.4844,2:27:56:819731,0
406.5839,261.0966,2:27:56:823729,0
403.4113,261.6504,2:27:56:827730,0
400.2141,262.1459,2:27:56:831730,0
397.0169,262.6998,2:27:56:836520,0
393.9181,263.1953,2:27:56:840534,0
390.7947,263.6617,2:27:56:844535,0
387.7451,264.1281,2:27:56:848543,0
384.7446,264.5363,2:27:56:852555,0
381.7688,264.886,2:27:56:856551,0
378.8667,265.2358,2:27:56:860465,0
375.9893,265.5565,2:27:56:864127,0
373.1118,265.848,2:27:56:868132,0
370.3327,266.1686,2:27:56:872160,0
367.529,266.4019,2:27:56:875629,0
364.7745,266.635,2:27:56:880643,0
362.0692,266.8974,2:27:56:884644,0
359.4131,267.1306,2:27:56:887645,0
356.8061,267.3055,2:27:56:892643,0
354.3467,267.5387,2:27:56:896627,0
352.0349,267.6844,2:27:56:900642,0
349.7477,267.8302,2:27:56:904647,0
347.6327,267.9468,2:27:56:908643,0
345.5668,268.0342,2:27:56:912643,0
343.5747,268.1508,2:27:56:915646,0
341.6318,268.2675,2:27:56:920945,0
339.7627,268.3841,2:27:56:924964,0
337.8935,268.4424,2:27:56:927988,0
336.1474,268.559,2:27:56:932960,0
334.4012,268.6755,2:27:56:935964,0
332.7043,268.7339,2:27:56:939963,0
331.1057,268.8504,2:27:56:944631,0
329.5562,268.967,2:27:56:948162,0
328.0806,269.0545,2:27:56:952163,0
326.6788,269.1419,2:27:56:956500,0
325.4245,269.2877,2:27:56:960519,0
324.0718,269.4043,2:27:56:964519,0
322.9159,269.5209,2:27:56:968517,0
321.76,269.6667,2:27:56:972519,0
320.7025,269.8124,2:27:56:976519,0
319.7188,269.9582,2:27:56:980569,0
318.735,270.1039,2:27:56:984571,0
317.825,270.2788,2:27:56:988572,0
316.9397,270.4246,2:27:56:992571,0
316.0789,270.5703,2:27:56:996572,0
315.2427,270.7452,2:27:57:000571,0
314.4557,270.8618,2:27:57:004570,0
313.6933,270.9201,2:27:57:008571,0
312.9309,271.0075,2:27:57:013059,0
312.2177,271.0367,2:27:57:016077,0
311.5782,271.1241,2:27:57:020078,0
311.0372,271.1533,2:27:57:024122,0
310.4715,271.1533,2:27:57:028123,0
310.0042,271.1533,2:27:57:032130,386
309.5615,271.1533,2:27:57:036121,400
309.1926,271.1533,2:27:57:041313,447
308.8729,271.1533,2:27:57:044336,520
308.627,271.1533,2:27:57:048332,617
308.381,271.1533,2:27:57:052777,724
308.1105,270.512,2:27:57:055771,812
307.9384,270.512,2:27:57:059771,904
307.8154,270.512,2:27:57:064773,999
307.6432,269.8124,2:27:57:067774,1092
307.5694,269.8124,2:27:57:072771,1199
307.4711,269.2585,2:27:57:076762,1287
307.4465,268.9379,2:27:57:080781,1390
307.3727,268.5881,2:27:57:083781,1497
307.3727,268.2675,2:27:57:089062,1611
307.3727,267.8885,2:27:57:092085,1728
307.3727,267.5678,2:27:57:096080,1837
307.3727,267.1889,2:27:57:100078,1931
307.3727,266.7808,2:27:57:106080,2029
308.1105,266.3727,2:27:57:109080,2134
308.1105,265.9355,2:27:57:112493,2236
309.1434,265.4982,2:27:57:116117,2353
309.8813,265.0027,2:27:57:120117,2454
310.7666,264.4488,2:27:57:124568,2542
311.8979,263.895,2:27:57:128582,2616
313.2014,263.312,2:27:57:132583,2678
314.7754,262.6415,2:27:57:136584,2733
316.5953,261.8836,2:27:57:140587,2804
318.612,261.1257,2:27:57:144583,2870
320.9239,260.2803,2:27:57:148346,2919
323.5308,259.3475,2:27:57:152364,2958
326.5312,258.3564,2:27:57:156370,2976
329.9252,257.3362,2:27:57:160364,2983
333.7126,256.3451,2:27:57:165390,2999
337.7706,255.2957,2:27:57:168360,3009
342.1974,254.2463,2:27:57:172502,3019
346.944,253.1969,2:27:57:176519,3030
352.1333,252.1475,2:27:57:180516,3037
357.6177,251.0981,2:27:57:184519,3049
363.3235,250.0487,2:27:57:188519,3062
369.103,248.9702,2:27:57:192519,3070
375.0055,247.8624,2:27:57:196519,3082
381.1539,246.8422,2:27:57:200520,3088
387.4008,245.7636,2:27:57:204525,3091
393.6967,244.7434,2:27:57:208540,3094
399.8944,243.7231,2:27:57:212540,3097
405.8953,242.7612,2:27:57:216540,3101
411.8469,241.7993,2:27:57:220540,3107
417.7495,240.8665,2:27:57:224589,3118
423.4798,239.9337,2:27:57:228589,3127
428.8412,239.03,2:27:57:232590,3194
433.9075,238.1263,2:27:57:236589,3295
438.6541,237.1935,2:27:57:240590,3425
443.0072,236.2899,2:27:57:244590,3571
447.1144,235.3862,2:27:57:248544,3689
450.828,234.4534,2:27:57:252547,3807
454.2466,233.4915,2:27:57:256545,3920
457.3946,232.5296,2:27:57:260595,4024
460.2474,231.5676,2:27:57:264596,4116
462.8544,230.5473,2:27:57:268600,4189
465.2646,229.5854,2:27:57:272600,4249
467.5272,228.6234,2:27:57:276598,4304
469.5193,227.6906,2:27:57:280592,4344
471.29,226.7578,2:27:57:284526,4373
472.8148,225.9125,2:27:57:288541,4389
474.1675,225.0963,2:27:57:292541,4398
475.348,224.3092,2:27:57:296541,4404
476.4055,223.668,2:27:57:300541,4403
477.3155,223.0266,2:27:57:304546,4401
478.1271,222.4728,2:27:57:308545,4399
478.8649,221.9772,2:27:57:312562,4391
479.4797,221.5692,2:27:57:316544,4385
480.0208,221.2776,2:27:57:320541,4374
480.4389,221.0153,2:27:57:324534,4347
480.7586,220.7821,2:27:57:328583,4250
481.0046,220.6655,2:27:57:332564,4053
481.1767,220.5489,2:27:57:336564,3725
481.2997,220.5197,2:27:57:340525,3262
481.3243,220.5197,2:27:57:344547,2662
481.3735,220.5197,2:27:57:348560,1852
481.3735,220.5197,2:27:57:352543,1091
481.3735,220.5197,2:27:57:356540,482
481.3735,220.5197,2:27:57:360539,0
481.3735,221.336,2:27:57:364528,0
481.3735,221.336,2:27:57:368547,0
480.8324,221.336,2:27:57:372681,0
480.8324,221.9481,2:27:57:376700,0
480.8324,221.9481,2:27:57:380699,0
480.8324,221.9481,2:27:57:383700,0
480.8324,222.4436,2:27:57:387705,0
480.8324,222.4436,2:27:57:391700,0
480.8324,222.4436,2:27:57:396469,0
481.7916,222.4436,2:27:57:400724,0
482.5294,222.7643,2:27:57:404808,0
483.4148,222.7643,2:27:57:407827,0
484.3493,223.0558,2:27:57:412464,0
485.456,223.0558,2:27:57:416478,0
486.7595,223.1724,2:27:57:420482,0
488.1367,223.2598,2:27:57:424478,0
489.5632,223.289,2:27:57:428478,0
491.211,223.3473,2:27:57:432483,0
492.8833,223.3473,2:27:57:436522,0
492.8833,223.3473,2:27:57:454617,0
