332.9748,289.8384,2:26:54:541118,0
333.6634,289.8384,2:26:54:543119,0
333.6634,289.8384,2:26:54:545116,0
334.2291,289.8384,2:26:54:547129,0
334.2291,289.8384,2:26:54:548125,0
334.7701,289.8384,2:26:54:549137,0
334.7701,289.8384,2:26:54:550125,0
335.1636,289.8384,2:26:54:552120,0
335.1636,289.8384,2:26:54:554118,0
335.385,289.0222,2:26:54:554118,0
335.385,289.0222,2:26:54:555122,0
335.385,288.4392,2:26:54:555122,0
335.385,288.4392,2:26:54:556362,0
335.385,287.623,2:26:54:557382,0
335.385,287.623,2:26:54:557382,0
335.385,286.8069,2:26:54:558382,0
335.385,286.3987,2:26:54:559381,0
335.385,285.9907,2:26:54:561378,0
335.385,285.5826,2:26:54:564670,0
335.385,285.291,2:26:54:565596,0
335.385,284.9995,2:26:54:566116,0
334.9423,284.7372,2:26:54:566116,0
334.9423,284.4749,2:26:54:567127,0
334.9423,284.3,2:26:54:567127,0
334.9423,284.0667,2:26:54:568127,0
334.9423,283.8627,2:26:54:568127,0
334.5488,283.7169,2:26:54:570124,0
334.5488,283.5421,2:26:54:571124,0
334.2537,283.3963,2:26:54:571124,0
334.2537,283.2505,2:26:54:572123,0
333.9339,283.0757,2:26:54:572123,0
333.9339,282.9008,2:26:54:573128,0
333.6634,282.7841,2:26:54:573128,0
333.4421,282.6967,2:26:54:574127,0
333.2699,282.5801,2:26:54:574127,0
333.0732,282.4926,2:26:54:575127,0
333.024,282.4052,2:26:54:576128,0
332.8272,282.2886,2:26:54:576128,0
332.7043,282.172,2:26:54:577128,0
332.6305,282.0845,2:26:54:577128,0
332.5075,281.9971,2:26:54:581125,0
332.4829,281.8513,2:26:54:584127,0
332.4583,281.7347,2:26:54:588951,0
332.3599,281.6181,2:26:54:592480,0
332.2862,281.4724,2:26:54:596913,0
332.2862,281.3267,2:26:54:599931,0
332.2862,281.1809,2:26:54:604930,0
332.2862,281.006,2:26:54:607931,0
332.2862,280.8019,2:26:54:613148,0
332.2862,280.6562,2:26:54:616166,0
332.2862,280.4813,2:26:54:620172,0
332.2862,280.3355,2:26:54:624167,0
332.2862,280.1898,2:26:54:629169,0
332.2862,280.044,2:26:54:632166,0
332.2862,279.9275,2:26:54:636904,0
332.2862,279.7817,2:26:54:639922,0
332.2862,279.6651,2:26:54:644934,0
331.8927,279.5485,2:26:54:648923,0
331.8927,279.4319,2:26:54:652933,0
331.8927,279.3445,2:26:54:656934,0
331.8927,279.257,2:26:54:660812,0
331.8927,279.1404,2:26:54:664826,0
331.8927,279.0529,2:26:54:668612,0
331.8927,278.9363,2:26:54:672625,0
331.8927,278.8198,2:26:54:676777,0
331.8927,278.7323,2:26:54:680645,0
331.8927,278.6448,2:26:54:684645,0
331.8927,278.5283,2:26:54:688645,0
331.8927,278.4408,2:26:54:692713,0
331.8927,278.3825,2:26:54:696645,0
331.8927,278.2659,2:26:54:700766,0
331.8927,278.1784,2:26:54:704788,0
331.8927,278.1201,2:26:54:708785,0
331.8927,278.0327,2:26:54:712788,0
332.3354,277.9744,2:26:54:717125,0
332.3354,277.887,2:26:54:720149,0
332.3354,277.8286,2:26:54:724144,0
332.3354,277.7704,2:26:54:729141,0
332.6059,277.7412,2:26:54:733143,0
332.6059,277.7412,2:26:54:737144,0
332.8272,277.712,2:26:54:740144,0
332.8272,277.712,2:26:54:745071,0
332.9502,277.6829,2:26:54:748086,0
333.0486,277.6246,2:26:54:753090,0
333.1223,277.6246,2:26:54:756085,0
333.1961,277.5955,2:26:54:761093,0
333.2699,277.5663,2:26:54:764088,0
333.2945,277.4789,2:26:54:769097,0
333.3929,277.4206,2:26:54:772105,0
333.4912,277.3622,2:26:54:776901,0
333.5896,277.304,2:26:54:779920,0
333.7126,277.2165,2:26:54:784919,0
333.7864,277.1582,2:26:54:787921,0
333.9585,277.0416,2:26:54:793180,0
334.1061,276.925,2:26:54:796199,0
334.2537,276.8667,2:26:54:800199,0
334.4012,276.7501,2:26:54:804200,0
334.5242,276.6335,2:26:54:808199,0
334.5734,276.5169,2:26:54:812199,0
334.598,276.4003,2:26:54:817195,0
334.6472,276.3128,2:26:54:820199,0
334.6718,276.1963,2:26:54:824740,0
334.6718,276.1088,2:26:54:828759,0
334.6718,275.9922,2:26:54:833768,0
334.6718,275.9048,2:26:54:836755,0
334.6718,275.8173,2:26:54:840756,0
334.6718,275.7007,2:26:54:844907,0
334.6718,275.6424,2:26:54:847934,0
334.2045,275.5258,2:26:54:853154,0
334.2045,275.4092,2:26:54:856178,0
334.2045,275.2926,2:26:54:860172,0
333.8356,275.176,2:26:54:864175,0
333.8356,275.0302,2:26:54:869170,0
333.8356,274.9428,2:26:54:872174,0
333.4175,274.7679,2:26:54:876770,0
333.4175,274.6805,2:26:54:880791,0
333.1469,274.5347,2:26:54:884695,0
333.1469,274.4181,2:26:54:888710,0
332.901,274.2723,2:26:54:892811,0
332.778,274.1266,2:26:54:896814,0
332.6059,274.01,2:26:54:900814,0
332.4829,273.8643,2:26:54:904815,0
332.3845,273.7477,2:26:54:909435,0
332.2862,273.6019,2:26:54:912454,0
332.1632,273.4561,2:26:54:916457,0
332.0402,273.3395,2:26:54:920454,0
331.9172,273.223,2:26:54:924492,0
331.8189,273.0772,2:26:54:928453,0
331.6959,272.9315,2:26:54:932745,0
331.6221,272.7857,2:26:54:936764,0
331.5237,272.64,2:26:54:940773,0
331.45,272.4942,2:26:54:944795,0
331.3516,272.2902,2:26:54:948794,0
331.327,272.1152,2:26:54:952794,0
331.3024,271.9403,2:26:54:956797,0
331.2778,271.7946,2:26:54:960795,0
331.2778,271.5905,2:26:54:965249,0
331.2778,271.4448,2:26:54:968274,0
331.2778,271.2699,2:26:54:972268,0
331.2778,271.1241,2:26:54:976269,0
331.2778,270.9784,2:26:54:980267,0
331.2778,270.8618,2:26:54:984268,0
331.2778,270.716,2:26:54:988273,0
331.2778,270.5995,2:26:54:992269,0
331.2778,270.4828,2:26:54:996750,0
331.2778,270.4246,2:26:55:000765,0
331.2778,270.3371,2:26:55:004721,0
331.2778,270.2788,2:26:55:008742,0
330.8597,270.2205,2:26:55:012742,0
330.8597,270.1622,2:26:55:016742,0
330.8597,270.1039,2:26:55:020744,0
330.8597,270.0747,2:26:55:024742,0
330.6138,270.0164,2:26:55:029087,0
330.6138,269.9582,2:26:55:032111,0
330.6138,269.929,2:26:55:036105,0
330.6138,269.8998,2:26:55:040117,0
330.6138,269.8124,2:26:55:044106,0
330.6138,269.7832,2:26:55:048106,0
330.6138,269.7541,2:26:55:052105,0
330.6138,269.6958,2:26:55:056106,0
330.4908,269.6667,2:26:55:060106,0
330.4908,269.6375,2:26:55:064106,0
330.4908,269.6083,2:26:55:069157,0
330.4908,269.5209,2:26:55:072180,0
330.4908,269.4918,2:26:55:076176,0
330.4908,269.4043,2:26:55:080174,0
330.4908,269.346,2:26:55:084178,0
330.4908,269.2877,2:26:55:088174,0
330.4908,269.2294,2:26:55:092180,0
330.4908,269.1419,2:26:55:096175,0
330.4908,269.1128,2:26:55:100179,0
329.9497,269.0836,2:26:55:104648,0
329.9497,269.0545,2:26:55:108685,0
329.9497,268.9962,2:26:55:112703,0
329.9497,268.9962,2:26:55:116680,0
329.5808,268.967,2:26:55:120681,0
329.5808,268.967,2:26:55:125104,0
329.5808,268.9379,2:26:55:128122,0
329.3595,268.8504,2:26:55:132123,0
329.3595,268.8213,2:26:55:136123,0
329.3595,268.7921,2:26:55:140119,0
329.2365,268.7339,2:26:55:144119,0
329.2365,268.7047,2:26:55:148815,0
329.2365,268.6755,2:26:55:152831,0
329.2365,268.6464,2:26:55:156832,0
329.2365,268.6464,2:26:55:160722,0
329.1628,268.6464,2:26:55:164291,0
329.1382,268.6464,2:26:55:168323,0
329.1136,268.6464,2:26:55:172723,0
329.0398,268.6464,2:26:55:176319,0
328.9906,268.6464,2:26:55:180318,0
328.9168,268.6464,2:26:55:184905,0
328.8676,268.6464,2:26:55:188916,0
328.7939,268.6464,2:26:55:191917,0
328.7447,268.6464,2:26:55:196914,0
328.6463,268.6464,2:26:55:199916,0
328.5725,268.6464,2:26:55:203917,0
328.5233,268.6464,2:26:55:209216,0
328.4495,268.6464,2:26:55:212750,0
328.4249,268.6464,2:26:55:216750,0
328.4003,268.6464,2:26:55:220758,0
328.3512,268.6464,2:26:55:224743,0
328.3266,268.6464,2:26:55:228742,0
328.3266,268.6464,2:26:55:232749,0
328.3266,268.6464,2:26:55:238042,0
328.3266,268.6464,2:26:55:240060,0
328.3266,268.1217,2:26:55:244060,0
328.3266,268.1217,2:26:55:249062,0
328.3266,268.1217,2:26:55:253057,0
328.3266,268.1217,2:26:55:256061,0
328.3266,267.6844,2:26:55:261007,0
328.7939,267.6844,2:26:55:264031,0
328.7939,267.6844,2:26:55:268025,0
328.7939,267.3638,2:26:55:273022,0
328.7939,267.3638,2:26:55:277027,0
328.7939,267.1598,2:26:55:280025,0
329.0398,267.0432,2:26:55:284730,0
329.0398,266.9265,2:26:55:288751,0
329.0398,266.8683,2:26:55:292724,0
329.0398,266.7225,2:26:55:296744,0
329.1628,266.6059,2:26:55:300745,0
329.1628,266.4601,2:26:55:304744,0
329.1628,266.3144,2:26:55:308743,0
329.2365,266.1686,2:26:55:312744,0
329.2611,266.0521,2:26:55:316745,0
329.3349,265.848,2:26:55:320744,0
329.3595,265.7022,2:26:55:324911,0
329.3595,265.5565,2:26:55:327932,0
329.4333,265.4107,2:26:55:332931,0
329.4579,265.2067,2:26:55:336930,0
329.4825,265.0027,2:26:55:339930,0
329.4825,264.8278,2:26:55:343930,0
329.4825,264.6237,2:26:55:348998,0
329.4825,264.4488,2:26:55:353011,0
329.4825,264.303,2:26:55:357015,0
329.4825,264.1573,2:26:55:361017,0
329.4825,264.0115,2:26:55:364016,0
329.4825,263.9824,2:26:55:368016,972
329.4825,263.9241,2:26:55:373168,1013
329.4825,263.895,2:26:55:376187,1108
329.4825,263.8658,2:26:55:380187,1260
329.4825,263.8366,2:26:55:384188,1466
329.4825,263.8366,2:26:55:388186,1668
329.4825,263.7784,2:26:55:392222,1864
329.4825,263.7784,2:26:55:396719,2026
329.4825,263.7784,2:26:55:400146,2162
329.4825,263.7784,2:26:55:404149,2280
329.4825,263.7492,2:26:55:409408,2373
329.4825,263.7492,2:26:55:412427,2465
329.4825,263.7492,2:26:55:416427,2553
329.4825,263.7492,2:26:55:420500,2637
329.4825,263.7492,2:26:55:424432,2710
329.4825,263.7492,2:26:55:428438,2781
329.4825,263.7492,2:26:55:433082,2840
329.4825,263.7492,2:26:55:437101,2894
329.4825,263.7492,2:26:55:440126,2943
329.4825,263.7492,2:26:55:444103,2989
329.4825,263.7492,2:26:55:449101,3029
329.4825,263.7492,2:26:55:452106,3061
329.4825,263.7492,2:26:55:457061,3086
329.4825,263.7492,2:26:55:460060,3096
329.4825,263.7492,2:26:55:464060,3099
329.4825,263.7492,2:26:55:468808,3100
329.4825,263.7492,2:26:55:472825,3152
329.4825,263.7492,2:26:55:476824,3245
329.4825,263.7492,2:26:55:480530,3359
329.4825,264.682,2:26:55:484549,3480
329.4825,264.682,2:26:55:488549,3553
329.4825,265.644,2:26:55:492549,3596
329.4825,266.227,2:26:55:496548,3631
329.9252,266.9265,2:26:55:500553,3670
329.9252,267.6844,2:26:55:504820,3715
330.1957,268.4424,2:26:55:507865,3756
330.1957,269.2585,2:26:55:511839,3793
330.5154,270.0747,2:26:55:516163,3825
330.5154,270.9784,2:26:55:520159,3851
330.8105,271.9403,2:26:55:524159,3870
330.9827,272.9023,2:26:55:528168,3901
331.1794,273.9225,2:26:55:532159,3938
331.3516,275.0011,2:26:55:537164,3979
331.5483,276.1088,2:26:55:540385,4023
331.7451,277.2748,2:26:55:544389,4062
331.8927,278.4408,2:26:55:548384,4096
332.1386,279.6651,2:26:55:552389,4132
332.3599,280.8894,2:26:55:556386,4179
332.5567,282.1429,2:26:55:561389,4222
332.7289,283.338,2:26:55:564385,4263
332.9256,284.5915,2:26:55:568806,4305
333.0732,285.8157,2:26:55:572815,4341
333.2699,287.0109,2:26:55:576447,4379
333.5158,288.0603,2:26:55:580450,4417
333.7372,289.1097,2:26:55:584456,4448
333.9585,290.1591,2:26:55:588471,4480
334.1799,291.1794,2:26:55:592450,4511
334.4258,292.2288,2:26:55:596451,4536
334.6472,293.1907,2:26:55:600965,4560
334.9177,294.1526,2:26:55:603984,4574
335.1636,295.0272,2:26:55:607983,4586
335.4096,295.9891,2:26:55:613009,4593
335.6309,296.9219,2:26:55:617014,4597
335.8523,297.7964,2:26:55:620010,4600
336.0736,298.5543,2:26:55:624040,4600
336.2704,299.2831,2:26:55:628025,4605
336.4425,299.9243,2:26:55:632029,4615
336.6147,300.5074,2:26:55:636023,4621
336.7622,301.0029,2:26:55:640705,4628
336.9098,301.4402,2:26:55:644728,4633
337.0573,301.8482,2:26:55:648434,4631
337.1803,302.1689,2:26:55:652452,4634
337.2541,302.4604,2:26:55:656451,4633
337.4262,302.7227,2:26:55:660452,4631
337.4754,302.9268,2:26:55:664452,4634
337.5492,303.1017,2:26:55:668667,4637
337.6476,303.2474,2:26:55:672680,4636
337.6722,303.364,2:26:55:676680,4635
337.7214,303.4224,2:26:55:680688,4626
337.7706,303.5098,2:26:55:684681,4613
337.8198,303.5389,2:26:55:688682,4583
337.8198,303.5389,2:26:55:692681,4522
337.8198,303.5389,2:26:55:697177,4434
337.8689,303.5389,2:26:55:700195,4297
337.8689,303.5389,2:26:55:704197,4107
337.8689,303.5389,2:26:55:708195,3855
337.8689,303.5389,2:26:55:712647,3544
337.8689,303.5389,2:26:55:716666,3194
337.8689,303.5389,2:26:55:720666,2832
337.8689,302.956,2:26:55:724663,2426
337.8689,302.956,2:26:55:728999,1934
337.3033,302.956,2:26:55:732019,1380
337.3033,302.2855,2:26:55:736019,805
337.3033,302.2855,2:26:55:740015,367
336.7376,301.7025,2:26:55:744017,0
336.7376,301.7025,2:26:55:748022,0
336.3933,301.032,2:26:55:752640,0
336.3933,300.6823,2:26:55:756165,0
336.049,300.2741,2:26:55:760646,0
336.049,299.8952,2:26:55:764097,0
335.7539,299.4288,2:26:55:768082,0
335.6063,298.9915,2:26:55:772083,0
335.4833,298.5543,2:26:55:776082,0
335.3604,298.0296,2:26:55:780098,0
335.262,297.5632,2:26:55:784763,0
335.1636,296.9802,2:26:55:788366,0
335.0898,296.4846,2:26:55:792339,0
334.9915,295.8725,2:26:55:797525,0
334.8931,295.377,2:26:55:800538,0
334.8193,294.7648,2:26:55:804538,0
334.7455,294.1818,2:26:55:808537,0
334.6472,293.5988,2:26:55:812537,0
334.5242,293.045,2:26:55:817106,0
334.4012,292.5203,2:26:55:820124,0
334.2291,291.9955,2:26:55:825121,0
334.0815,291.5,2:26:55:828130,0
333.9339,291.0045,2:26:55:832150,0
333.7618,290.5089,2:26:55:836125,0
333.6388,290.0717,2:26:55:840125,0
333.5158,289.6344,2:26:55:845124,0
333.3929,289.1389,2:26:55:848875,0
333.2945,288.7016,2:26:55:852895,0
333.2699,288.2643,2:26:55:855894,0
333.1961,287.8854,2:26:55:860894,0
333.1961,287.5064,2:26:55:864561,0
333.1469,287.1858,2:26:55:868565,0
333.1223,286.8943,2:26:55:872560,0
333.0732,286.6028,2:26:55:876560,0
333.024,286.3696,2:26:55:880740,0
333.024,286.1364,2:26:55:884267,0
332.9502,285.9323,2:26:55:888267,738
332.9502,285.67,2:26:55:892637,762
332.9256,285.4659,2:26:55:896638,826
332.9256,285.2619,2:26:55:900807,927
332.9256,285.0287,2:26:55:904828,1072
332.9256,284.8246,2:26:55:908829,1228
332.9256,284.5915,2:26:55:912833,1381
332.9256,284.3291,2:26:55:916829,1521
332.9256,284.0667,2:26:55:920829,1652
332.9256,283.8627,2:26:55:924866,1770
332.9256,283.6003,2:26:55:928852,1872
332.9256,283.338,2:26:55:932851,1985
332.9256,283.0465,2:26:55:936937,2087
332.9256,282.755,2:26:55:939940,2175
332.3845,282.4052,2:26:55:943939,2244
332.3845,282.0845,2:26:55:948936,2308
332.3845,281.7347,2:26:55:951940,2350
331.8189,281.3849,2:26:55:955940,2389
331.8189,281.006,2:26:55:960302,2427
331.3516,280.5979,2:26:55:964326,2435
331.0565,280.219,2:26:55:968333,2440
330.663,279.7817,2:26:55:972721,2440
330.2695,279.4027,2:26:55:976742,2467
329.8268,279.0529,2:26:55:980740,2502
329.3595,278.6448,2:26:55:985123,2530
328.843,278.295,2:26:55:988151,2567
328.2282,277.9744,2:26:55:992151,2598
327.6379,277.6829,2:26:55:996180,2624
327.0477,277.4206,2:26:56:000146,2654
326.4328,277.1582,2:26:56:004146,2678
325.7934,276.925,2:26:56:009119,2681
325.1786,276.7792,2:26:56:012117,2682
324.5883,276.6043,2:26:56:016117,2699
323.9489,276.4878,2:26:56:020194,2727
323.334,276.3712,2:26:56:024116,2746
322.7438,276.342,2:26:56:028122,2766
322.1781,276.2545,2:26:56:032121,2779
321.6371,276.2545,2:26:56:036137,2787
321.1452,276.2545,2:26:56:040117,2805
320.6533,276.2545,2:26:56:045116,2822
320.186,276.2545,2:26:56:048120,2829
319.6696,276.2545,2:26:56:052113,2830
319.2515,276.2545,2:26:56:056644,2833
318.7842,276.9542,2:26:56:060662,2833
318.2677,276.9542,2:26:56:064662,2833
317.7758,277.5955,2:26:56:068662,2836
317.284,277.5955,2:26:56:072739,2836
316.7675,278.3825,2:26:56:076658,2833
316.3002,278.8198,2:26:56:080662,2834
315.8083,279.3445,2:26:56:084662,2836
315.3411,279.84,2:26:56:089116,2835
314.8738,280.4521,2:26:56:092135,2842
314.4557,281.0352,2:26:56:097135,2847
314.1114,281.7056,2:26:56:100134,2847
313.7425,282.4052,2:26:56:105135,2853
313.4228,283.1048,2:26:56:109131,2855
313.1522,283.8627,2:26:56:112134,2861
312.9063,284.6206,2:26:56:116135,2868
312.7095,285.4368,2:26:56:120134,2872
312.5865,286.2238,2:26:56:124204,2883
312.4636,287.04,2:26:56:128220,2890
312.3898,287.8563,2:26:56:132226,2902
312.3652,288.6141,2:26:56:136220,2916
312.3652,289.372,2:26:56:140219,2923
312.3652,290.1008,2:26:56:144223,2939
312.3652,290.8004,2:26:56:148707,2961
312.3652,291.5583,2:26:56:152728,2982
313.1522,292.2579,2:26:56:156724,3009
313.1522,292.9575,2:26:56:160728,3032
313.9392,293.628,2:26:56:164725,3057
314.4065,294.2109,2:26:56:168728,3085
314.9722,294.8814,2:26:56:172726,3120
315.587,295.4352,2:26:56:176748,3158
316.2756,295.9308,2:26:56:180719,3190
316.9888,296.2806,2:26:56:184748,3221
317.8004,296.5721,2:26:56:188735,3254
318.7104,296.7762,2:26:56:192738,3290
319.645,296.8053,2:26:56:196737,3323
320.6533,296.8053,2:26:56:200738,3359
321.6862,296.8053,2:26:56:204742,3399
322.7684,296.8053,2:26:56:208704,3431
323.8997,296.1349,2:26:56:212727,3468
324.9818,296.1349,2:26:56:216727,3497
326.1131,295.2895,2:26:56:220723,3523
327.1707,295.2895,2:26:56:224727,3541
328.1052,294.3275,2:26:56:228727,3554
329.0398,293.8029,2:26:56:233116,3570
329.9252,293.249,2:26:56:236134,3575
330.7368,292.8117,2:26:56:240134,3584
331.45,292.4037,2:26:56:244582,3586
332.0894,292.083,2:26:56:249559,3586
332.6059,291.7332,2:26:56:252562,3586
333.0732,291.4709,2:26:56:256561,3581
333.5158,291.2668,2:26:56:260563,3589
333.8602,291.0627,2:26:56:264561,3593
334.0815,291.0627,2:26:56:268561,3599
334.2537,290.8004,2:26:56:272562,3607
334.352,290.6547,2:26:56:276801,3605
334.4258,290.5089,2:26:56:280821,3602
334.4504,290.4506,2:26:56:284368,3600
334.4504,290.334,2:26:56:288422,3592
334.4504,290.2174,2:26:56:292421,3573
334.4504,290.1883,2:26:56:296422,3510
334.4504,290.0425,2:26:56:300417,3374
334.4504,289.955,2:26:56:304418,3157
334.4504,289.9259,2:26:56:308418,2842
333.8356,289.8968,2:26:56:312800,2439
333.8356,289.8968,2:26:56:316817,1924
333.3929,289.8968,2:26:56:320814,1317
333.3929,289.8968,2:26:56:324818,750
332.8272,289.8968,2:26:56:328814,318
332.8272,289.8968,2:26:56:332818,0
332.3845,289.8968,2:26:56:336242,0
332.3845,290.6255,2:26:56:340237,0
332.3845,290.6255,2:26:56:344236,0
332.3845,290.6255,2:26:56:348237,0
332.3845,290.6255,2:26:56:352237,0
332.3845,290.6255,2:26:56:356242,0
332.3845,290.6255,2:26:56:360714,0
332.9748,291.0336,2:26:56:364241,0
332.9748,291.0336,2:26:56:368954,0
333.7618,291.0336,2:26:56:372486,0
334.2537,291.0336,2:26:56:376493,0
334.8193,291.0336,2:26:56:380489,0
335.4096,291.0336,2:26:56:384486,0
336.0982,290.4506,2:26:56:388488,0
336.836,290.4506,2:26:56:392488,0
337.6476,289.8384,2:26:56:396491,0
338.4838,289.8384,2:26:56:400486,0
339.32,289.0222,2:26:56:404491,0
340.2054,288.5267,2:26:56:408486,0
341.0415,287.9728,2:26:56:412511,0
341.9761,287.3315,2:26:56:416486,0
342.8861,286.7485,2:26:56:420486,0
343.8452,286.1072,2:26:56:424486,0
344.7552,285.4077,2:26:56:428505,0
345.6652,284.708,2:26:56:432487,0
346.6243,283.921,2:26:56:436487,0
347.6081,283.1339,2:26:56:440485,0
348.641,282.3469,2:26:56:444487,0
349.6985,281.5307,2:26:56:448486,0
350.8544,280.6562,2:26:56:452486,0
352.2071,279.8983,2:26:56:456980,0
353.7319,279.0529,2:26:56:460516,0
355.4043,278.1784,2:26:56:464513,0
357.3718,277.304,2:26:56:468535,0
359.536,276.4586,2:26:56:472513,0
361.8724,275.555,2:26:56:476514,0
364.3564,274.6805,2:26:56:480906,0
366.865,273.7768,2:26:56:484547,0
369.3489,272.9023,2:26:56:488559,0
371.7837,271.9987,2:26:56:493235,0
374.0955,271.2408,2:26:56:496770,0
376.2352,270.4537,2:26:56:500770,0
378.1781,269.6958,2:26:56:504772,0
379.9243,269.0545,2:26:56:508770,0
381.3753,268.4132,2:26:56:512769,0
382.5558,267.8302,2:26:56:516812,0
383.4412,267.3347,2:26:56:520827,0
384.0314,266.8683,2:26:56:524830,0
384.3757,266.4019,2:26:56:528801,0
384.4987,266.0812,2:26:56:532821,0
384.4987,265.7606,2:26:56:535820,0
384.4987,265.4399,2:26:56:541231,0
383.7363,265.2067,2:26:56:544249,0
383.7363,264.886,2:26:56:548280,0
382.8017,264.682,2:26:56:552343,0
382.2361,264.5363,2:26:56:556250,0
381.6212,264.3905,2:26:56:560250,0
380.9572,264.2739,2:26:56:564965,0
380.2194,264.1865,2:26:56:569010,0
379.4324,264.1865,2:26:56:571988,0
378.6454,264.1573,2:26:56:576987,0
377.8584,264.1281,2:26:56:580983,0
377.1206,264.1281,2:26:56:584011,0
376.3336,264.0699,2:26:56:588814,0
375.6203,264.0115,2:26:56:592837,0
374.9317,263.9241,2:26:56:595837,0
374.2431,263.8658,2:26:56:600805,0
373.6283,263.7492,2:26:56:604824,0
373.038,263.6035,2:26:56:608824,0
372.4232,263.4868,2:26:56:612993,0
371.9313,263.3411,2:26:56:616016,0
371.5378,263.1953,2:26:56:621016,0
371.1935,263.0496,2:26:56:624012,0
370.8983,262.9038,2:26:56:630017,0
370.677,262.7581,2:26:56:632021,0
370.5049,262.6123,2:26:56:637013,0
370.3327,262.4666,2:26:56:640012,0
370.2097,262.2625,2:26:56:644017,0
370.0622,262.1459,2:26:56:649011,0
369.8654,262.0585,2:26:56:652012,0
369.6441,261.8545,2:26:56:657012,0
369.4473,261.7087,2:26:56:660304,0
369.1768,261.563,2:26:56:664323,0
368.9063,261.4172,2:26:56:668323,0
368.5865,261.3006,2:26:56:672323,0
368.2914,261.184,2:26:56:676328,0
367.9471,261.0382,2:26:56:680328,0
367.5536,260.9217,2:26:56:684904,0
367.2093,260.8633,2:26:56:688729,0
366.8158,260.7759,2:26:56:692764,0
366.3731,260.7176,2:26:56:697317,0
365.9304,260.6884,2:26:56:700368,0
365.5123,260.6302,2:26:56:704336,0
364.9958,260.6302,2:26:56:708386,0
364.504,260.6302,2:26:56:712359,0
364.0121,260.6302,2:26:56:716335,0
363.5448,260.6302,2:26:56:720335,0
363.1513,260.6302,2:26:56:724340,0
362.807,260.6302,2:26:56:729338,0
362.4627,260.6302,2:26:56:732356,0
362.1922,260.6302,2:26:56:736356,0
361.897,260.6302,2:26:56:740358,0
361.6511,260.6302,2:26:56:744356,0
361.4052,260.6302,2:26:56:748356,0
361.1346,260.6302,2:26:56:752018,0
360.8395,260.6302,2:26:56:756027,0
360.4952,260.6302,2:26:56:760026,0
360.1263,260.6302,2:26:56:764792,0
359.782,260.6302,2:26:56:768813,0
359.4377,260.6302,2:26:56:772813,0
359.0934,260.6302,2:26:56:776817,0
358.749,260.6302,2:26:56:780814,0
358.4539,260.6302,2:26:56:784814,0
358.0604,260.6302,2:26:56:788804,0
357.7653,260.6302,2:26:56:792386,0
357.4948,260.6302,2:26:56:796386,0
357.2242,260.6302,2:26:56:800997,0
356.9537,260.6302,2:26:56:804020,0
356.7323,260.6302,2:26:56:808019,0
356.511,261.184,2:26:56:812989,0
356.3142,261.184,2:26:56:817009,0
356.1667,261.184,2:26:56:820012,0
355.9945,261.184,2:26:56:825009,0
355.9207,261.184,2:26:56:828007,0
355.7978,261.184,2:26:56:832008,0
355.6994,261.184,2:26:56:836882,0
355.6256,261.184,2:26:56:840900,0
355.5273,261.184,2:26:56:843901,0
355.4535,261.184,2:26:56:848904,0
355.3551,260.6302,2:26:56:851906,0
355.2813,260.6302,2:26:56:856900,0
355.2321,260.6302,2:26:56:861267,0
355.1338,260.1638,2:26:56:865287,0
355.06,260.1638,2:26:56:868290,0
354.9862,259.7265,2:26:56:872794,0
354.9124,259.7265,2:26:56:876806,0
354.8386,259.2601,2:26:56:880808,0
354.7648,258.9686,2:26:56:884898,0
354.7157,258.6771,2:26:56:888829,795
354.6665,258.4147,2:26:56:892831,840
354.6419,258.1233,2:26:56:897320,924
354.6419,257.8318,2:26:56:900340,1034
354.6419,257.4819,2:26:56:904341,1156
354.6419,257.1321,2:26:56:908450,1277
354.6419,256.6657,2:26:56:912337,1374
354.6419,256.3159,2:26:56:916339,1502
355.183,255.9079,2:26:56:920655,1656
355.183,255.5289,2:26:56:924657,1799
355.183,255.1499,2:26:56:928646,1954
355.9207,254.8293,2:26:56:932214,2075
355.9207,254.4795,2:26:56:936238,2175
356.6094,254.1588,2:26:56:940237,2274
356.9537,253.8965,2:26:56:945233,2359
357.3226,253.6924,2:26:56:948232,2429
357.6669,253.4592,2:26:56:952233,2483
358.0358,253.2843,2:26:56:957250,2523
358.4047,253.1678,2:26:56:960265,2563
358.8228,253.0511,2:26:56:964268,2604
359.1671,253.0511,2:26:56:969368,2664
359.5606,253.0511,2:26:56:972386,2715
359.9295,253.0511,2:26:56:976380,2759
360.3476,253.0511,2:26:56:980384,2814
360.7411,253.9256,2:26:56:984378,2856
361.1346,253.9256,2:26:56:988380,2894
361.4789,254.9459,2:26:56:992865,2940
361.8478,255.6455,2:26:56:995883,2974
362.2167,256.4617,2:26:56:999884,3017
362.5857,257.3945,2:26:57:004886,3060
362.9054,258.5022,2:26:57:007883,3101
363.1513,259.7556,2:26:57:011884,3146
363.3727,261.1257,2:26:57:016937,3179
363.594,262.554,2:26:57:020956,3205
363.717,264.0407,2:26:57:023956,3233
363.717,265.5565,2:26:57:028960,3252
363.717,267.1306,2:26:57:031956,3266
363.717,268.6755,2:26:57:035957,3283
363.717,270.1913,2:26:57:040956,3289
362.93,271.678,2:26:57:043956,3291
362.93,273.1064,2:26:57:047955,3294
362.1676,274.4764,2:26:57:051970,3299
361.7003,275.8173,2:26:57:056259,3304
361.1592,277.0707,2:26:57:060256,3308
360.5936,278.2368,2:26:57:064474,3314
360.0033,279.2862,2:26:57:068279,3320
359.3147,280.3064,2:26:57:072279,3324
358.6261,281.1809,2:26:57:076792,3329
357.962,281.968,2:26:57:080806,3330
357.3226,282.6675,2:26:57:084807,3328
356.7323,283.2505,2:26:57:088809,3329
356.1913,283.7169,2:26:57:092806,3330
355.6994,284.0959,2:26:57:096809,3337
355.3305,284.4165,2:26:57:100806,3348
354.937,284.5623,2:26:57:104830,3351
354.6665,284.6789,2:26:57:108826,3359
354.4205,284.708,2:26:57:112825,3365
354.1992,284.708,2:26:57:116846,3372
354.0024,284.708,2:26:57:120825,3385
353.8795,284.708,2:26:57:124702,3397
353.7565,284.708,2:26:57:128724,3406
353.6827,283.8918,2:26:57:132723,3405
353.6581,283.8918,2:26:57:136717,3409
353.6581,283.2214,2:26:57:140722,3409
353.6581,283.2214,2:26:57:144720,3411
353.6581,282.4926,2:26:57:148721,3417
353.6581,282.4926,2:26:57:152725,3418
354.3467,281.7639,2:26:57:157720,3422
354.3467,281.7639,2:26:57:160716,3427
355.0108,281.2683,2:26:57:164723,3429
355.4535,281.2683,2:26:57:168721,3431
355.9207,281.006,2:26:57:172746,3436
356.4372,281.006,2:26:57:176717,3435
357.0767,281.006,2:26:57:180716,3440
357.7653,281.006,2:26:57:184724,3452
358.4785,281.006,2:26:57:188724,3474
359.2163,281.006,2:26:57:192717,3508
359.9295,281.8513,2:26:57:196721,3545
360.6674,281.8513,2:26:57:200716,3571
361.4052,282.5509,2:26:57:204720,3586
362.1922,282.5509,2:26:57:208716,3590
362.9792,283.338,2:26:57:212717,3595
363.717,283.338,2:26:57:216717,3598
364.4794,284.1542,2:26:57:220717,3603
365.168,284.504,2:26:57:224707,3611
365.9058,284.8538,2:26:57:228722,3611
366.619,285.1744,2:26:57:232725,3611
367.2831,285.4368,2:26:57:236721,3610
367.8487,285.7283,2:26:57:240722,3602
368.3652,285.9615,2:26:57:244737,3588
368.8325,286.1364,2:26:57:248729,3530
369.2751,286.2821,2:26:57:252729,3425
369.6441,286.4571,2:26:57:256045,3261
369.9884,286.5154,2:26:57:260063,3039
370.3081,286.6028,2:26:57:264068,2797
370.554,286.632,2:26:57:269128,2534
370.8,286.632,2:26:57:272128,2238
371.0213,286.632,2:26:57:276133,1894
371.1935,286.632,2:26:57:280131,1484
371.3164,286.632,2:26:57:284129,1025
371.4148,286.632,2:26:57:288129,587
371.4394,285.6992,2:26:57:292710,265
371.4394,285.6992,2:26:57:296728,0
371.4394,284.9704,2:26:57:300724,0
371.4394,284.9704,2:26:57:304645,0
370.7508,284.0085,2:26:57:308285,0
370.7508,283.5129,2:26:57:312291,0
369.9392,282.959,2:26:57:316292,0
369.4473,282.4344,2:26:57:320291,0
368.8817,281.9388,2:26:57:324292,0
368.316,281.4141,2:26:57:328292,0
367.7257,280.8603,2:26:57:333093,0
367.1355,280.3355,2:26:57:336123,0
366.5699,279.84,2:26:57:340127,0
366.0288,279.4319,2:26:57:344107,0
365.5369,279.0529,2:26:57:348108,0
365.0204,278.7032,2:26:57:352108,0
364.6024,278.4408,2:26:57:356108,0
364.2088,278.2368,2:26:57:360107,0
363.8645,278.0619,2:26:57:364108,0
363.5448,278.0035,2:26:57:368112,0
363.2743,277.9744,2:26:57:372116,0
363.0284,277.9744,2:26:57:376111,0
362.8562,277.9744,2:26:57:380114,0
362.684,277.9744,2:26:57:384108,0
362.5857,277.9744,2:26:57:388109,0
362.4627,277.9744,2:26:57:392108,718
362.4381,277.9744,2:26:57:396109,718
362.4381,277.9744,2:26:57:400109,754
362.4381,277.9744,2:26:57:404109,836
362.4381,278.5574,2:26:57:408112,965
363.0038,278.5574,2:26:57:412112,1139
363.0038,278.5574,2:26:57:416112,1305
363.9383,278.5574,2:26:57:420113,1463
364.5532,278.5574,2:26:57:424993,1582
365.3401,278.5574,2:26:57:428041,1683
366.2255,278.5574,2:26:57:432026,1770
367.2585,278.5574,2:26:57:437013,1841
368.3406,278.5574,2:26:57:440007,1937
369.5703,277.887,2:26:57:444011,2009
370.8,277.887,2:26:57:448632,2070
372.1034,276.925,2:26:57:452645,2110
373.4069,276.3128,2:26:57:456646,2146
374.6612,275.6424,2:26:57:460646,2189
375.8663,274.972,2:26:57:464646,2226
376.973,274.2141,2:26:57:468661,2270
377.9568,273.5144,2:26:57:472773,2332
378.8175,272.8148,2:26:57:476790,2405
379.5062,272.0861,2:26:57:480793,2505
380.0472,271.3282,2:26:57:484787,2602
380.4899,270.5703,2:26:57:488813,2681
380.8096,269.7832,2:26:57:491814,2749
380.9818,268.967,2:26:57:497000,2795
381.1293,268.0342,2:26:57:500007,2846
381.1293,267.0723,2:26:57:504007,2871
381.1293,265.9646,2:26:57:509005,2889
381.1293,264.8278,2:26:57:512007,2903
381.1293,263.5743,2:26:57:516007,2905
380.3915,262.2334,2:26:57:520918,2908
380.3915,260.7759,2:26:57:523933,2943
379.7767,259.4059,2:26:57:527932,2993
379.7767,258.0358,2:26:57:532938,3043
379.0635,256.7532,2:26:57:535933,3114
379.0635,255.4998,2:26:57:539932,3168
378.3748,254.392,2:26:57:545196,3223
378.3748,253.3427,2:26:57:548207,3304
377.7354,252.4973,2:26:57:552208,3373
377.4649,251.8268,2:26:57:556209,3449
377.2189,251.1855,2:26:57:560207,3522
376.9976,250.6026,2:26:57:564207,3591
376.8008,250.1653,2:26:57:569225,3668
376.6533,249.7863,2:26:57:572246,3736
376.5303,249.4948,2:26:57:576227,3798
376.4319,249.3199,2:26:57:580699,3842
376.4319,249.1159,2:26:57:584713,3864
376.3336,249.0284,2:26:57:588715,3871
376.309,248.941,2:26:57:592724,3874
376.309,248.941,2:26:57:596731,3872
376.309,248.941,2:26:57:600733,3873
376.309,248.941,2:26:57:604730,3871
376.309,248.941,2:26:57:608732,3867
376.309,248.941,2:26:57:612958,3870
376.309,249.6406,2:26:57:616977,3893
376.309,249.6406,2:26:57:619976,3939
376.8746,250.69,2:26:57:623975,3997
376.8746,251.3604,2:26:57:627977,4081
377.3911,252.1475,2:26:57:631977,4162
377.3911,253.1678,2:26:57:636637,4240
378.0551,254.3338,2:26:57:640655,4327
378.4732,255.6455,2:26:57:644655,4402
378.8421,257.0739,2:26:57:648655,4471
379.2356,258.5897,2:26:57:652651,4527
379.6537,260.1638,2:26:57:658575,4579
380.0964,261.8545,2:26:57:661591,4625
380.4899,263.6326,2:26:57:664589,4666
380.908,265.3816,2:26:57:668514,4710
381.3015,267.1598,2:26:57:672531,4754
381.6704,268.9088,2:26:57:676532,4790
382.0147,270.5995,2:26:57:680583,4827
382.359,272.261,2:26:57:684582,4853
382.6541,273.8934,2:26:57:688588,4865
382.9493,275.4384,2:26:57:692583,4877
383.2444,276.8958,2:26:57:696599,4881
383.4904,278.295,2:26:57:700585,4884
383.7363,279.5485,2:26:57:704659,4890
383.9576,280.7437,2:26:57:708678,4889
384.2036,281.8222,2:26:57:712678,4897
384.4249,282.7841,2:26:57:716111,4898
384.6708,283.6295,2:26:57:720129,4896
384.8676,284.3582,2:26:57:724106,4899
385.0643,284.9995,2:26:57:728106,4892
385.2611,285.5243,2:26:57:732107,4891
385.4333,285.9907,2:26:57:736108,4880
385.5562,286.3696,2:26:57:740702,4838
385.6792,286.6611,2:26:57:744725,4771
385.7776,286.8943,2:26:57:748720,4664
385.8268,287.04,2:26:57:752259,4529
385.9251,287.1566,2:26:57:756269,4374
385.9497,287.2149,2:26:57:760270,4189
385.9989,287.2149,2:26:57:764269,3938
385.9989,287.2149,2:26:57:768269,3607
386.0235,287.2149,2:26:57:773270,3201
386.0235,287.2149,2:26:57:776640,2722
386.0235,286.2821,2:26:57:780297,2168
386.0235,286.2821,2:26:57:784297,1543
386.0235,285.2328,2:26:57:788699,921
386.0235,284.4749,2:26:57:792726,429
386.0235,283.6295,2:26:57:796721,0
386.0235,282.6967,2:26:57:800717,0
386.0235,281.6765,2:26:57:804717,0
386.0235,280.5688,2:26:57:808716,0
385.5316,279.3736,2:26:57:812722,0
385.5316,278.1201,2:26:57:816733,0
385.5316,276.8084,2:26:57:820729,0
385.0889,275.5258,2:26:57:824698,0
385.0889,274.1849,2:26:57:828716,0
384.7938,272.8148,2:26:57:832717,0
384.7938,271.4448,2:26:57:836716,0
384.4987,270.1039,2:26:57:840734,0
384.4987,268.7921,2:26:57:844735,0
384.179,267.4804,2:26:57:848796,0
384.0314,266.227,2:26:57:852798,0
383.8593,264.9735,2:26:57:855797,0
383.7117,263.7784,2:26:57:860797,0
383.5641,262.6707,2:26:57:864797,0
383.3674,261.5921,2:26:57:868797,0
383.1706,260.5718,2:26:57:872695,0
382.9985,259.639,2:26:57:876821,0
382.7771,258.8228,2:26:57:880819,0
382.5558,258.1233,2:26:57:884820,0
382.3098,257.4528,2:26:57:887820,0
382.0639,256.8698,2:26:57:892890,0
381.818,256.3451,2:26:57:896856,0
381.5474,255.9079,2:26:57:899856,0
381.3015,255.5289,2:26:57:905261,0
381.0802,255.2374,2:26:57:908281,0
380.8588,254.9751,2:26:57:912285,0
380.6866,254.7419,2:26:57:916364,0
380.4653,254.567,2:26:57:920280,0
380.3177,254.392,2:26:57:924280,0
380.121,254.2463,2:26:57:929452,0
379.9734,254.0423,2:26:57:932471,989
379.8013,253.8382,2:26:57:936492,1033
379.6291,253.5759,2:26:57:940471,1120
379.4324,253.2843,2:26:57:944523,1260
379.2848,252.9346,2:26:57:948471,1438
379.0881,252.5264,2:26:57:952514,1601
378.8913,252.0892,2:26:57:956504,1749
378.7191,251.5936,2:26:57:960498,1877
378.5224,251.1272,2:26:57:964538,1988
378.3503,250.5734,2:26:57:968555,2079
378.1535,250.0195,2:26:57:972558,2177
377.9568,249.3783,2:26:57:976556,2264
377.7846,248.7078,2:26:57:980556,2352
377.5878,248.0665,2:26:57:984561,2436
377.3911,247.3378,2:26:57:988606,2514
377.2189,246.5798,2:26:57:992626,2582
377.0222,245.7345,2:26:57:996630,2625
376.85,244.8308,2:26:58:000897,2666
376.6533,243.8689,2:26:58:004915,2691
376.4565,242.8778,2:26:58:008918,2723
376.2844,241.8284,2:26:58:012859,2775
376.1122,240.7498,2:26:58:015941,2830
375.9893,239.7296,2:26:58:019945,2865
375.8417,238.651,2:26:58:025020,2889
375.7433,237.6017,2:26:58:028024,2925
375.6941,236.6397,2:26:58:032018,2956
375.6203,235.7652,2:26:58:037019,2995
375.5958,234.9198,2:26:58:041038,3027
375.5958,234.1328,2:26:58:044015,3033
375.5958,233.4041,2:26:58:049029,3038
375.5958,232.7336,2:26:58:052037,3038
375.5958,232.0923,2:26:58:056040,3042
375.5958,231.5093,2:26:58:060303,3042
376.2352,230.9846,2:26:58:064322,3042
376.2352,230.4599,2:26:58:068327,3040
376.9238,229.9352,2:26:58:072713,3037
377.3665,229.4688,2:26:58:076734,3036
377.8338,229.0316,2:26:58:080734,3035
378.3994,228.5652,2:26:58:084864,3036
378.9897,228.2153,2:26:58:088776,3041
379.6291,227.8656,2:26:58:092776,3061
380.244,227.6032,2:26:58:096782,3081
380.908,227.4283,2:26:58:100773,3106
381.5229,227.37,2:26:58:104772,3125
382.1869,227.37,2:26:58:109209,3134
382.8263,227.37,2:26:58:113232,3176
383.4904,227.37,2:26:58:116230,3230
384.2036,228.2737,2:26:58:121234,3308
384.9414,228.2737,2:26:58:124228,3389
385.6792,229.6145,2:26:58:128227,3445
386.417,230.4599,2:26:58:132854,3495
387.2286,231.4801,2:26:58:136874,3532
388.0648,232.5878,2:26:58:139876,3567
388.8272,233.8121,2:26:58:145244,3602
389.6142,235.1239,2:26:58:150244,3638
390.4012,236.4939,2:26:58:152242,3670
391.1144,237.9223,2:26:58:156241,3707
391.803,239.3506,2:26:58:161241,3751
392.4917,240.8373,2:26:58:164241,3794
393.1065,242.3239,2:26:58:169247,3840
393.6967,243.8398,2:26:58:173254,3882
394.3362,245.3555,2:26:58:176289,3929
394.9019,246.9005,2:26:58:180950,3982
395.4183,248.5329,2:26:58:183979,4045
395.984,250.1653,2:26:58:187972,4106
396.5496,251.8268,2:26:58:193029,4159
397.0907,253.5759,2:26:58:196029,4201
397.5826,255.3831,2:26:58:200029,4234
398.0744,257.1905,2:26:58:205030,4265
398.5909,258.9977,2:26:58:208029,4291
399.009,260.8342,2:26:58:213028,4309
399.4517,262.5249,2:26:58:216843,4321
399.8698,264.2739,2:26:58:219866,4336
400.2387,265.9063,2:26:58:224863,4344
400.583,267.3638,2:26:58:228860,4356
400.9273,268.7047,2:26:58:231861,4366
401.1978,269.929,2:26:58:235866,4369
401.493,271.0367,2:26:58:240695,4375
401.7389,272.0278,2:26:58:244709,4382
401.9602,272.9315,2:26:58:248709,4388
402.1324,273.6602,2:26:58:252709,4392
402.3292,274.3307,2:26:58:256717,4393
402.5259,274.9428,2:26:58:260718,4390
402.6489,275.4092,2:26:58:264991,4393
402.7964,275.8173,2:26:58:268014,4391
402.9194,276.1379,2:26:58:272009,4389
403.0424,276.4586,2:26:58:277006,4386
403.1653,276.6627,2:26:58:281006,4367
403.2883,276.8667,2:26:58:284009,4303
403.3867,276.9542,2:26:58:288835,4182
403.4851,277.0707,2:26:58:291858,3998
403.5834,277.1582,2:26:58:297395,3749
403.6818,277.1873,2:26:58:300554,3445
403.7556,277.1873,2:26:58:304553,3070
403.8786,277.1873,2:26:58:308567,2579
404.0753,277.1873,2:26:58:312705,1905
404.2967,277.1873,2:26:58:316724,1176
404.5426,276.1379,2:26:58:320724,576
404.8377,276.1379,2:26:58:324720,0
405.1082,274.9428,2:26:58:328724,0
405.4526,274.1558,2:26:58:332720,0
405.7723,273.2521,2:26:58:336699,0
406.1166,272.261,2:26:58:340743,0
406.4117,271.2408,2:26:58:344739,0
406.7314,270.1039,2:26:58:348638,0
407.0757,268.967,2:26:58:352761,0
407.4201,267.7719,2:26:58:356758,0
407.789,266.5768,2:26:58:360762,0
408.2071,265.3524,2:26:58:364764,0
408.6006,264.0699,2:26:58:368763,0
409.0432,262.8747,2:26:58:372639,0
409.4367,261.6504,2:26:58:376777,0
409.8794,260.4261,2:26:58:380777,0
410.2975,259.231,2:26:58:384709,0
410.6418,258.1233,2:26:58:388723,0
410.9861,257.0447,2:26:58:392728,0
411.2567,255.937,2:26:58:396727,0
411.478,254.8876,2:26:58:400728,0
411.6994,253.8382,2:26:58:404639,0
411.8224,252.8763,2:26:58:408782,0
411.9207,251.856,2:26:58:412784,0
411.9453,251.0107,2:26:58:415783,0
411.9453,250.1653,2:26:58:420782,0
411.9453,249.3491,2:26:58:424781,0
411.9453,248.6786,2:26:58:428783,0
411.9453,248.0665,2:26:58:432782,0
411.9453,247.4835,2:26:58:436783,0
411.9453,247.0462,2:26:58:440782,0
411.3305,246.6964,2:26:58:444780,0
411.3305,246.3175,2:26:58:448782,0
411.3305,246.026,2:26:58:452780,0
410.9124,245.7345,2:26:58:456781,0
410.9124,245.4722,2:26:58:460784,0
410.9124,245.2098,2:26:58:464782,0
410.9124,245.0058,2:26:58:468783,0
410.9124,244.8017,2:26:58:472783,0
410.9124,244.6559,2:26:58:477022,1258
410.9124,244.4519,2:26:58:480040,1297
410.9124,244.3645,2:26:58:484045,1377
410.9124,244.1895,2:26:58:489041,1487
410.9124,244.1313,2:26:58:492039,1641
410.9124,244.0146,2:26:58:496045,1789
410.9124,243.9563,2:26:58:500779,1924
410.9124,243.8981,2:26:58:504800,2054
410.9124,243.8981,2:26:58:508801,2176
411.3797,243.8981,2:26:58:512793,2282
411.3797,243.8981,2:26:58:516797,2382
411.7978,243.8981,2:26:58:520335,2494
412.0929,243.8981,2:26:58:524315,2597
412.4126,243.8981,2:26:58:528320,2709
412.7815,244.8308,2:26:58:532311,2829
413.175,244.8308,2:26:58:536332,2937
413.5439,245.7928,2:26:58:540314,3032
413.9128,246.3466,2:26:58:544653,3121
414.2817,247.0462,2:26:58:548662,3212
414.6752,247.8042,2:26:58:552654,3312
415.0195,248.6495,2:26:58:556655,3413
415.3638,249.524,2:26:58:560653,3514
415.659,250.4859,2:26:58:564654,3599
416.0033,251.4479,2:26:58:568532,3661
416.323,252.4682,2:26:58:572552,3713
416.6427,253.4884,2:26:58:576552,3747
416.987,254.5961,2:26:58:580740,3774
417.2576,255.7038,2:26:58:584740,3796
417.5281,256.8406,2:26:58:588739,3813
417.8232,257.9775,2:26:58:592745,3832
418.1429,259.0561,2:26:58:596735,3843
418.3397,260.1638,2:26:58:600735,3850
418.6102,261.2423,2:26:58:604715,3854
418.8316,262.2625,2:26:58:608777,3854
419.0283,263.2245,2:26:58:612770,3855
419.2497,264.0699,2:26:58:616737,3861
419.4464,264.886,2:26:58:620755,3866
419.6678,265.644,2:26:58:624754,3873
419.8153,266.3144,2:26:58:628677,3874
419.9629,266.9265,2:26:58:632695,3873
420.1104,267.4513,2:26:58:636697,3884
420.1842,267.8885,2:26:58:640694,3896
420.258,268.2966,2:26:58:644692,3914
420.2826,268.6464,2:26:58:648697,3933
420.3072,268.9379,2:26:58:652661,3942
420.3072,269.1128,2:26:58:656669,3954
420.3072,269.2877,2:26:58:660669,3970
420.3072,269.4043,2:26:58:666267,3982
420.3072,269.4918,2:26:58:669287,3993
420.3072,269.55,2:26:58:672268,3998
419.6432,269.55,2:26:58:676272,3998
419.6432,269.55,2:26:58:680268,4002
419.1513,269.55,2:26:58:684268,4006
419.1513,269.55,2:26:58:688947,4010
418.6594,269.55,2:26:58:691964,4011
418.6594,268.9088,2:26:58:695964,4011
418.1429,268.9088,2:26:58:699979,4015
417.8478,268.3841,2:26:58:703969,4019
417.8478,268.3841,2:26:58:707965,4025
417.4543,267.8593,2:26:58:712251,4034
417.2576,267.8593,2:26:58:716251,4038
417.2576,267.3638,2:26:58:720252,4044
417.0362,267.3638,2:26:58:724256,4050
417.0362,266.8683,2:26:58:728282,4053
417.0362,266.5768,2:26:58:732253,4052
417.0362,266.2561,2:26:58:736898,4052
417.0362,265.848,2:26:58:740425,4049
417.7495,265.4982,2:26:58:744425,4044
417.7495,265.0027,2:26:58:748427,4040
418.8316,264.4779,2:26:58:752430,4038
419.594,263.895,2:26:58:756425,4035
420.4793,263.2537,2:26:58:760438,4035
421.4139,262.6123,2:26:58:764454,4038
422.496,261.8836,2:26:58:768453,4038
423.7257,261.1257,2:26:58:772447,4041
425.0784,260.2803,2:26:58:776452,4042
426.5048,259.3767,2:26:58:780454,4040
427.9804,258.4147,2:26:58:784711,4044
429.5052,257.4819,2:26:58:788729,4048
431.0547,256.5783,2:26:58:792725,4051
432.6533,255.558,2:26:58:796707,4055
434.1289,254.567,2:26:58:800725,4055
435.4569,253.605,2:26:58:805303,4061
436.6866,252.6431,2:26:58:808321,4064
437.7196,251.6811,2:26:58:812321,4068
438.5804,250.7483,2:26:58:816320,4077
439.2444,249.7863,2:26:58:820322,4077
439.7117,248.8244,2:26:58:824321,4079
440.0068,247.8624,2:26:58:828321,4089
440.1298,246.9296,2:26:58:832321,4097
440.1298,246.026,2:26:58:836377,4114
440.1298,245.1223,2:26:58:840395,4144
440.1298,244.1895,2:26:58:844400,4168
439.2444,243.315,2:26:58:848395,4181
439.2444,242.4114,2:26:58:852395,4201
438.1869,241.5369,2:26:58:856395,4219
437.572,240.7207,2:26:58:860395,4242
436.8834,239.9337,2:26:58:864395,4291
436.2439,239.2341,2:26:58:868396,4352
435.6291,238.651,2:26:58:872642,4408
435.0634,238.1263,2:26:58:876429,4471
434.5716,237.6891,2:26:58:880423,4517
434.1535,237.3976,2:26:58:884708,4553
433.8337,237.1644,2:26:58:888729,4579
433.5878,237.0478,2:26:58:892727,4593
433.5878,236.9895,2:26:58:896729,4598
433.3665,236.9603,2:26:58:901038,4591
433.3665,236.9603,2:26:58:905053,4583
433.3665,236.9603,2:26:58:908053,4585
433.3665,236.9603,2:26:58:912694,4586
433.3665,236.9603,2:26:58:916708,4584
433.3665,236.9603,2:26:58:920712,4586
433.3665,237.864,2:26:58:924709,4581
433.3665,237.864,2:26:58:928714,4579
433.3665,238.7677,2:26:58:932708,4586
433.3665,239.3506,2:26:58:937072,4593
433.3665,240.0502,2:26:58:941092,4603
433.8829,240.7498,2:26:58:944091,4621
433.8829,241.5078,2:26:58:949092,4649
433.8829,242.2657,2:26:58:952091,4691
434.3748,243.0818,2:26:58:956093,4748
434.3748,243.9855,2:26:58:960111,4814
434.7683,244.86,2:26:58:964112,4872
435.0388,245.7928,2:26:58:968117,4927
435.2848,246.7839,2:26:58:972117,4967
435.6045,247.8624,2:26:58:976117,5008
435.875,249.0284,2:26:58:980114,5042
436.2193,250.1653,2:26:58:984113,5072
436.5883,251.3896,2:26:58:988120,5100
436.9572,252.6722,2:26:58:992129,5125
437.3506,254.1006,2:26:58:996128,5148
437.7687,255.5289,2:26:59:000867,5163
438.236,256.9864,2:26:59:003886,5179
438.7525,258.4439,2:26:59:007885,5190
439.269,259.9305,2:26:59:011884,5197
439.81,261.4172,2:26:59:016886,5210
440.3511,262.8747,2:26:59:019885,5213
440.8922,264.2448,2:26:59:023885,5207
441.4332,265.4982,2:26:59:028900,5205
441.9743,266.6642,2:26:59:031904,5201
442.4416,267.7719,2:26:59:035904,5201
442.9088,268.7339,2:26:59:040683,5192
443.3023,269.6667,2:26:59:044683,5151
443.7204,270.512,2:26:59:048679,5070
444.0648,271.2408,2:26:59:052683,4936
444.3353,271.8238,2:26:59:057259,4752
444.5566,272.3484,2:26:59:060277,4526
444.7534,272.7857,2:26:59:064288,4253
444.8271,273.1064,2:26:59:068534,3938
444.8763,273.3687,2:26:59:072553,3569
444.8763,273.6019,2:26:59:076553,3156
444.8763,273.7768,2:26:59:080703,2648
444.1877,273.9225,2:26:59:084717,1985
444.1877,274.0392,2:26:59:088721,1245
443.0318,274.0392,2:26:59:092718,625
442.2202,274.0392,2:26:59:096731,0
441.2365,274.0392,2:26:59:100725,0
440.1298,274.0392,2:26:59:104638,0
438.7771,274.0392,2:26:59:108757,0
437.2769,274.0392,2:26:59:112759,0
435.5553,273.0772,2:26:59:116757,0
433.5878,273.0772,2:26:59:120757,0
431.4727,272.2318,2:26:59:125930,0
429.0872,271.7072,2:26:59:127948,0
426.5048,271.1824,2:26:59:131949,0
423.7257,270.6286,2:26:59:136635,0
420.7991,270.1039,2:26:59:140652,0
417.7003,269.6375,2:26:59:144649,0
414.4785,269.2003,2:26:59:148648,0
411.2075,268.9088,2:26:59:152650,0
407.6414,268.6464,2:26:59:156653,0
404.0753,268.6464,2:26:59:160653,0
400.4109,268.4132,2:26:59:164653,0
396.5742,268.4132,2:26:59:168653,0
392.6146,268.4132,2:26:59:173649,0
388.5567,268.4132,2:26:59:176649,0
384.4249,268.4132,2:26:59:182144,0
380.2686,268.4132,2:26:59:185149,0
376.186,269.2003,2:26:59:188147,0
372.0297,269.2003,2:26:59:192142,0
367.9471,269.2003,2:26:59:196143,0
363.9629,269.7541,2:26:59:200144,0
360.1263,269.7541,2:26:59:204903,0
356.4372,269.7541,2:26:59:207925,0
352.8465,269.7541,2:26:59:211928,0
349.4034,269.7541,2:26:59:217086,0
346.1324,269.7541,2:26:59:220109,0
343.009,269.7541,2:26:59:224104,0
340.107,269.7541,2:26:59:229105,0
337.3279,269.7541,2:26:59:232104,0
334.6472,268.9962,2:26:59:236104,0
332.1386,268.9962,2:26:59:240939,0
329.8022,268.3841,2:26:59:244133,0
327.6133,268.3841,2:26:59:248127,0
325.5475,267.7719,2:26:59:252220,0
323.6783,267.7719,2:26:59:256244,0
321.9076,267.1889,2:26:59:260244,0
320.309,267.1889,2:26:59:265238,0
318.858,266.7516,2:26:59:268243,0
317.5299,266.7516,2:26:59:272243,0
316.3002,266.4601,2:26:59:277360,0
315.1935,266.4601,2:26:59:280379,0
314.2097,266.1686,2:26:59:284409,0
313.2998,265.9937,2:26:59:289379,0
312.4882,265.848,2:26:59:293380,0
311.7996,265.7022,2:26:59:296379,0
311.1847,265.5565,2:26:59:301188,0
310.6436,265.4399,2:26:59:304206,0
310.1518,265.3816,2:26:59:308206,0
309.7091,265.3816,2:26:59:312319,0
309.2664,265.3816,2:26:59:316211,0
308.8483,265.3816,2:26:59:320211,0
308.4302,265.3816,2:26:59:324932,0
308.0367,265.3816,2:26:59:328487,0
307.6186,266.1104,2:26:59:332497,0
307.2251,266.1104,2:26:59:336445,0
306.7824,266.7808,2:26:59:340499,0
306.3398,266.7808,2:26:59:344499,0
305.9463,267.6262,2:26:59:348537,0
305.5528,267.6262,2:26:59:352518,0
305.1592,268.4424,2:26:59:356523,0
304.8149,268.8213,2:26:59:361113,0
304.4952,269.2003,2:26:59:364131,0
304.2739,269.4918,2:26:59:368131,0
304.1017,269.4918,2:26:59:373134,706
304.0034,269.8124,2:26:59:376132,732
303.9296,269.8124,2:26:59:380131,790
303.905,269.9582,2:26:59:385430,891
303.905,269.9582,2:26:59:388458,1057
303.905,269.9582,2:26:59:392441,1283
303.905,269.9582,2:26:59:397390,1533
304.6428,269.9582,2:26:59:399920,1794
304.6428,269.9582,2:26:59:403918,2024
305.8479,269.2003,2:26:59:408916,2202
306.7086,269.2003,2:26:59:411917,2360
307.9138,268.18,2:26:59:415949,2491
309.3402,267.4804,2:26:59:421295,2614
311.0372,266.6642,2:26:59:424314,2739
313.0047,265.7022,2:26:59:428315,2865
315.2181,264.6237,2:26:59:432321,2982
317.7021,263.4577,2:26:59:436314,3100
320.4074,262.1459,2:26:59:440314,3204
323.457,260.7176,2:26:59:444727,3303
326.9001,259.3184,2:26:59:448744,3400
330.663,257.8609,2:26:59:452741,3493
334.7455,256.4326,2:26:59:456743,3573
339.074,254.9459,2:26:59:460741,3639
343.6485,253.5175,2:26:59:464741,3695
348.4442,252.1475,2:26:59:468527,3744
353.5598,250.8358,2:26:59:472553,3790
358.872,249.6115,2:26:59:476554,3827
364.1843,248.358,2:26:59:480928,3865
369.4965,247.1628,2:26:59:483947,3891
374.8333,246.0551,2:26:59:488968,3911
380.1702,244.9766,2:26:59:492951,3926
385.5562,243.9563,2:26:59:495953,3936
390.9177,242.9944,2:26:59:499948,3947
396.1315,242.0616,2:26:59:503952,3968
401.0995,241.1579,2:26:59:508949,3996
405.8953,240.4001,2:26:59:512956,4028
410.4451,239.6422,2:26:59:515949,4069
414.872,238.9426,2:26:59:519949,4116
419.0775,238.3304,2:26:59:524905,4173
423.0125,237.7474,2:26:59:527923,4239
426.6032,237.281,2:26:59:531922,4302
429.8741,236.8438,2:26:59:536922,4366
432.8746,236.4357,2:26:59:540922,4428
435.6045,236.0858,2:26:59:543923,4494
438.0885,235.7652,2:26:59:548704,4566
440.2035,235.4737,2:26:59:552723,4639
442.0481,235.2113,2:26:59:556719,4709
443.6221,234.949,2:26:59:560719,4775
444.9747,234.6866,2:26:59:564719,4835
446.1798,234.4534,2:26:59:568718,4890
447.2127,234.2785,2:26:59:572637,4942
448.1473,234.0453,2:26:59:576649,4996
448.9343,233.8705,2:26:59:580653,5056
449.6229,233.6955,2:26:59:584633,5110
450.2378,233.5498,2:26:59:588666,5161
450.7788,233.4041,2:26:59:592666,5204
451.2461,233.2,2:26:59:596688,5231
451.6396,233.0834,2:26:59:600684,5256
452.0331,232.9377,2:26:59:604683,5268
452.3774,232.8502,2:26:59:608685,5272
452.7217,232.6753,2:26:59:612683,5275
453.0169,232.5878,2:26:59:616684,5269
453.2382,232.4421,2:26:59:620688,5272
453.4842,232.3546,2:26:59:624683,5274
453.6563,232.2381,2:26:59:628684,5269
453.8039,232.1214,2:26:59:632069,5264
453.9023,232.0632,2:26:59:636070,5206
453.9268,232.034,2:26:59:640071,5069
453.9268,231.9757,2:26:59:644068,4831
453.9268,231.9465,2:26:59:648070,4444
453.9268,231.9465,2:26:59:652070,3880
453.9268,231.9465,2:26:59:656070,3077
453.9268,231.9465,2:26:59:660070,2001
453.9268,231.9174,2:26:59:665471,1079
453.9268,231.9174,2:26:59:668080,0
453.2382,231.8882,2:26:59:672090,0
453.2382,231.8008,2:26:59:676634,0
453.2382,231.655,2:26:59:680653,0
452.7217,231.5093,2:26:59:686652,0
452.7217,231.2469,2:26:59:688652,0
452.7217,230.9846,2:26:59:692649,0
452.7217,230.7222,2:26:59:696896,0
453.3858,230.4308,2:26:59:700912,0
453.3858,230.1101,2:26:59:703914,0
454.5909,229.8477,2:26:59:708914,0
455.55,229.6145,2:26:59:712913,0
456.7059,229.3813,2:26:59:715915,0
457.9602,229.2065,2:26:59:719933,0
459.4604,229.0607,2:26:59:723956,0
461.1328,228.9441,2:26:59:727957,0
462.8544,228.7401,2:26:59:732334,0
464.6743,228.536,2:26:59:736352,0
464.6743,228.536,2:26:59:755432,0
