352.3546,306.9786,2:29:21:550791,0
352.3546,306.9786,2:29:21:553813,0
352.3546,306.9786,2:29:21:557813,0
351.5431,306.9786,2:29:21:561828,0
350.8298,306.2499,2:29:21:565809,0
349.9445,306.2499,2:29:21:570418,0
348.8132,306.2499,2:29:21:574437,0
347.5097,305.5211,2:29:21:578434,0
345.9357,305.5211,2:29:21:582438,0
344.0666,305.5211,2:29:21:586491,0
342.345,305.5211,2:29:21:589510,0
340.6726,304.9965,2:29:21:594513,0
339.0986,304.9965,2:29:21:597510,0
337.4016,304.6175,2:29:21:602508,0
335.8277,304.6175,2:29:21:605510,0
334.3029,304.1802,2:29:21:610454,0
332.8518,303.8304,2:29:21:613478,0
331.5237,303.5098,2:29:21:618482,0
330.2695,303.1309,2:29:21:622481,0
329.1136,302.7227,2:29:21:626479,0
327.9576,302.2563,2:29:21:629482,0
327.0231,301.7317,2:29:21:634707,0
326.2115,301.1778,2:29:21:637726,0
325.5721,300.5948,2:29:21:642726,0
325.0556,299.9826,2:29:21:645732,0
324.6867,299.3122,2:29:21:649725,0
324.3916,298.7,2:29:21:653726,0
324.1456,298.0005,2:29:21:657813,0
323.9981,297.33,2:29:21:661837,0
323.8997,296.6304,2:29:21:666469,0
323.8013,295.9308,2:29:21:669522,0
323.7275,295.1146,2:29:21:674293,0
323.7029,294.2401,2:29:21:678310,0
323.7029,293.3656,2:29:21:682383,0
323.7029,292.3745,2:29:21:686311,0
323.7029,291.3542,2:29:21:690317,0
324.4162,290.3048,2:29:21:694311,0
324.4162,289.168,2:29:21:698366,0
325.2769,288.1477,2:29:21:702333,0
325.7688,287.1566,2:29:21:706319,0
326.3099,286.1364,2:29:21:710338,0
326.851,285.2328,2:29:21:714446,0
327.392,284.4165,2:29:21:718364,0
327.9576,283.6587,2:29:21:722368,0
328.5479,282.9882,2:29:21:726363,0
329.089,282.4926,2:29:21:730019,0
329.5562,281.968,2:29:21:733940,0
330.0235,281.4724,2:29:21:737934,0
330.54,281.0643,2:29:21:741959,0
331.1057,280.6562,2:29:21:746323,0
331.6959,280.3064,2:29:21:750345,0
332.3354,279.9275,2:29:21:754343,0
332.9502,279.6068,2:29:21:758343,0
333.6388,279.2278,2:29:21:762379,0
334.4258,278.9363,2:29:21:766397,0
335.2128,278.6448,2:29:21:770401,0
335.9506,278.3242,2:29:21:773400,0
336.6638,278.0619,2:29:21:778478,0
337.3525,277.8286,2:29:21:781498,0
337.9919,277.5663,2:29:21:786496,0
338.5822,277.304,2:29:21:789498,0
339.1478,277.0125,2:29:21:794334,0
339.6397,276.7501,2:29:21:798350,0
340.107,276.4878,2:29:21:802366,0
340.5497,276.2254,2:29:21:806349,0
340.9431,275.9339,2:29:21:810257,0
341.2875,275.6715,2:29:21:814276,0
341.6072,275.4092,2:29:21:818277,0
341.9269,275.1469,2:29:21:822274,0
342.1974,274.8845,2:29:21:826276,0
342.4188,274.6805,2:29:21:830273,0
342.6401,274.4472,2:29:21:834274,0
342.8123,274.2141,2:29:21:838273,0
342.9844,274.0392,2:29:21:842833,0
343.132,273.8059,2:29:21:845851,0
343.255,273.631,2:29:21:849850,0
343.3779,273.4853,2:29:21:853852,0
343.4763,273.3104,2:29:21:857850,0
343.5747,273.1064,2:29:21:861851,0
343.6485,272.9606,2:29:21:865851,0
343.6977,272.8148,2:29:21:869854,0
343.7714,272.6691,2:29:21:873851,0
343.796,272.5233,2:29:21:877851,0
343.8206,272.4067,2:29:21:882668,0
343.8206,272.2902,2:29:21:885692,0
343.8206,272.2318,2:29:21:890686,0
343.8206,272.1152,2:29:21:893687,0
343.8206,272.0278,2:29:21:897721,0
343.8206,271.9987,2:29:21:901685,0
343.8206,271.9403,2:29:21:906682,0
343.8206,271.882,2:29:21:909691,0
343.3287,271.8529,2:29:21:914599,0
343.3287,271.8529,2:29:21:917618,0
343.3287,271.8238,2:29:21:921617,0
343.3287,271.8238,2:29:21:925618,0
342.8861,271.8238,2:29:21:929651,0
342.8861,271.8238,2:29:21:934614,0
342.8861,271.8238,2:29:21:938324,0
342.5172,271.8238,2:29:21:941870,0
342.5172,271.8238,2:29:21:946286,0
342.222,271.8238,2:29:21:950309,0
342.222,271.8238,2:29:21:954308,0
341.9515,271.8238,2:29:21:958309,0
341.8039,271.8238,2:29:21:962616,0
341.6318,272.3484,2:29:21:965634,0
341.4842,272.3484,2:29:21:970637,0
341.3612,272.3484,2:29:21:974634,0
341.1891,272.3484,2:29:21:978323,0
341.1153,272.3484,2:29:21:982341,0
341.0169,272.3484,2:29:21:986339,0
340.9923,272.3484,2:29:21:990343,0
340.9185,272.64,2:29:21:994341,0
340.9185,272.64,2:29:21:998338,0
340.9185,272.64,2:29:22:002286,0
340.9185,272.64,2:29:22:006308,0
340.9185,272.64,2:29:22:010533,0
340.9185,272.64,2:29:22:013552,0
340.9185,272.64,2:29:22:018551,0
340.9185,272.64,2:29:22:021562,0
340.9185,272.64,2:29:22:025557,0
341.4104,272.64,2:29:22:029551,0
341.4104,272.1152,2:29:22:034598,0
341.4104,272.1152,2:29:22:037617,0
341.4104,272.1152,2:29:22:041622,0
341.4104,272.1152,2:29:22:045622,0
341.7302,271.678,2:29:22:050381,0
341.7302,271.678,2:29:22:054395,0
341.7302,271.678,2:29:22:057399,0
341.7302,271.2699,2:29:22:062397,0
341.7302,271.2699,2:29:22:066401,0
341.7302,270.9784,2:29:22:069399,0
341.7302,270.8326,2:29:22:074076,0
341.7302,270.6577,2:29:22:078057,0
341.2629,270.512,2:29:22:082057,0
341.2629,270.4246,2:29:22:085907,0
341.2629,270.308,2:29:22:089910,0
341.2629,270.1622,2:29:22:093908,0
341.2629,269.9582,2:29:22:097547,0
341.2629,269.8124,2:29:22:101565,0
340.9185,269.6667,2:29:22:105571,0
340.9185,269.55,2:29:22:109565,0
340.9185,269.4043,2:29:22:114715,0
340.9185,269.2877,2:29:22:117739,0
340.7218,269.2003,2:29:22:121733,0
340.7218,269.1128,2:29:22:125758,867
340.7218,269.0836,2:29:22:129733,901
340.7218,268.9962,2:29:22:133734,992
340.648,268.967,2:29:22:137733,1150
340.648,268.9088,2:29:22:142292,1371
340.648,268.8504,2:29:22:145783,1622
340.648,268.8213,2:29:22:149776,1875
340.5742,268.7921,2:29:22:153772,2110
340.5742,268.7339,2:29:22:158212,2327
340.5742,268.7047,2:29:22:162249,2511
340.5742,268.7047,2:29:22:166267,2677
340.5742,268.7047,2:29:22:170249,2826
340.5742,268.7047,2:29:22:174250,2964
340.5742,268.7047,2:29:22:178249,3090
340.5742,268.7047,2:29:22:182246,3194
340.5742,268.7047,2:29:22:186250,3280
340.5742,268.7047,2:29:22:190326,3347
340.5742,268.7047,2:29:22:194345,3402
340.5742,268.7047,2:29:22:198342,3448
340.5742,268.7047,2:29:22:202361,3531
340.5742,268.7047,2:29:22:206360,3648
340.5742,268.7047,2:29:22:210365,3788
341.0661,269.2877,2:29:22:214360,3944
341.0661,269.2877,2:29:22:218355,4070
341.4596,270.0164,2:29:22:222338,4181
341.4596,270.512,2:29:22:226384,4284
342.0007,271.1241,2:29:22:230385,4380
342.345,271.8238,2:29:22:234384,4480
342.6893,272.64,2:29:22:238211,4568
343.0828,273.4853,2:29:22:242247,4655
343.4271,274.3598,2:29:22:246246,4737
343.7714,275.38,2:29:22:250251,4822
344.1404,276.4586,2:29:22:254246,4908
344.4846,277.5955,2:29:22:258247,5005
344.8536,278.7323,2:29:22:262251,5097
345.1979,279.9566,2:29:22:266252,5184
345.5422,281.1809,2:29:22:270251,5283
345.8865,282.4926,2:29:22:274247,5363
346.2308,283.7752,2:29:22:278251,5458
346.5751,285.1161,2:29:22:282252,5550
346.9194,286.3987,2:29:22:286252,5633
347.2392,287.7105,2:29:22:290252,5728
347.5343,288.964,2:29:22:294228,5814
347.854,290.3048,2:29:22:298261,5899
348.1245,291.6166,2:29:22:302249,5973
348.4196,292.9283,2:29:22:306246,6038
348.6656,294.2109,2:29:22:310854,6098
348.8869,295.4644,2:29:22:313873,6151
349.1083,296.747,2:29:22:317872,6205
349.3296,297.9421,2:29:22:321874,6247
349.5018,299.1373,2:29:22:326261,6286
349.6985,300.2159,2:29:22:330279,6319
349.8461,301.2069,2:29:22:334279,6337
350.0182,302.1106,2:29:22:338277,6357
350.1658,302.9268,2:29:22:342275,6366
350.3134,303.6264,2:29:22:346275,6373
350.4363,304.2386,2:29:22:350423,6381
350.5593,304.7924,2:29:22:354442,6383
350.7069,305.3171,2:29:22:358270,6391
350.7561,305.7252,2:29:22:362283,6390
350.8544,306.075,2:29:22:365974,6393
350.9036,306.3665,2:29:22:370009,6395
350.9774,306.6288,2:29:22:374024,6398
351.002,306.7746,2:29:22:377992,6401
351.0512,306.9203,2:29:22:382401,6404
351.0758,307.037,2:29:22:386419,6401
351.1004,307.0952,2:29:22:390422,6390
351.1004,307.1244,2:29:22:394419,6371
351.1004,307.1827,2:29:22:397418,6342
351.1004,307.1827,2:29:22:402420,6280
351.1004,307.1827,2:29:22:406298,6187
351.1004,307.1827,2:29:22:409819,6031
351.1004,307.1827,2:29:22:413819,5784
351.1004,307.1827,2:29:22:417817,5463
351.1004,307.1827,2:29:22:421817,5078
351.1004,307.1827,2:29:22:426659,4660
351.1004,306.3957,2:29:22:429678,4210
351.1004,306.3957,2:29:22:433678,3731
350.5347,305.696,2:29:22:437678,3207
350.5347,305.2005,2:29:22:441678,2595
350.0428,304.705,2:29:22:445678,1864
350.0428,304.0637,2:29:22:450276,1129
349.3788,303.4224,2:29:22:454294,539
348.9853,302.7227,2:29:22:458278,0
348.5672,302.0232,2:29:22:462297,0
348.1737,301.3235,2:29:22:466296,0
347.731,300.5948,2:29:22:470297,0
347.2638,299.8077,2:29:22:474296,0
346.8456,299.0207,2:29:22:478296,0
346.4276,298.2628,2:29:22:481750,0
346.0341,297.5049,2:29:22:485809,0
345.6898,296.6887,2:29:22:490322,0
345.4192,295.8725,2:29:22:494342,0
345.2225,294.998,2:29:22:497960,0
345.0749,294.1818,2:29:22:502005,0
345.0503,293.453,2:29:22:506003,0
345.0503,292.7243,2:29:22:510004,0
345.0503,291.9955,2:29:22:514319,0
345.0503,291.296,2:29:22:518332,0
345.0503,290.6255,2:29:22:522338,0
345.0503,290.0717,2:29:22:526338,0
345.0503,289.5469,2:29:22:530319,0
345.5668,289.0222,2:29:22:533696,0
345.5668,288.5267,2:29:22:538211,0
345.5668,288.0312,2:29:22:542243,0
345.5668,287.6522,2:29:22:546243,0
345.5668,287.3315,2:29:22:550247,0
345.5668,287.04,2:29:22:554242,0
345.5668,286.7777,2:29:22:558248,0
345.5668,286.632,2:29:22:562432,0
345.5668,286.4862,2:29:22:565455,0
345.5668,286.3405,2:29:22:570324,0
345.5668,286.2238,2:29:22:574343,1477
345.5668,286.0781,2:29:22:578342,1534
345.5668,285.9323,2:29:22:582346,1676
345.5668,285.8157,2:29:22:586342,1893
345.5668,285.6992,2:29:22:590394,2166
345.5668,285.5534,2:29:22:595345,2435
345.5668,285.4368,2:29:22:597881,2667
345.5668,285.3785,2:29:22:601896,2865
345.5668,285.291,2:29:22:605872,3037
345.5668,285.291,2:29:22:609878,3179
345.5668,285.2619,2:29:22:614270,3292
345.5668,285.2619,2:29:22:618294,3385
345.5668,285.2619,2:29:22:622284,3473
345.5668,285.2619,2:29:22:626285,3558
345.5668,285.2619,2:29:22:630289,3631
345.5668,285.2619,2:29:22:634284,3685
345.2963,285.2619,2:29:22:638288,3714
345.2963,285.2619,2:29:22:642289,3721
344.7306,285.2619,2:29:22:646296,3729
344.3125,285.2619,2:29:22:650284,3740
343.796,285.8741,2:29:22:654524,3759
343.132,285.8741,2:29:22:657547,3783
342.3942,285.8741,2:29:22:661543,3801
341.5088,286.5445,2:29:22:665543,3825
340.5497,286.5445,2:29:22:669543,3840
339.5659,287.0692,2:29:22:673543,3856
338.6068,287.3607,2:29:22:678274,3870
337.5738,287.6522,2:29:22:682475,3880
336.5655,287.8854,2:29:22:686276,3892
335.6309,288.1477,2:29:22:689805,3917
334.6964,288.381,2:29:22:693808,3948
333.9339,288.5558,2:29:22:697807,3992
333.2699,288.6725,2:29:22:701806,4038
332.778,288.8182,2:29:22:705806,4078
332.3354,288.8474,2:29:22:709807,4122
332.0402,288.8765,2:29:22:713607,4149
331.8927,288.9348,2:29:22:717586,4175
331.7943,288.9348,2:29:22:721599,4192
331.7697,288.964,2:29:22:725581,4199
331.7697,288.964,2:29:22:729585,4204
331.7697,288.964,2:29:22:733581,4200
331.7697,288.964,2:29:22:737584,4196
331.7697,288.964,2:29:22:741585,4191
331.7697,288.964,2:29:22:745612,4187
331.7697,288.964,2:29:22:749577,4188
332.5075,288.964,2:29:22:754596,4186
332.5075,289.6635,2:29:22:757614,4191
333.3683,289.6635,2:29:22:762611,4194
333.8847,290.3048,2:29:22:766027,4201
334.475,290.3048,2:29:22:770050,4205
335.0898,291.0336,2:29:22:774049,4209
335.7047,291.4709,2:29:22:778045,4208
336.2704,291.9664,2:29:22:782045,4206
336.7868,292.5203,2:29:22:786332,4210
337.2541,293.1032,2:29:22:790333,4213
337.6476,293.7445,2:29:22:793877,4227
337.9427,294.4442,2:29:22:797878,4246
338.1395,295.2603,2:29:22:801878,4272
338.1395,296.0765,2:29:22:805877,4302
338.1395,296.8928,2:29:22:809925,4333
338.1395,297.709,2:29:22:813943,4362
338.1395,298.5543,2:29:22:818184,4385
337.1065,299.3705,2:29:22:822196,4395
336.4179,300.2159,2:29:22:826196,4407
335.6063,301.0612,2:29:22:830196,4412
334.6964,301.9066,2:29:22:834228,4418
333.7618,302.6936,2:29:22:838251,4429
332.7289,303.4224,2:29:22:842358,4432
331.6959,304.0928,2:29:22:846377,4439
330.6384,304.7341,2:29:22:849377,4444
329.5808,305.2879,2:29:22:854377,4449
328.4495,305.7543,2:29:22:858378,4458
327.392,306.1624,2:29:22:862377,4469
326.2607,306.4831,2:29:22:866282,4483
325.0556,306.6871,2:29:22:870300,4502
323.8259,306.8329,2:29:22:874271,4520
322.5962,306.8912,2:29:22:878286,4542
321.3665,306.8912,2:29:22:882285,4567
320.2106,306.8912,2:29:22:886287,4592
319.0793,306.8912,2:29:22:890285,4621
317.9972,306.1333,2:29:22:894286,4643
316.9888,306.1333,2:29:22:898286,4667
316.0543,305.2005,2:29:22:902286,4686
315.2181,304.5592,2:29:22:906688,4697
314.4557,303.8888,2:29:22:909711,4709
313.7425,303.1017,2:29:22:913710,4711
313.0538,302.2855,2:29:22:918050,4720
312.4636,301.4693,2:29:22:922068,4730
311.9225,300.6531,2:29:22:926068,4744
311.4553,299.8369,2:29:22:930067,4755
311.0863,299.079,2:29:22:934068,4761
310.7666,298.3503,2:29:22:938069,4764
310.5207,297.709,2:29:22:942285,4758
310.3485,297.0677,2:29:22:946304,4758
310.2502,296.5429,2:29:22:950304,4751
310.1764,296.0765,2:29:22:954300,4746
310.1518,295.6976,2:29:22:958531,4741
310.1518,295.377,2:29:22:961549,4723
310.1518,295.1146,2:29:22:966281,4687
310.1518,294.9106,2:29:22:970295,4605
310.1518,294.8231,2:29:22:974297,4460
310.7174,294.7065,2:29:22:978300,4234
310.7174,294.619,2:29:22:982536,3929
311.3815,294.619,2:29:22:985554,3567
311.3815,294.619,2:29:22:990210,3161
312.2422,294.619,2:29:22:994228,2708
312.7833,294.619,2:29:22:998277,2131
313.349,295.581,2:29:23:001810,1441
313.9392,295.581,2:29:23:005806,811
314.5541,296.4846,2:29:23:009804,317
315.2181,297.0385,2:29:23:013809,0
315.9067,297.5923,2:29:23:017814,0
316.5953,298.2045,2:29:23:022520,0
317.3086,298.8167,2:29:23:026046,0
318.0218,299.4288,2:29:23:030051,0
318.7104,300.0701,2:29:23:034046,0
319.4236,300.7405,2:29:23:038066,0
320.186,301.3527,2:29:23:042042,0
320.9239,302.0232,2:29:23:046415,0
321.7354,302.6645,2:29:23:050432,0
322.6208,303.2766,2:29:23:054429,0
323.5308,303.9471,2:29:23:057448,0
324.5145,304.5592,2:29:23:062561,0
325.6212,305.1422,2:29:23:066574,0
326.6788,305.696,2:29:23:070267,0
327.7609,306.2207,2:29:23:074281,0
328.9168,306.658,2:29:23:078210,0
330.0727,307.0661,2:29:23:081738,0
331.3024,307.4742,2:29:23:086737,0
332.5075,307.7949,2:29:23:089743,0
333.7126,308.0863,2:29:23:093739,0
334.8931,308.407,2:29:23:097745,0
336.0982,308.6693,2:29:23:101758,0
337.3279,308.8734,2:29:23:105756,0
338.4838,309.1357,2:29:23:110278,0
339.5659,309.3981,2:29:23:114292,0
340.5988,309.573,2:29:23:118297,0
341.6072,309.8062,2:29:23:122284,0
342.5417,309.9811,2:29:23:126305,0
343.4271,310.1852,2:29:23:130306,0
344.2633,310.36,2:29:23:134284,0
345.0503,310.5349,2:29:23:138067,0
345.8127,310.739,2:29:23:142068,0
346.5013,310.8264,2:29:23:146069,0
347.1654,310.9431,2:29:23:152063,0
347.7802,311.0305,2:29:23:154064,0
348.4196,311.0888,2:29:23:158067,0
348.9361,311.1762,2:29:23:162063,0
349.4526,311.2346,2:29:23:166065,0
349.8953,311.2928,2:29:23:170748,0
350.2888,311.322,2:29:23:173766,0
350.6331,311.3511,2:29:23:177767,0
350.9774,311.4386,2:29:23:181779,0
351.2479,311.4677,2:29:23:185766,0
351.5185,311.5552,2:29:23:189767,0
351.7644,311.6135,2:29:23:194466,0
351.9857,311.701,2:29:23:198271,0
352.2317,311.7301,2:29:23:202271,0
352.4776,311.7884,2:29:23:205982,0
352.7236,311.8467,2:29:23:209918,0
352.9695,311.8759,2:29:23:213923,0
353.2154,311.905,2:29:23:217923,0
353.486,311.905,2:29:23:221925,0
353.6581,311.905,2:29:23:225922,0
353.8549,311.9633,2:29:23:231003,0
354.027,311.9633,2:29:23:234022,0
354.1746,311.9925,2:29:23:238022,0
354.2238,311.9925,2:29:23:242033,0
354.2976,312.0216,2:29:23:246022,0
354.3467,312.0216,2:29:23:250027,0
354.3467,312.0508,2:29:23:254058,0
354.3467,312.1382,2:29:23:258468,0
354.3467,312.1674,2:29:23:261489,0
354.3467,312.1965,2:29:23:266486,0
354.3467,312.2548,2:29:23:270486,936
354.3467,312.2839,2:29:23:274892,969
354.3467,312.3131,2:29:23:277910,1063
354.3467,312.3714,2:29:23:281910,1213
354.3467,312.4005,2:29:23:285911,1426
354.3467,312.4005,2:29:23:289906,1651
354.3467,312.4005,2:29:23:293905,1861
354.3467,312.4005,2:29:23:297895,2046
354.3467,312.4005,2:29:23:301927,2195
354.3467,312.4005,2:29:23:305929,2324
354.3467,312.4005,2:29:23:309929,2433
354.3467,312.4005,2:29:23:314342,2536
354.3467,312.4005,2:29:23:318362,2649
354.3467,312.4005,2:29:23:322363,2773
354.3467,312.4005,2:29:23:326363,2912
354.3467,312.4005,2:29:23:330363,3058
354.3467,312.4005,2:29:23:334359,3193
354.3467,312.4005,2:29:23:338360,3300
354.3467,312.4005,2:29:23:342762,3378
354.3467,312.4005,2:29:23:345786,3433
354.3467,312.4005,2:29:23:349780,3479
353.5598,312.4005,2:29:23:353781,3527
353.5598,312.4005,2:29:23:357805,3575
352.7973,312.4005,2:29:23:361781,3622
352.3546,312.4005,2:29:23:366423,3664
351.8628,312.4005,2:29:23:369442,3703
351.3709,312.4005,2:29:23:373442,3734
350.9528,312.4005,2:29:23:377442,3760
350.5101,312.4005,2:29:23:382820,3781
350.1412,312.4005,2:29:23:385838,3799
349.7969,312.4005,2:29:23:389854,3821
349.5018,312.4005,2:29:23:393838,3844
349.2558,312.4005,2:29:23:397840,3865
349.0591,311.5844,2:29:23:401840,3887
348.9115,311.5844,2:29:23:405843,3902
348.8132,310.9139,2:29:23:409839,3912
348.764,310.9139,2:29:23:413839,3917
348.764,310.0977,2:29:23:418839,3917
348.764,309.6605,2:29:23:421841,3919
348.764,309.2523,2:29:23:425838,3927
348.764,308.8442,2:29:23:429839,3937
348.764,308.4362,2:29:23:433843,3949
349.3542,308.0572,2:29:23:437844,3963
349.3542,307.7365,2:29:23:441839,3976
349.8461,307.445,2:29:23:446333,3993
349.8461,307.1827,2:29:23:450355,4010
350.5347,306.9786,2:29:23:454354,4029
350.9774,306.8329,2:29:23:458398,4047
351.4693,306.7746,2:29:23:462357,4069
352.0103,306.7163,2:29:23:466351,4097
352.6252,306.7163,2:29:23:470850,4123
353.2892,306.7163,2:29:23:473863,4154
353.9041,306.7163,2:29:23:477862,4176
354.5927,307.4742,2:29:23:481821,4199
355.183,307.4742,2:29:23:485820,4223
355.724,308.3195,2:29:23:489821,4257
356.2159,308.3195,2:29:23:494562,4297
356.634,309.4564,2:29:23:498567,4339
356.9537,310.1269,2:29:23:502562,4389
357.1505,310.8264,2:29:23:506563,4432
357.298,311.6426,2:29:23:510562,4481
357.3226,312.4589,2:29:23:513563,4535
357.3226,313.3625,2:29:23:518228,4592
357.3226,314.237,2:29:23:522592,4650
356.6832,315.1698,2:29:23:525594,4711
356.6832,316.1317,2:29:23:530551,4767
355.5027,317.0937,2:29:23:533591,4818
354.6665,318.0556,2:29:23:537569,4867
353.6827,319.0176,2:29:23:542570,4913
352.576,319.9504,2:29:23:545570,4959
351.3463,320.8249,2:29:23:549568,4997
350.0674,321.6411,2:29:23:553573,5044
348.7394,322.4573,2:29:23:557570,5072
347.3621,323.1569,2:29:23:561575,5098
345.9357,323.8274,2:29:23:566440,5130
344.6076,324.3812,2:29:23:569459,5148
343.255,324.8767,2:29:23:573497,5172
341.9515,325.2849,2:29:23:577650,5195
340.6972,325.6055,2:29:23:581648,5206
339.5167,325.8679,2:29:23:585650,5218
338.3854,325.9844,2:29:23:589653,5227
337.4262,326.0136,2:29:23:593657,5228
336.5409,326.0136,2:29:23:597653,5235
335.8031,326.0136,2:29:23:601620,5234
335.1636,326.0136,2:29:23:605687,5235
334.6472,326.0136,2:29:23:609691,5232
334.2045,325.4015,2:29:23:614578,5221
333.8847,325.4015,2:29:23:618595,5203
333.6388,325.4015,2:29:23:621596,5145
333.4175,324.5852,2:29:23:625596,5015
333.3683,324.5852,2:29:23:629617,4808
333.3683,323.8274,2:29:23:634545,4503
333.3683,323.4193,2:29:23:637568,4110
333.3683,322.8946,2:29:23:642206,3654
333.9585,322.399,2:29:23:646220,3126
333.9585,321.7868,2:29:23:650220,2480
335.0161,321.1455,2:29:23:654220,1704
335.7293,320.3876,2:29:23:658231,984
336.5655,319.5423,2:29:23:662226,420
337.4754,318.6386,2:29:23:668467,0
338.533,317.6476,2:29:23:670475,0
339.6889,316.569,2:29:23:673474,0
340.9185,315.403,2:29:23:678474,0
342.1974,314.1204,2:29:23:681474,0
343.5501,312.7503,2:29:23:685474,0
344.9273,311.3511,2:29:23:689499,0
346.4276,309.9228,2:29:23:694415,0
347.977,308.3195,2:29:23:697431,0
349.551,306.7163,2:29:23:701432,0
351.2479,305.0547,2:29:23:706433,0
353.0433,303.3349,2:29:23:710433,0
354.9124,301.5859,2:29:23:714432,0
356.7815,299.7786,2:29:23:717430,0
358.7736,298.0005,2:29:23:722432,0
360.8149,296.2223,2:29:23:726506,0
362.8808,294.4733,2:29:23:729530,0
364.8729,292.7826,2:29:23:734525,0
366.8404,291.1502,2:29:23:737529,0
368.6849,289.5469,2:29:23:742528,0
370.4065,288.0603,2:29:23:746525,0
372.1034,286.6902,2:29:23:750458,0
373.5299,285.4368,2:29:23:753475,0
374.8087,284.1833,2:29:23:758480,0
375.9401,283.0757,2:29:23:761477,0
376.8992,282.0262,2:29:23:766479,0
377.7354,281.0352,2:29:23:769476,0
378.4978,280.1606,2:29:23:774479,0
379.1618,279.2862,2:29:23:778472,0
379.7029,278.4699,2:29:23:782617,0
380.244,277.7412,2:29:23:785634,0
380.7112,277.0125,2:29:23:789640,0
381.1785,276.3128,2:29:23:793635,0
381.6212,275.6424,2:29:23:798880,0
382.0147,274.972,2:29:23:801933,0
382.4082,274.3015,2:29:23:805898,0
382.8263,273.6602,2:29:23:810805,0
383.2444,272.9897,2:29:23:814816,0
383.7117,272.2902,2:29:23:817818,0
384.179,271.6488,2:29:23:822838,0
384.6462,270.9201,2:29:23:826838,0
385.1873,270.2205,2:29:23:829837,0
385.7038,269.55,2:29:23:834374,0
386.2202,268.9088,2:29:23:838393,0
386.7367,268.2675,2:29:23:842389,0
387.204,267.6844,2:29:23:846391,0
387.5729,267.1598,2:29:23:850394,0
387.9664,266.6642,2:29:23:854393,0
388.3107,266.227,2:29:23:858743,0
388.5812,265.7606,2:29:23:861762,1164
388.8764,265.2358,2:29:23:865761,1211
389.0731,264.7403,2:29:23:869762,1331
389.3437,264.2739,2:29:23:874761,1526
389.5896,263.7201,2:29:23:877789,1798
389.8355,263.1662,2:29:23:881325,2082
390.106,262.554,2:29:23:885797,2348
390.352,261.971,2:29:23:889793,2601
390.5733,261.4464,2:29:23:893793,2839
390.7701,260.9217,2:29:23:897822,3075
390.9669,260.4844,2:29:23:901792,3313
391.0898,260.0763,2:29:23:905824,3532
391.2128,259.7556,2:29:23:909843,3727
391.3358,259.4059,2:29:23:913843,3904
391.3849,259.231,2:29:23:918297,4052
391.4341,259.0561,2:29:23:921844,4172
391.4833,258.9103,2:29:23:925842,4270
391.5079,258.8228,2:29:23:930558,4329
391.5571,258.7937,2:29:23:933581,4364
391.5817,258.7937,2:29:23:937579,4382
391.5817,258.7937,2:29:23:942712,4411
391.6555,258.7937,2:29:23:945730,4482
391.803,258.7937,2:29:23:949731,4566
391.9506,259.7556,2:29:23:953731,4674
392.1965,259.7556,2:29:23:957732,4779
392.4179,261.0966,2:29:23:962732,4865
392.7376,262.0002,2:29:23:966085,4966
393.0819,263.1079,2:29:23:970027,5057
393.5246,264.4196,2:29:23:974027,5150
393.9673,265.7897,2:29:23:978332,5231
394.3362,267.3055,2:29:23:982617,5293
394.7789,268.9088,2:29:23:985612,5351
395.1478,270.5995,2:29:23:990615,5400
395.5167,272.2902,2:29:23:993612,5440
395.8364,274.0392,2:29:23:998616,5476
396.1315,275.7299,2:29:24:002869,5504
396.4021,277.4206,2:29:24:005886,5521
396.6234,279.0821,2:29:24:009888,5537
396.7956,280.7145,2:29:24:014011,5546
396.9431,282.2595,2:29:24:017887,5562
397.0907,283.7169,2:29:24:021887,5567
397.2137,285.1161,2:29:24:025889,5580
397.3366,286.4862,2:29:24:029821,5581
397.3858,287.7397,2:29:24:033826,5583
397.4842,288.8474,2:29:24:038422,5595
397.6071,289.8968,2:29:24:041881,5595
397.7301,290.8878,2:29:24:045881,5612
397.8531,291.7624,2:29:24:050586,5610
397.9515,292.666,2:29:24:053619,5607
398.0744,293.3947,2:29:24:057585,5616
398.1728,294.0652,2:29:24:062587,5612
398.2958,294.6482,2:29:24:065585,5625
398.3942,295.1729,2:29:24:069585,5638
398.4433,295.5518,2:29:24:074086,5642
398.5171,295.8434,2:29:24:078128,5658
398.5909,296.0182,2:29:24:082110,5671
398.6155,296.1349,2:29:24:086105,5691
398.6401,296.2223,2:29:24:090139,5721
398.6647,296.2223,2:29:24:094110,5752
398.7139,296.2223,2:29:24:098106,5783
398.7385,296.2223,2:29:24:102141,5805
398.7385,296.2223,2:29:24:106326,5819
398.7631,295.4644,2:29:24:110345,5824
398.8369,295.4644,2:29:24:114706,5834
398.8369,294.5608,2:29:24:117724,5834
398.8369,294.0069,2:29:24:123633,5840
398.8369,293.453,2:29:24:126633,5840
398.8369,292.8701,2:29:24:130637,5836
398.8369,292.2288,2:29:24:133632,5840
398.8369,291.4709,2:29:24:137648,5834
398.8369,290.7712,2:29:24:141633,5837
398.8369,289.9842,2:29:24:145633,5827
398.2958,289.2263,2:29:24:151693,5817
398.2958,288.381,2:29:24:153642,5804
397.8039,287.3607,2:29:24:157657,5777
397.8039,286.3405,2:29:24:161680,5760
397.1399,285.2619,2:29:24:166653,5735
396.6972,284.1833,2:29:24:170649,5707
396.2053,283.0465,2:29:24:173655,5684
395.7134,281.968,2:29:24:179653,5653
395.197,280.8603,2:29:24:181654,5627
394.7051,279.7817,2:29:24:185653,5594
394.0902,278.8198,2:29:24:190267,5564
393.4016,277.8578,2:29:24:193825,5531
392.6146,277.0125,2:29:24:197800,5499
391.803,276.2254,2:29:24:201796,5477
390.9669,275.5258,2:29:24:205800,5452
390.0323,274.9428,2:29:24:209793,5431
388.9994,274.4181,2:29:24:213793,5410
387.8926,274.01,2:29:24:218792,5396
386.8351,273.7185,2:29:24:221792,5385
385.8759,273.4853,2:29:24:225795,5384
384.966,273.3687,2:29:24:230608,5383
384.1052,273.3687,2:29:24:234626,5373
383.3428,273.3687,2:29:24:237627,5367
382.5804,273.3687,2:29:24:241626,5363
381.9409,273.3687,2:29:24:245631,5360
381.3753,274.3307,2:29:24:249626,5360
380.8096,274.3307,2:29:24:253627,5366
380.2686,275.4092,2:29:24:257626,5364
379.7767,276.1088,2:29:24:262269,5359
379.334,276.8667,2:29:24:266284,5358
378.9405,277.712,2:29:24:270258,5356
378.5962,278.6448,2:29:24:274273,5347
378.2765,279.6068,2:29:24:278273,5349
378.0305,280.5979,2:29:24:282273,5353
377.8338,281.6181,2:29:24:286273,5351
377.7108,282.6384,2:29:24:290277,5366
377.6616,283.6295,2:29:24:294628,5373
377.6616,284.6206,2:29:24:297643,5373
377.6616,285.5243,2:29:24:301643,5376
377.6616,286.3987,2:29:24:306677,5376
377.6616,287.2149,2:29:24:309650,5373
378.424,287.9146,2:29:24:314643,5377
378.424,288.5558,2:29:24:318643,5386
379.4078,289.1389,2:29:24:321651,5389
379.998,289.6344,2:29:24:325650,5398
380.6866,289.9842,2:29:24:329646,5410
381.4983,290.2466,2:29:24:333675,5414
382.359,290.3632,2:29:24:337646,5423
383.2936,290.3632,2:29:24:341644,5425
384.3019,290.3632,2:29:24:345646,5430
385.3103,290.3632,2:29:24:349646,5440
386.2694,290.3632,2:29:24:353646,5442
387.2286,289.4886,2:29:24:358396,5450
388.2123,289.4886,2:29:24:362409,5452
389.1223,288.6141,2:29:24:366411,5451
389.9585,288.6141,2:29:24:370413,5456
390.7701,287.7105,2:29:24:374412,5459
391.4833,287.1858,2:29:24:377435,5460
392.1227,286.6611,2:29:24:382427,5458
392.6638,286.1364,2:29:24:386432,5457
393.1803,285.6408,2:29:24:390724,5462
393.623,285.087,2:29:24:393742,5460
394.0165,284.4749,2:29:24:397743,5469
394.3608,283.8918,2:29:24:401742,5469
394.6067,283.2505,2:29:24:405742,5467
394.9019,282.6675,2:29:24:409741,5471
395.1478,282.0262,2:29:24:413784,5458
395.3199,281.3849,2:29:24:418745,5462
395.5167,280.7728,2:29:24:422264,5455
395.6396,280.1898,2:29:24:426284,5445
395.738,279.636,2:29:24:430282,5446
395.7872,279.0821,2:29:24:434279,5436
395.7872,278.6448,2:29:24:438281,5433
395.7872,278.2368,2:29:24:442283,5429
395.7872,277.8578,2:29:24:446282,5422
395.7872,277.5663,2:29:24:450284,5405
395.7872,277.304,2:29:24:454537,5322
395.7872,277.0416,2:29:24:457561,5163
395.197,276.8667,2:29:24:462287,4934
395.197,276.6627,2:29:24:466306,4636
394.7789,276.5461,2:29:24:470305,4308
394.7789,276.4878,2:29:24:474309,3942
394.3116,276.4586,2:29:24:478578,3528
393.9919,276.4586,2:29:24:481602,3083
393.6476,276.4586,2:29:24:486200,2580
393.2787,276.4586,2:29:24:491234,1994
392.836,276.4586,2:29:24:494214,1343
392.4917,277.1582,2:29:24:498218,745
392.1227,277.1582,2:29:24:502219,301
391.7292,277.1582,2:29:24:506219,0
391.3604,277.8578,2:29:24:510277,0
391.0406,277.8578,2:29:24:514295,0
390.7701,278.295,2:29:24:518253,0
390.5242,278.295,2:29:24:522267,0
390.2782,278.295,2:29:24:526271,0
390.0815,278.7032,2:29:24:530267,0
389.9585,278.7032,2:29:24:534268,0
389.8355,278.7032,2:29:24:538268,0
389.7372,278.7032,2:29:24:542262,0
389.688,278.7032,2:29:24:546306,0
389.6388,278.7032,2:29:24:550276,0
389.6388,278.7032,2:29:24:554292,0
389.6388,278.7032,2:29:24:558293,0
389.6388,278.7032,2:29:24:562290,0
389.6388,278.0327,2:29:24:566301,0
389.6388,278.0327,2:29:24:570294,0
389.6388,277.508,2:29:24:574271,0
390.3028,277.508,2:29:24:578285,0
390.3028,276.8667,2:29:24:582522,0
390.3028,276.8667,2:29:24:586546,0
390.3028,276.1963,2:29:24:589541,0
390.3028,276.1963,2:29:24:594548,0
390.3028,275.5841,2:29:24:597542,0
390.3028,275.2926,2:29:24:601546,0
390.3028,275.0011,2:29:24:606465,1992
390.3028,274.7387,2:29:24:609486,2081
390.3028,274.5347,2:29:24:613488,2253
390.3028,274.3307,2:29:24:618489,2487
390.3028,274.1558,2:29:24:622485,2783
390.3028,274.01,2:29:24:625487,3048
389.8601,273.8643,2:29:24:630725,3276
389.8601,273.8059,2:29:24:633737,3468
389.8601,273.8059,2:29:24:637737,3623
389.8601,273.8059,2:29:24:642454,3744
389.5158,273.8059,2:29:24:646322,3853
389.5158,273.8059,2:29:24:650323,3966
389.0239,274.8262,2:29:24:654584,4076
388.6058,274.8262,2:29:24:658582,4173
388.1877,276.0797,2:29:24:661582,4247
387.6467,276.8084,2:29:24:667806,4299
387.0564,277.6829,2:29:24:669821,4332
386.3924,278.5865,2:29:24:674820,4354
385.753,279.5193,2:29:24:678823,4368
385.0643,280.3939,2:29:24:681826,4371
384.4249,281.2683,2:29:24:685824,4371
383.8101,282.0845,2:29:24:689880,4373
383.2444,282.8424,2:29:24:694848,4373
382.7033,283.6295,2:29:24:697846,4371
382.2361,284.3291,2:29:24:701849,4363
381.818,284.9704,2:29:24:705846,4314
381.4737,285.5826,2:29:24:710845,4205
381.1785,286.1364,2:29:24:713849,4027
380.908,286.6611,2:29:24:717848,3763
380.7112,287.0984,2:29:24:721849,3446
380.5145,287.5064,2:29:24:725583,3098
380.3423,287.8854,2:29:24:729607,2693
380.1702,288.2643,2:29:24:733600,2197
380.0964,288.5558,2:29:24:738580,1584
379.9734,288.7891,2:29:24:741583,947
379.8259,288.9931,2:29:24:745579,440
379.7029,289.168,2:29:24:750581,0
379.5799,289.4304,2:29:24:754576,0
379.4324,289.6635,2:29:24:757573,0
379.2848,289.8968,2:29:24:762721,0
379.0635,290.1591,2:29:24:765726,0
378.8175,290.3923,2:29:24:769721,0
378.5224,290.7421,2:29:24:774722,0
378.1781,291.1794,2:29:24:777721,0
377.8092,291.6749,2:29:24:781721,0
377.3911,292.1704,2:29:24:785784,0
376.9976,292.7826,2:29:24:789812,0
376.5549,293.3947,2:29:24:793827,0
376.1122,294.036,2:29:24:798347,0
375.7187,294.7357,2:29:24:802368,0
375.276,295.4644,2:29:24:806365,0
374.8333,296.1931,2:29:24:810305,0
374.4398,296.8344,2:29:24:814132,0
373.9972,297.5049,2:29:24:818136,0
373.5545,298.1754,2:29:24:822230,0
373.0872,298.8167,2:29:24:826158,0
372.5953,299.3997,2:29:24:830132,0
372.128,299.9535,2:29:24:834175,0
371.6607,300.449,2:29:24:838176,0
371.1935,300.8863,2:29:24:842176,0
370.677,301.2653,2:29:24:846323,0
370.1851,301.5859,2:29:24:850344,0
369.7424,301.8191,2:29:24:854341,0
369.2997,301.9066,2:29:24:858383,0
368.9308,301.9066,2:29:24:862341,2103
368.5374,301.9066,2:29:24:866339,2181
368.193,301.9066,2:29:24:870415,2337
367.8241,301.9066,2:29:24:873435,2558
367.5536,300.9446,2:29:24:877436,2834
367.2831,300.9446,2:29:24:881742,3082
367.0371,299.8077,2:29:24:886747,3300
366.7912,299.079,2:29:24:889746,3495
366.5207,298.292,2:29:24:893753,3663
366.3485,297.3883,2:29:24:898748,3799
366.1272,296.3389,2:29:24:901746,3907
365.9796,295.2895,2:29:24:906873,3993
365.7582,294.2109,2:29:24:910869,4068
365.5861,293.045,2:29:24:913872,4130
365.4385,291.8206,2:29:24:918587,4175
365.291,290.4797,2:29:24:921587,4204
365.0942,289.1097,2:29:24:925586,4214
364.9467,287.6522,2:29:24:930592,4219
364.7745,286.1947,2:29:24:933588,4222
364.6515,284.4749,2:29:24:937587,4220
364.5286,282.6967,2:29:24:942441,4218
364.4302,280.7728,2:29:24:946457,4214
364.3564,278.7323,2:29:24:950458,4211
364.3072,276.5461,2:29:24:954519,4208
364.3072,274.2723,2:29:24:957539,4201
364.2826,271.882,2:29:24:961538,4200
364.2826,269.4626,2:29:24:966540,4195
364.2826,267.014,2:29:24:969536,4184
364.2826,264.4779,2:29:24:974536,4180
364.2826,262.1168,2:29:24:977682,4177
364.2826,259.9014,2:29:24:981682,4175
364.2826,257.8318,2:29:24:985682,4182
364.2826,255.9079,2:29:24:989686,4188
364.2826,254.1588,2:29:24:993682,4186
364.2826,252.5556,2:29:24:997681,4184
364.7499,251.1272,2:29:25:002723,4182
364.7499,249.903,2:29:25:005740,4189
364.7499,248.7661,2:29:25:009741,4210
365.3156,247.6584,2:29:25:014389,4235
365.6353,246.6964,2:29:25:018387,4264
365.9796,245.7345,2:29:25:022382,4287
366.3977,244.86,2:29:25:026390,4299
366.9142,244.0438,2:29:25:030381,4316
367.5044,243.315,2:29:25:034385,4328
368.1193,242.6154,2:29:25:038768,4336
368.9063,241.945,2:29:25:041787,4344
369.7424,241.3911,2:29:25:045785,4353
370.6524,240.8665,2:29:25:049791,4367
371.6607,240.4292,2:29:25:053787,4384
372.6445,240.0794,2:29:25:057787,4399
373.7758,239.8462,2:29:25:062418,4413
374.8825,239.6713,2:29:25:065728,4422
375.9647,239.6422,2:29:25:069727,4434
377.0468,239.6422,2:29:25:074551,4462
378.1289,239.6422,2:29:25:077552,4495
379.1127,240.4292,2:29:25:081552,4533
380.0964,240.4292,2:29:25:085556,4582
381.031,241.8284,2:29:25:089552,4623
381.8672,242.7612,2:29:25:093552,4663
382.6541,243.8398,2:29:25:098539,4707
383.3674,245.0932,2:29:25:101557,4743
384.0314,246.4632,2:29:25:105556,4782
384.6216,247.8916,2:29:25:110370,4823
385.1135,249.3783,2:29:25:114371,4862
385.5562,250.9815,2:29:25:118373,4901
385.9005,252.6431,2:29:25:122373,4927
386.1711,254.3338,2:29:25:126368,4946
386.417,256.1119,2:29:25:130371,4959
386.6137,257.89,2:29:25:133377,4959
386.7367,259.6682,2:29:25:138418,4973
386.8597,261.3881,2:29:25:142435,4976
386.9827,263.1079,2:29:25:145436,4976
387.081,264.7403,2:29:25:150438,4985
387.1794,266.227,2:29:25:153437,4981
387.2286,267.6262,2:29:25:157441,4982
387.3024,268.8504,2:29:25:162436,4979
387.4008,270.0164,2:29:25:166517,4970
387.4991,271.0075,2:29:25:169535,4956
387.5729,271.9403,2:29:25:174542,4935
387.7205,272.6982,2:29:25:178565,4880
387.8434,273.3979,2:29:25:182564,4781
387.991,274.01,2:29:25:185565,4626
388.2123,274.5347,2:29:25:189565,4405
388.4583,274.8845,2:29:25:194309,4111
388.8026,275.176,2:29:25:198328,3760
389.2453,275.38,2:29:25:202328,3361
389.7126,275.4966,2:29:25:206326,2913
390.3028,275.5258,2:29:25:210328,2385
390.9914,275.5258,2:29:25:214376,1742
391.7784,275.5258,2:29:25:218324,1061
392.713,275.5258,2:29:25:222327,509
393.6967,274.5638,2:29:25:226327,0
394.8281,274.5638,2:29:25:230416,0
396.0577,273.4853,2:29:25:234434,0
397.3858,272.8148,2:29:25:237467,0
398.7631,272.0861,2:29:25:242432,0
400.2633,271.2408,2:29:25:246433,0
401.7881,270.3371,2:29:25:249433,0
403.3375,269.3752,2:29:25:254270,0
404.9115,268.3841,2:29:25:258289,0
406.5101,267.3055,2:29:25:262671,0
408.0841,266.1978,2:29:25:265691,0
409.6335,265.0318,2:29:25:269689,0
411.1337,263.9241,2:29:25:273689,0
412.6585,262.7873,2:29:25:277689,0
414.0604,261.6504,2:29:25:281701,0
415.4868,260.5427,2:29:25:285694,0
416.7657,259.4641,2:29:25:290578,0
417.9954,258.3856,2:29:25:293596,0
419.1513,257.4528,2:29:25:297597,0
420.258,256.5783,2:29:25:301596,0
421.2909,255.6747,2:29:25:305597,0
422.1517,254.8876,2:29:25:310796,0
422.9387,254.1588,2:29:25:313814,0
423.6273,253.5175,2:29:25:317815,0
424.2422,253.0511,2:29:25:321814,0
424.7587,252.5556,2:29:25:325814,0
425.1522,252.06,2:29:25:329814,2196
425.4719,251.6519,2:29:25:333815,2255
425.6686,251.3022,2:29:25:337862,2378
425.89,251.0398,2:29:25:341860,2557
426.0375,250.8358,2:29:25:345865,2795
426.1851,250.6317,2:29:25:350455,3035
426.3081,250.4859,2:29:25:353452,3272
426.4802,250.4276,2:29:25:358451,3511
426.6524,250.4276,2:29:25:361449,3743
426.8983,250.4276,2:29:25:365451,3954
427.218,250.4276,2:29:25:370254,4142
427.5623,251.1272,2:29:25:374274,4303
428.005,251.1272,2:29:25:378272,4458
428.4969,252.0892,2:29:25:382270,4597
429.038,252.7596,2:29:25:386268,4737
429.6282,253.5759,2:29:25:390268,4888
430.2431,254.4795,2:29:25:394014,5027
430.8825,255.6455,2:29:25:398544,5185
431.4482,256.899,2:29:25:402541,5334
431.9892,258.2982,2:29:25:406561,5459
432.5549,259.7556,2:29:25:409543,5569
433.0222,261.3881,2:29:25:414165,5647
433.5386,263.0496,2:29:25:418209,5706
433.9321,264.7403,2:29:25:422183,5756
434.2764,266.4601,2:29:25:425992,5789
434.5962,268.0342,2:29:25:430807,5814
434.9159,269.6083,2:29:25:433806,5838
435.1618,271.0659,2:29:25:438803,5851
435.334,272.4942,2:29:25:441806,5859
435.5061,273.7477,2:29:25:445805,5867
435.6291,274.8845,2:29:25:450525,5868
435.7521,275.9339,2:29:25:453544,5872
435.875,276.8958,2:29:25:457544,5884
435.9242,277.7704,2:29:25:462494,5888
435.998,278.5283,2:29:25:466512,5893
436.0718,279.1987,2:29:25:469513,5897
436.0964,279.7817,2:29:25:474285,5897
436.121,280.3064,2:29:25:478296,5910
436.1948,280.7437,2:29:25:482296,5910
436.2193,281.1517,2:29:25:486293,5918
436.2193,281.4432,2:29:25:490296,5923
436.2439,281.7056,2:29:25:494297,5919
436.2439,281.8805,2:29:25:499161,5919
436.2685,282.0262,2:29:25:502176,5911
436.2685,282.1429,2:29:25:506176,5895
436.2685,282.172,2:29:25:510182,5878
436.2685,282.2303,2:29:25:515553,5844
436.2685,282.2303,2:29:25:518629,5774
436.2685,282.2595,2:29:25:522167,5686
436.2685,282.2595,2:29:25:526202,5549
436.2685,282.2595,2:29:25:530202,5362
436.2685,282.2595,2:29:25:534547,5141
436.2685,282.2595,2:29:25:537565,4879
436.2685,282.2595,2:29:25:541567,4608
436.2685,282.2595,2:29:25:546484,4334
436.2685,281.6765,2:29:25:549503,4051
436.2685,281.6765,2:29:25:554519,3748
436.2685,281.1517,2:29:25:558094,3420
436.2685,281.1517,2:29:25:562096,3079
436.2685,280.5104,2:29:25:566096,2738
436.2685,280.1606,2:29:25:570101,2397
436.2685,279.7817,2:29:25:574096,2039
435.8012,279.3445,2:29:25:578262,1684
435.8012,278.8781,2:29:25:582276,1384
435.8012,278.4408,2:29:25:586276,1172
435.4323,277.9744,2:29:25:590294,1055
435.4323,277.508,2:29:25:594277,1017
435.1126,277.0416,2:29:25:598277,1016
435.1126,276.5461,2:29:25:602289,1010
434.7683,276.0797,2:29:25:606296,1020
434.6208,275.6424,2:29:25:610305,1074
434.4486,275.1469,2:29:25:614296,1172
434.2764,274.7096,2:29:25:618300,1318
434.0551,274.2141,2:29:25:622301,1514
433.8337,273.7477,2:29:25:626300,1720
433.637,273.3104,2:29:25:630301,1922
433.3419,272.844,2:29:25:634568,2127
433.0714,272.3776,2:29:25:639586,2313
432.7516,271.9403,2:29:25:642586,2492
432.4073,271.4448,2:29:25:645584,2660
432.063,271.0075,2:29:25:649585,2823
431.6449,270.512,2:29:25:654427,2984
431.2268,270.1039,2:29:25:657451,3145
430.6858,269.6958,2:29:25:661445,3292
430.0955,269.2877,2:29:25:666448,3447
429.3823,268.967,2:29:25:670448,3599
428.6199,268.6464,2:29:25:673450,3745
427.8575,268.3841,2:29:25:677445,3884
426.8983,268.1508,2:29:25:682413,3999
425.9391,267.976,2:29:25:686429,4096
424.857,267.8302,2:29:25:689437,4185
423.7011,267.7719,2:29:25:695431,4273
422.4468,267.7719,2:29:25:698431,4364
421.1926,267.7719,2:29:25:701431,4451
419.8399,267.7719,2:29:25:706432,4532
418.438,267.7719,2:29:25:709898,4607
417.0116,267.7719,2:29:25:713916,4677
415.536,268.6464,2:29:25:717916,4746
414.1342,268.6464,2:29:25:721917,4818
412.7569,269.2585,2:29:25:725947,4894
411.4534,269.2585,2:29:25:729913,4962
410.1992,270.1039,2:29:25:734550,5029
408.9695,270.5995,2:29:25:737581,5089
407.8628,271.1241,2:29:25:741569,5136
406.756,271.678,2:29:25:745569,5179
405.7969,272.261,2:29:25:749569,5211
404.8869,272.9023,2:29:25:753573,5233
404.0507,273.5144,2:29:25:757573,5254
403.3375,274.1849,2:29:25:761573,5278
402.6735,274.8553,2:29:25:766620,5292
402.1324,275.4966,2:29:25:769638,5320
401.7143,276.1088,2:29:25:773645,5337
401.3946,276.7501,2:29:25:778634,5351
401.1732,277.3622,2:29:25:781638,5376
401.0749,277.9744,2:29:25:785643,5380
401.0749,278.5283,2:29:25:790637,5387
401.0749,279.0529,2:29:25:793638,5401
401.0749,279.5193,2:29:25:797642,5412
401.6651,279.9566,2:29:25:802638,5426
401.6651,280.3355,2:29:25:806268,5451
402.5751,280.627,2:29:25:810283,5473
403.1653,280.8019,2:29:25:814287,5491
403.8786,280.9768,2:29:25:818282,5517
404.6902,280.9768,2:29:25:822288,5536
405.5509,280.9768,2:29:25:826282,5544
406.4609,280.9768,2:29:25:830261,5556
407.3955,280.9768,2:29:25:834280,5564
408.3055,280.0149,2:29:25:838280,5572
409.1908,280.0149,2:29:25:841883,5584
410.0762,279.0821,2:29:25:845883,5599
410.8878,278.5283,2:29:25:849920,5615
411.6256,277.9161,2:29:25:854880,5630
412.3634,277.3331,2:29:25:857880,5649
412.9536,276.7501,2:29:25:861880,5672
413.4701,276.1088,2:29:25:866647,5695
413.9128,275.4966,2:29:25:869665,5727
414.2817,274.8262,2:29:25:873665,5756
414.5768,274.0683,2:29:25:877666,5781
414.749,273.3979,2:29:25:882188,5802
414.872,272.6691,2:29:25:886206,5810
414.9211,271.9403,2:29:25:890207,5810
414.9211,271.1824,2:29:25:894204,5815
414.9211,270.4537,2:29:25:898556,5815
414.9211,269.7541,2:29:25:901575,5807
414.9211,269.1419,2:29:25:906571,5811
414.9211,268.6464,2:29:25:909575,5794
414.3309,268.18,2:29:25:913575,5768
414.3309,267.8593,2:29:25:917575,5708
414.3309,267.597,2:29:25:921579,5572
413.6915,267.4513,2:29:25:925575,5388
413.6915,267.4221,2:29:25:930574,5148
412.9782,267.4221,2:29:25:934574,4873
412.4864,267.4221,2:29:25:937575,4571
411.8469,267.4221,2:29:25:942610,4205
411.1091,268.0926,2:29:25:945628,3766
410.2729,268.0926,2:29:25:949654,3260
409.24,268.967,2:29:25:953627,2663
408.1087,269.5209,2:29:25:957631,1928
406.8298,270.1039,2:29:25:961632,1179
405.4526,270.716,2:29:25:965632,574
403.9523,271.3865,2:29:25:970267,0
402.3292,272.0861,2:29:25:973833,0
400.6076,272.8148,2:29:25:977833,0
398.886,273.5144,2:29:25:981833,0
397.0907,274.1558,2:29:25:986266,0
395.2462,274.7679,2:29:25:990280,0
393.3524,275.4092,2:29:25:994283,0
391.4833,276.0505,2:29:25:998282,0
389.5896,276.6335,2:29:26:002282,0
387.6713,277.1582,2:29:26:006265,0
385.7776,277.5955,2:29:26:010280,0
383.8101,278.0327,2:29:26:014277,0
381.8426,278.4699,2:29:26:018298,0
379.7767,278.8781,2:29:26:022294,0
377.6862,279.257,2:29:26:026295,0
375.4974,279.5485,2:29:26:030293,0
373.2101,279.8109,2:29:26:034294,0
370.8983,280.044,2:29:26:038415,0
368.4882,280.219,2:29:26:041942,0
366.0288,280.3647,2:29:26:045943,0
363.5448,280.3939,2:29:26:049942,0
361.0363,280.3939,2:29:26:053942,0
358.6015,280.3939,2:29:26:057946,0
356.1913,280.3939,2:29:26:061942,0
353.8549,280.3939,2:29:26:065942,0
351.5431,280.3939,2:29:26:070453,0
349.2804,279.6651,2:29:26:073477,0
347.1408,279.6651,2:29:26:077471,0
344.9765,279.0821,2:29:26:081473,0
342.8861,279.0821,2:29:26:086582,0
340.8448,278.4408,2:29:26:089606,0
338.8527,278.4408,2:29:26:093606,0
336.9836,277.6829,2:29:26:097600,0
335.1636,277.2748,2:29:26:102310,0
333.4175,276.8667,2:29:26:106328,0
331.8189,276.4003,2:29:26:110328,0
330.3187,275.9922,2:29:26:114328,0
328.9906,275.555,2:29:26:118657,0
327.7363,275.1177,2:29:26:121680,0
326.6542,274.7096,2:29:26:125705,0
325.6212,274.2723,2:29:26:129675,0
324.7359,273.8643,2:29:26:135032,0
323.9489,273.4853,2:29:26:138051,0
323.2603,273.1064,2:29:26:142056,0
322.6454,272.7857,2:29:26:146147,0
322.0797,272.4942,2:29:26:151050,0
321.5633,272.2318,2:29:26:154051,0
321.0468,272.0278,2:29:26:158050,0
320.6041,271.882,2:29:26:162056,0
320.1368,271.7946,2:29:26:166056,0
319.6696,271.6488,2:29:26:170163,746
319.2761,271.5614,2:29:26:174179,790
318.8334,271.5323,2:29:26:178542,856
318.4645,271.4739,2:29:26:182558,980
318.0956,271.4448,2:29:26:185561,1163
317.7513,271.4156,2:29:26:189565,1361
317.407,271.3865,2:29:26:195026,1611
317.1118,271.3282,2:29:26:198041,1854
316.8905,271.3282,2:29:26:202041,2083
316.7183,271.3282,2:29:26:207044,2280
316.5953,271.3282,2:29:26:210044,2425
316.497,271.3282,2:29:26:214044,2538
316.4232,271.3282,2:29:26:218371,2626
316.3986,271.3282,2:29:26:222070,2701
316.3986,271.3282,2:29:26:226082,2775
316.3986,271.3282,2:29:26:230069,2846
316.3986,271.3282,2:29:26:234417,2960
316.3986,271.3282,2:29:26:238436,3096
317.161,271.3282,2:29:26:241437,3240
317.7021,271.3282,2:29:26:246350,3393
318.5136,271.3282,2:29:26:250371,3529
319.6204,270.5995,2:29:26:254371,3669
321.0468,270.5995,2:29:26:258374,3818
322.8422,269.6375,2:29:26:262371,3971
325.0802,268.9088,2:29:26:266371,4097
327.8101,268.0342,2:29:26:270393,4200
331.0073,267.0432,2:29:26:274400,4287
334.6718,265.9355,2:29:26:278400,4354
338.8035,264.7403,2:29:26:282429,4422
343.255,263.4577,2:29:26:285453,4487
348.0999,262.1168,2:29:26:289449,4538
353.3384,260.7467,2:29:26:294231,4585
358.8228,259.3767,2:29:26:298243,4621
364.4056,258.1524,2:29:26:302231,4646
369.9884,257.0447,2:29:26:306232,4672
375.5466,255.9662,2:29:26:310231,4685
381.0802,255.0042,2:29:26:314231,4692
386.5646,254.1297,2:29:26:318225,4699
391.8522,253.3427,2:29:26:322253,4702
396.8202,252.6431,2:29:26:326252,4713
401.4438,252.06,2:29:26:330731,4721
405.7231,251.3896,2:29:26:333750,4737
409.6581,250.7191,2:29:26:337749,4761
413.298,250.0779,2:29:26:341750,4803
416.3722,249.4948,2:29:26:346750,4868
419.0283,248.941,2:29:26:349750,4955
421.3155,248.4163,2:29:26:353749,5057
423.283,247.979,2:29:26:357749,5172
424.9062,247.5418,2:29:26:361750,5304
426.2343,247.192,2:29:26:366641,5446
427.2918,246.9005,2:29:26:369637,5595
428.1034,246.6382,2:29:26:373642,5733
428.792,246.4341,2:29:26:377458,5841
429.3577,246.2009,2:29:26:381473,5913
429.7512,246.0551,2:29:26:385473,5951
430.0709,245.9094,2:29:26:390472,5967
430.3168,245.7928,2:29:26:394412,5979
430.5628,245.647,2:29:26:398430,5979
430.7841,245.5596,2:29:26:401435,5979
430.9317,245.5304,2:29:26:405430,5967
431.1039,245.4722,2:29:26:410197,5938
431.2268,245.4138,2:29:26:414212,5913
431.3252,245.3847,2:29:26:418229,5841
431.4482,245.3555,2:29:26:422252,5686
431.4973,245.3264,2:29:26:426244,5456
431.5711,245.3264,2:29:26:430244,5138
431.6449,245.3264,2:29:26:434200,4778
431.7433,245.3264,2:29:26:438220,4405
431.9154,245.3264,2:29:26:442220,3974
432.063,245.3264,2:29:26:446218,3484
432.2597,245.3264,2:29:26:450553,2884
432.4811,245.3264,2:29:26:453572,2093
432.7762,245.3264,2:29:26:457571,1283
433.0222,245.3264,2:29:26:461571,624
433.3173,245.8219,2:29:26:466200,0
433.637,245.8219,2:29:26:470218,0
433.8337,245.8219,2:29:26:474218,0
434.0551,245.8219,2:29:26:478218,0
434.2273,245.8219,2:29:26:482484,0
434.3748,245.8219,2:29:26:485503,0
434.4732,245.8219,2:29:26:490199,0
434.5962,245.8219,2:29:26:494239,0
434.7191,245.1223,2:29:26:498239,0
434.9159,245.1223,2:29:26:502240,0
435.1618,245.1223,2:29:26:506197,0
435.5061,245.1223,2:29:26:510212,0
435.9734,244.5977,2:29:26:514212,0
436.4899,244.5977,2:29:26:518217,0
437.2277,244.5977,2:29:26:522217,0
437.9901,244.5977,2:29:26:526216,0
438.9001,244.5977,2:29:26:530212,0
439.9084,244.277,2:29:26:534485,0
440.9905,244.277,2:29:26:537509,0
442.1464,244.277,2:29:26:541533,0
443.4007,243.8689,2:29:26:546501,0
444.6796,243.6357,2:29:26:549503,0
445.9339,243.315,2:29:26:553502,0
447.3357,243.0527,2:29:26:558559,0
448.1473,242.6154,2:29:26:561579,0
448.1473,242.6154,2:29:26:580530,0
