511.9681,388.3946,4:20:20:916851,0
511.9681,388.3946,4:20:20:919851,0
512.6813,388.3946,4:20:20:924335,0
512.6813,388.3946,4:20:20:928351,0
513.5667,388.3946,4:20:20:932265,0
514.1077,387.6659,4:20:20:936337,0
514.7226,387.6659,4:20:20:940338,0
515.2391,387.6659,4:20:20:944348,0
515.8293,386.9954,4:20:20:948362,0
515.8293,386.9954,4:20:20:952363,0
516.2966,386.9954,4:20:20:956680,0
516.2966,386.4124,4:20:20:960211,0
516.2966,386.4124,4:20:20:964563,0
516.6901,386.4124,4:20:20:968575,0
516.6901,386.0917,4:20:20:971572,0
516.6901,386.0917,4:20:20:976575,0
516.6901,386.0917,4:20:20:980573,0
516.8622,386.0917,4:20:20:983572,0
516.8622,386.0917,4:20:20:988336,0
516.9852,386.0917,4:20:20:992345,0
517.1819,386.0917,4:20:20:996336,0
517.2311,386.0917,4:20:21:000344,0
517.3049,386.7331,4:20:21:004634,0
517.5509,386.7331,4:20:21:008188,0
517.6738,386.7331,4:20:21:012187,0
517.846,386.7331,4:20:21:016240,0
518.0181,386.7331,4:20:21:020190,0
518.1165,386.7331,4:20:21:024296,0
518.2149,386.7331,4:20:21:028312,0
518.3133,386.7331,4:20:21:032320,0
518.3379,386.7331,4:20:21:036323,0
518.3379,386.7331,4:20:21:040322,0
518.3379,385.9168,4:20:21:044467,0
518.3379,385.9168,4:20:21:048342,0
518.3379,385.363,4:20:21:052352,0
518.3379,385.363,4:20:21:056349,0
518.3379,384.78,4:20:21:060355,0
518.3379,384.78,4:20:21:064665,0
518.3379,384.2553,4:20:21:067678,0
518.3379,384.2553,4:20:21:071694,0
518.3379,383.7014,4:20:21:075676,0
518.3379,383.4099,4:20:21:079675,0
517.7722,383.0893,4:20:21:083676,0
517.7722,382.7978,4:20:21:088367,0
517.7722,382.5938,4:20:21:092323,0
517.4033,382.3314,4:20:21:096335,0
517.4033,382.0982,4:20:21:100262,0
516.9606,381.8358,4:20:21:104318,0
516.6409,381.6318,4:20:21:108272,0
516.395,381.4277,4:20:21:112315,0
516.0753,381.2237,4:20:21:116272,0
515.731,380.9905,4:20:21:120537,0
515.3621,380.7573,4:20:21:123546,0
515.0177,380.5533,4:20:21:127546,0
514.7226,380.3784,4:20:21:131546,0
514.4029,380.1743,4:20:21:136544,0
514.1815,379.9994,4:20:21:139549,0
513.9356,379.7662,4:20:21:143547,0
513.7388,379.5913,4:20:21:148444,0
513.6159,379.4456,4:20:21:151456,0
513.4929,379.2415,4:20:21:156454,0
513.3945,379.0957,4:20:21:160456,0
513.2961,378.95,4:20:21:164454,0
513.2961,378.8043,4:20:21:168454,0
513.2224,378.6585,4:20:21:171454,0
513.1732,378.5419,4:20:21:176419,0
513.124,378.3961,4:20:21:179430,0
513.0256,378.2795,4:20:21:183432,0
512.9272,378.1921,4:20:21:187429,0
512.8043,378.1046,4:20:21:192585,0
512.6075,378.0172,4:20:21:195865,0
512.4108,377.9589,4:20:21:199863,0
512.1403,377.9297,4:20:21:203862,0
511.8451,377.8715,4:20:21:207862,0
511.55,377.8715,4:20:21:212317,0
511.2057,377.8423,4:20:21:216307,0
510.9106,377.8423,4:20:21:220325,0
510.6154,377.8131,4:20:21:224316,0
510.2957,377.784,4:20:21:228318,0
509.9268,377.7257,4:20:21:232315,0
509.6317,377.6965,4:20:21:236805,0
509.2382,377.6674,4:20:21:239815,0
508.8693,377.58,4:20:21:244367,0
508.5004,377.5216,4:20:21:247366,0
508.0577,377.4633,4:20:21:252377,0
507.615,377.4051,4:20:21:255536,0
507.1723,377.3176,4:20:21:259539,0
506.705,377.2593,4:20:21:264536,0
506.2378,377.1427,4:20:21:267534,0
505.8197,376.9678,4:20:21:272361,0
505.3032,376.7637,4:20:21:275404,0
504.8113,376.5014,4:20:21:279371,1112
504.344,376.2973,4:20:21:284369,1115
503.8767,376.0641,4:20:21:288369,1125
503.4095,375.8893,4:20:21:292372,1171
503.0652,375.7435,4:20:21:296367,1253
502.7209,375.5977,4:20:21:300377,1369
502.4749,375.5103,4:20:21:304376,1520
502.2782,375.4811,4:20:21:308375,1667
502.1552,375.4811,4:20:21:312597,1796
502.1306,375.4811,4:20:21:315607,1912
502.1306,375.4811,4:20:21:319609,2025
502.1306,375.4811,4:20:21:323607,2144
502.7209,375.4811,4:20:21:327610,2269
502.7209,375.4811,4:20:21:332368,2393
503.9751,375.4811,4:20:21:336379,2507
504.9343,375.4811,4:20:21:340384,2618
506.164,375.4811,4:20:21:344316,2727
507.6888,375.4811,4:20:21:348389,2843
509.4595,376.0933,4:20:21:352388,2970
511.5254,376.0933,4:20:21:355387,3094
513.9356,376.5888,4:20:21:360390,3219
516.7147,376.5888,4:20:21:364389,3339
519.8627,377.1718,4:20:21:368369,3449
523.355,377.5508,4:20:21:372376,3564
527.2162,377.9297,4:20:21:376243,3677
531.3234,378.2795,4:20:21:380239,3779
535.7256,378.6585,4:20:21:384243,3874
540.4476,379.0083,4:20:21:388244,3951
545.2189,379.3289,4:20:21:392363,4024
550.0146,379.6496,4:20:21:396368,4092
554.7612,379.9994,4:20:21:400366,4148
559.3356,380.32,4:20:21:403378,4192
563.7133,380.6115,4:20:21:408101,4228
567.8697,380.8739,4:20:21:412034,4259
571.6571,381.1654,4:20:21:416066,4284
575.1003,381.4277,4:20:21:420022,4304
578.1499,381.6901,4:20:21:424022,4315
580.8552,381.9233,4:20:21:428022,4323
583.2408,382.0691,4:20:21:432352,4327
585.2328,382.2148,4:20:21:436360,4330
586.9299,382.3314,4:20:21:440300,4331
588.3317,382.448,4:20:21:444317,4330
589.4876,382.4771,4:20:21:448310,4329
590.373,382.4771,4:20:21:452310,4323
590.9878,382.4771,4:20:21:456310,4302
591.3813,382.4771,4:20:21:460308,4252
591.6519,382.4771,4:20:21:464310,4161
591.7748,382.4771,4:20:21:468307,4005
591.7748,382.4771,4:20:21:472221,3739
591.7748,382.4771,4:20:21:476221,3354
591.7748,382.4771,4:20:21:480221,2810
590.8895,382.4771,4:20:21:484221,2034
590.2746,382.4771,4:20:21:488220,1238
589.3892,382.4771,4:20:21:492223,590
588.2087,382.4771,4:20:21:496658,0
586.8315,382.4771,4:20:21:499667,0
585.1345,382.4771,4:20:21:504382,0
583.2654,382.4771,4:20:21:508389,0
581.2487,382.4771,4:20:21:512404,0
579.0598,382.4771,4:20:21:515787,0
576.7726,382.4771,4:20:21:519787,0
574.4362,383.1476,4:20:21:523789,0
572.149,383.1476,4:20:21:527898,0
569.7142,383.9055,4:20:21:531789,0
567.304,384.4302,4:20:21:535788,0
564.8939,384.984,4:20:21:539788,0
562.6066,385.5962,4:20:21:543788,0
560.221,386.1792,4:20:21:548138,0
557.9092,386.7914,4:20:21:552138,0
555.7941,387.4035,4:20:21:556140,0
553.8267,387.9573,4:20:21:560137,0
552.0067,388.5112,4:20:21:563785,0
550.3835,388.9776,4:20:21:567810,0
549.0063,389.3857,4:20:21:571794,0
547.6536,389.7646,4:20:21:575794,0
546.5469,390.0562,4:20:21:580356,0
545.637,390.2893,4:20:21:583871,0
544.727,390.4351,4:20:21:587620,0
543.8908,390.4934,4:20:21:591617,0
543.1284,390.4934,4:20:21:596616,0
542.3906,390.4934,4:20:21:600617,0
541.6282,390.4934,4:20:21:603777,0
540.9149,390.4934,4:20:21:607808,0
540.2263,390.4934,4:20:21:612205,0
539.5623,390.4934,4:20:21:616204,0
538.972,389.7355,4:20:21:620201,0
538.4556,389.7355,4:20:21:624201,0
537.9883,389.7355,4:20:21:628357,0
537.644,388.9776,4:20:21:631684,0
537.398,388.9776,4:20:21:636326,0
537.2751,388.3946,4:20:21:640252,0
537.2259,388.3946,4:20:21:644305,0
537.2259,387.7242,4:20:21:648280,0
537.2259,387.4326,4:20:21:651637,0
537.2259,387.112,4:20:21:655611,0
537.2259,386.7914,4:20:21:659611,0
537.2259,386.4998,4:20:21:663611,0
537.8653,386.2083,4:20:21:668359,0
537.8653,385.9168,4:20:21:672370,0
537.8653,385.6253,4:20:21:675793,0
538.4064,385.3339,4:20:21:679666,0
538.4064,385.0715,4:20:21:683666,0
538.7999,384.8091,4:20:21:687666,0
538.7999,384.5176,4:20:21:692355,0
538.7999,384.2261,4:20:21:695366,0
539.2426,383.9055,4:20:21:700362,0
539.2426,383.614,4:20:21:704384,0
539.5623,383.3225,4:20:21:707372,0
539.759,383.031,4:20:21:711786,0
539.9558,382.7104,4:20:21:715776,0
540.2017,382.3897,4:20:21:719845,0
540.4476,382.0691,4:20:21:723773,0
540.7182,381.7192,4:20:21:728311,0
540.9887,381.4277,4:20:21:731807,0
541.2101,381.1071,4:20:21:736361,0
541.3576,380.7573,4:20:21:739692,0
541.456,380.4366,4:20:21:743577,0
541.456,380.0285,4:20:21:747577,0
541.456,379.5913,4:20:21:751586,0
541.456,379.0957,4:20:21:755577,1978
540.8166,378.6877,4:20:21:759578,2009
540.8166,378.2795,4:20:21:763578,2050
540.0049,377.9589,4:20:21:768369,2100
540.0049,377.6382,4:20:21:771375,2163
539.0458,377.3759,4:20:21:775464,2214
538.5786,377.2301,4:20:21:780373,2270
538.1359,377.2301,4:20:21:784396,2326
537.7424,377.2301,4:20:21:787378,2377
537.398,377.2301,4:20:21:791799,2419
537.0537,377.2301,4:20:21:795812,2458
536.734,378.3379,4:20:21:800363,2514
536.4389,378.95,4:20:21:803373,2587
536.2421,379.8536,4:20:21:807662,2696
536.2421,380.9613,4:20:21:811658,2844
535.947,382.3605,4:20:21:815739,3001
535.947,384.0221,4:20:21:819658,3159
535.824,385.946,4:20:21:823657,3289
535.824,388.1031,4:20:21:827656,3382
535.824,390.4642,4:20:21:832357,3453
535.824,393.0294,4:20:21:836368,3514
535.824,395.7404,4:20:21:840392,3561
536.488,398.5388,4:20:21:844366,3596
536.488,401.4247,4:20:21:848366,3620
536.488,404.3105,4:20:21:852383,3637
537.1275,407.2546,4:20:21:856371,3667
537.1275,410.1696,4:20:21:860267,3703
537.1275,413.0555,4:20:21:864288,3737
537.4718,415.9413,4:20:21:868428,3764
537.4718,418.6523,4:20:21:871427,3773
537.4718,421.2466,4:20:21:876426,3744
537.4718,423.6078,4:20:21:880445,3665
537.4718,425.8232,4:20:21:883522,3504
536.611,427.7471,4:20:21:887522,3234
536.611,429.4669,4:20:21:891522,2857
535.701,430.8661,4:20:21:895525,2316
535.16,432.0321,4:20:21:899481,1637
534.6436,432.9649,4:20:21:903533,964
534.0779,433.6063,4:20:21:908359,427
533.463,434.0143,4:20:21:911369,0
532.8974,434.1892,4:20:21:915718,0
532.3071,434.1892,4:20:21:919718,0
531.7415,434.1892,4:20:21:923718,0
531.2004,433.373,4:20:21:927718,0
530.6348,432.7026,4:20:21:931719,0
530.1183,431.8281,4:20:21:936719,0
529.5772,430.8661,4:20:21:939779,0
529.1099,429.7876,4:20:21:945811,0
528.6426,428.6508,4:20:21:949788,0
528.2,427.4265,4:20:21:952790,0
527.7573,426.2604,4:20:21:955789,0
527.3884,425.0945,4:20:21:959787,0
527.0687,423.9868,4:20:21:964360,0
526.8227,422.9373,4:20:21:967370,0
526.6014,421.8879,4:20:21:972370,0
526.4538,420.9843,4:20:21:976372,0
526.3309,420.0515,4:20:21:980386,0
526.2325,419.2061,4:20:21:983370,0
526.2079,418.39,4:20:21:988358,0
526.1833,417.6029,4:20:21:991371,0
526.1095,416.8741,4:20:21:996055,0
526.0849,416.1162,4:20:22:000055,0
526.0849,415.4167,4:20:22:004059,0
526.0849,414.717,4:20:22:008057,0
526.0849,414.0175,4:20:22:012306,939
526.0849,413.3178,4:20:22:016808,976
526.0849,412.6183,4:20:22:019819,1076
526.6752,411.9478,4:20:22:023818,1251
526.6752,411.2482,4:20:22:027821,1490
527.3392,410.6069,4:20:22:031925,1739
527.3392,410.053,4:20:22:035821,1967
528.1754,409.4992,4:20:22:039998,2152
528.6426,409.062,4:20:22:043887,2298
529.1099,408.7122,4:20:22:048358,2424
529.651,408.4498,4:20:22:052369,2523
530.1675,408.304,4:20:22:056370,2607
530.684,408.304,4:20:22:060367,2687
531.2004,408.304,4:20:22:064546,2751
531.7661,408.304,4:20:22:067587,2810
532.3071,408.304,4:20:22:071556,2879
532.8236,409.4117,4:20:22:075559,2940
533.3647,409.4117,4:20:22:080570,3005
533.8565,410.6943,4:20:22:083555,3070
534.3238,411.5397,4:20:22:088302,3118
534.7665,412.4725,4:20:22:091661,3165
535.1108,413.4636,4:20:22:096358,3199
535.4305,414.5421,4:20:22:100369,3230
535.6273,415.679,4:20:22:104401,3254
535.7748,416.8741,4:20:22:108411,3271
535.824,418.0402,4:20:22:112411,3288
535.824,419.2644,4:20:22:116411,3301
535.824,420.4596,4:20:22:120524,3314
535.824,421.6548,4:20:22:123550,3325
534.8649,422.8207,4:20:22:128367,3340
534.2992,423.9284,4:20:22:132367,3351
533.6106,425.0361,4:20:22:136367,3366
532.7744,426.0855,4:20:22:140366,3382
531.7906,427.0475,4:20:22:144358,3407
530.7577,427.9803,4:20:22:148369,3442
529.6018,428.7965,4:20:22:152140,3476
528.3721,429.5252,4:20:22:156140,3525
527.0441,430.1665,4:20:22:160138,3569
525.6422,430.7204,4:20:22:164138,3611
524.1666,431.1285,4:20:22:168362,3659
522.7894,431.4492,4:20:22:172370,3709
521.4613,431.6823,4:20:22:176174,3769
520.207,431.799,4:20:22:180188,3835
519.0757,431.8281,4:20:22:184184,3899
518.0919,431.8281,4:20:22:188187,3959
517.3049,431.8281,4:20:22:192205,3999
516.6901,431.1285,4:20:22:196184,4024
516.272,431.1285,4:20:22:200353,4037
515.9523,429.9333,4:20:22:204361,4038
515.7802,429.1172,4:20:22:207683,4034
515.7802,428.126,4:20:22:211693,4030
515.7802,426.9601,4:20:22:215738,4025
515.7802,425.7066,4:20:22:219692,4016
516.8376,424.3074,4:20:22:224356,4009
517.5754,422.8499,4:20:22:228367,3999
518.4854,421.3924,4:20:22:232305,3990
519.6168,419.9058,4:20:22:236315,3983
520.8956,418.4482,4:20:22:240296,3976
522.3221,417.0782,4:20:22:244297,3973
523.8223,415.8539,4:20:22:248297,3973
525.4209,414.8045,4:20:22:252307,3972
527.0195,413.9008,4:20:22:256307,3973
528.5443,413.2012,4:20:22:260306,3973
530.0199,412.7057,4:20:22:264306,3968
531.3972,412.5016,4:20:22:268305,3966
532.676,412.4725,4:20:22:272009,3964
533.8319,412.4725,4:20:22:276021,3963
534.8649,412.4725,4:20:22:279996,3966
535.7994,413.6968,4:20:22:284010,3968
536.611,414.4255,4:20:22:288006,3973
537.398,415.3583,4:20:22:292006,3980
538.0375,416.3495,4:20:22:296038,3979
538.6031,417.4863,4:20:22:300009,3981
539.095,418.7106,4:20:22:304891,3984
539.5623,420.0223,4:20:22:307901,3981
539.9066,421.2758,4:20:22:312025,3977
540.2017,422.5584,4:20:22:315901,3967
540.4476,423.8701,4:20:22:319943,3950
540.5952,425.0945,4:20:22:323923,3922
540.6936,426.2313,4:20:22:328356,3882
540.792,427.3098,4:20:22:331366,3829
540.792,428.2426,4:20:22:336367,3770
540.792,429.088,4:20:22:340366,3709
540.792,429.7585,4:20:22:343933,3665
540.792,430.3415,4:20:22:347865,3638
540.792,430.7204,4:20:22:351867,3628
540.792,431.0119,4:20:22:355867,3635
540.792,431.1577,4:20:22:360364,3645
540.792,431.2159,4:20:22:364375,3658
540.2509,431.2159,4:20:22:368376,3667
540.2509,431.2159,4:20:22:371374,3669
540.2509,431.2159,4:20:22:375497,3679
540.2509,430.1957,4:20:22:380388,3696
540.2509,430.1957,4:20:22:383393,3723
540.2509,428.8839,4:20:22:388390,3757
540.2509,428.0386,4:20:22:391402,3782
540.2509,427.0475,4:20:22:396310,3805
540.2509,425.8524,4:20:22:399801,3822
540.8903,424.5989,4:20:22:404403,3849
540.8903,423.3163,4:20:22:408417,3889
541.7265,421.9754,4:20:22:411446,3933
542.2184,420.6053,4:20:22:415454,3989
542.7841,419.2644,4:20:22:420456,4039
543.3743,418.011,4:20:22:423455,4086
544.0137,416.8159,4:20:22:428463,4134
544.6286,415.7664,4:20:22:431454,4173
545.2926,414.8336,4:20:22:436366,4204
545.9813,414.0466,4:20:22:440377,4222
546.7191,413.4344,4:20:22:444376,4230
547.4568,412.968,4:20:22:449378,4229
548.2193,412.7057,4:20:22:452378,4232
549.0309,412.6765,4:20:22:456380,4233
549.8917,412.6765,4:20:22:460491,4239
550.7524,412.6765,4:20:22:463490,4245
551.687,413.8717,4:20:22:468228,4247
552.597,414.6879,4:20:22:472256,4256
553.507,415.7082,4:20:22:476241,4259
554.4661,416.9033,4:20:22:480269,4266
555.4498,418.2733,4:20:22:484238,4274
556.3598,419.7892,4:20:22:488368,4276
557.196,421.4799,4:20:22:492380,4257
557.9338,423.258,4:20:22:497401,4198
558.5732,425.1819,4:20:22:500378,4065
559.0651,427.1932,4:20:22:504379,3827
559.3356,429.2921,4:20:22:509382,3470
559.4094,431.5366,4:20:22:511382,2979
559.4094,433.8103,4:20:22:515378,2240
559.4094,436.2006,4:20:22:520339,1408
558.106,438.5617,4:20:22:524352,716
557.196,440.9229,4:20:22:528303,0
556.0401,443.1966,4:20:22:532324,0
554.7858,445.2954,4:20:22:536314,0
553.384,447.161,4:20:22:540314,0
551.9083,448.7059,4:20:22:544341,0
550.3098,449.9886,4:20:22:547352,0
548.6128,450.9505,4:20:22:552296,0
546.8912,451.6209,4:20:22:556307,0
545.1697,452.0291,4:20:22:560314,0
543.4481,452.1457,4:20:22:564328,0
541.7265,452.1457,4:20:22:568313,0
540.1279,452.1457,4:20:22:572317,0
538.5786,452.1457,4:20:22:576213,0
537.2751,451.3003,4:20:22:580257,0
536.1191,451.3003,4:20:22:584224,0
535.2092,450.455,4:20:22:588224,0
534.4714,450.455,4:20:22:592292,0
533.9549,449.493,4:20:22:596322,0
533.586,448.9974,4:20:22:600427,0
533.2909,448.531,4:20:22:603426,0
533.1679,448.0355,4:20:22:608352,0
533.1433,447.5108,4:20:22:612360,0
533.1433,446.9569,4:20:22:615363,0
533.1433,446.374,4:20:22:620363,0
533.1433,445.791,4:20:22:624364,0
533.8074,445.1497,4:20:22:628356,0
533.8074,444.5958,4:20:22:632367,0
534.5206,443.9545,4:20:22:636353,0
534.5206,443.3132,4:20:22:639366,0
535.4551,442.7302,4:20:22:644363,0
535.947,442.1472,4:20:22:647363,0
536.5126,441.5642,4:20:22:652363,0
537.0783,441.0686,4:20:22:655366,0
537.6932,440.6606,4:20:22:660301,0
538.2834,440.2233,4:20:22:664319,0
538.9474,439.9026,4:20:22:668354,0
539.636,439.6111,4:20:22:671366,0
540.3001,439.2905,4:20:22:676331,0
540.9887,439.0865,4:20:22:680331,0
541.6282,438.8824,4:20:22:684359,0
542.2676,438.7075,4:20:22:688355,0
542.8333,438.4743,4:20:22:692347,0
543.3497,438.2702,4:20:22:696347,0
543.7924,438.0662,4:20:22:700648,0
544.1121,437.9788,4:20:22:703661,0
544.3335,437.8622,4:20:22:707658,0
544.4072,437.6581,4:20:22:711658,0
544.4072,437.5124,4:20:22:715728,2365
544.4072,437.3666,4:20:22:719658,2365
544.4072,437.3083,4:20:22:724359,2368
543.571,437.3083,4:20:22:727873,2368
543.03,437.3083,4:20:22:731904,2386
542.3906,437.3083,4:20:22:735479,2428
541.6282,437.3083,4:20:22:740480,2494
540.7182,438.2994,4:20:22:743477,2590
539.7344,438.2994,4:20:22:747480,2685
538.6031,439.5529,4:20:22:752302,2768
537.4472,440.3982,4:20:22:756312,2847
536.2913,441.3601,4:20:22:760311,2909
535.16,442.4095,4:20:22:764313,2967
534.0533,443.6339,4:20:22:768311,3016
533.0449,445.0039,4:20:22:772329,3060
532.1349,446.4905,4:20:22:776184,3113
531.3972,448.0646,4:20:22:780193,3185
530.7577,449.6971,4:20:22:784312,3284
530.2905,451.4169,4:20:22:788322,3386
529.9953,453.0785,4:20:22:792309,3489
529.774,454.7108,4:20:22:796319,3576
529.7248,456.2849,4:20:22:800319,3647
529.7248,457.8008,4:20:22:804320,3717
529.7248,459.2582,4:20:22:808319,3782
530.5118,460.5992,4:20:22:812323,3839
531.0775,461.7651,4:20:22:816302,3883
531.7661,462.8437,4:20:22:820287,3906
532.6514,463.7765,4:20:22:824333,3895
533.6352,464.5052,4:20:22:828335,3819
534.7911,465.0299,4:20:22:832339,3645
536.0699,465.3214,4:20:22:836332,3354
537.5456,465.4089,4:20:22:840362,2906
539.1442,465.4089,4:20:22:844373,2200
540.9395,465.4089,4:20:22:847527,1393
542.8333,463.9222,4:20:22:851537,707
544.8499,462.8437,4:20:22:856364,0
547.0142,461.5028,4:20:22:859371,0
549.1539,459.9579,4:20:22:864382,0
551.2443,458.1797,4:20:22:868365,0
553.1872,456.1392,4:20:22:872431,0
554.9333,453.9238,4:20:22:875439,0
556.4828,451.446,4:20:22:879700,0
557.8846,448.8225,4:20:22:884707,0
558.9913,445.8784,4:20:22:887707,0
559.8767,442.7885,4:20:22:891578,0
560.6145,439.4071,4:20:22:895578,0
561.254,435.9091,4:20:22:899581,0
561.8688,432.2362,4:20:22:903576,0
562.459,428.5341,4:20:22:908353,0
562.9755,424.8612,4:20:22:911703,0
563.4182,421.1592,4:20:22:915703,0
563.8117,417.6903,4:20:22:919707,0
564.1314,414.3381,4:20:22:923722,0
564.3528,411.2482,4:20:22:927706,0
564.4758,408.3915,4:20:22:932417,0
564.4758,405.7971,4:20:22:936428,0
564.4758,403.3777,4:20:22:940301,0
564.4758,401.1623,4:20:22:943556,0
564.4758,399.0927,4:20:22:948312,0
564.4758,397.1396,4:20:22:951320,0
564.4758,395.3323,4:20:22:956322,0
564.4758,393.6125,4:20:22:961320,0
564.4758,391.9218,4:20:22:964630,0
564.4758,390.3185,4:20:22:968144,0
564.4758,388.8027,4:20:22:972054,0
564.4758,387.316,4:20:22:976077,0
565.2136,385.9168,4:20:22:980352,0
565.2136,384.6342,4:20:22:984363,0
565.73,383.4099,4:20:22:988362,0
565.73,382.3022,4:20:22:991362,0
566.3694,381.2528,4:20:22:996361,0
566.7138,380.2909,4:20:22:999362,0
567.0581,379.4456,4:20:23:004914,0
567.4024,378.6877,4:20:23:009917,0
567.6483,378.1046,4:20:23:011914,0
567.6483,377.5508,4:20:23:016914,0
567.8943,377.1427,4:20:23:019915,0
567.8943,376.8221,4:20:23:024472,0
567.8943,376.618,4:20:23:027482,0
567.2548,376.5014,4:20:23:031539,0
567.2548,376.4723,4:20:23:036489,0
566.0989,376.4723,4:20:23:040482,0
565.3857,376.4723,4:20:23:043483,0
564.5987,376.4723,4:20:23:048306,0
563.7871,376.4723,4:20:23:052053,0
562.9755,377.3176,4:20:23:056352,0
562.2131,377.3176,4:20:23:060361,0
561.5245,377.9297,4:20:23:064649,0
560.9343,377.9297,4:20:23:067659,0
560.467,378.5419,4:20:23:071658,0
560.0981,378.5419,4:20:23:075659,0
559.7537,379.0666,4:20:23:080659,0
559.5324,379.0666,4:20:23:083659,0
559.3848,379.4456,4:20:23:088354,0
559.2619,379.4456,4:20:23:091364,0
559.2619,379.4456,4:20:23:096313,0
559.0897,379.7371,4:20:23:099321,0
559.0651,379.7371,4:20:23:104162,0
558.9667,379.8828,4:20:23:108159,0
558.8438,379.9994,4:20:23:112158,0
558.647,380.116,4:20:23:116159,0
558.4503,380.2035,4:20:23:120420,0
558.1552,380.3784,4:20:23:123720,0
557.7125,380.5241,4:20:23:127796,0
557.2206,380.6699,4:20:23:131717,0
556.6304,380.8156,4:20:23:135716,0
555.9663,380.9905,4:20:23:139717,0
555.2777,381.1363,4:20:23:144352,0
554.5153,381.3403,4:20:23:147363,0
553.7775,381.5152,4:20:23:152301,0
553.0643,381.6901,4:20:23:156312,0
552.474,381.8941,4:20:23:160311,0
551.9821,382.0691,4:20:23:164334,0
551.5886,382.2148,4:20:23:168357,0
551.3181,382.3314,4:20:23:171368,0
551.0967,382.448,4:20:23:176355,0
551.0475,382.4771,4:20:23:180365,0
551.0475,382.4771,4:20:23:184419,0
551.0475,382.4771,4:20:23:187422,0
551.0475,382.4771,4:20:23:192419,0
551.0475,382.4771,4:20:23:195420,0
551.0475,382.4771,4:20:23:200352,0
551.0475,382.4771,4:20:23:204363,0
551.0475,382.4771,4:20:23:208358,0
551.0475,381.9233,4:20:23:211369,0
551.0475,381.9233,4:20:23:216422,0
551.0475,381.9233,4:20:23:220446,0
551.0475,381.9233,4:20:23:223422,0
551.0475,381.9233,4:20:23:228422,0
550.5311,381.9233,4:20:23:231425,0
550.5311,381.9233,4:20:23:236311,0
550.0638,381.9233,4:20:23:239603,0
550.0638,381.9233,4:20:23:243565,0
549.5966,381.9233,4:20:23:247601,0
549.5966,381.9233,4:20:23:252361,0
549.5966,381.9233,4:20:23:255371,0
549.2276,381.9233,4:20:23:260357,0
549.2276,381.9233,4:20:23:264366,0
549.2276,381.9233,4:20:23:268366,0
549.2276,381.9233,4:20:23:271366,0
549.0063,381.9233,4:20:23:276366,0
549.0063,381.9233,4:20:23:280681,716
549.0063,381.9233,4:20:23:283697,717
549.0063,381.2237,4:20:23:288360,720
548.9079,381.2237,4:20:23:292371,722
548.8587,381.2237,4:20:23:296387,732
548.8587,380.699,4:20:23:300362,752
548.8587,380.699,4:20:23:304373,791
548.8587,380.699,4:20:23:308372,844
548.8587,380.2909,4:20:23:311373,903
548.8587,380.2909,4:20:23:316371,962
548.8587,380.2909,4:20:23:320384,1021
549.5474,380.2909,4:20:23:324357,1097
549.5474,380.2909,4:20:23:327882,1181
550.2606,380.2909,4:20:23:331845,1280
550.8262,380.2909,4:20:23:335747,1388
551.5148,380.2909,4:20:23:339821,1492
552.474,380.2909,4:20:23:343745,1603
553.7037,380.9905,4:20:23:348441,1714
555.2531,380.9905,4:20:23:351451,1824
557.0239,381.6901,4:20:23:355451,1928
559.0897,381.6901,4:20:23:359451,2020
561.4753,382.4771,4:20:23:363451,2099
564.0577,382.4771,4:20:23:368451,2168
566.9105,383.2642,4:20:23:372501,2240
569.9355,383.614,4:20:23:376502,2322
573.2803,383.614,4:20:23:380369,2410
576.9202,384.1096,4:20:23:383916,2490
580.8306,384.1096,4:20:23:387606,2565
584.9869,384.4011,4:20:23:391607,2626
589.34,384.4011,4:20:23:395608,2674
593.8407,384.4011,4:20:23:399607,2718
598.3168,384.4011,4:20:23:404359,2751
603.0388,384.4011,4:20:23:407370,2777
607.6624,384.4011,4:20:23:412301,2802
612.163,384.4011,4:20:23:415740,2828
616.4669,384.5468,4:20:23:419880,2853
620.5987,384.6925,4:20:23:423807,2880
624.5091,384.8383,4:20:23:427805,2903
628.149,385.0424,4:20:23:431805,2926
631.5675,385.2464,4:20:23:436344,2947
634.6171,385.5088,4:20:23:439357,2966
637.2241,385.7711,4:20:23:444352,2977
639.5359,386.0043,4:20:23:448355,2982
641.4542,386.2375,4:20:23:452372,2988
643.0282,386.4707,4:20:23:456369,2986
644.2825,386.6165,4:20:23:460318,2986
645.1924,386.7622,4:20:23:464327,2986
645.8318,386.8788,4:20:23:467847,2983
646.2499,386.9662,4:20:23:473857,2974
646.5205,387.0245,4:20:23:475856,2938
646.6189,387.0245,4:20:23:479857,2825
646.6189,387.0245,4:20:23:483865,2585
646.6189,387.0245,4:20:23:487860,2127
645.8073,387.0245,4:20:23:492305,1442
645.217,387.0245,4:20:23:496314,808
644.4301,387.0245,4:20:23:500314,302
643.4217,387.0245,4:20:23:504316,0
642.0936,386.0917,4:20:23:508334,0
640.4213,386.0917,4:20:23:512345,0
638.5029,385.1298,4:20:23:516822,0
636.3387,384.5468,4:20:23:521828,0
633.8301,383.9055,4:20:23:524831,0
631.0264,383.2059,4:20:23:528829,0
628.026,382.4771,4:20:23:532830,0
624.8042,381.8067,4:20:23:536218,0
621.5579,381.2528,4:20:23:540280,0
618.2623,380.8156,4:20:23:543947,0
615.0159,380.4075,4:20:23:547862,0
611.8925,380.1451,4:20:23:551888,0
608.9904,380.1451,4:20:23:555860,0
606.3589,379.912,4:20:23:559860,0
604.0471,379.912,4:20:23:564300,0
602.0796,379.912,4:20:23:567875,0
600.2596,379.912,4:20:23:572018,0
598.7841,379.912,4:20:23:576029,0
597.4806,379.912,4:20:23:580151,0
596.3,379.912,4:20:23:584028,0
595.1442,379.7371,4:20:23:588322,0
594.1358,379.5913,4:20:23:592333,0
593.152,379.3872,4:20:23:596202,0
592.2421,379.1541,4:20:23:600203,0
591.4305,378.8334,4:20:23:604202,0
590.7173,378.5128,4:20:23:608202,0
590.1024,378.1046,4:20:23:612350,0
589.6351,377.6674,4:20:23:615360,0
589.34,377.2301,4:20:23:620350,0
589.0941,376.6763,4:20:23:623360,0
588.9957,376.1516,4:20:23:628409,0
588.9957,375.5977,4:20:23:632410,0
588.9957,375.0731,4:20:23:636409,0
588.9957,374.5483,4:20:23:640423,0
588.9957,374.0237,4:20:23:644351,0
589.7581,373.5573,4:20:23:647361,0
589.7581,373.0617,4:20:23:652356,0
590.6435,372.5662,4:20:23:656378,0
591.1354,372.0998,4:20:23:660366,0
591.7256,371.6334,4:20:23:663369,0
592.3651,371.1378,4:20:23:668366,0
593.0291,370.6131,4:20:23:672382,0
593.6439,370.0592,4:20:23:675366,0
594.3818,369.5054,4:20:23:680350,0
595.1196,368.8932,4:20:23:684361,0
595.882,368.2811,4:20:23:687376,0
596.6935,367.6689,4:20:23:692360,0
597.5543,367.0859,4:20:23:695361,0
598.4643,366.4738,4:20:23:700299,0
599.3497,365.8033,4:20:23:704307,0
600.235,365.2203,4:20:23:708269,0
601.0466,364.5499,4:20:23:712284,0
601.7845,363.9377,4:20:23:716286,0
602.4485,363.2964,4:20:23:720274,938
602.9896,362.5969,4:20:23:724359,951
603.3585,361.9555,4:20:23:728385,996
603.5552,361.2851,4:20:23:732788,1060
603.6044,360.7021,4:20:23:735797,1160
603.6044,360.1191,4:20:23:740376,1261
603.6044,359.5652,4:20:23:743383,1362
602.5961,359.128,4:20:23:748388,1485
601.9074,358.6616,4:20:23:751382,1606
601.022,358.3409,4:20:23:756374,1738
599.8907,357.9911,4:20:23:760375,1866
598.5873,357.6996,4:20:23:764372,1977
597.087,357.4956,4:20:23:768392,2075
595.4639,357.379,4:20:23:772036,2164
593.7669,357.379,4:20:23:776047,2247
592.0453,357.379,4:20:23:780397,2318
590.3238,357.379,4:20:23:784424,2372
588.7498,358.2535,4:20:23:788403,2420
587.2988,359.0114,4:20:23:791404,2453
585.9707,360.0899,4:20:23:796405,2505
584.864,361.5183,4:20:23:799404,2584
583.954,363.4131,4:20:23:804363,2682
583.1424,365.7451,4:20:23:808371,2807
582.5276,368.5143,4:20:23:812299,2935
582.0111,371.6334,4:20:23:815522,3066
581.6913,375.0731,4:20:23:819809,3191
581.47,378.6877,4:20:23:823807,3299
581.3962,382.448,4:20:23:827893,3389
581.3962,386.2083,4:20:23:831807,3446
581.3962,389.9395,4:20:23:836344,3492
582.2324,393.6416,4:20:23:840354,3523
582.7981,397.3437,4:20:23:844351,3546
583.4621,401.0457,4:20:23:848354,3570
584.1508,404.7186,4:20:23:852354,3581
584.8394,408.3623,4:20:23:856354,3592
585.4542,411.9478,4:20:23:860348,3600
585.9953,415.3875,4:20:23:863358,3588
586.4626,418.5648,4:20:23:867359,3522
586.8315,421.5381,4:20:23:872361,3383
586.8315,424.0742,4:20:23:876356,3155
587.1758,426.2604,4:20:23:880363,2820
587.1758,428.0095,4:20:23:884376,2337
587.1758,429.4087,4:20:23:887386,1664
587.1758,430.3706,4:20:23:892354,990
587.1758,430.9828,4:20:23:895365,438
586.2166,431.1868,4:20:23:900351,0
585.6264,431.1868,4:20:23:903378,0
584.864,431.1868,4:20:23:908384,0
584.077,429.9333,4:20:23:911388,0
583.2408,428.8839,4:20:23:916384,0
582.3308,427.6013,4:20:23:919386,0
581.4208,426.1147,4:20:23:924353,0
580.6584,424.3948,4:20:23:927363,0
579.9698,422.4127,4:20:23:932350,0
579.5025,420.343,4:20:23:936360,0
579.5025,418.1276,4:20:23:940359,0
579.2812,415.8247,4:20:23:944362,0
579.2812,413.4344,4:20:23:948379,0
579.2812,410.9858,4:20:23:952360,0
580.2158,408.6247,4:20:23:956355,0
580.8306,406.3218,4:20:23:959685,0
581.6176,404.1356,4:20:23:963848,0
582.4292,402.0951,4:20:23:967746,0
583.2408,400.2003,4:20:23:971746,0
584.0524,398.4805,4:20:23:975746,0
584.8885,396.9355,4:20:23:980855,0
585.7001,395.5655,4:20:23:983864,0
586.4626,394.312,4:20:23:988224,0
587.1758,393.2918,4:20:23:991806,0
587.8398,392.359,4:20:23:996439,0
588.4055,391.5428,4:20:24:000449,0
588.8973,390.8723,4:20:24:004450,0
589.3646,390.3185,4:20:24:007449,0
589.7089,389.8521,4:20:24:011539,0
590.0532,389.5023,4:20:24:015449,0
590.373,389.2982,4:20:24:020354,0
590.6189,389.0942,4:20:24:023367,0
590.8649,388.9776,4:20:24:029365,0
591.1354,388.9485,4:20:24:033365,0
591.3813,388.9193,4:20:24:037161,0
591.6765,388.9193,4:20:24:040205,0
591.9962,388.9193,4:20:24:045189,0
592.3405,388.9193,4:20:24:048188,0
592.6848,388.9193,4:20:24:052188,0
593.0783,388.9193,4:20:24:056187,0
593.4964,388.9193,4:20:24:060357,0
593.9145,388.9193,4:20:24:063367,0
594.3572,388.9193,4:20:24:068367,0
594.8245,388.9193,4:20:24:071368,0
595.2672,388.9193,4:20:24:076384,0
595.7344,388.9193,4:20:24:079367,0
596.2017,388.9193,4:20:24:084359,0
596.5706,388.9193,4:20:24:087367,2100
596.8903,388.9193,4:20:24:092367,2119
597.1608,388.2488,4:20:24:096374,2172
597.3822,388.2488,4:20:24:100377,2258
597.5543,387.6659,4:20:24:103377,2376
597.6527,387.6659,4:20:24:108374,2493
597.6773,386.9954,4:20:24:112377,2598
597.6773,386.9954,4:20:24:116353,2691
597.6773,386.4998,4:20:24:119566,2767
597.6773,386.4998,4:20:24:123988,2835
597.6773,386.0917,4:20:24:127980,2887
597.6773,386.0917,4:20:24:131979,2920
597.0379,385.8294,4:20:24:135980,2943
597.0379,385.8294,4:20:24:140006,2952
596.5706,385.8294,4:20:24:144015,2955
596.5706,385.8294,4:20:24:148077,2955
595.9803,385.8294,4:20:24:152012,2956
595.9803,386.7039,4:20:24:156357,2955
595.3655,386.7039,4:20:24:160367,2959
595.0458,387.9865,4:20:24:163369,2967
594.7753,388.9193,4:20:24:167367,2975
594.5539,390.027,4:20:24:171369,2995
594.5539,391.2221,4:20:24:176382,3022
594.3818,392.5339,4:20:24:180394,3063
594.3818,393.9914,4:20:24:183399,3110
594.3818,395.5072,4:20:24:188365,3169
594.9966,397.023,4:20:24:191375,3236
594.9966,398.7137,4:20:24:196299,3301
596.0049,400.4335,4:20:24:200327,3364
596.6689,402.1826,4:20:24:204309,3415
597.4314,403.9024,4:20:24:208314,3451
598.2922,405.5639,4:20:24:212309,3475
599.1776,407.1672,4:20:24:216315,3492
600.1121,408.6538,4:20:24:220352,3508
601.0712,410.0239,4:20:24:224362,3522
602.055,411.1316,4:20:24:228364,3532
603.0388,412.0644,4:20:24:232362,3539
604.0471,412.7057,4:20:24:236360,3544
605.1046,413.1721,4:20:24:240360,3543
606.236,413.347,4:20:24:244352,3543
607.4164,413.347,4:20:24:248363,3538
608.5723,413.347,4:20:24:252407,3519
609.8512,412.5016,4:20:24:255409,3496
611.1547,411.7146,4:20:24:259412,3471
612.4827,410.7235,4:20:24:264412,3445
613.7616,409.4992,4:20:24:267854,3431
614.9667,408.1292,4:20:24:271868,3426
616.0488,406.6717,4:20:24:276535,3423
616.9096,405.1267,4:20:24:280543,3425
617.6967,403.5526,4:20:24:284367,3423
618.1885,401.9493,4:20:24:287374,3424
618.4836,400.4044,4:20:24:292352,3424
618.5574,398.8303,4:20:24:296363,3422
618.5574,397.3437,4:20:24:300361,3427
618.5574,395.9153,4:20:24:304362,3435
617.8442,394.5453,4:20:24:308366,3455
617.8442,393.321,4:20:24:312361,3508
616.8604,392.2424,4:20:24:316374,3588
616.344,391.2805,4:20:24:320365,3704
616.344,390.5517,4:20:24:324368,3820
615.5078,389.9978,4:20:24:328362,3909
615.5078,389.5898,4:20:24:332365,3960
614.9667,389.3565,4:20:24:336363,3971
614.9667,389.3565,4:20:24:340352,3968
614.9667,389.3565,4:20:24:344384,3974
614.9667,390.1144,4:20:24:348384,4008
614.9667,390.8432,4:20:24:352384,4061
614.9667,391.8051,4:20:24:355386,4120
614.9667,393.0877,4:20:24:359386,4186
615.7045,394.7202,4:20:24:364547,4240
615.7045,396.644,4:20:24:367557,4276
616.1964,398.8303,4:20:24:371633,4310
616.1964,401.308,4:20:24:375557,4324
616.6391,403.9898,4:20:24:380555,4332
616.6391,406.7882,4:20:24:383559,4336
616.6391,409.6741,4:20:24:388358,4331
617.0572,412.6474,4:20:24:392368,4335
617.0572,415.6207,4:20:24:396297,4319
617.2785,418.5066,4:20:24:400307,4279
617.2785,421.2758,4:20:24:404416,4186
617.5491,423.9284,4:20:24:407454,4020
617.5491,426.4062,4:20:24:411592,3770
617.5491,428.7382,4:20:24:415536,3421
617.5491,430.8953,4:20:24:419533,2961
617.5491,432.9066,4:20:24:423533,2287
616.7129,434.5974,4:20:24:428214,1467
616.0488,436.0548,4:20:24:432214,772
615.2372,437.25,4:20:24:436260,0
614.2289,438.1537,4:20:24:440256,0
612.9992,438.7366,4:20:24:444257,0
611.6957,438.999,4:20:24:448258,0
610.2939,438.999,4:20:24:452347,0
608.7691,438.999,4:20:24:456379,0
607.2197,437.5706,4:20:24:460381,0
605.7195,436.463,4:20:24:463378,0
604.2684,435.0929,4:20:24:468376,0
602.9404,433.373,4:20:24:471378,0
601.8337,431.4783,4:20:24:476349,0
600.8499,429.4961,4:20:24:479700,0
600.235,427.339,4:20:24:483819,0
599.8661,425.1236,4:20:24:487701,0
599.7678,422.9373,4:20:24:492702,0
599.7678,420.7511,4:20:24:497718,0
599.7678,418.6815,4:20:24:499703,0
600.8991,416.6701,4:20:24:504299,0
601.5385,414.8336,4:20:24:507753,0
602.3993,413.1138,4:20:24:511752,0
603.1617,411.598,4:20:24:515752,0
603.8995,410.3154,4:20:24:519835,0
604.5635,409.1202,4:20:24:523753,0
605.1046,408.1,4:20:24:528348,0
605.5719,407.1381,4:20:24:531699,0
605.5719,406.2927,4:20:24:536258,0
606.0638,405.5348,4:20:24:540257,0
606.0638,404.8352,4:20:24:545257,0
606.0638,404.1939,4:20:24:549259,0
606.0638,403.6983,4:20:24:552267,0
606.0638,403.2028,4:20:24:556262,0
605.2522,402.7947,4:20:24:559615,0
605.2522,402.4157,4:20:24:563626,0
604.5389,402.0951,4:20:24:567710,0
604.5389,401.7744,4:20:24:571629,0
603.8257,401.4538,4:20:24:576287,0
603.8257,401.1331,4:20:24:580299,0
603.2847,400.7542,4:20:24:584299,0
603.2847,400.4044,4:20:24:588296,0
602.9158,400.0546,4:20:24:592300,0
602.9158,399.7339,4:20:24:596351,0
602.6699,399.3842,4:20:24:601248,0
602.6699,399.0927,4:20:24:604256,0
602.6699,398.772,4:20:24:608256,0
602.4485,398.393,4:20:24:612256,0
602.4485,398.0724,4:20:24:616317,0
602.3256,397.6935,4:20:24:620262,0
602.2518,397.2853,4:20:24:624568,0
602.2272,396.9064,4:20:24:627608,0
602.178,396.4983,4:20:24:632350,0
602.178,396.061,4:20:24:635361,0
602.178,395.653,4:20:24:640362,0
602.178,395.2157,4:20:24:643361,0
602.178,394.7784,4:20:24:648361,0
602.178,394.2829,4:20:24:652359,0
602.178,393.8456,4:20:24:655411,0
602.178,393.4084,4:20:24:659432,0
602.178,392.942,4:20:24:664352,0
602.178,392.5048,4:20:24:668360,0
602.178,392.0384,4:20:24:672296,1296
602.178,391.572,4:20:24:675541,1327
602.178,391.1638,4:20:24:680422,1392
602.178,390.8141,4:20:24:684452,1511
602.178,390.4351,4:20:24:688435,1677
601.6369,390.1436,4:20:24:691433,1838
601.6369,389.9104,4:20:24:696432,1971
601.6369,389.7646,4:20:24:699436,2048
601.6369,389.7355,4:20:24:704296,2094
601.6369,389.7355,4:20:24:708307,2134
601.6369,389.7355,4:20:24:712305,2201
601.6369,390.4351,4:20:24:716307,2295
601.6369,390.4351,4:20:24:720307,2394
601.6369,391.8051,4:20:24:724307,2481
602.2518,392.7671,4:20:24:728320,2546
602.2518,393.9914,4:20:24:732322,2586
603.2109,395.3906,4:20:24:736320,2608
603.8011,396.9938,4:20:24:740320,2628
604.4406,398.772,4:20:24:744320,2636
605.203,400.6959,4:20:24:748326,2642
605.99,402.6781,4:20:24:752320,2606
606.8016,404.7477,4:20:24:756317,2490
607.564,406.7882,4:20:24:760340,2249
608.3756,408.7996,4:20:24:763693,1802
609.1626,410.6943,4:20:24:767703,1181
609.8758,412.4142,4:20:24:772288,633
610.5153,414.0175,4:20:24:776296,0
611.0317,415.3583,4:20:24:780288,0
611.4252,416.4077,4:20:24:784288,0
611.7203,417.1948,4:20:24:788438,0
611.8925,417.7195,4:20:24:791438,0
611.9171,417.9527,4:20:24:796353,0
611.9171,417.9818,4:20:24:799687,0
611.2531,417.9818,4:20:24:803816,0
611.2531,417.9818,4:20:24:807688,0
610.1464,416.7575,4:20:24:811733,0
609.4085,415.9705,4:20:24:815688,0
608.6461,415.0377,4:20:24:820353,0
607.9575,414.0175,4:20:24:824379,0
607.2689,412.8223,4:20:24:827366,0
606.7278,411.5397,4:20:24:832354,0
606.3343,410.053,4:20:24:836364,0
606.3343,408.5081,4:20:24:839767,0
606.3343,406.934,4:20:24:843769,0
606.3343,405.2725,4:20:24:847767,0
606.3343,403.64,4:20:24:851770,0
606.3343,401.9785,4:20:24:856302,0
606.3343,400.4335,4:20:24:859778,0
606.3343,399.0344,4:20:24:863777,0
607.0475,397.7517,4:20:24:867777,0
607.0475,396.5858,4:20:24:871777,0
607.5148,395.5363,4:20:24:876362,0
607.5148,394.6618,4:20:24:880369,0
608.0067,393.8748,4:20:24:883959,0
608.0067,393.2335,4:20:24:887960,0
608.4985,392.6797,4:20:24:891984,0
608.4985,392.1258,4:20:24:895960,0
608.9167,391.6885,4:20:24:899959,0
608.9167,391.3096,4:20:24:904355,0
609.138,390.9598,4:20:24:907365,0
609.138,390.6974,4:20:24:912414,0
609.138,390.4642,4:20:24:916415,0
609.138,390.2019,4:20:24:920422,0
609.138,390.0562,4:20:24:923416,0
609.138,389.9395,4:20:24:928325,0
608.4985,389.8521,4:20:24:932333,0
608.4985,389.7646,4:20:24:936356,0
608.0313,389.7355,4:20:24:939986,0
608.0313,389.7064,4:20:24:944002,0
607.5394,389.648,4:20:24:948357,0
607.5394,389.648,4:20:24:951372,0
607.0967,389.648,4:20:24:956332,0
607.0967,389.648,4:20:24:960344,0
607.0967,389.648,4:20:24:964352,0
606.8262,389.648,4:20:24:968342,0
606.8262,389.648,4:20:24:972341,0
606.8262,389.648,4:20:24:976342,1228
606.8262,389.648,4:20:24:980351,1231
607.564,389.648,4:20:24:983361,1255
607.564,389.065,4:20:24:988837,1321
608.7199,389.065,4:20:24:991836,1437
609.5807,389.065,4:20:24:995848,1583
610.6628,388.5695,4:20:24:999838,1744
612.0154,388.5695,4:20:25:004359,1893
613.6387,388.5695,4:20:25:008370,2021
615.5078,388.5695,4:20:25:012368,2144
617.6967,388.2488,4:20:25:015369,2265
620.1314,388.2488,4:20:25:020551,2372
622.8367,388.2488,4:20:25:023561,2472
625.8864,387.9865,4:20:25:028559,2560
629.059,387.9865,4:20:25:032559,2623
632.3545,387.9865,4:20:25:036558,2680
635.8468,387.9865,4:20:25:040562,2718
639.4375,387.9865,4:20:25:043560,2747
643.1266,387.9865,4:20:25:047561,2779
646.7664,387.9865,4:20:25:051562,2814
650.3571,387.9865,4:20:25:055566,2865
653.874,387.9865,4:20:25:059575,2931
657.2679,387.9865,4:20:25:064569,3004
660.6127,388.6861,4:20:25:068604,3072
663.7361,388.6861,4:20:25:071667,3135
666.6136,388.6861,4:20:25:076598,3188
669.2205,388.6861,4:20:25:080601,3233
671.6061,389.0942,4:20:25:083622,3277
673.7704,389.0942,4:20:25:088355,3313
675.6641,389.0942,4:20:25:091878,3340
677.2873,389.0942,4:20:25:096350,3364
678.6891,389.0942,4:20:25:099363,3388
679.8204,389.0942,4:20:25:104360,3410
680.8534,389.0942,4:20:25:107361,3432
681.7142,389.0942,4:20:25:112629,3451
682.452,389.0942,4:20:25:115639,3462
683.0914,389.0942,4:20:25:119643,3470
683.657,389.0942,4:20:25:123641,3473
684.1735,389.0942,4:20:25:127759,3475
684.5916,389.0942,4:20:25:131641,3473
685.0097,389.0942,4:20:25:136326,3467
685.3295,389.0942,4:20:25:140326,3446
685.5754,389.0942,4:20:25:144327,3401
685.7476,389.0942,4:20:25:148346,3332
685.8705,389.0942,4:20:25:152344,3233
685.9689,389.0942,4:20:25:156357,3107
685.9689,389.0942,4:20:25:159466,2949
685.9689,389.0942,4:20:25:163477,2767
685.9689,389.0942,4:20:25:167479,2569
685.9689,389.0942,4:20:25:171477,2367
685.9689,389.0942,4:20:25:176351,2175
685.3295,389.0942,4:20:25:179689,1968
685.3295,389.0942,4:20:25:183743,1739
684.69,389.7646,4:20:25:187689,1497
684.69,389.7646,4:20:25:191693,1271
683.8784,390.3185,4:20:25:195689,1100
683.4849,390.3185,4:20:25:199792,998
683.0668,390.8141,4:20:25:203803,962
682.7471,390.8141,4:20:25:208360,962
682.452,390.8141,4:20:25:211369,984
682.452,390.8141,4:20:25:216371,1025
682.0093,390.8141,4:20:25:220370,1088
681.8126,390.8141,4:20:25:224369,1188
681.5912,390.8141,4:20:25:227369,1327
681.419,390.8141,4:20:25:232397,1510
681.1977,390.8141,4:20:25:235395,1704
680.9026,390.1144,4:20:25:240424,1892
680.632,390.1144,4:20:25:244434,2062
680.3123,389.5898,4:20:25:248433,2208
680.0418,389.5898,4:20:25:252439,2337
679.7466,389.065,4:20:25:255434,2456
679.5007,389.065,4:20:25:259434,2551
679.2548,389.065,4:20:25:264247,2610
679.0089,388.6861,4:20:25:268255,2657
678.8121,388.6861,4:20:25:272232,2719
678.5662,388.6861,4:20:25:276242,2817
678.3448,389.4731,4:20:25:280239,2956
678.0005,390.1728,4:20:25:284242,3122
677.607,391.1056,4:20:25:288241,3280
677.1397,392.2715,4:20:25:292240,3422
676.6724,393.7582,4:20:25:296239,3547
676.2051,395.4781,4:20:25:300242,3675
675.7379,397.4602,4:20:25:304353,3793
675.2952,399.7631,4:20:25:308365,3900
674.8771,402.2117,4:20:25:312297,3988
674.5328,404.8352,4:20:25:316350,4038
674.2623,407.5753,4:20:25:319915,4067
674.0163,410.3737,4:20:25:323809,4078
673.7704,413.1721,4:20:25:327827,4083
673.4998,415.9705,4:20:25:331822,4090
673.2293,418.594,4:20:25:336249,4093
672.9588,421.13,4:20:25:340191,4093
672.6882,423.4912,4:20:25:344190,4097
672.4423,425.7649,4:20:25:348190,4104
672.2209,427.8637,4:20:25:352349,4103
671.975,429.8167,4:20:25:355373,4107
671.8029,431.6241,4:20:25:360336,4075
671.6061,433.3148,4:20:25:364335,3998
671.4586,434.7431,4:20:25:368338,3873
671.2618,435.9674,4:20:25:372339,3661
671.0651,437.0168,4:20:25:376354,3376
670.9175,437.7455,4:20:25:380378,2996
670.6962,438.2994,4:20:25:384349,2394
670.4748,438.4743,4:20:25:388363,1580
670.2043,438.4743,4:20:25:392346,870
669.8846,438.4743,4:20:25:396356,0
669.5648,437.7455,4:20:25:400357,0
669.1959,437.7455,4:20:25:404357,0
668.827,436.2589,4:20:25:408369,0
668.4089,435.2678,4:20:25:412357,0
668.0646,434.0727,4:20:25:416631,0
667.7203,432.8484,4:20:25:419644,0
667.4744,431.5366,4:20:25:424346,0
667.2531,430.1082,4:20:25:428357,0
667.1055,428.6799,4:20:25:432354,0
667.0071,427.2807,4:20:25:436357,0
667.0071,425.9106,4:20:25:440354,0
667.0071,424.5989,4:20:25:444348,0
667.0071,423.3746,4:20:25:447370,0
667.0071,422.2961,4:20:25:452293,0
667.0071,421.305,4:20:25:456306,0
667.6957,420.4596,4:20:25:460303,0
667.6957,419.6725,4:20:25:464304,0
667.6957,419.0021,4:20:25:468302,0
668.3597,418.4482,4:20:25:472312,0
668.3597,417.9527,4:20:25:476420,0
668.8024,417.4863,4:20:25:479433,0
668.8024,417.0782,4:20:25:484346,0
669.1713,416.7284,4:20:25:488356,0
669.1713,416.3786,4:20:25:492356,0
669.5402,416.058,4:20:25:496365,0
669.7616,415.7082,4:20:25:500355,0
669.9829,415.3875,4:20:25:504355,0
670.1797,415.096,4:20:25:508393,0
670.3765,414.7462,4:20:25:512395,0
670.5732,414.3964,4:20:25:516394,0
670.77,414.0466,4:20:25:520393,0
670.9175,413.726,4:20:25:524638,0
671.1389,413.3178,4:20:25:527648,0
671.2864,412.8806,4:20:25:531718,1818
671.4094,412.385,4:20:25:535648,1844
671.5323,411.8604,4:20:25:539770,1900
671.6061,411.394,4:20:25:543648,2010
671.7045,410.8984,4:20:25:549661,2160
671.7537,410.3737,4:20:25:553652,2342
671.8521,409.8199,4:20:25:555648,2547
671.8521,409.3535,4:20:25:559646,2731
671.8521,408.9162,4:20:25:563647,2907
671.8521,408.4498,4:20:25:567863,3049
671.8521,408.0125,4:20:25:571872,3164
671.8521,407.6045,4:20:25:575674,3265
671.0651,407.1964,4:20:25:579688,3348
671.0651,406.8466,4:20:25:584349,3423
670.0075,406.5259,4:20:25:587683,3483
669.2205,406.3218,4:20:25:591787,3532
668.2859,406.1178,4:20:25:595688,3563
667.1793,406.0303,4:20:25:599684,3582
665.8266,406.0303,4:20:25:603711,3595
664.351,406.0303,4:20:25:608396,3599
662.777,406.0303,4:20:25:611406,3614
661.1046,406.0303,4:20:25:616296,3635
659.3831,406.8757,4:20:25:619724,3660
657.7352,406.8757,4:20:25:623978,3699
656.1859,407.721,4:20:25:627979,3737
654.7348,407.721,4:20:25:632056,3772
653.4559,408.7704,4:20:25:636010,3805
652.3984,409.3826,4:20:25:639743,3840
651.5622,410.1405,4:20:25:643699,3887
650.8244,410.8984,4:20:25:648294,3945
650.2341,411.8604,4:20:25:652322,4013
649.7423,412.8806,4:20:25:656305,4085
649.3979,413.93,4:20:25:660306,4149
649.1274,415.1543,4:20:25:664302,4218
648.9553,416.4952,4:20:25:669305,4283
648.8569,417.8361,4:20:25:672310,4341
648.8569,419.2061,4:20:25:676329,4392
648.8569,420.6053,4:20:25:680286,4429
648.8569,421.9463,4:20:25:684313,4465
649.7177,423.3163,4:20:25:688293,4495
650.2833,424.6863,4:20:25:692293,4518
650.9966,425.9398,4:20:25:696296,4541
651.8328,427.1641,4:20:25:700296,4554
652.8657,428.3009,4:20:25:704269,4567
654.0462,429.3503,4:20:25:708306,4573
655.3989,430.2249,4:20:25:712360,4575
656.8745,431.0119,4:20:25:716360,4579
658.4485,431.6241,4:20:25:720360,4582
660.1208,432.0905,4:20:25:724359,4591
661.7686,432.382,4:20:25:728226,4598
663.5148,432.4402,4:20:25:731896,4603
665.2117,432.4402,4:20:25:736286,4591
666.8842,432.4402,4:20:25:740295,4546
668.4827,432.4402,4:20:25:744297,4454
669.9829,431.42,4:20:25:748297,4285
671.3356,431.42,4:20:25:752304,4007
672.4423,430.3123,4:20:25:756314,3592
673.3769,429.671,4:20:25:760262,2922
674.0409,428.9714,4:20:25:764270,1939
674.459,428.1844,4:20:25:768273,1078
674.5082,427.4265,4:20:25:772283,0
674.5082,426.6103,4:20:25:776272,0
673.4261,425.794,4:20:25:780272,0
672.2947,424.9487,4:20:25:784656,0
670.8192,424.0742,4:20:25:787666,0
668.9746,423.1997,4:20:25:791791,0
666.8596,422.1503,4:20:25:795667,0
664.3264,421.1592,4:20:25:799669,0
661.5719,420.0515,4:20:25:803667,0
661.5719,420.0515,4:20:25:821746,0
