151.4237,241.3911,3:31:55:693582,0
151.4237,241.3911,3:31:55:696727,0
150.3908,241.3911,3:31:55:700614,0
149.5792,241.3911,3:31:55:704682,0
148.6692,241.3911,3:31:55:708619,0
147.6363,242.2657,3:31:55:713361,0
146.4804,242.2657,3:31:55:716399,0
145.0047,243.5482,3:31:55:720384,0
143.4799,244.5102,3:31:55:724575,0
142.2994,245.8219,3:31:55:728398,0
141.0206,247.192,3:31:55:732652,0
139.8647,248.3871,3:31:55:737109,0
138.6596,249.6698,3:31:55:740679,0
137.5037,250.7775,3:31:55:744718,0
136.4215,251.5354,3:31:55:748698,0
135.6837,252.1475,3:31:55:752698,0
134.9459,252.5556,3:31:55:756795,0
134.2573,252.5556,3:31:55:760853,0
133.8392,252.5556,3:31:55:764916,0
133.5686,251.5645,3:31:55:768869,0
133.5195,250.8649,3:31:55:772871,0
133.5195,250.0195,3:31:55:777049,0
133.5195,249.0867,3:31:55:780986,0
133.5195,248.0665,3:31:55:784871,0
133.5195,246.9005,3:31:55:788871,0
133.5195,245.9094,3:31:55:792872,0
133.5195,244.9766,3:31:55:796872,0
133.5195,244.1313,3:31:55:801005,0
132.7079,243.2859,3:31:55:805093,0
131.8963,242.6738,3:31:55:809014,0
130.9371,242.2657,3:31:55:813249,0
129.9042,242.2657,3:31:55:816308,0
128.9204,242.0325,3:31:55:820413,0
127.8875,242.0325,3:31:55:824269,0
126.9037,242.0325,3:31:55:829585,0
125.8954,242.0325,3:31:55:832991,0
124.9608,242.0325,3:31:55:836992,0
124.2476,242.6738,3:31:55:840983,0
123.6574,242.6738,3:31:55:844989,0
123.2147,242.6738,3:31:55:849016,0
122.7966,242.6738,3:31:55:853104,0
122.4277,243.3442,3:31:55:857544,0
122.108,243.3442,3:31:55:861560,0
121.8128,243.3442,3:31:55:864585,0
121.4685,244.1021,3:31:55:868570,0
121.0258,244.5102,3:31:55:872597,0
120.4848,245.0058,3:31:55:876732,0
119.8699,245.6762,3:31:55:881020,0
119.2059,246.4341,3:31:55:885109,0
118.5911,247.1337,3:31:55:888871,0
118.0254,247.8916,3:31:55:892894,0
117.4597,248.6495,3:31:55:896893,0
117.0171,249.3491,3:31:55:900908,0
116.6728,250.0195,3:31:55:905379,0
116.4268,250.5734,3:31:55:908799,0
116.3038,251.1272,3:31:55:912948,0
116.2055,251.6811,3:31:55:916798,0
116.1563,252.2641,3:31:55:920788,0
116.1317,252.9054,3:31:55:925368,0
116.1317,253.5759,3:31:55:929136,0
116.0333,254.3046,3:31:55:933155,0
115.9595,255.2083,3:31:55:937159,0
115.8366,256.1702,3:31:55:941161,0
115.7382,257.0739,3:31:55:945159,0
115.6398,258.0941,3:31:55:948950,0
115.566,259.0852,3:31:55:952965,0
115.3939,260.018,3:31:55:957110,0
115.2709,260.8925,3:31:55:961127,0
115.2463,261.6795,3:31:55:965126,0
115.1725,262.2625,3:31:55:969126,0
115.1233,262.7581,3:31:55:973544,0
115.0987,263.0787,3:31:55:976626,0
115.0004,263.2245,3:31:55:981564,0
114.9758,263.2537,3:31:55:984581,0
114.9758,263.2537,3:31:55:988637,0
114.9758,263.2537,3:31:55:993045,0
114.9758,263.2537,3:31:55:997001,0
114.9758,262.4083,3:31:56:001022,0
114.9758,262.4083,3:31:56:005022,0
114.9758,261.6795,3:31:56:009017,0
114.9758,261.6795,3:31:56:013021,0
115.4922,260.8925,3:31:56:016758,0
115.4922,260.8925,3:31:56:021002,0
115.4922,260.1929,3:31:56:025275,0
115.4922,260.1929,3:31:56:029271,0
115.4922,259.4641,3:31:56:032272,0
115.4922,259.1143,3:31:56:037273,0
115.4922,258.7937,3:31:56:040886,0
115.4922,258.4147,3:31:56:045062,0
115.4922,258.0941,3:31:56:049082,0
114.902,257.7151,3:31:56:053082,0
114.902,257.4236,3:31:56:057083,0
114.902,257.0739,3:31:56:061444,0
114.4101,256.8698,3:31:56:065236,0
114.4101,256.5783,3:31:56:069237,0
113.992,256.3451,3:31:56:073231,0
113.992,256.1119,3:31:56:077235,0
113.6231,255.9662,3:31:56:081267,0
113.6231,255.7912,3:31:56:084286,0
113.2788,255.5289,3:31:56:088304,0
113.2788,255.3831,3:31:56:093287,0
113.0329,255.2374,3:31:56:096291,0
113.0329,255.0916,3:31:56:101107,0
113.0329,254.9459,3:31:56:104975,0
113.0329,254.8002,3:31:56:109107,0
113.0329,254.567,3:31:56:113115,0
113.0329,254.4212,3:31:56:117019,0
113.0329,254.2463,3:31:56:121000,0
113.0329,253.9839,3:31:56:124995,0
113.7215,253.7216,3:31:56:129000,0
113.7215,253.4301,3:31:56:133016,0
113.7215,253.1386,3:31:56:137305,0
114.3609,252.7888,3:31:56:140324,0
114.3609,252.4682,3:31:56:145321,0
114.7544,252.1183,3:31:56:148324,0
114.7544,251.7686,3:31:56:152341,0
115.1479,251.4187,3:31:56:156984,0
115.1479,251.0398,3:31:56:161104,0
115.566,250.7191,3:31:56:165014,0
115.566,250.3402,3:31:56:169003,0
115.7874,250.0195,3:31:56:173005,0
115.9349,249.728,3:31:56:177000,0
116.0825,249.4366,3:31:56:181005,0
116.1809,249.2325,3:31:56:184826,0
116.3284,249.0867,3:31:56:189085,772
116.4022,248.941,3:31:56:193107,790
116.4514,248.8535,3:31:56:197106,845
116.6728,248.8535,3:31:56:201106,967
116.8695,248.8535,3:31:56:205106,1148
117.0171,248.8535,3:31:56:209034,1364
117.14,248.8535,3:31:56:212216,1597
117.3614,249.7572,3:31:56:216318,1819
117.5335,249.7572,3:31:56:221209,2029
117.7549,251.0107,3:31:56:225206,2208
117.9024,251.8268,3:31:56:228976,2375
118.0008,252.8179,3:31:56:233108,2494
118.0008,254.1006,3:31:56:237130,2577
118.0008,255.6163,3:31:56:241131,2653
118.0008,257.1905,3:31:56:245125,2703
117.3122,258.9686,3:31:56:249129,2752
117.3122,260.8925,3:31:56:253061,2796
116.0579,262.9038,3:31:56:257086,2818
115.2709,265.0027,3:31:56:261082,2829
114.3118,267.0723,3:31:56:265082,2831
113.1804,269.1419,3:31:56:269077,2833
111.9262,271.1241,3:31:56:273242,2838
110.5981,273.0772,3:31:56:277063,2839
109.1471,274.8553,3:31:56:281060,2844
107.696,276.4878,3:31:56:285060,2845
106.245,277.9744,3:31:56:289060,2843
104.7202,279.257,3:31:56:294498,2848
103.2937,280.3647,3:31:56:296906,2843
101.9411,281.2683,3:31:56:300908,2841
100.7114,281.8805,3:31:56:304912,2850
99.62928,282.2886,3:31:56:308914,2846
98.67013,282.4926,3:31:56:312907,2842
97.78475,282.4926,3:31:56:317012,2842
96.99775,282.4926,3:31:56:320899,2839
96.3829,281.5307,3:31:56:324354,2829
95.79266,280.7145,3:31:56:328387,2836
95.32538,279.636,3:31:56:332354,2829
94.98106,278.295,3:31:56:336354,2828
94.75972,276.7792,3:31:56:341100,2847
94.66135,275.0302,3:31:56:344936,2861
94.66135,273.1938,3:31:56:348495,2878
94.66135,271.1533,3:31:56:352510,2887
95.59591,269.0836,3:31:56:356490,2892
96.30913,266.8099,3:31:56:360490,2888
97.24369,264.5945,3:31:56:364790,2897
98.375,262.4666,3:31:56:368790,2907
99.65388,260.3095,3:31:56:373226,2925
101.1787,258.2982,3:31:56:376225,2958
102.9003,256.4326,3:31:56:381226,2979
104.7694,254.6835,3:31:56:384229,3003
106.9336,253.0511,3:31:56:388856,3012
109.3684,251.6811,3:31:56:392631,3015
112.0245,250.4276,3:31:56:396650,3027
114.9266,249.2616,3:31:56:400650,3032
117.9516,248.2706,3:31:56:404647,3049
121.075,247.3086,3:31:56:409023,3056
124.2476,246.4924,3:31:56:412040,3059
127.3956,245.8219,3:31:56:417044,3059
130.4207,245.2681,3:31:56:421039,3053
133.3227,244.8308,3:31:56:425396,3055
136.028,244.5102,3:31:56:429611,3058
138.6104,244.2478,3:31:56:433123,3053
141.0697,244.1021,3:31:56:437124,3051
143.4553,244.0438,3:31:56:441120,3051
145.7672,244.0438,3:31:56:445121,3040
147.9068,244.0438,3:31:56:448866,3045
149.9481,244.0438,3:31:56:453209,3045
151.8172,244.0146,3:31:56:457225,3044
153.5142,244.0146,3:31:56:460228,3039
154.9406,243.9855,3:31:56:465225,3036
156.0965,243.8689,3:31:56:469430,3027
157.0065,243.7231,3:31:56:472497,3014
157.6705,243.5482,3:31:56:477445,2999
158.064,243.2276,3:31:56:480467,2963
158.2608,242.8195,3:31:56:484449,2929
158.2854,242.2365,3:31:56:488905,2882
158.2854,241.5661,3:31:56:492909,2843
158.2854,240.8082,3:31:56:496937,2824
157.5476,239.9045,3:31:56:500905,2811
157.5476,238.9426,3:31:56:504934,2807
156.5392,237.9806,3:31:56:508888,2812
155.949,237.0186,3:31:56:512914,2808
155.3095,236.0567,3:31:56:516907,2798
154.6947,235.1822,3:31:56:520915,2798
154.0061,234.3077,3:31:56:525244,2810
153.3174,233.5498,3:31:56:529262,2830
152.7272,232.7628,3:31:56:533262,2872
152.1615,232.0632,3:31:56:536262,2911
151.6697,231.3636,3:31:56:540061,2964
151.2516,230.6931,3:31:56:544700,3046
150.8827,230.1393,3:31:56:548656,3136
150.5629,229.6145,3:31:56:552671,3251
150.317,229.1773,3:31:56:556712,3357
150.1694,228.8275,3:31:56:561130,3433
150.0219,228.6234,3:31:56:565129,3485
149.9235,228.4777,3:31:56:569129,3512
149.8251,228.4194,3:31:56:573129,3525
149.8005,228.4194,3:31:56:576902,3560
149.7513,228.4194,3:31:56:581113,3620
149.7513,229.1481,3:31:56:584958,3710
149.7513,229.1481,3:31:56:588915,3798
149.7513,230.5765,3:31:56:592937,3876
149.7513,231.6842,3:31:56:596940,3939
149.7513,232.9959,3:31:56:600942,3984
149.7513,234.5117,3:31:56:604933,4047
150.2678,236.2316,3:31:56:608970,4102
150.2678,238.0972,3:31:56:613013,4162
150.2678,240.0502,3:31:56:617347,4226
150.2678,242.1782,3:31:56:620346,4271
150.6121,244.3062,3:31:56:625346,4313
150.6121,246.5215,3:31:56:628347,4353
150.6121,248.941,3:31:56:632871,4373
150.6121,251.6519,3:31:56:637085,4391
150.6121,254.4503,3:31:56:641086,4403
150.6121,257.5403,3:31:56:645087,4403
150.6121,260.7176,3:31:56:649088,4400
150.6121,263.9241,3:31:56:652473,4397
150.0711,267.218,3:31:56:656554,4395
150.0711,270.5703,3:31:56:660553,4393
150.0711,273.7477,3:31:56:665535,4394
150.0711,276.7501,3:31:56:668574,4392
149.5792,279.6068,3:31:56:673160,4391
149.5792,282.2886,3:31:56:677220,4395
149.5792,284.7664,3:31:56:681220,4394
149.5792,287.1566,3:31:56:685223,4397
149.5792,289.4012,3:31:56:689225,4397
149.5792,291.4709,3:31:56:692680,4385
149.5792,293.5114,3:31:56:697079,4360
149.5792,295.377,3:31:56:701080,4296
149.5792,296.951,3:31:56:705079,4192
149.5792,298.292,3:31:56:708078,4020
150.1448,299.4871,3:31:56:713096,3800
150.1448,300.449,3:31:56:717093,3550
150.1448,301.0612,3:31:56:720092,3273
150.1448,301.4984,3:31:56:724094,2981
150.1448,301.7317,3:31:56:728094,2621
150.5137,301.7317,3:31:56:732462,2114
150.5137,301.7317,3:31:56:736460,1494
150.7597,301.7317,3:31:56:740476,862
150.981,300.2741,3:31:56:745464,371
151.227,299.3122,3:31:56:749216,0
151.5467,298.117,3:31:56:752415,0
151.9156,296.6887,3:31:56:756310,0
152.3829,295.1146,3:31:56:760250,0
152.9485,293.3365,3:31:56:764253,0
153.5388,291.4417,3:31:56:768626,0
154.2274,289.5761,3:31:56:772606,0
155.0144,287.7105,3:31:56:776448,0
155.8506,285.9323,3:31:56:780448,0
156.8098,284.2708,3:31:56:784450,0
157.9165,282.5801,3:31:56:788959,0
159.097,280.9768,3:31:56:793214,0
160.4004,279.5193,3:31:56:797230,0
161.8761,278.1201,3:31:56:800243,0
163.4993,276.7501,3:31:56:805224,0
165.2208,275.4092,3:31:56:808301,0
167.1637,274.1266,3:31:56:813522,0
169.2542,272.8148,3:31:56:816866,0
171.4922,271.5323,3:31:56:820516,0
173.804,270.2205,3:31:56:824416,0
176.2388,268.9379,3:31:56:828417,0
178.7228,267.597,3:31:56:832399,0
181.1822,266.3435,3:31:56:836955,0
183.6907,265.1484,3:31:56:840538,0
186.0763,264.0115,3:31:56:844557,0
188.3881,263.0204,3:31:56:848556,0
190.577,262.1168,3:31:56:852617,0
192.7658,261.4464,3:31:56:856556,0
194.7579,260.8925,3:31:56:860277,0
196.7008,260.4844,3:31:56:865103,0
198.5453,260.1929,3:31:56:869045,0
200.1931,260.018,3:31:56:873109,0
201.6441,259.8723,3:31:56:877129,0
202.8984,259.7265,3:31:56:881131,0
203.9314,259.6682,3:31:56:885130,0
204.6938,259.5516,3:31:56:889473,0
205.284,259.4641,3:31:56:892494,0
205.7021,259.3184,3:31:56:896491,0
206.0219,259.1726,3:31:56:901490,0
206.2432,258.9686,3:31:56:905523,0
206.5383,258.7937,3:31:56:908752,0
206.858,258.5022,3:31:56:912831,0
207.2761,258.1524,3:31:56:916884,0
207.6942,257.8318,3:31:56:920828,0
208.2107,257.4819,3:31:56:924827,0
208.8009,257.0739,3:31:56:928837,0
209.3666,256.7241,3:31:56:932834,0
210.006,256.2285,3:31:56:936833,0
210.6701,255.7912,3:31:56:940895,0
211.2849,255.354,3:31:56:944848,0
211.9735,254.8584,3:31:56:948847,0
212.6868,254.2755,3:31:56:952863,0
213.4492,253.605,3:31:56:956863,0
214.187,252.9346,3:31:56:960863,0
214.9494,252.2058,3:31:56:964882,0
215.7364,251.4187,3:31:56:969017,0
216.4496,250.6026,3:31:56:973016,0
217.1874,249.7572,3:31:56:976993,0
217.9252,248.8244,3:31:56:981009,0
218.663,247.979,3:31:56:985009,0
219.3763,247.0754,3:31:56:989026,0
220.0895,246.1718,3:31:56:993015,0
220.8273,245.2681,3:31:56:997486,0
221.5405,244.3062,3:31:57:001509,0
222.2045,243.3734,3:31:57:004504,0
222.8932,242.3822,3:31:57:008504,0
223.508,241.4203,3:31:57:012502,0
224.0737,240.4001,3:31:57:017020,0
224.6393,239.3506,3:31:57:020579,0
225.1312,238.243,3:31:57:024573,0
225.6231,237.1935,3:31:57:028499,0
226.0658,236.1441,3:31:57:032480,0
226.4347,234.949,3:31:57:037237,0
226.7544,233.8121,3:31:57:040771,1714
226.9757,232.6461,3:31:57:044779,1742
227.1233,231.655,3:31:57:048774,1806
227.2216,230.7222,3:31:57:052766,1920
227.2462,229.8477,3:31:57:057391,2086
227.2462,228.9733,3:31:57:060408,2277
227.2462,228.3902,3:31:57:064407,2464
227.2462,227.953,3:31:57:068445,2616
227.2462,227.6032,3:31:57:072408,2711
227.2462,227.4574,3:31:57:076991,2756
227.2462,227.3117,3:31:57:081157,2786
227.2462,227.3117,3:31:57:085175,2854
227.2462,227.3117,3:31:57:089175,2966
227.2462,228.3611,3:31:57:092176,3098
227.2462,229.1481,3:31:57:097172,3234
226.8282,230.1976,3:31:57:101239,3319
226.8282,231.5676,3:31:57:105259,3379
226.8282,233.2,3:31:57:109254,3411
226.2625,235.0947,3:31:57:113259,3422
226.2625,237.2518,3:31:57:117256,3434
225.6968,239.4381,3:31:57:120948,3439
225.3525,241.7993,3:31:57:124966,3452
224.9836,244.2478,3:31:57:128964,3460
224.5901,246.7547,3:31:57:132965,3481
224.1966,249.4948,3:31:57:137153,3504
223.8277,252.3515,3:31:57:140106,3522
223.385,255.3831,3:31:57:145110,3544
223.0407,258.4439,3:31:57:149108,3554
222.6718,261.563,3:31:57:153108,3552
222.3521,264.7112,3:31:57:156858,3562
222.0816,267.8302,3:31:57:160690,3570
221.811,270.8326,3:31:57:164691,3572
221.5651,273.6019,3:31:57:168694,3581
221.3929,276.2254,3:31:57:172789,3579
221.1962,278.5865,3:31:57:177077,3580
220.9994,280.8019,3:31:57:181093,3577
220.8273,282.9299,3:31:57:185093,3574
220.6551,284.8829,3:31:57:189097,3576
220.5322,286.6028,3:31:57:193096,3574
220.3846,288.2061,3:31:57:197101,3574
220.2616,289.7802,3:31:57:200571,3572
220.1633,291.1794,3:31:57:204496,3564
220.0649,292.4911,3:31:57:208496,3554
220.0157,293.5988,3:31:57:212612,3549
219.9665,294.5608,3:31:57:217032,3543
219.9419,295.2895,3:31:57:220057,3545
219.9419,295.96,3:31:57:224673,3545
219.9419,296.3972,3:31:57:228659,3556
219.9419,296.6304,3:31:57:232679,3565
219.9419,296.6887,3:31:57:236662,3565
219.9419,296.6887,3:31:57:240852,3565
219.9419,296.6887,3:31:57:245269,3550
219.9419,295.4644,3:31:57:249289,3549
220.6059,294.8231,3:31:57:252285,3549
220.6059,293.9194,3:31:57:257287,3551
220.9994,292.8701,3:31:57:260286,3567
220.9994,291.7332,3:31:57:264428,3575
221.4667,290.4506,3:31:57:269394,3578
221.4667,289.168,3:31:57:273218,3583
222.0324,287.7688,3:31:57:278216,3585
222.2783,286.4571,3:31:57:281215,3577
222.5488,284.8829,3:31:57:284221,3577
222.7948,283.3672,3:31:57:288749,3575
223.0653,281.7056,3:31:57:292904,3566
223.3112,279.9566,3:31:57:297902,3566
223.5326,278.1201,3:31:57:300901,3573
223.7293,276.1963,3:31:57:304902,3569
223.8769,274.1266,3:31:57:308843,3571
223.9753,271.9695,3:31:57:312900,3569
223.9753,269.7832,3:31:57:316859,3557
223.9753,267.5387,3:31:57:320886,3558
223.9753,265.265,3:31:57:324858,3552
223.2621,263.0204,3:31:57:328860,3555
223.2621,260.8925,3:31:57:333196,3554
222.0324,258.852,3:31:57:337212,3556
221.1962,256.9864,3:31:57:340252,3565
220.1633,255.2083,3:31:57:345214,3559
218.9828,253.5759,3:31:57:348246,3554
217.6055,252.1183,3:31:57:353451,3551
216.0315,250.9523,3:31:57:357470,3546
214.4083,249.9321,3:31:57:360469,3546
212.6376,249.0867,3:31:57:364468,3555
210.9406,248.3871,3:31:57:368531,3559
209.1944,247.8916,3:31:57:372787,3563
207.5221,247.571,3:31:57:376987,3563
205.8251,247.4252,3:31:57:380551,3565
204.2265,247.4252,3:31:57:384611,3561
202.7263,247.4252,3:31:57:388559,3564
201.2999,247.4252,3:31:57:392551,3560
199.9472,248.5329,3:31:57:396966,3561
198.6191,249.2325,3:31:57:400617,3566
197.3403,250.0779,3:31:57:404613,3565
196.1352,251.1855,3:31:57:408617,3584
195.053,252.4973,3:31:57:412718,3591
194.0201,254.0131,3:31:57:416864,3597
193.0855,255.6163,3:31:57:420958,3607
192.2739,257.4528,3:31:57:424954,3616
191.5607,259.4059,3:31:57:428954,3640
190.9213,261.5046,3:31:57:432958,3662
190.4294,263.6326,3:31:57:437005,3685
190.0851,265.848,3:31:57:440908,3702
189.8392,268.0051,3:31:57:444575,3711
189.7408,270.1622,3:31:57:448541,3723
189.7408,272.261,3:31:57:453531,3739
189.7408,274.2723,3:31:57:456529,3752
190.3556,276.1963,3:31:57:460989,3757
190.3556,278.0327,3:31:57:465006,3770
191.5853,279.7817,3:31:57:469005,3778
192.4215,281.4141,3:31:57:473017,3787
193.4298,282.9008,3:31:57:477007,3796
194.6103,284.1833,3:31:57:480122,3803
195.84,285.4368,3:31:57:484079,3807
197.2173,286.4862,3:31:57:489076,3808
198.7175,287.4482,3:31:57:492081,3810
200.2669,288.2061,3:31:57:497085,3788
201.9147,288.7307,3:31:57:501314,3746
203.71,289.0222,3:31:57:504334,3666
205.5792,289.2263,3:31:57:508351,3540
207.5467,289.2555,3:31:57:512384,3373
209.6125,289.2555,3:31:57:516374,3168
211.703,289.2555,3:31:57:520788,2965
213.7689,288.0603,3:31:57:525358,2748
215.7856,287.419,3:31:57:528961,2496
217.7285,286.6611,3:31:57:532484,2206
219.4746,285.8157,3:31:57:536365,1818
220.9748,284.9121,3:31:57:540364,1409
222.2537,283.9501,3:31:57:545361,1008
223.2129,282.9882,3:31:57:548942,607
223.9507,281.9971,3:31:57:552927,324
224.3688,281.0352,3:31:57:556930,129
224.5901,280.0732,3:31:57:561929,0
224.5901,279.1987,3:31:57:565130,0
224.5901,278.295,3:31:57:569148,0
223.9999,277.4497,3:31:57:573146,0
223.9999,276.6627,3:31:57:576152,0
223.0653,275.963,3:31:57:581557,0
222.4751,275.3509,3:31:57:584620,0
221.811,274.7387,3:31:57:588579,0
221.1716,274.2723,3:31:57:592640,0
220.5076,273.8643,3:31:57:596576,0
219.7943,273.5144,3:31:57:601101,0
219.0811,273.2521,3:31:57:604653,0
218.3433,273.048,3:31:57:608690,0
217.7039,272.9023,3:31:57:612827,0
217.0644,272.7857,3:31:57:616673,0
216.4988,272.6982,3:31:57:620673,0
216.0069,272.6691,3:31:57:625223,0
215.5642,272.6691,3:31:57:628440,0
215.1707,272.6691,3:31:57:633437,0
214.8756,272.6691,3:31:57:636440,0
214.6297,272.6691,3:31:57:640554,0
214.4083,272.6691,3:31:57:645007,0
214.2853,272.6691,3:31:57:648689,0
214.187,272.6691,3:31:57:652695,0
214.1378,272.6691,3:31:57:656325,0
214.064,272.6691,3:31:57:661323,0
214.064,272.6691,3:31:57:665098,0
214.064,272.6691,3:31:57:669444,0
214.064,272.6691,3:31:57:672446,0
214.064,272.6691,3:31:57:676440,0
214.064,272.6691,3:31:57:680468,0
214.064,272.6691,3:31:57:684888,0
214.064,272.6691,3:31:57:688954,0
214.6788,272.6691,3:31:57:692970,0
214.6788,272.6691,3:31:57:696971,0
214.6788,272.6691,3:31:57:700971,0
215.1707,272.6691,3:31:57:705010,0
215.1707,272.6691,3:31:57:708943,0
215.5396,272.6691,3:31:57:713016,0
215.5396,272.6691,3:31:57:717108,0
215.8839,272.6691,3:31:57:720271,0
215.8839,272.6691,3:31:57:724886,0
216.1545,272.6691,3:31:57:728904,0
216.1545,272.6691,3:31:57:732908,0
216.4496,272.6691,3:31:57:736935,0
216.5726,272.6691,3:31:57:740909,0
216.7201,272.6691,3:31:57:746650,0
216.8923,272.6691,3:31:57:748664,0
217.0644,272.2027,3:31:57:752671,0
217.2612,272.2027,3:31:57:756677,0
217.4579,271.8529,3:31:57:760686,0
217.6547,271.8529,3:31:57:765023,0
217.876,271.4156,3:31:57:769081,0
218.0974,271.1533,3:31:57:773101,0
218.3433,270.891,3:31:57:777102,0
218.6876,270.5995,3:31:57:781104,0
219.0073,270.2788,3:31:57:785474,0
219.45,269.929,3:31:57:788492,0
219.9419,269.6083,3:31:57:792520,0
220.483,269.2003,3:31:57:798490,0
221.0732,268.8504,3:31:57:800489,0
221.7372,268.4424,3:31:57:805491,0
222.3767,268.0051,3:31:57:809498,0
223.0161,267.597,3:31:57:813340,0
223.6556,267.1889,3:31:57:816377,0
224.3688,266.7225,3:31:57:820371,0
225.205,266.3144,3:31:57:824357,0
226.0903,265.9063,3:31:57:829357,0
227.0987,265.4399,3:31:57:833048,0
228.23,265.0318,3:31:57:836477,0
229.6319,264.6237,3:31:57:840384,0
231.1321,264.303,3:31:57:844596,0
232.8782,264.0115,3:31:57:848608,0
234.649,263.6617,3:31:57:852601,0
236.4689,263.3411,3:31:57:856613,0
238.2888,263.0204,3:31:57:860942,0
240.158,262.7873,3:31:57:864943,0
241.9287,262.6123,3:31:57:869944,0
243.6257,262.3792,3:31:57:872939,0
245.2489,262.2043,3:31:57:876847,0
246.7491,262.0876,3:31:57:880986,0
248.2247,262.0002,3:31:57:884951,0
249.5774,262.0002,3:31:57:888958,0
250.9054,262.0002,3:31:57:892954,0
252.0613,262.0002,3:31:57:897365,0
253.1189,262.0002,3:31:57:900626,0
253.9551,262.0002,3:31:57:904645,0
254.6191,262.0002,3:31:57:908646,0
255.0618,262.0002,3:31:57:912698,0
255.3323,262.7581,3:31:57:916874,0
255.4799,262.7581,3:31:57:920541,0
255.4799,262.7581,3:31:57:924635,0
255.4799,263.4286,3:31:57:928603,0
255.4799,263.4286,3:31:57:932624,0
255.4799,263.895,3:31:57:937214,0
255.4799,263.895,3:31:57:940235,0
255.4799,264.3322,3:31:57:944414,0
255.4799,264.3322,3:31:57:949234,0
256.3407,264.7403,3:31:57:953529,0
256.3407,264.7403,3:31:57:957548,0
257.1031,265.1193,3:31:57:960555,0
257.5949,265.1193,3:31:57:964549,0
258.1114,265.3816,3:31:57:968582,0
258.7755,265.4982,3:31:57:972687,0
259.587,265.5565,3:31:57:977594,0
260.5462,265.5565,3:31:57:981099,0
261.7021,265.5565,3:31:57:985030,0
263.0302,265.5565,3:31:57:989047,0
264.5796,265.5565,3:31:57:993052,0
266.3503,265.5565,3:31:57:997051,0
268.367,265.5565,3:31:58:001393,0
270.4575,264.8278,3:31:58:004921,0
272.7447,264.8278,3:31:58:008923,0
275.1303,264.8278,3:31:58:012937,0
277.6389,264.3322,3:31:58:016939,0
280.2212,264.3322,3:31:58:021002,0
282.7543,264.3322,3:31:58:024836,0
285.2383,264.3322,3:31:58:029138,0
287.5993,264.3322,3:31:58:033139,0
289.7635,264.3322,3:31:58:037139,0
291.6573,264.3322,3:31:58:041138,0
293.2559,264.3322,3:31:58:045020,0
294.5348,264.3322,3:31:58:048548,0
295.4939,265.0027,3:31:58:052564,0
296.1825,265.0027,3:31:58:056638,0
296.6252,265.848,3:31:58:060585,0
296.8712,266.4893,3:31:58:065335,0
296.9941,267.218,3:31:58:069278,0
296.9941,267.976,3:31:58:072299,0
296.9941,268.7339,3:31:58:076296,0
296.9941,269.4626,3:31:58:080295,0
296.9941,270.1039,3:31:58:085296,0
296.4777,270.7452,3:31:58:088965,0
296.4777,271.299,3:31:58:093347,0
295.9612,271.7363,3:31:58:097098,0
295.9612,272.1152,3:31:58:101120,0
295.4447,272.4067,3:31:58:105119,0
295.4447,272.6691,3:31:58:109120,0
295.4447,272.9315,3:31:58:113115,0
295.4447,273.1064,3:31:58:117196,0
295.4447,273.223,3:31:58:121274,0
295.4447,273.3395,3:31:58:124331,0
296.4039,273.4561,3:31:58:128327,0
296.4039,273.5728,3:31:58:132339,0
297.3876,273.6602,3:31:58:136292,0
297.8549,273.8059,3:31:58:140347,0
298.3222,273.9225,3:31:58:145266,0
298.3222,274.0683,3:31:58:148409,0
299.0354,274.2141,3:31:58:152282,0
299.3797,274.3598,3:31:58:156282,0
299.724,274.4764,3:31:58:161067,0
300.1175,274.5638,3:31:58:165092,0
300.511,274.593,3:31:58:169076,0
300.9291,274.6222,3:31:58:173315,0
301.3472,274.6222,3:31:58:176387,0
301.7899,274.6222,3:31:58:180373,0
302.3064,274.6222,3:31:58:184334,0
302.7245,274.6222,3:31:58:188333,0
303.118,274.6222,3:31:58:193361,0
303.4623,274.6222,3:31:58:197005,0
303.6836,274.6222,3:31:58:200877,0
303.8804,274.6222,3:31:58:204792,0
304.0034,274.6222,3:31:58:208797,0
304.1755,274.6222,3:31:58:212849,0
304.2493,274.0392,3:31:58:217015,0
304.3723,274.0392,3:31:58:221102,0
304.3969,274.0392,3:31:58:225203,0
304.446,273.6602,3:31:58:228348,0
304.4952,273.6602,3:31:58:233219,0
304.569,273.3687,3:31:58:236240,0
304.6428,273.3687,3:31:58:241220,0
304.7166,272.9897,3:31:58:245397,0
304.8641,272.8148,3:31:58:248423,0
305.0363,272.64,3:31:58:253416,0
305.2822,272.4359,3:31:58:256416,0
305.5528,272.2318,3:31:58:260414,0
305.8725,271.9987,3:31:58:264788,0
306.2414,271.7946,3:31:58:268850,0
306.6349,271.5614,3:31:58:273396,0
307.053,271.299,3:31:58:277412,0
307.4465,271.0367,3:31:58:281417,0
307.8646,270.8326,3:31:58:284433,0
308.2581,270.5995,3:31:58:288629,0
308.627,270.3371,3:31:58:293243,0
308.9221,270.1039,3:31:58:296263,0
309.1926,269.8998,3:31:58:300281,0
309.414,269.6667,3:31:58:305259,0
309.5615,269.4918,3:31:58:309449,0
309.6845,269.346,3:31:58:312463,0
309.7091,269.1419,3:31:58:316464,0
309.7091,268.9962,3:31:58:321468,0
309.7091,268.8504,3:31:58:324468,0
309.7091,268.7339,3:31:58:328779,0
309.7091,268.6464,3:31:58:333710,0
309.7091,268.5298,3:31:58:336705,0
309.0697,268.4132,3:31:58:340705,0
309.0697,268.2966,3:31:58:344865,0
309.0697,268.18,3:31:58:348812,0
308.504,268.0926,3:31:58:352834,0
308.504,268.0051,3:31:58:356843,0
308.504,267.8593,3:31:58:360846,0
308.1105,267.7427,3:31:58:364828,0
308.1105,267.6262,3:31:58:369247,0
308.1105,267.5387,3:31:58:373266,0
308.1105,267.4221,3:31:58:377269,0
308.1105,267.3055,3:31:58:380283,0
308.1105,267.1889,3:31:58:384283,0
308.1105,267.1306,3:31:58:389100,0
308.1105,267.0432,3:31:58:392791,0
308.1105,267.014,3:31:58:396813,0
308.1105,266.8974,3:31:58:400808,0
308.1105,266.8099,3:31:58:404942,0
308.7499,266.7516,3:31:58:408821,0
308.7499,266.6642,3:31:58:412901,0
309.2172,266.5768,3:31:58:417097,0
309.2172,266.4601,3:31:58:421103,0
309.7583,266.3435,3:31:58:424921,0
309.7583,266.227,3:31:58:428928,0
310.2993,266.1978,3:31:58:432935,0
310.5945,266.1104,3:31:58:436934,0
310.9142,266.0521,3:31:58:441003,0
311.2831,265.9937,3:31:58:445081,0
311.6766,265.9355,3:31:58:449101,0
312.1193,265.9063,3:31:58:453099,0
312.6111,265.8188,3:31:58:457101,0
313.1768,265.7606,3:31:58:460108,0
313.7425,265.6731,3:31:58:465461,0
314.3573,265.5857,3:31:58:468478,0
314.9722,265.4982,3:31:58:472523,0
315.587,265.3816,3:31:58:476498,0
316.1526,265.265,3:31:58:481480,0
316.6691,265.1484,3:31:58:484893,0
317.1856,265.0027,3:31:58:489012,0
317.5545,264.8278,3:31:58:493104,1252
317.8988,264.6237,3:31:58:497120,1290
318.1693,264.4779,3:31:58:501120,1377
318.3661,264.303,3:31:58:505125,1512
318.5136,264.1281,3:31:58:509124,1708
318.6366,263.9824,3:31:58:513287,1913
318.7104,263.7784,3:31:58:516374,2111
318.735,263.6326,3:31:58:520309,2284
318.8088,263.4868,3:31:58:524326,2422
318.8088,263.312,3:31:58:528306,2537
318.8088,263.0787,3:31:58:533007,2623
318.8088,262.9038,3:31:58:536910,2688
318.8088,262.6707,3:31:58:541040,2730
318.8088,262.4083,3:31:58:545061,2751
317.9726,262.2334,3:31:58:548061,2750
317.407,262.0585,3:31:58:553061,2753
316.5953,261.9419,3:31:58:557059,2748
315.587,261.9419,3:31:58:561381,2740
314.3081,261.9419,3:31:58:565396,2742
312.7833,261.9419,3:31:58:568393,2732
310.988,261.9419,3:31:58:572410,2736
309.0205,262.8747,3:31:58:576395,2738
307.0038,262.8747,3:31:58:580959,2737
304.8641,263.7784,3:31:58:585608,2739
302.7491,263.7784,3:31:58:588638,2738
300.6832,264.886,3:31:58:592631,2734
298.6911,265.4399,3:31:58:596625,2732
296.9203,265.9937,3:31:58:600638,2734
295.3709,266.4893,3:31:58:605321,2732
294.0429,266.9265,3:31:58:608345,2733
292.887,267.3347,3:31:58:612479,2733
291.977,267.6844,3:31:58:616359,2726
291.2884,267.9468,3:31:58:620493,2717
290.8211,267.9468,3:31:58:625378,2709
290.526,268.2383,3:31:58:628397,2693
290.3538,268.2383,3:31:58:632440,2686
290.3292,268.3257,3:31:58:637397,2675
290.3292,268.4132,3:31:58:640397,2665
290.3292,268.5006,3:31:58:645030,2669
290.3292,268.559,3:31:58:649100,2672
291.0916,268.7047,3:31:58:652489,2670
291.0916,268.9088,3:31:58:656417,2668
292.0754,269.1128,3:31:58:660397,2662
292.764,269.3752,3:31:58:664637,2656
293.5264,269.6667,3:31:58:668465,2662
294.4118,269.9582,3:31:58:673006,2668
295.3217,270.2788,3:31:58:677032,2675
296.2809,270.5995,3:31:58:681086,2681
297.3384,270.9201,3:31:58:685102,2679
298.4698,271.2699,3:31:58:689106,2680
299.6502,271.6488,3:31:58:692106,2683
300.8553,272.0861,3:31:58:697385,2684
302.0113,272.5233,3:31:58:700423,2687
303.1917,273.048,3:31:58:704423,2693
304.3723,273.5144,3:31:58:708430,2697
305.6265,274.0683,3:31:58:712412,2704
306.7578,274.6805,3:31:58:717047,2718
307.8154,275.2926,3:31:58:721068,2721
308.7745,275.9922,3:31:58:725064,2735
309.6845,276.6918,3:31:58:729064,2749
310.5207,277.4497,3:31:58:733363,2764
311.2831,278.2368,3:31:58:736423,2791
311.9225,279.0529,3:31:58:741381,2804
312.4636,279.84,3:31:58:744381,2826
312.9063,280.7145,3:31:58:748381,2852
313.2506,281.5307,3:31:58:753449,2882
313.4965,282.4052,3:31:58:756464,2919
313.6195,283.2505,3:31:58:760491,2952
313.7179,284.1542,3:31:58:764465,2979
313.7179,284.9995,3:31:58:768482,2993
313.7179,285.8741,3:31:58:772855,3012
313.0292,286.7777,3:31:58:775981,3033
312.4636,287.6522,3:31:58:780996,3047
311.7504,288.5558,3:31:58:784996,3069
310.8404,289.3429,3:31:58:788996,3081
309.7583,290.1591,3:31:58:792657,3091
308.4548,290.9461,3:31:58:796135,3112
307.0284,291.7332,3:31:58:800133,3115
305.5036,292.5494,3:31:58:804133,3131
303.9788,293.3656,3:31:58:810421,3138
302.4294,294.0652,3:31:58:813439,3139
300.8799,294.7648,3:31:58:816443,3148
299.3551,295.4352,3:31:58:820445,3140
297.8057,295.9891,3:31:58:824442,3138
296.2563,296.4264,3:31:58:829004,3133
294.8053,296.8053,3:31:58:833028,3137
293.3788,297.0385,3:31:58:837023,3145
291.9032,297.0385,3:31:58:841028,3165
290.4768,297.0385,3:31:58:845025,3204
289.075,297.0385,3:31:58:849203,3239
287.6731,297.0385,3:31:58:853218,3281
286.345,296.1349,3:31:58:856347,3312
285.0908,296.1349,3:31:58:860240,3324
283.9102,295.1729,3:31:58:865219,3339
282.7789,294.5608,3:31:58:869237,3347
281.7706,293.9194,3:31:58:873011,3355
280.7868,293.3365,3:31:58:877012,3366
279.8523,292.7243,3:31:58:880057,3368
279.0407,292.1122,3:31:58:885012,3372
278.3275,291.5,3:31:58:888755,3360
277.688,290.8587,3:31:58:892684,3343
277.147,290.2466,3:31:58:896954,3324
276.7043,289.6927,3:31:58:900965,3253
276.36,289.168,3:31:58:904964,3125
276.1632,288.585,3:31:58:908952,2895
276.114,287.9146,3:31:58:912945,2519
276.114,287.3315,3:31:58:916963,1991
276.114,286.6611,3:31:58:920974,1316
276.8764,285.9907,3:31:58:924965,720
277.4913,285.2619,3:31:58:928968,274
278.2291,284.504,3:31:58:932901,0
279.1145,283.7461,3:31:58:937145,0
280.1474,282.9299,3:31:58:941150,0
281.3033,282.1137,3:31:58:945146,0
282.533,281.2101,3:31:58:949145,0
283.9102,280.3647,3:31:58:952972,0
285.3613,279.5193,3:31:58:957361,0
286.9353,278.6448,3:31:58:960379,0
288.7552,277.7412,3:31:58:964460,0
290.6735,276.8084,3:31:58:968396,0
292.6656,275.9048,3:31:58:972495,0
294.8545,275.0886,3:31:58:976999,0
297.1663,274.2141,3:31:58:981019,0
299.5027,273.4853,3:31:58:985019,0
301.8391,272.7857,3:31:58:989018,0
304.1755,272.1152,3:31:58:993018,0
306.4135,271.4739,3:31:58:997074,0
308.6024,270.9201,3:31:59:000849,0
310.7666,270.3662,3:31:59:005132,0
312.7833,269.8124,3:31:59:009133,0
314.677,269.2585,3:31:59:013133,0
316.5216,268.6755,3:31:59:018138,0
318.3169,268.0342,3:31:59:020895,0
320.063,267.3347,3:31:59:024901,0
321.6371,266.635,3:31:59:028907,0
323.2111,265.9063,3:31:59:032895,0
324.6129,265.1193,3:31:59:036973,0
326.0147,264.2448,3:31:59:041416,0
327.2936,263.312,3:31:59:044573,0
328.4249,262.35,3:31:59:048439,0
329.5562,261.2715,3:31:59:052492,0
330.54,260.1638,3:31:59:056452,0
331.5237,258.9686,3:31:59:061351,0
332.3845,257.7443,3:31:59:065369,0
333.2945,256.3742,3:31:59:069367,0
334.0815,254.8876,3:31:59:072413,0
334.8931,253.4592,3:31:59:077367,0
335.6801,251.9143,3:31:59:080370,0
336.3195,250.3111,3:31:59:084366,0
336.9836,248.7661,3:31:59:088368,0
337.5492,247.1628,3:31:59:093104,0
338.0411,245.5304,3:31:59:097058,0
338.4592,244.0438,3:31:59:100513,0
338.8773,242.6738,3:31:59:104499,0
339.2708,241.2746,3:31:59:108700,0
339.6889,239.9919,3:31:59:112647,0
340.1316,238.7677,3:31:59:117053,0
340.5497,237.5725,3:31:59:121040,0
340.9923,236.4939,3:31:59:125055,0
341.4596,235.4154,3:31:59:129055,0
341.9515,234.4243,3:31:59:133055,0
342.4926,233.4623,3:31:59:137304,0
342.9844,232.5878,3:31:59:140323,0
343.5501,231.6842,3:31:59:145321,0
344.1158,230.9263,3:31:59:148331,0
344.7306,230.1393,3:31:59:152321,0
345.3454,229.4397,3:31:59:156783,0
346.0341,228.7984,3:31:59:161366,0
346.6981,228.2445,3:31:59:165217,0
347.3867,227.7781,3:31:59:169240,0
348.1245,227.3117,3:31:59:173240,0
348.8132,226.9619,3:31:59:176236,0
349.4526,226.6996,3:31:59:181274,0
349.9691,226.4955,3:31:59:184892,0
350.4855,226.3497,3:31:59:188452,1107
350.879,226.2914,3:31:59:192569,1106
351.1988,226.2914,3:31:59:196500,1159
351.4693,226.2914,3:31:59:200452,1249
351.666,226.2914,3:31:59:204624,1413
351.8136,226.991,3:31:59:208722,1626
351.9857,226.991,3:31:59:212636,1826
352.1579,227.9821,3:31:59:216722,2013
352.2809,228.6817,3:31:59:220669,2169
352.4038,229.5562,3:31:59:225033,2308
352.4776,230.4599,3:31:59:229050,2424
352.4776,231.5093,3:31:59:233049,2523
352.4776,232.5878,3:31:59:237054,2590
352.4776,233.7538,3:31:59:241056,2634
351.8136,234.9781,3:31:59:244857,2664
351.2234,236.2899,3:31:59:248876,2683
350.4363,237.5725,3:31:59:252875,2691
349.4772,238.8842,3:31:59:256934,2694
348.2229,240.1669,3:31:59:260880,2686
346.7719,241.4203,3:31:59:265403,2688
345.0503,242.6738,3:31:59:270420,2676
343.1566,243.8689,3:31:59:272429,2676
341.1399,244.9474,3:31:59:276421,2678
339.0494,246.026,3:31:59:280426,2676
336.9836,247.0171,3:31:59:285113,2686
334.9177,247.8916,3:31:59:289525,2684
332.9256,248.7661,3:31:59:293526,2687
331.1057,249.4657,3:31:59:296542,2694
329.4579,250.0779,3:31:59:300543,2694
327.9331,250.5734,3:31:59:305100,2699
326.6542,251.0107,3:31:59:308978,2699
325.5229,251.2439,3:31:59:313000,2697
324.5637,251.3896,3:31:59:317995,2702
323.7767,251.4187,3:31:59:320995,2694
323.1865,251.4187,3:31:59:326406,2689
322.6454,251.4187,3:31:59:329405,2678
322.2027,251.4187,3:31:59:332411,2678
321.9076,250.3985,3:31:59:336417,2674
321.6371,250.3985,3:31:59:340412,2669
321.4649,249.4366,3:31:59:345244,2661
321.3419,248.7952,3:31:59:349264,2648
321.2682,248.1539,3:31:59:353260,2651
321.2682,247.4835,3:31:59:356314,2648
321.2682,246.8422,3:31:59:360263,2661
321.2682,246.1718,3:31:59:365465,2661
321.2682,245.5596,3:31:59:368487,2665
321.9076,244.9766,3:31:59:372502,2676
321.9076,244.4227,3:31:59:376487,2680
322.4978,243.9855,3:31:59:381480,2684
322.4978,243.5774,3:31:59:385535,2681
323.0635,243.2859,3:31:59:389542,2683
323.0635,243.0527,3:31:59:392605,2691
323.58,242.9361,3:31:59:396662,2720
323.58,242.9361,3:31:59:400607,2766
324.244,242.9361,3:31:59:404624,2828
324.6867,242.9361,3:31:59:409934,2905
325.1048,242.9361,3:31:59:412999,2978
325.5721,244.1021,3:31:59:417073,3044
326.1377,244.7434,3:31:59:421093,3116
326.851,245.5596,3:31:59:425089,3166
327.5396,246.5215,3:31:59:429090,3227
328.2774,247.6875,3:31:59:433092,3282
329.0152,248.941,3:31:59:437093,3316
329.7038,250.3111,3:31:59:441461,3340
330.4908,251.9143,3:31:59:445566,3358
331.3024,253.6342,3:31:59:448592,3359
332.1386,255.558,3:31:59:452583,3359
332.9748,257.6277,3:31:59:456566,3365
333.9339,259.8139,3:31:59:460860,3354
334.8931,262.0002,3:31:59:465331,3353
335.9014,264.303,3:31:59:468389,3354
337.0573,266.5768,3:31:59:472400,3357
338.2625,268.7339,3:31:59:476331,3357
339.5167,270.7452,3:31:59:481113,3356
340.8202,272.6108,3:31:59:485130,3355
342.1729,274.2723,3:31:59:489131,3351
343.5501,275.7299,3:31:59:493128,3351
344.9273,277.0999,3:31:59:497348,3350
346.3292,278.2368,3:31:59:500370,3342
347.7065,279.1987,3:31:59:504365,3332
349.0345,279.9566,3:31:59:508410,3315
350.4117,280.5104,3:31:59:513364,3288
351.7152,280.9185,3:31:59:517292,3235
353.0433,281.1809,3:31:59:521311,3158
354.3221,281.2975,3:31:59:525313,3068
355.5764,281.2975,3:31:59:529311,2973
356.8061,281.2975,3:31:59:532312,2891
357.9128,281.2975,3:31:59:537032,2807
358.995,280.219,3:31:59:541046,2712
359.8803,280.219,3:31:59:545050,2527
360.7411,278.9363,3:31:59:549054,2310
361.6265,277.9161,3:31:59:553491,2050
362.4627,276.7501,3:31:59:556528,1746
363.2743,275.2635,3:31:59:560507,1434
364.0367,273.6019,3:31:59:564509,1045
364.7745,271.6488,3:31:59:568509,637
365.4385,269.346,3:31:59:572501,307
366.0534,266.8974,3:31:59:576960,0
366.5945,264.303,3:31:59:581396,0
366.9388,261.5921,3:31:59:584484,0
367.1601,258.9103,3:31:59:589415,0
367.3076,256.1993,3:31:59:593415,0
367.3814,253.5759,3:31:59:596414,0
367.3814,251.0398,3:31:59:600841,0
367.406,248.8244,3:31:59:604320,0
367.406,246.6382,3:31:59:608303,0
367.4306,244.5977,3:31:59:612303,0
367.529,242.7612,3:31:59:616399,0
367.6028,240.983,3:31:59:621038,0
367.6766,239.2923,3:31:59:624955,0
367.8487,237.7182,3:31:59:628971,0
368.0701,236.2025,3:31:59:632977,0
368.316,234.8324,3:31:59:636976,0
368.5865,233.5498,3:31:59:640977,0
368.8817,232.3255,3:31:59:644586,0
369.1522,231.2178,3:31:59:648634,807
369.4719,230.1976,3:31:59:652702,838
369.7424,229.323,3:31:59:656606,909
370.0376,228.536,3:31:59:660781,1020
370.2589,227.953,3:31:59:665100,1198
370.4311,227.4283,3:31:59:669121,1376
370.6032,227.1077,3:31:59:672123,1521
370.7508,226.8161,3:31:59:677118,1633
370.8737,226.6996,3:31:59:681116,1690
370.9721,226.6413,3:31:59:684982,1742
371.0705,226.6413,3:31:59:689083,1849
371.1935,226.6413,3:31:59:693166,1976
371.3164,226.6413,3:31:59:697166,2146
371.4394,227.8073,3:31:59:701166,2311
371.6116,228.4777,3:31:59:705168,2439
371.7837,229.4688,3:31:59:709074,2574
372.0051,230.6931,3:31:59:712864,2679
372.2264,232.1214,3:31:59:716295,2784
372.3986,233.8121,3:31:59:720308,2895
372.5215,235.6486,3:31:59:724277,2989
372.5953,237.6891,3:31:59:729619,3083
372.5953,239.8462,3:31:59:732899,3169
372.5953,242.1782,3:31:59:736874,3242
372.5953,244.5977,3:31:59:740873,3311
372.0297,247.1628,3:31:59:744884,3370
372.0297,250.0195,3:31:59:748890,3424
371.4394,253.0803,3:31:59:752894,3474
371.4394,256.3451,3:31:59:757070,3519
370.6524,259.7265,3:31:59:761092,3556
370.6524,263.1079,3:31:59:765099,3587
369.9392,266.4893,3:31:59:769094,3600
369.9392,269.8124,3:31:59:773092,3604
369.3489,273.0772,3:31:59:777093,3601
369.0538,276.1379,3:31:59:781275,3594
368.7587,278.9363,3:31:59:784300,3588
368.5374,281.5598,3:31:59:788297,3586
368.3406,284.0085,3:31:59:793292,3590
368.1438,286.3987,3:31:59:796305,3595
367.9963,288.7307,3:31:59:801102,3589
367.8733,291.0045,3:31:59:805123,3547
367.7749,293.1907,3:31:59:809123,3430
367.7749,295.1729,3:31:59:813122,3245
367.7749,296.9802,3:31:59:817118,2975
367.7749,298.6709,3:31:59:820848,2612
367.7749,300.1284,3:31:59:824609,2135
368.4144,301.2944,3:31:59:829612,1542
368.4144,302.1106,3:31:59:832610,924
369.1276,302.5479,3:31:59:838609,433
369.6195,302.7227,3:31:59:841731,0
370.2589,302.7227,3:31:59:844822,0
370.9475,302.7227,3:31:59:848747,0
371.6853,301.2653,3:31:59:852747,0
372.5707,300.041,3:31:59:856748,0
373.5053,298.5251,3:31:59:860335,0
374.489,296.6595,3:31:59:864424,0
375.5466,294.5608,3:31:59:868418,0
376.6287,292.1122,3:31:59:873394,0
377.7354,289.4886,3:31:59:876452,0
378.9405,286.6902,3:31:59:880922,0
380.121,283.8918,3:31:59:885094,0
381.3015,281.0643,3:31:59:889116,0
382.4328,278.295,3:31:59:892582,0
383.4904,275.555,3:31:59:896621,0
384.4249,272.9897,3:31:59:900697,0
385.2365,270.6286,3:31:59:904621,0
385.9005,268.3257,3:31:59:908980,0
386.3678,266.227,3:31:59:913002,0
386.6383,264.1865,3:31:59:917002,0
386.6383,262.2625,3:31:59:920437,0
386.6383,260.4553,3:31:59:925422,0
386.6383,258.7646,3:31:59:928419,0
386.0481,257.0739,3:31:59:932419,0
386.0481,255.3831,3:31:59:937122,0
385.4333,253.7507,3:31:59:941141,0
385.4333,252.235,3:31:59:945141,0
384.966,250.8358,3:31:59:949138,0
384.966,249.4366,3:31:59:952139,0
384.966,248.0956,3:31:59:957075,0
384.966,246.7839,3:31:59:960097,0
384.966,245.647,3:31:59:965095,0
384.966,244.6851,3:31:59:969094,0
385.8022,243.8398,3:31:59:973090,0
385.8022,242.9944,3:31:59:976889,0
386.4662,242.2657,3:31:59:980907,0
386.4662,241.6826,3:31:59:984906,0
387.1056,241.2162,3:31:59:988907,0
387.1056,240.8373,3:31:59:993151,0
387.1056,240.4875,3:31:59:996168,0
387.5237,240.196,3:32:00:001172,0
387.5237,239.9919,3:32:00:005169,0
387.5237,239.7879,3:32:00:008262,0
387.5237,239.6422,3:32:00:013030,0
386.6875,239.4964,3:32:00:017269,0
386.6875,239.3798,3:32:00:020274,0
385.8759,239.2341,3:32:00:024445,0
385.3595,239.1174,3:32:00:028445,0
384.8676,239.0591,3:32:00:032377,0
384.3265,238.9717,3:32:00:036707,0
383.8593,238.9426,3:32:00:040899,0
383.4904,238.9134,3:32:00:044921,0
383.4904,238.8842,3:32:00:048923,0
383.0477,238.8842,3:32:00:052918,0
383.0477,238.8842,3:32:00:056971,0
383.0477,238.8842,3:32:00:061068,0
383.0477,238.8842,3:32:00:065092,0
383.8593,238.8842,3:32:00:068972,0
383.8593,238.8842,3:32:00:073097,0
384.8676,238.8842,3:32:00:076324,0
385.4333,238.8842,3:32:00:081255,0
386.0481,238.8842,3:32:00:085256,0
386.6383,238.8842,3:32:00:088264,0
387.2778,238.8842,3:32:00:092251,0
387.9172,239.3506,3:32:00:096256,0
388.6058,239.3506,3:32:00:100897,0
389.2699,239.3506,3:32:00:105277,0
389.8601,239.3506,3:32:00:109104,0
390.4504,239.3506,3:32:00:113055,0
390.9177,239.3506,3:32:00:117076,0
391.3358,238.7094,3:32:00:121072,0
391.6555,238.7094,3:32:00:125077,0
391.8276,238.0681,3:32:00:129072,0
391.926,238.0681,3:32:00:132884,0
391.9998,237.1935,3:32:00:136907,0
392.0244,236.698,3:32:00:140928,0
392.0244,236.2025,3:32:00:144904,0
392.0244,235.6486,3:32:00:148908,0
392.0244,235.0656,3:32:00:153165,0
392.0244,234.5117,3:32:00:157181,1575
392.0244,233.8996,3:32:00:161183,1621
392.0244,233.4041,3:32:00:165182,1707
392.0244,232.9377,3:32:00:169185,1803
392.0244,232.617,3:32:00:173319,1910
392.0244,232.3255,3:32:00:176337,1967
391.5079,232.1797,3:32:00:181334,1999
391.5079,232.1797,3:32:00:184336,2069
391.5079,232.1797,3:32:00:188356,2175
391.1882,232.9085,3:32:00:193348,2308
391.1882,232.9085,3:32:00:197005,2442
390.7947,234.5117,3:32:00:201407,2549
390.5242,235.6777,3:32:00:205064,2614
390.2044,237.1061,3:32:00:209060,2657
389.8601,238.7968,3:32:00:213055,2692
389.4912,240.6624,3:32:00:217056,2707
389.0731,242.6154,3:32:00:221094,2719
388.7288,244.7434,3:32:00:224481,2751
388.3353,246.9296,3:32:00:229466,2775
387.9664,249.3199,3:32:00:232467,2799
387.5729,251.8268,3:32:00:237469,2818
387.204,254.567,3:32:00:240993,2817
386.8597,257.307,3:32:00:245041,2818
386.5154,260.1638,3:32:00:249042,2815
386.294,263.0496,3:32:00:253041,2818
386.0481,265.7897,3:32:00:257042,2817
385.9251,268.6464,3:32:00:260855,2814
385.8759,271.1824,3:32:00:264871,2809
385.8759,273.5144,3:32:00:268871,2788
385.8759,275.5841,3:32:00:272871,2749
385.8759,277.4497,3:32:00:276890,2671
385.8759,279.0821,3:32:00:280965,2545
386.4662,280.4813,3:32:00:284966,2358
386.4662,281.6181,3:32:00:288967,2107
386.4662,282.5218,3:32:00:292958,1762
386.9581,283.1923,3:32:00:296841,1323
386.9581,283.6295,3:32:00:300839,824
386.9581,283.7752,3:32:00:304841,411
386.9581,283.7752,3:32:00:308846,0
386.9581,283.7752,3:32:00:313089,0
386.9581,282.6675,3:32:00:317002,0
386.9581,281.8222,3:32:00:320889,0
386.9581,280.6562,3:32:00:325094,0
386.9581,279.1987,3:32:00:329116,0
386.3678,277.3622,3:32:00:333115,0
386.3678,275.2635,3:32:00:337115,0
385.5562,272.8148,3:32:00:340118,0
384.966,269.929,3:32:00:344117,0
384.2036,266.7808,3:32:00:350270,0
383.3428,263.2537,3:32:00:352269,0
382.2361,259.4933,3:32:00:356277,0
380.9818,255.6163,3:32:00:361271,0
379.5799,251.6519,3:32:00:364964,0
378.0305,247.6875,3:32:00:370138,0
376.309,243.7523,3:32:00:373029,0
374.3661,239.9337,3:32:00:377027,0
372.374,236.2025,3:32:00:381021,0
370.2097,232.617,3:32:00:385019,0
368.0947,229.2065,3:32:00:389283,0
365.9058,225.7376,3:32:00:393045,0
363.8399,222.3562,3:32:00:397042,0
361.774,219.0623,3:32:00:401045,0
359.8803,215.7975,3:32:00:405043,0
358.1588,212.6492,3:32:00:409572,0
356.511,209.5885,3:32:00:412200,0
355.0354,206.7027,3:32:00:417213,0
353.6827,203.8751,3:32:00:421219,0
352.5022,201.3099,3:32:00:424229,0
351.4201,198.803,3:32:00:428889,0
350.4363,196.4418,3:32:00:432323,0
349.6248,194.2265,3:32:00:437093,0
348.8623,192.0694,3:32:00:441211,0
348.2967,190.1163,3:32:00:444244,0
347.8786,188.1924,3:32:00:448226,0
347.6327,186.3851,3:32:00:452206,0
347.5097,184.6361,3:32:00:457363,0
347.5097,183.0037,3:32:00:460383,0
347.5097,181.4879,3:32:00:464390,0
347.5097,180.0596,3:32:00:468516,0
348.5918,178.7769,3:32:00:472385,0
349.2558,177.6693,3:32:00:476814,0
350.0182,176.7073,3:32:00:480541,0
350.8544,175.8911,3:32:00:484423,0
351.7644,175.1915,3:32:00:488448,0
352.699,174.5793,3:32:00:492564,0
353.5106,174.0838,3:32:00:496706,0
354.2484,173.7632,3:32:00:501100,1174
354.8386,173.53,3:32:00:504679,1173
355.3305,173.4133,3:32:00:508707,1197
355.724,173.4133,3:32:00:512712,1255
356.0437,173.4133,3:32:00:516704,1346
356.0437,174.2004,3:32:00:520818,1470
356.2896,174.2004,3:32:00:525119,1587
356.2896,175.5996,3:32:00:529135,1701
356.2896,176.5033,3:32:00:533135,1793
356.2896,177.4652,3:32:00:537134,1864
356.2896,178.5146,3:32:00:541141,1923
355.183,179.6514,3:32:00:545335,1940
354.4451,180.9049,3:32:00:548501,1957
353.5106,182.1584,3:32:00:552573,1971
352.3546,183.4993,3:32:00:556680,1974
351.0512,184.7236,3:32:00:560498,1995
349.551,185.8604,3:32:00:564766,2001
347.9278,187.0555,3:32:00:569358,2008
346.2308,188.0466,3:32:00:572428,2005
344.4109,188.9211,3:32:00:576382,2002
342.5663,189.6207,3:32:00:580436,2002
340.7956,190.1454,3:32:00:584590,1993
339.0248,190.4953,3:32:00:589323,1998
337.3279,190.6702,3:32:00:593341,1991
335.7539,190.6993,3:32:00:596355,1978
334.352,190.6993,3:32:00:600340,1962
333.1223,190.6993,3:32:00:604363,1960
331.991,189.7082,3:32:00:608774,1940
331.0565,188.9794,3:32:00:612793,1903
330.2449,188.1049,3:32:00:616790,1846
329.6054,186.9973,3:32:00:620875,1776
329.1382,185.7438,3:32:00:625312,1730
328.8676,184.3737,3:32:00:629133,1696
328.6463,182.8871,3:32:00:633154,1678
328.6217,181.3421,3:32:00:637156,1660
328.6217,179.7972,3:32:00:641152,1648
328.6217,178.2231,3:32:00:645153,1631
329.4825,176.7365,3:32:00:649604,1620
330.0481,175.4247,3:32:00:652641,1616
330.8105,174.2004,3:32:00:656639,1595
331.6467,173.1219,3:32:00:660621,1587
332.6305,172.2473,3:32:00:664687,1585
333.7372,171.4603,3:32:00:668779,1584
334.9177,170.7899,3:32:00:672912,1608
336.1966,170.2068,3:32:00:676912,1644
337.6722,169.7988,3:32:00:680914,1712
339.1478,169.5364,3:32:00:684910,1804
340.6972,169.3907,3:32:00:688984,1902
342.2958,169.3907,3:32:00:692938,2035
344.0174,169.3907,3:32:00:696564,2159
345.7635,169.3907,3:32:00:700467,2300
347.6081,170.3526,3:32:00:704524,2448
349.551,171.0813,3:32:00:708467,2583
351.4693,171.985,3:32:00:713042,2713
353.486,173.0344,3:32:00:716500,2822
355.4781,174.3461,3:32:00:720639,2939
357.4456,175.8328,3:32:00:724582,3036
359.3885,177.4944,3:32:00:729489,3117
361.3068,179.4765,3:32:00:732852,3185
363.1513,181.6628,3:32:00:736872,3226
364.9958,184.1114,3:32:00:740876,3259
366.7174,186.6766,3:32:00:744908,3279
368.3652,189.3875,3:32:00:748993,3294
370.0376,192.1277,3:32:00:752881,3295
371.5624,194.9261,3:32:00:757053,3297
372.9888,197.7827,3:32:00:761052,3300
374.3415,200.552,3:32:00:765053,3285
375.5466,203.3212,3:32:00:769054,3235
376.7025,206.0322,3:32:00:773052,3121
377.7354,208.7431,3:32:00:777069,2946
378.7191,211.5124,3:32:00:781069,2672
379.5308,214.4857,3:32:00:785070,2248
380.3423,217.5173,3:32:00:788069,1673
381.1293,220.5197,3:32:00:792067,1027
381.8918,223.4639,3:32:00:796181,485
382.6787,226.3206,3:32:00:801140,0
383.4904,229.0316,3:32:00:805141,0
384.3265,231.5676,3:32:00:809138,0
385.2365,233.7538,3:32:00:813396,0
386.294,235.5903,3:32:00:816416,0
387.4991,237.1353,3:32:00:820418,0
388.7042,238.3887,3:32:00:824433,0
390.1552,239.4673,3:32:00:828437,0
391.6801,240.2834,3:32:00:832944,0
393.4016,240.8665,3:32:00:836589,0
395.3199,241.2746,3:32:00:840585,0
397.3858,241.5369,3:32:00:845585,0
399.5746,241.6535,3:32:00:848589,0
401.8619,241.6535,3:32:00:852777,0
404.3213,241.6535,3:32:00:857592,0
406.8052,241.6535,3:32:00:860547,0
409.4122,240.8082,3:32:00:864625,0
412.0929,240.8082,3:32:00:868547,0
414.8228,240.0211,3:32:00:872547,0
417.6757,240.0211,3:32:00:876903,0
420.4547,239.2341,3:32:00:881360,0
423.1601,239.2341,3:32:00:884380,0
425.8162,238.4178,3:32:00:888397,0
428.3985,237.9806,3:32:00:892398,0
430.8333,237.5725,3:32:00:896380,0
433.0714,237.1935,3:32:00:901094,0
435.1126,236.7271,3:32:00:905001,0
436.9326,236.1733,3:32:00:908738,0
438.5558,235.6194,3:32:00:912758,0
440.0314,235.0073,3:32:00:916754,0
441.3102,234.3077,3:32:00:921756,0
442.4662,233.6373,3:32:00:924752,0
443.5237,232.9377,3:32:00:929150,0
444.4583,232.1214,3:32:00:932889,0
445.3436,231.3053,3:32:00:936909,0
446.0815,230.4599,3:32:00:940889,0
446.8684,229.5854,3:32:00:944886,0
447.6063,228.6817,3:32:00:948504,0
448.2949,227.7781,3:32:00:952999,0
448.9097,226.8161,3:32:00:957518,0
449.5,225.8833,3:32:00:961045,0
450.0164,224.9214,3:32:00:965052,0
450.4837,223.9886,3:32:00:969053,0
450.9264,223.0558,3:32:00:973049,0
451.2707,222.1521,3:32:00:977204,0
451.5659,221.3942,3:32:00:981218,0
451.861,220.6072,3:32:00:984233,0
452.1069,219.8784,3:32:00:988219,0
452.3036,219.2372,3:32:00:992310,1764
452.5004,218.6833,3:32:00:997003,1756
452.5742,218.2169,3:32:01:001254,1736
452.7217,217.9254,3:32:01:004892,1720
452.7709,217.7213,3:32:01:008912,1722
452.8447,217.5464,3:32:01:012915,1772
452.8939,217.5464,3:32:01:016913,1884
453.0169,217.5464,3:32:01:020915,2019
453.0907,218.5376,3:32:01:025064,2157
453.189,219.2955,3:32:01:029128,2299
453.2628,220.2574,3:32:01:033128,2408
453.3612,221.3942,3:32:01:037128,2513
453.5334,222.8809,3:32:01:041129,2613
453.6071,224.5133,3:32:01:045128,2669
453.6809,226.3206,3:32:01:048885,2718
453.6809,228.2445,3:32:01:052528,2744
453.7055,230.1976,3:32:01:056482,2762
453.7055,232.3255,3:32:01:060486,2776
453.7055,234.3951,3:32:01:064660,2784
453.7055,236.5522,3:32:01:068503,2792
453.7055,238.651,3:32:01:072530,2784
453.189,240.8082,3:32:01:076533,2787
453.189,242.9361,3:32:01:080519,2786
452.6726,245.1223,3:32:01:084714,2790
452.6726,247.2794,3:32:01:088643,2806
452.1069,249.4366,3:32:01:092680,2813
452.1069,251.6519,3:32:01:096719,2817
451.4921,253.8965,3:32:01:100644,2816
451.1477,256.1119,3:32:01:104925,2812
450.8772,258.3564,3:32:01:109039,2812
450.5821,260.4844,3:32:01:113053,2809
450.2624,262.5249,3:32:01:117057,2808
449.9919,264.5654,3:32:01:121057,2805
449.7213,266.3727,3:32:01:125063,2798
449.4262,268.0926,3:32:01:129278,2810
449.1557,269.55,3:32:01:132420,2815
448.9097,270.891,3:32:01:136397,2820
448.6392,271.9987,3:32:01:140399,2830
448.4424,272.9315,3:32:01:145397,2829
448.2457,273.7477,3:32:01:149409,2824
448.0981,274.3598,3:32:01:152802,2821
447.9506,274.8845,3:32:01:156916,2816
447.8276,275.2635,3:32:01:160800,2815
447.7538,275.4966,3:32:01:164803,2818
447.7046,275.6424,3:32:01:168769,2833
447.68,275.7299,3:32:01:172963,2850
447.6554,275.7299,3:32:01:176977,2872
447.6063,275.7299,3:32:01:180979,2904
447.6063,275.7299,3:32:01:184980,2927
447.6063,275.7299,3:32:01:188980,2944
447.6063,274.8553,3:32:01:192673,2965
447.6063,274.8553,3:32:01:197060,2981
447.6063,273.8643,3:32:01:201055,3007
447.6063,273.1938,3:32:01:205056,3043
447.6063,272.3776,3:32:01:209061,3070
447.6063,271.4739,3:32:01:213077,3096
447.6063,270.4828,3:32:01:217512,3107
447.6063,269.4626,3:32:01:220513,3120
447.6063,268.2675,3:32:01:224511,3131
447.6063,267.014,3:32:01:228556,3137
447.6063,265.5857,3:32:01:232945,3147
447.6063,264.1281,3:32:01:237304,3145
447.6063,262.5249,3:32:01:240340,3152
447.6063,260.8633,3:32:01:244340,3153
447.6063,259.1726,3:32:01:248330,3160
447.6063,257.4528,3:32:01:252404,3168
447.6063,255.7621,3:32:01:257037,3165
447.6063,254.1006,3:32:01:260228,3170
447.6063,252.4973,3:32:01:264247,3168
447.6063,251.0107,3:32:01:268261,3171
447.6063,249.6406,3:32:01:272265,3181
447.6063,248.358,3:32:01:276891,3199
446.8684,247.1628,3:32:01:281099,3226
446.3766,246.0843,3:32:01:285101,3245
445.8355,245.1223,3:32:01:289104,3264
445.1715,244.277,3:32:01:292103,3275
444.532,243.5774,3:32:01:297104,3287
443.7696,242.9944,3:32:01:301001,3303
442.9334,242.528,3:32:01:304998,3311
441.9989,242.2365,3:32:01:309004,3312
440.9905,242.0907,3:32:01:313004,3311
439.9084,242.0907,3:32:01:316845,3305
438.7279,242.0907,3:32:01:320934,3304
437.4244,242.0907,3:32:01:324933,3307
436.0964,243.0235,3:32:01:328937,3307
434.6454,243.7231,3:32:01:332938,3316
433.2189,244.5102,3:32:01:336950,3333
431.7187,245.5304,3:32:01:340428,3358
430.1693,246.7547,3:32:01:344435,3384
428.7429,248.1248,3:32:01:348435,3414
427.3656,249.6698,3:32:01:354431,3442
426.0867,251.4479,3:32:01:357427,3458
424.8816,253.4884,3:32:01:361043,3483
423.7749,255.6455,3:32:01:364123,3502
422.7666,258.0067,3:32:01:369066,3512
421.8812,260.4553,3:32:01:373063,3536
421.168,263.0204,3:32:01:377062,3557
420.4547,265.5857,3:32:01:381062,3566
419.8399,268.2383,3:32:01:384078,3583
419.3726,270.7744,3:32:01:388146,3596
419.0037,273.223,3:32:01:392114,3603
418.7824,275.5841,3:32:01:396077,3613
418.7332,277.8286,3:32:01:400849,3613
418.7332,279.9275,3:32:01:405929,3612
418.7332,281.9388,3:32:01:408924,3602
419.3234,283.7169,3:32:01:412926,3599
419.3234,285.4368,3:32:01:416926,3597
420.4547,286.9526,3:32:01:420928,3585
421.168,288.381,3:32:01:425243,3568
421.9796,289.6927,3:32:01:429021,3501
422.8895,290.8587,3:32:01:433013,3392
423.9716,291.8789,3:32:01:437013,3220
425.2014,292.7243,3:32:01:441010,2983
426.5048,293.453,3:32:01:445074,2679
427.9312,293.8611,3:32:01:448197,2260
429.5052,294.1818,3:32:01:452243,1676
431.153,294.1818,3:32:01:457216,1036
432.8746,294.1818,3:32:01:460214,506
434.5224,293.453,3:32:01:465218,0
436.121,293.453,3:32:01:468967,0
437.572,291.9081,3:32:01:472988,0
438.8017,290.917,3:32:01:476986,0
439.8346,289.7802,3:32:01:481986,0
440.6462,288.4101,3:32:01:485274,0
441.2365,287.04,3:32:01:488207,0
441.6546,285.5243,3:32:01:493207,0
441.9251,283.8918,3:32:01:496362,0
442.0235,282.1137,3:32:01:500208,0
442.0235,280.3355,3:32:01:504971,0
442.0235,278.4117,3:32:01:508305,0
441.2856,276.4878,3:32:01:512385,0
440.6462,274.5638,3:32:01:516304,0
439.7854,272.6691,3:32:01:520295,0
438.6787,270.8618,3:32:01:525065,0
437.2769,269.0836,3:32:01:529082,0
435.5307,267.3347,3:32:01:533084,0
433.4894,265.6731,3:32:01:537086,0
431.2268,264.0699,3:32:01:541083,0
428.7429,262.5249,3:32:01:545300,0
426.0867,261.1257,3:32:01:548826,0
423.3568,259.8139,3:32:01:552912,0
420.4547,258.5897,3:32:01:556841,0
417.6265,257.4819,3:32:01:560844,0
414.8474,256.5783,3:32:01:565091,0
412.1667,255.6747,3:32:01:569346,0
409.5351,254.8293,3:32:01:572909,0
406.9282,254.2463,3:32:01:576856,0
404.3459,253.5759,3:32:01:580918,0
401.8865,252.8763,3:32:01:584920,0
399.4517,252.2641,3:32:01:588871,0
396.8202,251.5354,3:32:01:593630,0
394.1148,250.9523,3:32:01:596660,0
391.3604,250.3111,3:32:01:600661,0
388.4583,249.8155,3:32:01:604640,0
385.5316,249.2034,3:32:01:608716,0
382.5558,248.6495,3:32:01:612711,0
379.4324,248.2122,3:32:01:617088,0
376.309,247.8624,3:32:01:620894,0
373.3331,247.7167,3:32:01:624798,0
370.6524,247.5418,3:32:01:628795,0
368.0947,247.4252,3:32:01:632769,0
365.8812,247.3378,3:32:01:636813,0
364.2088,247.3378,3:32:01:640931,0
363.0284,247.3378,3:32:01:645001,0
362.3397,247.3378,3:32:01:649003,0
362.3397,247.3378,3:32:01:652739,0
362.3397,247.3378,3:32:01:656739,0
364.0613,247.3378,3:32:01:660739,0
365.6353,247.979,3:32:01:664777,0
367.5536,247.979,3:32:01:669348,0
369.7178,247.979,3:32:01:672367,0
372.0297,247.979,3:32:01:677365,0
374.5382,247.979,3:32:01:680367,0
376.9976,247.979,3:32:01:684449,0
379.4078,247.979,3:32:01:689372,0
381.818,247.979,3:32:01:692910,0
384.3757,247.979,3:32:01:696765,0
386.7367,247.979,3:32:01:700846,0
389.0731,247.979,3:32:01:704773,0
391.4341,247.979,3:32:01:708801,0
393.7459,247.979,3:32:01:713078,0
396.0577,247.979,3:32:01:717067,0
398.3942,247.979,3:32:01:721156,0
400.6076,247.979,3:32:01:725155,0
402.6489,247.979,3:32:01:729152,0
404.6656,247.979,3:32:01:733156,0
406.6085,247.979,3:32:01:737319,0
408.3546,247.979,3:32:01:740338,0
409.8794,247.979,3:32:01:745153,0
411.1583,247.979,3:32:01:749160,0
412.1913,247.2503,3:32:01:753439,0
413.0028,247.2503,3:32:01:756476,0
413.5685,246.3466,3:32:01:760464,0
413.9866,245.8219,3:32:01:764600,0
414.1342,245.8219,3:32:01:768458,0
414.1342,244.8308,3:32:01:772544,0
414.1342,244.1895,3:32:01:776997,0
414.1342,243.6357,3:32:01:780582,0
413.5193,242.9944,3:32:01:785341,0
413.5193,242.3239,3:32:01:788400,0
412.8553,241.5661,3:32:01:792474,0
412.8553,240.8665,3:32:01:796341,0
412.0929,240.1377,3:32:01:800959,0
412.0929,239.3506,3:32:01:804552,0
411.4534,238.6219,3:32:01:808499,0
411.4534,237.8349,3:32:01:813024,0
410.8632,237.0186,3:32:01:817095,0
410.8632,236.2025,3:32:01:820125,0
410.4451,235.4737,3:32:01:824118,0
410.4451,234.7158,3:32:01:829111,0
410.4451,233.987,3:32:01:833116,0
410.4451,233.2583,3:32:01:837033,0
410.4451,232.617,3:32:01:841122,0
410.4451,232.034,3:32:01:844877,0
410.4451,231.4801,3:32:01:848900,0
410.4451,230.9554,3:32:01:852896,0
410.4451,230.4599,3:32:01:856898,0
410.4451,230.0518,3:32:01:860898,0
410.9124,229.6437,3:32:01:865046,0
410.9124,229.2939,3:32:01:868062,0
410.9124,228.9149,3:32:01:874062,0
411.3305,228.5652,3:32:01:877062,0
411.3305,228.2445,3:32:01:881211,0
411.6748,227.9821,3:32:01:884958,0
411.6748,227.7198,3:32:01:888979,0
412.0683,227.5449,3:32:01:892977,0
412.0683,227.37,3:32:01:896974,0
412.4372,227.2534,3:32:01:900979,0
412.6093,227.1368,3:32:01:904895,0
412.7569,227.0493,3:32:01:908916,0
412.8799,227.0493,3:32:01:912914,0
413.052,227.0493,3:32:01:916915,0
413.1996,227.0493,3:32:01:920916,0
413.298,227.0493,3:32:01:924976,0
413.4209,227.0493,3:32:01:928998,0
413.5685,227.6615,3:32:01:932997,0
413.6915,227.6615,3:32:01:936999,0
413.7899,228.2737,3:32:01:940999,0
413.8882,228.2737,3:32:01:944171,0
413.9374,229.1481,3:32:01:949072,0
413.9866,229.6437,3:32:01:953087,0
414.0112,230.1976,3:32:01:957087,0
414.0358,230.8097,3:32:01:961087,0
414.0604,231.3927,3:32:01:965236,0
414.0604,232.034,3:32:01:969251,0
414.0604,232.6461,3:32:01:972270,0
414.1096,233.3166,3:32:01:976266,0
414.2079,233.9579,3:32:01:980271,0
414.2817,234.5701,3:32:01:984287,0
414.3801,235.2113,3:32:01:988358,0
414.4785,235.7943,3:32:01:992703,0
414.6014,236.3773,3:32:01:996723,0
414.6998,237.0186,3:32:02:000776,0
414.7982,237.6599,3:32:02:004723,0
414.8474,238.243,3:32:02:008730,0
414.9457,238.8842,3:32:02:013090,0
414.9457,239.4964,3:32:02:016997,0
414.9703,240.0794,3:32:02:020824,0
415.0195,240.6915,3:32:02:025095,0
415.0195,241.2162,3:32:02:028924,0
415.0195,241.6826,3:32:02:032851,0
415.0195,242.1782,3:32:02:036853,0
415.0195,242.5863,3:32:02:040863,0
415.0195,242.9944,3:32:02:045392,0
415.0195,243.3442,3:32:02:049412,0
415.0195,243.6357,3:32:02:053412,0
415.0195,243.9563,3:32:02:056483,0
415.0195,244.2478,3:32:02:060415,0
415.0195,244.5102,3:32:02:065074,0
415.0195,244.7142,3:32:02:069420,0
415.0195,244.9474,3:32:02:072450,0
415.0195,245.1515,3:32:02:076439,0
415.0195,245.3264,3:32:02:080436,0
414.626,245.5013,3:32:02:084432,0
414.626,245.6179,3:32:02:089002,0
414.626,245.6762,3:32:02:092782,0
414.626,245.7928,3:32:02:096861,0
414.626,245.8219,3:32:02:100874,0
414.626,245.8219,3:32:02:104743,0
414.626,245.8219,3:32:02:108997,0
414.626,245.8219,3:32:02:112989,0
414.626,245.8219,3:32:02:117029,0
415.2163,245.8219,3:32:02:121025,0
415.2163,245.8219,3:32:02:125025,0
415.2163,245.0932,3:32:02:129027,0
415.2163,245.0932,3:32:02:132770,0
415.7082,245.0932,3:32:02:136769,0
415.7082,244.4519,3:32:02:141172,0
415.7082,244.4519,3:32:02:144701,0
415.7082,243.9563,3:32:02:148914,0
415.9049,243.9563,3:32:02:152720,0
415.9049,243.3734,3:32:02:156704,0
415.9049,243.0818,3:32:02:160813,0
416.1017,242.7321,3:32:02:164997,0
416.1017,242.3822,3:32:02:169018,0
416.2246,241.9742,3:32:02:173013,0
416.323,241.5369,3:32:02:177013,0
416.446,241.0997,3:32:02:181013,0
416.5935,240.6041,3:32:02:185429,0
416.7165,240.1669,3:32:02:188962,0
416.8395,239.6713,3:32:02:192962,0
417.0116,239.2341,3:32:02:196975,0
417.1838,238.8259,3:32:02:200966,0
417.3559,238.4178,3:32:02:204856,0
417.5035,238.0098,3:32:02:208282,0
417.6265,237.6599,3:32:02:212326,1225
417.7003,237.281,3:32:02:216299,1232
417.7986,236.9603,3:32:02:220282,1268
417.7986,236.6105,3:32:02:224949,1351
417.8232,236.3773,3:32:02:228940,1451
417.8232,236.1733,3:32:02:232940,1544
417.8232,236.0275,3:32:02:236940,1609
417.8232,235.9401,3:32:02:240940,1624
417.8232,235.9401,3:32:02:244707,1667
417.8232,235.9401,3:32:02:249092,1772
417.8232,236.6397,3:32:02:252112,1906
417.8232,236.6397,3:32:02:256185,2077
417.8232,237.9806,3:32:02:260129,2227
417.8232,238.9426,3:32:02:265110,2350
417.3313,240.1377,3:32:02:268843,2444
417.3313,241.5661,3:32:02:272596,2525
417.3313,243.1693,3:32:02:276517,2604
416.7165,244.9766,3:32:02:280579,2673
416.7165,246.9296,3:32:02:284510,2757
416.2246,249.0867,3:32:02:288513,2831
416.2246,251.5062,3:32:02:293346,2902
415.782,254.1297,3:32:02:296382,2956
415.782,256.9281,3:32:02:300492,3002
415.413,259.8139,3:32:02:304434,3036
415.413,262.8164,3:32:02:308290,3056
415.1917,265.848,3:32:02:313121,3068
415.1917,268.8504,3:32:02:317460,3069
415.1917,271.7363,3:32:02:320466,3071
415.1917,274.4764,3:32:02:324464,3068
415.1917,277.0125,3:32:02:328464,3068
415.1917,279.3736,3:32:02:332801,3070
415.1917,281.5307,3:32:02:336832,3071
415.9049,283.5129,3:32:02:340704,3063
415.9049,285.3785,3:32:02:344843,3051
416.5935,286.9526,3:32:02:348706,2988
416.5935,288.4392,3:32:02:352856,2860
417.3805,289.6927,3:32:02:356309,2634
417.7986,290.7421,3:32:02:361306,2269
418.1429,291.5,3:32:02:364307,1784
418.4135,292.0247,3:32:02:368307,1167
418.684,292.2579,3:32:02:374376,636
418.684,292.2579,3:32:02:376382,242
419.0037,292.2579,3:32:02:380384,0
419.0037,291.2085,3:32:02:385376,0
419.1513,290.2466,3:32:02:389147,0
419.1513,288.9931,3:32:02:393170,0
419.1513,287.419,3:32:02:397162,0
419.1513,285.5243,3:32:02:401163,0
419.1513,283.3672,3:32:02:404308,0
418.3397,280.9768,3:32:02:409094,0
418.3397,278.3242,3:32:02:412226,0
417.6265,275.6424,3:32:02:416265,0
417.6265,272.8148,3:32:02:421245,0
416.9378,270.0456,3:32:02:424246,0
416.9378,267.3347,3:32:02:428963,0
416.446,264.682,3:32:02:432696,0
416.446,262.2043,3:32:02:436711,0
416.446,259.9305,3:32:02:440710,0
416.446,257.8026,3:32:02:444737,0
416.446,255.8204,3:32:02:448914,0
416.446,253.9839,3:32:02:453193,0
416.446,252.235,3:32:02:456230,0
416.446,250.6317,3:32:02:460214,0
416.446,249.2325,3:32:02:465209,0
416.446,247.8916,3:32:02:468224,0
416.446,246.6964,3:32:02:473592,0
416.446,245.647,3:32:02:477090,0
416.446,244.6559,3:32:02:481089,0
416.446,243.8398,3:32:02:485087,0
416.446,243.0527,3:32:02:489094,0
416.446,242.3531,3:32:02:493113,0
416.446,241.7118,3:32:02:497085,0
416.446,241.1579,3:32:02:501051,0
416.446,240.575,3:32:02:505072,0
416.446,239.9919,3:32:02:509072,0
416.446,239.3506,3:32:02:513073,0
416.446,238.6802,3:32:02:517072,0
416.446,237.9223,3:32:02:520967,0
416.446,236.9895,3:32:02:525264,0
416.446,235.8818,3:32:02:528285,0
416.446,234.5409,3:32:02:532283,1156
416.446,232.9377,3:32:02:536370,1155
416.446,231.1304,3:32:02:540302,1165
415.7082,229.0316,3:32:02:545302,1161
415.7082,226.7287,3:32:02:549036,1196
414.9211,224.2801,3:32:02:553120,1255
414.4047,221.744,3:32:02:557124,1307
413.9128,219.1788,3:32:02:560121,1368
413.3963,216.5553,3:32:02:564121,1413
412.9045,213.9319,3:32:02:568848,1420
412.4864,211.3375,3:32:02:572962,1427
412.1421,208.714,3:32:02:576962,1431
411.8469,206.0322,3:32:02:580960,1469
411.601,203.263,3:32:02:584964,1516
411.601,200.3771,3:32:02:588839,1565
411.601,197.3746,3:32:02:592855,1600
411.601,194.2265,3:32:02:596854,1588
411.601,191.1074,3:32:02:600856,1596
412.7323,188.0175,3:32:02:605198,1590
413.5193,185.015,3:32:02:608218,1598
414.4785,182.1292,3:32:02:612214,1597
415.7328,179.4765,3:32:02:616214,1600
417.1592,177.0862,3:32:02:620287,1616
418.6594,174.8125,3:32:02:624828,1629
420.4055,172.8595,3:32:02:628841,1644
422.2747,171.0231,3:32:02:632841,1643
424.2914,169.3907,3:32:02:636841,1646
426.3572,167.8165,3:32:02:640842,1661
428.5215,166.4465,3:32:02:645166,1687
430.7104,165.1639,3:32:02:648231,1727
432.973,164.0271,3:32:02:652223,1776
435.3094,163.1234,3:32:02:657185,1830
437.5966,162.3947,3:32:02:661186,1872
439.8346,161.8699,3:32:02:665229,1908
442.0235,161.491,3:32:02:668248,1936
444.2369,161.3744,3:32:02:673249,1953
446.3028,161.3744,3:32:02:676252,2002
448.3687,161.3744,3:32:02:680257,2067
450.3116,162.1615,3:32:02:684860,2136
452.2053,162.1615,3:32:02:688878,2235
454.0252,163.6481,3:32:02:692881,2333
455.8452,164.7267,3:32:02:696882,2437
457.6159,165.9801,3:32:02:701388,2560
459.2883,167.4084,3:32:02:705407,2675
460.8869,169.0992,3:32:02:708407,2785
462.3871,170.9356,3:32:02:712405,2878
463.7889,172.9761,3:32:02:716454,2962
465.0432,175.3372,3:32:02:720901,3029
466.1745,177.9608,3:32:02:724902,3072
467.1829,180.8466,3:32:02:728903,3101
467.9945,183.9073,3:32:02:732903,3111
468.6339,187.0847,3:32:02:737118,3113
469.175,190.3495,3:32:02:741138,3119
469.5439,193.556,3:32:02:745139,3124
469.7898,196.8208,3:32:02:749138,3120
469.9128,199.9398,3:32:02:753250,3125
469.9128,202.8548,3:32:02:756893,3118
469.9128,205.6532,3:32:02:760906,3103
469.9128,208.3642,3:32:02:764903,3071
469.2242,210.9585,3:32:02:768909,2985
469.2242,213.582,3:32:02:772994,2840
468.3388,216.2639,3:32:02:776940,2608
467.7977,218.8291,3:32:02:781046,2263
467.2075,221.3942,3:32:02:785062,1766
466.6418,223.8428,3:32:02:789062,1135
466.0761,226.1457,3:32:02:792083,598
465.4859,228.2445,3:32:02:797067,0
464.9449,230.1393,3:32:02:800994,0
464.4284,231.7717,3:32:02:805095,0
463.8627,233.0834,3:32:02:809631,0
463.2725,234.1619,3:32:02:813085,0
462.6084,235.0656,3:32:02:817104,0
461.9198,235.7652,3:32:02:821107,0
461.1082,236.319,3:32:02:825106,0
460.1982,236.7563,3:32:02:828106,0
459.3375,237.1061,3:32:02:833079,0
458.4029,237.4267,3:32:02:837099,0
457.4192,237.6599,3:32:02:840118,0
456.5092,237.864,3:32:02:845101,0
455.6238,238.0972,3:32:02:849101,0
454.7384,238.3304,3:32:02:853358,0
453.9514,238.5636,3:32:02:856377,0
453.3366,238.7677,3:32:02:860376,0
452.7709,238.9717,3:32:02:864434,0
452.2299,239.1758,3:32:02:869376,0
451.7626,239.4381,3:32:02:872387,0
451.4183,239.613,3:32:02:878036,0
451.2215,239.8462,3:32:02:881037,0
451.0002,239.9919,3:32:02:885040,0
450.9018,240.0794,3:32:02:889031,0
450.8034,240.2543,3:32:02:892033,0
450.7788,240.3126,3:32:02:896839,0
450.7296,240.4001,3:32:02:900992,0
450.7296,240.4583,3:32:02:904732,0
450.7296,240.4875,3:32:02:908777,0
450.7296,240.4875,3:32:02:912746,0
450.7296,240.4875,3:32:02:916727,0
451.3937,240.4875,3:32:02:920899,0
451.3937,240.4875,3:32:02:924981,0
451.3937,240.4875,3:32:02:929004,0
451.9348,240.4875,3:32:02:933004,0
451.9348,240.4875,3:32:02:937017,0
451.9348,240.4875,3:32:02:941272,0
451.9348,240.4875,3:32:02:944298,0
451.9348,240.4875,3:32:02:948309,0
451.9348,240.4875,3:32:02:952290,0
451.9348,241.0997,3:32:02:956324,0
451.3937,241.0997,3:32:02:961041,0
451.3937,241.0997,3:32:02:965970,0
450.8034,241.6535,3:32:02:968972,0
450.8034,241.6535,3:32:02:972970,0
450.3116,242.0907,3:32:02:976975,0
450.3116,242.0907,3:32:02:981320,0
449.8935,242.6154,3:32:02:985335,0
449.8935,242.8778,3:32:02:989338,0
449.5246,243.1402,3:32:02:992480,0
449.5246,243.4317,3:32:02:996340,0
449.1557,243.694,3:32:03:001087,0
449.1557,243.9855,3:32:03:004967,0
448.713,244.277,3:32:03:009084,0
448.3932,244.5685,3:32:03:013053,0
448.0981,244.8017,3:32:03:017074,0
447.803,245.0932,3:32:03:021074,0
447.4587,245.3264,3:32:03:025070,0
447.1882,245.5304,3:32:03:029075,0
446.893,245.7636,3:32:03:033442,0
446.5979,245.9677,3:32:03:036461,0
446.3028,246.1134,3:32:03:041458,0
446.0569,246.2883,3:32:03:045458,0
445.8601,246.4632,3:32:03:049458,0
445.565,246.609,3:32:03:053276,0
445.3436,246.8422,3:32:03:056312,0
445.0485,246.9296,3:32:03:061301,0
444.8026,247.0754,3:32:03:065298,0
444.655,247.1628,3:32:03:069296,0
444.4337,247.192,3:32:03:073313,0
444.1877,247.2794,3:32:03:077432,0
443.9418,247.396,3:32:03:080597,0
443.7696,247.4252,3:32:03:084469,0
443.5237,247.4835,3:32:03:088561,0
443.3269,247.6001,3:32:03:092451,0
443.204,247.6875,3:32:03:097367,0
443.0564,247.8624,3:32:03:100390,0
442.958,248.0665,3:32:03:104481,0
442.9088,248.2414,3:32:03:108310,0
442.8596,248.358,3:32:03:112309,0
442.8351,248.5038,3:32:03:117526,0
442.8351,248.5329,3:32:03:120633,0
442.8351,248.6203,3:32:03:124554,0
442.8351,248.7078,3:32:03:128564,0
442.8351,248.7661,3:32:03:132564,0
442.8351,248.7661,3:32:03:136991,0
442.8351,248.7661,3:32:03:141087,0
442.8351,248.7661,3:32:03:144884,0
443.3269,248.7661,3:32:03:148906,0
443.3269,248.7661,3:32:03:152903,0
443.3269,248.7661,3:32:03:156904,0
443.3269,247.979,3:32:03:161475,0
443.7696,247.979,3:32:03:164557,0
443.7696,247.979,3:32:03:168540,0
443.7696,247.2794,3:32:03:172520,0
444.1631,247.2794,3:32:03:176495,0
444.1631,246.609,3:32:03:180498,0
444.4091,246.609,3:32:03:185503,0
444.4091,245.9677,3:32:03:189352,0
444.6796,245.6179,3:32:03:193368,0
444.8271,245.239,3:32:03:197371,0
445.0485,244.8308,3:32:03:201368,0
445.1469,244.5102,3:32:03:204388,0
445.3436,244.0438,3:32:03:209038,0
445.4912,243.6357,3:32:03:212977,0
445.5896,243.2859,3:32:03:216994,0
445.6388,242.7612,3:32:03:220999,0
445.7863,242.3822,3:32:03:224998,0
445.7863,241.945,3:32:03:229277,0
445.8355,241.5078,3:32:03:233083,0
445.9093,241.0122,3:32:03:236993,0
445.9093,240.6624,3:32:03:241168,0
445.9093,240.1377,3:32:03:245168,0
445.9093,239.6422,3:32:03:249168,0
445.9093,239.2341,3:32:03:253169,0
445.9093,238.7968,3:32:03:256974,0
445.9093,238.3887,3:32:03:260970,0
445.9093,237.9806,3:32:03:265089,0
445.9093,237.5434,3:32:03:269109,0
445.9093,237.1061,3:32:03:273109,0
445.9093,236.6397,3:32:03:277108,0
445.9093,236.319,3:32:03:281109,0
446.4503,235.8818,3:32:03:284937,0
446.4503,235.3279,3:32:03:289091,0
446.4503,234.8324,3:32:03:293107,0
446.4503,234.4243,3:32:03:297107,0
446.4503,233.987,3:32:03:301108,0
446.4503,233.5789,3:32:03:305279,0
445.8109,233.2874,3:32:03:309085,0
445.8109,232.9377,3:32:03:313103,0
445.1715,232.5878,3:32:03:317105,0
445.1715,232.3255,3:32:03:320142,0
444.3107,232.0923,3:32:03:325100,0
437.9655,224.0177,3:32:03:573138,0
437.0801,224.0177,3:32:03:576525,0
435.8012,224.0177,3:32:03:580551,0
434.2764,224.0177,3:32:03:584552,0
432.6041,224.0177,3:32:03:588713,0
430.6366,224.0177,3:32:03:592967,0
428.3247,225.038,3:32:03:596644,0
425.6686,225.038,3:32:03:600736,0
422.8403,226.1749,3:32:03:604739,0
420.6515,226.991,3:32:03:608765,0
418.7332,227.8073,3:32:03:612785,0
416.7903,228.536,3:32:03:616901,0
414.8228,229.2065,3:32:03:620784,0
412.7815,229.7894,3:32:03:624999,0
410.8632,230.4016,3:32:03:629128,0
409.0186,230.9263,3:32:03:633148,0
406.9774,231.3927,3:32:03:637148,0
404.7639,231.9174,3:32:03:641149,0
402.4275,232.2089,3:32:03:645500,0
399.8698,232.5004,3:32:03:648517,0
397.1153,232.7628,3:32:03:652521,0
394.2624,233.0251,3:32:03:656518,0
391.2374,233.2,3:32:03:660575,0
388.0156,233.3166,3:32:03:665370,0
384.7692,233.3457,3:32:03:668396,0
381.4245,233.3457,3:32:03:672389,0
377.8092,233.3457,3:32:03:676406,0
374.0709,233.3457,3:32:03:681387,0
370.1851,233.3457,3:32:03:685038,0
366.1272,233.3457,3:32:03:689058,0
361.8478,233.3457,3:32:03:693059,0
357.4702,232.5296,3:32:03:697058,0
352.8711,232.5296,3:32:03:701259,0
348.2229,231.9465,3:32:03:705436,0
343.5009,231.9465,3:32:03:709004,0
338.7051,231.3636,3:32:03:713028,0
333.8847,231.3636,3:32:03:717020,0
329.1382,230.6931,3:32:03:721023,0
324.4899,230.6931,3:32:03:725022,0
319.7679,230.2558,3:32:03:729261,0
315.2181,230.2558,3:32:03:733276,0
310.619,230.0226,3:32:03:737280,0
306.0938,230.0226,3:32:03:741276,0
301.7899,229.8769,3:32:03:744359,0
297.5352,229.8769,3:32:03:749049,0
293.3542,229.8769,3:32:03:753069,0
289.2471,229.7312,3:32:03:757065,0
285.1891,229.5854,3:32:03:761067,0
281.2295,229.3813,3:32:03:765070,0
277.3191,229.2065,3:32:03:768967,0
273.4825,228.9733,3:32:03:773082,0
269.6705,228.7692,3:32:03:777168,0
265.9322,228.536,3:32:03:781168,0
262.1694,228.3611,3:32:03:784183,0
258.4803,228.2153,3:32:03:788244,0
254.8158,228.1862,3:32:03:793083,0
251.053,228.1862,3:32:03:796961,0
247.4377,228.1862,3:32:03:801071,0
243.7978,228.1862,3:32:03:805092,0
240.1334,228.1862,3:32:03:809092,0
236.3951,228.1862,3:32:03:813092,0
232.6569,228.8275,3:32:03:817091,0
228.9432,228.8275,3:32:03:821448,0
225.3279,228.8275,3:32:03:824608,0
221.7864,228.8275,3:32:03:829471,0
218.2695,228.8275,3:32:03:832465,0
214.9494,228.8275,3:32:03:836464,0
211.8014,228.8275,3:32:03:840838,0
208.8009,228.8275,3:32:03:844242,0
206.0219,228.8275,3:32:03:848241,0
203.3903,228.8275,3:32:03:852247,0
200.9801,228.1279,3:32:03:856250,0
198.7421,228.1279,3:32:03:860244,0
196.7008,227.4574,3:32:03:865089,0
194.7333,227.4574,3:32:03:868944,0
192.9626,226.9036,3:32:03:872355,0
191.2656,226.9036,3:32:03:876393,0
189.6178,226.4372,3:32:03:880553,0
188.0192,226.4372,3:32:03:884375,0
186.519,226.4372,3:32:03:888836,0
185.068,226.4372,3:32:03:892851,0
183.6415,226.204,3:32:03:896850,0
182.2643,226.204,3:32:03:902641,0
180.9608,226.204,3:32:03:905645,0
179.7557,226.204,3:32:03:908649,0
178.6244,226.204,3:32:03:912709,0
177.6161,226.0291,3:32:03:916980,0
176.7553,225.8833,3:32:03:920518,0
175.8945,225.6793,3:32:03:924508,0
175.1567,225.3878,3:32:03:928511,0
174.5173,225.0672,3:32:03:932520,0
174.0008,224.6882,3:32:03:936770,0
173.5581,224.2218,3:32:03:940298,0
173.1646,223.7262,3:32:03:944299,0
172.7219,223.1724,3:32:03:948301,0
172.3038,222.6477,3:32:03:953415,0
172.0579,222.0938,3:32:03:956356,0
171.8119,221.5692,3:32:03:960380,0
171.4922,221.1028,3:32:03:965376,0
171.1479,220.6947,3:32:03:969374,0
170.779,220.4032,3:32:03:972374,0
170.3855,220.17,3:32:03:976382,0
169.9674,220.0242,3:32:03:981272,0
169.5001,219.9076,3:32:03:985293,0
168.8853,219.9076,3:32:03:989293,0
168.2458,219.9076,3:32:03:992336,0
167.631,219.9076,3:32:03:996291,0
166.9178,219.9076,3:32:04:000944,0
166.2292,219.9076,3:32:04:004942,0
165.4913,219.9076,3:32:04:008950,0
164.7781,219.9076,3:32:04:012959,0
164.0649,219.9076,3:32:04:017290,0
163.3763,219.9076,3:32:04:021308,0
162.6385,219.9076,3:32:04:024311,0
161.9498,219.9076,3:32:04:028343,0
161.212,219.2372,3:32:04:032400,0
160.4988,219.2372,3:32:04:036951,0
159.7118,219.2372,3:32:04:040922,0
158.9002,218.6833,3:32:04:044945,0
158.064,218.6833,3:32:04:048938,0
157.1541,218.6833,3:32:04:052937,0
156.2195,218.2169,3:32:04:056941,0
155.2603,218.2169,3:32:04:060952,0
154.252,217.9254,3:32:04:065368,0
153.2191,217.9254,3:32:04:068405,0
152.1615,217.9254,3:32:04:072387,0
151.0794,217.7213,3:32:04:077386,0
150.0219,217.7213,3:32:04:080471,0
148.9152,217.6339,3:32:04:085381,385
147.8822,217.6339,3:32:04:088518,408
146.8493,217.6339,3:32:04:092404,429
145.9393,217.6339,3:32:04:096452,452
145.0047,217.6339,3:32:04:100404,477
144.1932,217.6339,3:32:04:105036,492
143.5045,217.6339,3:32:04:108484,520
142.8651,217.6339,3:32:04:112544,566
142.3978,217.6339,3:32:04:116587,620
141.9551,217.6339,3:32:04:120492,648
141.6108,217.6339,3:32:04:125125,673
141.3157,217.6339,3:32:04:129144,669
141.2419,217.6339,3:32:04:133144,660
141.1927,218.2169,3:32:04:137148,669
141.1927,218.2169,3:32:04:141365,664
141.1927,218.2169,3:32:04:144432,677
141.1927,218.8291,3:32:04:148520,677
142.0535,218.8291,3:32:04:153387,674
142.57,219.3537,3:32:04:156446,703
143.2832,219.7036,3:32:04:160411,736
144.3161,220.0242,3:32:04:164539,784
145.6688,220.374,3:32:04:168432,828
147.3658,220.5489,3:32:04:172425,869
149.407,220.5489,3:32:04:176417,915
151.8418,220.5489,3:32:04:180423,998
154.7193,220.5489,3:32:04:185090,1090
157.9657,220.5489,3:32:04:189217,1208
161.5564,219.8201,3:32:04:193218,1340
165.6389,219.8201,3:32:04:197218,1454
170.1642,218.9456,3:32:04:200218,1567
175.0829,218.9456,3:32:04:204940,1643
180.3706,217.9545,3:32:04:208360,1714
185.9288,217.3716,3:32:04:212362,1794
192.028,216.8177,3:32:04:216378,1882
198.5208,216.293,3:32:04:220362,1954
205.4808,215.7975,3:32:04:224375,2011
212.49,215.3311,3:32:04:228963,2045
219.8189,214.7772,3:32:04:232395,2073
227.566,214.2816,3:32:04:236476,2113
235.5835,213.8152,3:32:04:240493,2153
243.97,213.4072,3:32:04:244490,2173
252.5778,213.0573,3:32:04:248430,2181
261.3824,212.7076,3:32:04:253385,2187
270.4329,212.416,3:32:04:256499,2182
279.9261,212.0954,3:32:04:260404,2199
289.5422,211.8913,3:32:04:264409,2222
299.2321,211.5999,3:32:04:268415,2259
309.2172,211.3375,3:32:04:273287,2304
319.3253,211.1043,3:32:04:276311,2345
329.3841,210.8128,3:32:04:280392,2394
339.6643,210.5796,3:32:04:284325,2439
349.9445,210.4047,3:32:04:288428,2482
360.0279,210.2881,3:32:04:292507,2521
370.0868,210.1715,3:32:04:296554,2553
380.0472,210.1715,3:32:04:300524,2570
389.7617,210.1715,3:32:04:304524,2585
399.2303,210.1715,3:32:04:309103,2596
408.6006,210.1715,3:32:04:312122,2599
417.6265,211.046,3:32:04:316126,2600
426.3572,211.046,3:32:04:321121,2600
434.8421,211.7456,3:32:04:325225,2606
442.9088,211.7456,3:32:04:329523,2612
450.6805,212.416,3:32:04:332555,2617
458.1078,212.416,3:32:04:336539,2621
465.1416,212.9991,3:32:04:340541,2619
471.7819,212.9991,3:32:04:344541,2620
478.1271,213.5529,3:32:04:348766,2624
484.1526,213.5529,3:32:04:352200,2624
489.9075,214.0193,3:32:04:357199,2626
495.2444,214.2816,3:32:04:361201,2625
500.1877,214.2816,3:32:04:365200,2621
504.713,214.6606,3:32:04:369352,2612
508.9677,214.8355,3:32:04:373370,2602
512.7551,215.0396,3:32:04:377374,2595
516.149,215.127,3:32:04:380378,2587
519.1249,215.2144,3:32:04:384383,2573
521.6826,215.2436,3:32:04:388374,2541
523.8223,215.3019,3:32:04:392686,2480
525.5192,215.3311,3:32:04:396989,2386
526.8719,215.3311,3:32:04:400542,2212
527.8311,215.3311,3:32:04:404683,1899
528.4459,215.3311,3:32:04:408523,1454
528.741,215.3311,3:32:04:412630,919
528.741,214.4857,3:32:04:416612,461
528.741,214.4857,3:32:04:421349,161
527.8311,213.6695,3:32:04:427366,0
527.1671,213.6695,3:32:04:428366,0
526.3554,212.7659,3:32:04:432368,0
525.4209,212.7659,3:32:04:436645,0
524.3633,212.0079,3:32:04:441341,0
523.2075,212.0079,3:32:04:445361,0
522.1253,211.5124,3:32:04:448516,0
520.994,211.5124,3:32:04:453361,0
519.9611,211.5124,3:32:04:457357,0
518.9035,211.1335,3:32:04:460897,0
517.8952,211.1335,3:32:04:464916,0
516.9852,211.1335,3:32:04:468915,0
516.1736,211.1335,3:32:04:472928,0
515.5342,211.1335,3:32:04:476927,0
514.8456,211.1335,3:32:04:480976,0
514.4029,211.1335,3:32:04:485094,0
514.0585,211.1335,3:32:04:489114,0
513.9848,211.7456,3:32:04:493111,0
513.9602,211.7456,3:32:04:497115,0
513.9602,211.7456,3:32:04:501165,0
513.9602,211.7456,3:32:04:505379,0
514.9685,211.7456,3:32:04:508916,0
515.5588,212.1537,3:32:04:512906,0
516.149,212.1537,3:32:04:516909,0
516.6901,212.1537,3:32:04:520921,0
517.2311,212.1537,3:32:04:525082,0
517.846,212.1537,3:32:04:528975,0
518.3625,212.1537,3:32:04:532795,0
518.9281,212.1537,3:32:04:536752,0
519.3708,212.1537,3:32:04:540675,0
519.8381,212.1537,3:32:04:545664,0
520.33,212.1537,3:32:04:548995,0
520.8956,212.1537,3:32:04:552974,0
521.3629,212.1537,3:32:04:556509,0
521.8302,212.1537,3:32:04:560527,0
522.1745,212.1537,3:32:04:564519,0
522.5434,212.1537,3:32:04:568527,0
522.6664,212.1537,3:32:04:572774,0
522.7402,212.1537,3:32:04:576790,0
522.7402,212.1537,3:32:04:580804,0
522.7402,212.1537,3:32:04:584836,0
522.7402,212.1537,3:32:04:588798,0
522.7402,212.1537,3:32:04:592844,0
522.1745,212.1537,3:32:04:596844,0
522.1745,212.1537,3:32:04:600902,0
522.1745,212.7659,3:32:04:604901,0
522.1745,212.7659,3:32:04:609024,0
522.1745,213.3197,3:32:04:613040,0
522.1745,213.3197,3:32:04:617041,0
522.1745,213.3197,3:32:04:621041,0
522.1745,214.1068,3:32:04:625040,0
522.1745,214.1068,3:32:04:629086,0
522.1745,214.544,3:32:04:632995,0
522.1745,214.544,3:32:04:637316,0
522.1745,214.544,3:32:04:640845,0
522.1745,214.8064,3:32:04:644864,0
521.4613,215.0687,3:32:04:648852,0
521.4613,215.0687,3:32:04:652864,0
520.9694,215.0687,3:32:04:656983,0
520.9694,215.0687,3:32:04:661000,0
520.33,215.0687,3:32:04:665000,0
520.33,215.0687,3:32:04:668999,0
520.33,215.0687,3:32:04:672999,0
519.7397,215.8849,3:32:04:677095,0
519.7397,215.8849,3:32:04:681087,0
519.3462,215.8849,3:32:04:685002,0
519.0511,216.5553,3:32:04:689054,0
519.0511,216.5553,3:32:04:693076,0
519.0511,216.5553,3:32:04:697070,0
518.7314,217.0217,3:32:04:701075,0
518.5592,217.0217,3:32:04:705076,0
518.5592,217.0217,3:32:04:708961,0
518.5592,217.0217,3:32:04:712994,0
518.5592,217.0217,3:32:04:716548,0
518.5592,217.0217,3:32:04:720546,0
519.1249,217.0217,3:32:04:724554,0
519.1249,217.0217,3:32:04:728545,0
519.1249,217.0217,3:32:04:733083,0
520.0594,217.0217,3:32:04:736951,0
520.0594,217.0217,3:32:04:740670,0
520.6251,217.0217,3:32:04:744667,0
520.6251,217.0217,3:32:04:748685,0
521.3383,217.7213,3:32:04:753665,0
521.3383,217.7213,3:32:04:757336,0
521.7072,217.7213,3:32:04:760756,0
521.9532,217.7213,3:32:04:764760,0
521.9532,217.7213,3:32:04:768877,0
521.9532,217.7213,3:32:04:772774,0
521.9532,218.246,3:32:04:777395,0
521.9532,218.246,3:32:04:781290,0
521.9532,218.246,3:32:04:785307,0
521.9532,218.246,3:32:04:788328,0
521.9532,218.246,3:32:04:792311,0
521.9532,218.246,3:32:04:796398,0
521.9532,218.246,3:32:04:800988,0
521.9532,219.004,3:32:04:805083,0
521.9532,219.004,3:32:04:809324,0
521.9532,219.004,3:32:04:813340,0
522.6418,219.004,3:32:04:816351,0
522.6418,219.6452,3:32:04:820451,0
522.6418,219.6452,3:32:04:825344,0
523.4288,219.6452,3:32:04:829332,0
523.4288,220.1116,3:32:04:832988,0
523.4288,220.1116,3:32:04:836772,0
523.8223,220.1116,3:32:04:840797,0
524.5847,220.1116,3:32:04:844756,0
525.3717,220.1116,3:32:04:848756,0
