191.7083,191.5446,3:15:59:893670,0
191.7083,191.5446,3:15:59:897648,0
192.5937,191.5446,3:15:59:901651,0
192.5937,190.5827,3:15:59:905642,0
193.4298,190.5827,3:15:59:909692,0
193.4298,189.9414,3:15:59:913672,0
193.4298,189.9414,3:15:59:917372,0
193.9463,189.271,3:15:59:921395,0
193.9463,189.271,3:15:59:926403,0
193.9463,189.271,3:15:59:929391,0
192.8888,189.271,3:15:59:933391,0
192.1756,189.271,3:15:59:938222,0
191.4869,188.513,3:15:59:941245,0
190.7983,188.513,3:15:59:946241,0
190.1835,188.513,3:15:59:949244,0
189.4702,188.513,3:15:59:954258,0
188.8062,188.513,3:15:59:957244,0
188.0438,187.9009,3:15:59:961372,0
187.2076,187.9009,3:15:59:965454,0
186.396,187.9009,3:15:59:969461,0
185.5352,187.9009,3:15:59:974428,0
184.5761,187.9009,3:15:59:977435,0
183.7399,187.9009,3:15:59:981442,0
182.9283,187.9009,3:15:59:985445,0
182.0921,187.9009,3:15:59:989459,0
181.2559,187.9009,3:15:59:993443,0
180.6165,188.513,3:15:59:997450,0
180.0017,188.513,3:16:00:001431,0
179.3622,188.513,3:16:00:005438,0
178.8949,188.513,3:16:00:009455,0
178.3785,188.513,3:16:00:013439,0
177.9112,188.513,3:16:00:017460,0
177.4685,188.513,3:16:00:021436,0
177.0996,188.513,3:16:00:025436,0
176.5831,188.513,3:16:00:029463,0
176.1896,188.513,3:16:00:033435,0
175.7715,188.513,3:16:00:037460,0
175.378,188.513,3:16:00:041453,0
174.837,188.513,3:16:00:045449,0
174.3451,188.513,3:16:00:049456,0
173.7548,188.513,3:16:00:053455,0
173.1892,188.513,3:16:00:057433,0
172.6235,188.513,3:16:00:061431,0
171.9349,188.1049,3:16:00:065442,0
171.2463,188.1049,3:16:00:069441,0
170.4101,188.1049,3:16:00:073434,0
169.7215,188.1049,3:16:00:077443,0
168.8853,188.1049,3:16:00:081431,0
168.1229,188.1049,3:16:00:085435,0
167.2867,188.1049,3:16:00:089435,0
166.4505,188.1049,3:16:00:093455,0
165.5651,188.1049,3:16:00:097431,0
164.6797,188.1049,3:16:00:101435,0
163.8681,188.7171,3:16:00:105434,0
163.0566,188.7171,3:16:00:109441,0
162.245,188.7171,3:16:00:113431,0
161.4088,188.7171,3:16:00:117461,0
160.671,189.1543,3:16:00:121435,0
159.884,189.1543,3:16:00:125435,0
159.1216,189.1543,3:16:00:129441,0
158.3837,189.1543,3:16:00:133456,0
157.6213,189.1543,3:16:00:137436,0
156.8589,189.1543,3:16:00:141443,0
156.1211,189.1543,3:16:00:145435,0
155.3587,189.1543,3:16:00:149434,0
154.5471,189.1543,3:16:00:153431,0
153.7355,189.1543,3:16:00:157431,0
152.8502,189.1543,3:16:00:161431,0
151.9894,189.1543,3:16:00:165434,0
151.0302,189.7957,3:16:00:169431,0
150.0957,189.7957,3:16:00:173433,0
149.0135,190.3495,3:16:00:177433,0
147.956,190.3495,3:16:00:181442,0
146.9231,191.0782,3:16:00:185431,0
145.8655,191.5446,3:16:00:189457,0
144.7588,192.1277,3:16:00:193431,0
143.5783,192.6815,3:16:00:197431,0
142.324,193.2354,3:16:00:202434,0
141.0697,193.6434,3:16:00:205440,0
139.8647,193.9058,3:16:00:209431,3104
138.7088,193.9058,3:16:00:213431,3110
137.3807,194.1973,3:16:00:217432,3112
136.1756,194.1973,3:16:00:221435,3116
135.1181,194.1973,3:16:00:225434,3116
134.2327,194.1973,3:16:00:229435,3103
133.667,194.1973,3:16:00:233432,3094
133.2489,194.1973,3:16:00:237431,3086
133.1506,194.1973,3:16:00:241429,3089
133.1506,194.1973,3:16:00:245439,3100
134.0605,194.1973,3:16:00:249431,3117
135.2902,194.1973,3:16:00:253436,3133
137.1102,194.1973,3:16:00:257433,3157
139.7417,194.1973,3:16:00:261435,3182
143.2094,192.9147,3:16:00:265432,3224
147.5379,192.1277,3:16:00:269430,3293
152.7272,190.9908,3:16:00:273432,3384
158.9986,189.6207,3:16:00:277432,3498
166.1554,188.0758,3:16:00:281433,3599
174.0254,186.3268,3:16:00:285432,3679
182.6578,184.5486,3:16:00:289433,3725
191.7083,182.7413,3:16:00:293452,3740
201.0785,181.0215,3:16:00:297434,3743
210.7193,179.3308,3:16:00:301431,3733
220.5813,177.815,3:16:00:305434,3717
230.1237,176.5033,3:16:00:309439,3708
239.4447,175.3081,3:16:00:313431,3695
248.4953,174.2296,3:16:00:317431,3684
257.0293,173.355,3:16:00:321443,3669
264.9239,172.568,3:16:00:325433,3649
272.1299,171.8976,3:16:00:329431,3602
278.475,171.3728,3:16:00:334436,3429
283.984,170.9064,3:16:00:337435,3110
288.6077,170.4984,3:16:00:341435,2548
292.3213,170.2068,3:16:00:345436,1712
295.1004,169.9153,3:16:00:349435,971
297.0433,169.653,3:16:00:353431,380
298.1008,169.4489,3:16:00:357432,0
298.273,169.3032,3:16:00:361455,0
297.5844,169.1866,3:16:00:365434,0
296.035,169.1283,3:16:00:369432,0
293.7231,169.1283,3:16:00:373454,0
290.6244,169.1283,3:16:00:377433,0
286.6893,169.1283,3:16:00:381434,0
282.1149,169.1283,3:16:00:385432,0
276.9256,169.7404,3:16:00:389431,0
271.2691,169.7404,3:16:00:393433,0
265.2682,170.4109,3:16:00:397454,0
259.046,170.4109,3:16:00:401431,0
252.6516,171.4312,3:16:00:405432,0
246.1834,172.0724,3:16:00:409431,0
239.8628,172.7429,3:16:00:413431,0
233.5914,173.5008,3:16:00:417431,0
227.4922,174.3461,3:16:00:421430,0
221.6635,175.3081,3:16:00:425431,0
216.1545,176.3866,3:16:00:429432,0
211.1127,177.4069,3:16:00:433431,0
206.4891,178.4854,3:16:00:437431,0
202.3328,179.4765,3:16:00:441430,0
198.6437,180.5551,3:16:00:445431,0
195.3973,181.6337,3:16:00:449432,0
192.7166,182.7122,3:16:00:453430,0
190.4786,183.7033,3:16:00:457431,0
188.6095,184.6069,3:16:00:462426,0
187.0847,185.5106,3:16:00:465429,0
185.8796,186.3851,3:16:00:469429,0
184.9204,187.2305,3:16:00:473431,0
184.281,187.9592,3:16:00:477434,0
183.8137,188.6588,3:16:00:481435,0
183.4202,189.271,3:16:00:485458,0
183.248,189.8248,3:16:00:489443,0
183.1743,190.3495,3:16:00:493442,0
183.1743,190.7576,3:16:00:497459,0
183.1743,191.1657,3:16:00:501431,0
183.1743,191.5446,3:16:00:505435,0
183.1743,191.8945,3:16:00:509434,0
183.1743,192.2151,3:16:00:513435,0
183.7645,192.4774,3:16:00:517441,0
183.7645,192.7398,3:16:00:521439,0
183.7645,192.973,3:16:00:525441,0
183.7645,193.177,3:16:00:529441,0
183.7645,193.4102,3:16:00:533463,0
183.7645,193.6726,3:16:00:537430,0
182.7807,193.9058,3:16:00:541439,0
182.2151,194.1098,3:16:00:545461,0
181.5265,194.4014,3:16:00:549440,0
180.7149,194.7511,3:16:00:553438,0
179.8049,195.0426,3:16:00:557465,0
178.7966,195.3633,3:16:00:561435,0
177.739,195.7131,3:16:00:565441,0
176.6569,195.9754,3:16:00:569150,0
175.624,196.267,3:16:00:573164,0
174.5173,196.5585,3:16:00:578184,0
173.4597,196.7917,3:16:00:581166,0
172.476,197.0248,3:16:00:585166,0
171.4922,197.258,3:16:00:590166,0
170.656,197.433,3:16:00:593165,0
169.8444,197.6662,3:16:00:597164,0
169.1312,197.8119,3:16:00:602169,0
168.418,197.9576,3:16:00:605175,0
167.8032,198.0451,3:16:00:609190,0
167.2621,198.0742,3:16:00:614194,0
166.721,198.0742,3:16:00:617165,0
166.2784,198.0742,3:16:00:621187,0
165.8111,198.0742,3:16:00:625202,1215
165.4422,198.0742,3:16:00:630197,1214
165.0733,197.3746,3:16:00:633169,1231
164.7535,197.3746,3:16:00:637170,1292
164.5076,196.7042,3:16:00:642190,1394
164.3354,196.7042,3:16:00:645165,1572
164.2617,195.7714,3:16:00:649176,1789
164.2125,195.2467,3:16:00:653165,2004
164.2125,194.7511,3:16:00:657167,2215
164.2125,194.1973,3:16:00:661168,2384
164.2125,193.6434,3:16:00:665166,2528
164.9503,193.0313,3:16:00:669168,2669
164.9503,192.4774,3:16:00:673165,2810
166.0324,192.011,3:16:00:678172,2953
166.8686,191.5155,3:16:00:681165,3092
167.9015,191.1949,3:16:00:685165,3219
169.1804,190.9908,3:16:00:689165,3348
170.656,190.9908,3:16:00:694170,3447
172.353,190.9908,3:16:00:698167,3520
174.1237,192.011,3:16:00:701164,3574
175.9929,192.9147,3:16:00:705164,3595
177.9604,194.1973,3:16:00:709166,3610
179.8295,195.7714,3:16:00:714201,3633
181.6494,197.637,3:16:00:717166,3658
183.2972,199.6775,3:16:00:721160,3677
184.7728,201.8929,3:16:00:726159,3701
185.9288,204.2249,3:16:00:729157,3722
186.8387,206.586,3:16:00:734170,3751
187.429,209.0055,3:16:00:737159,3796
187.6503,211.3375,3:16:00:741158,3863
187.6503,213.7278,3:16:00:745158,3951
186.9617,216.1181,3:16:00:749157,4046
186.0271,218.4792,3:16:00:753159,4149
184.7482,220.6947,3:16:00:758159,4228
183.0513,222.7934,3:16:00:761176,4289
181.1084,224.8048,3:16:00:765157,4361
179.0179,226.5829,3:16:00:770162,4439
176.7061,228.2153,3:16:00:773157,4532
174.3943,229.5562,3:16:00:777158,4626
172.0579,230.5473,3:16:00:781157,4694
169.7707,231.2178,3:16:00:785188,4743
167.6802,231.655,3:16:00:789164,4768
165.8357,231.7717,3:16:00:793168,4785
164.1387,231.7717,3:16:00:797165,4803
162.6385,231.7717,3:16:00:801165,4806
161.4088,230.5182,3:16:00:806171,4819
160.4004,229.7312,3:16:00:809166,4820
159.761,228.7984,3:16:00:813179,4808
159.3183,227.6615,3:16:00:817166,4806
159.1953,226.3206,3:16:00:821166,4791
159.1953,224.9505,3:16:00:825166,4790
159.9086,223.4348,3:16:00:829164,4791
160.7448,222.0647,3:16:00:834168,4785
161.9498,220.6655,3:16:00:837165,4778
163.4747,219.208,3:16:00:841166,4770
165.3192,217.838,3:16:00:845168,4759
167.4588,216.672,3:16:00:849165,4751
169.8444,215.5934,3:16:00:853165,4747
172.4268,214.6606,3:16:00:857165,4737
175.1321,213.961,3:16:00:861184,4683
177.7882,213.2905,3:16:00:865163,4505
180.4689,212.7659,3:16:00:869166,4168
182.9529,212.4452,3:16:00:873165,3646
185.2647,212.212,3:16:00:878171,2884
187.429,212.1537,3:16:00:881164,1873
189.3227,212.0954,3:16:00:885165,1028
191.0443,212.0954,3:16:00:889164,0
192.5445,212.0954,3:16:00:893169,0
193.8233,212.0954,3:16:00:897165,0
194.8563,212.0954,3:16:00:903178,0
195.7171,212.0954,3:16:00:908166,0
196.4303,212.0954,3:16:00:910213,0
196.9959,212.0954,3:16:00:914165,0
197.3648,211.2792,3:16:00:920168,0
197.7092,211.2792,3:16:00:923177,0
197.9305,209.9091,3:16:00:925172,0
198.1518,209.0347,3:16:00:930160,0
198.3978,207.8978,3:16:00:935171,0
198.6683,206.6735,3:16:00:937171,0
198.988,205.2451,3:16:00:942191,0
199.3815,203.8459,3:16:00:947168,0
199.775,202.3593,3:16:00:950170,0
200.1193,200.8435,3:16:00:953167,0
200.4637,199.3568,3:16:00:957165,0
200.8326,197.8994,3:16:00:961172,0
201.1523,196.471,3:16:00:965173,0
201.4966,195.101,3:16:00:969165,0
201.8409,193.8183,3:16:00:973165,0
202.1114,192.5358,3:16:00:977170,0
202.4803,191.2531,3:16:00:981166,0
202.7755,190.0289,3:16:00:985168,0
203.046,189.0086,3:16:00:990168,0
203.2428,187.8426,3:16:00:994199,0
203.3165,186.5309,3:16:00:997169,0
203.3165,185.3065,3:16:01:001162,3817
203.3165,184.1114,3:16:01:005168,3813
203.3165,183.1203,3:16:01:009170,3815
203.3165,182.1875,3:16:01:013166,3829
203.3165,181.4296,3:16:01:017165,3845
203.3165,180.7009,3:16:01:022165,3865
202.8247,180.2636,3:16:01:025171,3912
202.8247,180.1178,3:16:01:029177,4007
202.8247,180.1178,3:16:01:033171,4136
203.4149,180.1178,3:16:01:037162,4324
203.4149,181.0506,3:16:01:041163,4535
204.2019,182.0709,3:16:01:045165,4730
204.2019,183.4409,3:16:01:049192,4922
205.0135,185.1608,3:16:01:053164,5075
205.4562,187.347,3:16:01:057167,5190
205.9235,189.8539,3:16:01:061181,5250
206.3661,192.6815,3:16:01:066178,5297
206.8334,195.6548,3:16:01:069170,5312
207.2023,198.7155,3:16:01:074167,5322
207.645,201.6306,3:16:01:077164,5334
208.0877,204.5455,3:16:01:082175,5316
208.5796,207.4314,3:16:01:085167,5320
209.0469,210.3172,3:16:01:089165,5305
209.4896,213.1448,3:16:01:094167,5295
209.9814,215.8849,3:16:01:097201,5297
210.5225,218.625,3:16:01:101167,5231
211.1127,221.2193,3:16:01:105165,5062
211.6292,223.6096,3:16:01:109165,4755
212.2687,225.8833,3:16:01:113165,4225
212.8589,227.8656,3:16:01:117164,3458
213.4738,229.5854,3:16:01:121165,2320
214.1378,230.8389,3:16:01:125198,1305
214.8018,231.8008,3:16:01:130184,516
215.3429,232.2381,3:16:01:133166,0
215.8839,232.3546,3:16:01:137164,0
216.3512,232.3546,3:16:01:142197,0
216.7693,231.2761,3:16:01:145166,0
217.1136,230.1393,3:16:01:149166,0
217.3104,228.5069,3:16:01:153174,0
217.4825,226.5538,3:16:01:158186,0
217.7039,224.2801,3:16:01:161162,0
217.9498,221.7732,3:16:01:166162,0
218.2695,219.0623,3:16:01:169160,0
218.663,216.2056,3:16:01:174189,0
219.1549,213.2905,3:16:01:177160,0
219.8189,210.2881,3:16:01:181159,0
220.5813,207.4314,3:16:01:185161,0
221.4421,204.6913,3:16:01:189159,0
222.3521,202.0095,3:16:01:193159,0
223.2621,199.5318,3:16:01:197159,0
224.2458,197.1998,3:16:01:202179,0
225.2542,195.0718,3:16:01:206161,0
226.2625,193.1187,3:16:01:210184,0
227.1971,191.3989,3:16:01:213159,0
228.107,189.7957,3:16:01:217158,0
228.9678,188.309,3:16:01:221161,0
229.7302,186.9973,3:16:01:225165,0
230.4434,185.7146,3:16:01:229165,0
230.9599,184.6069,3:16:01:233172,0
231.5748,183.4409,3:16:01:237171,0
231.9436,182.2749,3:16:01:242171,0
232.2634,181.0506,3:16:01:245165,2758
232.4601,179.8846,3:16:01:249164,2767
232.6323,178.9227,3:16:01:253171,2780
232.7552,178.0482,3:16:01:257160,2788
232.8782,177.2612,3:16:01:261167,2794
233.0996,176.5324,3:16:01:265177,2791
233.2471,175.8911,3:16:01:269171,2806
233.4685,175.5413,3:16:01:273174,2854
233.6898,175.3081,3:16:01:278183,2946
233.9357,175.1624,3:16:01:281170,3063
234.1325,175.0166,3:16:01:285165,3183
234.2801,174.8708,3:16:01:289166,3295
234.3784,174.7542,3:16:01:294178,3388
234.4276,174.7251,3:16:01:297171,3481
234.4276,174.7251,3:16:01:301165,3605
234.4276,174.7251,3:16:01:305168,3778
234.4276,174.7251,3:16:01:309182,3991
234.4276,174.7251,3:16:01:313196,4230
234.4276,175.3372,3:16:01:317174,4449
234.4276,175.3372,3:16:01:321169,4629
234.4276,176.1534,3:16:01:325164,4779
234.4276,176.7073,3:16:01:329165,4931
234.4276,177.4069,3:16:01:333166,5127
235.0671,178.2814,3:16:01:337188,5400
235.0671,179.2433,3:16:01:342167,5743
235.0671,180.4385,3:16:01:345206,6097
235.436,181.896,3:16:01:349167,6428
235.436,183.6741,3:16:01:353194,6699
235.8787,185.7146,3:16:01:358194,6893
235.8787,188.0466,3:16:01:361169,7040
236.2476,190.5827,3:16:01:365192,7132
236.2476,193.3811,3:16:01:369165,7178
236.6656,196.2961,3:16:01:373165,7194
236.9116,199.2986,3:16:01:378161,7197
237.3051,202.3302,3:16:01:381166,7202
237.6494,205.3326,3:16:01:385167,7192
238.1167,208.2184,3:16:01:389164,7181
238.6577,211.25,3:16:01:393170,7151
239.1496,214.34,3:16:01:397164,7075
239.6661,217.4299,3:16:01:401171,6865
240.1826,220.5489,3:16:01:406170,6418
240.6252,223.5805,3:16:01:413166,5774
240.8958,226.5829,3:16:01:419197,4917
240.9942,229.4397,3:16:01:421165,3867
240.9942,232.2672,3:16:01:423176,2531
240.9942,234.6575,3:16:01:425167,1403
239.9366,236.698,3:16:01:429170,0
239.2726,238.2721,3:16:01:433166,0
238.461,239.3798,3:16:01:437167,0
237.5264,239.9919,3:16:01:441166,0
236.3951,239.9919,3:16:01:445166,0
235.2884,239.9919,3:16:01:449167,0
234.1817,238.3887,3:16:01:453165,0
233.0996,236.7563,3:16:01:457166,0
231.9191,234.6283,3:16:01:462166,0
230.6894,231.8008,3:16:01:466192,0
229.5089,228.6234,3:16:01:471168,0
228.2546,224.8048,3:16:01:473163,0
227.0987,220.5197,3:16:01:479191,0
225.9428,215.914,3:16:01:486190,0
224.7869,210.8711,3:16:01:491172,0
223.631,205.6241,3:16:01:495186,0
222.5488,200.1439,3:16:01:499166,0
221.4421,194.7803,3:16:01:502161,0
220.3846,189.271,3:16:01:504171,0
219.4746,184.0822,3:16:01:506170,0
218.6384,179.1559,3:16:01:509165,0
217.876,174.521,3:16:01:513165,0
217.1874,170.4109,3:16:01:518165,0
216.6709,166.6797,3:16:01:521164,0
216.2283,163.4732,3:16:01:525165,0
215.9085,160.6456,3:16:01:529174,0
215.6872,158.2845,3:16:01:533164,0
215.3429,156.2148,3:16:01:537166,0
215.1461,154.1452,3:16:01:541171,0
214.9494,151.9881,3:16:01:547202,0
214.8018,150.0934,3:16:01:549166,3702
214.6297,148.461,3:16:01:553172,3702
214.4821,147.0326,3:16:01:557165,3695
214.4575,145.75,3:16:01:562166,3686
214.4575,144.8463,3:16:01:565180,3684
214.4575,144.2925,3:16:01:570167,3678
215.1953,144.2925,3:16:01:573171,3678
215.1953,144.2925,3:16:01:578168,3682
216.0807,145.8083,3:16:01:581165,3685
216.0807,146.8869,3:16:01:585165,3714
216.7201,148.3152,3:16:01:589177,3777
216.7201,150.0934,3:16:01:593168,3870
216.7201,151.959,3:16:01:597164,3986
215.9085,153.9703,3:16:01:602180,4093
214.9248,156.0691,3:16:01:605166,4189
213.6705,158.1679,3:16:01:609166,4264
212.2195,160.1792,3:16:01:613165,4311
210.5717,162.1031,3:16:01:617187,4357
208.8009,163.7647,3:16:01:621165,4380
206.981,165.1639,3:16:01:626172,4394
205.1119,166.3591,3:16:01:629161,4402
203.2673,167.2627,3:16:01:633159,4403
201.5458,167.9332,3:16:01:637160,4409
199.898,168.4287,3:16:01:641171,4416
198.1764,168.6328,3:16:01:645171,4420
196.5533,168.6328,3:16:01:650185,4427
195.053,168.6328,3:16:01:653165,4429
193.7004,167.904,3:16:01:657157,4437
192.4953,167.1752,3:16:01:661159,4437
191.4623,166.2424,3:16:01:665157,4431
190.6262,165.0181,3:16:01:669157,4420
190.0851,163.5315,3:16:01:674165,4399
189.8392,161.8408,3:16:01:678181,4392
189.8392,159.9752,3:16:01:681171,4388
189.8392,158.0804,3:16:01:687166,4388
190.9705,156.2148,3:16:01:690179,4382
191.9296,154.3784,3:16:01:693170,4367
193.1347,152.6877,3:16:01:697165,4359
194.6349,151.201,3:16:01:702236,4348
196.3319,150.035,3:16:01:705168,4346
198.201,149.1606,3:16:01:710170,4357
200.2669,148.6942,3:16:01:713169,4355
202.5049,148.4901,3:16:01:717164,4369
205.0135,148.4901,3:16:01:721164,4365
207.6696,148.4901,3:16:01:725171,4363
210.4241,149.9476,3:16:01:729171,4360
213.1048,151.0844,3:16:01:733171,4337
215.8593,152.5711,3:16:01:737170,4329
218.4663,154.291,3:16:01:741165,4286
221.0486,156.2148,3:16:01:745161,4186
223.4096,158.3136,3:16:01:749158,4008
225.5739,160.5291,3:16:01:754169,3738
227.5414,162.8027,3:16:01:758172,3388
229.3367,165.1639,3:16:01:762217,2951
231.1075,167.5251,3:16:01:766213,2365
232.6323,169.9445,3:16:01:770167,1567
234.2309,172.2765,3:16:01:773184,872
235.6327,174.6668,3:16:01:778196,323
237.0592,177.0571,3:16:01:782159,0
238.4364,179.4182,3:16:01:785160,0
239.6661,181.7211,3:16:01:789159,0
240.8466,183.7616,3:16:01:794161,0
241.9779,185.6855,3:16:01:797157,0
243.06,187.347,3:16:01:801165,0
244.0192,188.8337,3:16:01:805164,0
245.0029,189.9706,3:16:01:809165,0
245.8391,190.8159,3:16:01:813166,0
246.6753,191.3989,3:16:01:817164,0
247.5853,191.8653,3:16:01:821165,0
248.4215,192.0694,3:16:01:825200,0
249.3314,192.1277,3:16:01:830190,0
250.266,192.1277,3:16:01:833168,0
251.176,192.1277,3:16:01:837171,0
252.1597,191.3114,3:16:01:842164,0
253.0943,191.3114,3:16:01:846165,0
254.078,190.2621,3:16:01:849171,0
255.0864,189.5625,3:16:01:854194,0
256.1193,188.7462,3:16:01:857008,0
257.1523,187.9301,3:16:01:861022,0
258.2098,186.9389,3:16:01:865025,0
259.3411,185.8895,3:16:01:870047,0
260.4232,184.7818,3:16:01:873026,0
261.5299,183.6741,3:16:01:877022,0
262.6121,182.5665,3:16:01:882028,0
263.6204,181.4296,3:16:01:885022,0
264.432,180.3802,3:16:01:889042,0
265.1944,179.2433,3:16:01:894051,0
265.8093,178.1065,3:16:01:897050,0
266.2765,177.0571,3:16:01:901029,3656
266.5225,176.0077,3:16:01:905027,3658
266.6454,175.0166,3:16:01:909023,3678
266.6454,174.1712,3:16:01:913022,3733
266.6454,173.4425,3:16:01:918025,3808
266.6454,172.8012,3:16:01:924046,3900
266.6454,172.3348,3:16:01:929026,4011
266.6454,172.1308,3:16:01:929026,4088
266.6454,172.0141,3:16:01:934052,4200
266.6454,172.0141,3:16:01:937022,4347
266.6454,172.0141,3:16:01:941028,4514
266.6454,172.9469,3:16:01:945024,4720
266.6454,173.7048,3:16:01:949023,4887
266.6454,174.7542,3:16:01:953023,5013
266.6454,176.2409,3:16:01:960029,5095
267.2603,178.1648,3:16:01:965074,5128
267.2603,180.526,3:16:01:967036,5157
267.8013,183.2952,3:16:01:969021,5168
268.1949,186.2977,3:16:01:977025,5169
268.6375,189.5625,3:16:01:981025,5171
269.2032,192.9147,3:16:01:986018,5153
269.818,196.4127,3:16:01:993027,5138
270.4821,199.8232,3:16:01:999030,5099
271.2691,203.1755,3:16:02:003017,5014
272.1053,206.4403,3:16:02:007018,4834
273.0152,209.5885,3:16:02:008018,4515
273.9252,212.5909,3:16:02:012048,4028
274.8597,215.4768,3:16:02:014030,3385
275.7943,218.2169,3:16:02:016026,2503
276.8026,220.6072,3:16:02:018026,1543
277.7372,222.7643,3:16:02:021024,775
278.6964,224.5133,3:16:02:025022,0
279.7293,225.8833,3:16:02:029023,0
280.7868,226.8453,3:16:02:034046,0
281.8444,227.3117,3:16:02:037022,0
282.9757,227.3117,3:16:02:041023,0
284.1562,227.3117,3:16:02:045022,0
285.3613,226.1749,3:16:02:049023,0
286.6648,224.9797,3:16:02:053025,0
288.0174,223.5513,3:16:02:058023,0
289.4684,221.7732,3:16:02:062021,0
291.0916,219.7327,3:16:02:065027,0
292.8378,217.3132,3:16:02:069024,0
294.6577,214.748,3:16:02:074060,0
296.5269,212.1537,3:16:02:078023,0
298.4452,209.3261,3:16:02:081025,0
300.4373,206.6152,3:16:02:086062,0
302.3802,203.8459,3:16:02:090023,0
304.1755,201.2516,3:16:02:093027,0
305.8479,198.7738,3:16:02:098047,0
307.2743,196.471,3:16:02:101022,0
308.504,194.4014,3:16:02:105031,0
309.4632,192.2151,3:16:02:109044,0
310.1272,190.0289,3:16:02:113025,3259
310.3731,187.9592,3:16:02:117024,3264
310.3731,186.0353,3:16:02:122027,3264
310.3731,184.3154,3:16:02:125057,3273
309.4386,182.7122,3:16:02:129022,3284
308.7499,181.313,3:16:02:133026,3291
307.963,180.0596,3:16:02:137024,3362
307.053,179.0976,3:16:02:141039,3437
306.1184,178.4854,3:16:02:145046,3521
305.0609,178.1065,3:16:02:149022,3633
303.9788,177.9025,3:16:02:153022,3717
302.7245,177.9025,3:16:02:157023,3803
301.3226,177.9025,3:16:02:161029,3920
299.6994,177.9025,3:16:02:166062,4043
298.0025,179.1268,3:16:02:169033,4173
296.1825,180.1178,3:16:02:173023,4316
294.3872,181.3421,3:16:02:178029,4416
292.6656,182.8288,3:16:02:181027,4494
291.0424,184.5486,3:16:02:186020,4538
289.6652,186.5017,3:16:02:189019,4562
288.5093,188.5714,3:16:02:194019,4580
287.6239,190.7867,3:16:02:198017,4589
286.9845,193.1187,3:16:02:202016,4594
286.6402,195.3633,3:16:02:205014,4592
286.5418,197.6078,3:16:02:210034,4598
286.5418,199.6775,3:16:02:214017,4602
286.5418,201.6597,3:16:02:217015,4609
287.8206,203.4379,3:16:02:221015,4620
288.7306,205.0119,3:16:02:225014,4622
289.8865,206.3237,3:16:02:230048,4622
291.2146,207.4897,3:16:02:233022,4620
292.7148,208.3351,3:16:02:237038,4616
294.3134,208.918,3:16:02:242044,4615
296.0104,209.297,3:16:02:246068,4612
297.7565,209.3553,3:16:02:249022,4614
299.6011,209.3553,3:16:02:254063,4603
301.4456,209.3553,3:16:02:257022,4607
303.2163,208.1019,3:16:02:262024,4610
304.9871,207.1399,3:16:02:265024,4600
306.6595,205.9156,3:16:02:269028,4613
308.2827,204.429,3:16:02:274052,4607
309.7091,202.6216,3:16:02:277028,4599
310.988,200.4937,3:16:02:281025,4602
311.9963,197.9868,3:16:02:285051,4591
312.7833,195.0718,3:16:02:290032,4586
313.349,192.0402,3:16:02:294029,4610
313.7179,188.7171,3:16:02:297024,4620
313.8409,185.3649,3:16:02:301026,4640
313.8409,182.1292,3:16:02:305024,4724
313.8409,179.0101,3:16:02:309023,4854
313.1276,176.1243,3:16:02:313023,5114
313.1276,173.6465,3:16:02:317050,5482
312.2177,171.606,3:16:02:321015,5909
311.6766,169.8571,3:16:02:325015,6350
311.2093,168.6036,3:16:02:329015,6706
310.7666,167.6708,3:16:02:333015,6947
310.7666,167.0587,3:16:02:337014,7057
310.2256,166.6797,3:16:02:341015,7085
310.2256,166.6214,3:16:02:345015,7089
310.2256,166.6214,3:16:02:349017,7105
310.2256,167.5833,3:16:02:353015,7138
310.2256,168.6036,3:16:02:357015,7186
310.2256,170.0611,3:16:02:361028,7230
311.0617,171.8976,3:16:02:365017,7266
311.0617,174.2296,3:16:02:369015,7300
311.9717,177.1154,3:16:02:373015,7314
312.439,180.4385,3:16:02:377016,7319
312.9309,183.9948,3:16:02:381022,7320
313.3736,187.7843,3:16:02:385024,7306
313.7671,191.603,3:16:02:390041,7296
314.1852,195.509,3:16:02:394025,7268
314.5049,199.3568,3:16:02:397022,7200
314.7754,203.1463,3:16:02:401023,7025
314.7754,206.6152,3:16:02:406042,6631
314.7754,210.0257,3:16:02:409024,6057
314.7754,213.378,3:16:02:414026,5322
314.7754,216.5553,3:16:02:420027,4422
314.7754,219.5578,3:16:02:425025,3412
313.6195,222.3562,3:16:02:426052,2186
312.7833,224.834,3:16:02:429024,1162
311.7504,226.9036,3:16:02:433031,0
310.619,228.7692,3:16:02:438037,0
309.3156,230.0226,3:16:02:441033,0
307.84,230.8097,3:16:02:445022,0
306.2414,231.1012,3:16:02:449023,0
304.692,231.1012,3:16:02:454030,0
303.2163,230.285,3:16:02:457023,0
301.7161,229.2356,3:16:02:462046,0
300.1667,227.8364,3:16:02:467027,0
298.6665,226,3:16:02:475078,0
297.1909,223.9012,3:16:02:480060,0
295.8874,221.3942,3:16:02:484041,0
294.5348,218.6833,3:16:02:487026,0
293.2313,215.7975,3:16:02:488018,0
291.8786,212.8824,3:16:02:489023,0
290.6244,209.9091,3:16:02:497023,0
289.5176,207.0233,3:16:02:502030,0
288.3863,204.2832,3:16:02:504050,0
287.2796,201.6014,3:16:02:507049,0
286.1729,199.1819,3:16:02:510048,0
285.1399,196.9374,3:16:02:515057,0
284.0332,194.8678,3:16:02:518017,0
282.9757,192.9147,3:16:02:522019,0
281.8444,191.0782,3:16:02:525015,0
280.7377,189.3001,3:16:02:529016,0
279.5818,187.6094,3:16:02:533016,0
278.3766,185.977,3:16:02:538049,0
277.147,184.4029,3:16:02:541018,0
275.7205,182.858,3:16:02:546022,0
274.3679,181.1673,3:16:02:550051,0
273.0152,179.2433,3:16:02:556018,0
271.6134,177.232,3:16:02:558016,3365
270.2115,175.2789,3:16:02:561018,3355
268.7851,173.2384,3:16:02:566025,3351
267.5554,171.198,3:16:02:569027,3336
266.5225,169.0408,3:16:02:573024,3330
265.8584,166.7088,3:16:02:578023,3331
265.3666,164.3768,3:16:02:581021,3334
265.0468,162.0157,3:16:02:586054,3343
265.0222,159.5671,3:16:02:590030,3367
265.0222,156.9727,3:16:02:593027,3456
265.0222,154.291,3:16:02:597022,3601
265.883,151.6383,3:16:02:601022,3825
265.883,149.1606,3:16:02:605023,4066
266.7684,146.7994,3:16:02:609059,4292
267.3586,144.6131,3:16:02:613022,4472
268.1457,142.7184,3:16:02:617059,4600
269.1786,141.1443,3:16:02:621023,4697
270.4821,139.8326,3:16:02:625023,4758
272.1299,138.8414,3:16:02:630023,4787
274.1465,137.9669,3:16:02:634030,4796
276.4829,137.3257,3:16:02:637043,4807
279.0653,136.9467,3:16:02:641024,4795
281.8444,136.9467,3:16:02:645019,4797
284.7464,136.9467,3:16:02:649028,4794
287.6977,137.8795,3:16:02:653023,4777
290.526,138.8123,3:16:02:657053,4779
293.2805,140.2406,3:16:02:662041,4772
296.035,142.1646,3:16:02:665021,4758
298.6173,144.5549,3:16:02:669022,4662
301.1259,147.2366,3:16:02:673023,4417
303.4623,150.2682,3:16:02:677022,3998
305.6265,153.5622,3:16:02:681023,3316
307.594,157.0311,3:16:02:685022,2306
309.414,160.5874,3:16:02:689028,1351
310.988,164.1145,3:16:02:694074,581
312.316,167.5833,3:16:02:697023,0
313.4228,170.8773,3:16:02:701022,0
314.3327,174.0838,3:16:02:706023,0
315.1197,177.1445,3:16:02:709022,0
315.8083,180.0013,3:16:02:714028,0
316.497,182.5665,3:16:02:717024,0
317.2348,184.8985,3:16:02:722024,0
318.1201,186.8515,3:16:02:725023,0
319.0793,188.4256,3:16:02:729023,0
320.2352,189.679,3:16:02:734030,0
321.4895,190.5827,3:16:02:737028,0
322.9159,191.1657,3:16:02:741028,0
324.5637,191.4863,3:16:02:745023,0
326.0393,191.603,3:16:02:750019,0
327.5887,191.603,3:16:02:753022,0
329.1382,191.603,3:16:02:758022,0
330.7122,191.603,3:16:02:762030,0
332.3599,190.6702,3:16:02:765040,0
333.9831,190.6702,3:16:02:769023,0
335.4833,189.5625,3:16:02:773025,0
336.8852,188.892,3:16:02:778046,0
338.41,188.1633,3:16:02:782033,0
339.9102,187.2596,3:16:02:785915,0
341.3367,186.2685,3:16:02:788940,0
342.6893,185.1899,3:16:02:793934,0
343.8944,184.1989,3:16:02:797908,0
345.0011,183.0329,3:16:02:801935,0
346.0833,181.9252,3:16:02:805934,0
347.0178,180.8174,3:16:02:809934,0
347.7556,179.7972,3:16:02:812929,0
348.3951,178.6895,3:16:02:816927,0
348.8132,177.5235,3:16:02:820929,0
349.0345,176.5033,3:16:02:824928,2843
349.0345,175.4247,3:16:02:828927,2845
349.0345,174.521,3:16:02:833928,2845
349.0345,173.7632,3:16:02:837936,2887
348.2967,173.0344,3:16:02:841927,2949
348.2967,172.3931,3:16:02:845934,3039
347.4359,171.985,3:16:02:849993,3168
346.8456,171.7809,3:16:02:854018,3286
346.157,171.7809,3:16:02:858020,3418
345.3208,171.7809,3:16:02:861046,3564
344.3125,172.4805,3:16:02:865018,3740
343.1074,173.2093,3:16:02:869041,3925
341.7056,174.1129,3:16:02:874038,4124
340.1808,175.3081,3:16:02:877039,4321
338.533,176.9405,3:16:02:881392,4466
336.9098,178.8936,3:16:02:885418,4577
335.4096,181.1089,3:16:02:889413,4648
334.1799,183.5576,3:16:02:893412,4681
333.0732,186.181,3:16:02:897422,4700
332.2616,188.9794,3:16:02:902439,4716
331.6959,191.7487,3:16:02:905423,4731
331.4254,194.5179,3:16:02:909416,4733
331.4254,197.1123,3:16:02:913390,4736
331.4254,199.5318,3:16:02:917410,4734
332.2862,201.6597,3:16:02:921421,4721
333.024,203.5836,3:16:02:928410,4721
333.9339,205.216,3:16:02:931843,4717
334.9915,206.5569,3:16:02:933851,4717
336.172,207.6355,3:16:02:937876,4722
337.4508,208.4516,3:16:02:940844,4715
338.8035,208.9472,3:16:02:944866,4710
340.1808,209.1804,3:16:02:948844,4707
341.5826,209.1804,3:16:02:952844,4711
343.009,209.1804,3:16:02:956846,4716
344.4601,208.2184,3:16:02:960844,4719
345.8619,207.4314,3:16:02:965847,4726
347.19,206.4111,3:16:02:969839,4720
348.4688,205.1868,3:16:02:974856,4721
349.6002,203.8459,3:16:02:980845,4734
350.5593,202.4759,3:16:02:983859,4740
351.3709,201.0767,3:16:02:985838,4769
352.0349,199.7358,3:16:02:989839,4841
352.4776,198.4823,3:16:02:993838,4994
352.7973,197.4038,3:16:02:998847,5254
352.9695,196.5293,3:16:03:001846,5569
353.0679,195.8589,3:16:03:007846,5862
353.0925,195.3342,3:16:03:010859,6066
353.0925,195.0426,3:16:03:013893,6156
353.0925,195.0426,3:16:03:017876,6163
353.0925,195.0426,3:16:03:020845,6161
353.0925,195.0426,3:16:03:025864,6143
353.0925,196.267,3:16:03:029851,6137
353.0925,197.1998,3:16:03:033845,6155
352.6006,198.3366,3:16:03:036850,6148
352.6006,199.7066,3:16:03:041875,6152
352.6006,201.3391,3:16:03:045855,6146
352.6006,203.0298,3:16:03:048842,6114
352.6006,204.8371,3:16:03:053397,6080
352.6006,206.7027,3:16:03:057418,6009
353.4368,208.5391,3:16:03:061455,5798
353.4368,210.3755,3:16:03:065418,5472
354.3221,212.0663,3:16:03:069423,5027
354.8386,213.6112,3:16:03:074419,4419
355.3305,215.1853,3:16:03:077440,3693
355.7978,216.6136,3:16:03:081416,2739
356.2896,217.7213,3:16:03:085423,1682
356.6832,218.6833,3:16:03:089382,828
357.1013,219.3246,3:16:03:093065,0
357.4456,219.6452,3:16:03:097064,0
357.7899,219.8201,3:16:03:101064,0
358.0604,219.8201,3:16:03:106082,0
358.3063,219.8201,3:16:03:110086,0
358.6507,218.3918,3:16:03:113400,0
358.995,217.3716,3:16:03:117420,0
359.4622,216.0015,3:16:03:122432,0
360.0033,214.3983,3:16:03:125420,0
360.4952,212.5909,3:16:03:129394,0
361.0609,210.5504,3:16:03:133418,0
361.774,208.3059,3:16:03:137413,0
362.5611,205.799,3:16:03:141423,0
363.3235,203.2338,3:16:03:145413,0
364.1843,200.4937,3:16:03:149417,0
364.9958,197.5495,3:16:03:153381,0
365.8566,194.5179,3:16:03:157416,0
366.742,191.4863,3:16:03:161411,0
367.6028,188.4547,3:16:03:165400,0
368.3406,185.5106,3:16:03:169407,0
369.0538,182.7122,3:16:03:173401,0
369.5703,180.0013,3:16:03:177366,0
369.8654,177.4069,3:16:03:181449,4387
370.0622,175.1624,3:16:03:185447,4410
370.1605,173.2676,3:16:03:189467,4490
370.1605,171.7227,3:16:03:193445,4600
370.1605,170.4109,3:16:03:197445,4731
370.1605,169.3907,3:16:03:201444,4847
370.1605,168.6328,3:16:03:205392,4912
370.1605,168.2829,3:16:03:209417,4984
370.1605,168.2247,3:16:03:213421,5081
371.0705,168.2247,3:16:03:217417,5247
371.0705,169.0408,3:16:03:221238,5492
371.9559,169.8571,3:16:03:225261,5784
372.4724,171.0522,3:16:03:230263,6061
372.915,172.568,3:16:03:233267,6275
373.2839,174.521,3:16:03:237261,6416
373.6774,176.9697,3:16:03:241268,6471
374.0218,179.7972,3:16:03:245264,6505
374.4153,182.8871,3:16:03:249261,6518
374.735,186.2977,3:16:03:254257,6516
375.0547,189.7957,3:16:03:257290,6503
375.3006,193.2937,3:16:03:261257,6475
375.5466,196.7917,3:16:03:265267,6405
375.7187,200.1147,3:16:03:269264,6179
375.7187,203.1755,3:16:03:273388,5812
375.7187,206.0322,3:16:03:277506,5309
375.7187,208.6557,3:16:03:281494,4676
375.7187,210.9877,3:16:03:285496,3966
374.8333,213.1156,3:16:03:289495,3123
374.1939,215.0687,3:16:03:293376,2017
373.3823,216.672,3:16:03:297385,1092
372.374,217.9837,3:16:03:301408,0
371.3164,219.0623,3:16:03:305408,0
370.0868,219.8493,3:16:03:309385,0
368.7833,220.17,3:16:03:313386,0
367.406,220.2574,3:16:03:317385,0
366.0534,220.2574,3:16:03:322389,0
364.7253,219.208,3:16:03:325386,0
363.4464,218.246,3:16:03:329403,0
362.0938,216.876,3:16:03:333385,0
360.6919,215.2144,3:16:03:337389,0
359.2655,213.2905,3:16:03:341408,0
357.7899,211.25,3:16:03:345414,0
356.3388,209.0347,3:16:03:349389,0
354.7648,206.6735,3:16:03:353419,0
353.1909,204.254,3:16:03:357410,0
351.5431,201.7471,3:16:03:361414,0
349.9691,199.3277,3:16:03:365414,0
348.4196,196.9374,3:16:03:369415,0
346.8456,194.6054,3:16:03:373410,0
345.3208,192.3026,3:16:03:378416,0
343.7714,190.1454,3:16:03:381415,0
342.222,188.0758,3:16:03:385416,0
340.6726,186.181,3:16:03:389360,0
339.0248,184.4904,3:16:03:393379,0
337.3033,182.9745,3:16:03:398403,0
335.6063,181.6045,3:16:03:401379,0
333.8356,180.2636,3:16:03:405391,0
332.0156,179.1559,3:16:03:410411,0
330.1957,178.1648,3:16:03:413379,0
328.3512,177.3194,3:16:03:417363,0
326.605,176.5324,3:16:03:421436,0
324.9326,175.862,3:16:03:425441,0
323.3586,175.2206,3:16:03:429442,0
321.8584,174.7251,3:16:03:434438,0
320.4812,174.317,3:16:03:437458,0
319.2023,173.938,3:16:03:441467,0
318.0464,173.6465,3:16:03:446463,0
316.9643,173.3842,3:16:03:450479,0
315.9559,173.2093,3:16:03:455480,0
315.0213,172.9469,3:16:03:459463,0
314.1852,172.8304,3:16:03:461457,0
313.4228,172.6846,3:16:03:465462,0
312.7095,172.5388,3:16:03:469361,0
312.0947,172.3348,3:16:03:473378,0
311.6274,172.0724,3:16:03:477384,0
311.2093,171.7518,3:16:03:481363,1977
310.865,171.4603,3:16:03:485411,1977
310.6928,171.1688,3:16:03:489420,1981
310.5945,170.819,3:16:03:494429,1998
310.5945,170.4984,3:16:03:500289,2011
311.2831,170.1194,3:16:03:501289,2067
312.1193,169.7404,3:16:03:506289,2225
313.3736,169.4489,3:16:03:512297,2442
315.1197,169.1575,3:16:03:518294,2734
317.4315,168.7785,3:16:03:525294,3027
320.3582,168.3412,3:16:03:533303,3260
324.0718,167.8748,3:16:03:539290,3441
328.3512,167.321,3:16:03:542300,3575
333.1715,166.7963,3:16:03:545308,3666
338.5084,166.2133,3:16:03:547300,3711
344.1895,165.572,3:16:03:552297,3741
350.2888,164.9016,3:16:03:554299,3746
356.5602,164.2311,3:16:03:556300,3749
362.8808,163.5607,3:16:03:558318,3749
368.9308,162.9193,3:16:03:560294,3745
374.735,162.2489,3:16:03:562294,3744
380.1456,161.6367,3:16:03:565288,3734
385.1381,161.0829,3:16:03:569293,3728
389.7126,160.5291,3:16:03:573356,3718
393.6967,160.0627,3:16:03:577356,3701
397.0907,159.6546,3:16:03:581355,3636
399.8944,159.2756,3:16:03:585356,3447
402.1324,158.9841,3:16:03:589387,3098
403.731,158.8092,3:16:03:593358,2479
404.7885,158.576,3:16:03:597354,1616
405.1574,158.4011,3:16:03:601364,876
405.1574,158.3136,3:16:03:606351,0
403.6818,158.2845,3:16:03:609359,0
402.034,158.2262,3:16:03:613355,0
399.8206,158.1971,3:16:03:618247,0
397.1645,158.1387,3:16:03:621331,0
394.0902,158.0513,3:16:03:625348,0
390.6471,158.0222,3:16:03:629346,0
386.9827,158.0222,3:16:03:633351,0
383.2444,157.9055,3:16:03:637349,0
379.334,157.8472,3:16:03:641346,0
375.3744,157.7598,3:16:03:645381,0
371.3164,157.6723,3:16:03:650342,0
367.2585,157.614,3:16:03:653373,0
363.2497,157.5849,3:16:03:657361,0
359.3147,157.4683,3:16:03:661814,0
355.5764,157.3808,3:16:03:664837,0
352.0103,157.3226,3:16:03:668863,0
348.6656,157.2059,3:16:03:672851,0
345.5668,157.0311,3:16:03:676832,0
342.7385,156.7687,3:16:03:681833,0
340.3037,156.5063,3:16:03:685808,0
338.0411,156.1566,3:16:03:688826,0
336.2458,155.8359,3:16:03:692827,0
334.6718,155.4278,3:16:03:696828,0
333.4421,155.0197,3:16:03:700832,0
332.4829,154.5242,3:16:03:705830,0
331.6713,154.0578,3:16:03:709832,0
331.0811,153.5039,3:16:03:713833,0
330.6384,152.95,3:16:03:719827,0
330.4908,152.3087,3:16:03:722834,0
330.2941,151.6966,3:16:03:725850,0
330.2695,150.997,3:16:03:729832,0
330.2695,150.2099,3:16:03:733848,0
330.2695,149.4812,3:16:03:737852,0
330.2695,148.665,3:16:03:741834,0
330.2695,147.9071,3:16:03:745360,0
330.8351,147.2075,3:16:03:749391,0
330.8351,146.5662,3:16:03:753378,0
330.8351,145.9541,3:16:03:758404,0
330.8351,145.4002,3:16:03:761386,0
331.3516,144.9046,3:16:03:765378,0
331.3516,144.5549,3:16:03:769377,0
331.3516,144.3508,3:16:03:773409,0
331.3516,144.205,3:16:03:777442,0
331.7451,144.0593,3:16:03:781424,0
331.7451,143.9427,3:16:03:786212,2835
331.7451,143.8844,3:16:03:789251,2824
331.9664,143.8844,3:16:03:793235,2810
331.9664,143.8844,3:16:03:797230,2791
331.9664,143.8844,3:16:03:801235,2776
332.0894,143.8844,3:16:03:805235,2775
332.0894,144.7589,3:16:03:809236,2782
332.0894,144.7589,3:16:03:813236,2835
332.0894,145.5751,3:16:03:818237,2933
332.0894,145.5751,3:16:03:821238,3079
332.0894,146.6828,3:16:03:825242,3274
332.0894,147.2075,3:16:03:830232,3462
331.5237,147.6447,3:16:03:833237,3644
331.5237,147.6447,3:16:03:837231,3801
330.8351,148.3152,3:16:03:841231,3922
330.3924,148.3152,3:16:03:845229,4026
329.9006,148.6942,3:16:03:849231,4097
329.4579,148.6942,3:16:03:853242,4157
328.966,148.6942,3:16:03:857236,4212
328.4495,148.6942,3:16:03:861238,4264
327.9822,147.8779,3:16:03:865238,4312
327.6379,147.8779,3:16:03:869236,4336
327.2936,146.6537,3:16:03:873240,4355
327.2936,145.9249,3:16:03:877238,4359
327.0723,145.1378,3:16:03:881388,4363
327.0723,144.3217,3:16:03:885408,4371
327.0723,143.4763,3:16:03:889416,4375
327.0723,142.631,3:16:03:893408,4386
327.9331,141.873,3:16:03:897408,4388
327.9331,141.2026,3:16:03:901408,4395
328.9906,140.6487,3:16:03:905414,4393
329.5808,140.1823,3:16:03:909430,4388
330.1957,139.8326,3:16:03:913408,4383
330.9581,139.5702,3:16:03:917416,4376
331.7451,139.5702,3:16:03:921408,4372
332.5567,139.5702,3:16:03:925411,4367
333.3191,139.5702,3:16:03:929408,4361
334.0569,139.5702,3:16:03:933418,4356
334.7701,140.6487,3:16:03:937822,4358
335.4096,141.2901,3:16:03:941844,4350
335.9752,142.1062,3:16:03:945849,4314
336.3933,143.0974,3:16:03:949876,4108
336.5655,144.2342,3:16:03:956935,3668
336.5655,145.5168,3:16:03:960953,2861
336.5655,146.7411,3:16:03:962948,1807
336.5655,147.9946,3:16:03:965978,926
336.5655,149.2189,3:16:03:969964,0
335.8031,150.3848,3:16:03:974420,0
335.8031,151.3176,3:16:03:977447,0
335.2128,152.0172,3:16:03:981444,0
335.2128,152.5128,3:16:03:985470,0
335.2128,152.5128,3:16:03:989395,0
335.2128,152.5128,3:16:03:993415,0
335.2128,152.5128,3:16:03:997414,0
335.2128,151.5508,3:16:04:002418,0
335.2128,150.793,3:16:04:005414,0
336.172,149.9476,3:16:04:012419,0
336.7868,149.1022,3:16:04:020436,0
337.5246,148.0529,3:16:04:024416,0
338.2133,146.9743,3:16:04:030414,0
339.1478,146.129,3:16:04:033433,0
340.1316,145.371,3:16:04:036417,0
340.1316,145.371,3:16:04:048420,0
