384.3265,417.049,3:09:50:649287,0
384.3265,417.049,3:09:50:652314,0
385.0152,417.049,3:09:50:656311,0
385.0152,416.2037,3:09:50:660310,0
385.0152,416.2037,3:09:50:665325,0
385.0152,416.2037,3:09:50:668306,0
385.0152,416.2037,3:09:50:672438,0
385.0152,416.2037,3:09:50:676467,0
385.0152,416.2037,3:09:50:680456,0
385.0152,416.2037,3:09:50:684913,0
384.2036,416.2037,3:09:50:688496,0
384.2036,416.2037,3:09:50:692499,0
383.6133,417.0782,3:09:50:696498,0
383.6133,417.0782,3:09:50:700478,0
383.1214,417.7487,3:09:50:704497,0
383.1214,417.7487,3:09:50:708499,0
383.1214,418.39,3:09:50:712498,0
383.1214,418.39,3:09:50:716498,0
383.1214,418.973,3:09:50:721547,0
383.1214,418.973,3:09:50:724563,0
383.1214,419.4102,3:09:50:728557,0
383.1214,419.4102,3:09:50:732947,0
383.1214,419.76,3:09:50:736966,0
383.1214,419.76,3:09:50:739971,0
383.7117,420.0223,3:09:50:745068,0
383.7117,420.0223,3:09:50:749077,0
384.4003,420.2847,3:09:50:753072,0
384.4003,420.2847,3:09:50:757068,0
385.1381,420.343,3:09:50:760080,0
385.5316,420.3722,3:09:50:764061,0
385.9251,420.4305,3:09:50:769067,0
386.4662,420.4305,3:09:50:773085,0
386.8597,420.4596,3:09:50:777085,0
387.2286,420.4887,3:09:50:781073,0
387.6713,420.4887,3:09:50:785109,0
387.991,420.5762,3:09:50:789083,0
388.2123,420.5762,3:09:50:793460,0
388.3599,420.6345,3:09:50:796457,0
388.5567,420.7511,3:09:50:800455,0
388.5567,420.8677,3:09:50:804457,0
388.5567,420.8969,3:09:50:808456,0
388.5567,420.926,3:09:50:812455,0
388.5567,420.9843,3:09:50:817381,0
388.5567,421.0135,3:09:50:820404,0
388.5567,421.0426,3:09:50:824462,0
388.5567,421.13,3:09:50:829469,0
388.5567,421.13,3:09:50:833463,0
388.5567,421.13,3:09:50:836456,0
388.5567,421.13,3:09:50:841459,0
388.114,421.13,3:09:50:844455,0
388.114,421.13,3:09:50:848465,0
388.114,421.13,3:09:50:853498,0
388.114,421.13,3:09:50:856523,0
388.114,421.13,3:09:50:860515,0
387.8434,421.13,3:09:50:864437,0
387.8434,421.13,3:09:50:868540,0
387.8434,421.13,3:09:50:872544,0
387.5729,421.13,3:09:50:876438,0
387.5729,421.13,3:09:50:880613,0
387.3762,421.13,3:09:50:884615,0
387.2286,421.13,3:09:50:888614,0
387.0564,421.13,3:09:50:892614,0
386.9089,421.13,3:09:50:896615,0
386.7613,421.13,3:09:50:900444,0
386.6137,421.13,3:09:50:905485,0
386.3924,421.13,3:09:50:908485,0
386.294,421.13,3:09:50:913459,0
386.1219,421.13,3:09:50:916454,0
385.9497,421.13,3:09:50:920453,0
385.8022,421.13,3:09:50:925485,0
385.6546,421.13,3:09:50:928479,0
385.4579,421.13,3:09:50:932455,0
385.3349,421.7422,3:09:50:937300,0
385.2611,421.7422,3:09:50:941348,0
385.1135,421.7422,3:09:50:945337,0
384.966,421.7422,3:09:50:949343,0
384.8676,422.2086,3:09:50:952348,0
384.72,422.2086,3:09:50:956338,0
384.5971,422.2086,3:09:50:960335,0
384.4495,422.2086,3:09:50:964337,0
384.3019,422.2086,3:09:50:968336,0
384.1544,422.4418,3:09:50:973361,0
383.9576,422.4418,3:09:50:976358,0
383.8101,422.4418,3:09:50:981380,0
383.6379,422.6458,3:09:50:984341,0
383.4412,422.7625,3:09:50:988625,0
383.1706,422.7625,3:09:50:992642,0
382.9985,422.9373,3:09:50:996641,0
382.7771,423.054,3:09:51:000671,0
382.5312,423.1706,3:09:51:004708,0
382.3098,423.258,3:09:51:008687,0
382.0639,423.4329,3:09:51:012448,0
381.8426,423.5786,3:09:51:016488,0
381.6458,423.7244,3:09:51:020476,0
381.4737,423.8701,3:09:51:024488,0
381.2769,424.045,3:09:51:028467,0
381.0802,424.2199,3:09:51:032467,0
380.908,424.4532,3:09:51:036465,0
380.7358,424.6281,3:09:51:040478,0
380.5637,424.8029,3:09:51:044477,0
380.4407,424.9778,3:09:51:048477,0
380.3177,425.1236,3:09:51:052471,0
380.1456,425.2402,3:09:51:056486,0
380.0226,425.3568,3:09:51:060957,0
379.8997,425.4442,3:09:51:064982,0
379.7767,425.5025,3:09:51:068990,0
379.6783,425.5317,3:09:51:072980,0
379.5799,425.5609,3:09:51:076995,0
379.457,425.5609,3:09:51:080975,0
379.3586,425.6483,3:09:51:084443,0
379.2848,425.6775,3:09:51:088460,0
379.211,425.7066,3:09:51:092485,0
379.1127,425.7066,3:09:51:096437,0
379.0881,425.7649,3:09:51:100460,0
379.0635,425.794,3:09:51:104455,0
379.0143,425.794,3:09:51:108471,0
378.9897,425.794,3:09:51:112479,0
378.9897,425.794,3:09:51:116465,0
378.9897,425.794,3:09:51:120457,0
378.9897,425.794,3:09:51:124499,0
378.9897,425.794,3:09:51:128492,0
378.9897,425.794,3:09:51:132477,0
378.9897,425.794,3:09:51:137483,0
378.9897,425.794,3:09:51:140492,0
378.9897,425.794,3:09:51:144792,0
378.9897,425.794,3:09:51:148630,0
378.9897,425.794,3:09:51:152628,0
378.9897,425.794,3:09:51:156633,0
378.9897,425.794,3:09:51:160463,0
378.9897,425.794,3:09:51:164493,0
378.5224,425.794,3:09:51:168482,0
378.5224,425.794,3:09:51:172486,0
378.5224,426.3188,3:09:51:176492,0
378.0305,426.3188,3:09:51:180483,0
378.0305,426.3188,3:09:51:184503,0
377.6616,426.3188,3:09:51:188489,0
377.6616,426.3188,3:09:51:192483,0
377.1451,426.6685,3:09:51:196508,0
376.8992,426.6685,3:09:51:200503,0
376.5795,426.6685,3:09:51:204482,0
376.2352,426.8143,3:09:51:208486,0
375.8909,426.9309,3:09:51:212495,0
375.522,426.9309,3:09:51:216487,0
375.1285,427.0183,3:09:51:220490,0
374.7104,427.0475,3:09:51:224487,0
374.2431,427.0767,3:09:51:228493,0
373.7758,427.1349,3:09:51:232438,0
373.2839,427.1641,3:09:51:236460,0
372.7675,427.1932,3:09:51:240475,0
372.2264,427.1932,3:09:51:245085,0
371.6607,427.1932,3:09:51:249129,0
371.0213,427.1932,3:09:51:253110,0
370.3819,427.1932,3:09:51:256106,0
369.6932,427.1932,3:09:51:260107,0
368.98,427.1932,3:09:51:265126,0
368.2176,427.1932,3:09:51:269108,0
367.3814,427.1932,3:09:51:273109,1699
366.5207,427.1932,3:09:51:277109,1712
365.6353,427.1932,3:09:51:280111,1795
364.8237,427.1932,3:09:51:285110,1950
363.9629,427.1932,3:09:51:288109,2170
363.1267,426.5228,3:09:51:292117,2436
362.2413,426.5228,3:09:51:296109,2694
361.3806,426.5228,3:09:51:301121,2928
360.5444,426.5228,3:09:51:304109,3139
359.7574,426.5228,3:09:51:308110,3328
359.0442,426.5228,3:09:51:312110,3492
358.2572,426.5228,3:09:51:316109,3630
357.5931,426.5228,3:09:51:321116,3740
357.0275,426.5228,3:09:51:324109,3818
356.6094,426.5228,3:09:51:328112,3857
356.2651,426.5228,3:09:51:332110,3891
356.0683,426.5228,3:09:51:336110,3933
356.0437,427.2224,3:09:51:341104,4004
356.0437,427.2224,3:09:51:345103,4109
356.0437,427.718,3:09:51:348108,4215
357.2488,427.718,3:09:51:353116,4319
358.2817,428.3301,3:09:51:356142,4397
359.9049,428.3301,3:09:51:360109,4460
362.0938,428.8257,3:09:51:364114,4516
364.9713,428.8257,3:09:51:368108,4579
368.5374,428.8257,3:09:51:372464,4642
372.7183,428.8257,3:09:51:376483,4698
377.5878,428.8257,3:09:51:380501,4752
383.146,427.922,3:09:51:384489,4777
389.3437,427.922,3:09:51:388465,4795
395.8856,426.9309,3:09:51:392485,4800
402.7719,426.9309,3:09:51:396498,4803
410.0516,425.9981,3:09:51:400491,4811
417.5035,425.9981,3:09:51:404461,4811
425.103,425.2985,3:09:51:408527,4813
432.6287,425.2985,3:09:51:412530,4802
440.056,424.8904,3:09:51:416528,4748
447.2865,424.8904,3:09:51:420529,4641
454.2711,424.5989,3:09:51:424524,4433
460.8623,424.5989,3:09:51:428523,4076
466.8632,424.2783,3:09:51:432538,3577
472.2984,424.0742,3:09:51:436530,2893
477.1679,423.8119,3:09:51:440529,1991
481.5948,423.4912,3:09:51:444523,1153
485.3823,423.054,3:09:51:448527,499
488.5794,422.5292,3:09:51:452442,0
491.1864,421.9754,3:09:51:456475,0
493.1785,421.3924,3:09:51:460483,0
494.5557,420.8386,3:09:51:465465,0
495.4411,420.2847,3:09:51:469511,0
495.687,419.6725,3:09:51:472469,0
495.687,419.2061,3:09:51:476460,0
494.3836,418.798,3:09:51:480460,0
492.8588,418.4482,3:09:51:484460,0
490.8175,418.1859,3:09:51:488471,0
488.3827,417.9818,3:09:51:492483,0
485.6282,417.7778,3:09:51:496483,0
482.6277,417.6903,3:09:51:500461,0
479.3814,417.6903,3:09:51:504463,0
475.9383,417.6903,3:09:51:508468,0
472.4214,417.6903,3:09:51:512483,0
468.8061,417.6903,3:09:51:516483,0
465.1416,417.6903,3:09:51:520461,0
461.5755,418.6523,3:09:51:524483,0
458.0832,418.6523,3:09:51:528482,0
454.7138,419.4977,3:09:51:532465,0
451.4921,420.0223,3:09:51:536464,0
448.5162,420.5179,3:09:51:540506,0
445.8109,421.1592,3:09:51:544492,0
443.3269,421.7422,3:09:51:548462,0
441.1135,422.3835,3:09:51:552486,0
439.0968,423.0248,3:09:51:556484,0
437.2523,423.6078,3:09:51:560491,0
435.5553,424.2199,3:09:51:564524,0
433.9567,424.8321,3:09:51:568522,0
432.4319,425.4442,3:09:51:572520,0
430.8825,425.9981,3:09:51:576535,0
429.4315,426.6103,3:09:51:580517,0
428.005,427.1641,3:09:51:584534,0
426.5294,427.7471,3:09:51:588517,0
425.0046,428.2718,3:09:51:592523,0
423.5044,428.8257,3:09:51:596522,0
421.955,429.3795,3:09:51:600534,0
420.4547,429.8459,3:09:51:604434,0
419.0037,430.3123,3:09:51:608470,0
417.5281,430.6621,3:09:51:612451,0
416.1263,431.0702,3:09:51:616451,0
414.8228,431.42,3:09:51:620467,0
413.6423,431.6241,3:09:51:624454,0
412.4864,431.8572,3:09:51:628453,0
411.4534,432.003,3:09:51:632474,0
410.4451,432.1196,3:09:51:636472,0
409.4859,432.2654,3:09:51:640474,0
408.5514,432.382,3:09:51:644471,0
407.6414,432.4111,3:09:51:648452,0
406.7314,432.4985,3:09:51:652452,0
405.8461,432.5569,3:09:51:658474,0
405.0345,432.586,3:09:51:662475,0
404.1983,432.6735,3:09:51:664477,0
403.4113,432.6735,3:09:51:672470,0
402.6489,432.7026,3:09:51:676452,0
401.9111,432.7026,3:09:51:680453,0
401.2224,432.79,3:09:51:684453,0
400.583,432.8192,3:09:51:685456,0
399.919,432.8484,3:09:51:688466,0
399.3041,432.9649,3:09:51:694452,0
398.7139,432.9941,3:09:51:699452,0
398.099,433.169,3:09:51:702449,0
397.6071,433.3148,3:09:51:707465,0
397.0907,433.4022,3:09:51:716452,0
396.5742,433.6063,3:09:51:719476,0
396.1069,433.752,3:09:51:721497,0
395.6396,433.8977,3:09:51:722459,0
395.2462,434.0435,3:09:51:725461,0
394.8527,434.2184,3:09:51:728452,0
394.5083,434.335,3:09:51:732486,0
394.2132,434.4516,3:09:51:736503,0
393.9181,434.5682,3:09:51:740502,0
393.6721,434.6265,3:09:51:744503,0
393.5,434.714,3:09:51:748460,0
393.3033,434.7431,3:09:51:752486,0
393.0573,434.7722,3:09:51:756490,0
392.7622,434.8305,3:09:51:760480,0
392.4917,434.8597,3:09:51:764064,0
392.1227,434.8889,3:09:51:768095,0
391.7292,434.8889,3:09:51:772073,0
391.3604,434.8889,3:09:51:776063,0
390.8931,434.8889,3:09:51:780065,0
390.4012,434.8889,3:09:51:784067,0
389.9339,434.8889,3:09:51:789067,0
389.4666,434.8889,3:09:51:793087,0
388.9502,434.8889,3:09:51:796460,0
388.4583,434.8889,3:09:51:800501,0
387.9664,434.335,3:09:51:804486,0
387.45,434.335,3:09:51:808501,0
386.9335,434.335,3:09:51:812488,0
386.417,434.335,3:09:51:816480,0
385.9989,433.7812,3:09:51:820481,0
385.5316,433.7812,3:09:51:824486,0
385.1135,433.3148,3:09:51:828480,1495
384.7938,432.9941,3:09:51:833493,1512
384.4987,432.7026,3:09:51:836479,1568
384.2773,432.4111,3:09:51:840505,1649
384.1544,432.1196,3:09:51:844491,1792
384.1544,431.7407,3:09:51:848481,1961
384.1544,431.3326,3:09:51:852495,2133
384.1544,430.9828,3:09:51:856480,2309
385.1135,430.6329,3:09:51:860480,2448
385.7776,430.3123,3:09:51:864490,2566
386.6383,429.9625,3:09:51:868503,2654
387.7205,429.671,3:09:51:872480,2729
388.9256,429.4669,3:09:51:876487,2773
390.3028,429.2921,3:09:51:880492,2802
391.8522,429.2921,3:09:51:884481,2812
393.5,429.2921,3:09:51:888480,2812
395.1478,429.2921,3:09:51:892485,2820
396.7464,430.3415,3:09:51:896430,2823
398.2466,431.041,3:09:51:900454,2845
399.5992,431.8864,3:09:51:904449,2869
400.8535,432.9066,3:09:51:908449,2899
401.8373,434.0727,3:09:51:912472,2937
402.5751,435.2678,3:09:51:916474,2978
403.0178,436.6087,3:09:51:920464,3033
403.1407,438.0662,3:09:51:924548,3094
403.1407,439.6403,3:09:51:928564,3186
402.5259,441.1561,3:09:51:933138,3297
401.7389,442.6719,3:09:51:936124,3417
400.706,444.1585,3:09:51:940127,3552
399.4025,445.4703,3:09:51:944126,3664
398.0252,446.8112,3:09:51:948128,3762
396.5496,447.9772,3:09:51:952127,3847
394.9756,448.8809,3:09:51:956128,3919
393.5492,449.6387,3:09:51:960127,3980
392.1719,450.2217,3:09:51:965166,4038
391.016,450.6299,3:09:51:969135,4094
390.1552,450.9505,3:09:51:972133,4140
389.4912,451.1545,3:09:51:976127,4175
389.0485,451.1837,3:09:51:980126,4194
389.0485,451.1837,3:09:51:984126,4198
389.0485,451.1837,3:09:51:989131,4193
389.7126,451.1837,3:09:51:993144,4193
390.5733,450.1343,3:09:51:996131,4193
391.803,450.1343,3:09:52:001131,4190
393.2787,449.0849,3:09:52:005126,4191
395.0494,449.0849,3:09:52:008126,4193
396.9923,448.0646,3:09:52:013132,4193
399.0582,448.0646,3:09:52:017130,4200
401.0995,447.4525,3:09:52:020136,4200
403.1407,447.4525,3:09:52:025126,4200
405.0836,447.4525,3:09:52:029146,4195
406.8052,447.4525,3:09:52:033152,4193
408.33,448.4436,3:09:52:036132,4195
409.6335,449.1723,3:09:52:041136,4191
410.7648,450.0468,3:09:52:044123,4190
411.6256,451.0379,3:09:52:049124,4192
412.2896,452.1165,3:09:52:052130,4202
412.7077,453.2242,3:09:52:057133,4231
412.8799,454.3611,3:09:52:060132,4287
412.8799,455.527,3:09:52:064131,4365
412.8799,456.5764,3:09:52:068131,4472
412.0191,457.6259,3:09:52:073131,4598
411.2321,458.5878,3:09:52:077145,4724
410.1746,459.4915,3:09:52:081144,4852
408.8957,460.2785,3:09:52:084129,4976
407.3463,461.0364,3:09:52:089125,5113
405.6739,461.6194,3:09:52:093131,5243
403.7556,462.0566,3:09:52:096137,5341
401.7389,462.4356,3:09:52:100129,5410
399.7468,462.6979,3:09:52:105132,5431
397.6317,462.8145,3:09:52:108131,5439
395.5905,462.8145,3:09:52:112137,5432
393.5738,462.8145,3:09:52:116136,5422
391.6801,462.8145,3:09:52:120125,5377
389.8601,461.9109,3:09:52:124124,5242
388.2369,461.9109,3:09:52:129145,5031
386.8105,460.774,3:09:52:132129,4705
385.4579,459.9579,3:09:52:136125,4244
384.3757,459.0251,3:09:52:140123,3697
383.4904,458.0048,3:09:52:144125,3040
382.8755,456.9262,3:09:52:148124,2195
382.4574,455.7894,3:09:52:152135,1342
382.3098,454.6234,3:09:52:157137,661
382.3098,453.5157,3:09:52:160127,0
382.3098,452.4371,3:09:52:166135,0
382.9001,451.5043,3:09:52:168151,0
382.9001,450.7756,3:09:52:173132,0
383.9822,450.1343,3:09:52:177137,0
384.6216,449.6387,3:09:52:181161,0
385.3349,449.2889,3:09:52:184132,0
386.0727,449.0849,3:09:52:189155,0
386.9335,448.9683,3:09:52:192140,0
387.8434,448.8809,3:09:52:196130,0
388.8026,448.8517,3:09:52:200130,0
389.8109,448.8517,3:09:52:205125,0
390.8439,448.8517,3:09:52:209131,0
391.926,448.8517,3:09:52:212137,0
393.0819,448.8517,3:09:52:218133,0
394.2624,448.8225,3:09:52:222165,0
395.4675,448.7643,3:09:52:227125,0
396.6234,448.6768,3:09:52:233129,0
397.8039,448.5894,3:09:52:237126,0
398.9844,448.4145,3:09:52:241125,0
400.1649,448.1812,3:09:52:243135,0
401.2962,447.9189,3:09:52:244129,0
402.3538,447.5108,3:09:52:248129,0
403.2883,447.0444,3:09:52:253130,0
404.1737,446.4323,3:09:52:258160,2563
404.9607,445.8492,3:09:52:261126,2567
405.6985,445.1497,3:09:52:265131,2622
406.4609,444.3626,3:09:52:268771,2730
407.1987,443.6047,3:09:52:271785,2882
407.9119,442.701,3:09:52:276783,3048
408.6252,441.9723,3:09:52:280819,3165
409.4122,441.331,3:09:52:284787,3227
410.2238,440.748,3:09:52:288783,3248
411.1583,440.1942,3:09:52:292783,3249
412.0929,439.7569,3:09:52:296782,3253
413.1258,439.378,3:09:52:301783,3257
414.2079,439.1156,3:09:52:304782,3252
415.3147,438.9407,3:09:52:308783,3243
416.4706,438.795,3:09:52:311793,3211
417.7249,438.6201,3:09:52:316804,3117
419.0775,438.5909,3:09:52:319793,2960
420.3564,438.5909,3:09:52:324788,2712
421.6844,438.5909,3:09:52:328787,2353
423.0371,438.5909,3:09:52:332783,1881
424.3897,438.5909,3:09:52:336790,1333
425.7178,438.5909,3:09:52:339790,779
427.0705,438.5909,3:09:52:344793,354
428.251,438.5909,3:09:52:348808,0
429.2839,438.5909,3:09:52:352801,0
430.2922,438.5909,3:09:52:355788,0
431.1284,438.5909,3:09:52:360804,0
431.7925,437.6581,3:09:52:363787,0
432.2843,437.6581,3:09:52:368787,0
432.6287,436.6087,3:09:52:372786,0
432.85,435.9674,3:09:52:376789,0
432.9976,435.2969,3:09:52:380791,0
433.0222,434.5682,3:09:52:384789,0
433.0222,433.8103,3:09:52:388801,0
433.0222,433.1107,3:09:52:392831,0
433.0222,432.4111,3:09:52:396833,0
432.4319,431.6823,3:09:52:400788,0
432.4319,430.9828,3:09:52:406794,2491
431.8416,430.3415,3:09:52:408833,2541
431.8416,429.7001,3:09:52:412810,2664
431.2514,429.2046,3:09:52:416792,2869
431.2514,428.7382,3:09:52:420806,3173
430.8333,428.3009,3:09:52:424802,3516
430.8333,427.9803,3:09:52:428802,3843
430.5382,427.7471,3:09:52:431791,4109
430.5382,427.6305,3:09:52:435790,4296
430.5382,427.5722,3:09:52:439793,4397
430.5382,427.5722,3:09:52:444792,4469
430.5382,427.5722,3:09:52:448792,4579
430.5382,427.5722,3:09:52:451791,4719
430.5382,428.3884,3:09:52:456811,4912
430.5382,428.3884,3:09:52:460782,5097
430.5382,429.8459,3:09:52:464788,5239
430.5382,430.9244,3:09:52:468812,5334
430.5382,432.2654,3:09:52:472791,5375
431.153,433.752,3:09:52:476792,5409
431.153,435.501,3:09:52:479795,5428
431.6941,437.454,3:09:52:484798,5434
431.6941,439.5529,3:09:52:487793,5440
432.3335,441.8265,3:09:52:492783,5428
432.727,444.1585,3:09:52:496780,5423
433.1205,446.5197,3:09:52:500782,5409
433.4894,448.8517,3:09:52:504806,5339
433.8829,451.2129,3:09:52:508783,5214
434.2518,453.3991,3:09:52:511788,4996
434.5962,455.4396,3:09:52:516782,4708
434.9159,457.2469,3:09:52:520795,4347
435.1618,458.8502,3:09:52:524815,3896
435.4077,460.2202,3:09:52:528787,3365
435.6045,461.3571,3:09:52:531788,2668
435.7521,462.2899,3:09:52:535792,1834
435.8996,462.9312,3:09:52:540783,1058
435.998,463.2518,3:09:52:544782,449
436.1456,463.3392,3:09:52:547787,0
436.2439,463.3392,3:09:52:552793,0
436.3669,462.5814,3:09:52:555787,0
436.4407,461.7651,3:09:52:560787,0
436.4407,460.5992,3:09:52:564789,0
436.4407,459.0833,3:09:52:568790,0
436.4407,457.2177,3:09:52:572794,0
436.4407,455.0315,3:09:52:575825,0
435.7766,452.5246,3:09:52:579787,0
435.7766,449.6971,3:09:52:583791,0
435.0388,446.6071,3:09:52:587786,0
435.0388,443.1966,3:09:52:592799,0
434.2518,439.6694,3:09:52:596830,0
434.2518,436.1132,3:09:52:599789,0
433.5878,432.6443,3:09:52:603786,0
433.5878,429.2629,3:09:52:607781,0
433.2189,426.0564,3:09:52:611781,0
433.2189,423.0248,3:09:52:615782,0
433.2189,420.1972,3:09:52:620806,0
433.2189,417.632,3:09:52:623781,0
433.8091,415.3583,3:09:52:627781,0
433.8091,413.2304,3:09:52:632781,0
434.7191,411.2482,3:09:52:635779,0
435.2848,409.4992,3:09:52:640814,0
435.8996,407.9834,3:09:52:644785,0
436.5391,406.6133,3:09:52:648788,0
437.2277,405.5056,3:09:52:652825,0
437.9163,404.5728,3:09:52:656787,0
438.5312,403.8733,3:09:52:662788,0
439.146,403.3194,3:09:52:665787,0
439.7362,402.8239,3:09:52:667788,2145
440.1789,402.5032,3:09:52:672786,2134
440.5479,402.2408,3:09:52:675786,2126
440.8676,402.0659,3:09:52:680794,2115
441.0889,401.9785,3:09:52:684806,2104
441.0889,401.8619,3:09:52:687815,2158
441.2119,401.8327,3:09:52:692793,2294
441.2119,401.8327,3:09:52:696783,2502
441.2119,401.8327,3:09:52:702783,2748
441.2119,401.8327,3:09:52:705813,2971
440.5479,401.8327,3:09:52:709786,3132
440.5479,402.8239,3:09:52:716787,3250
439.4657,402.8239,3:09:52:722789,3359
438.7279,403.64,3:09:52:727788,3469
437.7687,403.64,3:09:52:733781,3574
436.6866,404.2813,3:09:52:738804,3679
435.5307,404.2813,3:09:52:740788,3767
434.2764,404.7186,3:09:52:742795,3841
433.0714,404.7186,3:09:52:744789,3906
431.9154,404.7186,3:09:52:747791,3964
430.7841,404.7186,3:09:52:750787,4015
429.825,403.9024,3:09:52:752788,4050
428.9396,403.9024,3:09:52:756786,4087
428.3247,402.9405,3:09:52:760748,4100
427.8083,402.27,3:09:52:764790,4107
427.5378,401.5121,3:09:52:768787,4110
427.4394,400.6959,3:09:52:772792,4102
427.4394,399.7631,3:09:52:775819,4097
427.4394,398.772,3:09:52:780794,4089
428.4477,397.7517,3:09:52:784791,4081
429.1609,396.7607,3:09:52:788812,4075
430.0217,395.8279,3:09:52:791792,4069
431.0055,395.0699,3:09:52:797786,4059
432.0876,394.4286,3:09:52:800792,4048
433.1943,393.9622,3:09:52:804815,4042
434.2273,393.6999,3:09:52:808789,4034
435.211,393.6999,3:09:52:812787,4015
436.1456,393.6999,3:09:52:816811,3967
437.0063,393.6999,3:09:52:820797,3878
437.7442,394.5453,3:09:52:824970,3739
438.4082,395.274,3:09:52:827990,3551
438.9247,396.3234,3:09:52:831985,3295
439.3673,397.5477,3:09:52:835985,2941
439.7362,399.0927,3:09:52:841008,2455
440.0068,400.9874,3:09:52:845008,1774
440.2035,403.057,3:09:52:847984,1074
440.3511,405.3016,3:09:52:851984,505
440.5233,407.721,3:09:52:855984,0
440.7446,410.1988,3:09:52:860458,0
440.9905,412.6765,3:09:52:864482,0
441.3348,415.2126,3:09:52:868488,0
441.7037,417.5446,3:09:52:872478,0
442.2202,419.6725,3:09:52:876480,0
442.7121,421.6839,3:09:52:880496,0
443.2777,423.5204,3:09:52:884458,0
443.8434,425.1527,3:09:52:888483,0
444.4337,426.6685,3:09:52:892489,0
445.0239,427.9803,3:09:52:896450,0
445.6388,429.1172,3:09:52:901497,0
446.3028,430.1665,3:09:52:904488,0
446.9914,430.9828,3:09:52:908364,0
447.7046,431.6241,3:09:52:912387,0
448.4424,432.2071,3:09:52:916386,0
449.1802,432.6735,3:09:52:920400,0
449.9673,432.9358,3:09:52:925388,0
450.705,433.169,3:09:52:928381,0
451.4921,433.1982,3:09:52:932405,0
452.2299,433.1982,3:09:52:936384,0
452.9185,433.1982,3:09:52:940381,0
453.558,433.1982,3:09:52:944384,0
454.0744,433.1982,3:09:52:948383,0
454.5171,432.382,3:09:52:952388,0
454.8368,432.382,3:09:52:956389,0
455.009,432.382,3:09:52:960382,0
455.0582,431.7115,3:09:52:964395,0
455.0582,431.7115,3:09:52:968390,0
455.0582,431.7115,3:09:52:972381,0
455.0582,431.1868,3:09:52:976385,0
454.2711,431.1868,3:09:52:980522,0
454.2711,431.1868,3:09:52:984534,0
453.6071,431.1868,3:09:52:988542,0
453.6071,431.1868,3:09:52:992535,0
453.0415,431.1868,3:09:52:996537,0
453.0415,431.1868,3:09:53:000536,0
453.0415,431.1868,3:09:53:004535,0
452.6234,431.1868,3:09:53:009547,0
452.6234,431.1868,3:09:53:012535,0
452.6234,431.1868,3:09:53:016545,0
452.6234,431.1868,3:09:53:020539,1170
452.6234,431.1868,3:09:53:024535,1177
453.189,431.1868,3:09:53:028539,1243
453.189,431.1868,3:09:53:032534,1428
453.8039,430.4872,3:09:53:036536,1726
453.8039,430.4872,3:09:53:040538,2108
454.5909,429.7876,3:09:53:044533,2524
454.5909,429.7876,3:09:53:048538,2910
455.2795,429.1172,3:09:53:052532,3255
455.2795,429.1172,3:09:53:056578,3568
455.7468,428.505,3:09:53:060532,3852
455.7468,428.505,3:09:53:064532,4102
455.9927,427.9803,3:09:53:068532,4314
455.9927,427.9803,3:09:53:072530,4480
455.9927,427.718,3:09:53:076536,4584
455.9927,427.718,3:09:53:080533,4629
455.9927,427.718,3:09:53:084535,4644
456.1157,427.718,3:09:53:088534,4684
456.1157,427.718,3:09:53:092534,4770
456.1157,427.718,3:09:53:096535,4895
456.1649,429.0588,3:09:53:100533,5019
456.2386,430.0208,3:09:53:104534,5115
456.3124,431.2743,3:09:53:108541,5168
456.337,432.79,3:09:53:113543,5195
456.4354,434.7431,3:09:53:116540,5222
456.5584,437.0168,3:09:53:120535,5232
456.7305,439.4945,3:09:53:124536,5226
456.9519,442.118,3:09:53:128532,5197
457.247,444.8873,3:09:53:132538,5117
457.6159,447.6566,3:09:53:136537,4975
458.0586,450.3966,3:09:53:140540,4762
458.5751,453.0785,3:09:53:144534,4455
459.1161,455.527,3:09:53:148534,4066
459.7064,457.7425,3:09:53:152536,3623
460.2966,459.6955,3:09:53:156535,3134
460.9361,461.4445,3:09:53:160533,2552
461.5755,462.8437,3:09:53:164534,1821
462.2641,463.9806,3:09:53:168539,1100
462.9774,464.8842,3:09:53:172540,506
463.7889,465.4672,3:09:53:177534,0
464.7235,465.817,3:09:53:180536,0
465.8056,465.8753,3:09:53:184536,0
466.9615,465.8753,3:09:53:188539,0
468.1912,465.1465,3:09:53:192534,0
469.5439,464.3595,3:09:53:197534,0
470.9211,463.3684,3:09:53:200534,0
472.3968,462.115,3:09:53:204533,0
473.8232,460.5992,3:09:53:208537,0
475.2988,458.8502,3:09:53:212537,0
476.7253,456.9846,3:09:53:216535,0
478.2009,455.0023,3:09:53:221548,0
479.6027,452.9619,3:09:53:224533,0
480.98,450.9214,3:09:53:228537,0
482.2834,448.8809,3:09:53:233546,0
483.5131,446.8112,3:09:53:236534,0
484.5461,444.9748,3:09:53:240532,0
485.3823,443.1966,3:09:53:244534,0
486.0463,441.4767,3:09:53:248538,0
486.5381,439.8444,3:09:53:253537,0
486.8825,438.3286,3:09:53:256539,0
487.1038,436.871,3:09:53:260533,0
487.153,435.501,3:09:53:264535,0
487.153,434.2184,3:09:53:268536,0
487.153,432.9358,3:09:53:272536,0
487.153,431.7115,3:09:53:276541,1604
487.153,430.6038,3:09:53:280536,1597
487.153,429.671,3:09:53:284536,1619
486.4398,428.8257,3:09:53:288536,1699
486.4398,428.0969,3:09:53:292539,1834
485.9233,427.4556,3:09:53:297539,2017
485.9233,426.9309,3:09:53:300544,2221
485.1609,426.5519,3:09:53:304533,2401
484.7182,426.2604,3:09:53:308533,2549
484.3247,426.0855,3:09:53:312538,2669
483.8575,425.9689,3:09:53:316545,2754
483.3164,425.9398,3:09:53:320532,2822
482.7999,425.9398,3:09:53:324545,2900
482.1359,425.9398,3:09:53:328545,2996
481.4964,425.9398,3:09:53:332532,3121
480.857,427.1349,3:09:53:336562,3257
480.1684,427.8345,3:09:53:340539,3389
479.406,428.709,3:09:53:344553,3511
478.6436,429.8167,3:09:53:348543,3605
477.8812,431.0702,3:09:53:352542,3673
477.1433,432.5569,3:09:53:356543,3722
476.4547,434.0727,3:09:53:360542,3753
475.8153,435.7342,3:09:53:364542,3768
475.2988,437.5706,3:09:53:368542,3781
474.9299,439.4071,3:09:53:372543,3786
474.6594,441.1852,3:09:53:376590,3785
474.5856,442.9342,3:09:53:380541,3790
474.5856,444.5667,3:09:53:384552,3793
474.5856,445.9659,3:09:53:388543,3794
474.5856,447.3359,3:09:53:392536,3798
475.5447,448.4145,3:09:53:396548,3798
475.5447,449.2307,3:09:53:400535,3795
476.4547,449.7845,3:09:53:404548,3798
476.9712,450.1051,3:09:53:408569,3803
477.5122,450.1343,3:09:53:412541,3804
478.0779,450.1343,3:09:53:416543,3812
478.6682,450.1343,3:09:53:420544,3815
479.283,448.8517,3:09:53:424543,3815
479.947,447.8897,3:09:53:428539,3815
480.6848,446.7529,3:09:53:432543,3811
481.4227,445.412,3:09:53:436544,3814
482.1605,443.9545,3:09:53:440545,3816
482.9229,442.3221,3:09:53:444544,3820
483.7345,440.6314,3:09:53:448545,3823
484.4969,438.999,3:09:53:452534,3818
485.1609,437.3374,3:09:53:456531,3816
485.825,435.8217,3:09:53:460531,3814
486.4398,434.4225,3:09:53:464533,3812
486.9808,433.2273,3:09:53:468532,3813
487.4481,432.2362,3:09:53:472533,3814
487.8416,431.4492,3:09:53:476554,3810
488.1367,430.9244,3:09:53:480534,3804
488.3581,430.5746,3:09:53:484534,3797
488.604,430.4289,3:09:53:488534,3791
488.8254,430.4289,3:09:53:492534,3810
488.9975,430.4289,3:09:53:496542,3862
489.1943,431.3034,3:09:53:500535,3926
489.3419,432.003,3:09:53:504534,3996
489.514,432.9649,3:09:53:508534,4074
489.5878,434.1601,3:09:53:512542,4140
489.7354,435.5593,3:09:53:516562,4204
489.7354,437.1917,3:09:53:520534,4264
489.7354,438.999,3:09:53:524545,4308
489.7354,440.8937,3:09:53:528568,4338
489.7354,442.8468,3:09:53:532545,4367
489.7354,444.7707,3:09:53:536545,4401
489.0467,446.6363,3:09:53:540539,4442
489.0467,448.4145,3:09:53:544542,4500
489.0467,450.0468,3:09:53:548542,4574
488.5794,451.3586,3:09:53:552541,4655
488.5794,452.5246,3:09:53:556542,4743
488.5794,453.3699,3:09:53:560532,4846
488.5794,454.0113,3:09:53:564542,4981
488.2351,454.4485,3:09:53:568536,5173
488.2351,454.74,3:09:53:572544,5432
488.2351,454.8566,3:09:53:576541,5723
488.2351,454.8566,3:09:53:580541,5979
488.2351,454.8566,3:09:53:584546,6154
488.2351,454.0404,3:09:53:588544,6240
488.2351,453.3408,3:09:53:592557,6252
488.2351,452.4371,3:09:53:596544,6246
488.9729,451.3003,3:09:53:600545,6237
489.4648,449.7845,3:09:53:604545,6227
490.0305,448.0355,3:09:53:608533,6229
490.8175,446.1407,3:09:53:612545,6215
491.752,444.1877,3:09:53:616544,6212
492.8588,442.2638,3:09:53:620544,6215
494.0638,440.369,3:09:53:624544,6213
495.3427,438.5909,3:09:53:628540,6220
496.72,437.0751,3:09:53:632557,6220
498.1218,435.8217,3:09:53:636546,6216
499.5237,434.8305,3:09:53:640554,6208
500.8763,434.0435,3:09:53:644544,6205
502.229,433.5188,3:09:53:648568,6201
503.4586,433.2564,3:09:53:652546,6198
504.6146,433.2564,3:09:53:656543,6193
505.6721,433.2564,3:09:53:660543,6174
506.705,433.2564,3:09:53:664543,6160
507.5658,434.5682,3:09:53:668542,6140
508.3036,435.4135,3:09:53:672546,6126
508.8693,436.667,3:09:53:676545,6138
509.312,438.2411,3:09:53:680558,6142
509.5579,440.0775,3:09:53:684541,6144
509.6809,442.1764,3:09:53:688534,6130
509.6809,444.5084,3:09:53:694538,6067
509.6809,446.9569,3:09:53:696532,5953
508.9922,449.493,3:09:53:702538,5808
508.9922,452.0291,3:09:53:706532,5617
507.8609,454.4193,3:09:53:708546,5402
507.1231,456.6347,3:09:53:712542,5157
506.2869,458.6169,3:09:53:716545,4862
505.377,460.4825,3:09:53:720542,4491
504.3686,462.0566,3:09:53:724543,3987
503.2865,463.5142,3:09:53:728543,3363
502.1306,464.7968,3:09:53:732533,2535
500.9009,465.8753,3:09:53:736542,1577
499.622,466.779,3:09:53:740543,815
498.3432,467.4785,3:09:53:744539,0
496.9905,467.9449,3:09:53:748542,0
495.6378,468.2073,3:09:53:753545,0
494.2114,468.2073,3:09:53:756533,0
492.8588,468.2073,3:09:53:762545,0
491.5307,467.3911,3:09:53:765534,0
490.2026,466.6332,3:09:53:771536,0
488.8746,465.6712,3:09:53:774537,0
487.4973,464.447,3:09:53:777539,0
486.1938,463.0186,3:09:53:781544,0
484.8904,461.4445,3:09:53:784547,0
483.6361,459.7246,3:09:53:788543,0
482.4802,457.9465,3:09:53:792566,0
481.3489,456.11,3:09:53:796533,0
480.3405,454.2153,3:09:53:800544,0
479.4797,452.2914,3:09:53:804542,0
478.7173,450.455,3:09:53:808542,0
478.1025,448.6185,3:09:53:812543,0
477.5368,446.9278,3:09:53:816544,0
477.0695,445.3828,3:09:53:820544,0
476.5777,443.8962,3:09:53:824546,0
476.1104,442.5553,3:09:53:828537,0
475.6431,441.3018,3:09:53:832557,0
475.1758,440.165,3:09:53:836544,0
474.6348,439.0865,3:09:53:840569,0
474.0937,438.037,3:09:53:844567,0
473.6018,437.0751,3:09:53:848546,0
473.0362,436.2006,3:09:53:852543,0
472.5689,435.2678,3:09:53:857543,0
472.0524,434.335,3:09:53:860546,0
471.4868,433.5188,3:09:53:864536,0
470.8965,432.5277,3:09:53:868542,0
470.3063,431.4783,3:09:53:872546,0
469.6668,430.4289,3:09:53:876241,2668
469.0766,429.3503,3:09:53:880243,2675
468.5109,428.2426,3:09:53:885242,2735
468.0191,427.0767,3:09:53:890242,2840
467.601,425.9106,3:09:53:892264,2984
467.3304,424.5697,3:09:53:896252,3165
467.1337,423.258,3:09:53:900245,3343
467.1091,421.8879,3:09:53:904242,3501
467.1091,420.4305,3:09:53:908244,3654
467.1091,418.798,3:09:53:913251,3768
468.0682,417.0199,3:09:53:916252,3849
468.7323,415.1252,3:09:53:920244,3912
469.5439,413.2012,3:09:53:924242,3957
470.5522,411.2482,3:09:53:928240,3997
471.6589,409.3535,3:09:53:932240,4031
473.0116,407.6336,3:09:53:936246,4059
474.438,406.1178,3:09:53:940240,4070
475.9874,404.7477,3:09:53:944250,4081
477.6106,403.6983,3:09:53:948249,4084
479.2584,402.8239,3:09:53:952248,4083
480.98,402.2117,3:09:53:956262,4084
482.6031,401.9202,3:09:53:960239,4079
484.2263,401.8327,3:09:53:964246,4075
485.7758,401.8327,3:09:53:968259,4077
487.3252,401.8327,3:09:53:972241,4074
488.7516,403.436,3:09:53:976246,4078
490.1042,404.6895,3:09:53:980240,4079
491.3094,406.2927,3:09:53:984243,4074
492.4161,408.2458,3:09:53:988249,4054
493.4736,410.4903,3:09:53:992250,3995
494.4081,413.0555,3:09:53:996242,3854
495.2198,415.7664,3:09:54:000242,3604
495.8838,418.5357,3:09:54:005236,3239
496.4002,421.3341,3:09:54:008254,2709
496.8183,424.0742,3:09:54:013239,1956
497.1381,426.7268,3:09:54:016238,1188
497.2856,429.2629,3:09:54:021245,556
497.3348,431.7115,3:09:54:025280,0
497.384,433.8977,3:09:54:029248,0
497.384,435.9674,3:09:54:033240,0
497.384,437.8622,3:09:54:036243,0
497.4086,439.5237,3:09:54:040243,0
497.5316,440.8937,3:09:54:045262,0
497.7283,442.0306,3:09:54:049265,0
498.0234,442.8468,3:09:54:052248,0
498.4415,443.3423,3:09:54:056243,0
498.9088,443.663,3:09:54:060990,0
499.4991,443.6921,3:09:54:065009,0
500.1139,443.6921,3:09:54:068014,0
500.8025,443.6921,3:09:54:073452,0
501.5403,442.4095,3:09:54:076447,0
502.2536,441.71,3:09:54:080447,0
502.9668,440.8646,3:09:54:084467,0
503.6554,439.9318,3:09:54:088450,0
504.3194,438.9407,3:09:54:092448,0
504.9097,437.8622,3:09:54:096448,0
505.4016,436.6961,3:09:54:100448,0
505.8197,435.5884,3:09:54:104448,0
506.0656,434.5391,3:09:54:109460,0
506.2378,433.4605,3:09:54:112471,0
506.2869,432.4402,3:09:54:116446,0
506.2869,431.5657,3:09:54:120469,0
506.2869,430.7495,3:09:54:125535,0
505.4753,430.05,3:09:54:128568,0
505.4753,429.4669,3:09:54:132582,0
504.2703,429.0005,3:09:54:137105,0
503.557,428.5924,3:09:54:141152,0
502.7455,428.2718,3:09:54:144145,0
501.9338,428.0095,3:09:54:149148,0
501.0977,427.8637,3:09:54:152178,0
500.2615,427.7762,3:09:54:157176,0
499.4745,427.7762,3:09:54:160146,0
498.7121,427.7762,3:09:54:165169,0
498.0726,427.7762,3:09:54:169164,0
497.4578,427.7762,3:09:54:173164,0
496.9659,427.7762,3:09:54:177140,0
496.474,428.5633,3:09:54:180151,0
496.0559,428.5633,3:09:54:185043,0
495.7854,429.1172,3:09:54:189070,0
495.5641,429.1172,3:09:54:193069,0
495.3427,429.1172,3:09:54:196917,864
495.2935,429.7876,3:09:54:199940,867
495.2444,429.7876,3:09:54:204935,870
495.2444,429.7876,3:09:54:207940,898
495.2444,430.1665,3:09:54:212935,978
496.3511,430.1665,3:09:54:216936,1066
497.1381,430.1665,3:09:54:224155,1168
498.2202,430.1665,3:09:54:227199,1266
499.6466,430.1665,3:09:54:229153,1321
501.3928,430.1665,3:09:54:232153,1386
503.4586,429.2921,3:09:54:236151,1462
505.8197,429.2921,3:09:54:240455,1548
508.3774,428.6508,3:09:54:244490,1639
511.0827,428.6508,3:09:54:249473,1736
513.9602,427.8637,3:09:54:252497,1824
516.8868,427.8637,3:09:54:257388,1893
519.8135,427.2224,3:09:54:260424,1965
522.6664,427.2224,3:09:54:265436,2015
525.4209,426.6685,3:09:54:268411,2071
528.0278,426.6685,3:09:54:275416,2139
530.4134,426.3479,3:09:54:279425,2220
532.5776,426.3479,3:09:54:287419,2322
534.4468,426.0855,3:09:54:292409,2436
536.1191,426.0855,3:09:54:296453,2554
537.4718,425.9398,3:09:54:299436,2669
538.6031,425.8524,3:09:54:301414,2780
539.5131,425.8232,3:09:54:302408,2872
540.2263,425.7649,3:09:54:304415,2956
540.792,425.7066,3:09:54:309412,3029
541.2593,425.6775,3:09:54:314412,3089
541.6282,425.6483,3:09:54:317407,3142
541.8741,425.6483,3:09:54:320432,3185
542.0709,425.59,3:09:54:324411,3213
542.1938,425.59,3:09:54:328423,3231
542.2922,425.59,3:09:54:332414,3249
542.366,425.59,3:09:54:336428,3257
542.3906,425.59,3:09:54:340443,3266
542.3906,425.59,3:09:54:344425,3307
542.3906,425.59,3:09:54:348425,3364
542.3906,425.59,3:09:54:352424,3440
542.3906,425.59,3:09:54:359407,3522
542.3906,425.59,3:09:54:362408,3581
542.3906,426.2313,3:09:54:364430,3619
542.3906,426.2313,3:09:54:368426,3640
542.3906,426.2313,3:09:54:372423,3660
542.3906,426.7268,3:09:54:376460,3679
542.3906,426.7268,3:09:54:380464,3718
542.3906,426.7268,3:09:54:384470,3775
542.3906,426.7268,3:09:54:388458,3850
542.3906,426.7268,3:09:54:392458,3936
542.3906,426.7268,3:09:54:396467,4020
542.3906,426.7268,3:09:54:400506,4094
542.3906,426.7268,3:09:54:404471,4146
542.3906,426.7268,3:09:54:408462,4185
542.3906,426.7268,3:09:54:412458,4203
542.3906,426.7268,3:09:54:416487,4212
542.3906,426.7268,3:09:54:420496,4217
542.3906,427.0183,3:09:54:424466,4235
542.3906,427.0183,3:09:54:428486,4274
542.3906,427.3681,3:09:54:432467,4329
542.3906,427.718,3:09:54:436458,4396
542.3906,428.1844,3:09:54:440488,4457
542.3906,428.8548,3:09:54:444459,4505
542.3906,429.6418,3:09:54:448489,4554
542.3906,430.6621,3:09:54:452476,4606
542.3906,431.8572,3:09:54:456458,4666
542.3906,433.3148,3:09:54:460469,4750
542.3906,434.8889,3:09:54:464459,4807
542.3906,436.7836,3:09:54:468458,4859
542.3906,438.8532,3:09:54:472459,4887
542.3906,441.0395,3:09:54:476461,4888
542.3906,443.3423,3:09:54:481467,4899
541.8741,445.6452,3:09:54:484486,4900
541.8741,447.9772,3:09:54:488459,4909
541.8741,450.1051,3:09:54:492459,4916
541.8741,452.2331,3:09:54:496470,4924
541.8741,454.0404,3:09:54:500465,4931
541.8741,455.6145,3:09:54:504484,4938
541.8741,457.0428,3:09:54:510151,4941
541.8741,458.1797,3:09:54:512391,4943
541.8741,459.1125,3:09:54:516391,4947
541.8741,459.8412,3:09:54:520395,4954
541.8741,460.3659,3:09:54:524401,4970
541.8741,460.6574,3:09:54:528410,5003
541.8741,460.8323,3:09:54:532423,5057
541.8741,460.8323,3:09:54:536425,5105
541.8741,460.8323,3:09:54:540396,5147
541.8741,460.8323,3:09:54:544395,5172
541.8741,459.5789,3:09:54:548396,5176
541.8741,458.7336,3:09:54:552395,5168
541.8741,457.6259,3:09:54:556400,5163
541.8741,456.2267,3:09:54:560402,5148
541.8741,454.5068,3:09:54:564422,5132
541.8741,452.5829,3:09:54:568397,5120
541.8741,450.5424,3:09:54:572875,5110
541.8741,448.3853,3:09:54:575869,5119
540.9395,446.2574,3:09:54:579869,5122
540.3493,444.2751,3:09:54:583868,5126
539.5623,442.4095,3:09:54:588888,5134
538.5786,440.8646,3:09:54:592870,5123
537.4226,439.6403,3:09:54:596869,5128
536.1437,438.7366,3:09:54:599868,5144
534.6927,438.2702,3:09:54:604869,5159
533.1925,438.2702,3:09:54:607869,5188
531.6431,438.2702,3:09:54:612869,5208
530.0445,438.2702,3:09:54:616879,5231
528.4459,440.0484,3:09:54:619869,5251
526.9211,441.4476,3:09:54:623869,5264
525.4455,443.1966,3:09:54:628920,5281
524.1174,445.2371,3:09:54:632870,5293
522.8877,447.4525,3:09:54:636891,5303
521.8302,449.8428,3:09:54:640874,5318
520.9694,452.408,3:09:54:644879,5324
520.2808,454.8857,3:09:54:648879,5316
519.9365,457.2469,3:09:54:652879,5273
519.7643,459.4915,3:09:54:656869,5138
519.7643,461.5028,3:09:54:660869,4899
519.7643,463.3684,3:09:54:665869,4507
519.7643,464.9425,3:09:54:668869,3928
520.6497,466.3708,3:09:54:671869,3166
520.6497,467.5077,3:09:54:676869,2088
521.7318,468.4405,3:09:54:680871,1159
522.2729,469.111,3:09:54:684881,450
522.9369,469.519,3:09:54:688869,0
523.5764,469.6648,3:09:54:692869,0
524.265,469.6648,3:09:54:696041,0
525.0274,469.6648,3:09:54:700884,0
525.7898,468.7611,3:09:54:703869,0
526.6506,468.0032,3:09:54:708894,0
527.4622,467.0704,3:09:54:713139,0
528.2983,465.9044,3:09:54:716882,0
529.1099,464.651,3:09:54:719973,0
529.9215,463.2809,3:09:54:723869,0
530.7332,461.8235,3:09:54:727870,0
531.5201,460.3659,3:09:54:735873,0
532.3071,458.9084,3:09:54:738869,0
533.0203,457.5384,3:09:54:740874,0
533.6598,456.2558,3:09:54:743868,0
534.2746,455.119,3:09:54:748891,0
534.7665,454.1862,3:09:54:752869,0
535.16,453.3699,3:09:54:758868,0
535.3813,452.6703,3:09:54:760889,0
535.4797,452.0291,3:09:54:764869,0
535.4797,451.5627,3:09:54:768871,0
535.4797,451.1837,3:09:54:774869,0
535.4797,450.8922,3:09:54:776882,0
534.5452,450.6007,3:09:54:780926,0
534.5452,450.3092,3:09:54:790868,0
533.6352,450.0468,3:09:54:794883,0
533.1679,449.8428,3:09:54:797869,0
532.7006,449.6387,3:09:54:801893,0
532.3071,449.4055,3:09:54:805890,0
531.889,449.1723,3:09:54:807868,0
531.5201,448.9683,3:09:54:809868,0
531.5201,448.7643,3:09:54:812870,0
531.0037,448.5894,3:09:54:816893,0
531.0037,448.4145,3:09:54:821868,0
530.684,448.2104,3:09:54:824881,0
530.684,448.1521,3:09:54:828890,0
530.684,448.123,3:09:54:831868,0
530.684,448.0355,3:09:54:836873,0
530.684,448.0355,3:09:54:840869,0
530.684,448.0355,3:09:54:844872,0
530.684,448.0355,3:09:54:848869,0
530.684,448.0355,3:09:54:852868,0
531.225,448.0355,3:09:54:856868,0
531.225,448.0355,3:09:54:860869,0
531.225,448.0355,3:09:54:864874,0
531.7906,448.0355,3:09:54:868881,0
531.7906,448.0355,3:09:54:871869,0
531.7906,448.0355,3:09:54:876096,0
532.2333,448.0355,3:09:54:879869,0
532.2333,448.0355,3:09:54:883875,0
532.2333,448.0355,3:09:54:887875,0
532.2333,447.4525,3:09:54:892901,0
532.2333,447.4525,3:09:54:895897,0
532.2333,446.782,3:09:54:899878,0
531.6431,446.782,3:09:54:903879,0
531.6431,445.9659,3:09:54:908874,0
530.7577,445.412,3:09:54:912904,0
530.2905,444.7707,3:09:54:916914,0
529.7248,444.0128,3:09:54:920882,0
529.2329,443.2549,3:09:54:924874,0
529.2329,442.6719,3:09:54:927879,0
528.5688,441.9431,3:09:54:931910,0
528.5688,441.331,3:09:54:936040,0
528.2983,440.7772,3:09:54:939875,0
528.2983,440.3399,3:09:54:943874,0
528.2983,439.9318,3:09:54:948896,0
528.2983,439.7569,3:09:54:952878,0
528.2983,439.4071,3:09:54:956921,0
529.0115,439.1156,3:09:54:960894,0
529.0115,438.8532,3:09:54:964902,0
529.0115,438.7075,3:09:54:967888,0
529.0115,438.6201,3:09:54:971880,0
529.0115,438.5617,3:09:54:976873,0
529.0115,438.5617,3:09:54:979880,0
528.4213,438.5617,3:09:54:983870,0
528.4213,438.5617,3:09:54:988874,0
527.5851,438.5617,3:09:54:991869,0
527.5851,438.5617,3:09:54:996890,0
526.749,439.203,3:09:55:000879,0
526.749,439.203,3:09:55:004890,0
526.749,439.203,3:09:55:022881,0
