192.7904,219.4704,4:48:38:530318,0
193.479,219.4704,4:48:38:533309,0
194.389,217.8671,4:48:38:537871,0
195.3728,216.8177,4:48:38:541906,0
196.3565,215.4768,4:48:38:545920,0
197.1435,213.8736,4:48:38:549897,0
198.1027,211.9496,4:48:38:552930,0
199.1848,209.9091,4:48:38:556898,0
200.0702,207.6938,4:48:38:561895,0
200.0702,205.9739,4:48:38:564904,0
200.0702,204.254,4:48:38:569915,0
200.0702,202.6508,4:48:38:572904,0
199.234,201.1933,4:48:38:578058,0
198.6437,199.8232,4:48:38:581068,0
197.8075,198.7738,4:48:38:585068,0
196.6516,197.841,4:48:38:589070,0
195.5449,197.0248,4:48:38:593072,0
194.266,196.4127,4:48:38:597067,0
193.0855,196.0046,4:48:38:601811,0
192.028,195.7714,4:48:38:604823,0
191.0197,195.7714,4:48:38:608811,0
190.2081,195.7714,4:48:38:612813,0
189.4211,195.7714,4:48:38:617702,0
188.8308,196.7042,4:48:38:621697,0
188.3635,196.7042,4:48:38:624825,0
187.9946,198.0742,4:48:38:628824,0
187.6995,198.9196,4:48:38:633823,0
187.5273,199.8524,4:48:38:638015,0
187.5273,200.9018,4:48:38:641023,0
187.429,202.0095,4:48:38:645024,0
187.429,203.1172,4:48:38:649028,0
187.429,204.2832,4:48:38:653024,0
187.429,205.4783,4:48:38:657024,0
188.2652,206.6735,4:48:38:661533,0
188.2652,207.7812,4:48:38:665706,0
189.2981,208.8015,4:48:38:669063,0
190.0113,209.7634,4:48:38:673066,0
190.8967,210.5796,4:48:38:677063,0
191.8559,211.3958,4:48:38:681064,0
193.0117,212.0079,4:48:38:685700,0
194.2414,212.4452,4:48:38:690021,0
195.5941,212.7367,4:48:38:693029,0
197.1189,212.8824,4:48:38:697029,0
198.7175,212.8824,4:48:38:701029,0
200.2915,212.8824,4:48:38:705038,0
201.8409,212.8824,4:48:38:709702,0
203.4641,212.0663,4:48:38:713710,0
205.0873,212.0663,4:48:38:717704,0
206.5383,210.8711,4:48:38:721714,0
208.0139,210.2298,4:48:38:725714,0
209.3666,209.4427,4:48:38:729714,0
210.5225,208.6266,4:48:38:733712,0
211.58,207.6938,4:48:38:737841,0
212.613,206.761,4:48:38:740851,0
213.4246,205.799,4:48:38:744853,0
214.0148,204.8371,4:48:38:748851,0
214.5313,203.9334,4:48:38:752851,0
214.851,203.0298,4:48:38:756851,0
215.0477,202.1552,4:48:38:761663,0
215.0969,201.2516,4:48:38:764673,0
215.0969,200.4937,4:48:38:768673,0
215.0969,199.7066,4:48:38:773704,0
215.0969,198.9487,4:48:38:777714,0
214.1378,198.3074,4:48:38:781714,0
214.1378,197.6662,4:48:38:785714,0
213.0311,197.0831,4:48:38:788713,0
212.4162,196.5585,4:48:38:793715,0
211.7276,196.1212,4:48:38:797714,0
210.916,195.6548,4:48:38:800714,0
210.1782,195.3342,4:48:38:805674,0
209.2928,195.0718,4:48:38:809639,0
208.555,194.8969,4:48:38:813647,0
207.7434,194.7511,4:48:38:817655,0
206.8826,194.6929,4:48:38:821656,0
206.0464,194.6929,4:48:38:825648,0
205.2348,194.6929,4:48:38:829648,0
204.3495,194.6929,4:48:38:833669,0
203.5133,194.6929,4:48:38:837649,0
202.7263,195.4216,4:48:38:841664,0
201.8901,195.4216,4:48:38:845892,0
201.1031,196.0338,4:48:38:849901,0
200.4145,196.0338,4:48:38:852905,0
199.7996,196.675,4:48:38:856905,0
199.1848,196.675,4:48:38:861908,0
198.7175,197.2289,4:48:38:864916,0
198.2748,197.2289,4:48:38:869569,0
197.9797,197.7536,4:48:38:873580,0
197.7092,197.7536,4:48:38:877551,0
197.5616,198.0742,4:48:38:881561,0
197.4878,198.0742,4:48:38:885561,0
197.4878,198.0742,4:48:38:889561,0
197.4878,198.0742,4:48:38:893561,0
197.4878,198.0742,4:48:38:897561,0
197.4878,198.0742,4:48:38:901732,0
198.2256,198.0742,4:48:38:904742,0
198.2256,197.3455,4:48:38:908742,0
198.8897,197.3455,4:48:38:913748,0
198.8897,196.5585,4:48:38:917755,0
199.6029,196.5585,4:48:38:920756,0
200.021,195.7422,4:48:38:925755,0
200.3899,195.305,4:48:38:928754,0
200.808,195.305,4:48:38:933756,0
201.1769,194.4597,4:48:38:936785,0
201.4474,194.0807,4:48:38:941701,0
201.6933,193.6434,4:48:38:945713,0
201.6933,193.0896,4:48:38:948723,0
201.9885,192.4774,4:48:38:953525,1036
201.9885,191.8653,4:48:38:957535,1035
201.9885,191.1949,4:48:38:961536,1039
201.9885,190.5535,4:48:38:965536,1059
201.9885,189.9997,4:48:38:969539,1125
201.9885,189.4167,4:48:38:973100,1232
201.2999,188.9794,4:48:38:977100,1369
201.2999,188.6297,4:48:38:981102,1506
201.2999,188.4547,4:48:38:985100,1621
201.2999,188.3382,4:48:38:989103,1693
200.8817,188.309,4:48:38:993105,1745
200.8817,188.2507,4:48:38:997424,1770
200.8817,188.2507,4:48:39:001432,1763
200.8817,188.2507,4:48:39:005404,1759
200.8817,188.2507,4:48:39:009404,1756
200.8817,188.2507,4:48:39:013641,1790
200.8817,188.9211,4:48:39:016810,1843
200.8817,188.9211,4:48:39:021634,1920
200.8817,190.0289,4:48:39:025632,1988
200.8817,190.845,4:48:39:029650,2045
200.8817,191.9236,4:48:39:033641,2100
200.8817,193.177,4:48:39:037633,2137
200.8817,194.6346,4:48:39:041691,2175
200.8817,196.2378,4:48:39:045701,2207
200.8817,197.8994,4:48:39:049270,2231
200.8817,199.6775,4:48:39:053188,2256
200.8817,201.5139,4:48:39:057187,2274
200.8817,203.4379,4:48:39:061188,2292
200.8817,205.5075,4:48:39:065167,2312
200.8817,207.6646,4:48:39:069177,2331
200.8817,209.88,4:48:39:073694,2354
201.6196,212.212,4:48:39:077704,2370
201.6196,214.748,4:48:39:081704,2386
202.5049,217.3716,4:48:39:084704,2404
203.1198,219.9951,4:48:39:089862,2419
203.8084,222.6477,4:48:39:093870,2437
204.6692,225.2421,4:48:39:096828,2454
205.7759,227.7198,4:48:39:100838,2470
207.0548,230.1684,4:48:39:104838,2487
208.5796,232.3255,4:48:39:109838,2501
210.3012,234.2785,4:48:39:113567,2517
212.2195,235.9693,4:48:39:117577,2529
214.3345,237.5434,4:48:39:121167,2537
216.6955,238.8259,4:48:39:125177,2548
219.1303,239.9919,4:48:39:129180,2557
221.6635,240.9539,4:48:39:134176,2568
224.295,241.7118,4:48:39:137642,2581
226.9511,242.3822,4:48:39:141652,2588
229.6073,242.8195,4:48:39:145695,2595
232.4355,243.0818,4:48:39:149703,2599
235.3376,243.1693,4:48:39:153705,2599
238.3134,243.1693,4:48:39:157703,2601
241.4368,243.1693,4:48:39:161720,2596
244.5848,242.3239,4:48:39:164730,2595
247.8066,241.6243,4:48:39:169689,2595
251.053,240.7207,4:48:39:173689,2591
254.2994,239.613,4:48:39:177689,2598
257.4966,238.3595,4:48:39:181689,2600
260.497,236.8729,4:48:39:185632,2599
263.4236,235.2113,4:48:39:189322,2600
266.2765,233.3166,4:48:39:193081,2592
268.9818,231.2178,4:48:39:197014,2583
271.6134,228.9149,4:48:39:201014,2574
274.0728,226.4664,4:48:39:205017,2576
276.3846,223.9886,4:48:39:209360,2579
278.475,221.3942,4:48:39:213367,2584
280.4425,218.7416,4:48:39:217383,2593
282.1887,216.1181,4:48:39:221369,2596
283.6889,213.5529,4:48:39:225369,2595
284.9432,211.046,4:48:39:229367,2598
285.9761,208.5974,4:48:39:233789,2607
286.8615,206.1779,4:48:39:237797,2624
287.5501,203.7294,4:48:39:241287,2651
288.0912,201.3099,4:48:39:245295,2692
288.5585,198.8904,4:48:39:249424,2743
288.952,196.471,4:48:39:253297,2796
289.2225,194.0515,4:48:39:257324,2848
289.4438,191.6613,4:48:39:261295,2902
289.5914,189.271,4:48:39:264862,2955
289.6652,187.1138,4:48:39:268873,3008
289.6898,185.1608,4:48:39:272873,3071
289.6898,183.3535,4:48:39:276873,3131
289.6898,181.7502,4:48:39:281696,3188
289.6898,180.3802,4:48:39:285706,3249
289.6898,179.2725,4:48:39:289473,3308
289.6898,178.3689,4:48:39:293473,3360
289.6898,177.7567,4:48:39:297511,3402
289.1241,177.2029,4:48:39:301474,3429
289.1241,176.7948,4:48:39:305630,3447
289.1241,176.5033,4:48:39:309482,3453
289.1241,176.2701,4:48:39:313481,3458
289.1241,176.1534,4:48:39:317482,3456
289.1241,176.1243,4:48:39:321612,3450
289.1241,176.0952,4:48:39:325620,3441
288.829,176.0952,4:48:39:329620,3429
288.829,176.0952,4:48:39:333674,3416
288.829,176.0952,4:48:39:337691,3400
288.829,176.8239,4:48:39:341684,3399
288.829,176.8239,4:48:39:345685,3406
288.829,178.0482,4:48:39:349689,3413
288.829,179.0393,4:48:39:352697,3429
288.829,180.3802,4:48:39:357729,3440
288.829,182.0709,4:48:39:361729,3451
288.829,184.0822,4:48:39:365691,3473
288.829,186.4434,4:48:39:369725,3496
288.829,189.0669,4:48:39:373637,3526
288.829,191.9527,4:48:39:377313,3562
288.829,195.101,4:48:39:381362,3605
289.3209,198.3658,4:48:39:385313,3647
289.3209,201.7763,4:48:39:389690,3683
289.3209,205.3326,4:48:39:393698,3725
289.3209,209.2095,4:48:39:397345,3759
289.5914,213.4655,4:48:39:401314,3787
289.5914,217.9837,4:48:39:405313,3818
289.5914,222.7352,4:48:39:409313,3838
289.8373,227.6906,4:48:39:413564,3853
289.8373,232.9085,4:48:39:417098,3884
290.1325,238.3595,4:48:39:421120,3906
290.3538,244.1313,4:48:39:425098,3926
290.6244,249.9904,4:48:39:429187,3946
290.9441,255.7038,4:48:39:434113,3950
291.313,261.3881,4:48:39:437638,3951
291.731,266.9557,4:48:39:441648,3952
292.1492,272.5233,4:48:39:445778,3962
292.641,277.887,4:48:39:448766,3974
293.1329,283.1923,4:48:39:453767,3988
293.6986,288.1186,4:48:39:456766,3997
294.215,292.6952,4:48:39:461692,3995
294.8053,297.0385,4:48:39:465702,3975
295.3709,301.032,4:48:39:469010,3922
295.9366,304.7341,4:48:39:472962,3828
296.5023,308.0572,4:48:39:476965,3672
297.0679,311.0597,4:48:39:480971,3461
297.5844,313.6248,4:48:39:485719,3203
298.1008,315.7237,4:48:39:488708,2893
298.5435,317.5018,4:48:39:493058,2518
298.8878,318.901,4:48:39:497016,2013
299.183,319.9796,4:48:39:501027,1428
299.4043,320.7666,4:48:39:505018,833
299.5519,321.1747,4:48:39:509807,369
299.6011,321.2913,4:48:39:512818,0
299.6011,321.2913,4:48:39:516817,0
299.6011,320.4168,4:48:39:521818,0
299.6011,319.4548,4:48:39:524818,0
298.8141,318.2014,4:48:39:529601,0
298.8141,316.569,4:48:39:533609,0
297.7565,314.6451,4:48:39:537636,0
297.1171,312.4297,4:48:39:540885,0
296.4777,309.9519,4:48:39:545069,0
295.789,307.3285,4:48:39:551066,0
295.1004,304.4717,4:48:39:553066,0
294.4118,301.6151,4:48:39:557066,0
293.8215,298.6709,4:48:39:562069,0
293.2313,295.6101,4:48:39:565843,0
292.6902,292.5494,4:48:39:568853,0
292.1492,289.5469,4:48:39:573053,0
291.6081,286.5445,4:48:39:578079,0
291.1654,283.6295,4:48:39:581080,0
290.7473,280.7728,4:48:39:585234,0
290.403,278.0035,4:48:39:589133,0
290.1079,275.4092,4:48:39:593132,0
289.9111,272.9897,4:48:39:597132,0
289.7144,270.716,4:48:39:601692,0
289.5668,268.5881,4:48:39:604723,0
289.5176,266.6059,4:48:39:609115,0
289.3209,264.7986,4:48:39:614009,0
289.1733,263.0204,4:48:39:617008,0
288.8782,261.4464,4:48:39:622008,0
288.5585,259.9597,4:48:39:625009,0
288.2141,258.5897,4:48:39:629607,0
287.8452,257.4528,4:48:39:633616,0
287.378,256.4617,4:48:39:637709,0
286.8861,255.6163,4:48:39:640708,0
286.3942,254.8876,4:48:39:645709,0
285.8777,254.392,4:48:39:649724,0
285.3859,253.8965,4:48:39:654117,0
284.894,253.5175,4:48:39:657125,0
284.3775,253.2843,4:48:39:661193,0
283.8611,252.9054,4:48:39:665194,0
283.3938,252.5556,4:48:39:669193,0
282.9511,252.235,4:48:39:673194,0
282.5822,251.9143,4:48:39:677687,0
282.2625,251.5354,4:48:39:681206,0
282.0411,251.1564,4:48:39:685258,0
281.9182,250.7483,4:48:39:689259,0
281.9182,250.3402,4:48:39:693258,0
281.9182,249.903,4:48:39:697261,0
281.9182,249.4657,4:48:39:701752,0
281.9182,248.9118,4:48:39:704752,0
282.7789,248.358,4:48:39:709644,0
282.7789,247.6875,4:48:39:713325,0
283.6643,246.9879,4:48:39:717603,0
284.2054,246.2009,4:48:39:721614,0
284.7464,245.3264,4:48:39:725613,0
285.3613,244.4519,4:48:39:729667,0
285.9515,243.5482,4:48:39:733615,0
286.5664,242.5863,4:48:39:737571,0
287.1566,241.6535,4:48:39:741647,0
287.7469,240.7498,4:48:39:745624,0
288.3617,239.9337,4:48:39:749625,0
288.8782,239.1758,4:48:39:753694,0
289.3209,238.5345,4:48:39:757704,0
289.6898,237.9514,4:48:39:761704,0
290.0587,237.4267,4:48:39:764704,0
290.2554,236.8438,4:48:39:769702,0
290.3784,236.1733,4:48:39:773705,1434
290.3784,235.4737,4:48:39:777697,1469
290.3784,234.7741,4:48:39:781709,1535
290.3784,234.1037,4:48:39:785708,1622
290.3784,233.4623,4:48:39:789709,1706
289.5668,232.8793,4:48:39:793707,1765
289.5668,232.3838,4:48:39:797725,1807
288.829,232.2381,4:48:39:801643,1848
288.3125,232.2381,4:48:39:805676,1931
287.7469,232.2381,4:48:39:808624,2024
287.0091,233.4915,4:48:39:812999,2119
286.0991,234.5409,4:48:39:816999,2210
285.017,235.8818,4:48:39:820999,2287
283.7381,237.6017,4:48:39:825292,2365
282.2625,239.6422,4:48:39:829305,2434
280.6393,242.0907,4:48:39:833676,2486
278.8193,244.9183,4:48:39:836713,2532
276.8518,248.1539,4:48:39:841713,2563
274.9089,251.9143,4:48:39:845729,2584
272.8676,255.9662,4:48:39:849712,2610
270.7772,260.3095,4:48:39:853714,2616
268.6129,264.8569,4:48:39:857713,2618
266.4487,269.6083,4:48:39:861714,2622
264.2353,274.4472,4:48:39:865700,2629
262.0464,279.4902,4:48:39:869722,2641
259.8576,284.504,4:48:39:874191,2648
257.5949,289.5178,4:48:39:877191,2654
255.3077,294.4733,4:48:39:881311,2628
252.9713,299.2831,4:48:39:885238,2574
250.6595,303.9179,4:48:39:889238,2495
248.3723,308.407,4:48:39:893237,2373
246.208,312.5463,4:48:39:897680,2219
244.1422,316.3941,4:48:39:901690,2014
242.2976,319.6589,4:48:39:904799,1692
240.7482,322.6031,4:48:39:908801,1259
239.4939,325.1974,4:48:39:912798,777
238.5594,327.3836,4:48:39:916816,370
237.9445,329.2492,4:48:39:920795,0
237.551,330.7068,4:48:39:924813,0
237.4772,331.7561,4:48:39:929647,0
237.4772,332.2809,4:48:39:933672,0
237.4772,332.3391,4:48:39:937656,0
238.6332,332.3391,4:48:39:941660,0
239.3464,330.8817,4:48:39:945656,0
240.2072,329.3076,4:48:39:949643,0
241.2893,327.2671,4:48:39:953677,0
242.4698,324.7602,4:48:39:957636,0
243.7733,321.9034,4:48:39:961649,0
245.2243,318.7552,4:48:39:965647,0
246.7983,315.3447,4:48:39:969644,0
248.569,311.4969,4:48:39:973644,0
250.4628,307.445,4:48:39:977646,0
252.5286,303.2183,4:48:39:981686,0
254.865,298.7292,4:48:39:985696,0
257.4474,294.0652,4:48:39:989696,0
260.1773,289.2846,4:48:39:993696,0
263.1039,284.3582,4:48:39:997696,0
266.2765,279.4902,4:48:40:001697,0
269.5475,274.5347,4:48:40:005687,0
273.0398,269.6958,4:48:40:009685,0
276.7289,264.682,4:48:40:012688,0
280.4425,259.7556,4:48:40:017692,0
284.4267,254.9459,4:48:40:021208,0
288.4355,250.1944,4:48:40:025272,0
292.5673,245.6179,4:48:40:029206,0
296.699,241.1579,4:48:40:033231,0
300.757,237.0186,4:48:40:037206,0
304.692,232.9959,4:48:40:041607,0
308.4302,229.4688,4:48:40:045624,0
311.9963,226.2332,4:48:40:049617,0
315.2673,223.2016,4:48:40:053618,0
318.3907,220.3157,4:48:40:057618,0
321.096,217.7796,4:48:40:061627,0
323.5554,215.3893,4:48:40:065618,0
325.6212,213.378,4:48:40:069694,0
327.3428,211.629,4:48:40:072704,0
328.6955,210.1423,4:48:40:076702,0
329.7284,208.918,4:48:40:080702,0
330.3679,208.1019,4:48:40:085704,0
330.7614,207.6646,4:48:40:088704,0
330.8597,207.4314,4:48:40:094441,0
330.8597,207.4314,4:48:40:098445,0
330.8597,207.4314,4:48:40:101445,0
330.0481,208.1893,4:48:40:105446,0
330.0481,208.1893,4:48:40:109624,0
329.089,209.4136,4:48:40:113651,0
328.5233,210.1715,4:48:40:117013,0
327.8593,211.1043,4:48:40:121025,0
327.269,212.0663,4:48:40:125023,0
326.7034,213.1448,4:48:40:129022,0
326.1869,214.1651,4:48:40:133022,0
325.7196,215.1853,4:48:40:137091,0
325.2769,216.1472,4:48:40:141107,0
324.8834,217.1092,4:48:40:145690,0
324.6129,217.9254,4:48:40:149701,0
324.3916,218.625,4:48:40:153701,0
324.3916,219.1788,4:48:40:157700,0
324.1702,219.5578,4:48:40:161701,0
324.1702,219.8201,4:48:40:165643,0
324.1702,219.9076,4:48:40:168837,0
324.1702,219.9076,4:48:40:173693,0
324.8589,219.9076,4:48:40:176704,0
324.8589,219.1788,4:48:40:180853,0
325.5229,219.1788,4:48:40:184861,0
325.5229,218.042,4:48:40:190008,0
326.2607,217.2258,4:48:40:193011,0
326.6788,216.293,4:48:40:197048,0
327.0477,215.2436,4:48:40:201008,0
327.392,214.2233,4:48:40:205691,0
327.7363,213.1156,4:48:40:209912,0
328.0806,211.8331,4:48:40:212921,0
328.4003,210.6379,4:48:40:216922,0
328.6463,209.4719,4:48:40:220923,0
328.9168,208.3934,4:48:40:224922,0
329.1382,207.4314,4:48:40:228923,0
329.3841,206.5569,4:48:40:232923,0
329.7038,205.7115,4:48:40:236924,0
329.9989,204.9536,4:48:40:240930,0
330.1957,204.3415,4:48:40:244923,0
330.54,203.7294,4:48:40:248923,0
331.0073,203.2338,4:48:40:252923,0
331.5237,202.7674,4:48:40:257731,0
332.114,202.4176,4:48:40:260737,0
332.8026,202.1552,4:48:40:265860,0
333.4912,201.922,4:48:40:268870,0
334.3029,201.8055,4:48:40:272873,0
335.139,201.7763,4:48:40:276871,0
335.9752,201.7763,4:48:40:280952,0
336.6638,201.7763,4:48:40:284870,0
337.3033,201.7763,4:48:40:289646,0
337.7214,201.7763,4:48:40:292969,0
338.0165,201.7763,4:48:40:296969,2124
338.1641,201.7763,4:48:40:300966,2120
338.1641,201.7763,4:48:40:305966,2111
338.1641,201.135,4:48:40:308966,2106
338.1641,201.135,4:48:40:313697,2098
338.1641,200.5811,4:48:40:316707,2092
337.3279,200.5811,4:48:40:320705,2091
337.3279,200.5811,4:48:40:325350,2086
336.6638,200.5811,4:48:40:329361,2084
336.6638,201.3974,4:48:40:333709,2097
335.9506,201.3974,4:48:40:336722,2119
335.5571,202.7674,4:48:40:341721,2158
335.1144,203.7294,4:48:40:344720,2216
334.6718,204.8954,4:48:40:349717,2265
334.2537,206.2071,4:48:40:353718,2315
333.8847,207.7229,4:48:40:357642,2353
333.6142,209.4427,4:48:40:361017,2386
333.6142,211.2792,4:48:40:365687,2418
333.4175,213.4072,4:48:40:368698,2443
333.4175,215.7683,4:48:40:373697,2468
333.4175,218.246,4:48:40:377697,2484
334.2537,220.8696,4:48:40:381938,2506
334.8931,223.5805,4:48:40:384960,2536
335.7293,226.2914,4:48:40:388906,2559
336.7868,228.9441,4:48:40:392855,2582
338.1395,231.5676,4:48:40:396856,2603
339.6889,233.9579,4:48:40:400884,2615
341.5334,236.0858,4:48:40:405688,2634
343.6731,237.9806,4:48:40:409698,2650
345.9849,239.5838,4:48:40:412758,2663
348.5672,240.8956,4:48:40:417717,2679
351.3709,241.9158,4:48:40:421698,2692
354.3713,242.6446,4:48:40:425697,2708
357.6177,243.0818,4:48:40:429508,2721
361.0609,243.1985,4:48:40:433520,2733
364.6515,243.1985,4:48:40:437637,2741
368.4144,243.1985,4:48:40:441648,2747
372.251,241.7993,4:48:40:445647,2752
376.1614,240.7207,4:48:40:449657,2753
379.998,239.3506,4:48:40:453645,2754
383.8101,237.7182,4:48:40:457652,2756
387.4254,235.7361,4:48:40:461634,2762
390.8685,233.4623,4:48:40:465046,2772
394.0902,230.9554,4:48:40:469689,2790
397.0169,228.2153,4:48:40:473700,2819
399.6484,225.3878,4:48:40:477699,2845
401.9111,222.4728,4:48:40:481700,2867
403.854,219.4995,4:48:40:485699,2887
405.428,216.5553,4:48:40:489699,2895
406.6085,213.6695,4:48:40:493688,2905
407.4447,210.8419,4:48:40:497699,2906
407.9611,208.1019,4:48:40:501024,2907
408.1579,205.4783,4:48:40:505035,2905
408.1579,202.8548,4:48:40:509037,2901
408.1579,200.3771,4:48:40:513034,2904
408.1579,198.0451,4:48:40:517032,2906
407.2971,195.888,4:48:40:521034,2910
407.2971,193.935,4:48:40:525343,2919
406.4855,192.2151,4:48:40:529356,2923
406.4855,190.7867,4:48:40:533909,2923
405.6739,189.6207,4:48:40:536917,2921
405.6739,188.7462,4:48:40:540939,2914
405.0345,188.1049,4:48:40:544923,2909
405.0345,187.6677,4:48:40:549680,2897
404.6656,187.4053,4:48:40:553690,2869
404.6656,187.2596,4:48:40:557958,2808
404.6656,187.2013,4:48:40:561957,2717
404.3459,187.2013,4:48:40:564957,2603
404.3459,187.2013,4:48:40:568957,2473
404.3459,187.2013,4:48:40:573692,2344
404.3459,187.2013,4:48:40:577718,2194
404.3459,188.1049,4:48:40:581035,2001
404.3459,188.1049,4:48:40:585038,1761
404.3459,189.0086,4:48:40:589039,1455
404.9115,189.5625,4:48:40:594038,1094
404.9115,190.1454,4:48:40:597174,683
405.7723,190.7867,4:48:40:601183,353
406.2888,191.3406,4:48:40:605184,0
406.9528,191.8945,4:48:40:609184,0
407.666,192.3317,4:48:40:613637,0
408.453,192.7106,4:48:40:618265,0
409.24,193.0313,4:48:40:621686,0
410.0024,193.2937,4:48:40:625694,0
410.7894,193.4977,4:48:40:629694,0
411.5518,193.6726,4:48:40:633697,0
412.265,193.8183,4:48:40:637763,0
412.9782,193.935,4:48:40:641282,0
413.7161,194.1098,4:48:40:645687,0
414.5522,194.2556,4:48:40:649698,0
415.4376,194.4597,4:48:40:653699,0
416.4706,194.6637,4:48:40:656698,0
417.6265,194.9261,4:48:40:661698,0
418.9791,195.2175,4:48:40:665697,0
420.4055,195.4799,4:48:40:669690,0
422.0042,195.8297,4:48:40:672700,0
423.8241,196.1503,4:48:40:677747,0
425.7178,196.471,4:48:40:680749,0
427.6853,196.8499,4:48:40:684971,0
429.7512,197.1414,4:48:40:688981,0
431.8662,197.433,4:48:40:692994,0
434.0059,197.6953,4:48:40:696981,0
436.2439,197.9576,4:48:40:701688,0
438.4574,198.1617,4:48:40:705698,0
440.6954,198.3366,4:48:40:709035,0
442.958,198.4823,4:48:40:713035,0
445.3436,198.5698,4:48:40:717100,0
447.6554,198.5698,4:48:40:721071,0
449.8443,198.5698,4:48:40:726081,0
451.9594,198.5698,4:48:40:730087,0
453.9514,198.5698,4:48:40:733632,0
455.8452,198.5698,4:48:40:737089,0
457.4684,198.5698,4:48:40:741632,0
458.821,197.6953,4:48:40:745642,0
459.9031,197.6953,4:48:40:749642,0
460.7147,197.6953,4:48:40:753644,0
461.4034,197.1414,4:48:40:757642,0
461.7968,197.1414,4:48:40:761494,0
462.0182,197.1414,4:48:40:765781,0
462.0428,197.1414,4:48:40:768791,0
462.0428,196.471,4:48:40:773789,0
462.0428,196.1212,4:48:40:776792,2414
462.0428,195.7422,4:48:40:780868,2449
461.4034,195.3342,4:48:40:784789,2494
461.4034,194.9261,4:48:40:789770,2548
461.4034,194.5471,4:48:40:792882,2593
460.8377,194.139,4:48:40:796884,2606
460.8377,193.935,4:48:40:800878,2607
460.8377,193.935,4:48:40:805887,2609
460.8377,193.935,4:48:40:808910,2640
460.8377,194.7803,4:48:40:812849,2698
460.518,195.509,4:48:40:816860,2774
460.518,196.5293,4:48:40:820859,2856
460.518,197.8119,4:48:40:825860,2926
460.518,199.4151,4:48:40:829526,2976
460.3212,201.3099,4:48:40:833537,3015
460.3212,203.4087,4:48:40:837868,3054
460.1736,205.8573,4:48:40:840874,3106
460.1736,208.5391,4:48:40:845704,3176
460.0507,211.7456,4:48:40:848712,3255
459.9523,215.2436,4:48:40:853147,3332
459.8293,219.1497,4:48:40:857149,3396
459.6818,223.3181,4:48:40:861147,3440
459.5834,227.8073,4:48:40:865149,3472
459.485,232.5004,4:48:40:869146,3492
459.4604,237.3976,4:48:40:873146,3521
459.3867,242.6446,4:48:40:877845,3546
459.3621,248.0082,4:48:40:880855,3569
459.2883,253.4592,4:48:40:885552,3592
459.2883,258.7937,4:48:40:889431,3598
459.2883,264.0407,4:48:40:893513,3600
459.2883,269.2003,4:48:40:897432,3605
459.2883,274.1558,4:48:40:901430,3608
460.149,278.9363,4:48:40:905435,3619
460.149,283.338,4:48:40:909627,3631
461.182,287.3607,4:48:40:913637,3638
461.8952,291.0627,4:48:40:917637,3639
462.6822,294.5608,4:48:40:921636,3615
463.543,297.7672,4:48:40:925637,3561
464.5268,300.6823,4:48:40:929638,3461
465.4859,303.3349,4:48:40:933676,3313
466.4451,305.696,4:48:40:937680,3106
467.4288,307.6199,4:48:40:941692,2834
468.3634,309.1357,4:48:40:945699,2479
469.2733,310.2726,4:48:40:949684,1942
470.1095,311.0305,4:48:40:952695,1262
470.8965,311.3511,4:48:40:957727,677
471.5851,311.3803,4:48:40:960746,0
472.2,311.3803,4:48:40:965726,0
472.7903,310.2434,4:48:40:969728,0
473.3313,309.0191,4:48:40:973686,0
473.897,307.445,4:48:40:976696,0
474.438,305.3463,4:48:40:981685,0
475.1021,302.8685,4:48:40:984696,0
475.8891,300.1284,4:48:40:989696,0
476.8974,297.0677,4:48:40:993707,0
478.1763,293.7737,4:48:40:997696,0
479.7257,290.334,4:48:41:001709,0
481.5948,286.836,4:48:41:005742,0
483.8083,283.338,4:48:41:008739,0
486.3168,279.8983,4:48:41:013733,0
488.9975,276.5461,4:48:41:016739,0
491.9488,273.223,4:48:41:021738,0
495.023,269.929,4:48:41:024739,0
498.1218,266.6642,4:48:41:029747,0
501.196,263.4868,4:48:41:032753,0
504.3686,260.3387,4:48:41:037730,0
507.3936,257.1613,4:48:41:040728,0
510.2957,254.1006,4:48:41:045729,0
513.1732,251.1564,4:48:41:048727,0
515.9523,248.2122,4:48:41:053732,0
518.6576,245.4722,4:48:41:057759,0
521.3383,242.9361,4:48:41:060788,0
523.9207,240.4875,4:48:41:064796,0
526.2571,238.2721,4:48:41:068798,0
528.5197,236.2025,4:48:41:073798,0
530.684,234.2785,4:48:41:077687,0
532.6514,232.5004,4:48:41:081088,0
534.4222,230.868,4:48:41:085111,0
535.947,229.4688,4:48:41:089079,0
537.2997,228.0113,4:48:41:093045,0
538.3572,226.7287,4:48:41:097058,0
539.095,225.5918,4:48:41:101639,0
539.6606,224.5716,4:48:41:105192,0
539.9558,223.5805,4:48:41:109690,0
539.9558,222.7934,4:48:41:114069,0
539.9558,222.0938,4:48:41:118788,0
538.972,221.4817,4:48:41:121787,0
538.0129,221.0153,4:48:41:124786,0
536.8816,220.7238,4:48:41:128789,0
535.6273,220.5489,4:48:41:133789,0
534.1763,220.374,4:48:41:136818,0
532.676,220.2865,4:48:41:141691,0
531.0529,220.2574,4:48:41:145701,0
529.4542,220.1991,4:48:41:149694,0
527.8557,220.1991,4:48:41:153703,0
526.2571,220.17,4:48:41:157646,0
524.7076,220.1408,4:48:41:160904,0
523.2075,220.0533,4:48:41:165731,0
521.781,219.9659,4:48:41:169732,0
520.4037,219.8493,4:48:41:173731,0
519.1249,219.6161,4:48:41:177740,0
517.9198,219.412,4:48:41:181689,0
516.7639,219.0914,4:48:41:185207,0
515.7064,218.7999,4:48:41:189578,0
514.7718,218.3918,4:48:41:193589,0
513.8372,217.8671,4:48:41:197627,0
513.001,217.1092,4:48:41:201588,0
512.1895,216.1472,4:48:41:205682,1914
511.3778,215.0396,4:48:41:208716,1905
510.64,213.8444,4:48:41:213055,1899
510.099,212.5035,4:48:41:217066,1905
509.6317,211.1043,4:48:41:221126,1931
509.2382,209.5885,4:48:41:225065,1984
509.066,208.131,4:48:41:229505,2053
509.066,206.8192,4:48:41:233036,2131
509.066,205.5658,4:48:41:237685,2203
509.7055,204.2832,4:48:41:241711,2268
510.4433,203.1172,4:48:41:245694,2323
511.3778,201.9512,4:48:41:249696,2357
512.5829,200.9018,4:48:41:253708,2380
513.9602,199.8524,4:48:41:256718,2392
515.608,198.9487,4:48:41:261687,2394
517.5017,198.22,4:48:41:265697,2398
519.5922,197.637,4:48:41:269631,2399
521.8302,197.2289,4:48:41:273641,2402
524.142,196.9957,4:48:41:277639,2401
526.5522,196.9957,4:48:41:281662,2402
528.9624,196.9957,4:48:41:285737,2406
531.4218,196.9957,4:48:41:289748,2401
533.7582,198.3366,4:48:41:293014,2398
536.0208,199.2111,4:48:41:297016,2392
538.0867,200.2896,4:48:41:301014,2394
540.0049,201.6014,4:48:41:305018,2407
541.8003,203.1172,4:48:41:309686,2426
543.3743,204.8371,4:48:41:313696,2452
544.727,206.8192,4:48:41:316903,2465
545.7845,209.0055,4:48:41:321861,2495
546.5961,211.629,4:48:41:324938,2527
547.0388,214.6315,4:48:41:328860,2558
547.1371,217.9837,4:48:41:333679,2596
547.1371,221.6857,4:48:41:337716,2617
546.2518,225.6501,4:48:41:341714,2636
545.268,229.8477,4:48:41:344715,2651
543.8908,234.2202,4:48:41:349696,2664
542.2184,238.7968,4:48:41:353706,2686
540.2509,243.4899,4:48:41:356976,2708
538.1359,248.358,4:48:41:360992,2729
535.824,253.226,4:48:41:365640,2750
533.463,258.1524,4:48:41:369642,2769
531.1512,263.0496,4:48:41:373642,2806
528.9132,267.7719,4:48:41:377654,2860
526.9211,272.4067,4:48:41:381679,2920
525.1749,276.8958,4:48:41:385690,2989
523.7485,280.8894,4:48:41:389751,3045
522.6664,284.6789,4:48:41:392751,3092
522.0269,288.1769,4:48:41:397751,3131
521.781,291.4709,4:48:41:400751,3158
521.781,294.5899,4:48:41:405749,3180
522.3959,297.5049,4:48:41:408755,3205
523.2075,300.245,4:48:41:412792,3228
524.4371,302.7227,4:48:41:416764,3257
525.9865,304.9673,4:48:41:421187,3282
527.8802,306.8037,4:48:41:425198,3305
530.0691,308.2613,4:48:41:429516,3328
532.5776,309.2523,4:48:41:433545,3341
535.3568,309.8062,4:48:41:437638,3353
538.3572,309.9519,4:48:41:441656,3360
541.6774,309.9519,4:48:41:445648,3364
545.1697,308.9026,4:48:41:449652,3367
548.9079,307.7657,4:48:41:453648,3361
552.8429,306.2207,4:48:41:457650,3360
556.9501,304.2094,4:48:41:461693,3354
561.1556,301.8482,4:48:41:465700,3359
565.4349,299.1373,4:48:41:469700,3366
569.788,296.1349,4:48:41:473702,3370
574.0673,292.9283,4:48:41:477686,3374
578.3466,289.4304,4:48:41:480717,3366
582.503,285.6992,4:48:41:485717,3355
586.4872,281.6765,4:48:41:488716,3342
590.2992,277.3331,4:48:41:493825,3327
593.8899,272.6691,4:48:41:496835,3324
597.2592,267.8302,4:48:41:501618,3317
600.5056,262.7873,4:48:41:505629,3308
603.4568,257.686,4:48:41:509626,3301
606.0638,252.4973,4:48:41:513629,3280
608.4494,247.2503,4:48:41:517628,3266
610.5399,242.0616,4:48:41:521642,3255
612.3844,237.0186,4:48:41:525338,3248
613.983,232.2672,4:48:41:529350,3259
615.311,227.7781,4:48:41:533678,3280
616.4177,223.5222,4:48:41:537709,3313
617.3277,219.5869,4:48:41:541686,3366
618.0656,216.0307,4:48:41:545686,3429
618.705,212.9699,4:48:41:549688,3509
619.1968,210.3755,4:48:41:553689,3587
619.5657,208.3351,4:48:41:557756,3661
619.8609,206.7027,4:48:41:560762,3728
620.1068,205.5075,4:48:41:565729,3772
620.2544,204.6913,4:48:41:569732,3802
620.3527,204.1375,4:48:41:573730,3811
620.4019,203.9334,4:48:41:577729,3801
620.4511,203.9334,4:48:41:580732,3790
620.4511,203.9334,4:48:41:585728,3789
620.4511,205.3035,4:48:41:589737,3798
620.4511,206.4403,4:48:41:592762,3815
619.7625,208.0727,4:48:41:597632,3846
619.7625,210.1715,4:48:41:601649,3877
618.9755,212.9116,4:48:41:605640,3908
618.4344,216.1764,4:48:41:609648,3950
617.8442,219.9076,4:48:41:613735,3984
617.2294,223.9886,4:48:41:617746,4019
616.5653,228.3611,4:48:41:621113,4047
615.8521,232.9959,4:48:41:625122,4062
615.0651,237.8349,4:48:41:630124,4088
614.3273,243.0527,4:48:41:634121,4107
613.5157,248.2997,4:48:41:637123,4126
612.6303,253.6924,4:48:41:641121,4144
611.6957,259.0852,4:48:41:645685,4145
610.7366,264.5363,4:48:41:648717,4145
609.7037,269.929,4:48:41:653634,4144
608.5969,275.4384,4:48:41:657195,4147
607.5394,280.9768,4:48:41:661194,4136
606.4819,286.253,4:48:41:665195,4100
605.5227,291.296,4:48:41:669194,4028
604.6619,296.0765,4:48:41:673193,3908
603.9241,300.5365,4:48:41:677691,3735
603.2847,304.7632,4:48:41:680701,3518
602.7682,308.6111,4:48:41:685921,3248
602.3993,312.109,4:48:41:688929,2915
602.0058,315.0823,4:48:41:692931,2508
601.7107,317.6767,4:48:41:696931,1921
601.3664,319.8338,4:48:41:700931,1228
601.0466,321.6411,4:48:41:705929,640
600.6039,323.1277,4:48:41:709625,0
600.1121,324.2646,4:48:41:713635,0
599.5464,325.0808,4:48:41:717635,0
598.9316,325.4597,4:48:41:721640,0
598.2676,325.4597,4:48:41:725634,0
597.5789,325.4597,4:48:41:729652,0
596.8903,324.3229,4:48:41:733645,0
596.1033,323.2152,4:48:41:737635,0
595.3655,321.7285,4:48:41:741683,0
594.4801,319.8629,4:48:41:745691,0
593.4472,317.6767,4:48:41:749704,0
592.2667,315.1989,4:48:41:753693,0
590.7911,312.4297,4:48:41:757692,0
589.0203,309.369,4:48:41:761746,0
586.8315,305.8709,4:48:41:764758,0
584.2737,302.0232,4:48:41:769756,0
581.2733,297.7964,4:48:41:773772,0
577.9285,293.3365,4:48:41:776755,0
574.2394,288.585,4:48:41:781755,0
570.1323,283.6003,4:48:41:784753,0
565.6563,278.3242,4:48:41:789684,0
560.6637,273.048,4:48:41:793696,0
555.499,267.6262,4:48:41:797694,0
549.9409,262.2334,4:48:41:801695,0
543.9399,256.899,4:48:41:805705,0
537.6686,251.5936,4:48:41:810046,0
531.0037,246.4341,4:48:41:813054,0
524.142,241.3911,4:48:41:817690,0
517.059,236.4939,4:48:41:820701,0
509.3365,231.6842,4:48:41:825687,0
501.3682,226.8453,4:48:41:829698,0
493.5228,222.0356,4:48:41:833706,0
484.4477,217.4007,4:48:41:837698,0
368.0947,165.6303,4:48:41:879868,0
344.3125,160.6165,4:48:41:891879,0
341.0415,160.6165,4:48:41:894885,0
337.0819,159.8003,4:48:41:899692,0
332.1386,159.8003,4:48:41:903714,0
326.1377,158.5468,4:48:41:907838,0
319.0793,157.8472,4:48:41:910848,0
311.1847,157.0602,4:48:41:914847,0
302.3802,156.3606,4:48:41:918848,0
292.5919,155.6027,4:48:41:922851,0
285.2383,155.6027,4:48:41:926848,0
277.688,155.6027,4:48:41:930848,0
270.3837,155.6027,4:48:41:934876,0
263.3253,155.6027,4:48:41:938850,0
256.4636,155.6027,4:48:41:942848,0
249.7741,157.0602,4:48:41:947929,0
243.3797,157.9055,4:48:41:951937,0
237.3051,159.0132,4:48:41:954943,0
231.3534,160.4124,4:48:41:958939,0
225.9674,161.4327,4:48:41:962941,0
220.9748,162.1615,4:48:41:967875,0
216.5726,162.6861,4:48:41:970883,3203
212.8835,162.6861,4:48:41:974888,3192
209.9077,163.2983,4:48:41:979885,3136
207.5958,163.2983,4:48:41:983883,3048
205.9235,163.2983,4:48:41:987639,2948
205.0381,163.2983,4:48:41:990898,2857
204.5462,163.2983,4:48:41:995764,2815
204.5462,163.2983,4:48:41:999774,2800
204.5462,163.2983,4:48:42:003774,2803
205.6775,164.3185,4:48:42:007775,2808
206.8334,164.3185,4:48:42:011775,2810
208.4566,165.6886,4:48:42:015774,2819
210.6455,166.4465,4:48:42:018777,2825
213.3754,167.2044,4:48:42:023688,2830
216.7201,167.9915,4:48:42:027698,2832
220.6305,168.6911,4:48:42:031743,2836
225.2542,169.3324,4:48:42:034745,2840
230.591,169.9445,4:48:42:039743,2848
236.5673,170.4109,4:48:42:042748,2872
242.9863,170.819,4:48:42:047691,2904
250.0447,170.819,4:48:42:051701,2957
257.8409,171.2271,4:48:42:055657,3029
266.2028,171.2271,4:48:42:059528,3108
275.327,171.2271,4:48:42:063530,3198
285.0908,171.2271,4:48:42:067553,3283
295.3709,170.5275,4:48:42:071528,3368
306.3398,170.5275,4:48:42:075528,3445
318.0218,169.4489,4:48:42:079508,3511
330.2449,168.7785,4:48:42:083517,3579
343.0336,168.0789,4:48:42:087692,3635
356.2896,167.3501,4:48:42:091734,3688
370.1605,166.534,4:48:42:095728,3737
384.3019,165.8052,4:48:42:098741,3774
398.9106,165.0473,4:48:42:103728,3813
413.5931,164.4352,4:48:42:106728,3842
428.5707,163.8813,4:48:42:112335,3867
443.5483,163.4149,4:48:42:116352,3885
458.5259,163.0943,4:48:42:119345,3891
473.4297,163.0943,4:48:42:123344,3901
488.0138,162.8611,4:48:42:127585,3905
502.3765,162.8611,4:48:42:131494,3909
516.2474,162.8611,4:48:42:135535,3911
529.8232,162.8611,4:48:42:139419,3916
542.6611,163.7064,4:48:42:143419,3936
554.9825,163.7064,4:48:42:147419,3967
566.5662,164.5809,4:48:42:151689,4010
577.535,164.5809,4:48:42:155698,4063
587.5201,165.4845,4:48:42:159701,4111
596.7427,165.9801,4:48:42:163725,4159
605.1046,166.4465,4:48:42:167699,4206
612.5811,166.942,4:48:42:171701,4250
619.123,167.4084,4:48:42:175344,4292
624.8042,167.8165,4:48:42:179357,4319
629.4771,168.2247,4:48:42:183669,4342
633.1661,168.5744,4:48:42:187665,4348
636.142,168.8951,4:48:42:191685,4344
638.3062,169.1575,4:48:42:195671,4342
639.831,169.3907,4:48:42:199675,4337
640.7656,169.5072,4:48:42:203683,4337
641.3066,169.5947,4:48:42:207801,4336
641.528,169.6821,4:48:42:210812,4336
641.5526,169.7113,4:48:42:215810,4329
641.5526,169.7113,4:48:42:218812,4310
641.5526,169.7113,4:48:42:222874,4282
641.5526,169.7113,4:48:42:226815,4236
640.741,169.7113,4:48:42:230809,4163
640.741,169.7113,4:48:42:234822,4066
640.0524,169.7113,4:48:42:238876,3934
640.0524,169.7113,4:48:42:242876,3758
639.3391,169.7113,4:48:42:246876,3541
639.3391,169.7113,4:48:42:250879,3276
638.6505,169.7113,4:48:42:255303,2977
638.6505,169.7113,4:48:42:259316,2631
638.257,169.7113,4:48:42:263312,2220
638.257,169.7113,4:48:42:267313,1696
638.257,169.7113,4:48:42:271312,1072
638.257,169.7113,4:48:42:276149,558
638.257,169.7113,4:48:42:279160,0
638.257,169.7113,4:48:42:283160,0
638.8964,169.274,4:48:42:287158,0
638.8964,169.274,4:48:42:291160,0
639.7818,169.274,4:48:42:295291,0
640.3721,168.8368,4:48:42:299292,0
640.9869,168.5744,4:48:42:303292,0
641.528,168.3412,4:48:42:307799,0
642.192,168.0497,4:48:42:310812,0
642.7085,167.7291,4:48:42:314874,0
643.1266,167.321,4:48:42:318809,0
643.4217,166.942,4:48:42:322823,0
643.4217,166.534,4:48:42:326809,0
643.643,166.0967,4:48:42:330961,0
643.643,165.6303,4:48:42:334966,0
642.9544,165.1639,4:48:42:339870,0
641.8723,164.6392,4:48:42:342881,0
641.8723,164.6392,4:48:42:361678,0
