161.1382,221.4234,4:27:17:274095,0
161.1382,221.4234,4:27:17:277122,0
161.8761,221.4234,4:27:17:281146,0
161.8761,222.9975,4:27:17:285105,0
161.8761,224.1635,4:27:17:289132,0
161.8761,225.6793,4:27:17:293103,0
161.8761,227.5449,4:27:17:297896,0
161.0645,229.6437,4:27:17:300908,0
160.3513,231.9465,4:27:17:304979,0
159.0478,234.3951,4:27:17:308906,0
157.7935,236.6105,4:27:17:313039,0
156.5146,238.6802,4:27:17:316906,0
155.4817,240.575,4:27:17:321719,0
154.5471,242.2657,4:27:17:325732,0
153.7355,243.694,4:27:17:329729,0
152.9977,244.8308,4:27:17:332728,0
152.4812,245.8802,4:27:17:337730,0
152.1369,246.5215,4:27:17:340727,0
152.1369,247.1628,4:27:17:345605,0
151.891,247.5418,4:27:17:348620,0
151.891,247.6875,4:27:17:353679,0
151.891,247.7458,4:27:17:356689,0
152.9239,247.7458,4:27:17:361892,0
153.6863,247.7458,4:27:17:364890,0
154.6701,247.7458,4:27:17:368891,0
155.7276,246.9879,4:27:17:372892,0
156.8835,246.9879,4:27:17:376891,0
158.2854,245.9386,4:27:17:380894,0
159.6626,245.239,4:27:17:385476,0
161.212,244.4227,4:27:17:389485,0
162.7122,243.5774,4:27:17:393494,0
164.3846,242.5863,4:27:17:397484,0
166.0078,241.5661,4:27:17:401523,0
167.8032,240.4875,4:27:17:404534,0
169.4755,239.2923,4:27:17:409585,0
171.1233,238.0681,4:27:17:412568,0
172.6481,236.8438,4:27:17:417670,0
174.0992,235.5903,4:27:17:420680,0
175.4026,234.2785,4:27:17:425199,0
176.5093,233.0542,4:27:17:429211,0
177.4931,231.7717,4:27:17:433217,0
178.2063,230.5473,4:27:17:437208,0
178.8457,229.3522,4:27:17:441224,0
179.2884,228.1862,4:27:17:445210,0
179.6573,226.9036,4:27:17:449867,0
179.7803,225.7376,4:27:17:452880,0
179.8787,224.5716,4:27:17:457008,0
179.8787,223.4639,4:27:17:460878,0
179.8787,222.3562,4:27:17:465876,0
179.8787,221.336,4:27:17:469266,0
179.8787,220.374,4:27:17:473309,0
179.8787,219.5578,4:27:17:477269,0
179.2884,218.8291,4:27:17:481673,0
179.2884,218.1877,4:27:17:485197,0
179.2884,217.5756,4:27:17:489649,0
179.2884,217.08,4:27:17:492660,0
179.2884,216.6136,4:27:17:497661,0
179.2884,216.293,4:27:17:500658,0
179.2884,216.0598,4:27:17:505724,0
179.2884,215.8849,4:27:17:509244,0
179.2884,215.7975,4:27:17:513667,0
179.2884,215.7975,4:27:17:517678,0
179.8049,215.7975,4:27:17:521593,0
179.8049,215.7975,4:27:17:525337,0
179.8049,216.7011,4:27:17:529583,0
179.8049,216.7011,4:27:17:532617,0
180.1492,217.7796,4:27:17:537593,0
180.1492,218.4501,4:27:17:541594,0
180.1492,219.1497,4:27:17:545593,0
180.1492,219.8784,4:27:17:548594,0
180.1492,220.6947,4:27:17:553838,0
180.1492,221.5692,4:27:17:557361,0
180.1492,222.4728,4:27:17:561401,0
180.1492,223.3473,4:27:17:565361,0
180.1492,224.1635,4:27:17:569396,0
180.1492,224.9505,4:27:17:573361,0
180.1492,225.621,4:27:17:577594,0
180.1492,226.204,4:27:17:580607,0
180.1492,226.6121,4:27:17:585592,0
180.7887,226.9036,4:27:17:589208,0
180.7887,227.0493,4:27:17:593705,0
181.4035,227.0493,4:27:17:596715,0
181.4035,227.0493,4:27:17:601716,0
182.3135,227.0493,4:27:17:604715,0
182.8053,226.0874,4:27:17:609715,0
183.3464,226.0874,4:27:17:612714,0
183.9367,224.6882,4:27:17:617852,0
184.5515,223.8428,4:27:17:620862,0
185.2155,222.8517,4:27:17:625003,0
185.8796,221.744,4:27:17:628916,0
186.5436,220.578,4:27:17:632928,0
187.2322,219.3537,4:27:17:636921,0
187.97,218.1003,4:27:17:641337,0
188.6832,216.8468,4:27:17:644842,0
189.3227,215.6517,4:27:17:649652,0
190.0113,214.5148,4:27:17:652651,0
190.577,213.4363,4:27:17:657652,0
191.118,212.4452,4:27:17:660653,0
191.5115,211.4249,4:27:17:665932,0
191.7821,210.4339,4:27:17:668942,1455
191.905,209.5885,4:27:17:673015,1462
191.905,208.7723,4:27:17:676942,1466
191.905,208.0435,4:27:17:681031,1470
191.905,207.4023,4:27:17:684942,1479
191.1672,206.8484,4:27:17:689695,1483
191.1672,206.4403,4:27:17:692706,1495
190.5278,206.1488,4:27:17:696819,1512
190.5278,206.0322,4:27:17:700705,1532
190.0113,206.0322,4:27:17:704705,1552
190.0113,206.0322,4:27:17:708709,1589
189.544,206.0322,4:27:17:713714,1656
189.544,206.0322,4:27:17:716723,1730
189.0768,207.1691,4:27:17:721262,1820
188.8062,207.1691,4:27:17:725271,1912
188.4619,208.5391,4:27:17:729271,1984
188.093,209.5011,4:27:17:733273,2053
187.6995,210.6962,4:27:17:737272,2115
187.306,212.0663,4:27:17:741271,2175
186.8879,213.6987,4:27:17:744923,2235
186.519,215.6225,4:27:17:748931,2287
186.1255,217.838,4:27:17:753083,2331
185.7074,220.3157,4:27:17:756931,2359
185.3139,223.0558,4:27:17:761487,2382
184.9204,226.0291,4:27:17:765499,2410
184.5515,229.1481,4:27:17:769950,2440
184.1826,232.4421,4:27:17:772957,2473
183.8629,235.6777,4:27:17:777583,2498
183.5923,238.9717,4:27:17:780594,2525
183.4202,242.3239,4:27:17:785592,2553
183.3956,245.647,4:27:17:789164,2575
183.3956,249.0576,4:27:17:793560,2586
183.3956,252.5264,4:27:17:796559,2595
184.3302,256.0536,4:27:17:800558,2592
185.068,259.5225,4:27:17:804558,2595
185.9533,263.0204,4:27:17:809604,2610
187.0847,266.3727,4:27:17:812614,2624
188.3635,269.6083,4:27:17:817376,2640
189.8884,272.6691,4:27:17:821376,2655
191.5607,275.4384,4:27:17:825376,2666
193.3561,277.887,4:27:17:829376,2677
195.3236,280.0732,4:27:17:833543,2689
197.4632,281.968,4:27:17:836556,2698
199.6767,283.5421,4:27:17:840753,2713
202.0377,284.8829,4:27:17:844775,2721
204.62,285.9615,4:27:17:849766,2735
207.3007,286.7777,4:27:17:852764,2746
210.1044,287.3024,4:27:17:857410,2754
213.0311,287.5064,4:27:17:860422,2758
216.0315,287.5064,4:27:17:865491,2765
219.1303,287.5064,4:27:17:868493,2774
222.2783,286.632,4:27:17:873593,2779
225.4509,285.8449,4:27:17:876517,2792
228.5743,284.8246,4:27:17:881450,2797
231.6977,283.6003,4:27:17:885463,2799
234.8457,282.1429,4:27:17:889463,2802
237.9937,280.5104,4:27:17:893463,2802
241.2155,278.674,4:27:17:897463,2804
244.4127,276.6335,4:27:17:900466,2805
247.5607,274.3598,4:27:17:905158,2810
250.6841,271.8529,4:27:17:908935,2811
253.7829,269.2003,4:27:17:913313,2811
256.7342,266.3435,4:27:17:917222,2818
259.5624,263.3702,4:27:17:921278,2823
262.2432,260.3678,4:27:17:925235,2829
264.7763,257.3362,4:27:17:929369,2832
267.1619,254.3046,4:27:17:933377,2832
269.4491,251.2439,4:27:17:936547,2830
271.6134,248.2414,4:27:17:940592,2831
273.6055,245.239,4:27:17:944560,2832
275.4746,242.2074,4:27:17:949558,2840
277.2208,239.0883,4:27:17:952557,2858
278.8439,235.9109,4:27:17:957562,2884
280.3195,232.6461,4:27:17:961377,2920
281.623,229.3522,4:27:17:965387,2964
282.8527,226.1457,4:27:17:969338,3014
283.9102,223.0558,4:27:17:972609,3063
284.9186,220.17,4:27:17:976655,3113
285.7794,217.459,4:27:17:980656,3155
286.5418,215.0396,4:27:17:984659,3195
287.2304,212.8824,4:27:17:988656,3231
287.8206,210.9877,4:27:17:993391,3272
288.3617,209.4427,4:27:17:997400,3310
288.7552,208.0727,4:27:18:000762,3347
289.0995,206.8775,4:27:18:004669,3385
289.3455,205.8864,4:27:18:008698,3417
289.5668,205.0994,4:27:18:012671,3448
289.7144,204.5164,4:27:18:017468,3472
289.8127,204.0791,4:27:18:020468,3488
289.8865,203.7294,4:27:18:025469,3492
289.9111,203.5544,4:27:18:029469,3486
289.9111,203.4379,4:27:18:033084,3478
289.9111,203.4379,4:27:18:037065,3469
289.9111,203.4379,4:27:18:040670,3458
289.9111,203.4379,4:27:18:044598,3453
289.9111,203.4379,4:27:18:048571,3445
289.9111,204.6039,4:27:18:052574,3438
289.9111,205.2451,4:27:18:057678,3440
289.3701,206.1196,4:27:18:060688,3443
289.3701,207.1691,4:27:18:064791,3447
289.3701,208.4808,4:27:18:068688,3454
288.9028,210.0257,4:27:18:072715,3463
288.9028,211.8039,4:27:18:076691,3475
288.5585,213.9319,4:27:18:081338,3490
288.5585,216.3513,4:27:18:084783,3509
288.2141,219.1497,4:27:18:089339,3528
288.2141,222.2104,4:27:18:093354,3547
287.8698,225.6501,4:27:18:097415,3575
287.7223,229.323,4:27:18:100414,3602
287.5747,233.2,4:27:18:105415,3635
287.4518,237.3976,4:27:18:109415,3679
287.2796,241.7701,4:27:18:113391,3720
287.1075,246.4341,4:27:18:116907,3766
286.9353,251.3896,4:27:18:120909,3805
286.7877,256.5783,4:27:18:124907,3833
286.5664,261.9419,4:27:18:129462,3859
286.345,267.5387,4:27:18:132463,3869
286.0991,273.3687,4:27:18:136518,3894
285.8286,279.6068,4:27:18:140462,3910
285.5089,286.049,4:27:18:144888,3922
285.1645,292.4328,4:27:18:148898,3939
284.8202,298.8458,4:27:18:152991,3938
284.4513,305.1714,4:27:18:157898,3950
284.0824,311.5552,4:27:18:161339,3959
283.7381,317.9391,4:27:18:164907,3972
283.3938,324.2646,4:27:18:169248,3981
283.0987,330.2695,4:27:18:173259,3970
282.8527,336.0121,4:27:18:177347,3960
282.7052,341.4631,4:27:18:181258,3933
282.5822,346.6518,4:27:18:185283,3887
282.5084,351.5198,4:27:18:189291,3842
282.5084,356.1255,4:27:18:192481,3782
282.5084,360.3232,4:27:18:197377,3711
282.5084,364.2001,4:27:18:201377,3634
282.5084,367.7272,4:27:18:205377,3532
283.0987,370.992,4:27:18:209383,3409
283.0987,373.9362,4:27:18:213393,3260
283.0987,376.4723,4:27:18:217339,3083
283.7381,378.7459,4:27:18:221353,2877
283.7381,380.6115,4:27:18:225347,2633
283.7381,382.0982,4:27:18:229366,2369
284.2054,383.1768,4:27:18:233347,2092
284.2054,383.8763,4:27:18:237350,1768
284.2054,384.2261,4:27:18:240733,1364
284.5005,384.2261,4:27:18:244744,879
284.5005,384.2261,4:27:18:249077,460
284.7956,382.9435,4:27:18:253087,0
284.9432,381.7776,4:27:18:257205,0
285.0908,380.0577,4:27:18:261090,0
285.2875,377.9297,4:27:18:265177,0
285.5089,375.3646,4:27:18:269088,0
285.7302,372.3038,4:27:18:273388,0
285.9515,368.8641,4:27:18:276719,0
286.0991,364.9872,4:27:18:282733,0
286.3204,360.8187,4:27:18:285733,0
286.5664,356.3004,4:27:18:289732,0
286.8123,351.5198,4:27:18:294734,0
287.0583,346.5935,4:27:18:296733,0
287.3534,341.3174,4:27:18:300732,0
287.7223,335.9537,4:27:18:305390,0
288.1896,330.5027,4:27:18:309402,0
288.7552,325.0808,4:27:18:312565,0
289.4438,319.7755,4:27:18:316565,0
290.28,314.4702,4:27:18:320642,0
291.2884,309.2232,4:27:18:324565,0
292.3705,303.9179,4:27:18:328664,0
293.6002,298.8458,4:27:18:332565,0
294.9529,293.7737,4:27:18:337389,0
296.3793,288.8182,4:27:18:341400,0
297.8057,283.8044,4:27:18:344938,0
299.2813,278.8198,4:27:18:348948,0
300.757,273.8934,4:27:18:353042,0
302.1834,268.9379,4:27:18:356946,0
303.6344,264.0407,4:27:18:361379,0
305.0609,259.2601,4:27:18:365400,0
306.4381,254.6544,4:27:18:369341,0
307.717,250.0779,4:27:18:373006,0
309.0697,245.7345,4:27:18:377003,0
310.3731,241.5661,4:27:18:381001,0
311.7258,237.6017,4:27:18:385337,0
313.0047,233.987,4:27:18:389283,0
314.2835,230.6057,4:27:18:393364,0
315.5624,227.5157,4:27:18:397335,0
316.8167,224.7757,4:27:18:401339,0
318.0956,222.327,4:27:18:405335,0
319.3007,220.2574,4:27:18:409338,0
320.4566,218.5376,4:27:18:413356,0
321.5633,217.08,4:27:18:417337,0
322.4487,215.7683,4:27:18:421062,0
323.1865,214.6897,4:27:18:425388,2660
323.7767,213.8736,4:27:18:429416,2651
324.1456,213.174,4:27:18:433460,2626
324.4162,212.7076,4:27:18:437474,2584
324.5637,212.416,4:27:18:440669,2546
324.6129,212.2411,4:27:18:445482,2520
324.6129,212.2411,4:27:18:449000,2510
324.6867,213.174,4:27:18:453010,2527
324.7605,214.3983,4:27:18:457127,2538
324.8343,216.1181,4:27:18:461010,2548
324.9326,218.3627,4:27:18:465384,2561
324.9572,221.1319,4:27:18:469397,2570
324.9572,224.4258,4:27:18:473327,2582
324.9572,228.0988,4:27:18:477344,2604
324.9572,232.2089,4:27:18:481334,2628
324.9572,236.7271,4:27:18:485337,2673
324.0472,241.5661,4:27:18:489654,2715
324.0472,246.8422,4:27:18:492664,2752
323.2603,252.3224,4:27:18:497384,2780
323.2603,257.9775,4:27:18:501398,2783
322.4978,263.7201,4:27:18:505393,2788
322.4978,269.6083,4:27:18:509395,2805
321.9322,275.555,4:27:18:513393,2818
321.9322,281.6181,4:27:18:517392,2829
321.9322,287.6522,4:27:18:520555,2840
321.9322,293.4822,4:27:18:524564,2828
321.9322,299.1082,4:27:18:528565,2820
321.9322,304.5592,4:27:18:532566,2807
322.7192,309.8062,4:27:18:536566,2795
322.7192,314.8492,4:27:18:540563,2768
323.6783,319.6589,4:27:18:544825,2719
324.244,324.1772,4:27:18:548614,2644
324.8343,328.4622,4:27:18:553216,2516
325.4491,332.4849,4:27:18:557227,2353
326.1131,336.3036,4:27:18:561374,2128
326.728,339.889,4:27:18:565385,1793
327.3674,343.183,4:27:18:569384,1359
327.9576,346.302,4:27:18:573405,847
328.5479,348.9838,4:27:18:576922,419
329.0152,351.2284,4:27:18:580923,0
329.4333,353.0939,4:27:18:584925,0
329.7038,354.4057,4:27:18:588922,0
329.8514,355.1927,4:27:18:593389,0
329.9497,355.4259,4:27:18:597400,0
329.9497,355.4259,4:27:18:601342,0
329.9497,354.2308,4:27:18:605068,0
329.9497,352.8316,4:27:18:609124,0
329.3103,350.8203,4:27:18:613116,0
329.3103,348.2259,4:27:18:617233,0
328.7447,345.1068,4:27:18:621116,0
328.7447,341.5797,4:27:18:625388,0
328.0806,337.4987,4:27:18:628402,0
327.6379,332.9513,4:27:18:633556,0
327.1707,327.9666,4:27:18:636567,0
326.7034,322.7196,4:27:18:640570,0
326.0885,317.1228,4:27:18:644564,0
325.2769,311.3511,4:27:18:648566,0
324.367,305.2588,4:27:18:652732,0
323.3094,298.8458,4:27:18:657336,0
322.1043,292.5203,4:27:18:661824,0
320.8747,286.1947,4:27:18:664837,0
319.4482,280.044,4:27:18:668920,0
317.8742,274.01,4:27:18:672832,0
316.374,268.0051,4:27:18:676837,0
314.8738,261.9419,4:27:18:680833,0
313.4719,256.2285,4:27:18:685385,0
311.9717,251.0107,4:27:18:688915,0
310.2256,246.0843,4:27:18:693396,0
308.0367,241.3911,4:27:18:697407,0
305.9463,236.9603,4:27:18:701405,0
303.5852,232.5004,4:27:18:704836,0
301.2242,228.6817,4:27:18:708836,0
298.7157,225.2129,4:27:18:712843,0
296.1088,221.9481,4:27:18:716837,0
293.5264,218.6541,4:27:18:721342,0
291.1408,215.506,4:27:18:724882,0
289.1979,212.6201,4:27:18:729394,0
287.255,209.8508,4:27:18:732932,0
285.6318,207.4314,4:27:18:737396,0
284.0332,205.0703,4:27:18:740802,0
282.7297,203.0006,4:27:18:744490,0
281.5739,201.2224,4:27:18:748487,0
280.6393,199.7066,4:27:18:753503,0
279.9261,198.4823,4:27:18:756487,0
279.4588,197.433,4:27:18:761395,0
279.1391,196.7042,4:27:18:764910,0
278.9423,196.1503,4:27:18:769393,0
278.8439,195.7714,4:27:18:772908,0
278.8439,195.6257,4:27:18:776908,0
278.8439,195.6257,4:27:18:780925,0
278.8439,195.6257,4:27:18:784911,0
278.8439,196.4418,4:27:18:789906,0
278.8439,196.4418,4:27:18:792908,0
278.8439,197.6953,4:27:18:797343,0
278.8439,198.4532,4:27:18:801353,0
278.0815,199.2111,4:27:18:805353,0
278.0815,199.9982,4:27:18:809353,0
277.2945,200.6686,4:27:18:813353,0
277.2945,201.3099,4:27:18:817353,0
276.3846,201.7763,4:27:18:821353,0
275.8927,201.7763,4:27:18:825395,0
275.3762,202.2719,4:27:18:829420,954
274.8351,202.2719,4:27:18:833349,958
274.1957,202.2719,4:27:18:837974,979
273.4825,202.2719,4:27:18:843595,1036
272.7693,201.3682,4:27:18:845604,1118
271.9085,201.3682,4:27:18:848604,1238
271.1461,200.0856,4:27:18:852607,1376
270.4821,199.2111,4:27:18:857610,1516
269.7443,198.2491,4:27:18:861342,1670
269.0802,197.1414,4:27:18:865353,1797
268.5146,195.8589,4:27:18:869342,1907
268.0719,194.3722,4:27:18:872654,1997
267.7768,192.6232,4:27:18:877342,2057
267.58,190.6993,4:27:18:881362,2106
267.457,188.6297,4:27:18:885341,2156
267.457,186.5017,4:27:18:889354,2192
267.457,184.1989,4:27:18:893351,2219
267.457,181.8669,4:27:18:897352,2241
268.2932,179.4474,4:27:18:901364,2243
268.9818,177.0571,4:27:18:905049,2236
269.8918,174.6376,4:27:18:908975,2228
271.0723,172.2473,4:27:18:912977,2219
272.5233,169.8571,4:27:18:916976,2213
274.1957,167.3793,4:27:18:921022,2207
276.1878,164.9307,4:27:18:924975,2204
278.4258,162.5112,4:27:18:929317,2201
280.7868,160.0918,4:27:18:933328,2199
283.2216,157.8472,4:27:18:937328,2205
285.7548,155.7484,4:27:18:941354,2211
288.2633,153.8246,4:27:18:945330,2218
290.7227,152.163,4:27:18:949029,2223
293.0099,150.7638,4:27:18:953035,2230
295.248,149.6852,4:27:18:957634,2230
297.4368,148.9565,4:27:18:960632,2236
299.5273,148.5484,4:27:18:964634,2241
301.5194,148.4318,4:27:18:968632,2235
303.4623,148.4318,4:27:18:972620,2232
305.3314,149.2189,4:27:18:976644,2232
307.1759,150.1225,4:27:18:981514,2232
308.9959,151.4051,4:27:18:984522,2246
310.6928,152.9792,4:27:18:988524,2266
312.2668,154.8448,4:27:18:993525,2291
313.7179,156.9436,4:27:18:997522,2322
315.0213,159.3047,4:27:19:000525,2349
316.2018,161.8991,4:27:19:005320,2377
317.284,164.6684,4:27:19:009234,2399
318.2431,167.6708,4:27:19:012572,2439
319.0793,170.819,4:27:19:016575,2479
319.7925,174.317,4:27:19:020572,2520
320.432,178.0482,4:27:19:024573,2557
320.9484,181.9252,4:27:19:028904,2576
321.3665,186.0061,4:27:19:032913,2593
321.7354,190.1454,4:27:19:036915,2607
322.0551,194.343,4:27:19:040914,2616
322.3011,198.4823,4:27:19:044912,2627
322.5962,202.5051,4:27:19:048912,2630
322.8668,206.2654,4:27:19:053433,2640
323.1865,209.88,4:27:19:057441,2652
323.58,213.3197,4:27:19:061486,2644
324.0472,216.6136,4:27:19:064490,2614
324.5883,219.7327,4:27:19:069487,2544
325.1786,222.7352,4:27:19:073488,2424
325.8672,225.5918,4:27:19:077339,2255
326.605,228.2153,4:27:19:081580,1999
327.4904,230.7222,4:27:19:085384,1621
328.3512,232.9085,4:27:19:089383,1134
329.3349,234.8324,4:27:19:093383,651
330.3924,236.4939,4:27:19:097382,280
331.6221,237.9514,4:27:19:101383,0
332.8518,239.1174,4:27:19:105395,0
334.2537,240.0502,4:27:19:109720,0
335.7047,240.7498,4:27:19:112719,0
337.2049,241.2162,4:27:19:116720,0
338.8773,241.5078,4:27:19:120720,0
340.5988,241.6243,4:27:19:125388,0
342.4434,241.6535,4:27:19:129397,0
344.3863,241.6535,4:27:19:133417,0
346.4521,241.6535,4:27:19:137653,0
348.6902,241.6535,4:27:19:140661,0
351.2479,241.6535,4:27:19:145694,0
353.9778,241.6535,4:27:19:148704,0
356.9537,241.6535,4:27:19:152707,0
360.1017,241.6535,4:27:19:156704,0
363.3972,241.6535,4:27:19:160704,0
366.865,241.6535,4:27:19:165383,0
370.5049,241.6535,4:27:19:169689,0
374.2185,241.6535,4:27:19:172697,0
378.006,242.2657,4:27:19:176702,0
381.7688,242.2657,4:27:19:180698,0
385.6546,243.1693,4:27:19:184697,0
389.5896,243.7523,4:27:19:188697,0
393.5738,244.4519,4:27:19:192698,0
397.558,245.3847,4:27:19:197395,0
401.493,246.3466,4:27:19:201406,0
405.3542,247.4252,4:27:19:205407,0
409.1416,248.6495,4:27:19:209348,0
412.8553,249.9321,4:27:19:213367,0
416.2984,251.2439,4:27:19:217374,0
419.3726,252.7305,4:27:19:221359,0
422.2501,254.1588,4:27:19:225357,0
424.9062,255.558,4:27:19:229388,0
427.1689,257.0447,4:27:19:233400,0
429.0626,258.5605,4:27:19:237437,0
430.5382,260.0471,4:27:19:240437,0
431.5957,261.5338,4:27:19:245435,0
432.3089,262.9622,4:27:19:249705,0
432.6779,264.2739,4:27:19:252726,0
432.6779,265.4982,4:27:19:256716,0
432.063,266.635,4:27:19:260717,0
431.1776,267.7136,4:27:19:264715,0
429.9971,268.5881,4:27:19:268720,0
428.4969,269.3752,4:27:19:273256,0
426.7508,270.0456,4:27:19:277291,0
424.857,270.512,4:27:19:281288,0
422.7666,270.9201,4:27:19:286259,0
420.5285,271.1533,4:27:19:289290,0
418.2905,271.299,4:27:19:293286,0
416.0279,271.299,4:27:19:297267,0
413.6669,271.299,4:27:19:301254,0
411.2567,271.299,4:27:19:305286,0
408.8465,271.299,4:27:19:309291,0
406.3134,270.2205,4:27:19:313290,0
403.8048,270.2205,4:27:19:317287,0
401.2962,269.0836,4:27:19:323296,0
398.7877,268.4132,4:27:19:325284,0
396.3529,267.6262,4:27:19:329666,0
394.1148,266.7808,4:27:19:332678,0
391.9506,265.6731,4:27:19:336675,0
389.9831,264.303,4:27:19:340676,2001
388.1385,262.6415,4:27:19:344703,2008
386.4908,260.9799,4:27:19:348678,2014
384.9414,259.2018,4:27:19:353187,2011
383.6133,257.307,4:27:19:357196,2013
382.4328,255.354,4:27:19:361353,2004
381.3999,253.3135,4:27:19:365251,1999
380.5145,251.4479,4:27:19:369364,2013
379.8259,249.7572,4:27:19:373246,2032
379.334,248.2414,4:27:19:377388,2061
379.0881,246.6964,4:27:19:380782,2089
379.0881,245.1223,4:27:19:385099,2114
379.0881,243.6357,4:27:19:389111,2132
379.8751,242.1782,4:27:19:393095,2145
380.7112,240.7207,4:27:19:397109,2153
381.8426,239.3506,4:27:19:401097,2159
383.269,238.0098,4:27:19:405106,2158
385.0643,236.7854,4:27:19:409026,2156
386.9827,235.6486,4:27:19:412993,2157
389.1715,234.6866,4:27:19:416993,2152
391.5079,233.8413,4:27:19:420995,2151
393.9919,233.2,4:27:19:426571,2151
396.4513,232.7628,4:27:19:428570,2154
398.9598,232.4713,4:27:19:432570,2164
401.3946,232.4421,4:27:19:436579,2177
403.7556,232.4421,4:27:19:440626,2193
406.0428,232.4421,4:27:19:445568,2208
408.1579,233.4915,4:27:19:448657,2225
410.1254,234.2785,4:27:19:453672,2243
411.8961,235.2113,4:27:19:456591,2262
413.4455,236.319,4:27:19:460523,2279
414.749,237.6599,4:27:19:464509,2299
415.8803,239.1758,4:27:19:469510,2314
416.6919,240.8373,4:27:19:473332,2332
417.2822,242.7903,4:27:19:477355,2347
417.6019,244.9766,4:27:19:481328,2368
417.6019,247.4543,4:27:19:484571,2389
417.6019,250.3402,4:27:19:489143,2400
416.2984,253.605,4:27:19:493154,2413
415.0933,257.1905,4:27:19:497156,2412
413.5685,261.0382,4:27:19:501146,2413
411.7486,265.0901,4:27:19:505328,2423
409.7073,269.2003,4:27:19:509157,2429
407.5184,273.3104,4:27:19:512653,2439
405.3296,277.4206,4:27:19:516566,2457
403.1653,281.3849,4:27:19:520561,2466
401.1978,285.1453,4:27:19:524563,2481
399.4517,288.8182,4:27:19:529335,2491
398.0252,292.287,4:27:19:533356,2491
396.8694,295.6101,4:27:19:537346,2504
395.984,298.7584,4:27:19:541346,2513
395.4921,301.7317,4:27:19:545346,2527
395.1724,304.4717,4:27:19:549363,2540
395.1724,307.0661,4:27:19:553213,2549
395.1724,309.2815,4:27:19:557223,2559
395.984,311.2928,4:27:19:561381,2570
396.6972,313.0127,4:27:19:565391,2577
397.6071,314.5285,4:27:19:569391,2584
398.7631,315.8694,4:27:19:573391,2593
400.0419,317.0354,4:27:19:577391,2599
401.6405,317.9973,4:27:19:581393,2611
403.3867,318.7552,4:27:19:585463,2624
405.3296,319.3091,4:27:19:588469,2630
407.5184,319.7172,4:27:19:593351,2635
409.8549,319.9212,4:27:19:597354,2643
412.4126,319.9212,4:27:19:601352,2645
415.0933,319.9212,4:27:19:605353,2649
417.9708,319.0176,4:27:19:609374,2655
420.9958,318.2306,4:27:19:613384,2653
424.193,317.1812,4:27:19:617321,2656
427.5623,315.8402,4:27:19:621262,2658
431.0301,314.237,4:27:19:625304,2655
434.6208,312.3131,4:27:19:629264,2653
438.3344,310.0977,4:27:19:633330,2641
442.171,307.5325,4:27:19:637340,2633
446.0323,304.6175,4:27:19:641338,2636
449.8689,301.5568,4:27:19:645352,2638
453.7055,298.292,4:27:19:649340,2635
457.5175,294.8522,4:27:19:653342,2624
461.2066,291.2668,4:27:19:657327,2608
464.7727,287.5648,4:27:19:661348,2592
468.142,283.7169,4:27:19:665379,2582
471.29,279.7526,4:27:19:668392,2575
474.2905,275.6424,4:27:19:673378,2565
477.0204,271.2408,4:27:19:677387,2570
479.4552,266.8099,4:27:19:681388,2572
481.5456,262.4666,4:27:19:685403,2578
483.3902,258.0358,4:27:19:689388,2587
484.9641,253.7507,4:27:19:693394,2585
486.3414,249.5823,4:27:19:697435,2599
487.4727,245.5596,4:27:19:701406,2619
488.3827,241.7993,4:27:19:705407,2648
489.1205,238.2721,4:27:19:708409,2687
489.7354,234.8324,4:27:19:713412,2730
490.2272,231.5385,4:27:19:717417,2775
490.6207,228.4194,4:27:19:720895,2831
490.8667,225.621,4:27:19:724896,2887
491.0634,223.1141,4:27:19:728895,2947
491.1864,220.9278,4:27:19:732896,3016
491.2602,219.0914,4:27:19:737293,3074
491.2848,217.6631,4:27:19:741324,3133
491.2848,216.6136,4:27:19:745303,3178
491.2848,215.8849,4:27:19:749302,3199
491.2848,215.4476,4:27:19:753310,3203
491.2848,215.127,4:27:19:757321,3190
491.2848,215.0979,4:27:19:761587,3176
491.2848,215.0979,4:27:19:764597,3170
491.2848,215.0979,4:27:19:768597,3170
491.2848,216.4679,4:27:19:772600,3179
490.6699,217.5464,4:27:19:776600,3186
490.6699,219.004,4:27:19:780597,3196
490.0059,220.957,4:27:19:785339,3209
489.4648,223.3181,4:27:19:788722,3225
488.9975,226.0874,4:27:19:792635,3253
488.4319,229.1773,4:27:19:796659,3288
487.8416,232.6753,4:27:19:800636,3335
487.2022,236.3773,4:27:19:805636,3387
486.5381,240.2834,4:27:19:808636,3455
485.7758,244.5102,4:27:19:813381,3516
485.0379,249.0284,4:27:19:817392,3569
484.2509,253.7507,4:27:19:820553,3614
483.3902,258.6771,4:27:19:824562,3650
482.4802,263.7201,4:27:19:828563,3682
481.5702,268.8504,4:27:19:832562,3714
480.6357,274.01,4:27:19:837273,3757
479.7011,279.3736,4:27:19:841283,3788
478.8157,284.7372,4:27:19:845286,3811
477.9058,290.0425,4:27:19:849491,3831
477.0695,295.2603,4:27:19:854474,3835
476.258,300.3907,4:27:19:857471,3829
475.5201,305.4629,4:27:19:861472,3830
474.7823,310.4183,4:27:19:865384,3831
474.1429,315.3447,4:27:19:868903,3829
473.5772,320.0087,4:27:19:873400,3802
473.0854,324.4395,4:27:19:876410,3738
472.6919,328.5788,4:27:19:881411,3631
472.4214,332.4849,4:27:19:885411,3470
472.2246,336.2452,4:27:19:889609,3282
472.1754,339.7141,4:27:19:893121,3059
472.1754,342.9497,4:27:19:897123,2799
472.1754,345.923,4:27:19:901123,2504
472.7657,348.634,4:27:19:905127,2111
472.7657,351.0826,4:27:19:909125,1606
473.7248,353.2397,4:27:19:913390,1016
474.3643,355.1053,4:27:19:917401,515
475.0775,356.7377,4:27:19:921398,169
475.8153,358.2243,4:27:19:925401,0
476.6269,359.507,4:27:19:929401,0
477.5122,360.6438,4:27:19:932401,0
478.373,361.6057,4:27:19:937385,0
479.283,362.4511,4:27:19:941397,0
480.193,363.1507,4:27:19:946002,0
481.1029,363.8211,4:27:19:948981,0
481.9883,364.4333,4:27:19:952983,0
482.8245,365.1038,4:27:19:956981,0
483.6607,365.8616,4:27:19:961332,0
484.4477,366.6779,4:27:19:965018,0
485.1363,367.5523,4:27:19:969016,0
485.702,368.5435,4:27:19:973021,0
486.1693,369.6512,4:27:19:977036,0
486.5135,370.8755,4:27:19:981332,0
486.7595,372.2163,4:27:19:985794,0
486.8825,373.5573,4:27:19:989804,0
486.8825,374.9273,4:27:19:992863,0
486.8825,376.4139,4:27:19:996803,0
486.8825,377.8423,4:27:20:000893,0
486.2184,379.4456,4:27:20:004803,0
486.2184,380.9905,4:27:20:008803,0
485.3823,382.7104,4:27:20:013846,0
484.8904,384.3719,4:27:20:016877,0
484.3247,386.0917,4:27:20:021070,0
483.7345,387.9282,4:27:20:025021,0
483.1442,389.7646,4:27:20:029124,0
482.4802,391.7177,4:27:20:033025,0
481.767,393.6999,4:27:20:037019,0
481.0291,395.653,4:27:20:041019,0
480.3159,397.6643,4:27:20:045019,0
479.5289,399.6173,4:27:20:049022,0
478.7665,401.5704,4:27:20:053048,0
477.9795,403.4943,4:27:20:057019,0
477.1433,405.4182,4:27:20:061019,0
476.3564,407.1381,4:27:20:065014,0
475.5201,408.5081,4:27:20:069030,0
474.6594,409.7324,4:27:20:073391,3117
473.7986,410.6943,4:27:20:077666,3114
472.864,411.5106,4:27:20:080676,3108
471.8311,412.2101,4:27:20:085322,3094
470.7244,412.7057,4:27:20:089322,3060
469.5685,413.2012,4:27:20:093323,3016
468.1912,413.7551,4:27:20:097341,2978
466.691,414.4547,4:27:20:100625,2946
465.0186,415.3,4:27:20:104625,2935
463.1987,416.262,4:27:20:108624,2933
461.0836,417.3114,4:27:20:112625,2928
458.698,418.3608,4:27:20:117336,2924
456.1157,419.381,4:27:20:120651,2919
453.2628,420.343,4:27:20:125130,2915
450.2132,421.2758,4:27:20:129072,2911
446.9422,422.092,4:27:20:133072,2908
443.4991,422.7916,4:27:20:137070,2909
439.9084,423.4329,4:27:20:140724,2914
436.3177,423.8701,4:27:20:145737,2921
432.727,424.1908,4:27:20:149138,2926
429.1609,424.3365,4:27:20:153145,2928
425.7178,424.3365,4:27:20:157167,2929
422.4222,424.3365,4:27:20:161166,2930
419.2989,423.637,4:27:20:165162,2932
416.4214,422.9665,4:27:20:169161,2935
413.7899,422.1212,4:27:20:173583,2940
411.4288,421.0426,4:27:20:176589,2947
409.3876,419.7892,4:27:20:181389,2954
407.6414,418.3025,4:27:20:184399,2959
406.2396,416.641,4:27:20:189399,2955
405.1328,414.7462,4:27:20:193399,2935
404.3459,412.6474,4:27:20:197399,2900
403.9278,410.4612,4:27:20:200398,2860
403.8048,408.1,4:27:20:205331,2815
403.8048,405.6514,4:27:20:209342,2772
403.8048,403.1445,4:27:20:213339,2737
405.0099,400.6085,4:27:20:217342,2707
405.9444,398.1599,4:27:20:221339,2686
407.0757,395.7987,4:27:20:225341,2676
408.3792,393.5833,4:27:20:229328,2673
409.8794,391.5136,4:27:20:233340,2673
411.5518,389.5898,4:27:20:237339,2676
413.3226,387.8408,4:27:20:241337,2680
415.2655,386.2375,4:27:20:245338,2686
417.2576,384.8383,4:27:20:249339,2694
419.348,383.614,4:27:20:252563,2707
421.5615,382.5938,4:27:20:257594,2727
423.9225,381.7192,4:27:20:261380,2755
426.3081,381.1071,4:27:20:265392,2786
428.8412,380.6699,4:27:20:269385,2817
431.3744,380.4658,4:27:20:273398,2848
433.9075,380.4658,4:27:20:277396,2881
436.4899,380.4658,4:27:20:281396,2917
439.0476,381.282,4:27:20:285395,2955
441.5808,382.0399,4:27:20:289397,2995
444.0156,383.0019,4:27:20:293387,3040
446.4503,384.1678,4:27:20:297418,3085
448.7375,385.5379,4:27:20:301421,3142
451.0248,387.112,4:27:20:304418,3207
453.2628,388.8901,4:27:20:309632,3275
455.5009,390.8432,4:27:20:312660,3347
457.7143,393.0294,4:27:20:316642,3424
459.9523,395.274,4:27:20:320645,3504
462.1657,397.8101,4:27:20:324642,3573
464.3792,400.5501,4:27:20:328643,3639
466.7402,403.4943,4:27:20:332724,3686
469.052,406.5842,4:27:20:339704,3716
471.413,409.7907,4:27:20:341730,3751
473.8232,413.0847,4:27:20:345713,3777
476.2826,416.4077,4:27:20:348730,3798
478.6927,419.9058,4:27:20:352713,3816
481.2013,423.258,4:27:20:357719,3820
483.7591,426.6103,4:27:20:361396,3822
486.3414,429.7585,4:27:20:364407,3828
488.9975,432.8192,4:27:20:369384,3840
491.7029,435.7925,4:27:20:373411,3848
494.3836,438.6783,4:27:20:377394,3854
497.0643,441.4476,4:27:20:381412,3840
499.8434,444.0711,4:27:20:385412,3800
502.5241,446.4905,4:27:20:389397,3740
505.1802,448.6768,4:27:20:393388,3645
507.8363,450.7173,4:27:20:397397,3529
510.3695,452.408,4:27:20:401396,3388
512.8043,453.8072,4:27:20:405400,3208
515.2145,454.8857,4:27:20:409399,2996
517.5509,455.6145,4:27:20:413399,2744
519.8135,456.0226,4:27:20:417420,2454
521.9777,456.1392,4:27:20:421442,2088
524.0928,456.1392,4:27:20:425333,1621
526.1095,455.4105,4:27:20:429343,1086
528.1016,454.5651,4:27:20:433343,590
530.0199,453.3408,4:27:20:437345,232
531.7906,451.8833,4:27:20:441343,0
533.4138,450.1051,4:27:20:445362,0
534.9141,448.0646,4:27:20:449346,0
536.2667,445.8784,4:27:20:453353,0
537.4718,443.3715,4:27:20:457488,0
538.5048,440.6022,4:27:20:461034,0
539.3655,437.5998,4:27:20:465004,0
540.0049,434.3641,4:27:20:469007,0
540.4722,430.8661,4:27:20:473004,0
540.7674,427.1349,4:27:20:477036,0
540.8657,423.0831,4:27:20:481324,0
540.8657,418.7397,4:27:20:485640,0
540.8657,414.134,4:27:20:488648,0
539.9803,409.266,4:27:20:492683,0
539.2672,404.2522,4:27:20:496649,0
538.3572,399.0927,4:27:20:500649,0
537.2997,393.8165,4:27:20:504649,0
536.0453,388.3946,4:27:20:509508,0
534.6436,382.9435,4:27:20:512516,0
533.1679,377.2885,4:27:20:516534,0
531.6185,371.7499,4:27:20:520516,0
530.0199,366.2115,4:27:20:524533,0
528.3967,360.8187,4:27:20:528518,0
526.7981,355.3676,4:27:20:532518,0
525.1995,350.1206,4:27:20:536518,0
523.7485,345.0194,4:27:20:541384,0
522.4942,339.8599,4:27:20:544530,0
521.3629,335.0793,4:27:20:548530,0
520.4037,330.2695,4:27:20:552532,0
519.5922,325.7221,4:27:20:556533,0
519.0511,321.2913,4:27:20:560530,0
518.7806,317.0354,4:27:20:564530,0
518.7314,312.8378,4:27:20:568530,0
518.7314,308.7277,4:27:20:572702,0
518.7314,304.7924,4:27:20:576704,0
519.7643,300.9154,4:27:20:580704,0
520.4037,297.0385,4:27:20:584706,0
521.2399,293.1324,4:27:20:589339,0
522.1253,289.2555,4:27:20:593682,0
523.0845,285.5243,4:27:20:597669,0
524.0436,281.7347,4:27:20:600665,0
525.0274,278.0327,4:27:20:605337,0
525.9619,274.4472,4:27:20:609734,0
526.7981,271.0075,4:27:20:612749,0
527.6097,267.7427,4:27:20:617387,0
528.3229,264.682,4:27:20:620397,0
528.8886,261.7379,4:27:20:625413,0
529.3805,258.9395,4:27:20:629396,0
529.774,256.3159,4:27:20:633397,0
530.0445,253.8674,4:27:20:636395,0
530.2659,251.6519,4:27:20:641587,0
530.4626,249.6406,4:27:20:644598,0
530.5364,247.8916,4:27:20:649614,0
530.7086,246.3175,4:27:20:652598,0
530.8561,244.86,4:27:20:657398,0
531.0775,243.6357,4:27:20:661409,0
531.348,242.6154,4:27:20:664408,0
531.7415,241.7118,4:27:20:669463,0
532.2087,240.9539,4:27:20:673463,0
532.8236,240.2543,4:27:20:677463,0
533.586,239.6422,4:27:20:680463,0
534.4468,239.1174,4:27:20:685336,0
535.4305,238.7094,4:27:20:689347,0
536.4143,238.3304,4:27:20:693347,0
537.521,238.0681,4:27:20:697337,0
538.5786,237.864,4:27:20:701358,0
539.6115,237.6017,4:27:20:705365,0
540.546,237.2518,4:27:20:709341,0
541.2839,236.7854,4:27:20:713361,2302
541.9233,236.3482,4:27:20:717372,2307
542.4152,235.9401,4:27:20:721349,2310
542.7595,235.532,4:27:20:725351,2314
542.9808,235.1239,4:27:20:729371,2316
543.1038,234.7158,4:27:20:733363,2309
543.1284,234.5409,4:27:20:737364,2305
543.1284,234.5409,4:27:20:741376,2303
543.1776,234.5409,4:27:20:745373,2315
543.1776,235.4737,4:27:20:749374,2341
543.1776,236.2316,4:27:20:753395,2379
543.1776,237.1644,4:27:20:757480,2421
543.1776,238.3887,4:27:20:760488,2461
543.1776,239.8754,4:27:20:765404,2503
543.1776,241.5369,4:27:20:769413,2535
543.1776,243.4317,4:27:20:773412,2567
543.1776,245.4722,4:27:20:777413,2595
543.1776,247.571,4:27:20:781414,2623
543.1776,249.8155,4:27:20:785435,2638
543.1776,252.235,4:27:20:789331,2651
543.1776,254.6835,4:27:20:793194,2665
543.1776,257.1321,4:27:20:796633,2674
543.9399,259.5225,4:27:20:801642,2701
544.5302,261.8836,4:27:20:804643,2733
545.2926,264.1865,4:27:20:808644,2763
546.1534,266.4019,4:27:20:813643,2790
547.1617,268.5006,4:27:20:816643,2815
548.3914,270.4246,4:27:20:821328,2832
549.7933,272.2027,4:27:20:825337,2847
551.3181,273.8059,4:27:20:829337,2859
553.0151,275.2926,4:27:20:833338,2873
554.8104,276.6335,4:27:20:837337,2892
556.7779,277.8578,4:27:20:841338,2911
558.9421,278.8489,4:27:20:845360,2931
561.1556,279.7526,4:27:20:849052,2952
563.492,280.4521,4:27:20:853065,2972
565.9022,281.006,4:27:20:857060,2992
568.3616,281.4141,4:27:20:861063,3010
570.8947,281.6181,4:27:20:865080,3023
573.4033,281.7639,4:27:20:869062,3033
575.9365,281.7639,4:27:20:873062,3037
578.4204,281.7639,4:27:20:877072,3045
580.9044,281.7639,4:27:20:881077,3053
583.3392,280.7145,4:27:20:885378,3057
585.7001,280.7145,4:27:20:889388,3063
588.0612,279.2862,4:27:20:893387,3063
590.2992,278.3242,4:27:20:897389,3061
592.611,277.1582,4:27:20:901385,3062
594.8245,275.8464,4:27:20:905389,3061
597.0379,274.4181,4:27:20:909398,3061
599.2021,272.7857,4:27:20:913398,3074
601.2926,271.0367,4:27:20:917273,3086
603.3339,269.1419,4:27:20:921322,3105
605.2522,267.1306,4:27:20:925350,3129
607.0475,264.9735,4:27:20:929275,3161
608.6953,262.7873,4:27:20:933078,3213
610.2693,260.601,4:27:20:937086,3272
611.7203,258.4147,4:27:20:941088,3333
613.0484,256.2577,4:27:20:945088,3393
614.2043,254.1297,4:27:20:949664,3437
615.188,252.0018,4:27:20:953086,3482
616.0734,250.0195,4:27:20:957443,3530
616.8604,248.0956,4:27:20:960449,3577
617.5491,246.2883,4:27:20:965335,3624
618.1393,244.3936,4:27:20:969293,3675
618.6066,242.528,4:27:20:973312,3724
619.0001,240.8373,4:27:20:977347,3769
619.3444,239.2049,4:27:20:981332,3819
619.6395,237.6599,4:27:20:984862,3852
619.8855,236.2025,4:27:20:988513,3880
620.0576,234.9198,4:27:20:992511,3907
620.2298,233.7538,4:27:20:996560,3933
620.3282,232.7919,4:27:21:001512,3971
620.3773,232.0632,4:27:21:004563,4013
620.4019,231.4801,4:27:21:008512,4043
620.4511,231.0137,4:27:21:013217,4061
620.4757,230.7222,4:27:21:017259,4065
620.4757,230.5765,4:27:21:021229,4058
620.4757,230.5765,4:27:21:025227,4050
620.5003,230.5765,4:27:21:029296,4046
620.5003,230.5765,4:27:21:033307,4046
620.5003,231.9174,4:27:21:037329,4049
620.5003,232.7919,4:27:21:041347,4053
620.5003,233.987,4:27:21:045344,4057
620.5003,235.4737,4:27:21:049340,4063
620.5003,237.3102,4:27:21:053339,4071
620.5003,239.4381,4:27:21:057340,4086
620.5003,241.8284,4:27:21:061380,4109
620.5003,244.4519,4:27:21:064917,4152
620.0576,247.5418,4:27:21:069379,4215
620.0576,251.0398,4:27:21:072908,4285
620.0576,254.9459,4:27:21:076973,4362
620.0576,259.231,4:27:21:080974,4426
619.7133,263.8366,4:27:21:084970,4466
619.7133,268.7339,4:27:21:088971,4489
619.4428,274.0392,4:27:21:093387,4515
619.1968,279.7817,4:27:21:097399,4534
618.8525,285.8157,4:27:21:101726,4546
618.3853,291.9955,4:27:21:104737,4563
617.8196,298.3211,4:27:21:108764,4556
617.0572,304.7341,4:27:21:112736,4559
616.1718,311.322,4:27:21:116739,4571
615.1635,318.0848,4:27:21:120736,4583
614.0814,324.9059,4:27:21:125241,4595
612.8762,331.4647,4:27:21:129252,4590
611.6219,337.761,4:27:21:133251,4578
610.3185,343.7951,4:27:21:137251,4556
609.0396,349.5959,4:27:21:141249,4531
607.8345,355.1927,4:27:21:145251,4485
606.6295,360.5272,4:27:21:149049,4418
605.5473,365.3661,4:27:21:154060,4319
604.4898,369.8843,4:27:21:156914,4178
603.5798,374.0237,4:27:21:160925,3997
602.8174,377.8131,4:27:21:164927,3759
602.178,381.1654,4:27:21:168924,3471
601.6369,384.2261,4:27:21:173384,3140
601.1942,386.7039,4:27:21:177395,2768
600.9237,388.657,4:27:21:181328,2326
600.7269,390.1728,4:27:21:185034,1777
600.6285,391.2221,4:27:21:189513,1128
600.6285,391.8051,4:27:21:192514,584
600.6285,391.9509,4:27:21:196514,0
600.6285,391.9509,4:27:21:200514,0
600.6285,390.9598,4:27:21:205384,0
600.6285,389.7646,4:27:21:209394,0
600.6285,388.1614,4:27:21:213395,0
600.6285,386.0917,4:27:21:217395,0
600.6285,383.614,4:27:21:221395,0
600.6285,380.7281,4:27:21:225330,0
600.6285,377.4633,4:27:21:228698,0
600.0875,373.7321,4:27:21:232802,0
599.5464,369.622,4:27:21:236799,0
598.8332,365.2203,4:27:21:240798,0
597.9233,360.5563,4:27:21:244799,0
596.8657,355.6591,4:27:21:248798,0
595.7098,350.5287,4:27:21:253333,0
594.3572,345.3109,4:27:21:256812,0
592.9553,339.8307,4:27:21:260888,0
591.4551,334.3796,4:27:21:264884,0
589.9549,329.0161,4:27:21:269385,0
588.4792,323.7108,4:27:21:273395,0
586.9545,318.5512,4:27:21:276395,0
585.528,313.4208,4:27:21:280395,0
584.1754,308.4653,4:27:21:285405,0
582.8965,303.5973,4:27:21:289440,0
581.593,298.9333,4:27:21:293933,0
580.3387,294.3275,4:27:21:296943,0
579.0844,289.8968,4:27:21:300943,0
577.8793,285.5534,4:27:21:304943,0
576.748,281.3267,4:27:21:308943,0
575.5921,277.2748,4:27:21:312946,0
574.3378,273.3395,4:27:21:317389,0
573.059,269.5209,4:27:21:321540,0
571.8047,265.9937,4:27:21:326550,0
570.4274,262.554,4:27:21:328559,0
569.001,259.1143,4:27:21:332577,0
567.4762,255.7912,4:27:21:336549,0
565.7546,252.6139,4:27:21:340550,0
563.9347,249.6115,4:27:21:344725,0
562.041,246.7839,4:27:21:348722,0
560.0735,244.277,4:27:21:352724,0
558.0322,241.9742,4:27:21:356723,0
556.0893,239.9919,4:27:21:361382,0
554.2448,238.4178,4:27:21:365392,0
552.4986,237.1935,4:27:21:369393,0
550.9738,236.2899,4:27:21:372632,0
549.5966,235.6486,4:27:21:376629,0
548.539,235.0947,4:27:21:380632,0
547.752,234.6283,4:27:21:384680,0
547.2355,234.2494,4:27:21:388627,2468
546.8174,233.987,4:27:21:392847,2451
546.6453,233.8121,4:27:21:397857,2431
546.6453,233.7538,4:27:21:400855,2413
546.6453,233.7538,4:27:21:405375,2396
547.7274,233.7538,4:27:21:409383,2404
548.662,234.8033,4:27:21:413454,2421
549.8917,235.7943,4:27:21:416454,2441
551.4164,237.0186,4:27:21:421455,2465
553.3594,238.5053,4:27:21:425454,2486
555.4744,240.1377,4:27:21:429243,2506
557.8109,241.945,4:27:21:433286,2535
560.2948,243.8689,4:27:21:436401,2569
562.9017,245.8219,4:27:21:441433,2611
565.5087,247.8042,4:27:21:445430,2660
568.1648,249.7863,4:27:21:449434,2696
570.8455,251.856,4:27:21:453069,2724
573.4525,254.0423,4:27:21:457100,2737
576.084,256.3159,4:27:21:461099,2741
578.8139,258.5313,4:27:21:465100,2744
581.5438,260.7759,4:27:21:469227,2739
584.3721,263.0204,4:27:21:473283,2732
587.2742,265.265,4:27:21:477229,2704
590.2008,267.4221,4:27:21:481259,2652
593.2012,269.4043,4:27:21:485043,2572
596.2755,271.2408,4:27:21:489067,2461
599.3497,272.9315,4:27:21:493111,2316
602.3256,274.4472,4:27:21:497044,2129
605.1292,275.8173,4:27:21:501376,1885
607.7607,277.0416,4:27:21:505386,1538
610.171,278.0619,4:27:21:509198,1120
612.3106,278.9363,4:27:21:513140,673
614.2289,279.636,4:27:21:517247,315
615.8275,280.1606,4:27:21:521140,0
617.008,280.4813,4:27:21:525662,0
617.8688,280.5979,4:27:21:528672,0
618.4099,280.5979,4:27:21:532771,0
618.6312,280.5979,4:27:21:536671,0
618.6312,279.5485,4:27:21:540672,0
617.8196,278.7906,4:27:21:544671,0
616.8604,277.8286,4:27:21:549381,0
615.3848,276.6627,4:27:21:553392,0
613.4665,275.2926,4:27:21:556841,0
611.1055,273.7768,4:27:21:560764,0
608.2526,272.1152,4:27:21:565746,0
604.8341,270.308,4:27:21:569746,0
600.8007,268.3841,4:27:21:572745,0
596.2017,266.3435,4:27:21:577380,0
590.8895,264.1573,4:27:21:581393,0
585.1099,262.0585,4:27:21:585407,0
578.6909,259.8139,4:27:21:589418,0
571.7555,257.5694,4:27:21:593420,0
564.2544,255.2374,4:27:21:597419,0
556.409,252.9054,4:27:21:601421,0
548.1701,250.69,4:27:21:605420,0
539.4393,248.4163,4:27:21:609383,0
530.5118,246.23,4:27:21:613631,0
521.1415,243.9855,4:27:21:616641,0
511.5008,241.7993,4:27:21:621386,0
501.4666,239.6422,4:27:21:625396,0
491.2602,237.6891,4:27:21:629416,0
480.5127,235.7361,4:27:21:633402,0
469.8144,233.8413,4:27:21:637394,0
458.3291,232.0632,4:27:21:641406,0
446.9668,230.285,4:27:21:645775,0
434.9897,228.6234,4:27:21:649314,0
317.9972,220.2865,4:27:21:677129,0
316.5461,220.2865,4:27:21:681721,0
313.4965,220.2865,4:27:21:684729,0
309.1926,219.3246,4:27:21:688729,0
303.905,219.3246,4:27:21:692729,0
297.5352,219.3246,4:27:21:697334,0
290.0095,218.6541,4:27:21:700871,0
281.5001,218.6541,4:27:21:704870,0
271.9823,218.6541,4:27:21:708870,0
262.981,218.6541,4:27:21:712870,0
254.6191,219.8493,4:27:21:717465,0
246.6507,220.6655,4:27:21:720473,0
238.9037,221.6274,4:27:21:725499,0
231.3534,222.706,4:27:21:729507,0
224.2458,223.8137,4:27:21:732508,0
217.5071,225.0672,4:27:21:737507,0
211.1619,226.2914,4:27:21:741507,0
205.2348,227.5741,4:27:21:745389,0
199.7012,228.8275,4:27:21:749410,0
194.7333,229.7312,4:27:21:753397,0
190.1835,230.1101,4:27:21:757383,0
186.1747,230.1101,4:27:21:761394,3731
182.8299,230.1101,4:27:21:765403,3727
180.1246,229.323,4:27:21:769394,3724
178.0341,228.536,4:27:21:773388,3709
176.5339,227.5157,4:27:21:776927,3680
175.9437,226.2914,4:27:21:780980,3639
175.9437,225.3295,4:27:21:784937,3587
176.8045,224.659,4:27:21:788998,3528
178.5506,224.659,4:27:21:792924,3469
180.9608,223.8428,4:27:21:796917,3405
184.0842,223.8428,4:27:21:800916,3328
187.8717,223.2016,4:27:21:804918,3249
192.3723,223.2016,4:27:21:808915,3149
197.5124,222.6185,4:27:21:813387,3045
203.3165,222.2104,4:27:21:816399,2944
209.6371,221.7732,4:27:21:821397,2847
216.4496,221.2776,4:27:21:826397,2779
223.8523,220.7238,4:27:21:828418,2726
231.7715,220.17,4:27:21:833331,2682
240.1826,219.6161,4:27:21:837340,2652
249.1839,219.004,4:27:21:841338,2625
258.5541,218.3918,4:27:21:845362,2607
268.244,217.8088,4:27:21:849358,2600
278.3766,217.1675,4:27:21:854340,2596
288.952,216.5845,4:27:21:857339,2604
299.6257,216.0598,4:27:21:861380,2619
310.619,215.5934,4:27:21:865391,2648
321.9076,215.1853,4:27:21:869358,2690
333.2945,214.7772,4:27:21:875366,2742
344.9273,214.4857,4:27:21:877362,2808
356.6586,214.2525,4:27:21:881373,2883
368.5374,214.1068,4:27:21:885392,2965
380.4899,214.0193,4:27:21:889403,3042
392.5408,214.0193,4:27:21:893384,3110
404.6902,214.0193,4:27:21:897396,3163
416.8149,214.0193,4:27:21:901394,3204
429.0134,214.0193,4:27:21:905396,3234
441.1627,214.7772,4:27:21:909660,3252
453.2136,214.7772,4:27:21:912670,3264
465.1416,215.5934,4:27:21:916669,3273
476.922,215.5934,4:27:21:920668,3279
488.4073,216.6136,4:27:21:924670,3282
499.5974,217.3132,4:27:21:928670,3282
510.5909,218.0712,4:27:21:932669,3282
521.0923,218.8873,4:27:21:936668,3280
531.1021,219.7619,4:27:21:941263,3282
540.8903,220.6655,4:27:21:945267,3288
550.1622,221.6274,4:27:21:949281,3290
558.8438,222.6477,4:27:21:953292,3292
567.1565,223.6096,4:27:21:957331,3294
574.9281,224.5424,4:27:21:961348,3297
582.1586,225.4753,4:27:21:965559,3303
588.9465,226.3497,4:27:21:968570,3316
595.0704,227.1368,4:27:21:973385,3332
600.6039,227.9238,4:27:21:977393,3346
605.5227,228.6234,4:27:21:981395,3360
609.8758,229.2356,4:27:21:985393,3368
613.6879,229.7894,4:27:21:989395,3375
616.9096,230.3141,4:27:21:993393,3376
619.5411,230.7222,4:27:21:996474,3378
621.6071,231.1012,4:27:22:000484,3377
623.304,231.4218,4:27:22:005484,3368
624.5583,231.655,4:27:22:008484,3339
625.4437,231.83,4:27:22:013484,3282
626.0093,231.9757,4:27:22:016484,3195
626.3536,232.0632,4:27:22:021234,3067
626.5012,232.0923,4:27:22:025196,2904
626.5012,232.1214,4:27:22:029196,2722
626.5012,232.1214,4:27:22:033197,2509
626.5012,232.1797,4:27:22:037590,2231
625.8372,232.1797,4:27:22:040863,1853
625.8372,232.1797,4:27:22:044913,1349
624.755,232.1797,4:27:22:048862,806
623.968,232.1797,4:27:22:052866,375
623.0334,232.1797,4:27:22:056862,0
621.976,231.3636,4:27:22:060896,0
620.7954,231.3636,4:27:22:064523,0
619.5411,230.2558,4:27:22:068536,0
618.3115,229.5854,4:27:22:073387,0
617.1064,228.7984,4:27:22:077402,0
615.9013,227.953,4:27:22:081376,0
614.9175,227.1368,4:27:22:085387,0
613.983,226.3206,4:27:22:089387,0
613.1222,225.5918,4:27:22:093387,0
612.3106,224.9214,4:27:22:097392,0
611.7695,224.2801,4:27:22:101582,0
611.2039,223.7262,4:27:22:105590,0
610.6874,223.2016,4:27:22:109590,0
610.0972,222.8809,4:27:22:113590,0
608.9412,222.4436,4:27:22:117590,0
608.9412,222.4436,4:27:22:135333,0
