369.3489,187.2887,4:10:16:508517,0
369.3489,187.2887,4:10:16:510520,0
369.3489,187.2887,4:10:16:511520,0
369.3489,187.2887,4:10:16:513522,0
369.3489,187.2887,4:10:16:514522,0
369.3489,187.2887,4:10:16:514522,0
369.3489,187.2887,4:10:16:515518,0
369.3489,187.2887,4:10:16:516519,0
369.3489,188.6005,4:10:16:517533,0
369.3489,188.6005,4:10:16:518523,0
369.3489,188.6005,4:10:16:519536,0
369.3489,188.6005,4:10:16:520533,0
369.3489,188.6005,4:10:16:521520,0
369.3489,188.6005,4:10:16:521520,0
369.3489,188.6005,4:10:16:522519,0
369.3489,188.6005,4:10:16:523522,0
369.3489,187.8134,4:10:16:524521,0
369.3489,187.8134,4:10:16:525520,0
369.3489,187.8134,4:10:16:526520,0
369.3489,187.8134,4:10:16:527518,0
369.3489,187.8134,4:10:16:527518,0
369.3489,187.8134,4:10:16:528519,0
369.3489,187.8134,4:10:16:528519,0
369.3489,187.8134,4:10:16:529518,0
369.3489,187.8134,4:10:16:529518,0
369.3489,187.8134,4:10:16:530538,0
369.3489,187.8134,4:10:16:530538,0
369.3489,187.8134,4:10:16:530538,0
369.3489,187.8134,4:10:16:531518,0
368.7587,187.8134,4:10:16:531518,0
368.7587,187.8134,4:10:16:531518,0
368.7587,187.8134,4:10:16:532518,0
368.7587,187.8134,4:10:16:533521,0
368.7587,187.8134,4:10:16:533521,0
368.7587,187.8134,4:10:16:533521,0
368.7587,187.8134,4:10:16:533521,0
368.7587,187.8134,4:10:16:536529,0
368.7587,187.8134,4:10:16:540606,0
368.7587,187.8134,4:10:16:543616,0
368.7587,187.8134,4:10:16:548616,0
368.7587,187.8134,4:10:16:551617,0
368.7587,187.8134,4:10:16:556619,0
368.7587,187.8134,4:10:16:559616,0
368.7587,187.8134,4:10:16:564653,0
368.7587,187.8134,4:10:16:567652,0
368.7587,187.8134,4:10:16:572653,0
368.7587,187.8134,4:10:16:576676,0
368.7587,187.8134,4:10:16:580607,0
368.7587,187.8134,4:10:16:583617,0
368.7587,187.8134,4:10:16:588616,0
368.7587,187.8134,4:10:16:591619,0
368.7587,187.8134,4:10:16:596619,0
368.7587,187.8134,4:10:16:599645,0
368.7587,187.8134,4:10:16:604570,0
368.7587,187.8134,4:10:16:607626,0
368.7587,187.8134,4:10:16:612319,0
368.7587,187.8134,4:10:16:616318,0
368.7587,188.3673,4:10:16:620377,0
368.7587,188.3673,4:10:16:624321,0
368.7587,188.3673,4:10:16:628325,0
368.7587,188.3673,4:10:16:631888,0
368.7587,188.3673,4:10:16:636906,0
368.7587,188.3673,4:10:16:639908,0
368.7587,188.3673,4:10:16:644426,0
368.7587,188.3673,4:10:16:647443,0
368.7587,188.3673,4:10:16:653440,0
368.7587,188.3673,4:10:16:656440,0
368.7587,188.3673,4:10:16:660470,0
368.7587,188.3673,4:10:16:663440,0
368.7587,188.3673,4:10:16:668726,0
368.7587,188.3673,4:10:16:671737,0
368.7587,188.3673,4:10:16:676737,0
368.7587,188.3673,4:10:16:679736,0
368.7587,188.3673,4:10:16:684893,0
368.7587,188.3673,4:10:16:687903,0
368.7587,188.3673,4:10:16:691910,0
368.7587,188.3673,4:10:16:695903,0
368.7587,188.3673,4:10:16:699908,0
368.7587,188.3673,4:10:16:703926,0
368.7587,188.3673,4:10:16:708510,0
368.7587,188.3673,4:10:16:711521,0
368.7587,188.7754,4:10:16:716523,0
368.7587,188.7754,4:10:16:720524,0
368.7587,188.7754,4:10:16:724521,0
368.7587,188.7754,4:10:16:728007,0
368.7587,188.7754,4:10:16:732548,0
368.7587,188.7754,4:10:16:735558,0
368.7587,188.7754,4:10:16:740701,0
368.7587,188.7754,4:10:16:743711,0
368.7587,188.7754,4:10:16:747713,0
368.7587,188.7754,4:10:16:751710,0
368.7587,188.7754,4:10:16:755766,0
368.7587,188.7754,4:10:16:759711,0
368.7587,188.7754,4:10:16:764464,0
368.7587,188.7754,4:10:16:767945,0
368.7587,188.7754,4:10:16:772981,0
368.7587,188.7754,4:10:16:775994,0
368.7587,188.7754,4:10:16:780110,0
368.7587,188.7754,4:10:16:783991,0
368.7587,188.7754,4:10:16:788006,0
368.7587,188.7754,4:10:16:792033,0
368.7587,188.7754,4:10:16:796327,0
368.7587,188.7754,4:10:16:800336,0
368.7587,188.7754,4:10:16:804361,0
368.7587,188.7754,4:10:16:808337,0
368.7587,189.3001,4:10:16:812738,0
368.7587,189.3001,4:10:16:815749,0
368.7587,189.3001,4:10:16:819763,0
368.7587,189.3001,4:10:16:824749,0
368.7587,189.3001,4:10:16:827876,0
368.7587,189.3001,4:10:16:831748,0
368.7587,189.3001,4:10:16:836414,0
368.7587,189.3001,4:10:16:839424,0
368.7587,189.3001,4:10:16:844430,0
368.7587,189.3001,4:10:16:848422,0
368.7587,189.3001,4:10:16:852810,0
368.7587,189.3001,4:10:16:855820,0
368.7587,189.3001,4:10:16:859819,0
368.7587,189.3001,4:10:16:863828,0
368.2914,189.3001,4:10:16:869818,0
368.2914,189.3001,4:10:16:871819,0
368.2914,189.3001,4:10:16:875788,0
368.2914,189.3001,4:10:16:879684,0
368.2914,189.3001,4:10:16:884685,0
368.2914,189.3001,4:10:16:887683,0
368.2914,189.3001,4:10:16:892685,0
368.2914,189.3001,4:10:16:895684,0
368.2914,189.3001,4:10:16:900575,0
368.2914,189.3001,4:10:16:903587,0
368.2914,189.3001,4:10:16:909102,0
368.2914,189.3001,4:10:16:911620,0
368.2914,188.892,4:10:16:916575,0
368.6849,188.892,4:10:16:919883,0
368.6849,188.892,4:10:16:924493,0
368.6849,188.892,4:10:16:927448,0
368.6849,188.6297,4:10:16:932454,0
368.6849,188.6297,4:10:16:935447,0
368.98,188.6297,4:10:16:940529,0
368.98,188.4839,4:10:16:943560,0
368.98,188.4839,4:10:16:948441,0
369.1276,188.4839,4:10:16:951453,0
369.1276,188.4256,4:10:16:956455,0
369.2751,188.3673,4:10:16:959453,0
369.3489,188.309,4:10:16:964455,0
369.3981,188.2507,4:10:16:967452,0
369.4965,188.2215,4:10:16:972608,0
369.6195,188.1924,4:10:16:975618,0
369.7178,188.1049,4:10:16:980837,0
369.9146,188.0758,4:10:16:983849,0
370.1359,188.0466,4:10:16:987857,0
370.3819,187.9592,4:10:16:991850,0
370.6524,187.9301,4:10:16:995918,0
371.0951,187.9009,4:10:16:999850,0
371.6116,187.8426,4:10:17:004660,0
372.251,187.7551,4:10:17:008195,0
373.038,187.6385,4:10:17:012651,0
373.8496,187.5511,4:10:17:015661,0
374.9071,187.4053,4:10:17:020844,0
376.063,187.2596,4:10:17:023854,0
377.3665,187.1138,4:10:17:027868,0
378.8421,186.8806,4:10:17:031856,0
380.3915,186.6766,4:10:17:035868,0
382.0885,186.4434,4:10:17:039854,0
383.8593,186.2393,4:10:17:044904,0
385.8759,185.977,4:10:17:047914,0
387.868,185.7146,4:10:17:051922,0
389.9339,185.4523,4:10:17:055914,0
392.0244,185.1899,4:10:17:060080,0
394.1394,184.8985,4:10:17:063914,0
396.3037,184.6069,4:10:17:068307,0
398.3942,184.4029,4:10:17:072339,0
400.4846,184.1405,4:10:17:076324,0
402.4521,183.9365,4:10:17:080318,0
404.4196,183.7616,4:10:17:084319,0
406.2888,183.5284,4:10:17:087766,0
408.1333,183.2952,4:10:17:092647,0
409.8549,183.1203,4:10:17:095656,0
411.5518,182.9454,4:10:17:099728,0
413.175,182.7122,4:10:17:103677,0
414.6998,182.5665,4:10:17:108680,0
416.1754,182.4207,4:10:17:111688,0
417.4789,182.3041,4:10:17:116578,0
418.684,182.3041,4:10:17:119590,0
419.7661,182.2749,4:10:17:124884,0
420.7007,182.2166,4:10:17:127926,0
421.3893,182.2166,4:10:17:131909,0
421.9058,182.2166,4:10:17:135894,0
422.2009,182.2166,4:10:17:139922,0
422.2255,182.2166,4:10:17:143895,0
422.2255,182.2166,4:10:17:149027,0
422.2255,182.9745,4:10:17:152037,0
421.2909,182.9745,4:10:17:156059,0
420.5777,182.9745,4:10:17:160037,0
419.7661,183.5576,4:10:17:164039,0
418.8316,183.5576,4:10:17:168038,0
417.8232,183.5576,4:10:17:171699,0
416.7657,184.1405,4:10:17:175994,0
415.6098,184.1405,4:10:17:180626,0
414.3801,184.6069,4:10:17:184636,0
413.0766,184.6069,4:10:17:188638,0
411.7486,185.0733,4:10:17:192634,0
410.3221,185.3649,4:10:17:196635,0
408.8219,185.6272,4:10:17:199636,0
407.2971,185.8604,4:10:17:204509,0
405.6493,186.1227,4:10:17:207520,0
403.8786,186.3851,4:10:17:212580,0
402.1078,186.5891,4:10:17:215602,0
400.3371,186.8806,4:10:17:220583,0
398.5171,187.1138,4:10:17:223581,0
396.6234,187.4053,4:10:17:228516,0
394.7051,187.6677,4:10:17:231524,0
392.836,187.9301,4:10:17:235745,0
390.9669,188.2215,4:10:17:239756,0
389.1715,188.4839,4:10:17:243760,0
387.4991,188.7754,4:10:17:247756,0
385.8268,189.0086,4:10:17:252445,0
384.179,189.271,4:10:17:255928,0
382.6787,189.4458,4:10:17:259931,0
381.2769,189.679,4:10:17:263933,0
379.9734,189.8831,4:10:17:268573,0
378.7437,190.0871,4:10:17:271583,0
377.5633,190.2621,4:10:17:276584,0
376.4565,190.4078,4:10:17:279583,0
375.4236,190.5827,4:10:17:284584,0
374.5382,190.7867,4:10:17:287581,0
373.7266,190.9617,4:10:17:292433,0
372.9396,191.1657,4:10:17:296443,0
372.251,191.3114,4:10:17:300475,0
371.587,191.3989,4:10:17:303486,0
371.0705,191.5155,4:10:17:308492,0
370.554,191.6321,4:10:17:311486,0
370.1359,191.7487,4:10:17:316672,0
369.7178,191.807,4:10:17:319682,0
369.3981,191.8945,4:10:17:324681,0
369.1276,191.9236,4:10:17:327682,0
368.8817,191.9527,4:10:17:332683,0
368.6849,192.011,4:10:17:335682,0
368.4636,192.011,4:10:17:340600,0
368.3406,192.011,4:10:17:343611,0
368.193,192.011,4:10:17:348611,0
368.1193,192.011,4:10:17:351611,0
368.0209,192.011,4:10:17:356764,0
367.9471,192.011,4:10:17:359802,0
367.8979,192.011,4:10:17:363838,0
367.8733,192.011,4:10:17:367774,0
367.8733,192.011,4:10:17:372773,0
367.8733,191.4863,4:10:17:375783,0
367.8733,191.4863,4:10:17:380779,0
367.8487,191.4863,4:10:17:383786,0
367.8487,191.4863,4:10:17:388539,0
367.8487,191.0782,4:10:17:392013,0
367.8241,191.0782,4:10:17:397014,0
367.7503,191.0782,4:10:17:400013,0
367.6766,191.0782,4:10:17:404013,0
367.6274,190.845,4:10:17:409013,0
367.529,190.845,4:10:17:412013,0
367.3814,190.845,4:10:17:416562,0
367.1601,190.845,4:10:17:419575,0
366.9388,190.845,4:10:17:424657,0
366.6682,190.845,4:10:17:427657,0
366.3731,190.845,4:10:17:432659,0
365.9796,190.845,4:10:17:435658,0
365.5369,190.845,4:10:17:440508,0
365.0696,190.845,4:10:17:443518,0
364.5532,190.845,4:10:17:448593,0
364.0613,190.845,4:10:17:451603,0
363.594,190.845,4:10:17:456607,0
363.1021,190.845,4:10:17:459603,0
362.5857,190.845,4:10:17:464604,0
362.0692,190.845,4:10:17:467603,0
361.5281,190.845,4:10:17:472508,0
361.0363,190.845,4:10:17:476046,0
360.569,190.845,4:10:17:480040,0
360.0279,190.845,4:10:17:484028,0
359.4377,190.845,4:10:17:488080,0
358.872,190.845,4:10:17:492026,0
358.3555,190.845,4:10:17:496575,0
357.8882,190.845,4:10:17:500088,0
357.3718,190.845,4:10:17:504550,0
356.8799,190.845,4:10:17:507563,0
356.3388,190.845,4:10:17:512554,0
355.847,190.845,4:10:17:516276,0
355.3797,190.845,4:10:17:520642,0
354.9124,190.845,4:10:17:523652,0
354.4451,190.845,4:10:17:528655,0
353.9532,190.845,4:10:17:531652,0
353.486,190.845,4:10:17:536813,0
353.0187,190.845,4:10:17:540340,0
352.5268,190.437,4:10:17:544378,0
352.1087,190.437,4:10:17:548342,0
351.6906,190.437,4:10:17:552351,0
351.2971,190.437,4:10:17:556342,0
350.879,190.437,4:10:17:560749,0
350.5101,190.437,4:10:17:563760,0
350.1412,190.437,4:10:17:568762,0
349.7477,190.437,4:10:17:571760,0
349.4034,190.437,4:10:17:576932,0
349.0591,190.437,4:10:17:579945,0
348.6656,190.437,4:10:17:584941,0
348.2967,190.437,4:10:17:587942,0
347.9524,190.437,4:10:17:591943,0
347.5835,190.437,4:10:17:595969,0
347.19,190.437,4:10:17:600582,0
346.8211,190.437,4:10:17:604074,0
346.4767,190.437,4:10:17:608644,0
346.1324,190.437,4:10:17:611654,0
345.7881,190.437,4:10:17:616178,0
345.4684,190.9034,4:10:17:620196,0
345.1733,190.9034,4:10:17:624596,0
344.829,190.9034,4:10:17:627774,0
344.5092,190.9034,4:10:17:631886,0
344.2387,190.9034,4:10:17:635789,0
343.919,191.1657,4:10:17:640970,0
343.6485,191.1657,4:10:17:644335,597
343.3533,191.1657,4:10:17:649335,603
343.1074,191.1657,4:10:17:652335,629
342.9106,191.1657,4:10:17:656413,680
342.7385,191.1657,4:10:17:660337,763
342.6401,191.1657,4:10:17:664702,869
342.5417,191.1657,4:10:17:668221,1014
342.5172,191.1657,4:10:17:672235,1182
342.5172,191.1657,4:10:17:676220,1368
342.5172,191.1657,4:10:17:680221,1561
342.5172,191.1657,4:10:17:684220,1731
342.5172,190.6993,4:10:17:688414,1876
342.5172,190.6993,4:10:17:692430,1987
342.5172,190.6993,4:10:17:696450,2076
342.5172,190.6993,4:10:17:699465,2140
342.5172,190.6993,4:10:17:704462,2194
342.5172,190.6993,4:10:17:707462,2240
342.5172,190.4078,4:10:17:712465,2273
342.5172,190.4078,4:10:17:716462,2291
342.5172,190.1454,4:10:17:720580,2299
343.132,189.8831,4:10:17:723597,2299
343.132,189.6207,4:10:17:728759,2304
343.8206,189.271,4:10:17:731778,2317
344.3125,188.8629,4:10:17:735777,2336
344.9765,188.3382,4:10:17:739769,2366
345.7635,187.8426,4:10:17:744768,2389
346.6981,187.2887,4:10:17:747786,2415
347.731,186.7932,4:10:17:752419,2447
348.8623,186.2977,4:10:17:755427,2468
350.1412,185.7438,4:10:17:759482,2494
351.4447,185.3065,4:10:17:763475,2511
352.8711,184.811,4:10:17:768474,2514
354.3713,184.4029,4:10:17:771476,2524
355.9699,184.0822,4:10:17:776603,2520
357.5439,183.7616,4:10:17:779609,2523
359.2655,183.4993,4:10:17:784168,2530
361.0854,183.2369,4:10:17:788179,2530
362.9792,183.1203,4:10:17:792436,2534
364.8729,183.0037,4:10:17:795565,2535
366.8404,183.0037,4:10:17:800531,2535
368.7833,183.0037,4:10:17:803931,2537
370.677,183.0037,4:10:17:808558,2543
372.5953,183.0037,4:10:17:811578,2550
374.3169,183.0037,4:10:17:816633,2552
375.8663,183.0037,4:10:17:819644,2554
377.2681,183.7033,4:10:17:824644,2551
378.547,183.7033,4:10:17:827643,2549
379.5799,183.7033,4:10:17:832644,2550
380.4899,184.3446,4:10:17:835643,2543
381.2031,184.3446,4:10:17:840361,2544
381.818,184.3446,4:10:17:844371,2541
382.2361,184.7818,4:10:17:848532,2534
382.5312,184.7818,4:10:17:851530,2537
382.7525,184.7818,4:10:17:855537,2538
382.8755,184.7818,4:10:17:859530,2543
382.9001,185.0733,4:10:17:865116,2552
382.9247,185.0733,4:10:17:868541,2559
382.9247,185.0733,4:10:17:871652,2576
382.9247,185.0733,4:10:17:875541,2597
382.9247,185.0733,4:10:17:879543,2613
382.9247,185.0733,4:10:17:883543,2625
382.9247,185.0733,4:10:17:888370,2628
382.1869,185.0733,4:10:17:892381,2624
382.1869,185.0733,4:10:17:896378,2626
381.3999,185.0733,4:10:17:899380,2626
380.8342,185.0733,4:10:17:904559,2627
380.1702,185.0733,4:10:17:907569,2624
379.4078,185.0733,4:10:17:911586,2620
378.5224,185.0733,4:10:17:915570,2614
377.5633,185.0733,4:10:17:919632,2608
376.5057,185.0733,4:10:17:923570,2610
375.3744,185.0733,4:10:17:927621,2608
374.1939,185.0733,4:10:17:931621,2615
372.9396,185.0733,4:10:17:936197,2611
371.6853,185.0733,4:10:17:940193,2607
370.3327,185.0733,4:10:17:944231,2604
368.9308,185.0733,4:10:17:948194,2594
367.5044,185.0733,4:10:17:952371,2598
366.1272,185.8313,4:10:17:955381,2593
364.7253,185.8313,4:10:17:960379,2598
363.2743,186.4434,4:10:17:963382,2597
361.8724,186.4434,4:10:17:968383,2599
360.446,187.2887,4:10:17:971379,2599
359.0688,187.7843,4:10:17:975826,2589
357.7653,188.3382,4:10:17:979830,2589
356.4618,188.9211,4:10:17:983897,2586
355.183,189.5916,4:10:17:988851,2587
353.9041,190.2621,4:10:17:992317,2596
352.7236,190.9617,4:10:17:996327,2596
351.6414,191.7195,4:10:18:000375,2608
350.6331,192.4483,4:10:18:004385,2619
349.7477,193.1187,4:10:18:008385,2629
349.0345,193.8475,4:10:18:011383,2647
348.4442,194.5179,4:10:18:016397,2651
348.0508,195.1884,4:10:18:019382,2658
347.8294,195.888,4:10:18:024332,2662
347.8294,196.5585,4:10:18:028332,2666
347.8294,197.2289,4:10:18:032331,2669
347.8294,197.841,4:10:18:036332,2677
348.8132,198.5115,4:10:18:040317,2695
349.551,199.1236,4:10:18:043372,2708
350.4363,199.6775,4:10:18:048318,2734
351.5677,200.1439,4:10:18:052328,2764
352.8465,200.5811,4:10:18:056328,2790
354.3221,200.9601,4:10:18:060328,2813
355.9207,201.2516,4:10:18:064328,2829
357.7161,201.5139,4:10:18:068328,2841
359.6344,201.7471,4:10:18:072312,2850
361.7003,201.8929,4:10:18:076322,2857
363.7907,202.0387,4:10:18:080321,2864
365.9058,202.1844,4:10:18:084338,2864
367.9963,202.3593,4:10:18:088321,2865
369.9884,202.5051,4:10:18:092321,2868
371.9313,202.7091,4:10:18:096318,2873
373.6774,202.9715,4:10:18:100336,2878
375.2514,203.2338,4:10:18:103835,2880
376.5795,203.5544,4:10:18:107845,2888
377.7108,203.9334,4:10:18:111859,2888
378.6454,204.3415,4:10:18:115845,2887
379.4078,204.7787,4:10:18:120589,2886
379.998,205.216,4:10:18:124600,2884
380.4407,205.7115,4:10:18:127599,2882
380.7358,206.2071,4:10:18:131599,2885
380.9326,206.761,4:10:18:135694,2886
381.0556,207.2856,4:10:18:140597,2888
381.0556,207.8395,4:10:18:144576,2895
381.0556,208.3642,4:10:18:147583,2900
381.0556,208.8889,4:10:18:151577,2904
381.0556,209.4136,4:10:18:155591,2906
381.0556,209.88,4:10:18:160364,2909
381.0556,210.3172,4:10:18:164372,2908
381.0556,210.6962,4:10:18:167903,2908
380.5145,211.046,4:10:18:171903,2908
380.5145,211.3375,4:10:18:175904,2909
380.5145,211.5415,4:10:18:179903,2911
380.5145,211.6873,4:10:18:184271,2913
380.5145,211.8039,4:10:18:188279,2920
380.5145,211.8331,4:10:18:192417,2922
380.5145,211.8913,4:10:18:195419,2929
380.5145,211.9205,4:10:18:200418,2944
380.5145,211.9205,4:10:18:203418,2972
380.5145,211.9205,4:10:18:208369,3012
380.5145,211.9205,4:10:18:211377,3073
380.5145,211.9205,4:10:18:216379,3149
380.5145,211.9205,4:10:18:219377,3218
380.5145,211.9205,4:10:18:224378,3275
380.5145,211.9205,4:10:18:227377,3308
380.5145,211.9205,4:10:18:232367,3321
380.5145,211.2792,4:10:18:235376,3323
380.5145,211.2792,4:10:18:240369,3322
379.9243,210.6962,4:10:18:244379,3321
379.9243,210.6962,4:10:18:248377,3321
379.3094,209.9966,4:10:18:252377,3318
378.8421,209.6176,4:10:18:256379,3315
378.2765,209.297,4:10:18:260379,3314
377.5633,208.9472,4:10:18:264316,3305
376.7516,208.6557,4:10:18:267390,3298
375.7679,208.3934,4:10:18:272390,3293
374.612,208.2184,4:10:18:276403,3286
373.3085,208.0727,4:10:18:280409,3278
371.8329,208.0727,4:10:18:284390,3272
370.2835,208.0727,4:10:18:288862,3268
368.6357,208.0727,4:10:18:291870,3265
367.0125,208.0727,4:10:18:295926,3268
365.3401,208.0727,4:10:18:299870,3273
363.7416,208.8015,4:10:18:303876,3290
362.1922,208.8015,4:10:18:307876,3312
360.7903,209.5885,4:10:18:312375,3339
359.5114,209.5885,4:10:18:315382,3366
358.3801,210.5796,4:10:18:320377,3387
357.4702,211.1335,4:10:18:324387,3410
356.6586,211.7456,4:10:18:328386,3431
356.0437,212.416,4:10:18:332386,3460
355.5764,213.1448,4:10:18:336387,3493
355.2567,213.9319,4:10:18:340385,3526
355.1338,214.6606,4:10:18:344378,3568
355.1338,215.4768,4:10:18:348388,3606
355.1338,216.4096,4:10:18:351839,3639
355.1338,217.4007,4:10:18:355799,3670
355.9945,218.3918,4:10:18:359799,3694
356.5602,219.4412,4:10:18:363798,3718
357.2242,220.5197,4:10:18:367503,3735
358.0358,221.5108,4:10:18:371516,3750
358.872,222.5311,4:10:18:376211,3760
359.8557,223.5222,4:10:18:380212,3766
360.9379,224.4258,4:10:18:384213,3778
362.1184,225.2129,4:10:18:388213,3791
363.4464,225.9417,4:10:18:392263,3795
364.7499,226.6121,4:10:18:396295,3782
366.1272,227.166,4:10:18:401755,3738
367.5044,227.6906,4:10:18:403753,3651
368.9063,228.0988,4:10:18:407755,3532
370.2097,228.4194,4:10:18:411755,3374
371.4394,228.6817,4:10:18:415755,3187
372.5707,228.8858,4:10:18:419755,2973
373.5791,229.0316,4:10:18:423682,2713
374.489,229.0316,4:10:18:428269,2393
375.3744,229.0316,4:10:18:432303,1982
376.186,229.0316,4:10:18:436269,1512
376.9238,229.0316,4:10:18:441267,1066
377.7354,228.332,4:10:18:444187,657
378.547,228.332,4:10:18:448091,352
379.5062,227.2825,4:10:18:452093,168
380.4653,226.4955,4:10:18:456094,0
381.4245,225.621,4:10:18:460385,0
382.4328,224.5424,4:10:18:463397,0
383.4412,223.3473,4:10:18:468394,0
384.5233,222.1521,4:10:18:471395,0
385.6054,220.7821,4:10:18:476675,0
386.7613,219.2955,4:10:18:479686,0
387.9172,217.838,4:10:18:484375,0
389.1223,216.3221,4:10:18:488375,0
390.4012,214.7772,4:10:18:492375,0
391.7292,213.2031,4:10:18:495406,0
393.1557,211.6581,4:10:18:500315,0
394.6067,210.0257,4:10:18:503422,0
396.1069,208.4516,4:10:18:508368,0
397.6071,206.9359,4:10:18:511712,0
399.0828,205.4492,4:10:18:515710,0
400.5584,203.9917,4:10:18:519711,0
401.9602,202.6508,4:10:18:523714,0
403.2637,201.3974,4:10:18:527710,0
404.518,200.173,4:10:18:532389,0
405.6493,199.0654,4:10:18:536395,0
406.5839,198.0451,4:10:18:540366,0
407.4201,197.0831,4:10:18:543377,0
408.1087,196.1503,4:10:18:548395,0
408.576,195.3633,4:10:18:552401,0
408.8957,194.6054,4:10:18:556627,0
408.9695,193.935,4:10:18:559637,0
408.9695,193.3228,4:10:18:563637,0
408.9695,192.6815,4:10:18:568637,0
408.3792,191.807,4:10:18:571638,0
408.3792,190.9325,4:10:18:576373,2201
407.1987,189.9997,4:10:18:580401,2205
406.5101,189.0669,4:10:18:584383,2213
405.8461,188.1924,4:10:18:587383,2225
405.2558,187.347,4:10:18:592381,2238
404.7393,186.5309,4:10:18:595383,2247
404.2721,185.8895,4:10:18:600328,2255
404.2721,185.4523,4:10:18:604395,2262
403.731,185.1608,4:10:18:607894,2296
403.731,184.9568,4:10:18:611902,2391
403.731,184.811,4:10:18:615903,2528
403.4851,184.6653,4:10:18:619904,2709
403.4851,184.5486,4:10:18:624374,2862
403.4851,184.4612,4:10:18:628383,2954
403.2883,184.3737,4:10:18:631980,2997
403.2883,184.3446,4:10:18:635962,2991
403.2883,184.3446,4:10:18:639962,2983
403.2883,184.3446,4:10:18:643961,2982
403.2883,184.3446,4:10:18:647965,2990
403.2883,185.4231,4:10:18:652286,3008
403.2883,186.1519,4:10:18:656314,3050
404.0507,187.0847,4:10:18:660293,3101
404.0507,188.2215,4:10:18:664439,3169
404.8869,189.5916,4:10:18:667459,3242
405.3542,191.0782,4:10:18:671440,3304
405.9198,192.7106,4:10:18:675458,3363
406.4855,194.343,4:10:18:680476,3405
407.0757,196.0046,4:10:18:683992,3437
407.666,197.637,4:10:18:688033,3462
408.2317,199.2111,4:10:18:691991,3475
408.7973,200.7269,4:10:18:696362,3488
409.3138,202.1552,4:10:18:700372,3496
409.8303,203.467,4:10:18:704372,3505
410.2975,204.6913,4:10:18:708372,3517
410.7402,205.8864,4:10:18:712373,3522
411.1583,206.965,4:10:18:716372,3530
411.601,207.9561,4:10:18:720369,3536
412.0191,208.8889,4:10:18:723377,3528
412.3634,209.7051,4:10:18:728379,3506
412.7323,210.4339,4:10:18:731379,3458
413.0766,211.1335,4:10:18:736377,3379
413.3963,211.7456,4:10:18:740379,3276
413.6915,212.2995,4:10:18:744385,3149
413.9374,212.7367,4:10:18:748391,3001
414.2079,213.1156,4:10:18:751875,2813
414.4047,213.4363,4:10:18:755794,2593
414.626,213.7278,4:10:18:759858,2314
414.8228,213.9319,4:10:18:763794,1966
414.9703,214.0776,4:10:18:768367,1567
415.1425,214.1359,4:10:18:772375,1109
415.2901,214.1359,4:10:18:775377,653
415.4868,214.1359,4:10:18:780379,315
415.6344,214.1359,4:10:18:784377,0
415.8557,213.2031,4:10:18:788376,0
416.0279,213.2031,4:10:18:792459,0
416.2492,212.0371,4:10:18:795470,0
416.5197,211.2209,4:10:18:800467,0
416.8149,210.2589,4:10:18:803470,0
417.1592,209.2679,4:10:18:808530,0
417.5281,208.1893,4:10:18:811550,0
417.9462,206.9942,4:10:18:816367,0
418.4135,205.7699,4:10:18:819378,0
418.9545,204.5164,4:10:18:824428,0
419.4956,203.2921,4:10:18:828428,0
420.1842,202.097,4:10:18:832428,0
420.9466,200.9892,4:10:18:835431,0
421.7336,199.969,4:10:18:840361,0
422.5452,199.007,4:10:18:843369,0
423.4306,198.0742,4:10:18:848005,0
424.316,197.2289,4:10:18:851983,0
425.226,196.4418,4:10:18:855982,0
426.1359,195.6548,4:10:18:859983,0
426.8983,194.9552,4:10:18:864368,0
427.5623,194.2556,4:10:18:867394,0
428.1526,193.556,4:10:18:872314,0
428.6691,192.8855,4:10:18:876098,0
428.9396,192.2151,4:10:18:880149,0
429.0872,191.5446,4:10:18:884147,0
429.0872,190.9617,4:10:18:888265,0
429.0872,190.3495,4:10:18:892145,0
429.0872,189.679,4:10:18:896145,0
428.0542,189.0669,4:10:18:900616,0
427.5132,188.4256,4:10:18:904615,0
426.8983,187.7843,4:10:18:907617,0
426.2835,187.1138,4:10:18:911618,0
425.6686,186.4142,4:10:18:916371,0
425.0784,185.6272,4:10:18:919382,0
424.4389,184.7527,4:10:18:924322,0
423.9225,183.9073,4:10:18:927700,1522
423.3814,183.1203,4:10:18:931766,1543
422.9633,182.4207,4:10:18:935700,1595
422.5698,181.7502,4:10:18:939830,1673
422.2501,181.1673,4:10:18:943700,1755
421.9796,180.6425,4:10:18:948321,1826
421.7828,180.2053,4:10:18:952331,1890
421.7828,179.8555,4:10:18:956329,1974
421.6353,179.5932,4:10:18:960331,2090
421.6353,179.3308,4:10:18:963331,2229
421.6353,179.0101,4:10:18:968331,2367
421.6353,178.6895,4:10:18:972371,2474
421.6353,178.3397,4:10:18:976382,2546
422.2009,178.019,4:10:18:979382,2583
422.2009,177.7567,4:10:18:984400,2601
422.8895,177.4944,4:10:18:988378,2602
422.8895,177.2029,4:10:18:991378,2603
423.8487,176.9988,4:10:18:996261,2610
424.5373,176.9405,4:10:19:000272,2608
425.2751,176.9405,4:10:19:004374,2611
426.1359,176.9405,4:10:19:007382,2624
427.1689,176.9405,4:10:19:011836,2635
428.251,177.6401,4:10:19:015776,2664
429.4807,177.6401,4:10:19:019864,2688
430.8087,178.7478,4:10:19:023777,2707
432.1368,179.564,4:10:19:028318,2724
433.4402,180.4385,4:10:19:031789,2726
434.7437,181.5753,4:10:19:036273,2729
435.9734,182.7413,4:10:19:040180,2727
437.0309,183.9657,4:10:19:044183,2731
437.9901,185.2191,4:10:19:048180,2734
438.7525,186.56,4:10:19:052506,2740
439.3673,187.9009,4:10:19:056507,2744
439.81,189.1835,4:10:19:059506,2744
440.0314,190.4078,4:10:19:063506,2750
440.0806,191.603,4:10:19:067506,2755
440.0806,192.7106,4:10:19:071504,2758
440.0806,193.8183,4:10:19:075779,2763
439.3427,194.8678,4:10:19:079790,2768
438.7771,195.888,4:10:19:084168,2770
438.0639,196.8499,4:10:19:088179,2777
437.2277,197.7827,4:10:19:092181,2783
436.2439,198.599,4:10:19:096181,2793
435.211,199.3568,4:10:19:100314,2799
434.1043,200.0273,4:10:19:104255,2807
432.973,200.6686,4:10:19:108318,2820
431.8662,201.1933,4:10:19:112234,2841
430.7841,201.6306,4:10:19:116234,2878
429.7512,202.0095,4:10:19:120231,2924
428.8658,202.2719,4:10:19:124251,2971
428.1034,202.4759,4:10:19:128264,3015
427.4148,202.6508,4:10:19:131690,3058
426.8245,202.7674,4:10:19:136615,3103
426.2835,202.8257,4:10:19:139614,3161
425.89,202.8257,4:10:19:143638,3225
425.5703,202.8257,4:10:19:148478,3293
425.3489,202.8257,4:10:19:152486,3375
425.1522,202.8257,4:10:19:155495,3459
425.0784,202.8257,4:10:19:159488,3539
425.0046,202.8257,4:10:19:163636,3605
425.0046,202.8257,4:10:19:167629,3642
425.0046,202.8257,4:10:19:171634,3663
425.0046,202.301,4:10:19:175632,3667
425.0046,202.301,4:10:19:180471,3667
425.0046,202.301,4:10:19:183481,3681
425.6686,202.301,4:10:19:187547,3690
425.6686,202.301,4:10:19:191481,3707
426.4802,202.301,4:10:19:195596,3731
427.0951,202.301,4:10:19:199481,3743
427.882,202.301,4:10:19:204365,3755
428.792,202.301,4:10:19:207703,3764
429.8495,202.301,4:10:19:211718,3770
431.0301,203.1755,4:10:19:215719,3774
432.2843,203.1755,4:10:19:219777,3781
433.5632,204.3415,4:10:19:223719,3787
434.8667,204.9536,4:10:19:227710,3793
436.1948,205.7115,4:10:19:231732,3799
437.4982,206.4403,4:10:19:236188,3807
438.8017,207.2274,4:10:19:240186,3809
440.056,207.9561,4:10:19:244188,3796
441.2119,208.714,4:10:19:248186,3760
442.3186,209.4136,4:10:19:252186,3698
443.3269,210.1132,4:10:19:256377,3612
444.2861,210.7836,4:10:19:259387,3509
445.0977,211.3958,4:10:19:264388,3384
445.8109,212.0079,4:10:19:268388,3233
446.4503,212.5035,4:10:19:272387,3071
447.0652,213.0282,4:10:19:276385,2887
447.5325,213.4363,4:10:19:280388,2688
447.9506,213.8152,4:10:19:284401,2471
448.2949,214.1068,4:10:19:288365,2214
448.59,214.34,4:10:19:292373,1901
448.8605,214.544,4:10:19:296322,1560
449.0573,214.6606,4:10:19:299850,1174
449.1802,214.748,4:10:19:303887,727
449.254,214.748,4:10:19:307850,389
449.254,214.748,4:10:19:311852,0
449.254,214.748,4:10:19:315850,0
449.254,213.9901,4:10:19:320374,0
448.6146,213.9901,4:10:19:323384,0
448.6146,213.0282,4:10:19:328383,0
447.68,212.3577,4:10:19:331384,0
447.0898,211.5415,4:10:19:336384,0
446.3274,210.6962,4:10:19:339384,0
445.565,209.7634,4:10:19:344405,0
444.6796,208.7723,4:10:19:348411,0
443.7204,207.6646,4:10:19:352379,0
442.6875,206.5569,4:10:19:356392,0
441.63,205.3909,4:10:19:360322,0
440.5233,204.2249,4:10:19:364307,0
439.3919,203.0298,4:10:19:368309,0
438.236,201.8929,4:10:19:372308,0
437.1293,200.7269,4:10:19:376508,0
435.9734,199.6775,4:10:19:380518,0
434.7437,198.599,4:10:19:383931,0
433.5386,197.6078,4:10:19:387871,0
432.2843,196.6167,4:10:19:391870,0
430.9317,195.6548,4:10:19:395874,0
429.6282,194.7803,4:10:19:400367,0
428.1526,193.9058,4:10:19:403736,0
426.6032,193.0313,4:10:19:408718,0
424.98,192.1859,4:10:19:412719,0
423.2584,191.3698,4:10:19:416747,0
421.5123,190.5244,4:10:19:419757,0
419.6432,189.7374,4:10:19:424368,0
417.7495,188.892,4:10:19:427883,0
415.659,187.9009,4:10:19:431930,0
413.5193,186.8223,4:10:19:435810,1757
411.2567,185.5981,4:10:19:439891,1787
408.9203,184.4612,4:10:19:443810,1834
406.5347,183.2369,4:10:19:448441,1919
404.0999,181.9834,4:10:19:451451,2018
401.7143,180.6425,4:10:19:456451,2102
399.4517,179.3308,4:10:19:460451,2211
397.3612,178.1065,4:10:19:464450,2331
395.4921,176.9697,4:10:19:468451,2483
393.7951,175.862,4:10:19:472414,2651
392.3441,174.6376,4:10:19:476415,2805
391.1144,173.4425,4:10:19:480415,2930
390.106,172.1891,4:10:19:484419,3025
389.2945,170.9648,4:10:19:488865,3097
388.5567,169.7113,4:10:19:491875,3157
388.0156,168.4579,4:10:19:496440,3206
387.6467,167.2044,4:10:19:500449,3243
387.4991,165.8927,4:10:19:504450,3273
387.4991,164.61,4:10:19:508450,3284
387.4991,163.3566,4:10:19:512471,3286
387.4991,162.1323,4:10:19:515481,3277
388.5321,160.9371,4:10:19:520104,3270
389.1223,159.8295,4:10:19:524089,3267
389.8601,158.8383,4:10:19:528117,3260
390.6225,157.9347,4:10:19:532089,3259
391.3849,157.2351,4:10:19:536367,3257
392.1719,156.7104,4:10:19:540378,3249
393.0081,156.3606,4:10:19:544200,3249
393.8689,156.2731,4:10:19:548202,3245
394.8035,156.2731,4:10:19:552253,3240
395.7872,156.2731,4:10:19:556199,3237
396.8202,157.5849,4:10:19:560312,3225
397.9761,158.5468,4:10:19:564187,3212
399.2549,159.6837,4:10:19:568266,3183
400.6322,161.0829,4:10:19:572265,3151
402.1078,162.657,4:10:19:576265,3109
403.6818,164.3185,4:10:19:580265,3051
405.305,166.0384,4:10:19:584113,2976
406.9528,167.904,4:10:19:588124,2888
408.6743,169.7113,4:10:19:592126,2787
410.3959,171.606,4:10:19:596123,2680
412.1421,173.5008,4:10:19:600307,2567
413.9128,175.3081,4:10:19:604317,2432
415.7328,177.1445,4:10:19:608190,2287
417.6019,179.0101,4:10:19:612197,2116
419.4464,180.8174,4:10:19:616197,1916
421.4139,182.5665,4:10:19:620197,1686
423.4306,184.228,4:10:19:624198,1417
425.5703,185.7438,4:10:19:628197,1125
427.7591,187.1138,4:10:19:632359,828
429.9725,188.4839,4:10:19:636367,522
432.186,189.5916,4:10:19:640312,279
434.301,190.4953,4:10:19:644322,111
436.4161,191.224,4:10:19:648319,0
438.3098,191.8653,4:10:19:652323,0
440.0314,192.3609,4:10:19:656369,0
441.63,192.769,4:10:19:660380,0
443.081,193.0896,4:10:19:664232,0
444.4091,193.2937,4:10:19:668269,0
445.6142,193.4394,4:10:19:672395,0
446.7701,193.5851,4:10:19:675376,0
447.8768,193.7018,4:10:19:680376,0
448.9343,193.7309,4:10:19:683377,0
450.0656,193.7892,4:10:19:688366,0
451.1477,193.8183,4:10:19:691717,0
452.2053,193.8475,4:10:19:695919,0
453.1398,193.935,4:10:19:700002,0
454.1728,193.9641,4:10:19:703920,0
455.1565,194.0515,4:10:19:707921,0
456.1403,194.139,4:10:19:711922,0
457.1486,194.2265,4:10:19:716311,0
458.1078,194.343,4:10:19:719976,0
459.0424,194.4597,4:10:19:724372,0
459.9523,194.5471,4:10:19:727385,0
460.9853,194.6637,4:10:19:732383,0
461.8952,194.8094,4:10:19:735382,0
462.7314,194.9552,4:10:19:740558,0
463.4938,195.101,4:10:19:743569,0
464.1086,195.3342,4:10:19:748566,0
464.6005,195.509,4:10:19:751569,0
465.0186,195.7714,4:10:19:755568,0
465.2646,196.0338,4:10:19:759571,0
465.3629,196.2961,4:10:19:764238,0
465.3629,196.5876,4:10:19:768244,0
465.3629,196.8791,4:10:19:772364,0
465.3629,197.2289,4:10:19:775377,0
465.3629,197.5204,4:10:19:780369,0
465.3629,197.8119,4:10:19:783380,0
464.7973,198.0742,4:10:19:788380,0
464.7973,198.3366,4:10:19:791379,0
464.7973,198.599,4:10:19:796379,0
464.7973,198.8613,4:10:19:799381,563
464.7973,199.1528,4:10:19:804371,578
464.7973,199.5318,4:10:19:808381,611
464.7973,199.9398,4:10:19:812381,664
464.7973,200.4063,4:10:19:816389,754
465.6335,200.9601,4:10:19:820395,853
465.6335,201.5431,4:10:19:824395,961
466.5188,202.1844,4:10:19:828379,1069
467.0107,202.8257,4:10:19:831387,1163
467.5518,203.4379,4:10:19:836374,1243
468.0682,204.0208,4:10:19:840270,1324
468.5847,204.633,4:10:19:844337,1389
468.9782,205.1577,4:10:19:848268,1454
469.3471,205.6241,4:10:19:851725,1525
469.6668,206.0614,4:10:19:856610,1586
469.9128,206.4695,4:10:19:859611,1666
469.9128,206.8775,4:10:19:863609,1745
470.1341,207.2274,4:10:19:868369,1844
470.1341,207.5188,4:10:19:871885,1958
470.1341,207.8103,4:10:19:876344,2068
470.1341,208.0727,4:10:19:880350,2176
469.2979,208.3351,4:10:19:884350,2272
468.7077,208.5099,4:10:19:888348,2350
467.9453,208.714,4:10:19:892349,2424
467.0353,208.8015,4:10:19:896348,2490
465.9532,208.918,4:10:19:900370,2556
464.6989,208.9472,4:10:19:904380,2633
463.3954,208.9472,4:10:19:908365,2718
461.9936,208.9472,4:10:19:911450,2820
460.6163,208.9472,4:10:19:916425,2915
459.3375,208.9472,4:10:19:919425,2992
458.0832,208.0727,4:10:19:924423,3049
456.9519,208.0727,4:10:19:927433,3081
455.9681,207.2274,4:10:19:932363,3101
455.1565,206.6735,4:10:19:936372,3111
454.4925,206.0614,4:10:19:939907,3120
454.0006,205.3909,4:10:19:943907,3122
453.6563,204.6622,4:10:19:947912,3118
453.435,203.9626,4:10:19:951911,3111
453.3612,203.1755,4:10:19:956369,3099
453.3612,202.4759,4:10:19:959382,3093
453.3612,201.7471,4:10:19:964379,3086
454.1728,201.0767,4:10:19:968380,3080
454.763,200.4063,4:10:19:972378,3077
455.55,199.8232,4:10:19:976380,3068
456.5092,199.2986,4:10:19:979947,3052
457.6651,198.803,4:10:19:983957,3031
458.9932,198.3949,4:10:19:988340,3008
460.395,198.0451,4:10:19:992351,2977
461.9198,197.7536,4:10:19:996310,2948
463.6414,197.433,4:10:20:000363,2923
465.3383,197.1998,4:10:20:004368,2894
467.0845,196.9666,4:10:20:008378,2869
468.7569,196.7917,4:10:20:012378,2854
470.4293,196.6167,4:10:20:016378,2839
472.0524,196.4418,4:10:20:020378,2828
473.5526,196.3253,4:10:20:024544,2830
474.9299,196.1795,4:10:20:027575,2828
476.135,196.0046,4:10:20:031554,2828
477.1925,195.888,4:10:20:035568,2832
478.1271,195.7131,4:10:20:039554,2836
478.8649,195.4799,4:10:20:043557,2859
479.406,195.2467,4:10:20:048363,2897
479.7995,194.9552,4:10:20:052371,2940
480.0454,194.6054,4:10:20:056429,2996
480.1684,194.1973,4:10:20:060432,3049
480.1684,193.7018,4:10:20:064430,3100
480.1684,193.1479,4:10:20:067431,3162
480.1684,192.5649,4:10:20:072378,3217
480.1684,191.8653,4:10:20:075696,3264
479.283,191.0491,4:10:20:079782,3319
479.283,190.1454,4:10:20:084716,3373
478.3239,189.1835,4:10:20:088705,3435
477.7828,188.1924,4:10:20:092709,3521
477.1679,187.2013,4:10:20:096370,3614
476.5777,186.181,4:10:20:100380,3714
475.9383,185.2191,4:10:20:104318,3822
475.3972,184.4029,4:10:20:107883,3913
474.8807,183.7033,4:10:20:111566,3994
474.4872,183.1494,4:10:20:115536,4059
474.1921,182.7413,4:10:20:119535,4098
473.9708,182.479,4:10:20:123535,4120
473.9708,182.3041,4:10:20:128533,4124
473.7248,182.2749,4:10:20:131546,4118
473.7248,182.2749,4:10:20:135669,4111
473.7248,182.2749,4:10:20:139543,4115
473.7248,183.1494,4:10:20:144542,4119
473.7248,183.9073,4:10:20:147543,4132
473.7248,184.7527,4:10:20:152447,4146
473.7248,185.8313,4:10:20:155457,4156
473.7248,187.0847,4:10:20:160456,4167
474.3889,188.513,4:10:20:164456,4176
474.3889,190.0289,4:10:20:167456,4185
475.1266,191.5446,4:10:20:171459,4191
475.5447,193.0313,4:10:20:175844,4192
476.0612,194.4888,4:10:20:179854,4170
476.6023,195.8589,4:10:20:184164,4120
477.1925,197.1414,4:10:20:188177,4035
477.7582,198.3366,4:10:20:192175,3917
478.2993,199.4151,4:10:20:196174,3766
478.8649,200.3771,4:10:20:200176,3592
479.3322,201.2516,4:10:20:204174,3399
479.8241,202.0387,4:10:20:208366,3183
480.2176,202.7091,4:10:20:211374,2972
480.6111,203.3212,4:10:20:216148,2746
480.8816,203.8168,4:10:20:220149,2492
481.1767,204.2249,4:10:20:224145,2217
481.3735,204.5164,4:10:20:228146,1912
481.5456,204.7787,4:10:20:232001,1588
481.5948,204.8954,4:10:20:235998,1244
481.5948,204.9536,4:10:20:240030,868
481.5948,204.9536,4:10:20:244017,509
481.5948,204.9536,4:10:20:248358,234
480.734,204.9536,4:10:20:251368,0
480.1684,204.0208,4:10:20:255498,0
479.406,204.0208,4:10:20:259511,0
478.5206,202.884,4:10:20:264506,0
477.4139,202.1552,4:10:20:267508,0
476.1596,201.3099,4:10:20:272362,0
474.7578,200.3188,4:10:20:276373,0
473.1591,199.2694,4:10:20:280361,0
471.4622,198.1617,4:10:20:283371,0
469.5685,196.9374,4:10:20:288372,0
467.5272,195.7131,4:10:20:292372,0
465.24,194.4014,4:10:20:296372,0
462.756,193.0896,4:10:20:300369,0
460.149,191.7487,4:10:20:304299,0
457.247,190.4078,4:10:20:308132,0
454.0744,189.1252,4:10:20:312364,0
450.6805,187.9009,4:10:20:315374,0
446.9914,186.7349,4:10:20:320312,0
443.1794,185.6272,4:10:20:324192,0
439.1952,184.6069,4:10:20:328270,0
434.9897,183.7033,4:10:20:332290,0
430.6612,182.9454,4:10:20:336293,0
426.2589,182.3041,4:10:20:340281,0
421.7582,181.7794,4:10:20:344283,0
417.1838,181.3713,4:10:20:347685,0
412.5602,181.0506,4:10:20:352382,0
407.9119,180.8466,4:10:20:356380,0
403.2391,180.7883,4:10:20:360383,0
398.5417,180.7883,4:10:20:363381,0
393.9919,180.7883,4:10:20:368367,0
389.4666,180.7883,4:10:20:372374,0
384.9906,181.4879,4:10:20:376359,0
380.5637,181.4879,4:10:20:379381,0
376.2844,181.4879,4:10:20:384367,2656
372.1772,181.4879,4:10:20:388367,2656
368.316,181.4879,4:10:20:392863,2653
364.7745,181.4879,4:10:20:395888,2647
361.6019,181.4879,4:10:20:399872,2611
358.8474,181.4879,4:10:20:403874,2544
356.5602,181.4879,4:10:20:407873,2440
354.8878,181.4879,4:10:20:411888,2308
353.6581,181.4879,4:10:20:416274,2195
352.9203,181.4879,4:10:20:420274,2114
352.576,181.4879,4:10:20:424280,2099
352.576,182.3041,4:10:20:428288,2142
352.576,182.3041,4:10:20:432318,2212
353.4368,182.3041,4:10:20:436344,2300
354.3713,182.8288,4:10:20:440306,2379
355.6502,182.8288,4:10:20:444194,2447
357.298,182.8288,4:10:20:449192,2512
359.4622,182.8288,4:10:20:453194,2573
362.2167,182.8288,4:10:20:456222,2632
365.5861,182.8288,4:10:20:459751,2688
369.5211,182.8288,4:10:20:464223,2746
374.0218,182.8288,4:10:20:468232,2801
378.9897,182.8288,4:10:20:472233,2849
384.5479,182.0709,4:10:20:476230,2905
390.6963,182.0709,4:10:20:480813,2956
397.0415,181.4588,4:10:20:483824,3004
403.6818,181.4588,4:10:20:487825,3056
410.5189,180.8466,4:10:20:493826,3102
417.6019,180.8466,4:10:20:495823,3148
424.8078,180.351,4:10:20:499824,3194
431.9154,180.351,4:10:20:504368,3236
438.9001,180.0013,4:10:20:508379,3275
445.7125,180.0013,4:10:20:512366,3312
452.402,179.7097,4:10:20:515375,3345
458.7718,179.7097,4:10:20:520423,3383
464.6743,179.3891,4:10:20:523420,3413
469.962,179.3891,4:10:20:528423,3435
474.5856,179.185,4:10:20:531420,3465
478.7665,179.0393,4:10:20:536362,3484
482.2343,178.9227,4:10:20:540369,3508
485.0133,178.8353,4:10:20:544371,3543
487.0792,178.7769,4:10:20:548372,3583
488.5794,178.7186,4:10:20:552661,3663
489.5632,178.6895,4:10:20:555671,3782
490.1288,178.6895,4:10:20:559670,3916
490.4977,178.6312,4:10:20:563669,4038
490.4977,178.6312,4:10:20:567671,4115
490.4977,178.6312,4:10:20:571669,4146
490.4977,178.6312,4:10:20:575836,4133
489.4648,178.6312,4:10:20:579847,4094
488.8992,178.6312,4:10:20:583846,4040
488.2843,178.6312,4:10:20:587849,3973
487.5957,178.6312,4:10:20:591846,3886
486.8087,178.6312,4:10:20:596405,3766
486.0463,178.6312,4:10:20:600404,3606
485.2347,178.6312,4:10:20:604404,3391
484.4723,179.3308,4:10:20:608406,3126
483.7345,179.3308,4:10:20:612470,2812
482.9721,179.3308,4:10:20:615483,2429
482.3326,179.8846,4:10:20:619479,1953
481.7178,179.8846,4:10:20:623480,1415
481.2259,179.8846,4:10:20:627579,847
480.7832,180.2928,4:10:20:631716,407
480.4389,180.2928,4:10:20:636370,0
480.193,180.2928,4:10:20:640380,0
479.9716,180.2928,4:10:20:644364,0
479.7995,180.2928,4:10:20:648375,0
479.5781,180.2928,4:10:20:652330,0
479.3568,180.2928,4:10:20:655334,0
479.1108,180.2928,4:10:20:660329,0
478.7665,180.2928,4:10:20:664329,0
478.3484,180.2928,4:10:20:668360,0
477.832,180.2928,4:10:20:671371,0
477.1433,179.4474,4:10:20:676384,0
476.381,179.4474,4:10:20:679386,0
475.5201,178.7478,4:10:20:684385,0
474.5364,178.7478,4:10:20:688383,0
473.4297,177.9608,4:10:20:692359,0
472.1754,177.9608,4:10:20:695370,0
470.7736,177.3194,4:10:20:700360,0
469.2733,176.9697,4:10:20:703709,0
467.5764,176.9697,4:10:20:707863,0
465.6826,176.5033,4:10:20:711862,0
463.7151,176.5033,4:10:20:715896,0
461.5755,176.2701,4:10:20:719863,0
459.2637,176.2701,4:10:20:724359,0
456.8289,176.2701,4:10:20:727703,0
454.3695,176.2701,4:10:20:732360,0
451.7626,176.2701,4:10:20:735371,0
449.1557,176.2701,4:10:20:740370,0
446.4995,176.9697,4:10:20:743371,0
443.7696,176.9697,4:10:20:748370,0
440.9659,177.5526,4:10:20:752371,0
438.1869,177.5526,4:10:20:755652,0
435.3094,178.3689,4:10:20:760309,0
432.2597,178.3689,4:10:20:763825,0
429.1609,179.185,4:10:20:768821,0
426.0129,179.7097,4:10:20:771822,0
422.8895,180.2636,4:10:20:776357,0
419.7661,180.7592,4:10:20:779367,0
416.5935,181.313,4:10:20:784367,0
413.3963,181.8085,4:10:20:787367,0
410.2238,182.4498,4:10:20:792367,0
407.1495,183.0329,4:10:20:795365,0
404.0999,183.7616,4:10:20:800634,0
401.0503,184.4029,4:10:20:803644,0
397.9515,185.1608,4:10:20:807644,0
394.8035,185.977,4:10:20:811644,0
391.7047,186.7349,4:10:20:815644,0
388.7288,187.4637,4:10:20:820645,0
385.8268,188.1049,4:10:20:824369,0
383.0477,188.892,4:10:20:827884,0
380.3423,189.679,4:10:20:832367,0
377.7846,190.3786,4:10:20:835377,0
375.3744,190.9908,4:10:20:840393,0
373.0626,191.6321,4:10:20:844374,0
370.8983,192.2734,4:10:20:848377,0
368.8325,192.8564,4:10:20:852377,0
366.8404,193.4394,4:10:20:856364,0
364.9713,193.9641,4:10:20:859374,0
363.2497,194.4888,4:10:20:864389,0
361.6019,194.9552,4:10:20:868385,0
360.0279,195.4216,4:10:20:872374,0
358.6015,195.8297,4:10:20:876390,0
357.298,196.1503,4:10:20:880426,0
356.0929,196.5293,4:10:20:883722,0
355.1092,196.8208,4:10:20:887822,0
354.1992,197.1123,4:10:20:891725,0
353.3384,197.3746,4:10:20:895727,0
352.6252,197.6078,4:10:20:899720,0
352.0103,197.7827,4:10:20:903722,0
351.5185,197.9576,4:10:20:908563,0
351.1004,198.1908,4:10:20:912082,0
350.7315,198.3366,4:10:20:916169,0
350.4363,198.4823,4:10:20:920088,0
350.215,198.6281,4:10:20:924086,0
350.1412,198.7447,4:10:20:928088,0
350.0674,198.8904,4:10:20:932088,0
350.0428,199.0362,4:10:20:936309,0
350.0428,199.1528,4:10:20:940100,0
350.0428,199.2694,4:10:20:944311,0
350.0428,199.4151,4:10:20:949737,0
350.0428,199.5318,4:10:20:951739,0
350.6085,199.59,4:10:20:955750,0
350.6085,199.7066,4:10:20:959756,0
350.6085,199.8232,4:10:20:963817,0
351.1742,199.8524,4:10:20:967759,0
351.1742,199.9398,4:10:20:972358,0
351.5923,199.9982,4:10:20:976651,0
351.5923,200.0856,4:10:20:979664,0
351.5923,200.1147,4:10:20:983703,0
352.0349,200.173,4:10:20:987704,0
352.0349,200.2314,4:10:20:991706,0
352.2563,200.2605,4:10:20:995705,0
352.2563,200.2896,4:10:21:000356,0
352.4038,200.3188,4:10:21:004367,0
352.4038,200.3188,4:10:21:007737,0
352.5022,200.3188,4:10:21:011736,0
352.5022,200.3188,4:10:21:015737,0
352.5022,200.3188,4:10:21:019738,0
352.5022,200.3188,4:10:21:024456,0
352.6006,200.3188,4:10:21:027464,0
352.6006,200.3188,4:10:21:032466,0
352.6006,200.3188,4:10:21:035465,0
352.6006,199.765,4:10:21:039466,0
352.6006,199.765,4:10:21:044464,0
352.6006,199.765,4:10:21:048089,0
352.6006,199.765,4:10:21:052090,0
352.6006,199.3277,4:10:21:056092,0
352.6006,199.3277,4:10:21:060090,0
352.6006,199.3277,4:10:21:064308,0
352.6006,199.007,4:10:21:067765,0
353.1417,199.007,4:10:21:072290,0
353.1417,198.7447,4:10:21:075633,0
353.1417,198.5115,4:10:21:079694,0
353.6827,198.3366,4:10:21:083635,0
353.6827,198.1908,4:10:21:087685,0
354.1254,197.9868,4:10:21:091635,0
354.1254,197.7827,4:10:21:095951,0
354.5681,197.6078,4:10:21:099951,0
354.7648,197.3746,4:10:21:103952,0
354.9862,197.1998,4:10:21:108951,0
355.2567,196.9666,4:10:21:111951,0
355.5273,196.7334,4:10:21:116365,0
355.847,196.471,4:10:21:120375,0
356.1421,196.2378,4:10:21:124374,0
356.4126,195.9171,4:10:21:128375,0
356.7569,195.6257,4:10:21:132375,0
357.1259,195.3342,4:10:21:137376,0
357.4456,195.0135,4:10:21:140526,0
357.7899,194.6929,4:10:21:143537,0
358.1342,194.343,4:10:21:147537,0
358.3801,194.0515,4:10:21:152538,0
358.749,193.7018,4:10:21:155564,0
359.118,193.4102,4:10:21:160313,0
359.5114,193.1187,4:10:21:164314,0
359.8065,192.8564,4:10:21:168337,0
360.1509,192.5941,4:10:21:172313,0
360.5444,192.3609,4:10:21:176314,0
360.8149,192.1568,4:10:21:179391,0
361.1838,191.9236,4:10:21:184307,0
361.2822,191.7195,4:10:21:188388,0
361.5281,191.4572,4:10:21:192390,0
361.6265,191.1657,4:10:21:196389,0
361.774,190.9325,4:10:21:200390,0
361.897,190.641,4:10:21:203390,0
361.9708,190.3786,4:10:21:208308,0
362.0446,190.1163,4:10:21:211402,0
362.0446,189.8831,4:10:21:216435,0
362.1922,189.6207,4:10:21:220675,0
362.1922,189.4458,4:10:21:223686,0
362.2413,189.3001,4:10:21:228361,0
362.2413,189.0669,4:10:21:231372,0
362.2413,188.9794,4:10:21:236372,0
362.2413,188.8337,4:10:21:239371,0
362.2413,188.6588,4:10:21:244372,0
362.2413,188.513,4:10:21:247369,0
362.2413,188.4547,4:10:21:252356,0
362.2413,188.3382,4:10:21:256366,0
362.2413,188.1633,4:10:21:260365,0
362.2413,188.0175,4:10:21:263366,0
362.2413,187.9009,4:10:21:268366,0
362.2413,187.7843,4:10:21:271367,0
362.2413,187.6677,4:10:21:276314,0
362.2413,187.6094,4:10:21:280324,0
362.2413,187.4928,4:10:21:284326,0
362.2413,187.3762,4:10:21:288324,0
362.2413,187.2887,4:10:21:292352,0
362.2413,187.2013,4:10:21:295372,0
362.2413,187.1138,4:10:21:300362,0
362.2413,186.9389,4:10:21:304373,0
362.2413,186.7349,4:10:21:308372,0
362.2413,186.5017,4:10:21:311372,0
362.2413,186.2393,4:10:21:315372,0
362.2413,186.0061,4:10:21:319375,0
362.2413,185.7729,4:10:21:324358,0
362.2413,185.5106,4:10:21:328368,0
362.2413,185.2191,4:10:21:332382,0
362.2413,185.0442,4:10:21:336386,0
362.2413,184.7527,4:10:21:340359,0
362.2413,184.5195,4:10:21:343369,0
362.2413,184.3154,4:10:21:348382,0
362.2413,183.9948,4:10:21:351367,0
362.2413,183.7033,4:10:21:356369,0
362.8808,183.4409,4:10:21:359372,0
362.8808,183.1494,4:10:21:363462,0
362.8808,182.9454,4:10:21:367484,0
363.3727,182.683,4:10:21:371550,0
363.3727,182.5373,4:10:21:375473,0
363.6924,182.2166,4:10:21:380366,0
364.0367,181.9834,4:10:21:384376,0
364.258,181.7211,4:10:21:388393,0
364.4302,181.4879,4:10:21:392419,0
364.6515,181.313,4:10:21:395430,0
364.9467,181.0506,4:10:21:399430,0
365.168,180.9049,4:10:21:404428,0
365.4385,180.6717,4:10:21:408676,0
365.7091,180.526,4:10:21:411686,0
365.9304,180.4093,4:10:21:415686,0
366.1272,180.2053,4:10:21:419689,0
366.3239,180.0596,4:10:21:423688,0
366.5207,179.7972,4:10:21:427686,0
366.7912,179.5932,4:10:21:432317,0
367.0863,179.3017,4:10:21:436334,0
367.406,179.0101,4:10:21:440038,0
367.6274,178.7478,4:10:21:443826,0
367.8487,178.4563,4:10:21:447913,0
368.1438,178.3105,4:10:21:451913,0
368.3652,178.0482,4:10:21:455912,0
368.5865,177.9316,4:10:21:459917,0
368.7587,177.7276,4:10:21:464548,0
368.8325,177.5526,4:10:21:467558,0
368.9308,177.4944,4:10:21:472558,0
369.0538,177.3486,4:10:21:475568,0
369.1768,177.1445,4:10:21:480559,0
369.2505,177.0571,4:10:21:483558,0
369.3489,176.9405,4:10:21:488573,0
369.3735,176.7948,4:10:21:491580,0
369.4719,176.6781,4:10:21:496361,0
369.4965,176.649,4:10:21:500371,0
369.4965,176.5033,4:10:21:504360,0
369.4965,176.4158,4:10:21:507371,0
369.5211,176.3866,4:10:21:512371,0
369.5211,176.3866,4:10:21:515371,0
369.5211,176.3866,4:10:21:520373,0
369.5211,176.3866,4:10:21:523371,0
369.5211,176.3866,4:10:21:528360,0
369.5211,176.3866,4:10:21:532369,0
369.5211,176.3866,4:10:21:536308,0
369.5211,176.3866,4:10:21:540319,0
369.5211,176.3866,4:10:21:544306,0
369.5211,176.3866,4:10:21:547544,0
369.5211,176.3866,4:10:21:551607,0
369.5211,176.3866,4:10:21:555544,0
369.5211,175.9494,4:10:21:559547,0
370.0376,175.9494,4:10:21:563548,0
370.0376,175.9494,4:10:21:567584,0
370.0376,175.9494,4:10:21:571623,0
370.0376,175.9494,4:10:21:576307,0
370.0376,175.9494,4:10:21:579318,0
370.0376,175.9494,4:10:21:583773,0
370.0376,175.9494,4:10:21:587786,0
370.0376,175.9494,4:10:21:591625,0
370.0376,175.4247,4:10:21:595623,0
370.0376,175.4247,4:10:21:599739,0
370.0376,175.4247,4:10:21:603625,0
370.0376,175.4247,4:10:21:608355,0
370.0376,175.4247,4:10:21:612366,0
370.0376,175.4247,4:10:21:615365,0
370.0376,175.4247,4:10:21:620393,0
370.0376,175.4247,4:10:21:623394,0
370.0376,175.4247,4:10:21:628392,0
370.0376,175.4247,4:10:21:632392,0
370.0376,175.4247,4:10:21:636392,0
370.0376,175.4247,4:10:21:639393,0
369.5211,175.4247,4:10:21:644357,0
369.5211,175.4247,4:10:21:647878,0
369.5211,175.4247,4:10:21:652486,0
369.5211,175.4247,4:10:21:655498,0
369.5211,175.4247,4:10:21:660497,0
369.5211,175.4247,4:10:21:663497,0
369.5211,175.4247,4:10:21:668495,0
369.5211,175.4247,4:10:21:671497,0
369.5211,175.4247,4:10:21:676357,0
369.5211,175.4247,4:10:21:679368,0
369.5211,175.4247,4:10:21:684389,0
369.5211,175.4247,4:10:21:690384,0
369.5211,175.4247,4:10:21:694382,0
369.5211,175.4247,4:10:21:695385,0
369.5211,175.4247,4:10:21:700487,0
369.5211,175.4247,4:10:21:703497,0
369.5211,175.4247,4:10:21:708017,0
369.5211,175.4247,4:10:21:712434,0
369.5211,175.4247,4:10:21:715434,0
369.5211,175.4247,4:10:21:720602,0
369.5211,175.4247,4:10:21:723632,0
369.5211,175.4247,4:10:21:727604,0
369.5211,175.4247,4:10:21:731603,0
369.5211,175.4247,4:10:21:736577,0
369.0292,175.4247,4:10:21:739580,0
369.0292,175.4247,4:10:21:743694,0
369.0292,175.862,4:10:21:747580,0
368.5374,175.862,4:10:21:751582,0
368.5374,175.862,4:10:21:755580,0
368.2422,175.862,4:10:21:760307,0
368.2422,175.862,4:10:21:763592,0
367.9963,176.2409,4:10:21:768360,0
367.9963,176.2409,4:10:21:847091,0
367.8241,176.2409,4:10:21:854091,0
367.8241,176.5324,4:10:21:854091,0
367.8241,176.5324,4:10:21:854091,0
367.8241,176.7365,4:10:21:859116,0
367.8241,176.853,4:10:21:860093,0
367.8241,177.0571,4:10:21:927768,0
367.8241,177.0571,4:10:21:929758,0
367.8241,177.0571,4:10:21:963324,0
367.8241,177.0571,4:10:22:026594,0
365.8074,180.6425,4:10:22:027597,0
365.4631,180.6425,4:10:22:028600,0
365.4631,180.7592,4:10:22:030595,0
365.4631,180.7592,4:10:22:030595,0
365.4631,180.8174,4:10:22:033594,0
365.4631,180.8466,4:10:22:033594,0
365.4631,181.0215,4:10:22:034598,0
365.4631,181.0798,4:10:22:034598,0
365.4631,181.0798,4:10:22:034598,0
365.4631,181.1673,4:10:22:035600,0
365.4631,181.2256,4:10:22:036607,0
365.4631,181.3421,4:10:22:046594,0
365.4631,181.517,4:10:22:047594,0
366.1026,181.6045,4:10:22:047594,0
366.1026,181.7502,4:10:22:048597,0
366.5945,182.0126,4:10:22:048597,0
366.5945,182.2166,4:10:22:049596,0
366.5945,182.4498,4:10:22:050596,0
366.9633,182.5665,4:10:22:051595,0
366.9633,182.7997,4:10:22:053602,0
366.9633,182.858,4:10:22:054598,0
367.4798,183.0912,4:10:22:056595,0
367.4798,183.1494,4:10:22:057595,0
367.8733,183.2952,4:10:22:057595,0
368.1193,183.2952,4:10:22:058595,0
368.3652,183.2952,4:10:22:058595,0
368.6603,183.2952,4:10:22:059596,0
368.8079,183.2952,4:10:22:060594,0
369.0046,183.2952,4:10:22:061596,0
369.0292,183.2952,4:10:22:063596,0
369.103,183.9365,4:10:22:064595,0
369.1768,183.9365,4:10:22:065596,0
369.2505,183.9365,4:10:22:065596,0
369.3981,183.9365,4:10:22:066594,0
369.4965,183.9365,4:10:22:068599,0
369.5949,183.9365,4:10:22:068599,0
369.6932,184.3737,4:10:22:069600,0
369.7916,184.3737,4:10:22:071611,0
369.8654,184.3737,4:10:22:072617,0
369.8654,184.6653,4:10:22:073600,0
369.8654,184.6653,4:10:22:073600,0
369.8654,185.0442,4:10:22:074599,0
369.8654,185.0442,4:10:22:075599,0
369.8654,185.1899,4:10:22:076599,0
369.8654,185.3065,4:10:22:076599,0
369.8654,185.4814,4:10:22:079601,0
369.8654,185.4814,4:10:22:087079,0
369.8654,185.4814,4:10:22:088091,0
369.8654,185.5106,4:10:22:092094,0
369.8654,185.5106,4:10:22:096047,0
369.8654,185.5689,4:10:22:100046,0
369.8654,185.6272,4:10:22:104589,0
369.8654,185.6272,4:10:22:108600,0
369.8654,185.6272,4:10:22:112604,0
369.8654,185.6272,4:10:22:116605,0
369.8654,185.6272,4:10:22:120600,0
369.8654,185.6272,4:10:22:124602,0
369.8654,185.6272,4:10:22:128601,0
369.8654,185.6272,4:10:22:132604,0
369.8654,185.6272,4:10:22:136236,0
369.8654,185.6272,4:10:22:141249,0
369.8654,186.3851,4:10:22:144360,0
369.8654,186.3851,4:10:22:148376,0
369.8654,186.3851,4:10:22:151791,0
369.8654,186.3851,4:10:22:155792,0
370.6524,186.3851,4:10:22:159792,0
370.6524,186.3851,4:10:22:164794,0
370.6524,186.3851,4:10:22:167795,0
371.3164,186.3851,4:10:22:171791,0
371.3164,186.3851,4:10:22:175811,0
371.9559,186.3851,4:10:22:179791,0
371.9559,186.3851,4:10:22:184120,0
372.6199,186.3851,4:10:22:188129,0
372.6199,186.3851,4:10:22:192802,0
373.2101,186.3851,4:10:22:196822,0
373.5299,186.3851,4:10:22:200340,0
373.7758,186.3851,4:10:22:204214,0
373.9972,186.3851,4:10:22:208272,0
374.2185,186.3851,4:10:22:212236,0
374.5382,186.3851,4:10:22:216358,0
374.735,186.3851,4:10:22:220207,0
375.1776,186.3851,4:10:22:224478,0
375.522,186.3851,4:10:22:228250,0
375.8171,186.3851,4:10:22:232457,0
345.0995,272.4942,4:10:22:698406,0
345.0995,272.4942,4:10:22:702377,0
345.0995,272.4942,4:10:22:707367,0
345.0995,272.4942,4:10:22:710379,0
345.0995,272.4942,4:10:22:714546,0
345.0995,272.4942,4:10:22:718542,0
345.0995,272.4942,4:10:22:722924,0
344.6322,272.4942,4:10:22:725936,0
344.6322,272.4942,4:10:22:729936,0
344.6322,272.4942,4:10:22:734061,0
344.6322,272.4942,4:10:22:737935,0
344.6322,272.4942,4:10:22:742783,0
345.1979,272.4942,4:10:22:745793,0
345.1979,272.4942,4:10:22:750794,0
345.8619,272.4942,4:10:22:753793,0
345.8619,272.4942,4:10:22:757795,0
346.8211,272.4942,4:10:22:761796,0
347.3621,272.4942,4:10:22:766833,0
348.0016,272.4942,4:10:22:769840,0
348.6656,271.8238,4:10:22:774856,0
349.3788,271.8238,4:10:22:777896,0
350.0428,271.8238,4:10:22:781893,0
350.7069,271.8238,4:10:22:785866,0
351.2971,271.8238,4:10:22:790867,0
351.912,271.8238,4:10:22:793866,0
352.5268,271.8238,4:10:22:798484,0
353.0433,271.8238,4:10:22:802018,0
353.4368,271.8238,4:10:22:806425,0
353.6827,271.8238,4:10:22:809437,0
354.027,271.8238,4:10:22:814436,0
354.1746,271.8238,4:10:22:817436,0
354.2976,272.4067,4:10:22:822437,0
354.2976,272.4067,4:10:22:825448,0
354.2976,272.4067,4:10:22:830441,0
354.2976,272.9315,4:10:22:833447,0
354.2976,272.9315,4:10:22:838568,0
353.5598,273.3395,4:10:22:842095,0
353.5598,273.3395,4:10:22:846319,0
352.9203,273.6602,4:10:22:850094,0
352.9203,273.6602,4:10:22:855094,0
352.1087,274.1266,4:10:22:858095,0
351.666,274.1266,4:10:22:862218,0
351.2234,274.4764,4:10:22:866229,0
350.7561,274.6805,4:10:22:870281,0
350.215,274.7679,4:10:22:874226,0
349.6985,274.9428,4:10:22:878411,0
349.2067,275.0302,4:10:22:881423,0
348.6902,275.1177,4:10:22:886447,0
348.1983,275.1177,4:10:22:889458,0
347.7802,275.1177,4:10:22:894459,0
347.3867,275.1177,4:10:22:897457,0
347.0424,275.1177,4:10:22:902463,0
346.8211,275.1177,4:10:22:907458,0
346.5751,275.1177,4:10:22:910460,0
346.4521,275.1177,4:10:22:914873,0
346.28,274.3598,4:10:22:917884,0
346.2308,274.3598,4:10:22:921885,0
346.1324,274.3598,4:10:22:925886,0
346.1324,274.3598,4:10:22:931023,0
346.1078,273.9225,4:10:22:934053,0
346.0833,273.9225,4:10:22:938042,0
346.0833,273.9225,4:10:22:942033,0
346.0833,273.4853,4:10:22:946107,0
346.0833,273.4853,4:10:22:951031,0
346.0833,273.223,4:10:22:954032,0
346.0833,273.223,4:10:22:958031,0
346.6735,272.9606,4:10:22:962319,0
346.6735,272.844,4:10:22:966330,0
346.6735,272.6982,4:10:22:970354,0
347.19,272.6108,4:10:22:974330,0
347.19,272.5233,4:10:22:978444,0
347.5343,272.4359,4:10:22:981467,0
347.5343,272.2902,4:10:22:986333,0
347.854,272.2318,4:10:22:990344,0
347.854,272.1444,4:10:22:994436,0
348.1737,272.0861,4:10:22:998346,0
348.1737,272.0278,4:10:23:002345,0
348.4196,271.9695,4:10:23:005731,0
348.5672,271.882,4:10:23:009731,0
348.6656,271.8238,4:10:23:013771,0
348.7394,271.7946,4:10:23:018623,0
348.7886,271.7363,4:10:23:021621,0
348.7886,271.7072,4:10:23:026620,0
348.7886,271.6488,4:10:23:029653,0
348.7886,271.6488,4:10:23:034233,0
348.7886,271.5905,4:10:23:038244,0
348.7886,271.5905,4:10:23:042244,0
348.7886,271.5905,4:10:23:046244,0
348.7886,271.5905,4:10:23:050355,0
348.7886,271.5614,4:10:23:054242,0
348.7886,271.5614,4:10:23:058739,0
348.7886,271.5614,4:10:23:061744,0
348.7886,271.5614,4:10:23:066569,0
348.7886,271.5614,4:10:23:069579,0
348.2967,271.5614,4:10:23:075579,0
348.2967,271.5614,4:10:23:078581,0
348.2967,271.5614,4:10:23:081583,0
348.2967,271.5614,4:10:23:086578,0
348.2967,271.5614,4:10:23:090654,0
347.977,271.5614,4:10:23:093664,0
347.977,271.5614,4:10:23:098665,0
347.977,271.5614,4:10:23:101664,0
347.731,271.5614,4:10:23:105804,0
347.731,271.5614,4:10:23:109989,0
347.731,271.5614,4:10:23:114685,0
347.5835,271.5614,4:10:23:117691,0
347.5835,271.5614,4:10:23:121691,0
347.5835,271.5614,4:10:23:126690,0
347.5835,271.5614,4:10:23:130136,0
347.5835,271.5614,4:10:23:134149,0
347.5835,271.5614,4:10:23:138750,0
347.5835,271.5614,4:10:23:141748,0
347.5835,271.0075,4:10:23:146752,0
347.5835,271.0075,4:10:23:149750,0
347.5835,271.0075,4:10:23:154746,0
347.5835,270.6286,4:10:23:158756,0
348.1245,270.6286,4:10:23:161822,0
348.1245,270.6286,4:10:23:165869,0
348.1245,270.308,4:10:23:170636,0
348.5672,270.308,4:10:23:173835,0
348.5672,270.0456,4:10:23:177849,0
348.9115,269.8998,4:10:23:181838,0
348.9115,269.7541,4:10:23:185835,0
349.2804,269.55,4:10:23:189835,0
349.2804,269.4043,4:10:23:194843,0
349.6985,269.2877,4:10:23:197857,0
349.8461,269.2003,4:10:23:202503,0
350.0674,268.9962,4:10:23:206848,0
350.2888,268.8213,4:10:23:210909,0
350.4855,268.6755,4:10:23:213921,0
350.7315,268.4424,4:10:23:217920,0
350.9036,268.2966,4:10:23:221919,0
351.1742,268.1217,4:10:23:225920,0
351.3217,267.8593,4:10:23:229922,0
351.5431,267.6262,4:10:23:234580,0
351.7152,267.4221,4:10:23:237601,0
351.9366,267.1598,4:10:23:241590,0
352.2071,266.8683,4:10:23:245590,0
352.453,266.6059,4:10:23:250592,0
352.7482,266.3435,4:10:23:253592,0
353.0679,266.0521,4:10:23:257679,0
353.4368,265.7022,4:10:23:262696,0
353.7565,265.3816,4:10:23:266574,0
354.1254,265.0318,4:10:23:269613,0
354.4943,264.7403,4:10:23:274789,0
354.8878,264.4779,4:10:23:281659,0
355.2321,264.2448,4:10:23:282658,0
355.4781,263.9241,4:10:23:285657,0
355.724,263.6617,4:10:23:289658,0
355.9453,263.4868,4:10:23:293662,0
356.0929,263.2537,4:10:23:298528,0
356.2651,263.0787,4:10:23:301541,0
356.388,262.933,4:10:23:306669,0
356.511,262.8164,4:10:23:310664,0
356.634,262.6707,4:10:23:314471,0
356.7569,262.6123,4:10:23:317484,0
356.8061,262.5249,4:10:23:322481,0
356.8799,262.3792,4:10:23:325481,0
356.9537,262.35,4:10:23:329762,0
356.9537,262.2625,4:10:23:333479,0
356.9537,262.2334,4:10:23:340258,0
356.9537,262.1168,4:10:23:342270,0
356.9537,262.0002,4:10:23:346293,0
356.9537,261.8545,4:10:23:350269,0
356.9537,261.7087,4:10:23:354272,0
356.9537,261.6795,4:10:23:358271,0
356.9537,261.563,4:10:23:361555,0
356.9537,261.5046,4:10:23:441870,0
356.9537,261.3297,4:10:23:442880,0
356.9537,261.184,4:10:23:442880,0
356.3142,261.0966,4:10:23:443865,0
356.3142,261.0966,4:10:23:444863,0
356.3142,261.0091,4:10:23:446868,0
356.3142,260.9217,4:10:23:448867,0
356.3142,260.8342,4:10:23:449888,0
356.3142,260.7176,4:10:23:450883,0
356.3142,260.7176,4:10:23:453866,0
355.9453,260.7176,4:10:23:455864,0
355.9453,260.7176,4:10:23:456865,0
355.9453,260.7176,4:10:23:456865,0
355.9453,260.7176,4:10:23:457880,0
355.9453,260.7176,4:10:23:457880,0
355.9453,260.7176,4:10:23:458866,0
355.9453,260.7176,4:10:23:459875,0
355.9453,260.7176,4:10:23:464864,0
355.9453,260.7176,4:10:23:464864,0
355.9453,260.7176,4:10:23:465872,0
355.9453,260.7176,4:10:23:466883,0
355.9453,260.7176,4:10:23:466883,0
355.9453,260.7176,4:10:23:467870,0
355.9453,260.7176,4:10:23:467870,0
355.9453,260.7176,4:10:23:468866,0
355.9453,260.7176,4:10:23:468866,0
355.9453,260.7176,4:10:23:469865,0
355.9453,260.7176,4:10:23:474663,0
355.9453,260.7176,4:10:23:478673,0
355.9453,260.7176,4:10:23:481674,0
355.9453,260.1638,4:10:23:485674,0
355.9453,260.1638,4:10:23:489674,0
355.9453,260.1638,4:10:23:494674,0
355.9453,260.1638,4:10:23:498331,0
355.9453,260.1638,4:10:23:502345,0
355.9453,260.1638,4:10:23:506342,0
355.9453,260.1638,4:10:23:511342,0
355.9453,260.1638,4:10:23:514341,0
355.9453,260.1638,4:10:23:518342,0
355.9453,260.1638,4:10:23:522351,0
355.9453,260.1638,4:10:23:526369,0
355.9453,260.1638,4:10:23:530683,0
355.9453,260.1638,4:10:23:533718,0
356.4126,260.1638,4:10:23:538219,0
356.4126,260.1638,4:10:23:542229,0
356.4126,260.1638,4:10:23:546231,0
356.4126,260.1638,4:10:23:550230,0
356.4126,260.1638,4:10:23:554809,0
356.4126,260.1638,4:10:23:558253,0
356.4126,260.1638,4:10:23:562253,0
356.4126,260.1638,4:10:23:566249,0
356.4126,260.1638,4:10:23:570245,0
356.4126,259.639,4:10:23:574360,0
356.4126,259.639,4:10:23:578367,0
356.4126,259.639,4:10:23:581367,0
356.4126,259.639,4:10:23:586382,0
356.4126,259.639,4:10:23:590390,0
356.4126,259.639,4:10:23:594497,0
356.4126,259.639,4:10:23:597513,0
356.4126,259.639,4:10:23:602362,0
356.4126,259.639,4:10:23:606370,0
356.4126,259.639,4:10:23:610373,0
356.4126,259.639,4:10:23:614372,0
356.4126,259.639,4:10:23:618645,0
356.4126,259.639,4:10:23:621657,0
356.4126,259.639,4:10:23:626385,0
356.4126,259.639,4:10:23:629395,0
356.4126,259.639,4:10:23:634113,0
356.4126,259.639,4:10:23:638126,0
356.4126,259.639,4:10:23:641937,0
356.4126,259.639,4:10:23:645934,0
356.4126,259.639,4:10:23:649950,0
356.4126,259.639,4:10:23:653936,0
356.4126,259.639,4:10:23:658012,0
356.4126,258.9686,4:10:23:661936,0
357.0029,258.9686,4:10:23:666859,0
357.0029,258.9686,4:10:23:669869,0
357.0029,258.9686,4:10:23:674870,0
357.0029,258.9686,4:10:23:677869,0
357.0029,258.9686,4:10:23:681877,0
357.0029,258.9686,4:10:23:685869,0
357.0029,258.9686,4:10:23:690637,0
357.0029,258.9686,4:10:23:693648,0
357.0029,258.9686,4:10:23:697650,0
357.0029,258.9686,4:10:23:701649,0
357.0029,258.9686,4:10:23:705648,0
357.0029,258.9686,4:10:23:709648,0
357.0029,258.9686,4:10:23:714647,0
357.0029,258.9686,4:10:23:718860,0
357.0029,258.9686,4:10:23:721870,0
357.0029,258.9686,4:10:23:725883,0
357.0029,258.9686,4:10:23:729898,0
357.0029,258.9686,4:10:23:733921,0
357.0029,258.9686,4:10:23:737990,0
357.0029,258.9686,4:10:23:742419,0
357.0029,258.9686,4:10:23:746057,0
357.0029,258.9686,4:10:23:750217,0
357.0029,258.9686,4:10:23:754057,0
357.0029,258.9686,4:10:23:758485,0
357.0029,258.9686,4:10:23:761495,0
357.0029,258.9686,4:10:23:766496,0
357.0029,258.9686,4:10:23:769495,0
357.0029,258.9686,4:10:23:773527,0
357.0029,258.9686,4:10:23:778409,0
357.0029,258.9686,4:10:23:781884,0
357.0029,258.9686,4:10:23:786624,0
357.0029,258.9686,4:10:23:789634,0
357.0029,258.9686,4:10:23:794444,0
357.0029,258.9686,4:10:23:797457,0
357.0029,258.9686,4:10:23:802460,0
357.0029,258.9686,4:10:23:805457,0
357.0029,258.9686,4:10:23:810490,0
357.0029,258.9686,4:10:23:814050,0
357.0029,258.9686,4:10:23:818559,0
357.0029,258.9686,4:10:23:822062,0
357.0029,258.9686,4:10:23:826548,0
357.0029,258.9686,4:10:23:829559,0
357.0029,258.9686,4:10:23:834560,0
357.0029,259.3767,4:10:23:837559,0
357.0029,259.3767,4:10:23:842561,0
357.0029,259.3767,4:10:23:845559,0
357.0029,259.7265,4:10:23:850526,0
357.0029,259.7265,4:10:23:853537,0
357.0029,259.7265,4:10:23:858539,0
356.4618,259.8723,4:10:23:862537,0
356.4618,259.8723,4:10:23:866538,0
356.4618,260.018,4:10:23:869539,0
356.4618,260.1346,4:10:23:874833,0
356.0437,260.1929,4:10:23:877843,0
356.0437,260.3387,4:10:23:881844,0
356.0437,260.4553,4:10:23:885843,0
355.7486,260.601,4:10:23:889862,0
355.7486,260.7467,4:10:23:893843,0
355.5027,260.8633,4:10:23:897844,0
355.3551,260.9799,4:10:23:901844,0
355.3551,261.1257,4:10:23:906560,0
355.1584,261.2423,4:10:23:909863,0
355.0108,261.3297,4:10:23:914464,0
354.8386,261.5338,4:10:23:917475,0
354.7894,261.7087,4:10:23:922270,0
354.6419,261.9419,4:10:23:926278,0
354.5435,262.2043,4:10:23:930375,0
354.4697,262.4083,4:10:23:934279,0
354.3467,262.6415,4:10:23:938296,0
354.1992,262.9038,4:10:23:942282,0
354.0024,263.1079,4:10:23:946017,0
353.7811,263.3411,4:10:23:950017,0
353.6335,263.5743,4:10:23:954017,0
353.5106,263.7784,4:10:23:958018,0
353.2892,264.0115,4:10:23:962689,0
353.0679,264.1865,4:10:23:965699,0
352.8465,264.3322,4:10:23:969838,0
352.699,264.4779,4:10:23:973701,0
352.5268,264.6237,4:10:23:978700,0
352.4038,264.7403,4:10:23:981713,0
352.2563,264.8278,4:10:23:986574,0
352.1087,264.9443,4:10:23:989584,0
351.9857,265.0318,4:10:23:993592,0
351.789,265.1484,4:10:23:997584,0
351.666,265.2358,4:10:24:002582,0
351.5677,265.3524,4:10:24:005583,0
351.4693,265.4399,4:10:24:010788,0
351.3217,265.4982,4:10:24:014309,0
351.1742,265.644,4:10:24:018377,0
351.0512,265.7606,4:10:24:022308,0
350.879,265.848,4:10:24:026307,0
350.7807,265.9646,4:10:24:030307,0
350.7069,266.1104,4:10:24:034161,0
350.5101,266.227,4:10:24:038696,0
350.4117,266.3727,4:10:24:041480,0
350.2642,266.5768,4:10:24:046494,0
350.1658,266.7225,4:10:24:050480,0
350.0182,266.8099,4:10:24:054479,0
349.9199,266.9557,4:10:24:057480,0
349.7969,267.0432,4:10:24:062582,0
349.674,267.1889,4:10:24:065608,0
349.551,267.3055,4:10:24:069623,0
349.4034,267.3638,4:10:24:073593,0
349.3542,267.4513,4:10:24:078593,0
349.2804,267.5387,4:10:24:081620,0
349.2313,267.597,4:10:24:086559,0
349.2067,267.6262,4:10:24:089569,0
349.1575,267.7427,4:10:24:094571,0
349.1329,267.7427,4:10:24:097568,0
349.0591,267.8302,4:10:24:102871,0
349.0345,267.8885,4:10:24:105882,0
349.0099,267.8885,4:10:24:110010,0
348.9853,267.976,4:10:24:113882,0
348.9361,268.0051,4:10:24:117883,0
348.8869,268.0926,4:10:24:121885,0
348.8623,268.1217,4:10:24:126841,0
348.7886,268.18,4:10:24:129851,0
348.7886,268.18,4:10:24:134853,0
348.764,268.2383,4:10:24:137851,0
348.6902,268.2966,4:10:24:141866,0
348.641,268.2966,4:10:24:146851,0
348.5672,268.3841,4:10:24:150517,0
348.5426,268.3841,4:10:24:153527,0
348.5426,268.4132,4:10:24:158467,0
348.5426,268.4132,4:10:24:161479,0
348.4688,268.4132,4:10:24:166748,0
348.4196,268.4424,4:10:24:169778,0
348.4196,268.4424,4:10:24:173761,0
348.4196,268.4424,4:10:24:177758,0
348.4196,268.4424,4:10:24:181824,0
348.4196,268.4424,4:10:24:185757,0
348.4196,268.4424,4:10:24:190228,0
348.4196,268.4424,4:10:24:194270,0
348.4196,268.4424,4:10:24:198906,0
348.4196,268.4424,4:10:24:201916,0
348.9115,267.8302,4:10:24:206003,0
348.9115,267.8302,4:10:24:209920,0
348.9115,267.8302,4:10:24:213931,0
348.9115,267.8302,4:10:24:217916,0
348.9115,267.8302,4:10:24:222889,0
349.2313,267.3638,4:10:24:225928,0
349.2313,267.3638,4:10:24:229893,0
349.2313,267.3638,4:10:24:233715,0
349.551,267.3638,4:10:24:237744,0
349.551,267.1306,4:10:24:241715,0
349.7477,267.1306,4:10:24:246524,0
349.7477,266.9557,4:10:24:250077,0
349.8953,266.8974,4:10:24:254035,0
349.9445,266.8099,4:10:24:258048,0
349.9445,266.7225,4:10:24:262176,0
350.0182,266.635,4:10:24:266045,0
350.0428,266.5768,4:10:24:270772,0
350.0674,266.5185,4:10:24:273782,0
350.092,266.5185,4:10:24:278087,0
350.092,266.5185,4:10:24:281782,0
350.092,266.5185,4:10:24:285850,0
350.092,266.5185,4:10:24:289785,0
350.092,266.5185,4:10:24:294493,0
350.092,266.5185,4:10:24:297506,0
350.092,266.5185,4:10:24:302774,0
350.092,266.5185,4:10:24:305785,0
350.092,266.5185,4:10:24:310785,0
349.5018,266.5185,4:10:24:313785,0
349.5018,266.5185,4:10:24:318786,0
349.5018,267.0723,4:10:24:321798,0
349.1083,267.0723,4:10:24:326509,0
349.1083,267.0723,4:10:24:330517,0
349.1083,267.0723,4:10:24:334519,0
348.6656,267.0723,4:10:24:337521,0
348.6656,267.0723,4:10:24:342521,0
348.3213,267.0723,4:10:24:345945,0
348.3213,267.3347,4:10:24:350750,0
348.0016,267.3347,4:10:24:353766,0
347.854,267.3347,4:10:24:359043,0
347.6327,267.3347,4:10:24:362053,0
347.5343,267.3347,4:10:24:366068,0
347.4359,267.3347,4:10:24:370062,0
347.3621,267.3347,4:10:24:375064,0
347.3621,267.3347,4:10:24:378061,0
347.2883,267.3347,4:10:24:382277,0
347.2638,267.3347,4:10:24:386295,0
347.2638,267.3347,4:10:24:390421,0
347.2638,267.3347,4:10:24:395698,0
347.2638,267.3347,4:10:24:397706,0
347.2638,267.3347,4:10:24:401708,0
347.2638,267.3347,4:10:24:405708,0
347.2638,267.3347,4:10:24:409712,0
347.2638,267.3347,4:10:24:413708,0
347.2638,267.3347,4:10:24:418446,0
347.2638,267.3347,4:10:24:421459,0
347.2638,267.3347,4:10:24:426666,0
347.2638,267.3347,4:10:24:429677,0
347.2638,267.3347,4:10:24:434547,0
347.2638,267.3347,4:10:24:437572,0
347.2638,267.3347,4:10:24:442568,0
347.2638,267.3347,4:10:24:446569,0
347.2638,267.3347,4:10:24:450568,0
347.2638,267.3347,4:10:24:453569,0
347.2638,267.3347,4:10:24:457569,0
347.2638,267.3347,4:10:24:461569,0
347.2638,267.3347,4:10:24:465571,0
347.2638,267.3347,4:10:24:469569,0
347.2638,267.3347,4:10:24:473569,0
347.2638,267.3347,4:10:24:477568,0
347.2638,267.3347,4:10:24:481569,0
347.2638,267.3347,4:10:24:485571,0
347.2638,267.3347,4:10:24:489569,0
347.2638,267.3347,4:10:24:493579,0
347.2638,267.3347,4:10:24:497569,0
347.2638,267.3347,4:10:24:501568,0
347.2638,267.3347,4:10:24:505569,0
347.2638,267.3347,4:10:24:509580,0
347.2638,267.3347,4:10:24:513568,0
347.2638,267.3347,4:10:24:518570,0
347.2638,267.3347,4:10:24:521570,0
347.2638,267.3347,4:10:24:525568,0
347.2638,267.3347,4:10:24:529608,0
347.2638,267.3347,4:10:24:533572,0
346.8211,267.3347,4:10:24:537571,0
346.8211,267.3347,4:10:24:542753,0
346.8211,267.3347,4:10:24:545763,0
346.3292,267.8593,4:10:24:550762,0
346.3292,267.8593,4:10:24:553763,0
345.9357,267.8593,4:10:24:557888,0
345.9357,268.18,4:10:24:561763,0
345.6406,268.18,4:10:24:566401,0
345.4438,268.18,4:10:24:569417,0
345.4438,268.4132,4:10:24:574462,0
345.1733,268.4132,4:10:24:578459,0
345.0503,268.4132,4:10:24:582466,0
344.9273,268.4132,4:10:24:586459,0
344.829,268.4132,4:10:24:590509,0
344.7552,268.4132,4:10:24:593473,0
344.706,268.4132,4:10:24:597933,0
344.6568,268.4132,4:10:24:601942,0
344.583,268.4132,4:10:24:605941,0
344.583,268.4132,4:10:24:609939,0
344.583,268.4132,4:10:24:614590,0
344.583,268.4132,4:10:24:617464,0
344.583,268.4132,4:10:24:622799,0
344.583,268.4132,4:10:24:625795,0
344.583,268.4132,4:10:24:630799,0
344.583,268.4132,4:10:24:633800,0
344.583,268.4132,4:10:24:638430,0
344.583,268.4132,4:10:24:642442,0
344.583,268.4132,4:10:24:646853,0
344.583,268.4132,4:10:24:649865,0
344.583,268.4132,4:10:24:653919,0
344.583,268.4132,4:10:24:657863,0
344.583,268.4132,4:10:24:661870,0
344.583,268.4132,4:10:24:665863,0
344.583,268.4132,4:10:24:670438,0
344.583,268.4132,4:10:24:673450,0
344.583,268.4132,4:10:24:678430,0
344.583,268.4132,4:10:24:681929,0
344.583,268.4132,4:10:24:686491,0
344.583,268.4132,4:10:24:690485,0
344.583,268.4132,4:10:24:694487,0
344.583,268.4132,4:10:24:697486,0
344.583,268.4132,4:10:24:702620,0
344.583,268.4132,4:10:24:705629,0
344.583,268.4132,4:10:24:709631,0
344.583,268.4132,4:10:24:713631,0
344.583,268.4132,4:10:24:718651,0
344.583,268.4132,4:10:24:721631,0
344.583,268.4132,4:10:24:726469,0
345.0749,268.4132,4:10:24:730134,0
345.0749,268.4132,4:10:24:734658,0
345.0749,268.4132,4:10:24:737657,0
345.0749,268.4132,4:10:24:741801,0
345.0749,268.4132,4:10:24:745657,0
345.0749,268.4132,4:10:24:750513,0
345.0749,268.4132,4:10:24:753673,0
345.0749,268.4132,4:10:24:758975,0
345.0749,268.4132,4:10:24:762011,0
344.583,268.4132,4:10:24:766097,0
344.583,268.4132,4:10:24:769985,0
344.583,269.0545,4:10:24:773987,0
344.583,269.0545,4:10:24:777985,0
344.583,269.0545,4:10:24:782414,0
344.1649,269.0545,4:10:24:785424,0
344.1649,269.0545,4:10:24:790426,0
344.1649,269.4918,4:10:24:794424,0
343.9436,269.4918,4:10:24:798425,0
343.9436,269.4918,4:10:24:802424,0
343.7714,269.4918,4:10:24:806573,0
343.7714,269.4918,4:10:24:809583,0
343.6485,269.6958,4:10:24:814584,0
343.6485,269.6958,4:10:24:817586,0
343.6485,269.6958,4:10:24:822775,0
343.6485,269.6958,4:10:24:825785,0
343.5747,269.6958,4:10:24:829940,0
343.5747,269.6958,4:10:24:833785,0
343.5747,269.6958,4:10:24:837904,0
343.5747,269.6958,4:10:24:841989,0
343.5747,269.6958,4:10:24:847004,0
343.5747,269.6958,4:10:24:850011,0
343.5747,269.6958,4:10:24:854614,0
343.5747,269.6958,4:10:24:857625,0
343.5747,269.6958,4:10:24:862626,0
343.5747,269.6958,4:10:24:865625,0
344.042,269.6958,4:10:24:870680,0
344.042,269.6958,4:10:24:873691,0
344.042,269.6958,4:10:24:878641,0
344.042,269.6958,4:10:24:881639,0
344.042,269.6958,4:10:24:885672,0
344.3125,269.6958,4:10:24:890640,0
344.3125,269.6958,4:10:24:893642,0
344.3125,269.6958,4:10:24:902550,0
344.3125,269.6958,4:10:24:907551,0
344.3125,269.6958,4:10:24:909550,0
344.3125,269.6958,4:10:24:910549,0
344.3125,269.6958,4:10:24:913553,0
344.3125,269.6958,4:10:24:917609,0
344.3125,269.6958,4:10:24:921619,0
344.3125,269.6958,4:10:24:926620,0
344.3125,269.6958,4:10:24:930619,0
344.3125,269.6958,4:10:24:933633,0
344.3125,269.6958,4:10:24:937619,0
344.3125,269.6958,4:10:24:942518,0
344.3125,269.6958,4:10:24:946531,0
344.3125,269.6958,4:10:24:950689,0
344.3125,269.6958,4:10:24:954694,0
344.3125,269.2003,4:10:24:959084,0
344.3125,269.2003,4:10:24:962082,0
344.3125,269.2003,4:10:24:966084,0
344.3125,269.2003,4:10:24:972084,0
344.3125,269.2003,4:10:24:974084,0
344.3125,269.2003,4:10:24:978378,0
344.3125,269.2003,4:10:24:981388,0
344.3125,269.2003,4:10:24:986396,0
344.7306,268.9088,4:10:24:989388,0
344.7306,268.9088,4:10:24:993525,0
344.7306,268.9088,4:10:24:997518,0
344.7306,268.9088,4:10:25:002518,0
344.7306,268.9088,4:10:25:005515,0
344.7306,268.9088,4:10:25:010671,0
344.7306,268.9088,4:10:25:013682,0
344.7306,268.9088,4:10:25:017684,0
344.7306,268.9088,4:10:25:021685,0
344.7306,268.9088,4:10:25:025917,0
344.7306,268.9088,4:10:25:029927,0
344.7306,268.9088,4:10:25:033927,0
344.7306,268.9088,4:10:25:037928,0
344.7306,268.9088,4:10:25:042565,0
344.7306,268.9088,4:10:25:045576,0
344.7306,268.9088,4:10:25:050577,0
344.7306,268.9088,4:10:25:054576,0
344.7306,268.9088,4:10:25:058807,0
344.7306,268.9088,4:10:25:061817,0
344.7306,268.9088,4:10:25:065818,0
344.7306,268.9088,4:10:25:069832,0
344.7306,268.9088,4:10:25:073817,0
344.7306,268.9088,4:10:25:077974,0
344.7306,268.9088,4:10:25:081995,0
344.7306,268.9088,4:10:25:086936,0
344.7306,268.9088,4:10:25:089946,0
344.7306,268.9088,4:10:25:094950,0
344.7306,268.9088,4:10:25:097969,0
344.7306,268.9088,4:10:25:101956,0
344.7306,268.9088,4:10:25:105947,0
344.7306,268.9088,4:10:25:110536,0
344.7306,268.9088,4:10:25:113563,0
344.7306,268.9088,4:10:25:117643,0
344.7306,268.9088,4:10:25:121654,0
344.7306,268.9088,4:10:25:125810,0
344.7306,268.9088,4:10:25:129656,0
344.7306,268.9088,4:10:25:134480,0
344.7306,268.9088,4:10:25:137490,0
344.7306,268.9088,4:10:25:142841,0
344.7306,268.9088,4:10:25:145851,0
344.7306,268.9088,4:10:25:149854,0
344.7306,268.9088,4:10:25:153852,0
344.7306,268.9088,4:10:25:157855,0
344.7306,268.9088,4:10:25:161851,0
344.7306,268.9088,4:10:25:166554,0
344.3617,268.9088,4:10:25:169897,0
344.3617,268.9088,4:10:25:174700,0
344.3617,268.9088,4:10:25:177710,0
344.3617,268.9088,4:10:25:182711,0
344.3617,268.9088,4:10:25:185710,0
344.3617,268.9088,4:10:25:189722,0
344.3617,268.9088,4:10:25:193507,0
344.3617,268.9088,4:10:25:197786,0
344.3617,268.9088,4:10:25:201796,0
344.3617,268.9088,4:10:25:206553,0
344.3617,268.9088,4:10:25:209564,0
344.3617,268.9088,4:10:25:214565,0
344.3617,268.9088,4:10:25:217594,0
344.3617,268.9088,4:10:25:222566,0
344.3617,268.9088,4:10:25:225563,0
343.9436,268.9088,4:10:25:230553,0
343.9436,268.9088,4:10:25:233583,0
343.9436,268.9088,4:10:25:238608,0
343.9436,268.9088,4:10:25:241621,0
343.9436,268.9088,4:10:25:246624,0
343.6731,269.346,4:10:25:249630,0
343.6731,269.346,4:10:25:253636,0
343.6731,269.346,4:10:25:257696,0
343.6731,269.346,4:10:25:262417,0
343.5009,269.346,4:10:25:265868,0
343.5009,269.6667,4:10:25:269914,0
343.5009,269.6667,4:10:25:273871,0
343.4271,269.6667,4:10:25:278086,0
343.4271,269.8124,4:10:25:281868,0
343.3533,269.8124,4:10:25:286718,0
343.3042,269.929,4:10:25:289724,0
343.3042,269.9582,4:10:25:294427,0
343.3042,270.0164,4:10:25:297437,0
343.2304,270.0456,4:10:25:302417,0
343.2304,270.0747,4:10:25:305885,0
343.2304,270.0747,4:10:25:310018,0
343.2304,270.0747,4:10:25:313890,0
343.2304,270.0747,4:10:25:317901,0
343.2304,270.0747,4:10:25:321887,0
343.2304,270.0747,4:10:25:325888,0
343.2304,270.0747,4:10:25:329887,0
343.2304,270.0747,4:10:25:333887,0
343.2304,270.0747,4:10:25:338560,0
343.2304,270.0747,4:10:25:342576,0
343.2304,270.0747,4:10:25:346490,0
343.2304,270.0747,4:10:25:350059,0
343.2304,270.0747,4:10:25:354151,0
343.2304,270.0747,4:10:25:358094,0
343.2304,270.0747,4:10:25:362247,0
343.2304,270.0747,4:10:25:366094,0
343.2304,270.0747,4:10:25:370622,0
343.2304,270.0747,4:10:25:373632,0
343.2304,270.0747,4:10:25:378484,0
343.2304,270.0747,4:10:25:381494,0
343.2304,270.0747,4:10:25:386494,0
343.2304,270.0747,4:10:25:389497,0
343.2304,270.0747,4:10:25:394739,0
343.2304,270.0747,4:10:25:397750,0
343.2304,270.0747,4:10:25:401825,0
343.2304,270.0747,4:10:25:405750,0
343.2304,270.0747,4:10:25:409764,0
343.2304,270.0747,4:10:25:413750,0
343.2304,270.0747,4:10:25:418786,0
343.2304,270.0747,4:10:25:421807,0
343.2304,270.0747,4:10:25:426450,0
343.2304,270.0747,4:10:25:429943,0
343.2304,270.0747,4:10:25:434177,0
343.2304,270.0747,4:10:25:438069,0
343.2304,270.0747,4:10:25:442168,0
343.2304,270.0747,4:10:25:446069,0
343.2304,270.0747,4:10:25:450375,0
343.2304,270.0747,4:10:25:454140,0
343.2304,270.0747,4:10:25:458380,0
343.2304,270.0747,4:10:25:462145,0
343.2304,270.0747,4:10:25:466812,0
343.2304,270.0747,4:10:25:470822,0
343.2304,270.0747,4:10:25:474836,0
343.2304,270.0747,4:10:25:478821,0
343.2304,270.0747,4:10:25:481822,0
343.2304,270.0747,4:10:25:486334,0
343.2304,270.0747,4:10:25:489830,0
343.2304,270.0747,4:10:25:494520,0
343.2304,270.0747,4:10:25:497515,0
343.2304,270.0747,4:10:25:502520,0
343.2304,270.0747,4:10:25:505516,0
343.2304,270.0747,4:10:25:510825,0
343.2304,270.0747,4:10:25:513835,0
343.2304,270.0747,4:10:25:517836,0
343.2304,270.0747,4:10:25:521835,0
343.2304,270.0747,4:10:25:526834,0
343.2304,270.0747,4:10:25:529836,0
343.2304,270.0747,4:10:25:534571,0
343.2304,270.0747,4:10:25:538579,0
343.2304,270.0747,4:10:25:541684,0
343.2304,270.0747,4:10:25:545584,0
343.2304,270.0747,4:10:25:549606,0
343.2304,270.0747,4:10:25:553580,0
343.2304,270.0747,4:10:25:558585,0
343.2304,270.0747,4:10:25:561592,0
343.2304,270.0747,4:10:25:566496,0
343.2304,270.0747,4:10:25:569506,0
343.2304,270.0747,4:10:25:575047,0
343.2304,270.0747,4:10:25:578059,0
343.2304,270.0747,4:10:25:582073,0
343.2304,270.0747,4:10:25:586061,0
343.2304,270.0747,4:10:25:590174,0
343.2304,270.0747,4:10:25:594058,0
343.2304,270.0747,4:10:25:598552,0
343.2304,270.0747,4:10:25:601936,0
343.2304,270.0747,4:10:25:606526,0
343.2304,270.0747,4:10:25:609537,0
343.2304,270.0747,4:10:25:614537,0
343.2304,270.0747,4:10:25:617537,0
343.2304,270.0747,4:10:25:622815,0
343.2304,270.0747,4:10:25:625826,0
343.2304,270.0747,4:10:25:629909,0
343.2304,270.0747,4:10:25:633826,0
343.2304,270.0747,4:10:25:637840,0
343.2304,270.0747,4:10:25:641826,0
343.2304,270.0747,4:10:25:646611,0
343.2304,270.0747,4:10:25:649624,0
343.2304,270.716,4:10:25:654622,0
343.2304,270.716,4:10:25:657621,0
343.2304,270.716,4:10:25:662623,0
343.2304,270.716,4:10:25:665622,0
343.2304,270.716,4:10:25:670443,0
343.2304,270.716,4:10:25:674454,0
343.2304,270.716,4:10:25:678446,0
343.2304,270.716,4:10:25:682456,0
343.2304,270.716,4:10:25:686459,0
343.2304,270.716,4:10:25:690457,0
343.2304,270.716,4:10:25:694458,0
343.2304,270.716,4:10:25:697460,0
343.2304,270.716,4:10:25:702644,0
343.2304,270.716,4:10:25:705654,0
343.2304,270.716,4:10:25:709668,0
343.2304,270.716,4:10:25:714653,0
343.2304,270.716,4:10:25:717675,0
343.2304,270.716,4:10:25:721657,0
343.2304,270.716,4:10:25:726728,0
343.2304,270.716,4:10:25:729737,0
343.2304,270.716,4:10:25:734625,0
343.2304,270.716,4:10:25:737636,0
343.2304,270.716,4:10:25:741792,0
343.2304,270.716,4:10:25:745636,0
343.2304,270.716,4:10:25:749636,0
343.2304,270.716,4:10:25:754660,0
343.2304,270.716,4:10:25:757666,0
343.2304,270.716,4:10:25:762576,0
343.2304,270.716,4:10:25:765586,0
343.2304,270.716,4:10:25:770587,0
343.2304,270.716,4:10:25:773586,0
343.2304,270.716,4:10:25:778588,0
343.2304,270.716,4:10:25:781588,0
343.2304,270.716,4:10:25:786448,0
343.2304,270.716,4:10:25:789921,0
343.2304,270.716,4:10:25:794547,0
343.2304,270.716,4:10:25:798064,0
343.2304,270.716,4:10:25:802065,0
343.2304,270.716,4:10:25:806067,0
343.2304,270.716,4:10:25:810074,0
343.2304,270.716,4:10:25:814064,0
343.2304,270.716,4:10:25:818377,0
343.2304,270.716,4:10:25:822171,0
343.2304,270.716,4:10:25:826744,0
343.2304,270.716,4:10:25:829754,0
343.2304,270.716,4:10:25:833764,0
343.2304,270.716,4:10:25:837758,0
343.2304,270.716,4:10:25:841839,0
343.2304,270.716,4:10:25:845769,0
343.2304,270.716,4:10:25:850447,0
343.2304,270.716,4:10:25:853965,0
343.2304,270.716,4:10:25:858107,0
343.2304,270.716,4:10:25:862018,0
343.2304,270.716,4:10:25:866023,0
343.2304,270.716,4:10:25:870011,0
343.2304,270.716,4:10:25:874625,0
343.2304,270.716,4:10:25:878156,0
343.2304,270.716,4:10:25:882610,0
343.2304,270.716,4:10:25:885620,0
343.2304,270.716,4:10:25:890634,0
343.2304,270.716,4:10:25:893618,0
343.2304,270.716,4:10:25:897630,0
343.2304,270.716,4:10:25:901620,0
343.2304,270.716,4:10:25:906272,0
343.2304,270.716,4:10:25:910283,0
343.2304,270.716,4:10:25:914538,0
343.2304,270.716,4:10:25:917373,0
343.2304,270.716,4:10:25:922384,0
343.2304,270.716,4:10:25:925394,0
343.2304,270.716,4:10:25:930395,0
343.2304,270.716,4:10:25:936392,0
343.2304,270.716,4:10:25:938394,0
343.2304,270.716,4:10:25:941392,0
343.2304,270.716,4:10:25:947173,0
343.2304,270.716,4:10:25:950183,0
343.796,270.716,4:10:25:954413,0
343.796,270.716,4:10:25:958426,0
343.796,270.716,4:10:25:962448,0
343.796,270.716,4:10:25:965426,0
343.796,270.716,4:10:25:970694,0
343.796,270.716,4:10:25:973707,0
343.796,270.716,4:10:25:978707,0
343.796,270.716,4:10:25:981708,0
343.796,270.716,4:10:25:986795,0
343.796,270.716,4:10:25:989809,0
343.796,270.716,4:10:25:993805,0
343.796,270.716,4:10:25:997808,0
343.796,270.716,4:10:26:002994,0
343.796,270.716,4:10:26:005820,0
343.796,270.716,4:10:26:009837,0
343.796,270.716,4:10:26:013818,0
343.796,270.716,4:10:26:017835,0
343.796,270.716,4:10:26:021820,0
343.796,270.716,4:10:26:026853,0
343.796,270.716,4:10:26:029863,0
343.796,270.716,4:10:26:033871,0
343.796,270.716,4:10:26:037863,0
343.796,270.716,4:10:26:041864,0
343.796,270.716,4:10:26:045864,0
343.796,270.716,4:10:26:050804,0
343.796,270.716,4:10:26:053818,0
343.796,270.716,4:10:26:057914,0
343.796,270.716,4:10:26:061815,0
343.796,270.716,4:10:26:065881,0
343.796,270.716,4:10:26:069815,0
343.796,270.716,4:10:26:074624,0
343.796,270.716,4:10:26:077637,0
343.796,270.716,4:10:26:082619,0
343.796,271.1241,4:10:26:086130,0
343.796,271.1241,4:10:26:090451,0
343.796,271.1241,4:10:26:093462,0
343.796,271.1241,4:10:26:098472,0
343.796,271.1241,4:10:26:101462,0
343.796,271.1241,4:10:26:106471,0
343.255,271.1241,4:10:26:110459,0
343.255,271.1241,4:10:26:114602,0
343.255,271.1241,4:10:26:118613,0
343.255,271.1241,4:10:26:122584,0
343.255,271.1241,4:10:26:125593,0
343.255,271.1241,4:10:26:130759,0
343.255,271.1241,4:10:26:133757,0
343.255,271.1241,4:10:26:137927,0
343.255,271.1241,4:10:26:141757,0
343.255,271.1241,4:10:26:146632,0
343.255,271.1241,4:10:26:149645,0
343.255,271.1241,4:10:26:154704,0
343.255,271.1241,4:10:26:157742,0
343.255,271.1241,4:10:26:161730,0
343.255,270.6286,4:10:26:165715,0
343.255,270.6286,4:10:26:169868,0
343.6731,270.6286,4:10:26:173979,0
343.6731,270.6286,4:10:26:178772,0
343.6731,270.6286,4:10:26:181801,0
343.6731,270.6286,4:10:26:185912,0
343.6731,270.6286,4:10:26:189782,0
343.6731,270.6286,4:10:26:193926,0
343.6731,270.6286,4:10:26:197796,0
343.6731,270.6286,4:10:26:202447,0
343.6731,270.6286,4:10:26:205458,0
343.6731,270.6286,4:10:26:210376,0
343.6731,270.6286,4:10:26:213557,0
343.6731,270.6286,4:10:26:218533,0
343.6731,270.6286,4:10:26:221546,0
343.6731,270.6286,4:10:26:226545,0
343.6731,270.6286,4:10:26:229543,0
343.6731,270.6286,4:10:26:234546,0
343.6731,270.6286,4:10:26:237544,0
343.6731,270.6286,4:10:26:242510,0
343.6731,270.6286,4:10:26:245527,0
343.6731,270.6286,4:10:26:250750,0
343.6731,270.6286,4:10:26:253763,0
343.6731,270.6286,4:10:26:257760,0
343.6731,270.6286,4:10:26:261761,0
343.6731,270.6286,4:10:26:265931,0
343.6731,270.6286,4:10:26:269760,0
343.6731,270.6286,4:10:26:274288,0
343.6731,270.6286,4:10:26:278299,0
343.6731,270.6286,4:10:26:282623,0
343.6731,270.6286,4:10:26:285634,0
343.6731,270.6286,4:10:26:290636,0
343.6731,270.6286,4:10:26:293632,0
343.6731,270.6286,4:10:26:298635,0
343.6731,270.6286,4:10:26:301632,0
343.6731,270.6286,4:10:26:306629,0
343.6731,270.6286,4:10:26:309646,0
343.6731,270.6286,4:10:26:313774,0
343.6731,270.6286,4:10:26:317640,0
343.6731,270.6286,4:10:26:322642,0
343.6731,270.6286,4:10:26:325640,0
343.6731,270.6286,4:10:26:330659,0
343.6731,270.6286,4:10:26:334167,0
343.6731,270.6286,4:10:26:338171,0
343.6731,270.6286,4:10:26:342168,0
343.6731,270.6286,4:10:26:346549,0
343.6731,270.6286,4:10:26:349566,0
343.6731,270.6286,4:10:26:354268,0
343.6731,270.6286,4:10:26:358276,0
343.6731,270.6286,4:10:26:362660,0
343.6731,270.6286,4:10:26:365657,0
343.6731,270.6286,4:10:26:369686,0
343.6731,270.6286,4:10:26:374659,0
343.6731,270.6286,4:10:26:378476,0
343.6731,270.6286,4:10:26:381487,0
343.6731,270.6286,4:10:26:386721,0
343.6731,270.6286,4:10:26:390238,0
343.6731,270.6286,4:10:26:394362,0
343.6731,270.6286,4:10:26:398257,0
343.6731,270.6286,4:10:26:402237,0
343.6731,270.6286,4:10:26:406240,0
343.6731,270.6286,4:10:26:410675,0
343.6731,270.6286,4:10:26:414190,0
343.6731,270.6286,4:10:26:418213,0
343.6731,270.6286,4:10:26:422193,0
343.6731,270.6286,4:10:26:426271,0
343.6731,270.6286,4:10:26:430190,0
343.6731,270.6286,4:10:26:434553,0
343.3042,271.2408,4:10:26:438356,0
343.3042,271.2408,4:10:26:442611,0
343.3042,271.2408,4:10:26:446621,0
343.3042,271.2408,4:10:26:450388,0
343.3042,271.2408,4:10:26:453398,0
343.3042,271.2408,4:10:26:458496,0
343.3042,271.2408,4:10:26:461498,0
343.3042,271.2408,4:10:26:466496,0
343.3042,271.2408,4:10:26:469495,0
343.3042,271.2408,4:10:26:474413,0
343.3042,271.2408,4:10:26:477632,0
343.3042,271.2408,4:10:26:482482,0
343.3042,271.2408,4:10:26:485447,0
343.3042,271.2408,4:10:26:490475,0
343.3042,271.2408,4:10:26:495446,0
343.3042,271.2408,4:10:26:497444,0
343.3042,271.2408,4:10:26:502443,0
343.3042,271.2408,4:10:26:505625,0
343.3042,271.2408,4:10:26:509780,0
343.3042,271.2408,4:10:26:514405,0
343.3042,271.2408,4:10:26:517418,0
343.3042,271.2408,4:10:26:522427,0
343.3042,271.2408,4:10:26:526417,0
343.3042,271.2408,4:10:26:530749,0
343.3042,271.2408,4:10:26:533760,0
343.3042,271.2408,4:10:26:538760,0
343.3042,271.2408,4:10:26:541759,0
343.3042,271.2408,4:10:26:545778,0
343.3042,271.2408,4:10:26:549760,0
343.3042,271.2408,4:10:26:554388,0
343.3042,271.2408,4:10:26:557396,0
343.3042,271.2408,4:10:26:562420,0
343.3042,271.2408,4:10:26:566398,0
343.3042,271.2408,4:10:26:570397,0
343.3042,270.891,4:10:26:573399,0
343.3042,270.891,4:10:26:578765,0
343.3042,270.891,4:10:26:581776,0
343.3042,270.891,4:10:26:586776,0
343.3042,270.891,4:10:26:590777,0
343.3042,270.891,4:10:26:593794,0
343.3042,270.891,4:10:26:598010,0
343.3042,270.891,4:10:26:602566,0
343.3042,270.891,4:10:26:605564,0
343.3042,270.891,4:10:26:610565,0
343.3042,270.891,4:10:26:613565,0
343.3042,270.891,4:10:26:618375,0
343.3042,270.891,4:10:26:621385,0
343.3042,270.891,4:10:26:626399,0
343.3042,270.891,4:10:26:629388,0
343.3042,270.891,4:10:26:634466,0
343.3042,270.891,4:10:26:638469,0
343.3042,270.891,4:10:26:642595,0
343.3042,270.891,4:10:26:645608,0
343.3042,270.891,4:10:26:650608,0
343.3042,270.891,4:10:26:653605,0
343.3042,270.891,4:10:26:657665,0
343.3042,270.891,4:10:26:661605,0
343.3042,270.891,4:10:26:666528,0
343.3042,270.891,4:10:26:670531,0
343.3042,270.891,4:10:26:674537,0
343.3042,270.891,4:10:26:677559,0
343.3042,270.891,4:10:26:681507,0
343.3042,270.891,4:10:26:685506,0
343.3042,270.891,4:10:26:690508,0
343.3042,270.891,4:10:26:695508,0
343.3042,270.891,4:10:26:698482,0
343.3042,270.891,4:10:26:701558,0
343.3042,270.891,4:10:26:706951,0
343.3042,270.891,4:10:26:709962,0
343.3042,270.891,4:10:26:714100,0
343.3042,270.891,4:10:26:717985,0
343.3042,270.891,4:10:26:721998,0
343.3042,270.891,4:10:26:725961,0
343.3042,270.891,4:10:26:730450,0
343.3042,270.891,4:10:26:733463,0
343.3042,270.891,4:10:26:738682,0
343.3042,270.891,4:10:26:741693,0
343.3042,270.891,4:10:26:745798,0
343.3042,270.891,4:10:26:749693,0
343.3042,270.891,4:10:26:754747,0
343.3042,270.891,4:10:26:757761,0
343.3042,270.891,4:10:26:761777,0
343.3042,270.891,4:10:26:765787,0
343.3042,270.891,4:10:26:770530,0
343.3042,270.891,4:10:26:773827,0
343.3042,270.891,4:10:26:778541,0
343.3042,270.891,4:10:26:781554,0
343.3042,270.2788,4:10:26:786546,0
343.3042,270.2788,4:10:26:790560,0
343.3042,270.2788,4:10:26:794405,0
343.3042,270.2788,4:10:26:797418,0
343.3042,270.2788,4:10:26:802420,0
343.3042,270.2788,4:10:26:805421,0
343.3042,270.2788,4:10:26:810767,0
343.3042,270.2788,4:10:26:813781,0
343.3042,270.2788,4:10:26:818778,0
343.3042,270.2788,4:10:26:821778,0
343.3042,270.2788,4:10:26:825776,0
343.3042,270.2788,4:10:26:829778,0
343.3042,270.2788,4:10:26:834036,0
343.3042,270.2788,4:10:26:838038,0
343.3042,270.2788,4:10:26:842035,0
343.3042,270.2788,4:10:26:846035,0
343.3042,270.2788,4:10:26:850205,0
343.3042,270.2788,4:10:26:854207,0
343.3042,270.2788,4:10:26:858287,0
343.3042,270.2788,4:10:26:862285,0
343.3042,270.2788,4:10:26:866287,0
343.3042,270.2788,4:10:26:870285,0
343.3042,270.2788,4:10:26:874379,0
343.3042,270.2788,4:10:26:878389,0
343.3042,270.2788,4:10:26:882310,0
343.3042,270.2788,4:10:26:885356,0
343.3042,270.2788,4:10:26:890355,0
343.3042,270.2788,4:10:26:894321,0
343.3042,270.2788,4:10:26:898330,0
343.3042,270.2788,4:10:26:902318,0
343.3042,270.2788,4:10:26:906219,0
343.3042,270.2788,4:10:26:910403,0
343.3042,270.2788,4:10:26:914951,0
343.3042,270.2788,4:10:26:917954,0
343.3042,270.2788,4:10:26:922095,0
343.3042,270.2788,4:10:26:925950,0
343.3042,270.2788,4:10:26:930472,0
343.3042,270.2788,4:10:26:933485,0
343.3042,270.2788,4:10:26:938545,0
343.3042,270.2788,4:10:26:942029,0
343.3042,270.2788,4:10:26:946236,0
343.3042,270.2788,4:10:26:950159,0
343.3042,270.2788,4:10:26:954160,0
343.3042,270.2788,4:10:26:958159,0
343.3042,270.2788,4:10:26:962506,0
343.3042,270.2788,4:10:26:965520,0
343.3042,270.2788,4:10:26:970516,0
343.3042,270.2788,4:10:26:973517,0
343.3042,270.2788,4:10:26:978516,0
343.3042,270.2788,4:10:26:981536,0
343.3042,270.2788,4:10:26:986547,0
343.3042,270.2788,4:10:26:991069,0
343.3042,270.2788,4:10:26:995493,0
343.3042,270.2788,4:10:26:997502,0
343.3042,270.2788,4:10:27:001503,0
343.3042,270.2788,4:10:27:006503,0
343.3042,270.2788,4:10:27:010503,0
343.3042,270.2788,4:10:27:013504,0
343.3042,270.2788,4:10:27:018404,0
343.3042,270.2788,4:10:27:022420,0
343.3042,270.2788,4:10:27:025930,0
343.3042,270.2788,4:10:27:029939,0
343.3042,270.2788,4:10:27:034165,0
343.3042,270.2788,4:10:27:037941,0
343.3042,269.6083,4:10:27:042106,0
343.3042,269.6083,4:10:27:045943,0
343.3042,269.6083,4:10:27:050045,0
343.3042,269.6083,4:10:27:054233,0
343.3042,269.6083,4:10:27:058448,0
343.3042,269.6083,4:10:27:061472,0
343.3042,269.6083,4:10:27:066462,0
343.3042,269.6083,4:10:27:070458,0
343.3042,269.6083,4:10:27:074616,0
343.3042,269.6083,4:10:27:077639,0
343.3042,269.6083,4:10:27:082627,0
343.3042,269.6083,4:10:27:085626,0
343.3042,269.6083,4:10:27:090704,0
343.3042,269.6083,4:10:27:093715,0
343.3042,269.6083,4:10:27:098841,0
343.3042,269.6083,4:10:27:101851,0
343.3042,269.6083,4:10:27:106020,0
343.3042,269.6083,4:10:27:109851,0
343.3042,269.6083,4:10:27:113851,0
343.3042,269.6083,4:10:27:117850,0
343.3042,269.6083,4:10:27:122402,0
343.3042,269.6083,4:10:27:126415,0
343.3042,269.6083,4:10:27:129417,0
343.3042,269.6083,4:10:27:134413,0
343.3042,269.6083,4:10:27:138415,0
343.3042,269.6083,4:10:27:141415,0
343.3042,269.6083,4:10:27:146483,0
343.3042,269.6083,4:10:27:149485,0
343.3042,269.6083,4:10:27:154821,0
343.3042,269.6083,4:10:27:157844,0
343.3042,269.6083,4:10:27:162832,0
343.3042,269.6083,4:10:27:165831,0
343.3042,269.6083,4:10:27:169845,0
343.3042,269.6083,4:10:27:173981,0
343.3042,269.6083,4:10:27:178461,0
343.3042,269.6083,4:10:27:182313,0
343.3042,269.6083,4:10:27:186353,0
343.3042,269.6083,4:10:27:193312,0
343.3042,269.6083,4:10:27:197311,0
343.3042,269.6083,4:10:27:199319,0
343.3042,269.6083,4:10:27:201900,0
343.3042,269.6083,4:10:27:206228,0
343.3042,269.6083,4:10:27:210347,0
343.3042,269.6083,4:10:27:214353,0
343.3042,269.6083,4:10:27:218398,0
343.3042,269.6083,4:10:27:222353,0
343.3042,269.6083,4:10:27:226359,0
343.3042,269.6083,4:10:27:230351,0
343.3042,269.6083,4:10:27:234405,0
343.3042,269.6083,4:10:27:238422,0
343.3042,269.6083,4:10:27:242427,0
343.3042,269.6083,4:10:27:245440,0
343.3042,269.6083,4:10:27:252465,0
343.3042,269.6083,4:10:27:253465,0
343.3042,269.6083,4:10:27:258466,0
343.3042,269.6083,4:10:27:262475,0
343.3042,269.6083,4:10:27:265468,0
343.3042,269.6083,4:10:27:270583,0
343.3042,269.6083,4:10:27:293923,0
343.3042,269.6083,4:10:27:294922,0
343.3042,269.6083,4:10:27:294922,0
343.3042,269.6083,4:10:27:294922,0
343.919,269.6083,4:10:27:295922,0
343.919,269.6083,4:10:27:295922,0
343.919,269.6083,4:10:27:297922,0
343.919,269.6083,4:10:27:301923,0
343.919,269.6083,4:10:27:305923,0
343.919,269.6083,4:10:27:310432,0
343.919,269.6083,4:10:27:314278,0
343.919,269.6083,4:10:27:318138,0
343.919,269.6083,4:10:27:322149,0
343.919,269.6083,4:10:27:326152,0
343.919,269.6083,4:10:27:330151,0
343.919,269.6083,4:10:27:334183,0
343.919,269.6083,4:10:27:338146,0
343.919,269.6083,4:10:27:342302,0
343.919,269.6083,4:10:27:346312,0
343.919,269.6083,4:10:27:350437,0
343.919,269.6083,4:10:27:354315,0
343.919,269.6083,4:10:27:358312,0
343.919,269.6083,4:10:27:362311,0
343.919,269.6083,4:10:27:366444,0
343.919,269.6083,4:10:27:369456,0
343.919,269.6083,4:10:27:374690,0
343.919,269.6083,4:10:27:377701,0
343.919,269.6083,4:10:27:381747,0
343.919,269.6083,4:10:27:385730,0
343.919,269.6083,4:10:27:389700,0
343.919,269.6083,4:10:27:393701,0
343.919,269.6083,4:10:27:397819,0
343.919,269.6083,4:10:27:401701,0
343.919,269.6083,4:10:27:406469,0
343.919,269.6083,4:10:27:410481,0
343.919,269.6083,4:10:27:414432,0
343.919,269.6083,4:10:27:417445,0
343.919,269.6083,4:10:27:422631,0
343.919,269.6083,4:10:27:425642,0
343.919,269.6083,4:10:27:430643,0
343.919,269.6083,4:10:27:433641,0
343.919,269.6083,4:10:27:438913,0
343.919,269.6083,4:10:27:441926,0
343.919,269.6083,4:10:27:445937,0
343.919,269.6083,4:10:27:449932,0
343.919,269.6083,4:10:27:453952,0
343.919,269.6083,4:10:27:457922,0
343.919,269.6083,4:10:27:462329,0
343.919,269.6083,4:10:27:465943,0
343.919,269.6083,4:10:27:470380,0
343.919,269.6083,4:10:27:473391,0
343.919,269.6083,4:10:27:478185,0
343.919,269.6083,4:10:27:482184,0
343.919,269.6083,4:10:27:486185,0
343.919,269.6083,4:10:27:490190,0
343.919,269.6083,4:10:27:494185,0
343.919,269.6083,4:10:27:498184,0
343.919,269.6083,4:10:27:502274,0
343.919,269.6083,4:10:27:506232,0
343.919,269.6083,4:10:27:510352,0
343.919,269.6083,4:10:27:514245,0
343.919,269.6083,4:10:27:518695,0
343.919,269.6083,4:10:27:521708,0
343.919,269.6083,4:10:27:526706,0
343.919,269.6083,4:10:27:529705,0
343.919,269.6083,4:10:27:533738,0
343.919,269.6083,4:10:27:537706,0
343.919,269.6083,4:10:27:542541,0
343.919,269.6083,4:10:27:545554,0
343.919,269.6083,4:10:27:550551,0
343.919,269.6083,4:10:27:553551,0
343.919,269.6083,4:10:27:558597,0
343.919,269.6083,4:10:27:561608,0
343.919,269.6083,4:10:27:565607,0
343.919,269.6083,4:10:27:569407,0
343.919,269.6083,4:10:27:574489,0
343.919,269.6083,4:10:27:578008,0
343.919,269.6083,4:10:27:582143,0
343.919,269.6083,4:10:27:586008,0
343.919,269.6083,4:10:27:590010,0
343.919,269.6083,4:10:27:594008,0
343.919,269.6083,4:10:27:598418,0
343.919,269.6083,4:10:27:601936,0
343.919,269.6083,4:10:27:606022,0
343.919,269.6083,4:10:27:609934,0
343.919,269.6083,4:10:27:614027,0
343.919,269.6083,4:10:27:617936,0
343.919,269.6083,4:10:27:622491,0
343.919,269.6083,4:10:27:625420,0
343.919,269.6083,4:10:27:630537,0
343.919,269.6083,4:10:27:633992,0
343.919,269.6083,4:10:27:638766,0
343.919,269.6083,4:10:27:641777,0
343.919,269.6083,4:10:27:645785,0
343.919,269.6083,4:10:27:649777,0
343.919,269.6083,4:10:27:653920,0
343.919,269.6083,4:10:27:657776,0
343.919,269.6083,4:10:27:662523,0
343.919,269.6083,4:10:27:666088,0
343.919,269.6083,4:10:27:670614,0
343.919,269.6083,4:10:27:673626,0
343.919,269.6083,4:10:27:678688,0
343.919,269.6083,4:10:27:681698,0
343.919,269.6083,4:10:27:686697,0
343.919,269.6083,4:10:27:692696,0
343.919,269.6083,4:10:27:694696,0
343.919,270.308,4:10:27:697699,0
343.919,270.308,4:10:27:702216,0
343.919,270.308,4:10:27:706261,0
343.919,270.308,4:10:27:710798,0
343.919,270.308,4:10:27:714797,0
343.919,270.308,4:10:27:717797,0
343.919,270.308,4:10:27:721797,0
343.919,270.308,4:10:27:725827,0
343.919,270.308,4:10:27:730775,0
343.919,270.308,4:10:27:733807,0
343.919,270.308,4:10:27:737860,0
343.919,270.308,4:10:27:741813,0
343.919,270.308,4:10:27:745840,0
343.919,270.308,4:10:27:749786,0
343.919,270.308,4:10:27:754888,0
343.919,270.308,4:10:27:757898,0
343.919,270.308,4:10:27:762898,0
343.919,270.308,4:10:27:765898,0
343.919,270.308,4:10:27:771064,0
343.919,270.308,4:10:27:774074,0
343.919,270.308,4:10:27:779074,0
