383.392,182.2166,4:09:15:812805,0
383.392,182.2166,4:09:15:816323,0
383.392,182.2166,4:09:15:820406,0
383.392,182.2166,4:09:15:824361,0
383.392,182.2166,4:09:15:828323,0
382.5804,182.2166,4:09:15:832516,0
381.6458,182.2166,4:09:15:836742,0
380.3669,182.2166,4:09:15:839754,0
378.8175,182.9745,4:09:15:843751,0
376.6533,182.9745,4:09:15:847751,0
374.4153,184.1114,4:09:15:851754,0
372.1772,184.1114,4:09:15:856731,0
369.9392,185.0733,4:09:15:860740,0
367.7749,185.0733,4:09:15:863740,0
365.5615,185.9187,4:09:15:867954,0
363.4464,185.9187,4:09:15:871966,0
361.4052,186.7057,4:09:15:875963,0
359.6098,187.1138,4:09:15:879964,0
357.7899,187.1138,4:09:15:884562,0
356.1421,187.6969,4:09:15:888510,0
354.6419,188.0466,4:09:15:892518,0
353.2892,188.3673,4:09:15:896518,0
352.2071,188.7171,4:09:15:900518,0
351.2971,188.9211,4:09:15:904811,0
350.5101,189.1835,4:09:15:907821,0
349.8953,189.4458,4:09:15:911847,0
349.4772,189.679,4:09:15:916822,0
349.2067,189.9414,4:09:15:919821,0
349.1083,190.0871,4:09:15:923891,0
349.1083,190.2038,4:09:15:928560,0
349.1083,190.2912,4:09:15:932568,0
349.1083,190.4078,4:09:15:936570,0
350.0182,190.437,4:09:15:940568,0
350.0182,190.4953,4:09:15:944570,0
351.0512,190.4953,4:09:15:948562,0
351.666,190.4953,4:09:15:952561,0
352.3546,190.4953,4:09:15:956571,0
353.1663,190.4953,4:09:15:960570,0
353.9041,190.4953,4:09:15:964570,0
354.6911,190.4953,4:09:15:968571,0
355.4043,190.4953,4:09:15:972570,0
356.1667,190.4953,4:09:15:976570,0
356.8061,190.4953,4:09:15:980570,0
357.3718,189.9997,4:09:15:984696,0
357.8391,189.9997,4:09:15:987709,0
358.1588,189.9997,4:09:15:992510,0
358.4539,189.9997,4:09:15:996518,0
358.6261,189.9997,4:09:15:999521,0
358.6261,189.9997,4:09:16:004518,0
358.6261,189.9997,4:09:16:008540,0
358.6261,189.9997,4:09:16:012563,0
358.0358,189.9997,4:09:16:016505,0
358.0358,189.9997,4:09:16:020514,0
357.1996,189.9997,4:09:16:024515,0
356.6094,189.9997,4:09:16:028519,0
355.9699,189.9997,4:09:16:032527,0
355.3305,189.9997,4:09:16:036477,0
354.5927,189.9997,4:09:16:040490,0
353.8795,190.6702,4:09:16:044489,0
353.1417,190.6702,4:09:16:048497,0
352.4038,190.6702,4:09:16:052715,0
351.666,191.1657,4:09:16:055726,0
350.9528,191.1657,4:09:16:059727,0
350.1904,191.4863,4:09:16:063725,0
349.5018,191.4863,4:09:16:067726,0
348.8132,191.807,4:09:16:072560,0
348.1983,191.807,4:09:16:076232,0
347.6081,192.0694,4:09:16:080243,0
347.0178,192.2151,4:09:16:084248,0
346.4767,192.2151,4:09:16:088241,0
345.9849,192.3609,4:09:16:092474,0
345.5422,192.4774,4:09:16:096527,0
345.0995,192.5358,4:09:16:100494,0
344.706,192.5941,4:09:16:104507,0
344.3617,192.6815,4:09:16:108515,0
344.0666,192.7106,4:09:16:112524,0
343.796,192.7106,4:09:16:116520,0
343.5501,192.7398,4:09:16:120517,0
343.3533,192.7398,4:09:16:124560,0
343.1566,192.7398,4:09:16:127940,0
342.9844,192.7398,4:09:16:132936,0
342.8615,192.7398,4:09:16:136964,0
342.6893,192.7398,4:09:16:139938,0
342.5417,192.7398,4:09:16:143936,0
342.4188,192.7398,4:09:16:148557,0
342.2958,192.7398,4:09:16:152642,0
342.1483,192.7398,4:09:16:155654,0
341.9515,192.7398,4:09:16:159747,0
341.7302,192.7398,4:09:16:164651,0
341.5334,192.7398,4:09:16:168812,0
341.3367,192.7398,4:09:16:171824,0
341.0415,192.7398,4:09:16:175824,0
340.7218,192.7398,4:09:16:179822,0
340.4267,192.7398,4:09:16:183825,0
340.0332,192.7398,4:09:16:187822,0
339.6643,192.7398,4:09:16:192752,0
339.2954,192.7398,4:09:16:195791,0
338.8527,192.7398,4:09:16:199763,0
338.3854,192.7398,4:09:16:203766,0
337.9427,192.7398,4:09:16:207763,0
337.4754,193.1479,4:09:16:211766,0
336.959,193.1479,4:09:16:215803,0
336.4425,193.1479,4:09:16:219793,0
335.926,193.1479,4:09:16:223793,0
335.3604,193.4394,4:09:16:227792,0
334.7701,193.4394,4:09:16:232500,636
334.2045,193.4394,4:09:16:235802,659
333.6388,193.4394,4:09:16:239803,713
333.1715,193.4394,4:09:16:243803,801
332.7043,193.4394,4:09:16:248615,915
332.3845,193.4394,4:09:16:251617,1026
332.0894,192.8564,4:09:16:256616,1156
331.8927,192.8564,4:09:16:259617,1296
331.7697,192.8564,4:09:16:264744,1462
331.6713,192.8564,4:09:16:267755,1643
331.6713,192.8564,4:09:16:272501,1797
331.6713,192.3609,4:09:16:275629,1924
331.6713,192.3609,4:09:16:279629,1999
331.6713,192.3609,4:09:16:283631,2038
331.6713,192.3609,4:09:16:288629,2053
331.6713,192.0402,4:09:16:291629,2046
332.3845,192.0402,4:09:16:295629,2044
332.3845,191.7487,4:09:16:299629,2042
333.2453,191.5446,4:09:16:304575,2043
333.7864,191.3406,4:09:16:307593,2051
334.475,191.1074,4:09:16:312575,2048
335.2866,190.9617,4:09:16:316577,2048
336.2458,190.845,4:09:16:320559,2044
337.3033,190.845,4:09:16:324086,2036
338.3854,190.845,4:09:16:328200,2039
339.5659,190.845,4:09:16:332200,2039
340.7956,192.011,4:09:16:336325,2048
342.0499,192.769,4:09:16:340200,2066
343.3042,193.7309,4:09:16:344198,2077
344.5092,194.8094,4:09:16:348198,2093
345.6898,196.0629,4:09:16:352033,2099
346.8948,197.3746,4:09:16:355953,2095
347.977,198.7447,4:09:16:359937,2097
348.9853,200.1439,4:09:16:363938,2094
349.8461,201.5139,4:09:16:368094,2100
350.6331,202.8257,4:09:16:372104,2109
351.2479,204.1083,4:09:16:376104,2108
351.789,205.3326,4:09:16:380104,2104
352.1579,206.4695,4:09:16:384104,2099
352.3792,207.5771,4:09:16:389060,2093
352.4776,208.6557,4:09:16:392073,2102
352.4776,209.6759,4:09:16:396093,2112
352.4776,210.6379,4:09:16:400071,2130
352.4776,211.5124,4:09:16:404070,2149
351.5185,212.416,4:09:16:408070,2173
350.9528,213.2905,4:09:16:412500,2209
350.1904,214.1068,4:09:16:416082,2244
349.3296,214.8938,4:09:16:420387,2279
348.3213,215.5934,4:09:16:424324,2325
347.2392,216.293,4:09:16:428327,2375
346.0833,216.876,4:09:16:432323,2430
344.8536,217.4299,4:09:16:436324,2500
343.5747,217.8671,4:09:16:441386,2567
342.2958,218.1877,4:09:16:444395,2629
341.0169,218.3918,4:09:16:448411,2688
339.7627,218.4501,4:09:16:452393,2732
338.5084,218.4501,4:09:16:456395,2769
337.2295,218.4501,4:09:16:460393,2794
336.0244,218.4501,4:09:16:463949,2818
334.8685,217.7213,4:09:16:467956,2838
333.7618,217.7213,4:09:16:472046,2858
332.7289,216.876,4:09:16:476049,2876
331.7451,216.3221,4:09:16:480047,2894
330.8351,215.7392,4:09:16:484048,2915
330.0481,215.1853,4:09:16:488047,2940
329.3595,214.544,4:09:16:492476,2972
328.7939,213.9901,4:09:16:496504,3002
328.2282,213.4363,4:09:16:500584,3037
327.8101,212.9991,4:09:16:504531,3065
327.4166,212.5909,4:09:16:508535,3093
327.1461,212.2995,4:09:16:512534,3118
326.9493,212.0663,4:09:16:516539,3134
326.8264,212.0663,4:09:16:520546,3143
326.728,211.7747,4:09:16:524551,3143
326.7034,211.7747,4:09:16:527564,3133
326.7034,211.7747,4:09:16:532380,3118
326.7034,211.7747,4:09:16:536334,3108
326.7034,211.7747,4:09:16:540337,3098
326.7034,211.7747,4:09:16:544334,3098
327.4658,211.7747,4:09:16:548500,3108
327.4658,211.7747,4:09:16:552510,3111
328.4249,212.7076,4:09:16:555952,3116
329.1628,212.7076,4:09:16:559952,3122
330.1219,213.7278,4:09:16:563951,3126
331.327,214.3983,4:09:16:567951,3137
332.7289,215.0396,4:09:16:572477,3146
334.3274,215.7975,4:09:16:576488,3155
336.049,216.6136,4:09:16:580488,3162
337.8935,217.4299,4:09:16:584501,3166
339.861,218.3335,4:09:16:588486,3171
341.8285,219.1788,4:09:16:592505,3170
343.7223,220.0533,4:09:16:596628,3168
345.5668,220.9278,4:09:16:600586,3152
347.2883,221.8315,4:09:16:604587,3120
348.8869,222.6477,4:09:16:607586,3076
350.3871,223.4348,4:09:16:612674,3012
351.7152,224.2218,4:09:16:615667,2937
352.9449,224.8631,4:09:16:620506,2844
354.0024,225.4753,4:09:16:624518,2726
354.937,226.0291,4:09:16:628518,2591
355.7486,226.4664,4:09:16:632517,2422
356.4618,226.8453,4:09:16:636519,2226
357.0275,227.166,4:09:16:640500,1982
357.5439,227.4574,4:09:16:644500,1673
357.962,227.6615,4:09:16:648525,1324
358.3063,227.8073,4:09:16:652498,946
358.6015,227.8364,4:09:16:656407,560
358.8474,227.8364,4:09:16:660336,278
359.0442,227.8364,4:09:16:664438,0
359.0934,227.8364,4:09:16:668336,0
359.118,226.8745,4:09:16:672339,0
359.118,226.8745,4:09:16:676507,0
359.118,225.5918,4:09:16:680350,0
359.118,224.7173,4:09:16:684361,0
358.2326,223.7262,4:09:16:688363,0
358.2326,222.5894,4:09:16:692366,0
357.3472,221.5108,4:09:16:696366,0
356.8553,220.374,4:09:16:700366,0
356.2896,219.1497,4:09:16:704363,0
355.7978,218.042,4:09:16:708363,0
355.2321,216.9052,4:09:16:712547,0
354.6665,215.8849,4:09:16:715583,0
354.1746,214.9521,4:09:16:719978,0
353.6335,214.1651,4:09:16:723941,0
353.1663,213.4655,4:09:16:727938,0
352.7482,212.8824,4:09:16:731941,0
352.4038,212.4452,4:09:16:736625,0
352.1087,212.0954,4:09:16:739625,0
351.8874,211.9205,4:09:16:744551,0
351.6906,211.8039,4:09:16:747579,0
351.5923,211.7747,4:09:16:752550,0
351.5185,211.7747,4:09:16:756558,0
351.4201,211.7747,4:09:16:760560,0
351.3217,211.7747,4:09:16:763560,2231
351.2971,211.7747,4:09:16:768857,2223
351.2971,211.7747,4:09:16:771870,2203
351.2971,211.7747,4:09:16:776867,2180
351.2971,211.7747,4:09:16:779883,2163
351.2971,211.7747,4:09:16:783866,2155
351.912,211.7747,4:09:16:787867,2155
351.912,211.7747,4:09:16:792555,2166
352.9203,211.7747,4:09:16:796566,2175
353.6089,211.7747,4:09:16:800580,2184
354.3713,211.7747,4:09:16:804565,2196
355.2567,211.7747,4:09:16:808562,2196
356.1913,211.2209,4:09:16:812565,2200
357.1996,211.2209,4:09:16:816557,2194
358.2572,211.2209,4:09:16:819565,2191
359.2655,210.8128,4:09:16:824444,2197
360.2738,210.8128,4:09:16:828355,2184
361.3068,210.8128,4:09:16:832354,2170
362.3397,210.5213,4:09:16:837354,2155
363.3727,210.5213,4:09:16:840357,2133
364.3072,210.5213,4:09:16:844353,2119
365.1926,210.2589,4:09:16:848203,2115
365.8812,210.2589,4:09:16:852202,2114
366.5699,210.0549,4:09:16:856210,2118
367.0617,210.0549,4:09:16:860204,2156
367.4798,209.9675,4:09:16:864319,2194
367.7257,209.8508,4:09:16:868288,2238
367.8241,209.6759,4:09:16:872365,2298
367.8487,209.4427,4:09:16:876388,2340
367.8487,209.1804,4:09:16:880376,2417
367.8487,208.8598,4:09:16:884375,2508
367.8487,208.4808,4:09:16:888374,2602
367.1847,207.9852,4:09:16:892376,2690
367.1847,207.4314,4:09:16:896376,2759
366.4469,206.8775,4:09:16:900555,2835
366.4469,206.2654,4:09:16:903563,2905
365.5369,205.595,4:09:16:907912,2977
364.9467,204.8954,4:09:16:911797,3045
364.3564,204.1958,4:09:16:915796,3109
363.7907,203.4379,4:09:16:919794,3188
363.2251,202.7091,4:09:16:924551,3288
362.684,202.0095,4:09:16:928069,3396
362.1922,201.3391,4:09:16:932067,3500
361.7003,200.7269,4:09:16:936070,3583
361.3068,200.2605,4:09:16:940068,3651
361.0609,199.8524,4:09:16:944066,3705
360.8149,199.5609,4:09:16:948497,3740
360.6182,199.3277,4:09:16:952399,3763
360.4952,199.2111,4:09:16:956427,3763
360.4214,199.1528,4:09:16:960397,3755
360.3476,199.1528,4:09:16:964497,3736
360.3476,199.1528,4:09:16:968299,3720
360.3476,199.1528,4:09:16:972428,3717
360.3476,199.1528,4:09:16:976439,3712
360.3476,200.0273,4:09:16:980463,3722
360.3476,200.0273,4:09:16:984440,3728
361.0363,201.3682,4:09:16:988439,3737
361.0363,202.2719,4:09:16:992460,3747
361.7249,203.3212,4:09:16:996444,3754
362.2167,204.5164,4:09:17:000439,3765
362.7824,205.7699,4:09:17:004439,3770
363.4464,206.9942,4:09:17:008437,3781
364.0613,208.2476,4:09:17:012504,3787
364.7745,209.5011,4:09:17:016453,3791
365.5615,210.7253,4:09:17:020557,3786
366.3485,211.9205,4:09:17:024567,3764
367.1355,213.0573,4:09:17:028505,3706
367.8487,214.1068,4:09:17:032376,3609
368.5374,215.127,4:09:17:036376,3476
369.1768,216.1764,4:09:17:040374,3294
369.8162,217.1675,4:09:17:044369,3074
370.4065,218.1877,4:09:17:049388,2826
370.9475,219.0914,4:09:17:052384,2535
371.4394,220.0242,4:09:17:056426,2181
371.8329,220.9278,4:09:17:060434,1750
372.251,221.8024,4:09:17:065435,1241
372.5953,222.5894,4:09:17:068438,725
372.915,223.3181,4:09:17:072438,333
373.1118,223.9594,4:09:17:076438,0
373.3331,224.5133,4:09:17:080901,0
373.4561,224.9797,4:09:17:084367,0
373.5545,225.3586,4:09:17:088366,0
373.6528,225.6793,4:09:17:092369,0
373.7266,225.9417,4:09:17:096367,0
373.7512,226.1457,4:09:17:100579,0
373.8004,226.3206,4:09:17:103925,0
373.9972,226.4955,4:09:17:107971,0
374.2431,226.6996,4:09:17:111925,0
374.6612,226.9036,4:09:17:115926,0
375.1531,227.1077,4:09:17:119925,0
375.8171,227.3117,4:09:17:124549,0
376.5303,227.5449,4:09:17:127560,0
377.3173,227.8073,4:09:17:131877,0
378.1535,228.1279,4:09:17:135875,0
378.9651,228.4777,4:09:17:139877,0
379.7521,228.7984,4:09:17:144876,0
380.4407,229.1481,4:09:17:148549,0
381.0556,229.498,4:09:17:151565,0
381.5474,229.8769,4:09:17:156553,0
381.9901,230.285,4:09:17:160563,0
382.3344,230.664,4:09:17:164563,0
382.5804,231.0137,4:09:17:167563,0
382.7771,231.3636,4:09:17:172563,0
382.9001,231.6842,4:09:17:175566,0
382.9493,232.0632,4:09:17:180775,0
382.9493,232.4421,4:09:17:184788,0
382.9493,232.7919,4:09:17:187786,0
382.9493,233.0834,4:09:17:191875,0
382.9493,233.4332,4:09:17:195788,963
382.9493,233.7538,4:09:17:200498,970
382.4328,234.1328,4:09:17:203840,978
382.4328,234.5117,4:09:17:208551,990
382.4328,234.9198,4:09:17:211564,1019
381.9655,235.3279,4:09:17:216561,1068
381.9655,235.7652,4:09:17:219563,1157
381.9655,236.2899,4:09:17:224800,1284
381.4983,236.7854,4:09:17:227810,1415
381.4983,237.3102,4:09:17:231810,1557
381.031,237.864,4:09:17:235826,1675
380.7112,238.3595,4:09:17:240937,1767
380.3915,238.8259,4:09:17:243947,1847
379.998,239.3215,4:09:17:247946,1900
379.5554,239.7296,4:09:17:251950,1943
379.1127,240.1377,4:09:17:255947,1985
378.5962,240.4583,4:09:17:259947,2028
378.0551,240.7498,4:09:17:263987,2069
377.4649,241.0122,4:09:17:267997,2118
376.8992,241.2162,4:09:17:271996,2173
376.309,241.362,4:09:17:275996,2236
375.6941,241.4203,4:09:17:280562,2306
375.0055,241.4203,4:09:17:284583,2377
374.3169,241.4203,4:09:17:288291,2447
373.5791,241.4203,4:09:17:292303,2508
372.8658,241.4203,4:09:17:296300,2562
372.1526,240.4583,4:09:17:300303,2612
371.4148,240.4583,4:09:17:304341,2652
370.6524,239.3798,4:09:17:308304,2691
369.9392,238.651,4:09:17:312505,2722
369.2751,237.8349,4:09:17:315693,2747
368.7095,236.9895,4:09:17:320559,2764
368.2422,236.0858,4:09:17:323571,2771
367.9471,235.2113,4:09:17:328620,2774
367.7749,234.3077,4:09:17:331622,2771
367.7749,233.4623,4:09:17:336621,2767
367.7749,232.6753,4:09:17:339625,2757
368.4882,231.9757,4:09:17:345102,2747
369.1768,231.3636,4:09:17:348108,2735
370.0622,230.8389,4:09:17:352552,2724
371.0951,230.4599,4:09:17:356562,2710
372.1772,230.2558,4:09:17:360388,2693
373.4315,230.1684,4:09:17:364394,2667
374.735,230.1684,4:09:17:368525,2631
376.0385,230.1684,4:09:17:372394,2587
377.3173,230.1684,4:09:17:376394,2541
378.5224,231.2469,4:09:17:380396,2488
379.6537,231.2469,4:09:17:384684,2437
380.7112,232.5004,4:09:17:387678,2405
381.6458,233.1709,4:09:17:392690,2375
382.4574,233.9579,4:09:17:396679,2357
383.0968,234.7158,4:09:17:400551,2351
383.5887,235.532,4:09:17:404559,2341
383.933,236.319,4:09:17:408551,2336
384.1544,237.1061,4:09:17:412562,2348
384.2036,237.864,4:09:17:416560,2362
384.2036,238.6219,4:09:17:420563,2390
384.2036,239.3798,4:09:17:424561,2439
383.4412,240.1377,4:09:17:428564,2495
382.8755,240.8373,4:09:17:432508,2559
382.1377,241.5661,4:09:17:436508,2644
381.2523,242.2657,4:09:17:440508,2729
380.1456,242.9361,4:09:17:444516,2823
378.8421,243.6066,4:09:17:448508,2924
377.2681,244.2478,4:09:17:451720,3018
375.4236,244.86,4:09:17:455718,3129
373.3331,245.4138,4:09:17:459719,3249
371.0951,245.9677,4:09:17:463720,3379
368.5374,246.4632,4:09:17:468030,3521
365.7582,246.9005,4:09:17:472038,3654
362.684,247.2794,4:09:17:476040,3781
359.4622,247.571,4:09:17:480049,3909
355.9945,247.8042,4:09:17:484040,4034
352.3546,247.8624,4:09:17:488265,4154
348.5426,247.8916,4:09:17:492306,4269
344.583,247.8916,4:09:17:496275,4367
340.648,247.8916,4:09:17:500288,4446
336.713,247.8916,4:09:17:504327,4498
332.8518,247.0754,4:09:17:508301,4522
329.1136,247.0754,4:09:17:512497,4530
325.5229,246.3758,4:09:17:516362,4521
322.0797,246.3758,4:09:17:520520,4515
318.8334,245.7928,4:09:17:524438,4511
315.6854,245.7928,4:09:17:528479,4507
312.7095,245.3264,4:09:17:532435,4485
309.8321,245.3264,4:09:17:536673,4447
307.2497,245.3264,4:09:17:539683,4387
304.8395,244.9183,4:09:17:543685,4303
302.6753,244.9183,4:09:17:548683,4210
300.8062,244.9183,4:09:17:551681,4096
299.1584,244.9183,4:09:17:555701,3962
297.7565,244.9183,4:09:17:559927,3802
296.576,244.9183,4:09:17:563928,3618
295.6169,244.9183,4:09:17:567927,3407
294.8053,244.9183,4:09:17:571929,3174
294.1658,244.9183,4:09:17:575767,2915
293.6494,244.9183,4:09:17:579780,2617
293.2805,244.9183,4:09:17:584314,2240
293.1083,244.9183,4:09:17:588314,1854
293.0345,244.9183,4:09:17:592350,1453
293.0345,244.9183,4:09:17:596314,1046
293.0345,244.9183,4:09:17:600548,670
293.9691,244.9183,4:09:17:604555,356
294.6331,244.9183,4:09:17:607558,134
295.4939,244.9183,4:09:17:612555,0
296.5269,244.9183,4:09:17:616095,0
297.8795,244.9183,4:09:17:619986,0
299.5027,244.0146,4:09:17:623983,0
301.3226,243.4317,4:09:17:627982,0
303.3639,242.6738,4:09:17:631983,0
305.6019,241.8284,4:09:17:636680,0
308.0367,240.8956,4:09:17:639683,0
310.6436,239.7879,4:09:17:644679,0
313.4719,238.6219,4:09:17:647680,0
316.3986,237.3976,4:09:17:652552,0
319.4974,236.0567,4:09:17:656567,0
322.6454,234.7158,4:09:17:659565,0
325.9901,233.3457,4:09:17:664550,0
329.4579,232.034,4:09:17:668558,0
333.024,230.6931,4:09:17:671560,0
336.6393,229.3813,4:09:17:675558,0
340.3529,228.0988,4:09:17:679822,0
344.1158,226.8161,4:09:17:683824,0
347.9278,225.621,4:09:17:687824,0
351.666,224.4258,4:09:17:691823,0
355.4535,223.289,4:09:17:696439,0
359.1671,222.1521,4:09:17:699814,0
362.807,221.0736,4:09:17:703807,0
366.4469,220.1116,4:09:17:707807,0
369.9392,219.1497,4:09:17:712552,0
373.3085,218.246,4:09:17:715562,0
376.4565,217.3132,4:09:17:720562,0
379.6291,216.4388,4:09:17:723565,0
382.5312,215.5351,4:09:17:728563,0
385.2119,214.8064,4:09:17:731899,0
387.7451,213.9901,4:09:17:736554,0
390.0323,213.174,4:09:17:740564,0
392.1227,212.4452,4:09:17:744564,0
393.9673,211.6873,4:09:17:748565,0
395.5167,211.046,4:09:17:751576,0
396.8202,210.3755,4:09:17:756556,0
397.8285,209.7634,4:09:17:760577,0
398.6401,209.1804,4:09:17:763856,0
399.2057,208.6266,4:09:17:767855,0
399.5992,208.1019,4:09:17:771794,0
399.7714,207.6355,4:09:17:775795,0
399.7714,207.1399,4:09:17:779795,0
399.7714,206.6735,4:09:17:784794,0
399.7714,206.2654,4:09:17:787797,0
398.886,205.8573,4:09:17:792554,0
398.886,205.4492,4:09:17:795565,0
397.7301,205.0703,4:09:17:800565,0
397.0169,204.6913,4:09:17:804559,0
396.2791,204.3707,4:09:17:808569,0
395.5413,204.0791,4:09:17:811959,0
394.7297,203.7876,4:09:17:815959,0
393.9181,203.4379,4:09:17:820956,0
393.1065,203.1755,4:09:17:823957,0
392.3441,202.9131,4:09:17:828555,0
391.6063,202.6508,4:09:17:832565,0
390.9669,202.4467,4:09:17:835565,0
390.3028,202.2135,4:09:17:840135,0
389.7372,202.0387,4:09:17:844128,0
389.3437,201.8638,4:09:17:848128,0
388.9994,201.6597,4:09:17:852128,0
388.7288,201.5139,4:09:17:856165,0
388.5321,201.3099,4:09:17:860265,0
388.4337,201.1059,4:09:17:864264,0
388.3845,200.9601,4:09:17:868376,0
388.3599,200.7269,4:09:17:872266,0
388.3353,200.552,4:09:17:876266,0
388.2615,200.3188,4:09:17:880497,1494
388.2615,200.0856,4:09:17:884461,1538
388.2123,199.8524,4:09:17:888522,1624
388.1877,199.6775,4:09:17:892462,1763
388.0894,199.5318,4:09:17:896595,1938
388.0156,199.3568,4:09:17:900605,2100
387.991,199.2694,4:09:17:904664,2252
387.9664,199.1819,4:09:17:908662,2375
387.9172,199.1236,4:09:17:912776,2476
387.8926,199.1236,4:09:17:915775,2561
387.868,199.1236,4:09:17:919877,2618
387.868,199.1236,4:09:17:923777,2648
387.868,199.1236,4:09:17:928502,2661
387.868,199.1236,4:09:17:931917,2648
387.868,199.1236,4:09:17:936553,2640
387.868,199.1236,4:09:17:940563,2639
387.868,199.8524,4:09:17:944551,2647
387.868,199.8524,4:09:17:947563,2664
387.868,200.8435,4:09:17:952560,2676
387.868,201.4848,4:09:17:956561,2687
387.868,202.301,4:09:17:960821,2692
388.4829,203.1755,4:09:17:963831,2705
388.4829,204.1083,4:09:17:968405,2718
388.9994,205.0703,4:09:17:972415,2726
388.9994,206.0322,4:09:17:976412,2735
389.7617,206.965,4:09:17:980412,2742
390.229,207.8978,4:09:17:984414,2741
390.8439,208.7431,4:09:17:988430,2750
391.3849,209.5593,4:09:17:992439,2758
392.0736,210.2881,4:09:17:996442,2764
392.8852,210.9585,4:09:18:000620,2774
393.7705,211.5124,4:09:18:004621,2782
394.8035,212.0079,4:09:18:008620,2788
395.861,212.3577,4:09:18:011621,2790
397.0415,212.6201,4:09:18:016548,2795
398.2712,212.795,4:09:18:019561,2802
399.6484,212.9116,4:09:18:024506,2804
401.0257,212.9116,4:09:18:027506,2813
402.3538,212.9116,4:09:18:032503,2820
403.6326,212.9116,4:09:18:036506,2825
404.8377,212.9116,4:09:18:040495,2832
405.9198,212.0663,4:09:18:043738,2835
406.9282,212.0663,4:09:18:047791,2837
407.789,211.2209,4:09:18:051815,2835
408.4776,210.6379,4:09:18:055848,2833
409.0678,210.0257,4:09:18:059792,2833
409.5105,209.3261,4:09:18:064547,2840
409.8303,208.5391,4:09:18:067557,2862
410.0024,207.6938,4:09:18:072558,2903
410.0762,206.8484,4:09:18:076560,2980
410.0762,205.9156,4:09:18:080573,3066
410.0762,205.0119,4:09:18:084557,3161
410.0762,204.0791,4:09:18:087581,3260
409.1662,203.2338,4:09:18:092560,3357
409.1662,202.4176,4:09:18:096390,3461
408.2317,201.6888,4:09:18:100407,3569
407.7398,201.1059,4:09:18:104393,3677
407.2233,200.5811,4:09:18:108391,3768
406.7314,200.2314,4:09:18:112551,3843
406.3134,199.9398,4:09:18:116563,3893
405.9444,199.7066,4:09:18:120549,3914
405.9444,199.59,4:09:18:124067,3914
405.4526,199.5609,4:09:18:128070,3903
405.4526,199.5609,4:09:18:132072,3897
405.1082,199.5609,4:09:18:136089,3891
405.1082,200.4354,4:09:18:140067,3899
405.1082,201.1059,4:09:18:144067,3915
404.9115,201.8929,4:09:18:148065,3936
404.9115,202.884,4:09:18:152494,3965
404.9115,204.0208,4:09:18:156464,3990
404.9115,205.3035,4:09:18:160170,4011
405.5509,206.6735,4:09:18:164127,4028
405.5509,208.0727,4:09:18:168125,4043
406.5101,209.5011,4:09:18:172159,4052
407.1495,210.9877,4:09:18:176438,4063
407.8873,212.4452,4:09:18:180452,4070
408.6989,213.9319,4:09:18:184449,4082
409.5105,215.3893,4:09:18:188269,4096
410.3959,216.9052,4:09:18:192282,4106
411.2321,218.3918,4:09:18:195970,4115
412.0437,219.8493,4:09:18:199983,4112
412.8307,221.2193,4:09:18:204053,4108
413.5193,222.4728,4:09:18:207981,4092
414.1588,223.7262,4:09:18:212488,4060
414.6998,224.8631,4:09:18:216023,4014
415.2163,225.8833,4:09:18:220544,3947
415.7082,226.7287,4:09:18:223589,3862
416.1017,227.4574,4:09:18:228546,3755
416.446,228.0113,4:09:18:231570,3629
416.7165,228.5069,4:09:18:236557,3485
417.0116,228.8275,4:09:18:239557,3337
417.1838,229.0607,4:09:18:244557,3197
417.3559,229.2065,4:09:18:247559,3059
417.4051,229.2065,4:09:18:252547,2858
417.4789,229.2065,4:09:18:255560,2560
417.4789,229.2065,4:09:18:260557,2113
417.4789,228.3611,4:09:18:263559,1511
417.4789,227.6615,4:09:18:268557,898
417.4789,226.7578,4:09:18:272558,417
416.7903,225.6793,4:09:18:275644,0
416.7903,224.4258,4:09:18:279654,0
415.8311,223.0266,4:09:18:284493,0
415.0933,221.6274,4:09:18:288504,0
414.2571,220.1991,4:09:18:292503,0
413.298,218.7999,4:09:18:296523,0
412.1667,217.4299,4:09:18:300548,0
411.0107,216.1472,4:09:18:303575,0
409.7811,214.9521,4:09:18:308545,0
408.5514,213.8444,4:09:18:312555,0
407.2971,212.7659,4:09:18:316494,0
406.0428,211.7456,4:09:18:319897,0
404.7885,210.7836,4:09:18:324024,0
403.5342,209.8508,4:09:18:327898,0
402.3292,209.0347,4:09:18:331898,0
401.0995,208.2476,4:09:18:335902,0
399.919,207.548,4:09:18:340546,0
398.7631,206.8484,4:09:18:343556,0
397.6809,206.2654,4:09:18:347969,0
396.648,205.6532,4:09:18:352970,0
395.7134,205.0994,4:09:18:355968,0
394.8281,204.6039,4:09:18:359967,0
393.9919,204.1083,4:09:18:364545,0
393.2787,203.6711,4:09:18:367848,0
392.5162,203.2921,4:09:18:372550,0
391.926,202.9131,4:09:18:376560,0
391.3604,202.5051,4:09:18:380562,0
390.7947,202.097,4:09:18:383558,2478
390.2782,201.7763,4:09:18:388560,2519
389.8601,201.4556,4:09:18:391558,2580
389.5404,201.1933,4:09:18:396501,2642
389.2699,200.9601,4:09:18:400510,2705
389.1715,200.6978,4:09:18:405573,2724
389.0239,200.552,4:09:18:407583,2724
388.9994,200.4937,4:09:18:412589,2725
388.9994,200.4354,4:09:18:415583,2732
388.9994,200.4354,4:09:18:420581,2768
388.9994,200.4354,4:09:18:423583,2845
388.9994,200.4354,4:09:18:428502,2946
388.9994,200.4354,4:09:18:432513,3063
389.688,201.135,4:09:18:436552,3160
389.688,201.135,4:09:18:439562,3218
390.5733,202.0095,4:09:18:444588,3253
391.1144,202.5925,4:09:18:448608,3273
391.803,203.2921,4:09:18:452587,3287
392.6638,203.9917,4:09:18:455585,3299
393.6721,204.8079,4:09:18:459767,3307
394.8281,205.6241,4:09:18:463774,3307
396.0086,206.4111,4:09:18:468090,3295
397.2628,207.1691,4:09:18:472101,3269
398.5417,207.927,4:09:18:476100,3212
399.9927,208.6266,4:09:18:480100,3126
401.3946,209.297,4:09:18:484107,2995
402.7964,209.88,4:09:18:488115,2824
404.1737,210.4339,4:09:18:492373,2606
405.5017,210.8711,4:09:18:496395,2319
406.8544,211.25,4:09:18:500380,1937
408.1333,211.5999,4:09:18:504380,1467
409.3876,211.8039,4:09:18:508499,915
410.5435,211.8913,4:09:18:512510,463
411.6256,211.9205,4:09:18:516545,0
412.6093,211.9205,4:09:18:519556,0
413.4455,211.9205,4:09:18:524609,0
414.1588,211.9205,4:09:18:527638,0
414.7982,211.2209,4:09:18:532609,0
415.3147,211.2209,4:09:18:536610,0
415.782,210.4339,4:09:18:540545,0
416.2,210.4339,4:09:18:544555,0
416.5935,209.5011,4:09:18:548558,0
417.0362,209.0347,4:09:18:552570,0
417.5773,208.4516,4:09:18:556573,0
418.1921,207.8395,4:09:18:560567,0
418.8807,207.2856,4:09:18:564723,0
419.594,206.761,4:09:18:567735,0
420.5039,206.2654,4:09:18:571766,0
421.4385,205.7407,4:09:18:575735,0
422.4714,205.2451,4:09:18:580043,0
423.529,204.7787,4:09:18:584040,0
424.5865,204.3998,4:09:18:588154,0
425.6686,203.9917,4:09:18:592044,0
426.6524,203.6419,4:09:18:596545,0
427.6361,203.263,4:09:18:599555,0
428.4723,202.9131,4:09:18:604555,0
429.2101,202.6216,4:09:18:607566,0
429.825,202.3593,4:09:18:612707,0
430.2185,202.097,4:09:18:615720,0
430.5136,201.8638,4:09:18:620545,0
430.5628,201.6306,4:09:18:623556,0
430.5628,201.3974,4:09:18:628556,0
430.5628,201.1933,4:09:18:631556,0
430.5628,200.9892,4:09:18:636564,0
429.4315,200.7852,4:09:18:639574,0
428.8166,200.552,4:09:18:644550,0
428.0542,200.2896,4:09:18:647562,0
427.3164,200.0856,4:09:18:652544,0
426.6032,199.8232,4:09:18:655557,0
425.8408,199.5318,4:09:18:660572,0
425.1276,199.1528,4:09:18:663572,0
424.4143,198.7447,4:09:18:668572,1515
423.8241,198.3366,4:09:18:671572,1540
423.283,197.9868,4:09:18:676167,1596
422.8895,197.6662,4:09:18:680178,1701
422.496,197.3746,4:09:18:684178,1845
422.2009,197.1123,4:09:18:688178,1994
421.955,196.9374,4:09:18:692180,2140
421.7828,196.8499,4:09:18:696203,2259
421.7828,196.8208,4:09:18:700499,2363
421.7828,196.8208,4:09:18:704190,2441
421.6844,196.8208,4:09:18:708615,2497
421.6844,196.8208,4:09:18:711621,2528
421.6844,196.8208,4:09:18:716550,2553
421.6844,196.8208,4:09:18:720560,2608
421.6844,197.4912,4:09:18:724325,2677
422.4222,197.4912,4:09:18:728331,2762
422.4222,198.5698,4:09:18:732330,2831
423.283,199.2694,4:09:18:736331,2873
424.07,200.1439,4:09:18:740475,2900
424.98,201.135,4:09:18:744005,2914
426.0129,202.2719,4:09:18:747565,2932
427.1935,203.4087,4:09:18:752575,2941
428.3985,204.6039,4:09:18:756566,2950
429.6528,205.7407,4:09:18:760572,2965
431.0055,206.8775,4:09:18:763939,2969
432.3335,207.9561,4:09:18:767705,2972
433.5632,209.0347,4:09:18:772262,2974
434.6945,210.0257,4:09:18:776273,2963
435.6783,210.9585,4:09:18:780272,2953
436.5391,211.8331,4:09:18:784272,2941
437.2277,212.7076,4:09:18:788273,2926
437.7687,213.4363,4:09:18:792271,2919
438.1869,214.1651,4:09:18:796409,2912
438.4328,214.8938,4:09:18:800422,2904
438.5558,215.506,4:09:18:804555,2899
438.5558,216.0307,4:09:18:808572,2893
438.5558,216.4679,4:09:18:811690,2891
438.5558,216.9635,4:09:18:815700,2898
437.7196,217.3132,4:09:18:819823,2897
437.1539,217.7213,4:09:18:823701,2897
436.4653,218.042,4:09:18:828567,2900
435.6291,218.2752,4:09:18:832082,2900
434.6945,218.4501,4:09:18:836499,2911
433.5632,218.4792,4:09:18:839775,2931
432.3827,218.5084,4:09:18:844397,2943
431.1039,218.5084,4:09:18:848395,2961
429.7758,218.5084,4:09:18:852395,2977
428.5215,217.8088,4:09:18:856395,2983
427.3164,217.8088,4:09:18:859739,2994
426.1605,216.7011,4:09:18:864756,2996
425.1276,216.0307,4:09:18:867749,2997
424.193,215.3311,4:09:18:871748,3009
423.3814,214.5732,4:09:18:876603,3026
422.6928,213.7569,4:09:18:879613,3055
422.2009,212.9699,4:09:18:883615,3080
421.7582,212.212,4:09:18:887616,3101
421.5123,211.5999,4:09:18:892613,3111
421.3893,211.046,4:09:18:895613,3110
421.3893,210.5213,4:09:18:900549,3113
421.3893,210.0549,4:09:18:904562,3106
421.3893,209.6759,4:09:18:908012,3098
422.2747,209.297,4:09:18:912012,3093
422.8403,208.9472,4:09:18:917012,3083
423.6028,208.6557,4:09:18:920010,3076
424.5127,208.3642,4:09:18:924011,3070
425.5948,208.1019,4:09:18:928012,3061
426.8491,207.8395,4:09:18:932550,3043
428.251,207.6938,4:09:18:935562,3016
429.7758,207.548,4:09:18:940811,2977
431.399,207.4897,4:09:18:943818,2931
433.1451,207.4314,4:09:18:948496,2886
434.9405,207.4023,4:09:18:952134,2842
436.6866,207.4023,4:09:18:956569,2813
438.3836,207.3731,4:09:18:959580,2787
439.9576,207.3731,4:09:18:964579,2768
441.4578,207.3731,4:09:18:967580,2761
442.8351,207.3439,4:09:18:971580,2752
444.0156,207.2856,4:09:18:975579,2751
445.0485,207.2565,4:09:18:980455,2756
445.9339,207.1399,4:09:18:984466,2762
446.6471,207.0816,4:09:18:988214,2801
447.1882,206.965,4:09:18:992227,2864
447.5571,206.8192,4:09:18:996251,2943
447.803,206.6152,4:09:19:000225,3038
447.926,206.3528,4:09:19:004228,3135
447.9506,206.0614,4:09:19:008225,3222
447.9506,205.7407,4:09:19:012584,3316
447.9506,205.3618,4:09:19:015591,3419
447.9506,204.8954,4:09:19:020800,3507
447.2373,204.3415,4:09:19:023814,3599
447.2373,203.7294,4:09:19:027813,3689
446.5241,203.1172,4:09:19:031811,3781
446.0569,202.4176,4:09:19:035875,3873
445.5158,201.6888,4:09:19:039811,3960
445.0239,200.9892,4:09:19:044717,4050
444.4583,200.3188,4:09:19:047729,4132
443.9664,199.6775,4:09:19:051839,4217
443.4991,199.1236,4:09:19:055735,4301
443.081,198.6572,4:09:19:059731,4373
442.7859,198.3074,4:09:19:063729,4423
442.5154,198.0451,4:09:19:068091,4446
442.5154,197.841,4:09:19:072101,4453
442.2694,197.7536,4:09:19:076100,4442
442.2694,197.6953,4:09:19:080102,4426
442.2694,197.6953,4:09:19:084634,4413
442.2694,197.6953,4:09:19:087646,4406
442.2694,197.6953,4:09:19:091643,4406
442.2694,198.5115,4:09:19:096644,4411
442.2694,198.5115,4:09:19:100645,4415
442.2694,199.765,4:09:19:103644,4419
442.2694,200.6395,4:09:19:108551,4422
443.0318,201.6306,4:09:19:112578,4424
443.0318,202.7383,4:09:19:116556,4431
443.7696,203.8751,4:09:19:120567,4434
444.2861,205.0119,4:09:19:124499,4436
444.8763,206.1196,4:09:19:128509,4433
445.4912,207.2274,4:09:19:132549,4416
446.1798,208.3059,4:09:19:136560,4380
446.8438,209.297,4:09:19:140558,4318
447.4833,210.2589,4:09:19:143583,4231
448.1473,211.1917,4:09:19:148558,4113
448.8113,212.0371,4:09:19:151559,3962
449.4016,212.8824,4:09:19:156499,3796
449.9673,213.6695,4:09:19:160470,3597
450.4837,214.3691,4:09:19:164548,3383
451.0248,215.0396,4:09:19:168580,3159
451.4921,215.6225,4:09:19:172508,2910
451.9348,216.1181,4:09:19:176508,2647
452.3282,216.4679,4:09:19:180507,2341
452.6726,216.8468,4:09:19:184514,1999
453.0169,217.08,4:09:19:188213,1624
453.3366,217.1675,4:09:19:192657,1205
453.6071,217.1675,4:09:19:196550,773
453.9023,217.1675,4:09:19:200558,416
454.1236,217.1675,4:09:19:204560,159
454.3695,216.293,4:09:19:208558,0
454.5909,216.293,4:09:19:212682,0
454.8122,215.0687,4:09:19:215692,0
455.009,214.2525,4:09:19:219759,0
455.2057,213.2905,4:09:19:223722,0
455.3533,212.2995,4:09:19:228812,0
455.5255,211.1917,4:09:19:231822,0
455.673,210.0257,4:09:19:235820,0
455.8943,208.8015,4:09:19:239843,0
456.1403,207.548,4:09:19:243889,0
456.3616,206.2654,4:09:19:247890,0
456.6076,204.9536,4:09:19:251892,0
456.9027,203.7876,4:09:19:255890,0
457.1486,202.6216,4:09:19:260542,0
457.3946,201.6306,4:09:19:263888,0
457.5913,200.6978,4:09:19:267871,0
457.6159,199.8524,4:09:19:271882,0
457.6159,199.1528,4:09:19:276542,2457
457.6159,198.599,4:09:19:279552,2524
457.6159,198.1034,4:09:19:283670,2631
457.6159,197.7827,4:09:19:288553,2755
456.9765,197.5204,4:09:19:292722,2880
456.9765,197.2872,4:09:19:296263,2933
456.9765,197.2289,4:09:19:300558,2946
456.5092,197.2289,4:09:19:304565,2979
456.5092,197.2289,4:09:19:308550,3066
456.5092,197.2289,4:09:19:312066,3204
456.5092,198.3074,4:09:19:316068,3381
456.5092,198.9196,4:09:19:320066,3536
456.5092,199.6775,4:09:19:324068,3647
456.5092,200.552,4:09:19:328068,3718
456.2386,201.5431,4:09:19:332065,3754
456.2386,202.6508,4:09:19:336100,3780
456.2386,203.7876,4:09:19:340553,3803
456.2386,204.8954,4:09:19:344071,3817
456.9519,206.0031,4:09:19:348552,3830
456.9519,207.1107,4:09:19:352562,3835
457.6405,208.2184,4:09:19:356560,3837
457.6405,209.3261,4:09:19:360562,3837
458.5259,210.4047,4:09:19:364580,3813
458.9686,211.4249,4:09:19:367560,3769
459.3867,212.4452,4:09:19:372267,3682
459.8293,213.4363,4:09:19:376786,3557
460.272,214.3691,4:09:19:379783,3395
460.7147,215.2144,4:09:19:384784,3201
461.0836,215.914,4:09:19:387785,2975
461.4771,216.672,4:09:19:391785,2725
461.8214,217.3132,4:09:19:396795,2441
462.1166,217.9254,4:09:19:399795,2090
462.3871,218.3918,4:09:19:404548,1667
462.633,218.7999,4:09:19:407561,1184
462.9036,219.0623,4:09:19:412497,694
463.0757,219.208,4:09:19:416511,325
463.1987,219.2955,4:09:19:420506,0
463.2725,219.2955,4:09:19:424521,0
463.2725,219.2955,4:09:19:428506,0
463.2725,219.2955,4:09:19:432506,0
463.2725,218.3627,4:09:19:436544,0
462.4855,218.3627,4:09:19:440562,0
461.9198,217.2841,4:09:19:444554,0
461.2066,216.672,4:09:19:448555,0
460.3212,215.914,4:09:19:452554,0
459.3621,215.127,4:09:19:455557,0
458.2307,214.2525,4:09:19:460687,0
456.9765,213.2614,4:09:19:463696,0
455.5255,212.212,4:09:19:467698,0
453.9514,211.1043,4:09:19:471697,0
452.2299,209.9966,4:09:19:475741,0
450.4099,208.8889,4:09:19:479697,0
448.4424,207.7812,4:09:19:483771,0
446.2782,206.6152,4:09:19:487784,0
443.991,205.4783,4:09:19:492436,0
441.63,204.3415,4:09:19:495785,0
439.1214,203.1755,4:09:19:500104,0
436.5637,202.0678,4:09:19:504126,0
433.8829,200.931,4:09:19:508546,0
431.0301,199.765,4:09:19:512556,0
427.9804,198.6281,4:09:19:516556,0
424.6603,197.4912,4:09:19:519571,0
421.1188,196.3835,4:09:19:524556,0
417.4051,195.3342,4:09:19:527554,0
413.4701,194.343,4:09:19:532569,0
409.2892,193.4102,4:09:19:535559,0
404.8869,192.5358,4:09:19:540541,0
400.3863,191.7487,4:09:19:543551,0
395.861,191.0491,4:09:19:548542,0
391.3358,190.4953,4:09:19:551552,0
386.8105,189.9706,4:09:19:556491,0
382.1869,189.5333,4:09:19:559617,0
377.5633,189.1835,4:09:19:563682,0
372.9642,188.9794,4:09:19:567692,0
368.3652,188.8337,4:09:19:571778,0
363.8153,188.8337,4:09:19:576692,0
359.2901,188.8337,4:09:19:579690,0
354.814,188.8337,4:09:19:584690,0
350.4363,189.5333,4:09:19:588710,0
346.1324,189.5333,4:09:19:591720,0
342.0007,190.437,4:09:19:596499,0
338.0657,191.0491,4:09:19:600509,0
334.352,191.6613,4:09:19:604497,0
330.8351,192.3317,4:09:19:607878,0
327.5887,193.0022,4:09:19:611880,0
324.5637,193.5269,4:09:19:615878,0
321.7354,193.5269,4:09:19:619883,0
319.2515,194.0515,4:09:19:623881,2575
316.9643,194.0515,4:09:19:628549,2576
315.0213,194.0515,4:09:19:631896,2582
313.4719,194.0515,4:09:19:636001,2593
312.2422,194.0515,4:09:19:639942,2591
311.3815,194.0515,4:09:19:643952,2575
311.0372,193.1479,4:09:19:647942,2551
311.0372,193.1479,4:09:19:652548,2523
311.9225,193.1479,4:09:19:655560,2514
313.2014,192.5649,4:09:19:660235,2523
314.923,192.5649,4:09:19:664109,2554
317.1118,191.9236,4:09:19:668118,2607
319.7188,191.9236,4:09:19:672113,2678
322.793,191.1074,4:09:19:676116,2761
326.3591,190.5827,4:09:19:680145,2841
330.4908,190.1163,4:09:19:684100,2905
335.0898,189.6207,4:09:19:688113,2957
340.0086,189.1543,4:09:19:692343,2989
345.4192,188.7171,4:09:19:696355,3010
351.3463,188.309,4:09:19:700355,3027
357.8145,187.9592,4:09:19:704353,3037
364.7253,187.6677,4:09:19:708447,3053
371.8083,187.4637,4:09:19:712455,3076
379.1864,187.2596,4:09:19:716494,3103
386.8597,187.0847,4:09:19:720472,3146
394.7297,186.9681,4:09:19:724670,3204
402.6981,186.9389,4:09:19:727683,3266
410.7648,186.9389,4:09:19:731683,3331
418.7824,186.9389,4:09:19:735683,3390
426.6524,186.9389,4:09:19:739801,3444
434.3748,186.9389,4:09:19:743681,3486
441.8021,186.9389,4:09:19:748490,3531
448.9343,186.9389,4:09:19:751742,3573
455.7468,186.9389,4:09:19:755746,3609
462.1657,186.9389,4:09:19:759742,3651
467.9945,187.4928,4:09:19:763742,3683
473.11,187.4928,4:09:19:767742,3704
477.6598,187.4928,4:09:19:772613,3721
481.644,187.4928,4:09:19:775613,3724
484.9641,187.4928,4:09:19:779863,3723
487.5957,187.4928,4:09:19:783873,3726
489.5878,187.4928,4:09:19:788272,3725
491.0142,187.4928,4:09:19:792282,3751
491.9488,187.4928,4:09:19:796282,3804
492.5882,187.4928,4:09:19:800282,3852
492.8833,187.4928,4:09:19:804451,3901
492.9079,187.4928,4:09:19:808460,3912
492.9079,187.4928,4:09:19:812201,3859
492.2193,187.4928,4:09:19:816227,3771
491.6045,187.4928,4:09:19:820209,3651
490.8667,187.4928,4:09:19:824211,3496
490.1042,187.4928,4:09:19:828541,3329
489.1205,187.4928,4:09:19:832552,3136
488.063,187.4928,4:09:19:836484,2909
486.9808,187.4928,4:09:19:840494,2660
485.7758,187.4928,4:09:19:844497,2373
484.5952,187.4928,4:09:19:848494,2041
483.4393,187.4928,4:09:19:852494,1649
482.3326,187.4928,4:09:19:856494,1200
481.2013,187.4928,4:09:19:860743,724
480.1438,187.4928,4:09:19:863744,357
479.1846,188.0466,4:09:19:867743,0
478.2501,188.0466,4:09:19:871743,0
477.4385,188.0466,4:09:19:876483,0
476.7498,188.0466,4:09:19:879828,0
476.0612,188.0466,4:09:19:883979,0
475.4464,188.0466,4:09:19:887989,0
474.8315,188.0466,4:09:19:891990,0
474.2413,187.2305,4:09:19:895989,0
473.6756,187.2305,4:09:19:900541,0
473.0854,186.56,4:09:19:903551,0
472.4705,186.56,4:09:19:908494,0
471.9295,185.7438,4:09:19:912504,0
471.3146,185.2191,4:09:19:916502,0
470.6998,184.7527,4:09:19:919501,0
470.0357,184.3154,4:09:19:924503,0
469.4209,183.8199,4:09:19:927502,0
468.7077,183.3826,4:09:19:932539,0
468.0191,182.8871,4:09:19:935569,0
467.2321,182.479,4:09:19:940497,0
466.3959,182.0417,4:09:19:943510,0
465.4121,181.7502,4:09:19:948505,0
464.3792,181.4296,4:09:19:952507,0
463.2725,181.1089,4:09:19:956505,0
462.0182,180.9341,4:09:19:961505,0
460.7639,180.7592,4:09:19:963692,0
459.3867,180.6425,4:09:19:967704,0
457.9356,180.5551,4:09:19:971702,0
456.3124,180.526,4:09:19:975703,0
454.6892,180.4968,4:09:19:979832,0
452.8939,180.4968,4:09:19:983856,0
451.0494,180.4968,4:09:19:988487,0
449.1802,180.4968,4:09:19:991715,0
447.139,180.4385,4:09:19:996549,0
445.0977,180.4385,4:09:20:000559,0
443.0564,180.4385,4:09:20:004561,0
440.9905,180.4385,4:09:20:008557,0
438.8755,180.4385,4:09:20:012568,0
436.785,180.4385,4:09:20:015560,0
434.6454,180.4385,4:09:20:020182,0
432.4811,180.4385,4:09:20:024196,0
430.366,180.4385,4:09:20:028490,0
428.1526,180.4385,4:09:20:031856,0
425.9391,180.4385,4:09:20:036540,0
423.7257,180.4385,4:09:20:040550,0
421.5615,181.0506,4:09:20:044780,0
419.4956,181.0506,4:09:20:047793,0
417.5035,181.0506,4:09:20:051792,0
415.536,181.4588,4:09:20:055790,0
413.5931,181.4588,4:09:20:059920,0
411.8224,181.9252,4:09:20:063790,0
410.0762,181.9252,4:09:20:068540,0
408.5022,182.3333,4:09:20:071550,0
407.0757,182.3333,4:09:20:075890,0
405.5755,182.7413,4:09:20:079903,0
404.0999,182.9745,4:09:20:083914,0
402.7227,183.2661,4:09:20:087902,0
401.4192,183.4993,4:09:20:092542,0
400.3371,183.645,4:09:20:095909,0
399.3287,183.7908,4:09:20:099996,0
398.1974,184.0531,4:09:20:103901,0
397.1153,184.1989,4:09:20:107903,0
396.2791,184.2572,4:09:20:111904,0
395.5905,184.3737,4:09:20:116488,0
394.9756,184.4612,4:09:20:119918,0
394.5083,184.5486,4:09:20:124412,0
393.9181,184.7236,4:09:20:128420,0
393.5492,184.8693,4:09:20:132424,0
393.2787,184.9276,4:09:20:136420,0
393.1065,185.0733,4:09:20:140421,0
392.8114,185.2774,4:09:20:144420,0
392.5408,185.4231,4:09:20:148420,0
392.3687,185.6855,4:09:20:152436,0
392.1227,185.8313,4:09:20:156488,0
391.8522,185.977,4:09:20:159843,0
391.5079,186.1519,4:09:20:163930,0
391.3604,186.3851,4:09:20:167928,0
391.0406,186.6474,4:09:20:172927,0
390.8685,186.8806,4:09:20:175928,0
390.5733,187.143,4:09:20:180543,0
390.2044,187.347,4:09:20:183553,0
389.8601,187.6094,4:09:20:188601,0
389.5404,187.7843,4:09:20:191599,0
389.3683,187.9301,4:09:20:196601,0
389.0239,188.1049,4:09:20:199599,0
388.7042,188.2215,4:09:20:204548,0
388.5321,188.3382,4:09:20:208558,0
388.3599,188.3673,4:09:20:212642,0
388.2615,188.3673,4:09:20:216648,0
388.2123,188.3673,4:09:20:220275,0
388.2123,188.3673,4:09:20:224693,0
388.2123,188.3673,4:09:20:228426,0
388.2123,188.3673,4:09:20:232432,0
388.2123,188.3673,4:09:20:236425,0
388.2123,187.6969,4:09:20:240427,0
388.2123,187.6969,4:09:20:244546,0
388.2123,187.6969,4:09:20:248565,0
388.2123,187.6969,4:09:20:252556,0
388.778,187.6969,4:09:20:255558,0
388.778,187.2013,4:09:20:260627,0
388.778,187.2013,4:09:20:263637,0
388.778,187.2013,4:09:20:268707,0
389.3437,186.7932,4:09:20:271718,0
389.3437,186.7932,4:09:20:276719,0
389.3437,186.5017,4:09:20:279717,0
389.3437,186.5017,4:09:20:283717,0
389.3437,186.1227,4:09:20:287727,0
389.3437,186.0353,4:09:20:292543,0
389.3437,185.9187,4:09:20:296553,0
389.3437,185.8604,4:09:20:300718,0
389.3437,185.6855,4:09:20:303728,0
389.3437,185.5981,4:09:20:308729,0
389.3437,185.5689,4:09:20:311729,0
389.3437,185.4523,4:09:20:316729,0
389.8601,185.4231,4:09:20:319728,0
389.8601,185.1899,4:09:20:324923,0
389.8601,185.1608,4:09:20:327927,0
389.8601,185.0442,4:09:20:332494,0
389.8601,185.0442,4:09:20:335502,0
389.8601,185.0442,4:09:20:340502,0
389.8601,185.0442,4:09:20:343502,0
389.8601,185.0442,4:09:20:348502,0
389.8601,185.0442,4:09:20:352878,0
389.8601,185.0442,4:09:20:355880,0
389.8601,185.0442,4:09:20:360367,0
389.8601,184.3737,4:09:20:364321,0
389.8601,184.3737,4:09:20:368321,0
389.0239,184.3737,4:09:20:372321,0
389.0239,184.3737,4:09:20:376320,0
389.8601,184.3737,4:09:20:380321,0
389.8601,183.849,4:09:20:384546,0
389.8601,183.849,4:09:20:387559,0
389.8601,183.849,4:09:20:392549,0
389.8601,183.849,4:09:20:395875,0
389.8601,183.849,4:09:20:400875,0
389.8601,183.849,4:09:20:403878,0
389.8601,183.849,4:09:20:407875,0
389.8601,183.849,4:09:20:411875,0
389.8601,183.849,4:09:20:416496,0
389.8601,183.849,4:09:20:420313,0
389.8601,183.849,4:09:20:424233,0
389.8601,183.849,4:09:20:428236,0
389.8601,183.2661,4:09:20:432234,0
390.5487,183.2661,4:09:20:436235,0
390.5487,183.2661,4:09:20:440221,0
390.5487,183.2661,4:09:20:444242,0
390.5487,182.7997,4:09:20:448136,0
390.5487,182.7997,4:09:20:451864,0
390.5487,182.3041,4:09:20:456200,0
390.5487,182.3041,4:09:20:460212,0
390.5487,182.3041,4:09:20:464270,0
390.5487,182.3041,4:09:20:468213,0
391.3604,182.3041,4:09:20:473209,0
391.3604,182.3041,4:09:20:476210,0
392.3441,182.3041,4:09:20:480234,0
392.3441,182.3041,4:09:20:484210,0
392.3441,182.3041,4:09:20:488512,0
392.9344,182.3041,4:09:20:492522,0
392.9344,182.3041,4:09:20:496746,0
392.9344,182.3041,4:09:20:499754,0
392.9344,182.3041,4:09:20:504756,0
392.9344,182.3041,4:09:20:507754,0
392.9344,182.3041,4:09:20:511756,0
393.4508,181.6628,4:09:20:516754,0
393.4508,181.6628,4:09:20:520534,0
394.0165,181.6628,4:09:20:524051,0
394.0165,181.6628,4:09:20:528603,0
394.0165,181.6628,4:09:20:531601,0
394.5083,181.6628,4:09:20:536603,0
394.7789,181.6628,4:09:20:539606,0
395.0248,181.1089,4:09:20:544535,0
395.4183,181.1089,4:09:20:547545,0
396.0823,181.1089,4:09:20:552818,0
396.4513,181.1089,4:09:20:556336,0
397.1153,181.1089,4:09:20:560337,0
397.4842,181.1089,4:09:20:564336,0
397.9023,181.1089,4:09:20:568501,0
398.2958,181.1089,4:09:20:572509,0
399.009,181.1089,4:09:20:576471,0
399.3533,181.1089,4:09:20:580097,0
399.3533,181.1089,4:09:20:584526,0
399.3533,181.1089,4:09:20:588531,0
400.0419,181.1089,4:09:20:592543,0
400.0419,181.1089,4:09:20:596528,0
400.706,181.1089,4:09:20:600705,0
400.706,180.3802,4:09:20:603713,0
400.706,180.3802,4:09:20:607799,0
400.706,180.3802,4:09:20:611806,0
401.4438,180.3802,4:09:20:615809,0
401.4438,180.3802,4:09:20:619807,0
401.4438,180.3802,4:09:20:624549,0
401.4438,180.3802,4:09:20:628559,0
401.4438,180.3802,4:09:20:632557,0
400.5584,180.3802,4:09:20:636581,0
400.5584,180.3802,4:09:20:640546,0
400.5584,180.3802,4:09:20:643700,0
400.5584,180.3802,4:09:20:647699,0
400.5584,180.3802,4:09:20:651700,0
400.5584,180.3802,4:09:20:656699,0
399.9927,180.3802,4:09:20:659698,0
399.9927,180.3802,4:09:20:664493,0
399.9927,180.3802,4:09:20:667899,0
399.9927,180.3802,4:09:20:672457,0
400.6322,180.3802,4:09:20:676391,0
400.6322,180.3802,4:09:20:680399,0
400.6322,180.3802,4:09:20:684391,0
400.6322,180.3802,4:09:20:688542,0
401.1487,179.6514,4:09:20:691877,0
401.1487,179.6514,4:09:20:695691,0
401.5421,179.6514,4:09:20:699694,0
401.5421,179.6514,4:09:20:704971,0
401.5421,179.6514,4:09:20:707972,0
401.5421,179.6514,4:09:20:711968,0
401.5421,179.6514,4:09:20:715969,0
401.5421,179.6514,4:09:20:720689,0
401.5421,179.6514,4:09:20:723699,0
401.5421,178.8353,4:09:20:727700,0
401.5421,178.8353,4:09:20:731727,0
401.5421,178.8353,4:09:20:735698,0
401.5421,178.8353,4:09:20:739699,0
401.5421,178.8353,4:09:20:744541,0
401.5421,178.8353,4:09:20:747874,0
401.5421,178.8353,4:09:20:751996,0
401.5421,177.9608,4:09:20:755977,0
401.5421,177.9608,4:09:20:759977,0
402.3046,177.9608,4:09:20:763977,0
402.3046,177.232,4:09:20:768540,0
402.3046,177.232,4:09:20:771895,0
402.7227,177.232,4:09:20:776984,0
402.7227,177.232,4:09:20:780304,0
402.7227,177.232,4:09:20:784306,0
402.7227,177.232,4:09:20:788306,0
402.7227,177.232,4:09:20:792414,0
402.7227,177.232,4:09:20:796304,0
402.7227,177.232,4:09:20:800580,0
402.7227,177.9025,4:09:20:803617,0
402.7227,177.9025,4:09:20:808589,0
402.7227,177.9025,4:09:20:811593,0
402.7227,177.9025,4:09:20:816747,0
402.7227,177.9025,4:09:20:819757,0
402.7227,177.9025,4:09:20:823779,0
402.7227,177.9025,4:09:20:827760,0
402.7227,177.9025,4:09:20:831812,0
402.7227,177.9025,4:09:20:835755,0
402.2062,177.9025,4:09:20:840545,0
402.2062,177.9025,4:09:20:844555,0
402.2062,177.9025,4:09:20:848495,0
401.7635,177.9025,4:09:20:851903,0
401.7635,177.9025,4:09:20:856454,0
401.7635,177.9025,4:09:20:860464,0
401.0995,177.9025,4:09:20:864462,0
400.706,177.9025,4:09:20:868464,0
400.3617,177.9025,4:09:20:872545,0
400.1157,177.9025,4:09:20:875555,0
399.919,177.9025,4:09:20:880510,0
399.7714,177.9025,4:09:20:884490,0
399.6484,177.9025,4:09:20:888488,0
399.4763,177.9025,4:09:20:892479,0
399.4517,177.9025,4:09:20:896475,0
399.4271,177.9025,4:09:20:900474,0
399.4271,177.9025,4:09:20:904487,0
399.4271,177.9025,4:09:20:908497,0
399.4271,177.9025,4:09:20:913283,0
399.4271,177.9025,4:09:20:916315,0
399.4271,177.9025,4:09:20:920292,0
399.4271,177.9025,4:09:20:924293,0
399.4271,178.6021,4:09:20:929294,0
399.4271,178.6021,4:09:20:932291,0
399.4271,178.6021,4:09:20:936698,0
399.4271,178.6021,4:09:20:939706,0
399.4271,178.6021,4:09:20:943817,0
399.4271,178.6021,4:09:20:947708,0
399.4271,178.6021,4:09:20:952706,0
399.4271,178.6021,4:09:20:955961,0
399.4271,178.6021,4:09:20:960076,0
398.7385,178.6021,4:09:20:964058,0
398.7385,178.6021,4:09:20:969262,0
398.7385,178.6021,4:09:20:972263,0
398.7385,178.6021,4:09:20:976265,0
398.7385,178.6021,4:09:20:980264,0
398.7385,178.6021,4:09:20:984447,0
398.7385,178.6021,4:09:20:987790,0
399.4763,178.6021,4:09:20:992792,0
399.4763,178.6021,4:09:20:995790,0
399.4763,178.6021,4:09:20:999911,0
399.4763,178.6021,4:09:21:003817,0
399.4763,179.3308,4:09:21:008822,0
399.4763,179.3308,4:09:21:011833,0
399.4763,179.3308,4:09:21:016832,0
399.4763,179.3308,4:09:21:019832,0
399.4763,179.3308,4:09:21:023834,0
399.4763,179.3308,4:09:21:027879,0
398.886,179.3308,4:09:21:032382,0
398.886,179.3308,4:09:21:036393,0
398.886,179.3308,4:09:21:040539,0
398.886,179.3308,4:09:21:044550,0
398.886,179.3308,4:09:21:048549,0
398.886,180.0596,4:09:21:051551,0
398.886,180.0596,4:09:21:056550,0
398.886,180.0596,4:09:21:059580,0
398.886,180.0596,4:09:21:064533,0
398.886,180.0596,4:09:21:068048,0
398.886,180.0596,4:09:21:072314,0
398.886,180.0596,4:09:21:076310,0
398.3696,180.0596,4:09:21:080434,0
398.3696,180.0596,4:09:21:084310,0
397.6809,180.0596,4:09:21:088539,0
397.6809,180.0596,4:09:21:091887,0
397.1645,180.0596,4:09:21:095870,0
397.1645,180.0596,4:09:21:099877,0
397.1645,180.0596,4:09:21:104876,0
397.1645,180.0596,4:09:21:107876,0
396.5496,180.0596,4:09:21:111936,0
396.5496,180.7009,4:09:21:115877,0
396.5496,180.7009,4:09:21:120544,0
396.5496,180.7009,4:09:21:123554,0
396.5496,180.7009,4:09:21:127802,0
395.6642,180.7009,4:09:21:131755,0
395.6642,181.1673,4:09:21:135753,0
395.6642,181.1673,4:09:21:139750,0
395.6642,181.1673,4:09:21:144486,0
395.6642,181.1673,4:09:21:147794,0
395.6642,181.4296,4:09:21:152488,0
395.6642,181.4296,4:09:21:155808,0
395.6642,181.6337,4:09:21:160806,0
395.6642,181.6337,4:09:21:164811,0
396.2791,181.6337,4:09:21:167811,0
396.2791,181.6337,4:09:21:171813,0
396.2791,181.6337,4:09:21:175814,0
396.2791,181.6337,4:09:21:179840,0
396.2791,181.6337,4:09:21:183812,0
397.7301,181.6337,4:09:21:187811,0
397.7301,181.6337,4:09:21:192485,0
397.7301,181.6337,4:09:21:195833,0
397.7301,181.6337,4:09:21:200488,0
398.4433,181.6337,4:09:21:203917,0
398.4433,182.2749,4:09:21:208666,0
398.4433,182.2749,4:09:21:211674,0
398.4433,182.2749,4:09:21:215675,0
397.4596,182.2749,4:09:21:219676,0
398.099,183.0329,4:09:21:223695,0
396.9185,183.0329,4:09:21:227676,0
397.5826,183.0329,4:09:21:231683,0
397.5826,183.645,4:09:21:235870,0
397.5826,183.645,4:09:21:240534,0
396.5742,184.1114,4:09:21:243566,0
398.0252,184.1114,4:09:21:248538,0
399.9927,184.3737,4:09:21:251549,0
393.5,187.1138,4:09:21:264767,0
409.8303,171.6935,4:09:23:916531,0
410.5927,171.6935,4:09:23:920559,0
411.2567,171.6935,4:09:23:924627,0
412.0683,171.6935,4:09:23:928487,0
412.7569,171.6935,4:09:23:932695,0
413.4701,171.6935,4:09:23:935709,0
414.2325,171.6935,4:09:23:940531,0
414.9457,171.0231,4:09:23:944559,0
415.6344,171.0231,4:09:23:948741,0
415.6344,170.3235,4:09:23:951788,0
415.6344,170.3235,4:09:23:956770,0
415.6344,169.653,4:09:23:959778,0
415.6344,169.653,4:09:23:964507,0
415.6344,168.9825,4:09:23:968518,0
415.6344,168.9825,4:09:23:972519,0
415.6344,168.6036,4:09:23:976518,0
415.6344,168.6036,4:09:23:980629,0
415.6344,168.2829,4:09:23:984518,0
415.6344,168.2829,4:09:23:988617,0
415.6344,168.0206,4:09:23:992630,0
415.6344,168.0206,4:09:23:996648,0
415.6344,167.7874,4:09:23:999658,0
415.6344,167.6416,4:09:24:004666,0
415.6344,167.4084,4:09:24:007661,0
415.6344,167.321,4:09:24:012661,0
415.6344,167.0878,4:09:24:016096,0
415.6344,166.9712,4:09:24:020550,0
415.6344,166.7963,4:09:24:023874,0
415.6344,166.6214,4:09:24:028187,0
415.6344,166.3882,4:09:24:032014,0
416.3722,166.2716,4:09:24:036015,0
416.3722,166.155,4:09:24:040013,0
416.3722,165.9509,4:09:24:044900,0
416.3722,165.8344,4:09:24:047908,0
416.3722,165.6303,4:09:24:052910,0
416.3722,165.4845,4:09:24:055908,0
417.1838,165.3096,4:09:24:061112,0
417.1838,165.1931,4:09:24:064646,0
417.1838,165.0181,4:09:24:068349,0
417.1838,164.9016,4:09:24:072359,0
417.1838,164.7558,4:09:24:076375,0
417.8724,164.61,4:09:24:080385,0
417.8724,164.4352,4:09:24:084360,0
417.8724,164.3185,4:09:24:088359,0
417.8724,164.2311,4:09:24:092541,0
418.7332,164.0853,4:09:24:096553,0
418.7332,163.9104,4:09:24:100991,0
419.2497,163.7064,4:09:24:104001,0
419.2497,163.5607,4:09:24:108029,0
419.2497,163.3857,4:09:24:112001,0
420.3564,163.24,4:09:24:117003,0
420.3564,163.0651,4:09:24:120001,0
420.3564,162.8611,4:09:24:124466,0
421.4139,162.7153,4:09:24:128477,0
421.4139,162.657,4:09:24:132534,0
421.4139,162.5404,4:09:24:136474,0
422.1271,162.3072,4:09:24:140772,0
422.1271,162.1615,4:09:24:144163,0
422.1271,162.0157,4:09:24:148389,0
422.1271,161.8408,4:09:24:152399,0
422.8895,161.7533,4:09:24:156532,0
422.8895,161.6076,4:09:24:160397,0
422.8895,161.4327,4:09:24:164619,0
423.4798,161.1703,4:09:24:167631,0
424.1192,161.1412,4:09:24:172314,0
424.857,160.9663,4:09:24:176509,0
424.857,160.7914,4:09:24:180638,0
426.4802,160.7331,4:09:24:184562,0
426.4802,160.4707,4:09:24:188568,0
426.4802,160.3833,4:09:24:192559,0
427.341,160.2667,4:09:24:196968,0
427.7591,160.1792,4:09:24:199982,0
428.2018,160.0043,4:09:24:203993,0
428.2018,159.8295,4:09:24:207984,0
428.6937,159.7711,4:09:24:212237,0
427.7099,159.5963,4:09:24:215984,0
427.7099,159.5379,4:09:24:221273,0
428.6199,159.3631,4:09:24:224284,0
428.6199,159.2756,4:09:24:228664,0
428.6199,159.159,4:09:24:232005,0
427.8083,159.0424,4:09:24:236495,0
427.8083,159.0424,4:09:24:240506,0
427.8083,158.955,4:09:24:244537,0
429.4807,158.8967,4:09:24:248506,0
429.4807,158.8092,4:09:24:252513,0
429.4807,158.6343,4:09:24:256507,0
431.1284,158.5468,4:09:24:260711,0
431.1284,158.4594,4:09:24:263721,0
432.2106,158.4594,4:09:24:268799,0
432.2106,158.3428,4:09:24:271796,0
432.2106,158.3136,4:09:24:275797,0
432.2106,158.1971,4:09:24:280796,0
432.2106,158.1971,4:09:24:284748,0
432.2106,158.1971,4:09:24:287758,0
432.2106,158.1971,4:09:24:292761,0
432.2106,158.1971,4:09:24:296760,0
432.2106,158.1971,4:09:24:300947,0
432.973,158.1971,4:09:24:303957,0
432.973,158.1971,4:09:24:308027,0
432.973,158.1971,4:09:24:311957,0
432.973,158.1971,4:09:24:315972,0
434.2273,158.1971,4:09:24:319957,0
434.2273,158.1971,4:09:24:324717,0
434.2273,158.1971,4:09:24:328730,0
437.9409,159.159,4:09:24:340730,0
437.9409,159.159,4:09:24:343726,0
436.8096,159.159,4:09:24:348700,0
436.8096,159.159,4:09:24:351713,0
435.3094,159.159,4:09:24:356661,0
434.7437,158.4303,4:09:24:359672,0
434.1781,158.4303,4:09:24:364671,0
433.637,158.4303,4:09:24:367672,0
433.637,157.9055,4:09:24:372674,0
432.973,157.9055,4:09:24:375672,0
432.973,157.9055,4:09:24:380933,0
432.973,157.9055,4:09:24:383934,0
433.5878,157.9055,4:09:24:387959,0
433.5878,157.5849,4:09:24:391932,0
433.5878,157.5849,4:09:24:396993,0
433.5878,157.5849,4:09:24:399973,0
433.5878,157.3517,4:09:24:404518,0
434.2518,157.3517,4:09:24:407528,0
434.2518,157.3517,4:09:24:411531,0
434.2518,157.3517,4:09:24:416451,0
434.9897,157.3517,4:09:24:420460,0
434.9897,157.3517,4:09:24:424459,0
434.9897,157.3517,4:09:24:428461,0
435.5307,157.3517,4:09:24:432463,0
435.5307,157.3517,4:09:24:436482,0
435.5307,157.3517,4:09:24:440927,0
435.5307,157.3517,4:09:24:443937,0
435.5307,157.3517,4:09:24:447954,0
435.5307,157.3517,4:09:24:451937,0
434.6945,157.3517,4:09:24:455935,0
434.6945,157.3517,4:09:24:459937,0
434.6945,157.3517,4:09:24:465935,0
434.6945,157.3517,4:09:24:467937,0
434.6945,157.3517,4:09:24:471935,0
434.1781,157.3517,4:09:24:476846,0
433.7108,157.3517,4:09:24:479857,0
433.7108,156.7104,4:09:24:484052,0
433.7108,156.7104,4:09:24:487857,0
433.7108,156.7104,4:09:24:491895,0
433.7108,156.7104,4:09:24:495855,0
433.7108,156.7104,4:09:24:500708,0
433.7108,156.7104,4:09:24:504721,0
433.7108,156.7104,4:09:24:508638,0
433.7108,156.7104,4:09:24:511650,0
433.7108,156.7104,4:09:24:516649,0
433.7108,156.7104,4:09:24:520648,0
433.7108,156.7104,4:09:24:525042,0
433.7108,156.7104,4:09:24:528053,0
434.6208,156.7104,4:09:24:532052,0
434.6208,156.7104,4:09:24:536053,0
434.6208,156.7104,4:09:24:540054,0
434.6208,156.7104,4:09:24:544085,0
434.6208,156.7104,4:09:24:548653,0
434.6208,156.7104,4:09:24:552191,0
434.6208,156.7104,4:09:24:557247,0
435.6045,156.7104,4:09:24:560284,0
435.6045,156.7104,4:09:24:564685,0
435.6045,156.7104,4:09:24:567664,0
435.6045,156.7104,4:09:24:572448,0
435.6045,156.0983,4:09:24:576470,0
435.6045,156.0983,4:09:24:580526,0
435.6045,156.0983,4:09:24:584461,0
435.6045,156.0983,4:09:24:588529,0
435.6045,156.0983,4:09:24:592153,0
435.6045,156.0983,4:09:24:596604,0
435.6045,156.0983,4:09:24:599872,0
435.6045,156.0983,4:09:24:604909,0
435.6045,156.0983,4:09:24:607919,0
435.6045,156.0983,4:09:24:612920,0
435.6045,156.0983,4:09:24:615920,0
435.6045,156.0983,4:09:24:620088,0
435.6045,156.0983,4:09:24:623922,0
435.6045,156.0983,4:09:24:628673,0
435.6045,156.0983,4:09:24:632193,0
435.6045,156.0983,4:09:24:636228,0
435.6045,156.0983,4:09:24:640192,0
435.6045,156.0983,4:09:24:644193,0
435.6045,156.0983,4:09:24:648192,0
435.6045,156.0983,4:09:24:652855,0
435.6045,156.0983,4:09:24:655864,0
435.6045,156.0983,4:09:24:661006,0
435.6045,156.0983,4:09:24:664016,0
435.6045,156.0983,4:09:24:668154,0
435.6045,156.0983,4:09:24:672026,0
435.6045,156.0983,4:09:24:677129,0
435.6045,156.0983,4:09:24:680514,0
436.1948,156.0983,4:09:24:684516,0
436.1948,156.0983,4:09:24:687514,0
436.1948,156.0983,4:09:24:692593,0
436.1948,156.0983,4:09:24:696514,0
436.1948,156.0983,4:09:24:700693,0
436.1948,156.0983,4:09:24:703603,0
436.1948,156.0983,4:09:24:708761,0
436.1948,156.0983,4:09:24:711774,0
436.1948,156.0983,4:09:24:715775,0
436.1948,156.0983,4:09:24:719771,0
436.1948,156.0983,4:09:24:724615,0
436.1948,156.0983,4:09:24:727628,0
436.1948,156.0983,4:09:24:732002,0
436.1948,156.0983,4:09:24:736027,0
436.1948,156.0983,4:09:24:740115,0
436.1948,156.0983,4:09:24:744001,0
436.908,156.0983,4:09:24:748800,0
436.908,156.0983,4:09:24:751811,0
436.908,156.0983,4:09:24:756812,0
436.908,156.0983,4:09:24:759832,0
436.908,156.0983,4:09:24:763828,0
436.908,156.0983,4:09:24:767811,0
436.908,156.0983,4:09:24:772859,0
436.908,156.0983,4:09:24:775870,0
436.908,156.0983,4:09:24:780871,0
436.908,156.0983,4:09:24:783869,0
436.908,156.0983,4:09:24:787875,0
436.908,156.0983,4:09:24:791899,0
436.908,156.0983,4:09:24:795869,0
436.908,156.0983,4:09:24:800141,0
436.908,156.0983,4:09:24:804630,0
436.908,156.0983,4:09:24:808641,0
436.908,156.0983,4:09:24:812764,0
436.908,156.0983,4:09:24:815762,0
436.908,156.0983,4:09:24:820779,0
436.908,156.0983,4:09:24:826762,0
436.908,156.0983,4:09:24:832085,0
436.908,156.0983,4:09:24:833084,0
437.572,156.0983,4:09:24:836086,0
437.572,156.0983,4:09:24:840097,0
438.1131,156.0983,4:09:24:844085,0
438.1131,156.0983,4:09:24:848064,0
438.1131,156.0983,4:09:24:852101,0
438.6295,156.0983,4:09:24:856579,0
438.6295,156.0983,4:09:24:860592,0
438.6295,156.0983,4:09:24:864591,0
434.1043,167.4668,4:09:25:386532,0
434.1043,167.4668,4:09:25:390524,0
434.1043,167.4668,4:09:25:394556,0
432.4073,167.4668,4:09:25:398527,0
432.4073,167.4668,4:09:25:402905,0
432.4073,167.4668,4:09:25:405914,0
431.5219,167.4668,4:09:25:410914,0
430.3414,168.0789,4:09:25:413915,0
430.3414,168.0789,4:09:25:418925,0
430.3414,168.0789,4:09:25:421914,0
430.3414,168.6328,4:09:25:426940,0
431.94,168.6328,4:09:25:429950,0
431.94,168.6328,4:09:25:434632,0
430.9317,168.6328,4:09:25:438648,0
430.9317,168.6328,4:09:25:442644,0
430.9317,169.0117,4:09:25:446660,0
430.9317,169.0117,4:09:25:450644,0
429.7512,169.0117,4:09:25:454644,0
429.7512,169.0117,4:09:25:458925,0
428.3247,169.1866,4:09:25:461943,0
428.9642,169.1866,4:09:25:466935,0
428.9642,169.1866,4:09:25:469935,0
428.9642,169.1866,4:09:25:474046,0
428.9642,169.1866,4:09:25:477962,0
428.9642,169.1866,4:09:25:482942,0
428.9642,169.1866,4:09:25:486305,0
429.6528,169.1866,4:09:25:490705,0
429.6528,169.1866,4:09:25:493933,0
429.6528,169.1866,4:09:25:498074,0
429.6528,169.1866,4:09:25:501934,0
430.5874,169.1866,4:09:25:505933,0
430.5874,169.1866,4:09:25:509934,0
430.5874,169.1866,4:09:25:513933,0
431.3744,169.1866,4:09:25:518878,0
431.3744,168.5453,4:09:25:521891,0
431.3744,168.5453,4:09:25:525888,0
431.3744,168.5453,4:09:25:530892,0
431.3744,168.5453,4:09:25:533891,0
431.3744,168.5453,4:09:25:537889,0
431.3744,168.5453,4:09:25:542769,0
431.3744,168.5453,4:09:25:545780,0
430.3414,167.9915,4:09:25:550780,0
430.3414,167.9915,4:09:25:553782,0
430.3414,167.9915,4:09:25:557779,0
430.3414,167.5833,4:09:25:561780,0
430.3414,167.5833,4:09:25:566661,0
430.3414,167.2044,4:09:25:569675,0
430.3414,167.2044,4:09:25:574671,0
430.3414,166.9129,4:09:25:577671,0
430.3414,166.9129,4:09:25:582498,0
430.3414,166.5631,4:09:25:586433,0
430.3414,166.5048,4:09:25:590502,0
430.3414,166.3882,4:09:25:594433,0
430.3414,166.3008,4:09:25:598585,0
430.3414,166.155,4:09:25:601916,0
430.3414,166.0092,4:09:25:606566,0
430.3414,165.9509,4:09:25:610556,0
430.3414,165.8344,4:09:25:614567,0
429.7512,165.8052,4:09:25:618562,0
429.7512,165.6303,4:09:25:622561,0
430.8333,165.4554,4:09:25:626558,0
430.8333,165.2805,4:09:25:630939,0
430.8333,165.1639,4:09:25:633952,0
430.8333,165.0473,4:09:25:638948,0
430.8333,164.9016,4:09:25:641949,0
430.8333,164.7558,4:09:25:646159,0
431.7925,164.61,4:09:25:649949,0
431.7925,164.4643,4:09:25:655058,0
431.7925,164.4352,4:09:25:658069,0
431.7925,164.3185,4:09:25:662096,0
431.7925,164.2894,4:09:25:666069,0
431.7925,164.1728,4:09:25:670083,0
431.7925,164.0853,4:09:25:674070,0
431.7925,164.0853,4:09:25:678095,0
431.7925,164.0562,4:09:25:682247,0
431.7925,164.0271,4:09:25:686435,0
431.7925,163.8813,4:09:25:690459,0
431.7925,163.8813,4:09:25:694884,0
431.7925,163.7647,4:09:25:697921,0
431.7925,163.7064,4:09:25:701895,0
431.7925,163.6481,4:09:25:705895,0
431.7925,163.6189,4:09:25:709909,0
431.7925,163.6189,4:09:25:713895,0
431.7925,163.6189,4:09:25:718898,0
431.7925,163.6189,4:09:25:721895,0
431.7925,163.6189,4:09:25:726288,0
431.7925,163.6189,4:09:25:730299,0
431.7925,163.6189,4:09:25:734603,0
431.7925,163.6189,4:09:25:737963,0
431.7925,163.6189,4:09:25:742614,0
431.7925,164.2311,4:09:25:745627,0
431.7925,164.2311,4:09:25:750653,0
431.7925,164.2311,4:09:25:754627,0
431.7925,164.2311,4:09:25:758688,0
431.7925,164.2311,4:09:25:761699,0
430.9071,164.7267,4:09:25:766755,0
430.9071,164.7267,4:09:25:769765,0
430.9071,164.7267,4:09:25:774755,0
430.366,165.0764,4:09:25:777765,0
431.153,165.0764,4:09:25:782783,0
431.153,165.4263,4:09:25:785766,0
431.153,165.4263,4:09:25:790768,0
431.153,165.7469,4:09:25:793765,0
431.153,166.0092,4:09:25:798054,0
431.153,166.2424,4:09:25:802062,0
432.1368,166.3882,4:09:25:807065,0
432.727,166.534,4:09:25:810061,0
432.063,166.6797,4:09:25:815065,0
432.063,166.9129,4:09:25:818062,0
410.6664,165.1931,4:09:27:198407,0
410.6664,165.1931,4:09:27:202292,0
411.3797,165.1931,4:09:27:207005,0
411.3797,165.1931,4:09:27:210015,0
412.5356,165.1931,4:09:27:215027,0
413.1258,164.5809,4:09:27:218014,0
413.6915,164.5809,4:09:27:222152,0
414.2817,164.5809,4:09:27:226014,0
414.872,164.5809,4:09:27:231037,0
414.872,164.0853,4:09:27:234083,0
415.3147,164.0853,4:09:27:239048,0
415.3147,164.0853,4:09:27:242065,0
415.3147,164.0853,4:09:27:246125,0
415.3147,163.7647,4:09:27:250049,0
415.3147,163.7647,4:09:27:255126,0
415.3147,163.2691,4:09:27:258136,0
416.0279,163.2691,4:09:27:263141,0
410.6664,163.2983,4:09:27:275016,0
411.9453,163.2983,4:09:27:278538,0
411.9453,163.2983,4:09:27:282650,0
413.5193,163.2983,4:09:27:286536,0
414.2817,162.5695,4:09:27:290590,0
414.8474,162.5695,4:09:27:294538,0
415.9787,162.5695,4:09:27:299094,0
417.0608,161.8408,4:09:27:302476,0
418.1921,161.8408,4:09:27:306554,0
418.684,161.8408,4:09:27:310476,0
420.135,161.3452,4:09:27:314635,0
419.1513,161.3452,4:09:27:318501,0
419.1513,161.3452,4:09:27:322676,0
420.0121,160.9371,4:09:27:325687,0
420.6515,160.9371,4:09:27:330621,0
421.3155,160.6748,4:09:27:334564,0
421.9796,160.4707,4:09:27:338618,0
421.3155,160.2667,4:09:27:341559,0
420.135,160.2667,4:09:27:346886,0
421.6107,160.0043,4:09:27:349903,0
422.2501,159.8003,4:09:27:354088,0
422.9141,159.6837,4:09:27:357896,0
422.9141,159.5671,4:09:27:362051,0
422.9141,159.5379,4:09:27:365896,0
422.9141,159.4505,4:09:27:370964,0
423.5782,159.4505,4:09:27:373974,0
425.226,159.3922,4:09:27:378802,0
425.226,159.3631,4:09:27:381812,0
426.1851,159.2464,4:09:27:386736,0
426.7016,159.159,4:09:27:389746,0
426.7016,159.1007,4:09:27:394748,0
428.128,158.955,4:09:27:397746,0
428.6199,158.6926,4:09:27:402746,0
429.2839,158.5468,4:09:27:405746,0
429.2839,158.4886,4:09:27:410731,0
429.2839,158.3136,4:09:27:413549,0
429.2839,158.1971,4:09:27:418667,0
429.7512,158.1387,4:09:27:421678,0
430.7595,157.993,4:09:27:426748,0
429.7512,157.789,4:09:27:429747,0
429.7512,157.789,4:09:27:434746,0
429.7512,157.789,4:09:27:437747,0
430.7841,157.789,4:09:27:442657,0
430.7841,157.789,4:09:27:446668,0
431.7433,157.789,4:09:27:450673,0
431.7433,157.789,4:09:27:453668,0
431.7433,157.0602,4:09:27:459667,0
432.4811,157.0602,4:09:27:462681,0
432.4811,157.0602,4:09:27:466667,0
433.2189,157.0602,4:09:27:469668,0
433.2189,157.0602,4:09:27:475427,0
433.2189,157.0602,4:09:27:478438,0
437.4982,158.0513,4:09:27:490691,0
436.7604,158.0513,4:09:27:493694,0
436.7604,158.0513,4:09:27:498693,0
435.6045,158.0513,4:09:27:501691,0
435.6045,157.1185,4:09:27:506703,0
434.4732,157.1185,4:09:27:510054,0
433.6862,157.1185,4:09:27:514647,0
433.6862,156.4189,4:09:27:517658,0
432.5549,156.4189,4:09:27:522667,0
432.5549,156.4189,4:09:27:526656,0
432.5549,156.4189,4:09:27:530678,0
433.3419,156.4189,4:09:27:533658,0
433.3419,156.4189,4:09:27:538963,0
433.3419,156.4189,4:09:27:541973,0
433.3419,156.4189,4:09:27:545975,0
433.3419,156.4189,4:09:27:549973,0
433.3419,156.4189,4:09:27:554113,0
433.3419,156.4189,4:09:27:557989,0
433.3419,156.4189,4:09:27:562860,0
433.3419,156.4189,4:09:27:566868,0
433.3419,155.7484,4:09:27:569854,0
433.3419,155.7484,4:09:27:573824,0
433.3419,155.7484,4:09:27:578825,0
433.3419,155.7484,4:09:27:581825,0
433.3419,155.7484,4:09:27:587042,0
433.3419,155.282,4:09:27:590052,0
433.3419,155.282,4:09:27:594215,0
433.3419,155.282,4:09:27:598054,0
433.3419,155.282,4:09:27:602066,0
433.3419,155.282,4:09:27:606052,0
433.3419,155.282,4:09:27:610973,0
433.3419,155.282,4:09:27:614491,0
433.3419,155.282,4:09:27:618531,0
433.3419,155.282,4:09:27:622516,0
433.3419,155.282,4:09:27:626533,0
433.9321,155.282,4:09:27:630492,0
433.9321,155.282,4:09:27:634683,0
433.9321,155.282,4:09:27:638694,0
434.3994,155.282,4:09:27:642391,0
434.3994,155.282,4:09:27:646414,0
434.3994,155.282,4:09:27:650422,0
434.3994,155.282,4:09:27:654398,0
434.3994,155.282,4:09:27:658907,0
434.3994,155.282,4:09:27:661917,0
434.3994,155.282,4:09:27:666918,0
434.3994,155.282,4:09:27:669918,0
434.3994,155.282,4:09:27:674052,0
434.3994,155.282,4:09:27:677917,0
434.3994,154.6407,4:09:27:682682,0
434.3994,154.6407,4:09:27:685693,0
434.3994,154.6407,4:09:27:690789,0
434.3994,154.6407,4:09:27:693803,0
435.0388,154.6407,4:09:27:698801,0
435.0388,154.6407,4:09:27:701800,0
435.0388,154.6407,4:09:27:706828,0
435.0388,154.6407,4:09:27:709839,0
435.0388,154.6407,4:09:27:714660,0
435.0388,154.6407,4:09:27:718683,0
435.0388,154.6407,4:09:27:721669,0
435.0388,154.6407,4:09:27:725680,0
435.0388,154.6407,4:09:27:730938,0
435.0388,154.6407,4:09:27:733940,0
434.4486,154.6407,4:09:27:738938,0
434.4486,154.6407,4:09:27:741937,0
434.4486,154.6407,4:09:27:746943,0
434.4486,154.6407,4:09:27:749938,0
434.4486,154.6407,4:09:27:754978,0
434.4486,154.6407,4:09:27:757990,0
434.4486,154.6407,4:09:27:762002,0
434.4486,154.6407,4:09:27:765988,0
434.4486,154.6407,4:09:27:771135,0
434.4486,154.6407,4:09:27:774145,0
434.4486,154.6407,4:09:27:778082,0
434.4486,154.6407,4:09:27:782100,0
434.4486,154.6407,4:09:27:786954,0
433.7108,154.6407,4:09:27:789964,0
433.7108,154.6407,4:09:27:794169,0
433.7108,154.6407,4:09:27:797966,0
433.2927,154.6407,4:09:27:801975,0
433.2927,155.457,4:09:27:806209,0
432.7762,155.457,4:09:27:810658,0
432.7762,155.457,4:09:27:813668,0
432.4073,155.457,4:09:27:818669,0
432.4073,155.457,4:09:27:821671,0
431.8662,156.0691,4:09:27:826670,0
431.5219,156.0691,4:09:27:829668,0
431.0301,156.0691,4:09:27:834766,0
430.5628,156.0691,4:09:27:837955,0
430.1693,156.5355,4:09:27:842748,0
429.6282,156.5355,4:09:27:846769,0
429.3823,156.5355,4:09:27:850715,0
428.915,156.827,4:09:27:854338,0
428.5707,156.827,4:09:27:858471,0
428.3985,157.0602,4:09:27:862316,0
428.1034,157.2059,4:09:27:866450,0
427.9804,157.2059,4:09:27:870306,0
427.6853,157.3226,4:09:27:874745,0
427.4148,157.4391,4:09:27:877755,0
426.9721,157.614,4:09:27:882754,0
426.8491,157.6723,4:09:27:885781,0
426.7016,157.7598,4:09:27:890769,0
426.2835,157.8472,4:09:27:893779,0
426.2835,157.993,4:09:27:898910,0
426.2835,158.0804,4:09:27:901920,0
426.2835,158.1679,4:09:27:906921,0
426.2835,158.2845,4:09:27:909920,0
425.6932,158.2845,4:09:27:913934,0
425.6932,158.2845,4:09:27:917920,0
425.6932,158.2845,4:09:27:922725,0
425.6932,158.2845,4:09:27:925985,0
425.6932,158.2845,4:09:27:930795,0
425.6932,158.2845,4:09:27:933809,0
425.6932,158.2845,4:09:27:938756,0
425.1276,158.2845,4:09:27:941769,0
425.1276,158.8383,4:09:27:946768,0
425.1276,158.8383,4:09:27:949784,0
425.1276,158.8383,4:09:27:954947,0
425.1276,158.8383,4:09:27:957955,0
425.1276,159.2464,4:09:27:962788,0
425.1276,159.2464,4:09:27:965801,0
424.5619,159.2464,4:09:27:969878,0
424.5619,159.2464,4:09:27:973813,0
424.5619,159.5963,4:09:27:978800,0
424.5619,159.5963,4:09:27:981798,0
424.07,159.5963,4:09:27:986757,0
424.07,159.9169,4:09:27:989767,0
423.6028,160.0627,4:09:27:993893,0
423.6028,160.1792,4:09:27:997767,0
423.1109,160.3833,4:09:28:003040,0
422.6682,160.5291,4:09:28:006051,0
422.4222,160.6748,4:09:28:010070,0
422.4222,160.7914,4:09:28:014051,0
421.955,160.9663,4:09:28:018132,0
421.6844,161.1412,4:09:28:022051,0
421.4385,161.2287,4:09:28:027469,0
421.0942,161.3744,4:09:28:030465,0
420.7991,161.4619,4:09:28:034859,0
420.5285,161.6367,4:09:28:037870,0
420.258,161.7533,4:09:28:042677,0
419.8891,161.8991,4:09:28:045688,0
419.6678,161.9865,4:09:28:050688,0
419.5448,162.1031,4:09:28:053688,0
419.3234,162.1906,4:09:28:058687,0
419.1021,162.3072,4:09:28:061688,0
419.0283,162.3947,4:09:28:066783,0
418.9053,162.4529,4:09:28:069804,0
418.8316,162.5695,4:09:28:074221,0
418.6594,162.7153,4:09:28:078231,0
418.3889,162.8611,4:09:28:082403,0
418.0938,163.0068,4:09:28:086232,0
417.9216,163.1234,4:09:28:090454,0
417.7986,163.2691,4:09:28:094232,0
417.5281,163.4732,4:09:28:098700,0
417.3313,163.6189,4:09:28:101712,0
417.1346,163.7064,4:09:28:106581,0
416.9132,163.823,4:09:28:110594,0
416.7657,163.9396,4:09:28:114596,0
416.5689,164.0562,4:09:28:118594,0
416.4214,164.1145,4:09:28:122597,0
416.1754,164.2894,4:09:28:126595,0
416.0033,164.3477,4:09:28:130720,0
415.8311,164.4935,4:09:28:133705,0
415.7082,164.61,4:09:28:138963,0
415.5606,164.7267,4:09:28:141973,0
415.4868,164.8432,4:09:28:146974,0
415.3147,164.989,4:09:28:149973,0
415.1671,165.1348,4:09:28:154095,0
415.0441,165.2513,4:09:28:157973,0
414.8474,165.3388,4:09:28:162664,0
414.7244,165.4554,4:09:28:165675,0
414.5522,165.6012,4:09:28:169689,0
414.3801,165.7177,4:09:28:173674,0
414.2079,165.8344,4:09:28:178719,0
414.0604,165.9509,4:09:28:182215,0
413.9374,166.0384,4:09:28:186530,0
413.7161,166.2133,4:09:28:190396,0
413.6669,166.2424,4:09:28:194406,0
413.5193,166.3008,4:09:28:198401,0
413.3963,166.3882,4:09:28:202533,0
413.2242,166.4465,4:09:28:206400,0
413.1012,166.5631,4:09:28:210710,0
412.9782,166.6505,4:09:28:214410,0
412.8553,166.7672,4:09:28:218568,0
412.7815,166.7963,4:09:28:221580,0
412.5602,166.9129,4:09:28:227384,0
412.4372,167.0004,4:09:28:230390,0
412.2896,167.1169,4:09:28:234391,0
412.0683,167.2336,4:09:28:238391,0
411.9207,167.321,4:09:28:242460,0
411.724,167.4084,4:09:28:246408,0
411.5518,167.5251,4:09:28:250915,0
411.3551,167.5833,4:09:28:254431,0
411.2321,167.6416,4:09:28:258433,0
411.0353,167.7291,4:09:28:262455,0
410.8878,167.8748,4:09:28:266456,0
410.7894,167.9915,4:09:28:270434,0
410.5435,168.0789,4:09:28:274765,0
410.4205,168.1955,4:09:28:277775,0
410.1992,168.2829,4:09:28:282775,0
409.9778,168.3704,4:09:28:285778,0
409.7319,168.6036,4:09:28:290943,0
409.4859,168.7785,4:09:28:293953,0
409.1416,168.8951,4:09:28:297965,0
408.9203,169.0408,4:09:28:301953,0
408.6989,169.1866,4:09:28:306030,0
408.4776,169.4198,4:09:28:309954,0
408.1333,169.5947,4:09:28:314608,0
407.8628,169.8571,4:09:28:318429,0
407.6168,169.9736,4:09:28:322600,0
407.3463,170.1194,4:09:28:325610,0
407.1003,170.3235,4:09:28:330612,0
406.8298,170.4984,4:09:28:333612,0
406.5347,170.6732,4:09:28:338855,0
406.1904,170.7899,4:09:28:341865,0
405.9198,171.0231,4:09:28:346867,0
405.6985,171.1105,4:09:28:349866,0
405.5017,171.2271,4:09:28:353865,0
405.2558,171.3728,4:09:28:358203,0
405.1574,171.5186,4:09:28:362780,0
404.9115,171.606,4:09:28:365791,0
404.7639,171.6935,4:09:28:370740,0
404.641,171.7518,4:09:28:373754,0
404.641,171.8392,4:09:28:378752,0
404.5672,171.9267,4:09:28:381751,0
404.4196,172.0724,4:09:28:386752,0
404.3213,172.1891,4:09:28:389751,0
404.0999,172.2765,4:09:28:395112,0
404.0753,172.2765,4:09:28:398124,0
403.9523,172.4223,4:09:28:402134,0
403.854,172.5972,4:09:28:406124,0
403.731,172.7137,4:09:28:410321,0
403.5342,172.8012,4:09:28:414124,0
403.5342,172.8304,4:09:28:418803,0
403.5342,172.8304,4:09:28:421813,0
403.5342,172.8887,4:09:28:426881,0
403.5342,173.0344,4:09:28:429891,0
403.5342,173.1219,4:09:28:433900,0
403.5342,173.2093,4:09:28:437891,0
403.5342,173.2968,4:09:28:441892,0
402.944,173.4133,4:09:28:445892,0
402.944,173.6174,4:09:28:450669,0
402.944,173.8214,4:09:28:454136,0
402.944,174.0838,4:09:28:458698,0
402.944,174.3461,4:09:28:462170,0
402.3292,174.5793,4:09:28:466765,0
402.3292,174.6376,4:09:28:469775,0
402.3292,174.7834,4:09:28:473813,0
402.3292,175.0457,4:09:28:477775,0
403.0424,175.0749,4:09:28:482715,0
403.0424,175.0749,4:09:28:485826,0
377.5633,185.5689,4:09:28:871172,0
377.5633,185.5689,4:09:28:874182,0
377.5633,185.5689,4:09:28:878297,0
376.7762,184.7527,4:09:28:882185,0
376.7762,184.7527,4:09:28:886183,0
375.9647,184.7527,4:09:28:890215,0
375.9647,183.849,4:09:28:894984,0
375.276,183.849,4:09:28:898503,0
375.276,183.849,4:09:28:902622,0
374.735,183.849,4:09:28:906505,0
374.735,183.849,4:09:28:910523,0
374.735,183.849,4:09:28:913502,0
374.735,183.849,4:09:28:918494,0
374.735,183.849,4:09:28:921511,0
374.735,183.849,4:09:28:926969,0
374.735,183.849,4:09:28:929980,0
374.735,183.849,4:09:28:934980,0
374.735,183.849,4:09:28:937980,0
374.735,183.849,4:09:28:942102,0
374.735,183.849,4:09:28:946195,0
374.735,183.849,4:09:28:950058,0
374.735,182.9745,4:09:28:954077,0
374.735,182.9745,4:09:28:958994,0
374.735,182.9745,4:09:28:962005,0
375.276,182.2166,4:09:28:966143,0
375.276,182.2166,4:09:28:970004,0
375.6449,181.7211,4:09:28:974121,0
375.6449,181.7211,4:09:28:978159,0
375.9647,181.3421,4:09:28:982699,0
375.9647,181.3421,4:09:28:986710,0
375.9647,181.3421,4:09:28:989730,0
376.4073,181.3421,4:09:28:993707,0
376.4073,181.3421,4:09:28:998709,0
376.4073,181.3421,4:09:29:001709,0
376.4073,181.3421,4:09:29:006604,0
376.5549,181.3421,4:09:29:009614,0
376.5549,181.3421,4:09:29:014617,0
376.5549,181.3421,4:09:29:017615,0
376.6533,181.3421,4:09:29:022983,0
376.6533,181.3421,4:09:29:025994,0
376.6533,181.3421,4:09:29:030996,0
376.6533,181.3421,4:09:29:033994,0
376.6533,181.3421,4:09:29:038996,0
376.6533,181.3421,4:09:29:041994,0
376.6533,181.3421,4:09:29:046823,0
376.6533,181.3421,4:09:29:049833,0
376.6533,181.3421,4:09:29:054837,0
376.6533,181.3421,4:09:29:058832,0
376.6533,181.3421,4:09:29:061832,0
376.6533,181.3421,4:09:29:065833,0
376.6533,181.3421,4:09:29:071008,0
376.6533,181.3421,4:09:29:074018,0
376.6533,181.3421,4:09:29:078099,0
377.1206,181.3421,4:09:29:082018,0
377.1206,181.3421,4:09:29:086033,0
377.1206,181.3421,4:09:29:090294,0
377.1206,181.3421,4:09:29:094769,0
377.4403,181.3421,4:09:29:097794,0
377.4403,181.3421,4:09:29:102778,0
377.4403,180.8174,4:09:29:105789,0
377.7354,180.8174,4:09:29:110789,0
377.7354,180.8174,4:09:29:113789,0
377.7354,180.8174,4:09:29:118790,0
377.9568,180.8174,4:09:29:121789,0
378.0551,180.8174,4:09:29:127002,0
378.1535,180.8174,4:09:29:130015,0
378.2765,180.8174,4:09:29:134090,0
378.3748,180.8174,4:09:29:138017,0
378.4978,180.8174,4:09:29:142027,0
378.67,180.8174,4:09:29:146011,0
378.7683,180.8174,4:09:29:150778,0
378.8913,180.8174,4:09:29:153789,0
379.0881,180.8174,4:09:29:157857,0
379.1618,180.8174,4:09:29:161875,0
379.334,180.4385,4:09:29:166607,0
379.4324,180.4385,4:09:29:170617,0
379.5799,180.4385,4:09:29:174619,0
379.6783,180.4385,4:09:29:177615,0
379.7767,180.4385,4:09:29:182645,0
379.9243,180.4385,4:09:29:186617,0
380.0226,180.4385,4:09:29:190621,0
380.1456,180.4385,4:09:29:194625,0
380.1702,180.4385,4:09:29:198621,0
380.2686,180.4385,4:09:29:201644,0
380.3177,180.4385,4:09:29:206803,0
380.3669,180.4385,4:09:29:209836,0
380.4653,180.4385,4:09:29:214814,0
380.4899,180.4385,4:09:29:217817,0
380.5883,180.4385,4:09:29:222959,0
380.6866,180.4385,4:09:29:225969,0
380.7358,180.4385,4:09:29:230971,0
380.8342,180.4385,4:09:29:233990,0
380.908,180.4385,4:09:29:238022,0
380.9326,180.4385,4:09:29:241969,0
380.9818,180.4385,4:09:29:247484,0
380.9818,180.4385,4:09:29:250488,0
380.9818,181.1089,4:09:29:254817,0
381.031,181.1089,4:09:29:257827,0
381.0556,181.1089,4:09:29:262830,0
381.0556,181.1089,4:09:29:265827,0
381.1293,181.6045,4:09:29:270864,0
381.1539,181.6045,4:09:29:273876,0
381.1785,181.6045,4:09:29:278878,0
381.2031,181.6045,4:09:29:281879,0
381.2769,181.896,4:09:29:286562,0
381.2769,181.896,4:09:29:290561,0
381.2769,182.1292,4:09:29:294571,0
381.2769,182.1292,4:09:29:297562,0
381.2769,182.1292,4:09:29:302606,0
381.2769,182.1292,4:09:29:305591,0
381.2769,182.1292,4:09:29:310592,0
381.2769,182.1292,4:09:29:313594,0
381.2769,182.1292,4:09:29:319131,0
381.2769,182.1292,4:09:29:321511,0
381.2769,182.1292,4:09:29:326510,0
381.7688,182.1292,4:09:29:330509,0
381.7688,182.1292,4:09:29:334518,0
381.7688,182.1292,4:09:29:338508,0
381.7688,182.1292,4:09:29:342514,0
382.1131,182.1292,4:09:29:346538,0
382.1131,181.5753,4:09:29:350853,0
382.1131,181.5753,4:09:29:353866,0
382.482,181.5753,4:09:29:358864,0
382.482,181.5753,4:09:29:361863,0
382.482,181.0798,4:09:29:366019,0
382.7525,181.0798,4:09:29:369863,0
382.8755,181.0798,4:09:29:374606,0
382.9493,181.0798,4:09:29:378031,0
383.146,180.7883,4:09:29:382032,0
383.2936,180.7883,4:09:29:386032,0
383.2936,180.7883,4:09:29:391095,0
383.4412,180.7883,4:09:29:393611,0
383.6133,180.7883,4:09:29:398766,0
383.7363,180.5551,4:09:29:403284,0
383.8347,180.5551,4:09:29:406371,0
383.9576,180.2053,4:09:29:410284,0
384.0806,180.0596,4:09:29:414356,0
384.1052,180.0596,4:09:29:418326,0
384.2773,179.9429,4:09:29:422679,0
384.4249,179.8555,4:09:29:425693,0
384.5971,179.7972,4:09:29:430780,0
384.5971,179.7972,4:09:29:434794,0
384.5971,179.7389,4:09:29:437974,0
384.5971,179.6806,4:09:29:441789,0
384.5971,179.6806,4:09:29:445806,0
384.5971,179.5349,4:09:29:449789,0
384.5971,179.3308,4:09:29:455122,0
384.5971,179.1268,4:09:29:458487,0
384.5971,178.981,4:09:29:462502,0
384.5971,178.7186,4:09:29:466486,0
384.5971,178.5729,4:09:29:470600,0
384.5971,178.4854,4:09:29:474490,0
384.5971,178.2814,4:09:29:478714,0
384.5971,178.0482,4:09:29:482465,0
384.5971,177.9608,4:09:29:486789,0
384.5971,177.9608,4:09:29:489799,0
384.5971,177.8733,4:09:29:495041,0
384.5971,177.7858,4:09:29:498558,0
384.5971,177.6401,4:09:29:502609,0
384.5971,177.6401,4:09:29:505556,0
384.5971,177.6401,4:09:29:510565,0
384.5971,177.6401,4:09:29:513556,0
384.5971,177.6401,4:09:29:518710,0
384.5971,177.6401,4:09:29:522337,0
384.5971,177.6401,4:09:29:527841,0
384.5971,177.6401,4:09:29:529852,0
384.5971,177.6401,4:09:29:533851,0
384.5971,177.6401,4:09:29:537851,0
384.5971,177.6401,4:09:29:542851,0
384.5971,177.6401,4:09:29:545851,0
384.5971,177.6401,4:09:29:550546,0
384.5971,177.6401,4:09:29:554061,0
384.5971,177.6401,4:09:29:558610,0
384.5971,177.6401,4:09:29:562389,0
384.5971,177.6401,4:09:29:566455,0
384.5971,177.6401,4:09:29:570363,0
384.5971,177.6401,4:09:29:574641,0
384.5971,177.6401,4:09:29:578467,0
384.5971,177.6401,4:09:29:582590,0
384.5971,177.6401,4:09:29:585603,0
384.5971,177.6401,4:09:29:590605,0
384.5971,177.6401,4:09:29:594603,0
384.5971,177.6401,4:09:29:598603,0
384.5971,177.6401,4:09:29:601603,0
384.5971,177.6401,4:09:29:606797,0
384.5971,177.6401,4:09:29:610808,0
384.5971,177.6401,4:09:29:614808,0
384.5971,177.6401,4:09:29:617808,0
384.0806,177.6401,4:09:29:622984,0
384.0806,177.6401,4:09:29:625994,0
384.0806,177.6401,4:09:29:630146,0
384.0806,177.6401,4:09:29:633994,0
384.0806,177.6401,4:09:29:638008,0
384.0806,177.6401,4:09:29:642327,0
384.0806,177.6401,4:09:29:646674,0
384.0806,177.6401,4:09:29:649687,0
384.0806,177.6401,4:09:29:654684,0
384.0806,177.6401,4:09:29:657684,0
384.0806,177.6401,4:09:29:662684,0
384.6216,177.1154,4:09:29:665687,0
384.6216,177.1154,4:09:29:671038,0
384.6216,177.1154,4:09:29:674048,0
384.6216,177.1154,4:09:29:678080,0
384.6216,177.1154,4:09:29:682051,0
384.6216,177.1154,4:09:29:686210,0
384.6216,177.1154,4:09:29:690048,0
384.6216,177.1154,4:09:29:694789,0
384.6216,177.1154,4:09:29:697802,0
384.6216,177.1154,4:09:29:702705,0
384.6216,177.6401,4:09:29:706647,0
384.6216,177.6401,4:09:29:710654,0
384.6216,177.6401,4:09:29:713665,0
384.6216,177.6401,4:09:29:718679,0
384.6216,177.6401,4:09:29:721665,0
384.6216,177.6401,4:09:29:726792,0
384.6216,177.6401,4:09:29:729805,0
383.933,177.0862,4:09:29:734772,0
383.933,177.0862,4:09:29:737780,0
383.933,177.0862,4:09:29:742784,0
383.933,177.0862,4:09:29:746780,0
383.933,177.0862,4:09:29:749804,0
383.933,177.0862,4:09:29:753780,0
383.933,177.0862,4:09:29:758919,0
383.933,177.0862,4:09:29:761925,0
383.933,177.0862,4:09:29:766771,0
383.933,177.0862,4:09:29:770274,0
383.933,177.0862,4:09:29:774795,0
383.933,177.0862,4:09:29:778315,0
383.933,177.0862,4:09:29:783313,0
383.933,177.0862,4:09:29:786312,0
383.933,177.0862,4:09:29:790431,0
383.933,177.0862,4:09:29:794314,0
383.933,177.815,4:09:29:798785,0
383.933,177.815,4:09:29:801796,0
383.933,177.815,4:09:29:806797,0
383.933,177.815,4:09:29:810796,0
383.933,177.815,4:09:29:814808,0
383.933,177.815,4:09:29:817796,0
383.933,177.815,4:09:29:821624,0
383.933,177.815,4:09:29:825639,0
383.933,177.815,4:09:29:830079,0
383.933,177.815,4:09:29:834089,0
383.933,177.815,4:09:29:838247,0
383.933,177.815,4:09:29:842092,0
383.933,177.815,4:09:29:847091,0
383.933,178.5146,4:09:29:850090,0
383.933,178.5146,4:09:29:854758,0
383.933,178.5146,4:09:29:857771,0
383.933,178.5146,4:09:29:862896,0
383.933,178.5146,4:09:29:865906,0
383.933,178.5146,4:09:29:870907,0
383.933,178.5146,4:09:29:873908,0
383.933,178.5146,4:09:29:878907,0
383.933,178.5146,4:09:29:881907,0
383.933,178.5146,4:09:29:886906,0
383.933,178.5146,4:09:29:889917,0
383.933,178.5146,4:09:29:893934,0
383.933,178.5146,4:09:29:897930,0
383.933,178.5146,4:09:29:902005,0
383.933,178.5146,4:09:29:905917,0
383.933,178.5146,4:09:29:910608,0
383.933,178.5146,4:09:29:913619,0
383.933,178.5146,4:09:29:918604,0
383.933,178.5146,4:09:29:921618,0
383.933,178.5146,4:09:29:926614,0
383.933,178.5146,4:09:29:929615,0
383.933,178.5146,4:09:29:934614,0
383.933,178.5146,4:09:29:938616,0
383.933,178.5146,4:09:29:942694,0
383.933,178.5146,4:09:29:945704,0
383.933,178.5146,4:09:29:950706,0
383.933,178.5146,4:09:29:953704,0
383.933,178.5146,4:09:29:958703,0
383.933,178.5146,4:09:29:961705,0
383.933,178.5146,4:09:29:966898,0
383.933,178.5146,4:09:29:969908,0
383.933,178.5146,4:09:29:974031,0
383.933,178.5146,4:09:29:977908,0
383.933,178.5146,4:09:29:981953,0
383.933,178.5146,4:09:29:985931,0
383.933,178.5146,4:09:29:989938,0
383.933,178.5146,4:09:29:994968,0
383.933,178.5146,4:09:29:998932,0
383.933,178.5146,4:09:30:001941,0
383.933,178.5146,4:09:30:006944,0
383.933,178.5146,4:09:30:009943,0
384.4987,178.5146,4:09:30:013997,0
384.4987,178.5146,4:09:30:017942,0
384.4987,178.5146,4:09:30:022811,0
384.4987,178.5146,4:09:30:025810,0
384.4987,178.5146,4:09:30:030940,0
384.4987,178.5146,4:09:30:033950,0
384.4987,178.5146,4:09:30:038293,0
384.4987,178.5146,4:09:30:042306,0
384.8676,178.5146,4:09:30:046318,0
384.8676,178.5146,4:09:30:050304,0
384.8676,177.9608,4:09:30:054455,0
384.8676,177.9608,4:09:30:058465,0
385.1381,177.9608,4:09:30:062793,0
385.1381,177.9608,4:09:30:066311,0
385.1381,177.9608,4:09:30:070489,0
385.1381,177.9608,4:09:30:074313,0
385.1381,177.9608,4:09:30:078316,0
385.1381,177.9608,4:09:30:082310,0
385.1381,177.9608,4:09:30:086709,0
385.1381,177.9608,4:09:30:090344,0
385.1381,177.9608,4:09:30:094711,0
385.1381,177.9608,4:09:30:097724,0
385.1381,177.9608,4:09:30:103054,0
385.1381,177.9608,4:09:30:106572,0
385.1381,177.9608,4:09:30:110620,0
385.1381,177.9608,4:09:30:113575,0
385.1381,177.9608,4:09:30:118600,0
385.1381,177.9608,4:09:30:121572,0
385.1381,177.9608,4:09:30:126775,0
385.1381,177.9608,4:09:30:129787,0
385.1381,177.9608,4:09:30:134408,0
385.1381,177.9608,4:09:30:137926,0
385.1381,177.9608,4:09:30:141993,0
385.1381,177.9608,4:09:30:145924,0
385.1381,178.6895,4:09:30:151144,0
385.1381,178.6895,4:09:30:154156,0
385.1381,178.6895,4:09:30:158282,0
385.1381,178.6895,4:09:30:162154,0
385.1381,178.6895,4:09:30:166226,0
385.1381,178.6895,4:09:30:170154,0
385.1381,178.6895,4:09:30:174710,0
385.1381,178.6895,4:09:30:178172,0
385.1381,178.6895,4:09:30:182857,0
385.1381,178.6895,4:09:30:185867,0
385.1381,178.6895,4:09:30:190868,0
385.1381,178.6895,4:09:30:193867,0
385.1381,178.6895,4:09:30:197905,0
385.1381,178.6895,4:09:30:201867,0
385.1381,178.6895,4:09:30:206664,0
385.1381,178.6895,4:09:30:209674,0
385.1381,178.6895,4:09:30:214576,0
385.1381,178.6895,4:09:30:218590,0
385.1381,178.6895,4:09:30:222606,0
385.1381,178.6895,4:09:30:225590,0
385.1381,177.9316,4:09:30:231015,0
385.1381,177.9316,4:09:30:234025,0
385.1381,177.9316,4:09:30:238028,0
385.6792,177.9316,4:09:30:242026,0
385.6792,177.4069,4:09:30:246027,0
385.6792,177.4069,4:09:30:250026,0
385.6792,176.9697,4:09:30:254651,0
385.6792,176.9697,4:09:30:258216,0
385.6792,176.9697,4:09:30:262854,0
385.6792,176.9697,4:09:30:265892,0
385.6792,176.5033,4:09:30:270866,0
385.6792,176.1826,4:09:30:273864,0
385.6792,175.9494,4:09:30:279024,0
385.6792,175.7453,4:09:30:282035,0
385.6792,175.7453,4:09:30:286035,0
385.6792,175.7453,4:09:30:291034,0
385.6792,175.7453,4:09:30:294033,0
385.6792,175.0166,4:09:30:298034,0
385.6792,175.0166,4:09:30:302676,0
385.6792,175.0166,4:09:30:306082,0
385.6792,175.0166,4:09:30:310210,0
385.6792,174.3753,4:09:30:314165,0
385.6792,174.3753,4:09:30:318287,0
385.6792,174.3753,4:09:30:322166,0
385.6792,173.938,4:09:30:326290,0
385.6792,173.938,4:09:30:330323,0
385.6792,173.938,4:09:30:334175,0
386.3432,173.2968,4:09:30:338182,0
386.3432,173.2968,4:09:30:342934,0
386.3432,173.0052,4:09:30:345971,0
386.3432,173.0052,4:09:30:351219,0
386.3432,173.0052,4:09:30:354232,0
386.3432,173.0052,4:09:30:358341,0
386.3432,173.0052,4:09:30:362229,0
386.3432,173.0052,4:09:30:366247,0
386.3432,173.0052,4:09:30:370229,0
386.3432,173.0052,4:09:30:374708,0
386.3432,173.0052,4:09:30:378245,0
386.3432,173.0052,4:09:30:382970,0
386.3432,173.0052,4:09:30:385980,0
386.3432,173.0052,4:09:30:390041,0
386.3432,173.0052,4:09:30:393981,0
386.3432,173.0052,4:09:30:397998,0
386.3432,173.0052,4:09:30:401980,0
386.3432,173.0052,4:09:30:407368,0
386.9827,172.3056,4:09:30:410364,0
386.9827,172.3056,4:09:30:414918,0
386.9827,172.3056,4:09:30:417928,0
386.9827,172.3056,4:09:30:422047,0
386.9827,172.3056,4:09:30:425928,0
386.9827,172.3056,4:09:30:429929,0
386.9827,172.3056,4:09:30:433928,0
387.5483,172.3056,4:09:30:438680,0
387.5483,172.3056,4:09:30:442222,0
387.5483,172.3056,4:09:30:446207,0
387.5483,172.3056,4:09:30:450193,0
387.5483,172.3056,4:09:30:454260,0
387.5483,172.3056,4:09:30:458193,0
387.5483,172.3056,4:09:30:462638,0
387.5483,172.3056,4:09:30:465651,0
387.5483,172.3056,4:09:30:470647,0
387.5483,172.3056,4:09:30:473648,0
387.5483,172.3056,4:09:30:478649,0
387.5483,172.3056,4:09:30:481648,0
387.5483,172.3056,4:09:30:487006,0
388.1385,171.606,4:09:30:490016,0
388.1385,171.606,4:09:30:494155,0
388.1385,171.606,4:09:30:498016,0
388.1385,171.606,4:09:30:503018,0
388.6058,171.606,4:09:30:506018,0
388.6058,171.606,4:09:30:510697,0
388.6058,171.1105,4:09:30:514184,0
388.6058,171.1105,4:09:30:518161,0
388.6058,171.1105,4:09:30:522169,0
389.2453,171.1105,4:09:30:526172,0
389.2453,171.1105,4:09:30:530169,0
389.2453,170.7607,4:09:30:534644,0
390.106,170.7607,4:09:30:538275,0
390.106,170.5275,4:09:30:542666,0
391.0406,170.5275,4:09:30:545677,0
391.4587,170.3526,4:09:30:550782,0
391.9506,170.3526,4:09:30:553821,0
391.9506,170.2068,4:09:30:558793,0
392.3933,170.0611,4:09:30:561792,0
392.713,169.9736,4:09:30:566794,0
392.713,169.7404,4:09:30:569792,0
392.713,169.6821,4:09:30:574804,0
392.713,169.5364,4:09:30:578323,0
392.713,169.5072,4:09:30:582492,0
392.713,169.3324,4:09:30:586325,0
392.713,169.3032,4:09:30:590356,0
392.713,169.2449,4:09:30:594325,0
392.713,169.0408,4:09:30:597335,0
392.713,168.9825,4:09:30:601848,0
392.713,168.8951,4:09:30:606659,0
392.713,168.8368,4:09:30:609672,0
392.713,168.6911,4:09:30:614324,0
393.4016,168.6036,4:09:30:618030,0
393.4016,168.5453,4:09:30:622715,0
393.4016,168.4287,4:09:30:626232,0
393.4016,168.4287,4:09:30:630367,0
393.4016,168.4287,4:09:30:634233,0
394.0902,168.4287,4:09:30:638238,0
394.0902,168.4287,4:09:30:642233,0
394.0902,168.4287,4:09:30:646346,0
394.0902,168.4287,4:09:30:650361,0
394.0902,168.4287,4:09:30:655071,0
394.0902,167.8748,4:09:30:657588,0
394.0902,167.8748,4:09:30:662597,0
394.0902,167.8748,4:09:30:665588,0
394.0902,167.8748,4:09:30:670595,0
394.0902,167.4084,4:09:30:673588,0
394.0902,167.4084,4:09:30:678632,0
394.0902,167.4084,4:09:30:682157,0
394.0902,167.0878,4:09:30:686950,0
394.0902,167.0878,4:09:30:689961,0
394.0902,167.0878,4:09:30:693978,0
394.7789,166.8546,4:09:30:697961,0
394.7789,166.8546,4:09:30:701963,0
394.7789,166.7672,4:09:30:705961,0
394.7789,166.6797,4:09:30:710841,0
394.7789,166.6797,4:09:30:714357,0
394.7789,166.6797,4:09:30:718356,0
394.7789,166.6505,4:09:30:722356,0
395.4183,166.5631,4:09:30:726360,0
395.4183,166.4465,4:09:30:730356,0
395.4183,166.3882,4:09:30:733776,0
395.4183,166.3882,4:09:30:737773,0
395.4183,166.3882,4:09:30:742777,0
395.4183,166.3591,4:09:30:745775,0
395.4183,166.2716,4:09:30:750892,0
395.4183,166.2424,4:09:30:753901,0
395.4183,166.2133,4:09:30:759008,0
395.4183,166.155,4:09:30:762018,0
395.4183,166.155,4:09:30:766020,0
395.4183,166.155,4:09:30:770042,0
395.4183,166.155,4:09:30:774153,0
395.4183,166.155,4:09:30:778021,0
395.4183,166.155,4:09:30:782555,0
395.4183,166.155,4:09:30:785566,0
395.4183,166.155,4:09:30:790713,0
395.4183,166.155,4:09:30:794728,0
396.0086,166.155,4:09:30:798787,0
396.0086,166.155,4:09:30:801787,0
396.0086,166.155,4:09:30:806788,0
396.0086,166.155,4:09:30:810809,0
396.0086,166.155,4:09:30:813787,0
396.0086,166.155,4:09:30:818787,0
396.0086,166.155,4:09:30:822221,0
396.0086,166.155,4:09:30:826246,0
396.6234,166.155,4:09:30:830923,0
396.6234,166.155,4:09:30:833923,0
396.6234,166.155,4:09:30:838082,0
396.6234,166.155,4:09:30:841920,0
397.4842,166.155,4:09:30:846895,0
397.4842,166.155,4:09:30:849907,0
397.4842,166.155,4:09:30:854010,0
397.4842,166.155,4:09:30:857907,0
397.4842,166.155,4:09:30:862020,0
397.4842,166.155,4:09:30:865906,0
397.4842,166.155,4:09:30:870394,0
397.4842,166.155,4:09:30:874406,0
397.4842,166.155,4:09:30:878886,0
397.4842,166.155,4:09:30:881897,0
397.4842,165.6303,4:09:30:886704,0
397.4842,165.6303,4:09:30:890425,0
397.4842,165.6303,4:09:30:894690,0
397.4842,165.6303,4:09:30:898247,0
397.4842,165.2805,4:09:30:902705,0
397.4842,165.2805,4:09:30:905721,0
397.4842,165.2805,4:09:30:910763,0
397.4842,164.989,4:09:30:913774,0
397.4842,164.989,4:09:30:918776,0
397.4842,164.7267,4:09:30:921776,0
397.4842,164.7267,4:09:30:925782,0
397.4842,164.61,4:09:30:930090,0
397.4842,164.4935,4:09:30:934622,0
397.4842,164.4935,4:09:30:938257,0
397.4842,164.3768,4:09:30:942708,0
397.4842,164.3477,4:09:30:946721,0
397.4842,164.3185,4:09:30:951007,0
397.4842,164.3185,4:09:30:954018,0
397.4842,164.2894,4:09:30:958072,0
397.4842,164.2894,4:09:30:962020,0
397.4842,164.2894,4:09:30:966106,0
397.4842,164.2894,4:09:30:970315,0
397.4842,164.2894,4:09:30:974803,0
397.4842,164.2894,4:09:30:977809,0
397.4842,164.2894,4:09:30:982599,0
397.4842,164.2894,4:09:30:986610,0
397.4842,164.2894,4:09:30:990612,0
397.4842,164.2894,4:09:30:993610,0
397.4842,164.2894,4:09:30:998612,0
398.099,164.2894,4:09:31:001610,0
398.099,164.2894,4:09:31:006790,0
398.099,164.2894,4:09:31:009800,0
398.099,164.2894,4:09:31:014725,0
398.099,164.2894,4:09:31:017760,0
398.5171,164.2894,4:09:31:023296,0
398.5171,164.2894,4:09:31:026307,0
398.5171,164.2894,4:09:31:030321,0
398.5171,164.2894,4:09:31:034307,0
398.5171,164.2894,4:09:31:038456,0
398.7877,164.2894,4:09:31:042307,0
398.7877,164.2894,4:09:31:047023,0
398.7877,164.2894,4:09:31:051033,0
399.009,164.2894,4:09:31:054481,0
399.1812,164.2894,4:09:31:058491,0
399.1812,164.2894,4:09:31:062515,0
399.1812,164.2894,4:09:31:066491,0
399.1812,164.2894,4:09:31:071161,0
399.1812,164.2894,4:09:31:074171,0
399.1812,164.2894,4:09:31:078170,0
399.1812,164.2894,4:09:31:082172,0
399.1812,164.2894,4:09:31:086192,0
399.1812,164.7849,4:09:31:090172,0
399.1812,164.7849,4:09:31:094708,0
399.1812,164.7849,4:09:31:098309,0
399.1812,164.7849,4:09:31:102607,0
399.1812,164.7849,4:09:31:105621,0
399.1812,164.7849,4:09:31:110901,0
399.1812,165.1639,4:09:31:113911,0
399.1812,165.1639,4:09:31:118912,0
399.1812,165.3971,4:09:31:121913,0
399.1812,165.3971,4:09:31:127210,0
399.1812,165.3971,4:09:31:130220,0
399.1812,165.6012,4:09:31:134434,0
399.1812,165.6012,4:09:31:138221,0
399.1812,165.7177,4:09:31:142221,0
399.1812,165.7469,4:09:31:146239,0
399.1812,165.8052,4:09:31:150685,0
399.1812,165.8052,4:09:31:154702,0
399.1812,165.8052,4:09:31:158758,0
399.1812,165.8052,4:09:31:162352,0
399.1812,165.8052,4:09:31:166437,0
399.1812,165.8052,4:09:31:170349,0
399.1812,165.8052,4:09:31:174357,0
399.1812,165.8052,4:09:31:178352,0
399.1812,165.8052,4:09:31:182895,0
399.1812,165.8052,4:09:31:185814,0
399.1812,165.8052,4:09:31:190797,0
399.1812,165.8052,4:09:31:193796,0
399.1812,165.8052,4:09:31:197811,0
399.1812,166.4173,4:09:31:201796,0
399.1812,166.4173,4:09:31:206763,0
399.1812,166.4173,4:09:31:209774,0
399.1812,166.8546,4:09:31:214572,0
399.1812,166.8546,4:09:31:217584,0
399.1812,167.2044,4:09:31:222585,0
399.1812,167.2044,4:09:31:225582,0
399.1812,167.5251,4:09:31:230792,0
399.1812,167.5251,4:09:31:234314,0
399.1812,167.8748,4:09:31:238529,0
399.1812,168.0497,4:09:31:241541,0
399.1812,168.2247,4:09:31:246531,0
399.1812,168.3704,4:09:31:250544,0
399.1812,168.5453,4:09:31:254834,0
399.1812,168.7202,4:09:31:258352,0
398.2466,168.866,4:09:31:262501,0
398.2466,168.9825,4:09:31:266350,0
398.2466,169.1575,4:09:31:270355,0
397.5826,169.3032,4:09:31:274352,0
397.5826,169.5364,4:09:31:278562,0
397.1153,169.7988,4:09:31:281573,0
396.4267,170.0611,4:09:31:286582,0
396.4267,170.3235,4:09:31:290573,0
396.4267,170.6441,4:09:31:294581,0
396.4267,171.1105,4:09:31:298572,0
396.4267,171.5186,4:09:31:302711,0
396.4267,171.8392,4:09:31:306495,0
395.6151,172.1599,4:09:31:310498,0
395.6151,172.6555,4:09:31:315497,0
395.6151,173.1219,4:09:31:318450,0
395.6151,173.53,4:09:31:322450,0
395.6151,173.9672,4:09:31:326471,0
395.6151,174.1712,4:09:31:330451,0
395.6151,174.4628,4:09:31:334565,0
395.6151,174.9,4:09:31:338326,0
396.2299,175.1915,4:09:31:342508,0
396.2299,175.4247,4:09:31:346326,0
396.2299,175.483,4:09:31:350593,0
396.2299,175.6288,4:09:31:354603,0
396.2299,175.7453,4:09:31:357877,0
396.2299,176.0368,4:09:31:361891,0
396.2299,176.1826,4:09:31:365899,0
396.2299,176.3866,4:09:31:369890,0
396.2299,176.4158,4:09:31:374949,0
396.2299,176.649,4:09:31:377959,0
396.2299,176.853,4:09:31:381960,0
396.8202,177.1445,4:09:31:385959,0
396.8202,177.3777,4:09:31:390077,0
396.8202,177.4069,4:09:31:393959,0
396.8202,177.6109,4:09:31:398890,0
396.8202,177.6109,4:09:31:401901,0
396.8202,177.6109,4:09:31:405974,0
396.8202,177.6109,4:09:31:409901,0
396.8202,177.6109,4:09:31:413915,0
396.8202,177.6109,4:09:31:417901,0
396.8202,177.6109,4:09:31:422536,0
396.8202,177.6109,4:09:31:426546,0
396.8202,177.6109,4:09:31:431546,0
397.7055,177.6109,4:09:31:435559,0
397.7055,176.9405,4:09:31:437546,0
397.7055,176.9405,4:09:31:441545,0
397.7055,176.9405,4:09:31:446961,0
398.4188,176.9405,4:09:31:449975,0
398.4188,176.9405,4:09:31:453973,0
398.4188,176.2992,4:09:31:457975,0
398.4188,176.2992,4:09:31:462058,0
398.4188,176.2992,4:09:31:465972,0
398.4188,176.2992,4:09:31:470707,0
399.4517,176.2992,4:09:31:474042,0
399.4517,176.2992,4:09:31:478294,0
399.4517,175.6288,4:09:31:481558,0
399.4517,175.6288,4:09:31:486297,0
400.2879,175.6288,4:09:31:490240,0
400.2879,175.6288,4:09:31:495219,0
400.2879,175.6288,4:09:31:498219,0
400.8535,175.6288,4:09:31:516173,0
400.8535,175.6288,4:09:31:516173,0
401.5667,175.6288,4:09:31:516173,0
401.5667,175.6288,4:09:31:516173,0
401.5667,175.6288,4:09:31:518173,0
401.5667,175.6288,4:09:31:522173,0
401.5667,175.6288,4:09:31:526174,0
401.5667,175.6288,4:09:31:530565,0
401.5667,175.6288,4:09:31:533577,0
401.5667,175.6288,4:09:31:538582,0
401.5667,175.6288,4:09:31:541577,0
401.5667,175.6288,4:09:31:546607,0
401.5667,175.6288,4:09:31:549622,0
401.5667,175.6288,4:09:31:554565,0
401.5667,175.6288,4:09:31:557583,0
401.5667,175.6288,4:09:31:562887,0
401.5667,175.6288,4:09:31:565900,0
402.2062,175.6288,4:09:31:570898,0
402.2062,175.6288,4:09:31:573899,0
402.2062,175.6288,4:09:31:577898,0
402.2062,176.2409,4:09:31:581897,0
402.2062,176.2409,4:09:31:587043,0
402.2062,176.2409,4:09:31:590052,0
402.2062,176.2409,4:09:31:594760,0
402.2062,176.2409,4:09:31:598258,0
402.2062,176.2409,4:09:31:602766,0
402.7964,176.2409,4:09:31:605777,0
402.7964,176.2409,4:09:31:609853,0
402.7964,176.2409,4:09:31:613789,0
402.7964,176.2409,4:09:31:618893,0
402.7964,176.8239,4:09:31:621901,0
402.7964,176.8239,4:09:31:626602,0
402.7964,176.8239,4:09:31:630505,0
402.7964,176.8239,4:09:31:634515,0
402.7964,176.8239,4:09:31:638504,0
402.7964,176.8239,4:09:31:642756,0
402.2062,176.8239,4:09:31:645770,0
402.2062,176.8239,4:09:31:650341,0
402.2062,176.8239,4:09:31:654351,0
402.2062,176.8239,4:09:31:658226,0
402.2062,176.8239,4:09:31:662229,0
402.2062,176.8239,4:09:31:666346,0
401.4438,176.8239,4:09:31:670226,0
401.4438,176.8239,4:09:31:674629,0
401.4438,176.8239,4:09:31:678185,0
400.5584,177.5526,4:09:31:682383,0
400.5584,177.5526,4:09:31:686391,0
400.5584,177.5526,4:09:31:690507,0
400.5584,177.5526,4:09:31:694391,0
400.5584,177.5526,4:09:31:698855,0
400.5584,177.5526,4:09:31:701865,0
401.2716,177.5526,4:09:31:706912,0
401.2716,176.853,4:09:31:709912,0
401.2716,176.853,4:09:31:713912,0
401.2716,176.853,4:09:31:717909,0
401.2716,176.853,4:09:31:721933,0
401.2716,176.853,4:09:31:725911,0
402.0094,176.853,4:09:31:730589,0
402.0094,176.853,4:09:31:734195,0
402.0094,176.2701,4:09:31:738571,0
402.0094,176.2701,4:09:31:741582,0
402.0094,176.2701,4:09:31:746588,0
402.0094,175.7745,4:09:31:749579,0
402.0094,175.7745,4:09:31:754584,0
402.0094,175.3081,4:09:31:758582,0
402.0094,174.9874,4:09:31:762728,0
402.0094,174.6668,4:09:31:765741,0
402.0094,174.6668,4:09:31:770738,0
402.8702,174.4044,4:09:31:773738,0
402.8702,174.2587,4:09:31:778741,0
402.8702,174.2587,4:09:31:782633,0
402.8702,173.9672,4:09:31:785635,0
402.8702,173.9672,4:09:31:790632,0
402.8702,173.9672,4:09:31:793832,0
403.4605,173.9672,4:09:31:797843,0
403.4605,173.9672,4:09:31:801840,0
404.4196,173.9672,4:09:31:805843,0
405.1574,173.9672,4:09:31:810632,0
405.8953,173.9672,4:09:31:813664,0
405.8953,173.355,4:09:31:817643,0
406.4609,173.355,4:09:31:821642,0
406.4609,173.355,4:09:31:826641,0
407.0757,173.355,4:09:31:830665,0
407.0757,173.355,4:09:31:834603,0
