303.4623,151.2885,1:58:39:155825,0
303.4623,151.2885,1:58:39:159847,0
303.4623,150.3848,1:58:39:163846,0
303.4623,150.3848,1:58:39:167846,0
302.6507,149.6561,1:58:39:171865,0
302.6507,149.6561,1:58:39:176026,0
301.8145,148.9565,1:58:39:179574,0
301.3226,148.9565,1:58:39:184520,0
300.8553,148.9565,1:58:39:187532,0
300.8553,148.9565,1:58:39:191890,0
299.724,148.9565,1:58:39:195914,0
299.06,150.1808,1:58:39:200553,0
298.3222,150.8804,1:58:39:203561,0
297.5844,151.4926,1:58:39:207701,0
296.6498,152.2796,1:58:39:211738,0
295.6906,152.95,1:58:39:215722,0
294.6085,153.5622,1:58:39:219716,0
293.4526,154.2327,1:58:39:224163,0
292.4689,154.8739,1:58:39:227061,0
291.5097,155.3987,1:58:39:232058,0
290.526,155.8359,1:58:39:235056,0
289.6652,156.3023,1:58:39:240054,0
288.952,156.6521,1:58:39:243056,0
288.2633,156.9436,1:58:39:248390,0
287.5993,157.2351,1:58:39:251409,0
287.1075,157.4975,1:58:39:255791,0
286.6402,157.6723,1:58:39:259812,0
286.2221,157.8472,1:58:39:263819,0
285.8531,157.993,1:58:39:267812,0
285.4843,158.0804,1:58:39:271831,0
285.1645,158.2262,1:58:39:275848,0
284.8448,158.3136,1:58:39:279912,0
284.5743,158.4011,1:58:39:283931,0
284.23,158.4886,1:58:39:287929,0
283.9102,158.5468,1:58:39:290931,0
283.5905,158.6343,1:58:39:296024,0
283.2954,158.7218,1:58:39:299043,0
282.9757,158.8383,1:58:39:304253,0
282.6314,158.955,1:58:39:307272,0
282.3116,159.0424,1:58:39:311271,0
282.0411,159.2173,1:58:39:315272,0
281.7952,159.3631,1:58:39:320428,0
281.5739,159.5088,1:58:39:323447,0
281.3525,159.6546,1:58:39:327452,0
281.1312,159.8003,1:58:39:331447,0
280.959,159.946,1:58:39:335571,0
280.8606,160.0627,1:58:39:339557,0
280.7868,160.1792,1:58:39:343556,0
280.7868,160.2375,1:58:39:347557,0
280.7868,160.325,1:58:39:351748,0
280.7868,160.325,1:58:39:355764,0
280.7868,160.3542,1:58:39:359963,0
280.7868,160.3542,1:58:39:363011,0
281.5493,160.3542,1:58:39:367981,0
281.5493,160.3542,1:58:39:370979,0
282.0657,160.3542,1:58:39:375982,0
282.0657,160.3542,1:58:39:378981,0
282.5822,160.3542,1:58:39:383886,0
282.5822,160.3542,1:58:39:387766,0
283.0495,160.3542,1:58:39:391776,0
283.0495,160.3542,1:58:39:395770,0
283.4184,161.1703,1:58:39:400271,0
283.4184,161.1703,1:58:39:403288,0
283.7627,161.8699,1:58:39:407289,0
283.7627,161.8699,1:58:39:411291,0
284.0824,162.657,1:58:39:416288,0
284.23,162.657,1:58:39:419287,0
284.4267,163.4149,1:58:39:423927,0
284.6727,163.823,1:58:39:427945,0
284.9186,164.2311,1:58:39:431945,0
285.1891,164.61,1:58:39:435945,0
285.5089,164.9307,1:58:39:440090,0
285.8531,165.3096,1:58:39:443109,0
286.2221,165.6886,1:58:39:448029,0
286.6402,166.0384,1:58:39:452575,0
287.0091,166.3591,1:58:39:455565,0
287.378,166.7088,1:58:39:459559,0
287.7961,167.0004,1:58:39:463559,0
288.165,167.3793,1:58:39:467555,0
288.5093,167.7291,1:58:39:471558,0
288.8536,168.0497,1:58:39:475558,0
289.1733,168.3704,1:58:39:479882,0
289.4193,168.7493,1:58:39:483903,0
289.6406,169.0992,1:58:39:487898,0
289.8373,169.3907,1:58:39:491901,0
290.0341,169.7113,1:58:39:495904,0
290.1571,169.9736,1:58:39:499897,0
290.28,170.236,1:58:39:502902,0
290.3784,170.4692,1:58:39:506902,0
290.4522,170.6441,1:58:39:511997,0
290.526,170.7899,1:58:39:516017,0
290.5998,170.9064,1:58:39:519929,0
290.6735,171.0231,1:58:39:523946,0
290.7227,171.0813,1:58:39:527945,0
290.7965,171.1105,1:58:39:531947,0
290.8457,171.198,1:58:39:534947,0
290.9195,171.198,1:58:39:538967,0
290.9687,171.198,1:58:39:543952,0
291.0424,171.198,1:58:39:547947,0
291.0916,171.198,1:58:39:550948,0
291.1654,171.198,1:58:39:554953,0
291.2146,171.198,1:58:39:560061,0
291.313,171.198,1:58:39:563080,0
291.4359,171.198,1:58:39:567080,0
291.5343,171.198,1:58:39:571079,0
291.6819,171.198,1:58:39:576076,0
291.854,171.198,1:58:39:579080,0
292.0262,171.198,1:58:39:584103,0
292.1983,170.5567,1:58:39:587100,0
292.3459,170.5567,1:58:39:591099,0
292.5427,170.5567,1:58:39:595100,0
292.6902,170.0903,1:58:39:599968,0
292.8378,170.0903,1:58:39:603509,0
293.0099,169.6821,1:58:39:607511,0
293.1821,169.6821,1:58:39:611506,0
293.3788,169.2449,1:58:39:615505,0
293.5756,168.9825,1:58:39:619309,0
293.7969,168.7202,1:58:39:623329,0
293.9445,168.4579,1:58:39:627734,0
294.1167,168.1955,1:58:39:631753,0
294.3134,167.9332,1:58:39:635761,0
294.4364,167.6708,1:58:39:639759,0
294.5348,167.4084,1:58:39:643757,0
294.6085,167.2044,1:58:39:647752,0
294.6577,166.9712,1:58:39:652276,0
294.6823,166.7963,1:58:39:655782,0
294.7315,166.6214,1:58:39:659779,0
294.7561,166.4173,1:58:39:663775,0
294.7561,166.2133,1:58:39:667832,0
294.7807,165.9801,1:58:39:671779,0
294.8545,165.7469,1:58:39:676114,0
294.8545,165.4554,1:58:39:679132,0
294.9529,165.1931,1:58:39:683192,0
295.0266,164.8724,1:58:39:687159,0
295.125,164.4935,1:58:39:691132,0
295.248,164.1728,1:58:39:695133,0
295.3463,163.7939,1:58:39:699132,0
295.4693,163.4149,1:58:39:703133,0
295.5923,163.0943,1:58:39:707846,0
295.789,162.7153,1:58:39:711864,0
295.912,162.3947,1:58:39:715912,0
296.0596,162.0448,1:58:39:719931,0
296.2317,161.7533,1:58:39:723932,0
296.3547,161.4327,1:58:39:726935,0
296.5023,161.1412,1:58:39:731932,0
296.699,160.7914,1:58:39:734935,0
296.8712,160.4707,1:58:39:740028,0
296.9695,160.0627,1:58:39:744042,0
297.0925,159.6546,1:58:39:747051,0
297.1909,159.2464,1:58:39:751046,0
297.2401,158.7509,1:58:39:756065,0
297.3384,158.2262,1:58:39:759071,0
297.3384,157.7307,1:58:39:763072,1684
297.3384,157.2059,1:58:39:767072,1699
297.3384,156.6812,1:58:39:771846,1766
297.3384,156.1566,1:58:39:775865,1880
297.3384,155.7193,1:58:39:779881,2050
297.3384,155.2529,1:58:39:783899,2263
297.3384,154.8739,1:58:39:787902,2466
297.3384,154.5242,1:58:39:791900,2656
297.3384,154.291,1:58:39:795899,2817
297.3384,154.0869,1:58:39:799901,2937
297.3384,153.9703,1:58:39:803847,3018
297.3384,153.912,1:58:39:807866,3062
297.3384,153.8828,1:58:39:811867,3077
297.3384,153.8828,1:58:39:815814,3090
297.3384,153.8828,1:58:39:819816,3138
297.3384,153.8828,1:58:39:823818,3217
297.3384,154.8448,1:58:39:827818,3318
297.3384,155.5152,1:58:39:831814,3423
297.3384,156.3023,1:58:39:835813,3516
297.3384,157.3517,1:58:39:839813,3593
297.3384,158.6343,1:58:39:843450,3665
297.3384,160.0918,1:58:39:847455,3734
297.3384,161.6951,1:58:39:851450,3793
296.822,163.3566,1:58:39:855451,3848
296.822,165.1348,1:58:39:859451,3900
296.822,166.9129,1:58:39:863305,3941
296.822,168.7493,1:58:39:867305,3981
296.822,170.6149,1:58:39:871304,4004
296.3547,172.4805,1:58:39:876088,4027
296.3547,174.317,1:58:39:879106,4048
296.3547,176.1534,1:58:39:883107,4058
296.3547,178.0482,1:58:39:888106,4077
296.3547,179.8846,1:58:39:891112,4084
296.3547,181.7211,1:58:39:895111,4083
296.3547,183.4993,1:58:39:900101,4082
296.3547,185.1608,1:58:39:903120,4073
296.3547,186.6766,1:58:39:907120,4070
296.3547,188.1924,1:58:39:911754,4063
296.8466,189.5333,1:58:39:915771,4042
296.8466,190.6702,1:58:39:919771,3979
296.8466,191.6613,1:58:39:923773,3856
297.2892,192.4774,1:58:39:927775,3665
297.2892,193.1479,1:58:39:931775,3404
297.2892,193.6434,1:58:39:935799,3103
297.6336,193.9641,1:58:39:939869,2765
297.6336,194.139,1:58:39:943816,2366
297.6336,194.139,1:58:39:947816,1830
297.6336,194.139,1:58:39:951829,1179
297.6336,194.139,1:58:39:955823,622
297.6336,192.9147,1:58:39:959673,0
297.6336,192.1568,1:58:39:963147,0
297.6336,191.224,1:58:39:967147,0
297.6336,190.1454,1:58:39:971943,0
297.6336,188.892,1:58:39:974966,0
296.9695,187.6385,1:58:39:978966,0
296.9695,186.2977,1:58:39:984574,0
296.4039,185.015,1:58:39:987595,0
296.4039,183.8199,1:58:39:991595,0
295.789,182.6248,1:58:39:995609,0
295.789,181.517,1:58:39:999596,0
295.2726,180.4968,1:58:40:003604,0
295.2726,179.5349,1:58:40:007765,0
295.0266,178.6312,1:58:40:011784,0
295.0266,177.7567,1:58:40:015785,0
295.0266,176.9405,1:58:40:019540,0
295.0266,176.0952,1:58:40:023393,0
295.0266,175.2789,1:58:40:027394,0
295.0266,174.521,1:58:40:031491,0
295.7152,173.8506,1:58:40:035393,0
295.7152,173.2384,1:58:40:040615,0
296.2563,172.6846,1:58:40:043639,0
296.2563,172.1599,1:58:40:047634,0
296.7728,171.7227,1:58:40:052312,0
296.7728,171.3437,1:58:40:055330,0
297.1909,171.0522,1:58:40:059331,0
297.1909,170.8773,1:58:40:063349,0
297.4614,170.7024,1:58:40:067330,0
297.4614,170.5567,1:58:40:071331,1683
297.4614,170.5275,1:58:40:075940,1675
297.4614,170.5275,1:58:40:078997,1672
297.4614,170.5275,1:58:40:083025,1684
297.4614,170.5275,1:58:40:088155,1727
297.4614,170.5275,1:58:40:091153,1816
296.6252,171.3145,1:58:40:095153,1929
296.6252,171.3145,1:58:40:099683,2045
295.8382,171.985,1:58:40:103177,2143
295.3709,171.985,1:58:40:107740,2206
294.8545,172.8304,1:58:40:111762,2249
294.2888,173.2676,1:58:40:115758,2276
293.6494,173.7632,1:58:40:119790,2295
293.0099,174.2296,1:58:40:123757,2315
292.2475,174.7251,1:58:40:127757,2329
291.4851,175.1915,1:58:40:131756,2338
290.6244,175.687,1:58:40:135757,2346
289.7144,176.1534,1:58:40:139757,2348
288.7306,176.5324,1:58:40:143677,2348
287.6731,176.9113,1:58:40:147691,2348
286.468,177.232,1:58:40:151691,2352
285.2629,177.4069,1:58:40:155691,2352
283.984,177.5235,1:58:40:159705,2351
282.656,177.5526,1:58:40:163695,2354
281.3033,177.5526,1:58:40:167942,2347
279.9261,177.5526,1:58:40:170962,2352
278.5488,177.5526,1:58:40:174962,2373
277.1716,176.649,1:58:40:179375,2406
275.8681,176.649,1:58:40:184379,2450
274.5646,175.8328,1:58:40:187379,2487
273.2857,175.8328,1:58:40:191376,2517
272.1299,174.8125,1:58:40:195377,2548
271.0477,174.317,1:58:40:199377,2581
270.0886,173.7923,1:58:40:203693,2618
269.1786,173.2384,1:58:40:207701,2654
268.367,172.6846,1:58:40:211715,2688
267.6292,172.1599,1:58:40:215717,2719
267.0389,171.606,1:58:40:219737,2756
266.5717,171.0813,1:58:40:223737,2787
266.1536,170.5275,1:58:40:227738,2803
265.8338,169.9445,1:58:40:231737,2817
265.6125,169.3324,1:58:40:235752,2815
265.4157,168.7493,1:58:40:240760,2815
265.342,168.1955,1:58:40:243763,2819
265.2928,167.6125,1:58:40:248062,2814
265.2928,167.0004,1:58:40:252081,2813
265.2928,166.4465,1:58:40:255082,2809
265.2928,165.8927,1:58:40:260085,2804
265.8584,165.3388,1:58:40:264078,2803
265.8584,164.9016,1:58:40:267102,2802
266.5471,164.4643,1:58:40:271903,2795
266.5471,164.0562,1:58:40:274921,2795
267.3095,163.6772,1:58:40:279921,2795
267.3095,163.3857,1:58:40:284029,2793
268.0473,163.1525,1:58:40:287047,2793
268.4654,163.0943,1:58:40:291076,2789
268.8835,163.0651,1:58:40:296050,2792
269.3016,163.0651,1:58:40:300047,2802
269.6705,163.0651,1:58:40:304062,2820
270.0886,163.7939,1:58:40:307734,2843
270.4821,163.7939,1:58:40:311749,2864
270.9001,165.0181,1:58:40:315752,2889
271.2691,165.8635,1:58:40:319748,2918
271.5888,166.8546,1:58:40:323748,2945
271.7855,167.904,1:58:40:327763,2974
271.9577,169.0408,1:58:40:331043,3001
271.9823,170.3235,1:58:40:335061,3022
271.9823,171.5769,1:58:40:339061,3045
271.9823,172.8595,1:58:40:343061,3064
271.9823,174.2296,1:58:40:347061,3080
271.2691,175.5704,1:58:40:352062,3096
271.2691,176.9113,1:58:40:355385,3108
270.4329,178.3397,1:58:40:359403,3118
270.4329,179.8555,1:58:40:363400,3131
269.4491,181.4296,1:58:40:367404,3137
268.8589,183.0037,1:58:40:371748,3145
268.244,184.6361,1:58:40:375767,3158
267.4816,186.2685,1:58:40:379765,3166
266.7684,187.9009,1:58:40:383770,3178
266.006,189.5916,1:58:40:387771,3195
265.1944,191.2531,1:58:40:392001,3220
264.3336,192.8273,1:58:40:395018,3252
263.399,194.343,1:58:40:399045,3299
262.4891,195.8297,1:58:40:403059,3347
261.5545,197.258,1:58:40:407060,3391
260.6446,198.599,1:58:40:411060,3429
259.6854,199.9398,1:58:40:415058,3458
258.7017,201.135,1:58:40:419065,3485
257.7179,202.3302,1:58:40:423326,3508
256.7342,203.4087,1:58:40:427645,3530
255.7996,204.4872,1:58:40:431658,3556
254.865,205.4783,1:58:40:435659,3583
253.9551,206.4403,1:58:40:439659,3608
253.1189,207.3439,1:58:40:443659,3634
252.3073,208.1893,1:58:40:447805,3648
251.5941,209.0055,1:58:40:451818,3651
250.9054,209.7343,1:58:40:455819,3654
250.3152,210.4047,1:58:40:459884,3655
249.7987,210.9877,1:58:40:463884,3656
249.3806,211.4832,1:58:40:466885,3656
249.0363,211.8913,1:58:40:471885,3652
248.7658,212.212,1:58:40:474884,3645
248.6182,212.4743,1:58:40:478885,3626
248.5198,212.5909,1:58:40:482879,3578
248.4215,212.6492,1:58:40:487905,3492
248.4215,212.7076,1:58:40:491904,3352
248.4215,212.7076,1:58:40:495886,3160
248.4215,212.7076,1:58:40:499904,2925
248.4215,212.7076,1:58:40:503906,2635
248.4215,212.7076,1:58:40:507904,2263
248.4215,211.9205,1:58:40:510904,1783
249.1101,211.9205,1:58:40:514904,1222
249.1101,211.1335,1:58:40:520036,687
249.6758,210.6379,1:58:40:524060,291
249.6758,210.0549,1:58:40:527053,0
250.3398,209.5011,1:58:40:532051,0
250.3398,208.8889,1:58:40:535054,0
251.0284,208.2476,1:58:40:540054,0
251.3973,207.5771,1:58:40:543970,0
251.8154,206.9359,1:58:40:546996,0
252.2827,206.2946,1:58:40:550990,0
252.7746,205.7115,1:58:40:554988,0
253.3402,205.0703,1:58:40:558989,0
253.9797,204.4872,1:58:40:563958,0
254.7175,203.9334,1:58:40:566976,0
255.4799,203.3212,1:58:40:570977,0
256.3407,202.8257,1:58:40:574976,0
257.2506,202.301,1:58:40:579977,0
258.2098,201.7763,1:58:40:583976,0
259.2181,201.2224,1:58:40:587589,0
260.2757,200.6978,1:58:40:591590,0
261.3578,200.1147,1:58:40:595593,0
262.5137,199.5609,1:58:40:599587,0
263.6942,198.9196,1:58:40:603623,0
264.8009,198.3074,1:58:40:607593,0
265.883,197.5495,1:58:40:611588,0
266.9897,196.8499,1:58:40:615588,0
268.0719,196.1212,1:58:40:619589,0
269.2032,195.4216,1:58:40:623589,0
270.2853,194.6637,1:58:40:628138,0
271.3674,193.935,1:58:40:631668,0
272.4004,193.2354,1:58:40:635672,0
273.4825,192.5649,1:58:40:639680,0
274.5646,191.9527,1:58:40:643676,0
275.6468,191.3698,1:58:40:647672,0
276.6059,190.845,1:58:40:652361,0
277.5405,190.2912,1:58:40:655402,0
278.4504,189.7957,1:58:40:659380,0
279.262,189.271,1:58:40:663988,0
280.0736,188.7462,1:58:40:667999,0
280.8114,188.1924,1:58:40:671999,0
281.5493,187.6385,1:58:40:676003,0
282.1887,187.1138,1:58:40:679021,0
282.8527,186.56,1:58:40:683774,0
283.4676,185.977,1:58:40:687310,0
284.0332,185.4231,1:58:40:691757,1161
284.5497,184.811,1:58:40:695508,1175
285.017,184.3154,1:58:40:699508,1228
285.4105,183.7616,1:58:40:703513,1341
285.8286,183.2369,1:58:40:707844,1503
286.1237,182.7413,1:58:40:711863,1706
286.4434,182.2749,1:58:40:715859,1919
286.6893,181.8085,1:58:40:719863,2105
286.9845,181.4879,1:58:40:723864,2255
287.2304,181.1673,1:58:40:727863,2369
287.4518,180.9049,1:58:40:731863,2449
287.6239,180.7592,1:58:40:734861,2519
287.8206,180.6134,1:58:40:739862,2590
288.0174,180.4385,1:58:40:743858,2664
288.0912,180.3802,1:58:40:747606,2735
288.1896,180.3802,1:58:40:751625,2796
288.2633,180.3802,1:58:40:755624,2842
288.3125,180.3802,1:58:40:759621,2870
288.3125,180.3802,1:58:40:763763,2897
288.3125,180.3802,1:58:40:767778,2931
288.3125,180.3802,1:58:40:771782,2971
288.3125,181.0798,1:58:40:775783,3019
288.3125,181.0798,1:58:40:779787,3066
287.5993,182.3041,1:58:40:783781,3095
287.5993,183.1786,1:58:40:788428,3129
286.8615,184.2572,1:58:40:791446,3159
286.3942,185.5689,1:58:40:795451,3185
285.8286,186.9973,1:58:40:799446,3217
285.1645,188.513,1:58:40:803445,3243
284.3775,190.1454,1:58:40:807447,3263
283.5168,191.807,1:58:40:811919,3278
282.5822,193.5269,1:58:40:815937,3285
281.5739,195.2175,1:58:40:819943,3291
280.5163,196.8791,1:58:40:822941,3295
279.4588,198.4823,1:58:40:826937,3298
278.3521,200.0273,1:58:40:830938,3304
277.2945,201.4848,1:58:40:835776,3303
276.2862,202.7674,1:58:40:839791,3302
275.3762,203.9626,1:58:40:843579,3301
274.54,205.0411,1:58:40:847598,3296
273.8268,206.0031,1:58:40:851594,3291
273.212,206.8484,1:58:40:855599,3284
272.5971,207.548,1:58:40:859598,3269
272.179,208.131,1:58:40:863600,3222
271.7855,208.5974,1:58:40:867683,3134
271.515,208.9472,1:58:40:871954,2996
271.2937,209.1804,1:58:40:875740,2801
271.1461,209.3553,1:58:40:879758,2536
271.0477,209.3553,1:58:40:883681,2155
271.0231,209.3553,1:58:40:887718,1620
271.0231,209.3553,1:58:40:891717,1007
271.0231,208.5974,1:58:40:895718,495
271.0231,208.5974,1:58:40:899937,0
271.9577,207.4023,1:58:40:902985,0
271.9577,206.6735,1:58:40:906956,0
273.1136,205.7699,1:58:40:910956,0
273.9006,204.7496,1:58:40:914960,0
274.7614,203.6419,1:58:40:918961,0
275.6959,202.4467,1:58:40:923675,0
276.7535,201.2224,1:58:40:926974,0
277.8848,199.9398,1:58:40:932120,0
279.0653,198.5698,1:58:40:935138,0
280.2704,197.1414,1:58:40:939144,0
281.5001,195.7131,1:58:40:943138,0
282.7543,194.2847,1:58:40:947137,0
284.0086,192.8273,1:58:40:951144,0
285.2383,191.3698,1:58:40:955138,0
286.468,189.8539,1:58:40:959139,0
287.6977,188.309,1:58:40:963785,0
288.9028,186.6766,1:58:40:967804,0
290.1325,185.1317,1:58:40:971810,0
291.3867,183.5576,1:58:40:975820,0
292.5673,182.0126,1:58:40:980032,0
293.7477,180.4968,1:58:40:983051,0
294.8791,178.981,1:58:40:987052,0
295.912,177.5526,1:58:40:991050,0
296.822,176.2992,1:58:40:995051,0
297.5844,175.1624,1:58:41:000051,0
298.1992,174.0546,1:58:41:004192,0
298.6173,173.0052,1:58:41:007210,0
298.8878,172.0724,1:58:41:011210,0
298.9616,171.2271,1:58:41:015216,0
298.9616,170.4984,1:58:41:019229,0
298.9616,169.7404,1:58:41:023210,0
298.3468,168.9534,1:58:41:027793,0
298.3468,168.1372,1:58:41:031811,0
297.3876,167.2336,1:58:41:035848,0
296.699,166.2716,1:58:41:039242,0
295.9366,165.2513,1:58:41:043268,1613
295.002,164.1145,1:58:41:047239,1621
293.9691,162.8611,1:58:41:051238,1671
292.8378,161.5784,1:58:41:055238,1776
291.6327,160.121,1:58:41:059260,1931
290.28,158.6051,1:58:41:063238,2139
288.8536,157.0311,1:58:41:067235,2351
287.378,155.4278,1:58:41:071238,2558
285.8777,153.7371,1:58:41:075759,2747
284.3775,152.0464,1:58:41:079774,2895
282.8773,150.3557,1:58:41:083664,3026
281.4263,148.7233,1:58:41:087682,3140
279.9998,147.2366,1:58:41:091684,3257
278.6718,145.8374,1:58:41:096681,3389
277.3929,144.4966,1:58:41:099679,3515
276.1632,143.2722,1:58:41:103678,3609
275.0811,142.1354,1:58:41:107840,3683
274.0728,141.0569,1:58:41:111854,3728
273.212,140.0949,1:58:41:115957,3774
272.425,139.1621,1:58:41:118975,3818
271.7364,138.2876,1:58:41:122976,3851
271.0969,137.4714,1:58:41:127029,3889
270.6296,136.7426,1:58:41:132263,3904
270.3345,136.0722,1:58:41:135283,3915
270.0394,135.5184,1:58:41:139305,3926
269.8672,135.052,1:58:41:143282,3922
269.7688,134.7313,1:58:41:147697,3910
269.6951,134.4689,1:58:41:151711,3875
269.6951,134.2941,1:58:41:155719,3812
269.6951,134.2066,1:58:41:159716,3733
269.6951,134.2066,1:58:41:164334,3615
269.6951,134.2066,1:58:41:167353,3470
270.4575,134.2066,1:58:41:171352,3278
270.4575,134.2066,1:58:41:175359,3033
271.2691,135.3143,1:58:41:179353,2739
271.7855,135.3143,1:58:41:183352,2358
272.425,136.6261,1:58:41:188407,1869
273.1382,137.3839,1:58:41:192419,1267
273.9006,138.3167,1:58:41:195444,708
274.6138,139.3661,1:58:41:199427,289
275.3762,140.4447,1:58:41:203423,0
276.237,141.7273,1:58:41:207884,0
277.0978,143.0974,1:58:41:210907,0
278.0078,144.6131,1:58:41:215757,0
278.9915,146.2164,1:58:41:220285,0
279.9753,147.8779,1:58:41:224284,0
281.0082,149.5395,1:58:41:227289,0
282.0657,151.2885,1:58:41:231285,0
283.1724,152.9792,1:58:41:235282,0
284.3283,154.5824,1:58:41:240294,0
285.6072,156.1566,1:58:41:243307,0
286.9845,157.5266,1:58:41:248043,0
288.4109,158.8092,1:58:41:251061,0
289.9357,159.9752,1:58:41:255060,0
291.5589,161.0538,1:58:41:259061,0
293.3051,161.9865,1:58:41:263063,0
295.0266,162.8319,1:58:41:267061,0
296.822,163.6189,1:58:41:271061,0
298.5681,164.3185,1:58:41:275066,0
300.3143,164.9307,1:58:41:279841,0
302.0359,165.572,1:58:41:283115,0
303.6836,166.155,1:58:41:287894,0
305.2576,166.6797,1:58:41:291907,0
306.7086,167.1752,1:58:41:295909,0
308.1843,167.6708,1:58:41:298911,0
309.5369,168.1372,1:58:41:304151,0
310.742,168.5453,1:58:41:307175,0
311.8734,168.8951,1:58:41:311167,0
312.9063,169.2449,1:58:41:315824,0
313.8163,169.5364,1:58:41:319823,0
314.7016,169.8279,1:58:41:323823,0
315.4886,170.0611,1:58:41:326824,0
316.1772,170.236,1:58:41:331986,0
316.8167,170.3817,1:58:41:336003,0
317.3578,170.4984,1:58:41:339012,0
317.825,170.5567,1:58:41:343001,0
318.1693,170.5567,1:58:41:347004,0
318.4645,170.5567,1:58:41:351022,0
318.6366,170.5567,1:58:41:356047,0
318.7104,170.5567,1:58:41:359066,0
318.7104,170.5567,1:58:41:363978,0
318.7104,170.5567,1:58:41:367987,0
318.7104,169.8279,1:58:41:370990,0
318.7104,169.8279,1:58:41:374990,0
318.0218,169.8279,1:58:41:378989,0
318.0218,169.8279,1:58:41:382995,0
317.3332,169.3907,1:58:41:387675,0
317.3332,169.3907,1:58:41:391712,0
316.5216,169.3907,1:58:41:395675,0
316.0543,169.3907,1:58:41:399174,0
315.6116,169.0117,1:58:41:403677,0
315.2181,169.0117,1:58:41:406886,0
314.8492,169.0117,1:58:41:411886,0
314.5049,168.7493,1:58:41:414886,0
314.1606,168.7493,1:58:41:419932,0
313.89,168.5744,1:58:41:423948,0
313.6933,168.4579,1:58:41:427993,0
313.4965,168.3412,1:58:41:432008,0
313.3736,168.1664,1:58:41:436012,0
313.2506,167.9915,1:58:41:439012,0
313.1768,167.8165,1:58:41:443012,0
313.1522,167.6416,1:58:41:447012,0
313.1276,167.4959,1:58:41:452043,0
313.1276,167.3793,1:58:41:455062,0
313.1276,167.2627,1:58:41:459678,0
313.1276,167.2044,1:58:41:463714,0
313.0538,167.1752,1:58:41:467720,0
313.0292,167.1169,1:58:41:471715,0
312.9555,167.1169,1:58:41:475710,0
312.8817,167.1169,1:58:41:479715,0
312.7833,167.0878,1:58:41:483972,0
312.6849,167.0004,1:58:41:487029,0
312.5865,166.9129,1:58:41:491015,0
312.5374,166.7088,1:58:41:495016,0
312.4636,166.5048,1:58:41:499012,0
312.3898,166.2424,1:58:41:503021,0
312.3652,165.8927,1:58:41:508042,0
312.3406,165.4845,1:58:41:511060,0
312.316,164.989,1:58:41:515059,1774
312.2422,164.4935,1:58:41:519060,1788
312.1931,163.9688,1:58:41:523084,1848
312.0947,163.5023,1:58:41:527061,1966
312.0209,163.0651,1:58:41:531059,2125
311.9225,162.5987,1:58:41:535061,2320
311.8488,162.3072,1:58:41:539060,2505
311.7504,162.0448,1:58:41:543060,2642
311.7258,161.8991,1:58:41:547784,2745
311.652,161.8408,1:58:41:551805,2801
311.652,161.8408,1:58:41:555809,2826
311.652,161.8408,1:58:41:559808,2864
311.652,161.8408,1:58:41:564135,2911
311.652,162.5404,1:58:41:567176,2974
311.652,162.5404,1:58:41:571173,3054
311.652,163.6189,1:58:41:575177,3136
311.652,164.3477,1:58:41:579213,3215
311.652,165.2513,1:58:41:583181,3300
311.652,166.2716,1:58:41:588130,3385
311.652,167.4084,1:58:41:591170,3460
311.652,168.5744,1:58:41:595153,3531
311.652,169.7988,1:58:41:599148,3593
311.652,170.9648,1:58:41:603147,3639
311.652,172.1599,1:58:41:607149,3677
311.652,173.2968,1:58:41:611785,3710
311.652,174.4044,1:58:41:615805,3735
311.652,175.4538,1:58:41:619786,3757
311.652,176.4449,1:58:41:623805,3780
311.652,177.3486,1:58:41:627803,3801
311.652,178.1648,1:58:41:631800,3816
311.652,178.8353,1:58:41:635804,3838
312.2422,179.4474,1:58:41:639805,3864
312.2422,179.9721,1:58:41:643665,3892
312.6849,180.4968,1:58:41:647684,3926
312.6849,180.9049,1:58:41:651685,3952
313.3982,181.1964,1:58:41:655679,3972
313.89,181.3421,1:58:41:659685,3982
314.5295,181.4588,1:58:41:663680,3988
315.2673,181.5753,1:58:41:667683,3996
316.1772,181.5753,1:58:41:671690,3996
317.1856,181.5753,1:58:41:675770,3998
318.3169,181.5753,1:58:41:679789,3991
319.522,181.5753,1:58:41:684208,3979
320.8009,180.6717,1:58:41:687197,3961
322.1043,180.6717,1:58:41:691211,3920
323.4078,179.9429,1:58:41:696196,3863
324.6375,179.9429,1:58:41:699195,3767
325.8426,179.0101,1:58:41:704196,3641
326.9985,178.5146,1:58:41:707156,3489
327.9822,177.9608,1:58:41:711180,3313
328.8676,177.3777,1:58:41:716524,3129
329.5562,176.7948,1:58:41:719519,2937
330.0727,176.2409,1:58:41:723520,2737
330.5892,175.6288,1:58:41:727524,2511
330.8843,175.0457,1:58:41:731527,2242
331.0811,174.4919,1:58:41:735529,1909
331.204,173.8506,1:58:41:739529,1509
331.204,173.2676,1:58:41:743525,1067
331.204,172.6846,1:58:41:747737,624
331.204,172.0724,1:58:41:751756,295
331.204,171.4895,1:58:41:755755,0
331.204,170.9064,1:58:41:759400,0
330.4908,170.3526,1:58:41:763399,0
330.4908,169.8279,1:58:41:769399,0
329.507,169.3907,1:58:41:771400,0
328.8922,168.9534,1:58:41:776396,0
328.179,168.487,1:58:41:779652,0
327.3674,168.1664,1:58:41:783181,0
326.5558,167.7874,1:58:41:787662,0
325.7196,167.4668,1:58:41:791681,0
324.9326,167.1169,1:58:41:795887,0
324.1702,166.8255,1:58:41:799416,0
323.5308,166.534,1:58:41:803453,0
322.9159,166.2716,1:58:41:807417,0
322.3749,165.9801,1:58:41:811415,0
321.9076,165.7177,1:58:41:815416,0
321.4649,165.4554,1:58:41:819995,0
321.096,165.1931,1:58:41:823524,0
320.7025,164.9016,1:58:41:827520,2033
320.4074,164.6392,1:58:41:831520,2065
320.0876,164.3477,1:58:41:835520,2145
319.7925,164.0853,1:58:41:839688,2286
319.5466,163.823,1:58:41:843690,2487
319.3253,163.6189,1:58:41:847690,2704
319.1285,163.4732,1:58:41:851954,2911
318.9563,163.3566,1:58:41:854973,3091
318.8334,163.2691,1:58:41:858977,3220
318.735,163.24,1:58:41:864068,3302
318.6858,163.24,1:58:41:867073,3344
318.6858,163.24,1:58:41:871069,3366
318.6858,163.24,1:58:41:875067,3417
318.6858,163.24,1:58:41:879069,3493
318.6858,163.24,1:58:41:883068,3584
319.5466,164.0271,1:58:41:887067,3676
319.5466,164.0271,1:58:41:891069,3745
320.6533,164.8432,1:58:41:895736,3800
321.3419,165.3388,1:58:41:899750,3843
322.1535,165.9509,1:58:41:903734,3876
323.0635,166.6214,1:58:41:907748,3894
323.9489,167.2627,1:58:41:911748,3903
324.8834,168.0497,1:58:41:916751,3906
325.8672,168.7785,1:58:41:919751,3913
326.851,169.5947,1:58:41:923748,3916
327.8101,170.4109,1:58:41:927781,3917
328.6955,171.2271,1:58:41:931799,3911
329.6054,172.0724,1:58:41:935799,3862
330.5154,172.8595,1:58:41:939089,3764
331.4008,173.6465,1:58:41:943088,3594
332.237,174.3461,1:58:41:948546,3344
333.0486,174.9874,1:58:41:951725,3046
333.8356,175.5704,1:58:41:955724,2721
334.598,176.0952,1:58:41:959541,2316
335.385,176.5033,1:58:41:963573,1776
336.1474,176.7365,1:58:41:967673,1141
336.7868,176.9113,1:58:41:971713,584
337.4262,176.9697,1:58:41:975898,0
337.9919,176.9697,1:58:41:979916,0
338.4838,176.9697,1:58:41:983916,0
338.951,176.9697,1:58:41:986916,0
339.3692,176.9697,1:58:41:990943,0
339.7873,175.9785,1:58:41:994916,0
340.1808,175.9785,1:58:41:998916,0
340.5988,175.1915,1:58:42:003916,0
341.0415,175.1915,1:58:42:006944,0
341.5088,174.2296,1:58:42:011673,0
341.9761,173.7632,1:58:42:015710,0
342.4434,173.2676,1:58:42:019900,0
342.9106,172.8304,1:58:42:022918,0
343.3533,172.4223,1:58:42:026918,0
343.7223,172.0141,1:58:42:031771,0
344.1158,171.6935,1:58:42:035303,0
344.4109,171.3728,1:58:42:039303,0
344.706,171.0522,1:58:42:043373,0
344.9519,170.7024,1:58:42:047304,0
345.1979,170.4109,1:58:42:051303,0
345.4192,170.0903,1:58:42:055342,0
345.616,169.7988,1:58:42:059372,0
345.8127,169.4489,1:58:42:063372,0
346.0095,169.1283,1:58:42:067852,0
346.157,168.7785,1:58:42:071871,0
346.3538,168.4579,1:58:42:075871,0
346.4767,168.1664,1:58:42:079882,0
346.6243,167.8748,1:58:42:083893,0
346.7965,167.6125,1:58:42:086892,0
346.9194,167.3793,1:58:42:091837,0
347.067,167.2044,1:58:42:095853,0
347.2392,167.0004,1:58:42:099854,0
347.3867,166.8546,1:58:42:103857,0
347.5835,166.7088,1:58:42:107852,0
347.7802,166.534,1:58:42:111855,0
347.977,166.3882,1:58:42:116092,0
348.1983,166.2424,1:58:42:119112,0
348.4442,166.0092,1:58:42:124111,0
348.7394,165.7469,1:58:42:128112,0
349.0099,165.4845,1:58:42:131111,0
349.3542,165.1639,1:58:42:135116,0
349.6248,164.7558,1:58:42:140027,0
349.9445,164.3477,1:58:42:144041,0
350.2888,163.823,1:58:42:147046,0
350.6331,163.2691,1:58:42:152048,0
350.9774,162.7153,1:58:42:155045,0
351.2971,162.1323,1:58:42:159046,0
351.6414,161.6076,1:58:42:163964,0
351.912,161.0829,1:58:42:166999,0
352.2071,160.6165,1:58:42:170985,0
352.453,160.1792,1:58:42:175986,0
352.6252,159.8003,1:58:42:178982,0
352.7973,159.5088,1:58:42:182983,0
352.9203,159.2173,1:58:42:187840,0
353.0187,158.955,1:58:42:191860,2234
353.0187,158.7509,1:58:42:195859,2231
353.0187,158.6051,1:58:42:199837,2231
353.0187,158.4886,1:58:42:203856,2242
353.0187,158.4886,1:58:42:207856,2285
353.0187,158.4886,1:58:42:211856,2393
353.0187,158.4886,1:58:42:215856,2542
353.0187,158.4886,1:58:42:219851,2701
353.0187,159.5088,1:58:42:223778,2839
353.0187,159.5088,1:58:42:227800,2923
353.0187,160.7331,1:58:42:231801,2969
353.0187,161.4619,1:58:42:235648,2996
353.0187,162.278,1:58:42:239647,3013
353.7319,163.1234,1:58:42:243648,3034
353.7319,163.9396,1:58:42:248302,3054
354.2484,164.7267,1:58:42:251321,3074
354.2484,165.4263,1:58:42:255325,3092
354.8878,166.1259,1:58:42:259320,3105
354.8878,166.7088,1:58:42:263335,3117
355.4781,167.2336,1:58:42:267318,3129
355.7978,167.6416,1:58:42:271323,3142
356.0437,168.0206,1:58:42:275353,3150
356.2651,168.2829,1:58:42:279347,3161
356.4618,168.4579,1:58:42:283843,3178
356.4618,168.5744,1:58:42:286883,3207
356.7323,168.6036,1:58:42:291854,3236
356.8061,168.6036,1:58:42:296221,3261
356.9045,168.6036,1:58:42:299240,3273
356.9537,168.6036,1:58:42:303239,3275
356.9783,167.904,1:58:42:307239,3277
356.9783,167.904,1:58:42:311245,3282
356.9783,167.2627,1:58:42:315239,3299
356.9783,167.2627,1:58:42:319988,3315
356.9783,166.6214,1:58:42:323000,3336
356.4126,166.6214,1:58:42:326999,3355
356.4126,166.0967,1:58:42:331547,3374
355.5273,166.0967,1:58:42:335566,3397
354.937,166.0967,1:58:42:339568,3442
354.2238,166.0967,1:58:42:343567,3512
353.4122,166.0967,1:58:42:347564,3596
352.5022,166.0967,1:58:42:351594,3681
351.5923,166.0967,1:58:42:356090,3755
350.6577,167.0878,1:58:42:359107,3816
349.6985,167.6708,1:58:42:364104,3877
348.764,168.3412,1:58:42:368111,3956
347.8786,169.0992,1:58:42:371108,4044
347.0916,169.9445,1:58:42:375113,4127
346.3538,170.8773,1:58:42:380021,4191
345.6652,171.8976,1:58:42:383559,4247
345.0749,172.9761,1:58:42:387554,4285
344.5338,174.2004,1:58:42:392081,4321
344.1404,175.4538,1:58:42:395093,4366
343.8206,176.7365,1:58:42:399093,4407
343.6485,178.0773,1:58:42:403092,4438
343.5501,179.5349,1:58:42:407093,4471
343.5501,180.9632,1:58:42:411129,4500
343.5501,182.4498,1:58:42:415736,4520
343.5501,183.9073,1:58:42:419739,4543
344.2387,185.3065,1:58:42:423739,4561
344.2387,186.7057,1:58:42:427720,4580
345.1733,188.1049,1:58:42:431721,4604
345.7635,189.3875,1:58:42:435721,4632
346.4276,190.5244,1:58:42:439721,4662
347.19,191.5155,1:58:42:443722,4690
348.0999,192.3609,1:58:42:447718,4710
349.1329,193.0313,1:58:42:451217,4728
350.2642,193.5269,1:58:42:455235,4735
351.4693,193.7892,1:58:42:459233,4743
352.7973,193.8475,1:58:42:463730,4747
354.2484,193.8475,1:58:42:467744,4741
355.7978,193.8475,1:58:42:471749,4738
357.298,192.769,1:58:42:475370,4725
358.8474,192.011,1:58:42:479358,4713
360.3722,191.0782,1:58:42:483359,4714
361.897,189.9997,1:58:42:487357,4710
363.3727,188.7462,1:58:42:491358,4716
364.7253,187.4053,1:58:42:495390,4717
365.8812,186.0353,1:58:42:499359,4719
366.865,184.7236,1:58:42:503372,4732
367.7749,183.4118,1:58:42:507359,4742
368.4636,182.1584,1:58:42:512058,4758
368.9308,180.9341,1:58:42:516077,4777
369.2505,179.8555,1:58:42:519077,4789
369.3489,178.8644,1:58:42:523077,4797
369.3489,177.9316,1:58:42:527077,4801
369.3489,177.1154,1:58:42:531077,4798
368.5865,176.2701,1:58:42:535076,4789
368.0209,175.4538,1:58:42:539101,4783
367.3076,174.7834,1:58:42:543076,4776
366.5207,174.1712,1:58:42:547110,4762
365.6845,173.5591,1:58:42:551076,4729
364.8483,173.0927,1:58:42:556073,4667
364.0613,172.7137,1:58:42:559078,4577
363.3235,172.4223,1:58:42:564077,4456
362.684,172.2473,1:58:42:567077,4308
362.0692,172.1308,1:58:42:571076,4126
361.5281,172.0724,1:58:42:575077,3894
361.0609,172.0724,1:58:42:579740,3608
360.6674,172.0724,1:58:42:583759,3278
360.2247,172.0724,1:58:42:587755,2898
359.8065,172.0724,1:58:42:591734,2418
359.3885,172.7429,1:58:42:595729,1794
358.9458,172.7429,1:58:42:599730,1113
358.5277,172.7429,1:58:42:603730,543
358.1096,173.2968,1:58:42:607730,0
357.6177,173.2968,1:58:42:611732,0
357.1259,173.2968,1:58:42:615729,0
356.6094,173.2968,1:58:42:619729,0
356.0683,173.2968,1:58:42:623753,0
355.5027,173.2968,1:58:42:627850,0
354.937,173.2968,1:58:42:631869,0
354.3713,173.2968,1:58:42:635871,0
353.8303,173.2968,1:58:42:639869,0
353.3384,172.4223,1:58:42:643868,0
352.8711,172.4223,1:58:42:647864,0
352.4776,171.7227,1:58:42:650873,0
352.0595,171.7227,1:58:42:655869,0
351.666,170.8773,1:58:42:658869,0
351.2234,170.3817,1:58:42:663864,0
350.7315,169.9153,1:58:42:667732,0
350.1904,169.3907,1:58:42:671750,0
349.551,168.8368,1:58:42:674751,0
348.8132,168.2829,1:58:42:679398,0
347.977,167.6416,1:58:42:683398,0
347.0178,167.0004,1:58:42:687397,0
345.8865,166.3591,1:58:42:691403,0
344.6322,165.6303,1:58:42:695398,0
343.2304,164.9016,1:58:42:699427,0
341.7056,164.1728,1:58:42:703398,0
339.984,163.3857,1:58:42:707403,0
338.1641,162.6861,1:58:42:711403,0
336.3195,161.8991,1:58:42:715399,0
334.4258,161.1995,1:58:42:719406,0
332.5075,160.5291,1:58:42:723403,0
330.6384,159.946,1:58:42:728122,0
328.8676,159.3922,1:58:42:732142,0
327.1707,158.8675,1:58:42:735157,0
325.6458,158.4011,1:58:42:739141,0
324.1456,157.993,1:58:42:743140,0
322.7192,157.614,1:58:42:747140,0
321.3665,157.2643,1:58:42:751141,0
320.063,156.9436,1:58:42:755140,0
318.8088,156.6812,1:58:42:759754,0
317.5545,156.5063,1:58:42:763773,0
316.3002,156.3898,1:58:42:768270,0
315.0459,156.3023,1:58:42:771792,0
313.8163,156.3023,1:58:42:775796,0
312.562,156.3023,1:58:42:781793,0
311.3323,156.3023,1:58:42:783790,0
310.1272,156.3023,1:58:42:787790,0
308.8729,156.3023,1:58:42:791862,0
307.7416,156.9436,1:58:42:795417,0
306.7086,156.9436,1:58:42:799418,0
305.7495,156.9436,1:58:42:804349,2013
304.8641,156.9436,1:58:42:807368,2020
304.1755,156.9436,1:58:42:811368,2060
303.5607,156.9436,1:58:42:815368,2132
303.118,156.9436,1:58:42:819368,2229
302.872,156.9436,1:58:42:823368,2342
302.7245,156.9436,1:58:42:827247,2435
302.7245,156.9436,1:58:42:831244,2519
302.7245,156.9436,1:58:42:835241,2596
303.4377,156.9436,1:58:42:839769,2668
304.1509,156.9436,1:58:42:843769,2737
305.1838,156.9436,1:58:42:847765,2790
306.4381,156.9436,1:58:42:851803,2840
308.0367,156.9436,1:58:42:855801,2880
309.9305,156.9436,1:58:42:859800,2911
312.1193,156.4772,1:58:42:863800,2938
314.5541,156.4772,1:58:42:867798,2948
317.1856,156.0691,1:58:42:871804,2954
320.0139,156.0691,1:58:42:875928,2957
322.9897,155.5152,1:58:42:880255,2956
326.1131,155.1946,1:58:42:883254,2956
329.3595,154.9031,1:58:42:888025,2949
332.7043,154.6116,1:58:42:891044,2941
336.0736,154.3201,1:58:42:895044,2937
339.4183,154.0286,1:58:42:899996,2930
342.7877,153.7663,1:58:42:903039,2924
346.0341,153.4747,1:58:42:907015,2914
349.1575,153.2124,1:58:42:911198,2902
352.1087,152.95,1:58:42:915181,2895
354.7157,152.6877,1:58:42:919180,2894
357.1259,152.4254,1:58:42:923179,2895
359.1917,152.1339,1:58:42:927177,2897
361.0363,151.8715,1:58:42:931199,2901
362.5611,151.58,1:58:42:935806,2902
363.7907,151.3176,1:58:42:939825,2907
364.7745,151.0844,1:58:42:943825,2912
365.5123,150.8221,1:58:42:948044,2918
366.1272,150.6472,1:58:42:952058,2925
366.5699,150.5014,1:58:42:956042,2932
366.8404,150.3848,1:58:42:960081,2944
366.9633,150.3266,1:58:42:964043,2951
367.0125,150.2391,1:58:42:967047,2955
367.0125,150.2099,1:58:42:972425,2948
367.0125,150.2099,1:58:42:975444,2919
367.0125,150.2099,1:58:42:979444,2852
367.0125,150.2099,1:58:42:983445,2719
366.2747,150.2099,1:58:42:987444,2519
366.2747,150.2099,1:58:42:991444,2164
365.6353,150.2099,1:58:42:996064,1621
365.6353,150.2099,1:58:42:999593,1015
364.8237,150.2099,1:58:43:003593,485
364.3564,150.8221,1:58:43:007598,0
363.8645,150.8221,1:58:43:011592,0
363.3727,150.8221,1:58:43:015599,0
362.8562,151.4051,1:58:43:019949,0
362.2905,151.4051,1:58:43:022968,0
361.6511,151.4051,1:58:43:026968,0
360.9379,151.959,1:58:43:032212,0
360.2001,151.959,1:58:43:035231,0
359.3393,152.3962,1:58:43:039231,0
358.4047,152.3962,1:58:43:043245,0
357.421,152.6877,1:58:43:048232,0
356.4126,152.6877,1:58:43:051237,0
355.3551,152.9209,1:58:43:055930,0
354.4205,152.9209,1:58:43:059252,0
353.4122,153.0667,1:58:43:063253,0
352.4038,153.0958,1:58:43:067964,0
351.5185,153.0958,1:58:43:071983,0
350.5593,153.0958,1:58:43:075983,0
350.5593,153.0958,1:58:43:094105,0
