254.3978,208.2184,4:59:00:592075,0
255.2339,208.2184,4:59:00:595086,0
256.2915,208.2184,4:59:00:599186,0
257.3982,208.2184,4:59:00:603086,0
258.6033,208.2184,4:59:00:607086,0
259.9313,209.1512,4:59:00:611835,0
261.4807,209.1512,4:59:00:615098,0
263.0547,209.9966,4:59:00:619098,0
264.7271,209.9966,4:59:00:623685,0
265.6371,210.8419,4:59:00:627072,0
266.4487,210.8419,4:59:00:632075,0
267.1619,211.7456,4:59:00:635105,0
267.9243,212.1537,4:59:00:639076,0
268.5392,212.4743,4:59:00:644036,0
269.1294,212.8533,4:59:00:647045,0
269.6459,213.2031,4:59:00:651273,0
270.0886,213.582,4:59:00:655045,0
270.4575,213.961,4:59:00:659047,0
270.728,214.4274,4:59:00:664048,0
271.0477,214.748,4:59:00:667049,0
271.2445,214.9812,4:59:00:671749,0
271.3674,215.2436,4:59:00:674762,0
271.3674,215.4476,4:59:00:679776,0
271.392,215.5351,4:59:00:683759,0
271.392,215.71,4:59:00:687791,0
271.392,215.8849,4:59:00:691759,0
271.392,215.8849,4:59:00:695935,0
271.392,215.8849,4:59:00:698970,0
271.392,215.914,4:59:00:703971,0
271.392,215.914,4:59:00:706982,0
271.392,216.0015,4:59:00:711871,0
271.392,216.1764,4:59:00:714882,0
271.392,216.3221,4:59:00:719881,0
270.7034,216.3513,4:59:00:722885,0
270.7034,216.4388,4:59:00:727884,0
270.7034,216.672,4:59:00:731907,0
270.2361,216.7594,4:59:00:735730,0
270.2361,216.9635,4:59:00:740009,0
270.2361,217.1092,4:59:00:743019,0
270.2361,217.1384,4:59:00:747125,0
270.2361,217.2258,4:59:00:751127,0
270.2361,217.2841,4:59:00:756125,0
269.6705,217.4007,4:59:00:759127,0
269.6705,217.4007,4:59:00:763895,0
269.6705,217.4007,4:59:00:767666,0
269.6705,217.4007,4:59:00:771961,0
269.6705,217.4007,4:59:00:775002,0
269.6705,217.4007,4:59:00:779972,0
269.6705,217.4007,4:59:00:782971,0
269.6705,217.4007,4:59:00:788216,0
269.6705,216.8177,4:59:00:791227,0
269.6705,216.8177,4:59:00:795384,0
269.6705,216.8177,4:59:00:799232,0
269.6705,216.8177,4:59:00:803236,0
269.6705,216.1764,4:59:00:807514,0
269.6705,216.1764,4:59:00:812043,0
269.6705,216.1764,4:59:00:815060,0
269.6705,216.1764,4:59:00:819054,0
269.6705,216.1764,4:59:00:823053,0
270.4821,216.1764,4:59:00:827122,0
270.4821,216.1764,4:59:00:831053,0
271.1461,215.506,4:59:00:835971,0
271.8839,215.506,4:59:00:839449,0
271.8839,215.506,4:59:00:843066,0
272.3512,215.506,4:59:00:847066,0
272.3512,215.506,4:59:00:851068,0
272.7447,215.506,4:59:00:855068,0
272.7447,215.506,4:59:00:859068,0
272.7447,215.506,4:59:00:863619,0
273.1382,215.506,4:59:00:866998,0
273.1382,215.506,4:59:00:871359,0
273.1382,215.506,4:59:00:875369,0
272.425,215.506,4:59:00:879369,0
272.425,215.506,4:59:00:883371,0
272.425,215.506,4:59:00:887369,0
271.8347,215.506,4:59:00:891855,0
271.8347,215.506,4:59:00:894865,0
271.8347,215.506,4:59:00:899868,0
271.0969,215.506,4:59:00:902863,0
271.0969,215.506,4:59:00:908077,0
271.0969,215.506,4:59:00:911448,0
271.0969,215.506,4:59:00:915606,0
271.0969,215.506,4:59:00:919629,0
271.0969,215.506,4:59:00:923671,0
271.0969,215.506,4:59:00:927618,0
270.1132,215.506,4:59:00:931700,0
270.1132,215.506,4:59:00:935636,0
270.1132,215.506,4:59:00:939974,0
270.1132,215.506,4:59:00:942984,0
269.3999,215.506,4:59:00:946986,0
269.3999,215.506,4:59:00:950988,0
269.3999,215.506,4:59:00:956292,0
269.3999,215.506,4:59:00:959305,0
269.3999,215.506,4:59:00:963317,0
270.1378,215.506,4:59:00:967302,0
270.1378,215.506,4:59:00:971310,0
270.9739,215.506,4:59:00:975303,0
270.9739,214.8355,4:59:00:980069,0
271.515,214.8355,4:59:00:983079,0
271.515,214.8355,4:59:00:988079,0
271.515,214.8355,4:59:00:991079,0
271.515,214.8355,4:59:00:995136,0
271.515,214.8355,4:59:00:999079,0
272.3266,214.3691,4:59:01:003806,0
272.3266,214.3691,4:59:01:007833,0
272.3266,214.3691,4:59:01:011878,0
273.1628,214.3691,4:59:01:014891,0
273.9498,214.3691,4:59:01:019905,0
273.9498,214.3691,4:59:01:022919,0
273.9498,214.3691,4:59:01:027869,0
274.7614,213.4072,4:59:01:030880,0
274.7614,213.4072,4:59:01:035882,0
274.7614,213.4072,4:59:01:038880,0
274.7614,212.795,4:59:01:044243,0
275.5484,212.795,4:59:01:047258,0
275.5484,212.2995,4:59:01:051849,0
275.5484,212.2995,4:59:01:054838,0
275.5484,211.8039,4:59:01:059838,0
275.5484,211.3667,4:59:01:063837,0
275.5484,211.3667,4:59:01:067840,0
275.5484,210.8419,4:59:01:070837,0
275.5484,210.8419,4:59:01:076251,0
274.8597,210.3172,4:59:01:079261,0
274.8597,210.1132,4:59:01:083929,0
274.8597,209.8508,4:59:01:087925,0
274.8597,209.6759,4:59:01:091939,0
273.8022,209.5011,4:59:01:094949,0
273.8022,209.297,4:59:01:099819,0
273.2857,209.0347,4:59:01:103335,0
273.2857,208.8015,4:59:01:107388,0
272.7693,208.6266,4:59:01:111335,0
272.2528,208.3934,4:59:01:115345,0
271.7118,208.1893,4:59:01:119346,0
271.7118,208.0435,4:59:01:123993,0
271.4412,207.8103,4:59:01:127004,0
271.4412,207.5771,4:59:01:131015,0
271.4412,207.3439,4:59:01:135003,0
271.4412,207.0233,4:59:01:140005,0
271.4412,206.761,4:59:01:143006,0
271.4412,206.5278,4:59:01:147900,0
271.4412,206.2071,4:59:01:151642,0
271.4412,205.799,4:59:01:155800,0
271.4412,205.4783,4:59:01:159759,0
271.4412,205.1577,4:59:01:163787,0
270.7772,204.8371,4:59:01:166763,0
270.7772,204.5164,4:59:01:172064,0
270.7772,204.1958,4:59:01:175074,0
270.7772,203.8168,4:59:01:179174,0
270.7772,203.5544,4:59:01:183074,0
270.7772,203.2921,4:59:01:187089,0
270.2115,203.0298,4:59:01:191074,0
270.2115,202.7674,4:59:01:195774,0
270.2115,202.5634,4:59:01:199787,0
269.5721,202.3302,4:59:01:203812,0
269.5721,202.097,4:59:01:206798,0
269.5721,201.922,4:59:01:211797,0
269.1294,201.6888,4:59:01:214798,0
269.1294,201.4848,4:59:01:219894,0
268.7359,201.2516,4:59:01:222915,0
268.7359,201.1059,4:59:01:228184,0
268.5883,200.931,4:59:01:231195,0
268.5146,200.6978,4:59:01:235210,0
268.367,200.5228,4:59:01:239195,0
268.244,200.3188,4:59:01:243239,0
268.1949,200.1439,4:59:01:247387,0
268.1949,199.969,4:59:01:251893,0
268.1949,199.765,4:59:01:255905,0
268.1457,199.59,4:59:01:259734,0
267.9735,199.3568,4:59:01:263256,0
267.7276,199.2111,4:59:01:267961,0
267.5062,199.007,4:59:01:270972,0
267.3586,198.803,4:59:01:275218,0
267.1127,198.6281,4:59:01:279119,0
266.9897,198.4532,4:59:01:283128,0
266.8176,198.3074,4:59:01:287119,0
266.67,198.1908,4:59:01:291974,0
266.67,198.0742,4:59:01:294987,0
266.6208,197.9576,4:59:01:299837,0
266.5225,197.8994,4:59:01:302848,0
266.3503,197.8994,4:59:01:307847,0
266.2765,197.841,4:59:01:310851,0
266.0552,197.841,4:59:01:315847,0
265.8584,197.841,4:59:01:318848,0
265.6125,197.841,4:59:01:324189,0
265.2436,197.841,4:59:01:327199,0
265.0714,197.841,4:59:01:331223,0
264.7763,197.841,4:59:01:335202,0
264.4566,197.841,4:59:01:339201,0
264.2107,197.841,4:59:01:343199,0
263.8909,197.841,4:59:01:348198,0
263.5712,198.5115,4:59:01:351209,0
263.2761,198.5115,4:59:01:355972,0
262.9564,199.0362,4:59:01:358983,0
262.5137,199.0362,4:59:01:363406,0
262.1694,199.6192,4:59:01:367337,0
261.8988,199.6192,4:59:01:371341,0
261.5545,200.3771,4:59:01:375339,0
261.1856,200.7852,4:59:01:380160,0
260.8905,201.1933,4:59:01:383171,0
260.5708,201.5139,4:59:01:387172,0
260.374,201.8929,4:59:01:391170,0
260.1773,202.301,4:59:01:395171,0
260.0789,202.6216,4:59:01:399170,0
260.0543,202.9131,4:59:01:403565,0
260.0297,203.1463,4:59:01:407581,0
260.0297,203.3212,4:59:01:411901,0
260.0297,203.467,4:59:01:415610,0
260.0297,203.6419,4:59:01:420159,0
260.0297,203.7002,4:59:01:423172,0
260.0297,203.7294,4:59:01:427246,0
260.0297,203.7876,4:59:01:431170,0
260.0297,203.8459,4:59:01:435248,0
260.0297,203.8751,4:59:01:439170,0
260.0297,203.9334,4:59:01:443852,0
259.2919,203.9626,4:59:01:446877,0
259.2919,204.0208,4:59:01:451897,0
258.4557,204.1375,4:59:01:454863,0
257.9638,204.2249,4:59:01:459863,0
257.3982,204.3707,4:59:01:462863,0
256.8325,204.4872,4:59:01:467833,0
256.2177,204.6039,4:59:01:470844,0
255.5782,204.7787,4:59:01:475949,0
254.9388,204.9245,4:59:01:478948,0
254.2994,205.0411,4:59:01:483950,0
253.7091,205.216,4:59:01:486951,0
253.1435,205.3618,4:59:01:491836,0
252.6762,205.4492,4:59:01:494846,0
252.2335,205.5075,4:59:01:499923,0
251.84,205.5658,4:59:01:502934,0
251.5203,205.595,4:59:01:507936,0
251.2989,205.6241,4:59:01:510937,0
251.1514,205.6241,4:59:01:515943,0
251.0284,205.6241,4:59:01:518954,0
250.9546,205.6241,4:59:01:523972,0
250.9546,205.6241,4:59:01:526983,0
250.9546,205.6241,4:59:01:532191,0
250.9546,205.6241,4:59:01:535201,0
250.9546,204.9245,4:59:01:539215,0
250.9546,204.9245,4:59:01:543204,0
251.4957,204.9245,4:59:01:547305,0
251.4957,204.2832,4:59:01:551216,0
251.963,204.2832,4:59:01:556204,0
251.963,203.8168,4:59:01:559212,0
252.5778,203.8168,4:59:01:563666,0
252.5778,203.1755,4:59:01:567214,0
253.3402,202.8257,4:59:01:571259,0
253.8075,202.4467,4:59:01:575217,0
254.2748,202.0095,4:59:01:579906,0
254.8158,201.5139,4:59:01:583277,0
255.4061,201.0475,4:59:01:587802,0
255.9963,200.5228,4:59:01:591815,0
256.6112,199.969,4:59:01:595790,0
257.2998,199.4443,4:59:01:599785,0
258.013,198.9196,4:59:01:604787,0
258.7755,198.3658,4:59:01:607797,0
259.5624,197.8994,4:59:01:610788,0
260.3003,197.433,4:59:01:616786,0
261.0135,196.9957,4:59:01:619783,0
261.7267,196.6167,4:59:01:623806,0
262.4891,196.2961,4:59:01:627796,0
263.2269,196.0046,4:59:01:630791,0
263.9647,195.7422,4:59:01:635840,0
264.6534,195.5674,4:59:01:638851,0
265.342,195.3633,4:59:01:643457,0
266.006,195.2175,4:59:01:647454,0
266.6454,195.101,4:59:01:651592,0
267.2603,195.0426,4:59:01:655453,0
267.8259,195.0135,4:59:01:659891,0
268.367,195.0135,4:59:01:663646,0
268.8589,195.0135,4:59:01:667883,0
269.277,195.0135,4:59:01:670897,0
269.6459,195.0135,4:59:01:676532,0
269.9902,195.0135,4:59:01:679532,0
270.2853,195.6548,4:59:01:683561,0
270.5804,195.6548,4:59:01:687533,0
270.9001,195.6548,4:59:01:692275,0
271.1461,196.2378,4:59:01:695183,0
271.3674,196.2378,4:59:01:699258,0
271.5888,196.2378,4:59:01:703194,0
271.7855,196.7917,4:59:01:707190,0
272.0069,196.7917,4:59:01:711183,0
272.2282,197.1414,4:59:01:715788,0
272.3512,197.1414,4:59:01:719310,0
272.4496,197.433,4:59:01:723842,0
272.5479,197.433,4:59:01:726853,0
272.5971,197.7536,4:59:01:730853,0
272.6709,197.7536,4:59:01:734857,0
272.6709,197.9868,4:59:01:739854,0
272.6709,198.1617,4:59:01:742852,0
272.6709,198.2491,4:59:01:746853,0
272.6709,198.3949,4:59:01:750853,0
272.6709,198.5115,4:59:01:755724,0
272.6709,198.6281,4:59:01:759737,0
272.6709,198.7447,4:59:01:762737,0
272.6709,198.8613,4:59:01:766737,0
272.6709,198.9196,4:59:01:771900,0
272.6709,198.9487,4:59:01:774906,0
272.6709,199.007,4:59:01:778906,0
272.6709,199.0362,4:59:01:782926,0
272.6709,199.0654,4:59:01:787718,0
272.6709,199.1236,4:59:01:791730,0
272.6709,199.1528,4:59:01:795730,0
272.6709,199.1528,4:59:01:799730,0
272.6709,199.1528,4:59:01:804122,0
272.6709,199.1528,4:59:01:807637,0
272.6709,199.1528,4:59:01:811665,0
272.6709,199.1528,4:59:01:815645,0
272.6709,199.1528,4:59:01:819665,0
272.6709,199.1528,4:59:01:823644,0
272.6709,199.1528,4:59:01:827565,0
273.212,199.1528,4:59:01:831056,0
273.212,199.1528,4:59:01:835762,0
273.6055,199.1528,4:59:01:838771,0
273.6055,199.1528,4:59:01:843770,0
274.0728,198.6281,4:59:01:846772,0
274.0728,198.6281,4:59:01:851939,0
274.4908,198.6281,4:59:01:854950,0
274.6384,198.6281,4:59:01:858990,0
274.7614,198.6281,4:59:01:862949,0
274.8843,198.6281,4:59:01:866949,0
274.9827,198.3658,4:59:01:871907,0
275.0319,198.3658,4:59:01:875911,0
275.0811,198.3658,4:59:01:879929,0
275.1303,198.3658,4:59:01:882942,0
275.2041,198.3658,4:59:01:887063,0
275.2533,198.3658,4:59:01:890939,0
275.3024,198.3658,4:59:01:895998,0
275.3762,198.3658,4:59:01:899009,0
275.45,198.3658,4:59:01:903782,0
275.573,198.3658,4:59:01:906793,0
275.7205,198.3658,4:59:01:911901,0
275.8927,198.3658,4:59:01:914911,0
276.0648,198.9487,4:59:01:919911,0
276.2862,198.9487,4:59:01:922918,0
276.5075,198.9487,4:59:01:927911,0
276.7289,198.9487,4:59:01:930911,0
276.9256,198.9487,4:59:01:935966,0
277.0732,198.9487,4:59:01:938977,0
277.1716,199.2986,4:59:01:943970,0
277.2699,199.2986,4:59:01:946980,0
277.3191,199.2986,4:59:01:951915,449
277.3191,199.2986,4:59:01:954926,462
277.3191,199.2986,4:59:01:958926,492
277.3191,199.2986,4:59:01:962928,542
277.3191,199.2986,4:59:01:967926,612
277.3191,199.2986,4:59:01:970929,718
277.3191,199.2986,4:59:01:975935,864
277.3191,199.2986,4:59:01:978945,1067
277.3191,199.2986,4:59:01:983925,1336
277.3191,199.2986,4:59:01:986935,1622
277.3191,199.2986,4:59:01:991490,1922
277.3191,199.2986,4:59:01:995490,2195
277.3191,199.2986,4:59:01:999490,2434
277.3191,199.2986,4:59:02:003496,2647
277.3191,199.2986,4:59:02:007490,2825
277.3191,199.2986,4:59:02:011488,2991
277.3191,199.2986,4:59:02:015952,3131
277.3191,199.2986,4:59:02:018965,3260
277.3191,199.2986,4:59:02:024184,3383
277.3191,199.2986,4:59:02:027194,3495
277.3191,199.2986,4:59:02:031212,3608
277.3191,199.2986,4:59:02:035222,3717
277.3191,199.2986,4:59:02:039235,3826
277.3191,199.2986,4:59:02:043192,3939
277.3191,199.2986,4:59:02:047900,4044
277.3191,198.8904,4:59:02:051233,4149
277.3191,198.8904,4:59:02:055969,4246
277.6635,198.8904,4:59:02:058967,4330
277.6635,198.8904,4:59:02:063969,4407
277.6635,198.8904,4:59:02:066968,4476
277.6635,198.8904,4:59:02:071929,4538
277.6635,198.8904,4:59:02:074936,4596
277.6635,198.8904,4:59:02:080261,4651
277.6635,198.8904,4:59:02:083272,4695
277.6635,198.8904,4:59:02:087397,4733
277.6635,198.8904,4:59:02:091272,4761
277.6635,198.8904,4:59:02:095410,4775
277.6635,198.8904,4:59:02:099272,4793
277.6635,198.8904,4:59:02:104159,4793
277.6635,198.8904,4:59:02:107171,4790
277.6635,198.8904,4:59:02:112170,4787
277.6635,198.8904,4:59:02:115171,4770
277.6635,198.8904,4:59:02:119169,4776
277.6635,198.8904,4:59:02:123171,4795
277.6635,199.6775,4:59:02:127531,4839
277.6635,199.6775,4:59:02:131549,4898
277.6635,200.9018,4:59:02:136177,4960
277.6635,201.7471,4:59:02:139187,5031
277.6635,202.8257,4:59:02:143404,5103
277.6635,204.0791,4:59:02:147200,5179
277.6635,205.5658,4:59:02:152341,5266
277.6635,207.1399,4:59:02:155352,5363
277.6635,208.8889,4:59:02:159355,5464
277.6635,210.7253,4:59:02:164352,5584
277.6635,212.8533,4:59:02:167350,5721
277.6635,215.1853,4:59:02:171353,5840
277.6635,217.6922,4:59:02:175702,5959
277.6635,220.374,4:59:02:179710,6066
277.6635,223.1141,4:59:02:183783,6142
277.6635,225.9125,4:59:02:187785,6222
277.6635,228.7401,4:59:02:191785,6309
277.6635,231.655,4:59:02:195786,6387
277.6635,234.3951,4:59:02:199669,6470
277.6635,237.0478,4:59:02:203286,6551
278.1799,239.613,4:59:02:207766,6607
278.1799,242.2074,4:59:02:210786,6661
278.1799,244.86,4:59:02:215955,6715
278.1799,247.4835,4:59:02:218966,6759
278.1799,250.2236,4:59:02:223756,6803
278.1799,253.0511,4:59:02:226773,6838
278.1799,256.0244,4:59:02:231771,6856
278.1799,259.0852,4:59:02:234769,6868
278.1799,262.1459,4:59:02:239771,6884
277.4175,265.2358,4:59:02:242769,6897
277.4175,268.2675,4:59:02:247720,6911
276.8764,271.2408,4:59:02:250730,6920
276.8764,274.0392,4:59:02:255332,6922
276.3354,276.6627,4:59:02:259331,6925
276.3354,279.0821,4:59:02:263331,6930
275.9419,281.3267,4:59:02:267332,6932
275.9419,283.3963,4:59:02:271124,6926
275.9419,285.291,4:59:02:275136,6906
275.9419,286.9235,4:59:02:279134,6851
275.9419,288.5267,4:59:02:283136,6768
275.9419,289.955,4:59:02:287728,6635
275.9419,291.296,4:59:02:291267,6473
275.9419,292.5494,4:59:02:295349,6277
275.9419,293.628,4:59:02:299245,6028
275.9419,294.5608,4:59:02:303247,5756
275.9419,295.377,4:59:02:307244,5469
275.9419,296.2223,4:59:02:311693,5192
275.9419,296.8928,4:59:02:315704,4944
276.4091,297.5632,4:59:02:319691,4715
276.4091,298.117,4:59:02:323701,4470
276.4091,298.5543,4:59:02:327699,4185
276.4091,298.9915,4:59:02:330701,3840
276.4091,299.3705,4:59:02:335702,3432
276.4091,299.662,4:59:02:339701,2965
276.4091,299.9243,4:59:02:343694,2400
276.4091,300.0992,4:59:02:347706,1708
276.4091,300.1284,4:59:02:351273,1021
276.7043,300.1284,4:59:02:355288,471
276.7043,300.1284,4:59:02:359279,0
276.7043,300.1284,4:59:02:363271,0
276.8518,299.2831,4:59:02:367638,0
276.8518,299.2831,4:59:02:371304,0
276.8518,298.0587,4:59:02:375695,0
276.8518,297.1551,4:59:02:379706,0
276.2862,296.1057,4:59:02:383695,0
276.2862,294.9106,4:59:02:386705,0
275.5238,293.4822,4:59:02:391706,0
275.0073,291.7624,4:59:02:394705,0
274.54,289.955,4:59:02:399916,0
274.0482,288.002,4:59:02:402928,0
273.6055,285.9907,4:59:02:407548,0
273.2366,283.9501,4:59:02:411564,0
272.9168,281.8805,4:59:02:415573,0
272.9168,279.9275,4:59:02:419563,0
272.5971,278.0619,4:59:02:423564,0
272.5971,276.3712,4:59:02:427597,0
272.5971,274.8262,4:59:02:431562,0
272.5971,273.3979,4:59:02:435592,0
273.4579,272.1444,4:59:02:439600,0
273.4579,271.0367,4:59:02:443779,0
274.4417,270.0747,4:59:02:446780,0
275.0319,269.2003,4:59:02:451778,0
275.6468,268.3257,4:59:02:454778,0
276.1878,267.6844,4:59:02:459697,0
276.7043,266.9557,4:59:02:464027,0
277.1962,266.3435,4:59:02:467035,0
277.6389,265.7022,4:59:02:471160,0
278.0323,265.0901,4:59:02:475176,0
278.3521,264.4196,4:59:02:479194,0
278.6472,263.6617,4:59:02:483163,0
278.6472,262.9622,4:59:02:487693,0
278.8439,262.2043,4:59:02:490705,0
278.8439,261.4172,4:59:02:495703,0
278.8439,260.6302,4:59:02:498703,0
278.8439,259.8723,4:59:02:503701,0
278.8439,259.1143,4:59:02:506703,0
278.1799,258.4439,4:59:02:511694,0
278.1799,257.8026,4:59:02:514705,0
278.1799,257.1905,4:59:02:518801,0
277.5405,256.6366,4:59:02:522802,0
277.5405,256.1119,4:59:02:527801,0
277.5405,255.7038,4:59:02:530800,0
277.1716,255.2666,4:59:02:534759,0
277.1716,254.8876,4:59:02:539811,0
277.1716,254.4795,4:59:02:542809,0
277.1716,254.1297,4:59:02:547703,0
277.1716,253.7799,4:59:02:551714,0
277.1716,253.4301,4:59:02:555719,0
277.7372,253.0803,4:59:02:559713,0
277.7372,252.7596,4:59:02:562714,0
277.7372,252.4099,4:59:02:566830,0
278.2045,252.0892,4:59:02:570828,0
278.2045,251.7103,4:59:02:574956,0
278.2045,251.3896,4:59:02:579704,0
278.2045,251.0107,4:59:02:583730,0
278.2045,250.6317,4:59:02:587126,0
278.2045,250.2236,4:59:02:591055,0
278.2045,249.8155,4:59:02:595052,0
278.2045,249.3783,4:59:02:599053,0
278.2045,249.0284,4:59:02:603053,0
278.2045,248.6203,4:59:02:607052,0
278.2045,248.2706,4:59:02:611644,0
278.2045,248.0082,4:59:02:616470,0
278.2045,247.7458,4:59:02:619984,0
277.7372,247.4835,4:59:02:623017,0
277.7372,247.2794,4:59:02:626988,0
277.7372,247.0754,4:59:02:631018,0
277.1962,246.8714,4:59:02:634985,0
277.1962,246.6964,4:59:02:639041,0
276.8026,246.5215,4:59:02:643095,0
276.8026,246.3466,4:59:02:647694,0
276.3846,246.2009,4:59:02:651703,0
276.3846,246.0843,4:59:02:655696,0
276.114,245.9677,4:59:02:658709,0
276.114,245.9094,4:59:02:665706,0
275.9173,245.8802,4:59:02:667704,0
275.8189,245.8219,4:59:02:671706,0
275.8189,245.7928,4:59:02:675706,0
275.8189,245.7928,4:59:02:679690,0
275.8189,245.7636,4:59:02:682721,0
275.8189,245.7345,4:59:02:687297,0
275.8189,245.647,4:59:02:691307,0
275.8189,245.6179,4:59:02:695364,0
275.8189,245.5013,4:59:02:699338,0
275.8189,245.4138,4:59:02:703636,0
276.3354,245.3264,4:59:02:707416,0
276.3354,245.239,4:59:02:711353,743
276.3354,245.1223,4:59:02:715363,777
276.3354,245.064,4:59:02:719362,847
276.3354,244.9766,4:59:02:723372,943
276.3354,244.86,4:59:02:727689,1076
276.3354,244.8308,4:59:02:731698,1209
276.3354,244.8017,4:59:02:735167,1355
276.3354,244.7142,4:59:02:739150,1531
276.3354,244.6851,4:59:02:743146,1725
276.3354,244.6851,4:59:02:747148,1930
276.3354,244.6559,4:59:02:751636,2112
276.3354,244.5977,4:59:02:755199,2264
276.3354,244.5685,4:59:02:759690,2387
276.3354,244.4519,4:59:02:762701,2501
276.3354,244.3062,4:59:02:767363,2624
276.3354,244.1604,4:59:02:771377,2750
276.3354,243.9855,4:59:02:775712,2875
276.3354,243.7814,4:59:02:779717,2987
276.3354,243.4899,4:59:02:783424,3091
276.3354,243.1985,4:59:02:787443,3192
276.3354,242.8778,4:59:02:791471,3282
276.3354,242.4989,4:59:02:795484,3369
276.3354,242.0907,4:59:02:799539,3442
276.3354,241.6535,4:59:02:803481,3499
276.3354,241.1579,4:59:02:807480,3555
276.3354,240.575,4:59:02:811481,3600
276.3354,239.9919,4:59:02:815675,3643
276.3354,239.3215,4:59:02:819683,3698
276.3354,238.6219,4:59:02:823593,3745
275.8927,237.864,4:59:02:827614,3807
275.8927,237.1353,4:59:02:831593,3874
275.3516,236.319,4:59:02:835593,3938
274.9827,235.5029,4:59:02:839582,4005
274.54,234.6866,4:59:02:843583,4064
274.0482,233.8705,4:59:02:847583,4128
273.4579,233.0542,4:59:02:851582,4191
272.7693,232.2672,4:59:02:855608,4255
272.0561,231.5093,4:59:02:859615,4320
271.2937,230.7222,4:59:02:863259,4380
270.5558,229.9352,4:59:02:867259,4440
269.7443,229.1773,4:59:02:871259,4505
268.8589,228.4194,4:59:02:875260,4574
267.9489,227.7198,4:59:02:879575,4638
267.0389,226.991,4:59:02:883582,4701
266.0798,226.2914,4:59:02:887584,4756
265.1206,225.5918,4:59:02:891592,4784
264.0385,224.9214,4:59:02:895610,4810
262.9564,224.2801,4:59:02:899583,4825
261.8251,223.668,4:59:02:903656,4827
260.7184,223.1141,4:59:02:907671,4830
259.4886,222.6185,4:59:02:911527,4832
258.2098,222.2104,4:59:02:915538,4830
256.8325,221.8898,4:59:02:919696,4828
255.3323,221.744,4:59:02:923706,4827
253.7337,221.6274,4:59:02:927704,4825
251.9384,221.6274,4:59:02:931706,4819
250.0447,221.6274,4:59:02:935706,4815
248.028,222.3853,4:59:02:939707,4825
245.9375,222.3853,4:59:02:943570,4820
243.9454,223.8137,4:59:02:947487,4820
242.0271,224.7757,4:59:02:951487,4830
240.158,225.8833,4:59:02:955488,4827
238.3626,227.1077,4:59:02:959651,4839
236.7148,228.4777,4:59:02:963501,4846
235.2146,229.9061,4:59:02:967501,4852
233.8866,231.4218,4:59:02:971501,4859
232.6569,233.0542,4:59:02:975501,4861
231.501,234.6866,4:59:02:979499,4869
230.468,236.3482,4:59:02:983851,4867
229.6073,238.0681,4:59:02:987861,4875
228.8694,239.7587,4:59:02:990896,4884
228.2792,241.4494,4:59:02:995864,4894
227.8365,243.1985,4:59:02:999859,4904
227.5906,244.86,4:59:03:002861,4910
227.5414,246.4924,4:59:03:007833,4918
227.5414,248.1539,4:59:03:010844,4935
227.5414,249.6698,4:59:03:014845,4962
228.1316,251.1855,4:59:03:018843,4997
228.1316,252.7305,4:59:03:022929,5030
229.1892,254.2463,4:59:03:027847,5064
229.9516,255.6747,4:59:03:031640,5094
230.7878,257.0739,4:59:03:035606,5119
231.7223,258.4439,4:59:03:039607,5152
232.8044,259.6682,4:59:03:043606,5173
234.0341,260.8925,4:59:03:047661,5195
235.3868,261.9419,4:59:03:051659,5221
236.887,262.7873,4:59:03:055637,5243
238.5348,263.4868,4:59:03:059647,5274
240.3055,264.0407,4:59:03:063644,5297
242.2484,264.4488,4:59:03:067647,5319
244.3143,264.7403,4:59:03:071647,5336
246.4294,264.9735,4:59:03:075647,5357
248.6182,265.1193,4:59:03:079692,5373
250.93,265.2067,4:59:03:083700,5394
253.2173,265.2067,4:59:03:087303,5420
255.4307,265.2067,4:59:03:091317,5443
257.5949,265.2067,4:59:03:095420,5480
259.6362,265.2067,4:59:03:099313,5503
261.6037,265.2067,4:59:03:103313,5531
263.3745,264.5363,4:59:03:107313,5562
264.9977,264.5363,4:59:03:111144,5590
266.4241,264.5363,4:59:03:115180,5633
267.6784,264.5363,4:59:03:119792,5681
268.7605,263.9824,4:59:03:122803,5719
269.7443,263.9824,4:59:03:126803,5752
270.5067,263.9824,4:59:03:130803,5778
271.0969,263.9824,4:59:03:135949,5773
271.6626,263.6035,4:59:03:138958,5773
272.0069,263.6035,4:59:03:143032,5777
272.2036,263.6035,4:59:03:147032,5777
272.4004,263.6035,4:59:03:151032,5795
272.4496,263.6035,4:59:03:155033,5799
272.4496,263.6035,4:59:03:160004,5777
272.4496,263.6035,4:59:03:164014,5685
272.4496,263.3702,4:59:03:167384,5509
272.4496,263.2245,4:59:03:171403,5254
272.4496,263.0496,4:59:03:175412,4922
271.7855,262.7581,4:59:03:179397,4572
271.7855,262.3792,4:59:03:183690,4185
271.1953,261.971,4:59:03:187715,3753
271.1953,261.5338,4:59:03:191469,3284
270.7034,261.0966,4:59:03:195481,2757
270.7034,260.7176,4:59:03:199526,2147
270.7034,260.4261,4:59:03:203480,1463
270.7034,260.1638,4:59:03:207483,836
270.7034,259.9597,4:59:03:211480,356
270.7034,259.8723,4:59:03:215689,0
270.7034,259.8723,4:59:03:218700,0
271.515,259.8723,4:59:03:223700,0
272.0069,259.8723,4:59:03:227699,0
272.6709,259.8723,4:59:03:231905,0
273.4087,259.8723,4:59:03:234913,0
274.1957,260.5718,4:59:03:239253,0
275.1057,260.5718,4:59:03:243254,0
276.0403,260.5718,4:59:03:247253,0
277.0486,261.184,4:59:03:251269,0
278.1307,261.184,4:59:03:255689,0
279.2866,261.184,4:59:03:258710,0
280.4179,261.184,4:59:03:263635,0
281.5984,261.6504,4:59:03:267415,0
282.8527,261.6504,4:59:03:271637,0
284.107,261.6504,4:59:03:275414,0
285.3859,261.6504,4:59:03:279467,0
286.6648,261.971,4:59:03:283465,0
287.919,262.1459,4:59:03:287555,0
289.1733,262.35,4:59:03:291466,0
290.403,262.6415,4:59:03:295920,0
291.5343,263.0496,4:59:03:298930,0
292.6656,263.516,4:59:03:302949,0
293.7477,264.0699,4:59:03:306933,0
294.7561,264.7112,4:59:03:311946,0
295.6906,265.4982,4:59:03:314957,0
296.576,266.2561,4:59:03:319696,0
297.3384,267.1598,4:59:03:323027,0
298.0025,268.0051,4:59:03:327686,0
298.6173,268.9379,4:59:03:331696,0
299.06,269.8707,4:59:03:335694,0
299.4043,270.7744,4:59:03:338699,0
299.7486,271.7072,4:59:03:343694,0
299.8962,272.5525,4:59:03:346697,0
300.0683,273.3979,4:59:03:351686,0
300.0929,274.2141,4:59:03:354766,0
300.1175,275.0011,4:59:03:359688,0
300.1667,275.7881,4:59:03:363699,0
300.1913,276.4586,4:59:03:367699,0
300.2405,277.0707,4:59:03:371699,0
300.2405,277.712,4:59:03:374699,0
300.2405,278.2659,4:59:03:379691,0
300.2405,278.7906,4:59:03:382705,0
300.2405,279.2862,4:59:03:387646,0
300.2405,279.8109,4:59:03:391656,0
300.2405,280.2481,4:59:03:395653,0
300.2405,280.7145,4:59:03:399669,0
300.2405,281.2101,4:59:03:403656,0
300.2405,281.6765,4:59:03:407656,0
300.2405,282.1137,4:59:03:411655,0
300.2405,282.5801,4:59:03:415668,0
300.2405,283.0465,4:59:03:419685,0
299.7486,283.4546,4:59:03:423694,0
299.7486,283.921,4:59:03:426704,0
299.7486,284.3582,4:59:03:431693,0
299.7486,284.8246,4:59:03:434703,0
299.7486,285.2619,4:59:03:439703,0
299.7486,285.6992,4:59:03:442703,0
299.7486,286.1364,4:59:03:447703,0
299.7486,286.5445,4:59:03:450705,0
299.7486,287.04,4:59:03:455719,0
299.7486,287.4482,4:59:03:459717,0
299.7486,287.7688,4:59:03:463699,0
299.7486,288.0603,4:59:03:466709,1889
300.3143,288.2935,4:59:03:471719,1878
300.3143,288.4684,4:59:03:475725,1871
300.3143,288.6141,4:59:03:479333,1871
300.9783,288.6725,4:59:03:483339,1879
300.9783,288.6725,4:59:03:487338,1898
301.6177,288.6725,4:59:03:491339,1912
302.0359,288.6725,4:59:03:495642,1930
302.5523,288.6725,4:59:03:499180,1985
303.1917,287.8854,4:59:03:503689,2086
303.8312,287.8854,4:59:03:506700,2235
304.5198,287.1566,4:59:03:511580,2413
305.1838,287.1566,4:59:03:515591,2584
305.8725,286.1072,4:59:03:519644,2746
306.4873,285.5534,4:59:03:523591,2899
307.1021,284.9995,4:59:03:527603,3045
307.6432,284.3582,4:59:03:531613,3183
308.1597,283.7461,4:59:03:535697,3311
308.6516,283.0465,4:59:03:538707,3425
309.2172,282.2886,4:59:03:543149,3543
309.7091,281.5598,4:59:03:547150,3659
310.2256,280.7437,4:59:03:551149,3779
310.7174,279.8109,4:59:03:555150,3892
311.2093,278.8198,4:59:03:559686,4001
311.6766,277.7704,4:59:03:562696,4101
312.1439,276.6335,4:59:03:566864,4197
312.6111,275.38,4:59:03:570897,4289
313.0047,274.0683,4:59:03:574864,4366
313.2998,272.64,4:59:03:578865,4424
313.6195,271.0659,4:59:03:583067,4478
313.8163,269.3752,4:59:03:587110,4521
313.9884,267.5678,4:59:03:591134,4559
314.1114,265.644,4:59:03:595077,4611
314.2343,263.6035,4:59:03:599639,4644
314.3081,261.5338,4:59:03:603651,4694
314.4065,259.4933,4:59:03:607651,4747
314.4311,257.4528,4:59:03:611651,4790
314.4557,255.4706,4:59:03:615689,4829
314.5049,253.5759,4:59:03:619700,4858
314.5295,251.7686,4:59:03:623503,4875
314.5295,250.0779,4:59:03:627503,4884
314.5295,248.5038,4:59:03:631568,4906
314.5295,246.9296,4:59:03:635503,4931
314.5295,245.4138,4:59:03:639607,4958
314.5295,243.9563,4:59:03:643619,5000
314.5295,242.4697,4:59:03:647616,5032
314.0376,240.8956,4:59:03:651618,5065
314.0376,239.3506,4:59:03:655620,5101
314.0376,237.7182,4:59:03:659615,5133
313.4228,235.9693,4:59:03:663635,5173
313.4228,234.1328,4:59:03:667645,5214
313.0047,232.1214,4:59:03:671646,5257
313.0047,229.9352,4:59:03:676645,5299
312.439,227.6032,4:59:03:679646,5344
312.1439,225.2129,4:59:03:683648,5381
311.8734,222.7643,4:59:03:687664,5424
311.5536,220.2574,4:59:03:691464,5464
311.2339,217.8088,4:59:03:695477,5509
310.9388,215.3893,4:59:03:699696,5542
310.5945,213.1156,4:59:03:702710,5566
310.2502,210.9585,4:59:03:707707,5588
309.9305,208.9472,4:59:03:710707,5593
309.5861,207.0233,4:59:03:715708,5609
309.2172,205.1577,4:59:03:718707,5621
308.8729,203.2921,4:59:03:723831,5636
308.504,201.4556,4:59:03:726841,5642
308.1597,199.6192,4:59:03:730852,5641
307.7908,197.7827,4:59:03:734841,5628
307.4465,195.8297,4:59:03:738841,5610
307.0284,193.9058,4:59:03:742842,5596
306.6841,191.9236,4:59:03:747644,5576
306.3152,189.8831,4:59:03:750937,5564
305.8971,187.8134,4:59:03:754948,5552
305.4298,185.8604,4:59:03:758937,5546
304.9625,183.9073,4:59:03:762937,5543
304.4706,182.0709,4:59:03:766938,5542
303.905,180.4093,4:59:03:771639,5527
303.4131,178.8644,4:59:03:775649,5511
302.8474,177.4944,4:59:03:779650,5506
302.3064,176.2992,4:59:03:783650,5497
301.7899,175.3081,4:59:03:787649,5495
301.3226,174.4628,4:59:03:791672,5495
300.9045,173.7048,4:59:03:796070,5485
300.5602,173.0344,4:59:03:799081,5486
300.2897,172.4805,4:59:03:803683,5490
300.0438,172.0141,4:59:03:806693,5487
299.7732,171.6352,4:59:03:811693,5481
299.5273,171.3145,4:59:03:814696,5478
299.2813,171.0522,4:59:03:819693,5485
299.06,170.819,4:59:03:823694,5493
298.8141,170.6441,4:59:03:827634,5501
298.4944,170.4984,4:59:03:830852,5504
298.1992,170.3817,4:59:03:835224,5493
297.8549,170.2652,4:59:03:839184,5493
297.5106,170.2068,4:59:03:843165,5492
297.2155,170.1485,4:59:03:847169,5489
296.9203,170.1194,4:59:03:851638,5482
296.6006,170.1194,4:59:03:855201,5471
296.3055,170.1194,4:59:03:859636,5470
295.9612,170.1194,4:59:03:863646,5470
295.5677,170.1194,4:59:03:867644,5480
295.1496,170.1194,4:59:03:871646,5485
294.6577,170.9648,4:59:03:875646,5488
294.0675,170.9648,4:59:03:879646,5493
293.4526,171.8392,4:59:03:883608,5492
292.764,172.3931,4:59:03:887622,5501
291.9524,172.9761,4:59:03:891617,5511
291.1654,173.6465,4:59:03:895619,5512
290.3538,174.317,4:59:03:899653,5522
289.5176,175.0166,4:59:03:903619,5523
288.706,175.7162,4:59:03:907699,5520
287.8452,176.5033,4:59:03:911705,5529
287.0091,177.3194,4:59:03:915635,5543
286.1975,178.1065,4:59:03:919634,5559
285.4105,179.0101,4:59:03:923687,5576
284.6235,180.0013,4:59:03:927697,5590
283.8857,181.0798,4:59:03:931698,5606
283.1233,182.3333,4:59:03:935697,5616
282.41,183.7616,4:59:03:939695,5636
281.7952,185.2191,4:59:03:943697,5663
281.2049,186.8223,4:59:03:947638,5682
280.6639,188.6005,4:59:03:951648,5712
280.172,190.3786,4:59:03:955648,5742
279.7293,192.2151,4:59:03:959648,5764
279.3112,194.0515,4:59:03:963670,5802
279.0407,195.8297,4:59:03:967681,5835
278.7947,197.5204,4:59:03:971731,5876
278.598,199.1819,4:59:03:974736,5913
278.475,200.7269,4:59:03:978743,5934
278.4258,202.2135,4:59:03:983742,5964
278.3766,203.6419,4:59:03:987773,5989
278.3766,204.9245,4:59:03:991750,6026
278.3766,206.1196,4:59:03:995636,6067
278.3766,207.2565,4:59:03:999645,6097
278.3766,208.3059,4:59:04:003683,6127
278.3766,209.2679,4:59:04:006691,6140
278.3766,210.1423,4:59:04:011694,6156
278.9423,210.9585,4:59:04:015692,6174
278.9423,211.6873,4:59:04:019873,6186
278.9423,212.416,4:59:04:022883,6196
278.9423,213.0573,4:59:04:027746,6208
278.9423,213.6987,4:59:04:030748,6220
279.3112,214.34,4:59:04:035746,6225
279.3112,214.9229,4:59:04:038748,6237
279.3112,215.4768,4:59:04:043502,6228
279.3112,215.9432,4:59:04:047503,6189
279.3112,216.4679,4:59:04:051506,6120
279.508,216.9926,4:59:04:055506,5983
279.508,217.5173,4:59:04:058767,5802
279.508,218.042,4:59:04:062794,5563
279.631,218.5084,4:59:04:067778,5295
279.631,219.0623,4:59:04:070778,5016
279.631,219.6452,4:59:04:075780,4696
279.7047,220.3157,4:59:04:078778,4330
279.7047,220.9861,4:59:04:083423,3893
279.7047,221.5692,4:59:04:086941,3385
279.7047,222.2979,4:59:04:091054,2794
279.7047,222.9392,4:59:04:095954,2083
279.7047,223.5805,4:59:04:098988,1301
279.7047,224.1344,4:59:04:102939,664
279.7047,224.7757,4:59:04:107690,0
279.7047,225.4461,4:59:04:110705,0
279.7047,226.0582,4:59:04:114784,0
279.7047,226.6413,4:59:04:118782,0
280.4179,227.1077,4:59:04:122808,0
280.4179,227.5157,4:59:04:126784,0
281.3279,227.8364,4:59:04:131682,0
281.9673,228.1279,4:59:04:134692,0
282.7052,228.2737,4:59:04:139694,0
283.5414,228.332,4:59:04:143009,0
284.4759,228.332,4:59:04:147013,0
285.5089,228.332,4:59:04:151009,0
286.6402,228.332,4:59:04:155010,0
287.8452,228.332,4:59:04:159008,0
289.1979,227.5449,4:59:04:163633,0
290.5014,227.5449,4:59:04:167038,0
291.9032,227.5449,4:59:04:171580,0
293.4034,226.7578,4:59:04:175475,0
294.9774,226.7578,4:59:04:179477,0
296.4777,226.7578,4:59:04:183475,0
298.0763,226.1749,4:59:04:187475,0
299.6994,226.1749,4:59:04:191700,0
301.3718,225.8542,4:59:04:194713,0
303.0688,225.8542,4:59:04:198710,0
304.8149,225.8542,4:59:04:205708,0
306.4381,225.5336,4:59:04:206710,0
308.1105,225.5336,4:59:04:211708,0
309.8813,225.5336,4:59:04:214710,0
311.5044,225.5336,4:59:04:219691,0
313.0784,225.5336,4:59:04:222738,0
314.5786,225.5336,4:59:04:227690,0
316.0789,225.5336,4:59:04:230801,0
317.5545,226.204,4:59:04:234803,0
318.9563,226.204,4:59:04:238801,0
320.309,226.7287,4:59:04:242803,0
321.5879,226.7287,4:59:04:247798,0
322.8668,226.7287,4:59:04:251638,0
324.0472,227.2825,4:59:04:255648,0
325.2032,227.2825,4:59:04:259645,0
326.2361,227.2825,4:59:04:263648,0
327.2936,227.5741,4:59:04:267687,0
328.2036,227.5741,4:59:04:271697,0
329.0152,227.5741,4:59:04:275684,0
329.7776,227.5741,4:59:04:278772,0
330.417,227.5741,4:59:04:283688,0
331.0811,226.8745,4:59:04:286699,0
331.6467,226.8745,4:59:04:291696,0
332.114,226.2332,4:59:04:295698,0
332.4337,226.2332,4:59:04:299699,0
332.7043,225.4753,4:59:04:302698,0
332.9502,225.4753,4:59:04:307701,0
333.0486,224.7757,4:59:04:310708,0
333.1469,224.7757,4:59:04:315682,0
333.1469,224.0177,4:59:04:318693,0
333.1469,224.0177,4:59:04:323633,0
333.1469,223.4056,4:59:04:326833,0
332.5567,223.4056,4:59:04:330999,0
332.5567,222.9392,4:59:04:334982,0
332.5567,222.7643,4:59:04:339096,0
331.991,222.5311,4:59:04:342982,0
331.991,222.3853,4:59:04:347686,0
331.991,222.1813,4:59:04:350696,0
331.45,221.9481,4:59:04:355069,0
331.45,221.6857,4:59:04:359021,0
331.45,221.336,4:59:04:363632,0
331.45,220.8696,4:59:04:367811,0
331.45,220.4323,4:59:04:371090,0
331.45,219.9076,4:59:04:375098,0
331.45,219.412,4:59:04:379170,0
331.45,218.9165,4:59:04:383098,0
332.1632,218.4501,4:59:04:387690,0
332.1632,217.9545,4:59:04:390703,0
332.6305,217.5756,4:59:04:394873,0
332.6305,217.2549,4:59:04:398840,0
333.1223,216.876,4:59:04:403841,0
333.1223,216.5845,4:59:04:406843,0
333.6634,216.293,4:59:04:411638,0
333.6634,216.0015,4:59:04:414851,0
334.1061,215.6517,4:59:04:419009,0
334.1061,215.3602,4:59:04:423009,0
334.4012,215.0687,4:59:04:426799,0
334.4012,214.748,4:59:04:431016,0
334.4012,214.4857,4:59:04:435791,0
334.4012,214.2233,4:59:04:439085,0
334.4012,213.961,4:59:04:443195,0
334.4012,213.6987,4:59:04:447085,0
333.7618,213.4655,4:59:04:451216,0
333.7618,213.2031,4:59:04:455090,0
333.2453,212.9991,4:59:04:459640,0
333.2453,212.7659,4:59:04:462907,0
332.6059,212.5909,4:59:04:467638,0
332.6059,212.4452,4:59:04:471267,0
332.0402,212.3286,4:59:04:475688,0
332.0402,212.1828,4:59:04:478698,0
331.6221,211.9496,4:59:04:483698,0
331.6221,211.6873,4:59:04:486699,2063
331.2286,211.3958,4:59:04:491698,2067
331.2286,211.0751,4:59:04:494698,2088
330.9827,210.7253,4:59:04:499638,2129
330.9827,210.4047,4:59:04:503649,2168
330.9827,209.9966,4:59:04:507648,2207
330.9827,209.6176,4:59:04:511654,2225
330.9827,209.297,4:59:04:515648,2227
330.9827,208.9472,4:59:04:519648,2236
330.9827,208.6266,4:59:04:523690,2250
331.991,208.3059,4:59:04:527700,2285
332.5567,207.9561,4:59:04:531701,2340
333.2945,207.548,4:59:04:535700,2422
334.1307,207.1691,4:59:04:539699,2520
335.1144,206.8484,4:59:04:543700,2623
336.1966,206.5278,4:59:04:547691,2723
337.3525,206.2071,4:59:04:551701,2820
338.533,206.0031,4:59:04:555702,2915
339.7873,205.7699,4:59:04:559702,3010
341.1153,205.6241,4:59:04:563700,3110
342.4434,205.5075,4:59:04:566701,3202
343.8944,205.4492,4:59:04:571881,3297
345.3946,205.3909,4:59:04:575891,3388
346.8456,205.3909,4:59:04:578901,3471
348.3459,205.3909,4:59:04:582816,3547
349.9199,205.3909,4:59:04:586813,3599
351.4447,205.3909,4:59:04:590811,3638
352.9695,206.1488,4:59:04:595580,3665
354.4205,206.1488,4:59:04:599590,3679
355.7978,206.9942,4:59:04:603631,3697
357.0767,207.5188,4:59:04:607639,3712
358.3063,208.1893,4:59:04:611645,3728
359.3885,208.9472,4:59:04:615639,3747
360.3476,209.8508,4:59:04:619689,3765
361.233,210.8419,4:59:04:622699,3787
361.9708,212.0079,4:59:04:627712,3811
362.5857,213.174,4:59:04:630711,3837
363.1267,214.544,4:59:04:635709,3861
363.4956,216.1181,4:59:04:638710,3886
363.6678,217.7796,4:59:04:643709,3911
363.717,219.5869,4:59:04:647710,3934
363.717,221.5108,4:59:04:651691,3962
363.717,223.5222,4:59:04:655039,3982
363.1021,225.4753,4:59:04:659804,3996
363.1021,227.5157,4:59:04:662802,4010
361.9462,229.4688,4:59:04:666803,4019
361.1838,231.3053,4:59:04:671804,4029
360.3476,233.0542,4:59:04:674804,4041
359.4131,234.6575,4:59:04:678802,4048
358.4047,236.0858,4:59:04:682803,4056
357.2488,237.4267,4:59:04:686802,4061
356.0683,238.651,4:59:04:691477,4066
354.7157,239.7296,4:59:04:694993,4073
353.3384,240.6915,4:59:04:699226,4081
351.912,241.5078,4:59:04:705237,4093
350.4117,242.1782,4:59:04:707236,4106
348.8869,242.7612,4:59:04:711236,4125
347.2638,243.1985,4:59:04:715685,4150
345.6406,243.5482,4:59:04:719695,4190
343.9682,243.7231,4:59:04:723611,4254
342.3942,243.7814,4:59:04:727622,4326
340.894,243.7814,4:59:04:731621,4408
339.4183,243.7814,4:59:04:735621,4489
338.0165,243.7814,4:59:04:739915,4551
336.7622,242.907,4:59:04:742928,4618
335.7047,242.907,4:59:04:747049,4689
334.7947,242.0616,4:59:04:750928,4777
334.1307,242.0616,4:59:04:755006,4882
333.6634,241.2746,4:59:04:758927,4979
333.2945,241.2746,4:59:04:763696,5061
333.1223,240.7207,4:59:04:767706,5112
333.0486,240.7207,4:59:04:771762,5137
333.0486,240.7207,4:59:04:774760,5153
333.0486,240.7207,4:59:04:779762,5162
333.0486,240.4001,4:59:04:782765,5171
333.0486,240.4001,4:59:04:787683,5182
333.0486,240.4001,4:59:04:791692,5208
333.0486,240.4001,4:59:04:795666,5275
333.6142,240.4001,4:59:04:799665,5369
333.6142,240.4001,4:59:04:803667,5494
334.2537,241.1579,4:59:04:807665,5621
334.6472,241.1579,4:59:04:811667,5738
335.139,241.9158,4:59:04:815673,5856
335.7293,242.4114,4:59:04:819682,5978
336.4179,243.0235,4:59:04:823692,6112
337.1803,243.694,4:59:04:827633,6243
337.9427,244.4227,4:59:04:831640,6377
338.7297,245.239,4:59:04:835684,6491
339.6151,246.1134,4:59:04:839696,6607
340.5497,247.1628,4:59:04:843696,6717
341.5088,248.2997,4:59:04:847695,6818
342.5417,249.5823,4:59:04:851693,6928
343.5993,250.894,4:59:04:855695,7024
344.6568,252.4682,4:59:04:859631,7113
345.6898,254.1006,4:59:04:863641,7192
346.7719,255.9079,4:59:04:867639,7263
347.7802,257.8318,4:59:04:871641,7317
348.764,259.7556,4:59:04:875641,7365
349.7231,261.7087,4:59:04:879641,7400
350.6331,263.7784,4:59:04:883770,7424
351.5185,265.848,4:59:04:887777,7453
352.3546,267.8302,4:59:04:891480,7473
353.2154,269.7832,4:59:04:895491,7490
354.0024,271.6488,4:59:04:899704,7497
354.814,273.3979,4:59:04:902717,7503
355.601,275.176,4:59:04:907691,7507
356.388,276.925,4:59:04:910728,7512
357.1013,278.5865,4:59:04:915699,7525
357.8145,280.219,4:59:04:919700,7530
358.5031,281.8222,4:59:04:923699,7532
359.1917,283.3672,4:59:04:926701,7532
359.9049,284.9704,4:59:04:931638,7521
360.4952,286.4862,4:59:04:935672,7504
361.0609,287.9146,4:59:04:939692,7465
361.6019,289.3429,4:59:04:942702,7393
362.0692,290.6547,4:59:04:947679,7274
362.5365,291.9081,4:59:04:951684,7096
362.93,293.0741,4:59:04:955471,6839
363.3235,294.1526,4:59:04:959471,6461
363.6186,294.9688,4:59:04:963473,5983
363.9629,295.7267,4:59:04:967472,5442
364.258,296.368,4:59:04:970928,4897
364.504,296.8053,4:59:04:974938,4361
364.7253,297.0677,4:59:04:978938,3792
364.8483,297.1842,4:59:04:983935,3134
364.9958,297.1842,4:59:04:987326,2239
365.0696,297.1842,4:59:04:991333,1347
365.168,296.1057,4:59:04:995646,638
365.168,295.377,4:59:04:999657,0
365.168,294.619,4:59:05:003646,0
365.168,293.7445,4:59:05:007646,0
365.168,292.8117,4:59:05:011646,0
364.6269,291.8498,4:59:05:015647,0
364.6269,290.8587,4:59:05:019543,0
364.6269,289.9259,4:59:05:023551,0
363.9629,288.9931,4:59:05:027426,0
363.9629,288.0312,4:59:05:031440,0
363.9629,286.8943,4:59:05:035761,0
363.9629,285.7283,4:59:05:038771,0
363.9629,284.4749,4:59:05:042998,0
363.9629,283.0757,4:59:05:047006,0
363.9629,281.6765,4:59:05:051020,0
364.5532,280.1898,4:59:05:055011,0
364.5532,278.7032,4:59:05:059683,0
365.3156,277.1582,4:59:05:062694,0
365.3156,275.6424,4:59:05:067681,0
366.3239,274.01,4:59:05:070692,0
366.9633,272.3776,4:59:05:075692,0
367.652,270.8618,4:59:05:079691,0
368.4144,269.3752,4:59:05:083691,0
369.226,267.9468,4:59:05:086691,0
370.1851,266.5185,4:59:05:091681,0
371.1197,265.2067,4:59:05:094986,0
372.1526,263.9241,4:59:05:099349,0
373.0872,262.8747,4:59:05:103349,0
374.0955,261.8253,4:59:05:107403,0
375.1285,260.8342,4:59:05:111349,0
376.2106,259.9305,4:59:05:115672,0
377.3665,259.1143,4:59:05:119683,0
378.4978,258.3564,4:59:05:123682,0
379.7029,257.686,4:59:05:127682,0
380.9326,257.1321,4:59:05:131683,0
382.1869,256.6366,4:59:05:135028,0
383.4658,256.1993,4:59:05:139682,0
384.6708,255.7912,4:59:05:143692,0
385.8759,255.4998,4:59:05:147631,0
386.9335,255.2083,4:59:05:151641,0
387.9172,255.0042,4:59:05:155638,0
388.8272,254.8002,4:59:05:159641,0
389.5404,254.5378,4:59:05:163641,0
390.1798,254.1588,4:59:05:168643,0
390.6471,253.7799,4:59:05:171742,0
391.016,253.3135,4:59:05:174750,0
391.262,252.7596,4:59:05:179752,0
391.4587,252.1183,4:59:05:182750,0
391.5571,251.4187,4:59:05:187752,0
391.5571,250.7483,4:59:05:190750,0
391.5571,250.0487,4:59:05:195689,0
391.5571,249.4657,4:59:05:199720,0
390.8685,248.8535,4:59:05:203201,0
390.8685,248.3871,4:59:05:208201,0
390.2044,247.8916,4:59:05:211200,0
390.2044,247.4543,4:59:05:215204,0
389.3929,247.0462,4:59:05:219638,0
389.3929,246.6382,4:59:05:223231,0
388.655,246.23,4:59:05:227638,0
388.655,245.7928,4:59:05:231226,0
388.0156,245.3555,4:59:05:235868,0
388.0156,244.9474,4:59:05:239878,0
387.5729,244.4519,4:59:05:243444,0
387.5729,243.9855,4:59:05:247439,0
387.5729,243.4899,4:59:05:251440,0
387.5729,242.9361,4:59:05:255439,0
387.5729,242.3239,4:59:05:260066,0
388.2123,241.6826,4:59:05:263587,0
388.2123,240.9539,4:59:05:267584,0
389.1715,240.196,4:59:05:271586,0
389.7617,239.4381,4:59:05:275584,0
390.4012,238.6219,4:59:05:279585,0
391.0898,237.8057,4:59:05:283630,0
391.6801,236.9895,4:59:05:287146,0
392.2457,236.2025,4:59:05:291146,0
392.8114,235.4737,4:59:05:295147,0
393.3524,234.8033,4:59:05:299146,0
393.8197,234.2202,4:59:05:303146,0
394.3116,233.6955,4:59:05:307758,0
394.8035,233.2,4:59:05:312026,0
395.2462,232.8502,4:59:05:315029,0
395.7134,232.4713,4:59:05:319026,0
396.1807,232.2089,4:59:05:323025,0
396.5742,231.9465,4:59:05:327029,0
396.9185,231.7717,4:59:05:331680,0
397.2874,231.5385,4:59:05:335023,0
397.6317,231.3927,4:59:05:339108,0
397.9761,231.2178,4:59:05:343023,0
398.2958,231.0721,4:59:05:347029,0
398.6647,230.9263,4:59:05:351025,0
398.9844,230.7222,4:59:05:355634,0
399.3287,230.5765,4:59:05:359033,0
399.673,230.3433,4:59:05:363680,0
399.9927,230.1393,4:59:05:366691,0
400.2879,229.9061,4:59:05:371126,0
400.6076,229.702,4:59:05:375025,0
400.9027,229.4688,4:59:05:379042,0
401.1487,229.2939,4:59:05:383025,0
401.3946,229.0898,4:59:05:387025,0
401.6651,228.9441,4:59:05:391026,0
401.9602,228.7984,4:59:05:395688,0
402.2062,228.7401,4:59:05:399697,0
402.4767,228.6526,4:59:05:403688,0
402.7719,228.536,4:59:05:406698,0
403.0178,228.5069,4:59:05:411690,0
403.2637,228.4194,4:59:05:415700,0
403.5096,228.3611,4:59:05:419702,0
403.731,228.2737,4:59:05:422701,0
403.9523,228.2153,4:59:05:427701,0
404.1491,228.0988,4:59:05:430700,0
404.3213,228.0113,4:59:05:435688,0
404.4934,227.953,4:59:05:438717,0
404.6656,227.8656,4:59:05:443690,0
404.8377,227.8073,4:59:05:446700,0
405.0099,227.7198,4:59:05:451700,0
405.2066,227.6906,4:59:05:454703,0
405.3542,227.6615,4:59:05:459700,0
405.5509,227.5741,4:59:05:462713,0
405.6985,227.5449,4:59:05:467637,0
405.8461,227.5157,4:59:05:470822,0
405.9936,227.5157,4:59:05:475689,0
406.1166,227.4574,4:59:05:478702,0
406.2396,227.4283,4:59:05:482893,0
406.2888,227.4283,4:59:05:486901,0
406.3871,227.4283,4:59:05:490950,0
406.4117,227.4283,4:59:05:494903,0
406.5101,227.4283,4:59:05:499687,0
406.6085,227.4283,4:59:05:502697,0
406.756,227.4283,4:59:05:507635,0
406.9282,227.4283,4:59:05:511364,0
407.1003,227.4283,4:59:05:515425,0
407.3463,227.4283,4:59:05:519410,0
407.6414,227.4283,4:59:05:523409,0
407.9611,227.4283,4:59:05:527410,0
408.2563,227.4283,4:59:05:531687,0
408.6006,227.4283,4:59:05:534697,0
408.9203,227.4283,4:59:05:539711,0
409.2892,227.4283,4:59:05:542717,0
409.6089,227.4283,4:59:05:547692,0
409.8794,227.4283,4:59:05:551014,1037
410.1254,227.4283,4:59:05:555124,1060
410.3959,227.953,4:59:05:559014,1114
410.5681,227.953,4:59:05:563013,1209
410.7648,227.953,4:59:05:567014,1328
410.9124,227.953,4:59:05:572012,1446
411.0353,227.953,4:59:05:575016,1559
411.1091,227.953,4:59:05:579327,1653
411.1583,227.953,4:59:05:583339,1741
411.2321,227.953,4:59:05:587339,1821
411.2567,227.953,4:59:05:591337,1892
411.2813,227.953,4:59:05:595425,1973
411.2813,227.953,4:59:05:599337,2070
411.2813,227.953,4:59:05:603337,2181
411.2813,227.953,4:59:05:607337,2293
411.2813,228.6234,4:59:05:611685,2392
411.2813,228.6234,4:59:05:615695,2475
411.2813,229.1481,4:59:05:619635,2549
411.2813,229.1481,4:59:05:623645,2624
411.2813,229.7603,4:59:05:627643,2701
410.7894,229.7603,4:59:05:631645,2772
410.7894,230.3433,4:59:05:635646,2843
410.7894,230.3433,4:59:05:639663,2909
410.4451,230.868,4:59:05:643688,2968
410.4451,231.1304,4:59:05:647696,3027
410.0762,231.4801,4:59:05:651167,3079
409.8549,231.7717,4:59:05:655167,3120
409.6089,232.034,4:59:05:659234,3155
409.363,232.3255,4:59:05:663167,3186
409.0186,232.5878,4:59:05:667689,3211
408.6252,232.7919,4:59:05:671699,3238
408.2563,233.0542,4:59:05:675698,3266
407.8136,233.2583,4:59:05:678715,3306
407.3217,233.4332,4:59:05:682718,3351
406.756,233.5498,4:59:05:687699,3407
406.1412,233.6081,4:59:05:691915,3471
405.4771,233.6373,4:59:05:694926,3529
404.7885,233.6373,4:59:05:699926,3599
404.0999,233.6373,4:59:05:702925,3660
403.3621,233.6373,4:59:05:706984,3706
402.6489,233.6373,4:59:05:710925,3745
401.8865,233.6373,4:59:05:715861,3767
401.1978,232.7628,4:59:05:718872,3786
400.5092,232.7628,4:59:05:722872,3806
399.8698,231.9465,4:59:05:727892,3821
399.2303,231.4218,4:59:05:732871,3828
398.5909,230.868,4:59:05:735873,3833
397.9515,230.2558,4:59:05:738870,3829
397.3366,229.5854,4:59:05:742871,3824
396.771,228.9149,4:59:05:746872,3824
396.1807,228.2153,4:59:05:751764,3818
395.5905,227.5157,4:59:05:755773,3817
395.074,226.8161,4:59:05:759773,3819
394.6067,226.0874,4:59:05:762774,3816
394.1394,225.4461,4:59:05:767774,3824
393.6967,224.7757,4:59:05:770774,3831
393.3279,224.1344,4:59:05:774840,3841
392.9835,223.5222,4:59:05:778844,3851
392.6638,222.8809,4:59:05:783315,3856
392.3933,222.2396,4:59:05:787325,3864
392.1719,221.5692,4:59:05:791327,3870
391.926,220.957,4:59:05:795325,3875
391.7784,220.2865,4:59:05:799703,3878
391.7047,219.6452,4:59:05:802713,3882
391.6063,219.0623,4:59:05:807712,3885
391.6063,218.5084,4:59:05:810714,3889
391.6063,217.9545,4:59:05:815631,3893
391.6063,217.4007,4:59:05:819639,3893
391.6063,216.876,4:59:05:823639,3893
391.6063,216.4096,4:59:05:827639,3902
391.6063,215.914,4:59:05:831669,3907
392.2703,215.4476,4:59:05:834679,3917
392.2703,214.9229,4:59:05:839677,3928
392.2703,214.3983,4:59:05:843677,3935
392.8852,213.8736,4:59:05:847686,3941
392.8852,213.4363,4:59:05:851203,3949
393.4508,212.9699,4:59:05:855240,3957
393.7951,212.4743,4:59:05:859201,3969
394.164,212.0079,4:59:05:863201,3990
394.6805,211.5415,4:59:05:867201,4010
395.2462,211.1043,4:59:05:871213,4034
395.861,210.6671,4:59:05:875220,4055
396.5742,210.2298,4:59:05:878978,4081
397.3858,209.8217,4:59:05:882989,4116
398.2466,209.3553,4:59:05:887020,4148
399.1074,209.0055,4:59:05:890988,4177
399.9927,208.6557,4:59:05:895646,4198
400.9027,208.3642,4:59:05:899681,4212
401.7635,208.131,4:59:05:903818,4221
402.6735,207.9561,4:59:05:906828,4229
403.5096,207.8395,4:59:05:911687,4235
404.2229,207.7812,4:59:05:915697,4235
404.8869,207.7812,4:59:05:919695,4240
405.5017,207.7812,4:59:05:923698,4245
406.0674,207.7812,4:59:05:927698,4250
406.5347,207.7812,4:59:05:930697,4263
406.9774,207.7812,4:59:05:935687,4288
407.3955,208.5391,4:59:05:938697,4321
407.789,208.5391,4:59:05:942812,4367
408.2563,209.2095,4:59:05:946825,4417
408.7235,209.2095,4:59:05:950824,4457
409.1908,210.0549,4:59:05:954822,4500
409.6581,210.5796,4:59:05:959636,4541
410.2729,211.1043,4:59:05:963647,4591
410.8632,211.6873,4:59:05:967720,4642
411.4534,212.3577,4:59:05:970725,4690
412.0683,213.0282,4:59:05:975725,4746
412.6585,213.7278,4:59:05:979722,4794
413.298,214.4857,4:59:05:983084,4855
413.9374,215.2144,4:59:05:986815,4929
414.5768,216.0598,4:59:05:991471,4992
415.0933,216.9635,4:59:05:995481,5063
415.6098,217.9254,4:59:05:999573,5129
416.1017,218.9165,4:59:06:003479,5187
416.5197,219.9659,4:59:06:007484,5260
416.8886,221.0736,4:59:06:011481,5326
417.1838,222.1813,4:59:06:015674,5391
417.4051,223.4056,4:59:06:019685,5466
417.6265,224.5716,4:59:06:023687,5530
417.8724,225.7668,4:59:06:027694,5592
418.0446,226.9619,4:59:06:031677,5654
418.2167,228.1279,4:59:06:035688,5718
418.4872,229.323,4:59:06:039688,5781
418.684,230.5182,4:59:06:043687,5844
418.9545,231.6842,4:59:06:047689,5911
419.2251,232.8793,4:59:06:051688,5970
419.471,234.0453,4:59:06:055248,6020
419.7169,235.2113,4:59:06:059255,6066
419.9629,236.319,4:59:06:063313,6100
420.1842,237.4267,4:59:06:067254,6123
420.381,238.5053,4:59:06:071684,6153
420.5777,239.5838,4:59:06:075694,6185
420.7253,240.6041,4:59:06:079419,6210
420.8237,241.6826,4:59:06:083430,6241
420.8728,242.7612,4:59:06:087429,6268
420.9712,243.8398,4:59:06:091427,6298
421.045,244.9766,4:59:06:096059,6347
421.0696,246.1134,4:59:06:099072,6392
421.0696,247.3086,4:59:06:104123,6435
421.0942,248.562,4:59:06:107119,6478
421.0942,249.7863,4:59:06:111124,6513
421.0942,251.0107,4:59:06:115119,6539
421.0942,252.235,4:59:06:119124,6566
421.0942,253.4884,4:59:06:123119,6592
421.0942,254.8002,4:59:06:127682,6608
421.0942,256.0828,4:59:06:130707,6629
421.0942,257.3945,4:59:06:135163,6651
421.0942,258.6479,4:59:06:139130,6658
421.0942,259.9305,4:59:06:143175,6674
421.0942,261.3297,4:59:06:147130,6683
421.0942,262.6707,4:59:06:151673,6689
421.0942,263.9241,4:59:06:155684,6702
421.0942,265.2358,4:59:06:159092,6712
421.0942,266.4601,4:59:06:163092,6729
420.4793,267.6844,4:59:06:167089,6745
420.4793,268.8504,4:59:06:171092,6756
420.4793,270.0164,4:59:06:175092,6764
419.9629,271.1241,4:59:06:179091,6766
419.9629,272.2027,4:59:06:183128,6765
419.5694,273.223,4:59:06:187174,6764
419.5694,274.2723,4:59:06:191407,6768
419.1513,275.2635,4:59:06:195418,6776
419.1513,276.2254,4:59:06:199420,6783
418.7332,277.1873,4:59:06:203418,6792
418.4872,278.1493,4:59:06:207416,6795
418.2167,279.1112,4:59:06:211415,6797
417.9708,280.044,4:59:06:215503,6801
417.7003,280.9768,4:59:06:219415,6808
417.4051,281.8513,4:59:06:223629,6811
417.11,282.7841,4:59:06:227458,6818
416.7903,283.6295,4:59:06:231588,6824
416.446,284.4749,4:59:06:235597,6824
416.0771,285.2619,4:59:06:239599,6827
415.7082,286.0781,4:59:06:243598,6826
415.2901,286.8069,4:59:06:247699,6827
414.8474,287.5064,4:59:06:251709,6830
414.4047,288.1477,4:59:06:255688,6829
413.9128,288.7016,4:59:06:260679,6837
413.4209,289.2555,4:59:06:263679,6840
412.8553,289.6927,4:59:06:267680,6839
412.2896,290.1008,4:59:06:271693,6849
411.6994,290.4506,4:59:06:274701,6843
411.0845,290.7421,4:59:06:278972,6835
410.4205,290.917,4:59:06:282982,6830
409.6581,291.0336,4:59:06:286981,6814
408.8957,291.1502,4:59:06:290981,6796
408.0349,291.1502,4:59:06:295640,6778
407.1741,291.1502,4:59:06:299651,6756
406.1904,291.1502,4:59:06:303969,6736
405.2066,291.1502,4:59:06:306969,6723
404.1983,291.1502,4:59:06:310968,6710
403.1899,290.3048,4:59:06:314966,6698
402.2062,290.3048,4:59:06:318968,6681
401.2962,290.3048,4:59:06:322967,6669
400.4109,289.4886,4:59:06:327684,6664
399.5746,289.4886,4:59:06:330710,6652
398.8615,288.964,4:59:06:335151,6645
398.1974,288.964,4:59:06:339091,6640
397.6071,288.3227,4:59:06:343090,6633
397.0907,288.002,4:59:06:347092,6626
396.648,287.623,4:59:06:351266,6622
396.2299,287.2149,4:59:06:355274,6620
395.7872,286.7777,4:59:06:359274,6620
395.4921,286.2821,4:59:06:363272,6622
395.197,285.8157,4:59:06:367681,6625
394.9265,285.291,4:59:06:370691,6620
394.6805,284.7664,4:59:06:374775,6614
394.4838,284.2125,4:59:06:378698,6613
394.3116,283.6587,4:59:06:382690,6609
394.2378,283.1048,4:59:06:387690,6596
394.2378,282.5218,4:59:06:390987,6570
394.2378,281.9388,4:59:06:395001,6537
394.2378,281.3267,4:59:06:399694,6497
394.2378,280.7145,4:59:06:402734,6467
394.2378,280.1024,4:59:06:407688,6438
395.0248,279.5193,4:59:06:410769,6422
395.0248,278.9363,4:59:06:415688,6407
395.7872,278.3825,4:59:06:419698,6393
396.3037,277.7704,4:59:06:423696,6390
396.8202,277.2165,4:59:06:426698,6381
397.4596,276.6335,4:59:06:431699,6384
398.0744,276.1088,4:59:06:434698,6385
398.7385,275.5258,4:59:06:439635,6385
399.4517,274.972,4:59:06:443936,6388
400.1649,274.4181,4:59:06:447936,6386
400.9273,273.8934,4:59:06:450936,6383
401.6651,273.3979,4:59:06:454953,6383
402.4521,272.9606,4:59:06:459679,6381
403.2637,272.5233,4:59:06:463686,6381
404.0999,272.1444,4:59:06:467690,6381
404.9853,271.7946,4:59:06:470688,6380
405.9198,271.4739,4:59:06:474687,6373
406.9282,271.2408,4:59:06:479904,6365
407.9119,270.9784,4:59:06:483420,6359
409.0432,270.716,4:59:06:487418,6357
410.1992,270.512,4:59:06:491418,6363
411.3551,270.3371,4:59:06:495419,6370
412.5356,270.1622,4:59:06:499627,6375
413.7161,270.0164,4:59:06:503429,6379
414.9457,269.8707,4:59:06:507427,6383
416.1017,269.7541,4:59:06:511427,6388
417.2822,269.6375,4:59:06:515427,6399
418.438,269.4918,4:59:06:519429,6410
419.594,269.3752,4:59:06:523428,6435
420.7253,269.2294,4:59:06:527427,6464
421.8074,269.0836,4:59:06:531427,6495
422.9141,268.967,4:59:06:535427,6536
423.9716,268.8504,4:59:06:539678,6564
425.0292,268.7339,4:59:06:542688,6593
426.0621,268.5881,4:59:06:547688,6615
427.1197,268.5298,4:59:06:551688,6629
428.1034,268.4424,4:59:06:554688,6638
429.038,268.4132,4:59:06:559687,6645
429.9971,268.3841,4:59:06:562697,6653
430.9071,268.3257,4:59:06:566698,6657
431.7433,268.3257,4:59:06:570697,6660
432.5549,268.3257,4:59:06:574695,6664
433.3419,268.3257,4:59:06:579983,6669
434.0551,268.3257,4:59:06:583983,6678
434.7683,268.3257,4:59:06:586983,6688
435.4323,268.3257,4:59:06:590983,6699
436.0718,268.9379,4:59:06:594999,6711
436.6866,268.9379,4:59:06:598983,6720
437.3015,268.9379,4:59:06:602983,6730
437.8671,269.6083,4:59:06:606986,6736
438.4082,269.6083,4:59:06:610983,6742
438.9001,270.0747,4:59:06:614986,6751
439.3673,270.0747,4:59:06:619590,6760
439.81,270.5995,4:59:06:623601,6774
440.2527,270.5995,4:59:06:627601,6792
440.6954,271.1241,4:59:06:631601,6809
441.0889,271.3282,4:59:06:635601,6823
441.4332,271.5905,4:59:06:639601,6830
441.7529,271.8238,4:59:06:643601,6828
442.0973,272.0278,4:59:06:646601,6830
442.3678,272.2318,4:59:06:651601,6834
442.5891,272.4067,4:59:06:654601,6839
442.7859,272.5525,4:59:06:659601,6850
442.9334,272.6982,4:59:06:663602,6852
443.0564,272.8148,4:59:06:667632,6855
443.1548,272.844,4:59:06:671601,6863
443.204,272.9315,4:59:06:675601,6878
443.2531,272.9606,4:59:06:679603,6903
443.2777,272.9606,4:59:06:683627,6935
443.2777,272.9606,4:59:06:687613,6969
443.2777,272.9606,4:59:06:691617,7003
443.2777,272.9606,4:59:06:695640,7037
443.2777,272.9606,4:59:06:699610,7075
443.2777,272.9606,4:59:06:703612,7112
443.2777,272.9606,4:59:06:707678,7145
443.2777,272.9606,4:59:06:710727,7176
443.2777,272.9606,4:59:06:714688,7197
443.2777,272.9606,4:59:06:718688,7209
443.2777,272.9606,4:59:06:722688,7218
443.2777,272.9606,4:59:06:726691,7218
443.2777,272.9606,4:59:06:731696,7221
443.2777,272.9606,4:59:06:735702,7224
443.2777,272.9606,4:59:06:739703,7223
443.2777,272.9606,4:59:06:743704,7226
443.2777,272.9606,4:59:06:746705,7230
443.2777,272.9606,4:59:06:750705,7232
443.2777,272.9606,4:59:06:755677,7237
443.2777,272.9606,4:59:06:759687,7241
443.2777,272.9606,4:59:06:762688,7242
443.2777,272.9606,4:59:06:767687,7247
443.2777,272.9606,4:59:06:770688,7255
443.2777,272.9606,4:59:06:775709,7261
443.2777,272.9606,4:59:06:779859,7269
443.2777,272.9606,4:59:06:783882,7276
443.2777,272.9606,4:59:06:786883,7289
443.2777,272.9606,4:59:06:791470,7302
443.2777,272.9606,4:59:06:795639,7321
443.2777,272.9606,4:59:06:799972,7353
443.2777,272.9606,4:59:06:802983,7390
443.2777,272.9606,4:59:06:807080,7432
443.2777,272.9606,4:59:06:810983,7465
443.2777,272.9606,4:59:06:814995,7482
443.2777,272.9606,4:59:06:818982,7489
443.2777,272.261,4:59:06:823992,7491
443.2777,272.261,4:59:06:827002,7488
443.2777,271.678,4:59:06:831956,7488
443.2777,271.678,4:59:06:834970,7484
443.2777,270.8618,4:59:06:839248,7478
443.2777,270.3371,4:59:06:844013,7478
443.6467,269.7541,4:59:06:847012,7477
443.6467,269.0836,4:59:06:851015,7473
443.6467,268.3257,4:59:06:855089,7469
443.6467,267.4804,4:59:06:859026,7462
443.6467,266.5768,4:59:06:863352,7459
443.8926,265.5273,4:59:06:867351,7453
443.8926,264.3905,4:59:06:871355,7451
444.0894,263.1079,4:59:06:875350,7450
444.1877,261.7961,4:59:06:879516,7443
444.2861,260.3095,4:59:06:883522,7442
444.3599,258.9103,4:59:06:887524,7438
444.4337,257.4528,4:59:06:891522,7433
444.4828,255.937,4:59:06:895599,7426
444.5566,254.4212,4:59:06:899522,7420
444.6304,252.9054,4:59:06:903712,7414
444.655,251.4187,4:59:06:906722,7407
444.655,249.9321,4:59:06:911967,7398
444.655,248.562,4:59:06:914977,7388
444.655,247.0754,4:59:06:919181,7379
444.6796,245.6762,4:59:06:922978,7369
444.6796,244.3062,4:59:06:928015,7358
444.6796,243.0235,4:59:06:931029,7355
444.7042,241.8575,4:59:06:935961,7350
444.7042,240.8082,4:59:06:938970,7346
444.7534,239.7879,4:59:06:944099,7346
444.8026,238.9134,4:59:06:947112,7339
444.8271,238.0972,4:59:06:951115,7336
444.9009,237.3976,4:59:06:955121,7335
444.9747,236.7563,4:59:06:959235,7335
444.9993,236.2025,4:59:06:963109,7335
444.9993,235.6486,4:59:06:967871,7332
445.0485,235.1822,4:59:06:970881,7328
445.0485,234.7158,4:59:06:974882,7329
445.0977,234.3077,4:59:06:978879,7325
445.0977,233.9579,4:59:06:982910,7325
445.0977,233.5789,4:59:06:986881,7326
445.0977,233.2583,4:59:06:991523,7323
445.1223,232.9377,4:59:06:995533,7322
445.1223,232.617,4:59:06:999539,7322
445.1223,232.3546,4:59:07:003535,7324
445.1469,232.0632,4:59:07:008070,7323
445.1469,231.83,4:59:07:011080,7327
445.1469,231.6259,4:59:07:015106,7328
445.1469,231.4218,4:59:07:019080,7330
445.1469,231.2761,4:59:07:023382,7334
445.1469,231.1595,4:59:07:027080,7339
445.1469,231.0721,4:59:07:031080,7346
445.1469,231.0137,4:59:07:035080,7358
445.1469,230.9554,4:59:07:040080,7372
445.1469,230.9554,4:59:07:043090,7392
445.1469,230.9263,4:59:07:048093,7412
445.1469,230.9263,4:59:07:051089,7430
445.1469,230.9263,4:59:07:055096,7446
445.1469,230.9263,4:59:07:059104,7456
445.1469,230.868,4:59:07:063826,7461
445.1469,230.868,4:59:07:067348,7459
445.1469,230.868,4:59:07:071444,7458
445.1469,230.868,4:59:07:075349,7451
445.1469,230.868,4:59:07:079614,7445
445.1469,230.868,4:59:07:083148,7440
445.1469,230.868,4:59:07:087892,7432
445.1469,230.868,4:59:07:091164,7426
445.1469,230.868,4:59:07:095316,7420
445.1469,230.868,4:59:07:099163,7414
445.1469,230.868,4:59:07:104165,7407
445.1469,230.868,4:59:07:107163,7402
445.1469,230.868,4:59:07:111823,7404
445.1469,231.5385,4:59:07:114834,7410
445.1469,231.5385,4:59:07:119809,7422
445.1469,232.4421,4:59:07:122925,7438
445.1469,233.0834,4:59:07:127926,7451
445.1469,233.8996,4:59:07:130926,7469
445.1469,234.8615,4:59:07:135928,7486
445.1469,235.9693,4:59:07:138926,7505
444.778,237.1644,4:59:07:143827,7528
444.778,238.5053,4:59:07:147330,7555
444.778,239.9045,4:59:07:151452,7592
444.778,241.4203,4:59:07:155978,7635
444.532,243.0527,4:59:07:159224,7691
444.532,244.8017,4:59:07:163224,7750
444.532,246.6382,4:59:07:167224,7813
444.4091,248.4454,4:59:07:171255,7875
444.4091,250.4568,4:59:07:175555,7931
444.4091,252.5264,4:59:07:179566,7990
444.3353,254.6835,4:59:07:183567,8046
444.2861,256.899,4:59:07:187586,8099
444.2369,259.1726,4:59:07:191565,8143
444.1877,261.3881,4:59:07:195572,8171
444.1631,263.6326,4:59:07:199713,8185
444.114,265.9937,4:59:07:202723,8191
444.0894,268.2383,4:59:07:207655,8191
444.0894,270.3662,4:59:07:211614,8191
444.0894,272.4942,4:59:07:215915,8191
444.0894,274.4472,4:59:07:218913,8191
444.0894,276.3128,4:59:07:223011,8191
444.0894,278.0619,4:59:07:226915,8191
444.0894,279.7817,4:59:07:231899,8191
444.0894,281.3267,4:59:07:234942,8191
444.0894,282.7841,4:59:07:239807,8191
444.0894,284.0959,4:59:07:242818,8191
444.0894,285.3785,4:59:07:247817,8191
444.0894,286.632,4:59:07:250817,8191
444.0894,287.7397,4:59:07:255817,8191
444.0894,288.7307,4:59:07:258818,8191
444.0894,289.6635,4:59:07:265212,8191
444.0894,290.5381,4:59:07:267211,8191
443.4253,291.4125,4:59:07:272211,8191
443.4253,292.2288,4:59:07:275209,8191
443.4253,292.9283,4:59:07:279209,8191
443.0072,293.5405,4:59:07:283210,8191
443.0072,294.0652,4:59:07:287249,8191
443.0072,294.5608,4:59:07:290943,8191
442.6875,294.9106,4:59:07:294951,8191
442.6875,295.2312,4:59:07:298962,8191
442.6875,295.4061,4:59:07:303679,8191
442.6875,295.5227,4:59:07:306721,8150
442.6875,295.5518,4:59:07:311626,8029
442.6875,295.5518,4:59:07:314956,7801
442.6875,295.5518,4:59:07:319677,7431
442.6875,295.5518,4:59:07:322687,6869
442.6875,295.5518,4:59:07:327685,6167
442.6875,295.5518,4:59:07:330688,5394
442.6875,294.8231,4:59:07:335811,4529
442.6875,294.8231,4:59:07:338822,3629
442.6875,294.1526,4:59:07:343169,2538
442.6875,294.1526,4:59:07:347172,1492
442.6875,293.249,4:59:07:351184,680
442.6875,293.249,4:59:07:355195,0
442.6875,292.5786,4:59:07:359673,0
442.6875,292.5786,4:59:07:362686,0
442.6875,292.1122,4:59:07:368561,0
442.6875,292.1122,4:59:07:371561,0
442.6875,291.7332,4:59:07:375562,0
442.171,291.4709,4:59:07:379562,0
442.171,291.1502,4:59:07:383626,0
442.171,290.5963,4:59:07:387561,0
442.171,289.9259,4:59:07:391673,0
442.171,289.1389,4:59:07:395683,0
442.171,288.2643,4:59:07:399718,0
442.958,287.1566,4:59:07:403723,0
442.958,285.9323,4:59:07:407807,0
443.745,284.6206,4:59:07:410804,0
444.3107,283.2214,4:59:07:414895,0
444.9993,281.8222,4:59:07:418806,0
445.7863,280.3355,4:59:07:423672,0
446.6471,278.8489,4:59:07:426683,0
447.6554,277.4206,4:59:07:431680,0
448.59,275.9922,4:59:07:435688,0
449.5246,274.6805,4:59:07:439700,0
450.4837,273.4853,4:59:07:442691,0
451.5659,272.4067,4:59:07:447688,0
452.4512,271.3865,4:59:07:450691,0
453.312,270.512,4:59:07:455736,0
454.1482,269.7541,4:59:07:459745,0
455.009,268.9962,4:59:07:463200,0
455.8943,268.5006,4:59:07:467321,0
456.9273,268.0051,4:59:07:471202,0
457.9356,267.5387,4:59:07:475202,0
458.8948,267.1306,4:59:07:479202,0
459.9769,266.7516,4:59:07:483228,0
461.182,266.4019,4:59:07:487202,0
462.4117,266.1686,4:59:07:491202,0
463.666,265.9063,4:59:07:495856,0
464.994,265.644,4:59:07:498863,0
466.1991,265.3524,4:59:07:503189,0
467.4534,265.0901,4:59:07:507095,0
468.5847,264.7403,4:59:07:511096,0
469.6914,264.4488,4:59:07:515117,0
470.7244,264.0699,4:59:07:519715,0
471.6343,263.7201,4:59:07:523032,0
472.4459,263.3411,4:59:07:527630,0
473.1346,262.9038,4:59:07:530784,0
473.7248,262.4958,4:59:07:534784,0
474.2659,262.0876,4:59:07:538784,0
474.6594,261.6504,4:59:07:542867,0
474.9545,261.184,4:59:07:546786,0
475.2004,260.8342,4:59:07:551682,0
475.3972,260.4261,4:59:07:554692,0
475.5693,260.018,4:59:07:558905,0
475.6923,259.639,4:59:07:562818,0
475.8153,259.2601,4:59:07:566814,0
475.9137,258.9103,4:59:07:570818,0
476.0366,258.5605,4:59:07:575630,0
476.135,258.269,4:59:07:578974,0
476.2334,257.9483,4:59:07:582797,0
476.2826,257.6277,4:59:07:587731,0
476.2826,257.307,4:59:07:591729,0
476.3318,256.9864,4:59:07:595729,0
476.3318,256.6075,4:59:07:599727,0
476.3318,256.1993,4:59:07:602729,0
476.3318,255.8204,4:59:07:607681,0
476.3318,255.4706,4:59:07:611011,0
476.3318,255.1208,4:59:07:615013,0
476.3318,254.7419,4:59:07:619013,0
476.3318,254.392,4:59:07:623013,0
476.3318,254.0131,4:59:07:627060,0
476.3318,253.6342,4:59:07:631071,0
476.3318,253.3135,4:59:07:634899,0
476.3318,252.9346,4:59:07:638901,0
476.8974,252.5264,4:59:07:642899,0
477.3893,252.1475,4:59:07:648038,0
477.9058,251.7977,4:59:07:651050,0
478.5206,251.4479,4:59:07:655508,0
479.1846,251.1272,4:59:07:659536,0
479.9716,250.8358,4:59:07:663506,0
480.7586,250.5443,4:59:07:667506,0
481.5456,250.2819,4:59:07:671506,0
482.3818,250.0195,4:59:07:675006,0
483.218,249.7572,4:59:07:679008,0
484.0788,249.524,4:59:07:682946,0
484.8166,249.3199,4:59:07:686945,0
485.5298,249.0576,4:59:07:690969,0
486.2184,248.8244,4:59:07:694947,0
486.8825,248.6203,4:59:07:699629,0
487.5465,248.358,4:59:07:702960,0
488.063,248.0956,4:59:07:707687,0
488.5302,247.7458,4:59:07:710720,0
488.9975,247.4252,4:59:07:715629,0
489.4648,247.0171,4:59:07:719100,0
489.9321,246.609,4:59:07:723179,0
490.3748,246.1134,4:59:07:727148,0
490.7929,245.6179,4:59:07:731245,0
491.1864,245.064,4:59:07:735151,0
491.5553,244.5102,4:59:07:739664,0
491.9488,243.9855,4:59:07:743674,0
492.3177,243.4317,4:59:07:747680,0
492.662,242.9361,4:59:07:750690,0
492.9817,242.4697,4:59:07:755691,0
493.2769,242.0616,4:59:07:760696,0
493.4982,241.6826,4:59:07:763692,0
493.7195,241.3911,4:59:07:767619,0
493.9409,241.0997,4:59:07:771627,0
494.1376,240.8373,4:59:07:774983,0
494.2606,240.6041,4:59:07:778982,0
494.3344,240.4292,4:59:07:783012,0
494.4819,240.2543,4:59:07:786981,0
494.5065,240.0211,4:59:07:791583,1923
494.5311,239.7879,4:59:07:795594,1959
494.5311,239.5255,4:59:07:799645,2067
494.5557,239.3215,4:59:07:803640,2240
494.5557,239.0883,4:59:07:807641,2465
494.5557,238.9134,4:59:07:811639,2696
494.6049,238.7677,4:59:07:815624,2897
494.6049,238.6219,4:59:07:819137,3082
494.6049,238.5053,4:59:07:823756,3259
494.6049,238.4762,4:59:07:826763,3420
494.6049,238.4762,4:59:07:831850,3551
494.6049,238.4762,4:59:07:835850,3627
494.6049,238.4762,4:59:07:838934,3685
494.6049,238.4762,4:59:07:843848,3753
494.6049,238.4762,4:59:07:847624,3839
494.6049,239.4381,4:59:07:851635,3954
494.6049,239.4381,4:59:07:855676,4065
494.6049,240.6915,4:59:07:858689,4160
494.6049,241.5369,4:59:07:863686,4252
494.6049,242.5863,4:59:07:867684,4342
494.6049,243.7231,4:59:07:871686,4432
494.6049,244.9474,4:59:07:875696,4519
494.6049,246.23,4:59:07:879973,4602
494.6049,247.6001,4:59:07:883965,4695
494.6049,249.0576,4:59:07:888141,4793
494.6049,250.3985,4:59:07:891151,4894
494.6049,251.8268,4:59:07:895150,4992
494.6049,253.3427,4:59:07:899151,5064
494.6049,254.8293,4:59:07:903192,5134
494.6049,256.3159,4:59:07:907151,5185
494.6049,257.7151,4:59:07:911126,5232
494.6049,259.0852,4:59:07:915162,5283
494.6049,260.3678,4:59:07:919686,5322
494.1868,261.6795,4:59:07:922699,5367
494.1868,262.8164,4:59:07:927685,5408
494.1868,263.8366,4:59:07:930777,5444
494.1868,264.682,4:59:07:934855,5480
494.1868,265.3816,4:59:07:938777,5511
494.1868,265.9646,4:59:07:942872,5539
494.1868,266.4019,4:59:07:947779,5567
494.1868,266.7808,4:59:07:951143,5596
494.1868,267.014,4:59:07:955140,5632
494.1868,267.1598,4:59:07:959142,5686
494.1868,267.2763,4:59:07:963143,5782
494.1868,267.3055,4:59:07:967688,5908
494.1868,267.3055,4:59:07:971697,6064
494.1868,267.3055,4:59:07:975308,6240
494.1868,267.3055,4:59:07:979202,6389
494.1868,267.3055,4:59:07:983284,6502
494.1868,267.3055,4:59:07:987207,6590
494.1868,267.3055,4:59:07:991814,6639
494.1868,266.4601,4:59:07:994825,6678
494.1868,266.4601,4:59:07:999824,6716
494.1868,265.6731,4:59:08:002825,6742
494.1868,265.1193,4:59:08:007824,6760
493.5228,264.4488,4:59:08:010827,6772
493.5228,263.7201,4:59:08:014785,6782
492.7604,262.933,4:59:08:018836,6789
492.2931,262.1459,4:59:08:023858,6791
491.752,261.4172,4:59:08:026874,6793
491.1864,260.6302,4:59:08:030868,6797
490.5961,259.9597,4:59:08:034869,6797
490.0059,259.3767,4:59:08:038869,6802
489.4156,258.852,4:59:08:042871,6804
488.85,258.5022,4:59:08:047673,6805
488.2597,258.1815,4:59:08:050885,6804
487.6203,258.0358,4:59:08:054928,6801
487.0054,257.9483,4:59:08:058856,6794
486.3414,257.9483,4:59:08:062851,6788
485.6282,257.9483,4:59:08:066855,6783
484.915,257.9483,4:59:08:071266,6777
484.2509,257.9483,4:59:08:075276,6776
483.5131,258.9395,4:59:08:079302,6773
482.8245,258.9395,4:59:08:083276,6775
482.1605,259.9305,4:59:08:087293,6775
481.5456,260.601,4:59:08:091303,6778
480.9062,261.3006,4:59:08:095874,6780
480.3405,262.1459,4:59:08:098881,6779
479.7995,263.1079,4:59:08:103682,6790
479.2584,264.1573,4:59:08:107692,6799
478.7665,265.2942,4:59:08:111693,6805
478.3239,266.5185,4:59:08:115693,6816
477.8812,267.8302,4:59:08:119684,6820
477.4877,269.1128,4:59:08:122704,6826
477.1433,270.4828,4:59:08:127473,6834
476.8482,271.882,4:59:08:131380,6844
476.6761,273.3104,4:59:08:135387,6853
476.5039,274.7096,4:59:08:139375,6866
476.4793,276.1379,4:59:08:143414,6875
476.4793,277.4789,4:59:08:147441,6883
476.4793,278.8198,4:59:08:151629,6891
476.4793,280.044,4:59:08:155425,6895
477.3893,281.2683,4:59:08:158842,6902
477.9549,282.3469,4:59:08:162850,6915
478.6927,283.3672,4:59:08:166880,6928
479.6273,284.3291,4:59:08:170859,6935
480.734,285.1744,4:59:08:175761,6949
481.9883,285.9615,4:59:08:179771,6952
483.4148,286.6902,4:59:08:182845,6960
485.0625,287.3315,4:59:08:186868,6967
486.9071,287.8563,4:59:08:191418,6969
488.85,288.2061,4:59:08:195428,6976
490.9158,288.4684,4:59:08:199518,6977
492.9325,288.6141,4:59:08:203428,6980
494.9738,288.6725,4:59:08:207439,6986
496.9905,288.6725,4:59:08:211426,6992
498.9334,288.6725,4:59:08:215667,6999
500.7288,288.6725,4:59:08:218679,7011
502.3028,287.9146,4:59:08:223621,7024
503.803,287.9146,4:59:08:227575,7050
505.131,287.2441,4:59:08:231568,7092
506.2869,287.2441,4:59:08:235578,7152
507.2461,286.5445,4:59:08:239575,7241
508.0577,286.5445,4:59:08:243578,7359
508.6479,285.9615,4:59:08:247771,7508
509.1152,285.9615,4:59:08:250782,7673
509.4349,285.5534,4:59:08:256783,7841
509.6317,285.5534,4:59:08:259781,7993
509.6809,285.5534,4:59:08:264144,8098
509.7055,285.291,4:59:08:267153,8164
509.7055,285.291,4:59:08:271596,8191
509.7055,285.291,4:59:08:275594,8191
509.7055,285.291,4:59:08:279593,8191
509.1152,285.291,4:59:08:283594,8191
509.1152,285.291,4:59:08:287622,8191
508.3282,285.9323,4:59:08:291631,8191
507.8363,285.9323,4:59:08:295633,8191
507.2215,286.6902,4:59:08:299631,8191
506.5329,287.2441,4:59:08:303633,8191
505.7705,287.8854,4:59:08:307631,8191
505.0327,288.585,4:59:08:311677,8191
504.2457,289.372,4:59:08:314688,8191
503.5324,290.3048,4:59:08:318893,8191
502.77,291.296,4:59:08:322925,8191
502.0814,292.4328,4:59:08:326924,8191
501.3928,293.6571,4:59:08:330904,8191
500.7534,294.9688,4:59:08:335673,8191
500.1631,296.2806,4:59:08:338684,8191
499.5237,297.709,4:59:08:343485,8191
499.0072,299.1373,4:59:08:347485,8191
498.5399,300.5948,4:59:08:351485,8191
498.1218,301.9648,4:59:08:355485,8191
497.7775,303.2474,4:59:08:359533,8191
497.4578,304.4426,4:59:08:363543,8191
497.1873,305.5794,4:59:08:367581,8191
496.9905,306.5706,4:59:08:371486,8191
496.8675,307.445,4:59:08:375483,8191
496.7446,308.2029,4:59:08:379481,8191
496.6462,308.8442,4:59:08:383158,8191
496.597,309.369,4:59:08:387175,8138
496.5724,309.777,4:59:08:391515,8019
496.5232,310.0977,4:59:08:395533,7832
496.4986,310.2726,4:59:08:399531,7564
496.474,310.4767,4:59:08:403541,7256
496.4494,310.6224,4:59:08:407550,6874
496.4494,310.6807,4:59:08:411564,6378
496.4002,310.6807,4:59:08:415817,5798
496.3757,310.6807,4:59:08:418827,5167
496.3757,310.6807,4:59:08:422832,4495
496.3019,310.6807,4:59:08:426826,3831
496.2281,310.6807,4:59:08:430826,3167
496.1297,309.9228,4:59:08:435001,2445
496.0313,309.9228,4:59:08:439012,1671
495.8838,309.3106,4:59:08:443013,971
495.7116,309.3106,4:59:08:446952,434
495.4657,308.7568,4:59:08:450877,0
495.1952,308.7568,4:59:08:454876,0
494.8754,308.3195,4:59:08:458877,0
494.5557,308.3195,4:59:08:463684,0
494.1868,307.9406,4:59:08:466888,0
493.7441,307.9406,4:59:08:471516,0
493.326,307.5034,4:59:08:475517,0
492.9079,307.241,4:59:08:479515,0
492.5144,306.9203,4:59:08:483553,0
492.1209,306.5414,4:59:08:487883,0
491.7766,306.1042,4:59:08:490894,0
491.4815,305.6086,4:59:08:494896,0
491.1618,305.113,4:59:08:498893,0
490.8421,304.5009,4:59:08:502924,0
490.5469,303.9179,4:59:08:506896,0
490.2026,303.2766,4:59:08:511679,0
489.8583,302.6645,4:59:08:515690,0
489.514,302.0232,4:59:08:519690,0
489.0959,301.4402,4:59:08:522692,0
488.7024,300.8571,4:59:08:527848,0
488.3581,300.3325,4:59:08:530914,0
488.0138,299.8952,4:59:08:534913,0
487.7187,299.4288,4:59:08:538916,0
487.4481,299.1082,4:59:08:542988,0
487.2514,298.8167,4:59:08:546915,0
487.1038,298.5251,4:59:08:551678,0
487.0792,298.2628,4:59:08:554999,0
487.03,298.0296,4:59:08:559679,0
487.03,297.7381,4:59:08:562689,0
487.03,297.4466,4:59:08:567689,0
487.03,297.0968,4:59:08:570693,0
487.03,296.747,4:59:08:575687,0
487.8416,296.368,4:59:08:578994,0
487.8416,295.96,4:59:08:583707,0
488.6532,295.5227,4:59:08:587712,0
489.1697,295.1146,4:59:08:591735,0
489.7354,294.6482,4:59:08:595713,0
490.2518,294.2401,4:59:08:599632,0
490.7929,293.8903,4:59:08:603037,0
491.2848,293.5114,4:59:08:607685,0
491.752,293.1907,4:59:08:610695,0
492.1947,292.8409,4:59:08:615110,0
492.5882,292.5786,4:59:08:619107,0
492.9817,292.4037,4:59:08:623108,0
493.326,292.2579,4:59:08:627105,0
493.5966,292.1122,4:59:08:631678,0
493.8425,291.9955,4:59:08:634688,0
494.0638,291.8789,4:59:08:639626,0
494.2114,291.8498,4:59:08:643125,0
494.3344,291.8206,4:59:08:647289,0
494.4327,291.7624,4:59:08:651204,0
494.5065,291.704,4:59:08:655237,2201
494.5557,291.6749,4:59:08:659204,2247
494.6049,291.5875,4:59:08:663546,2341
494.6541,291.5,4:59:08:667545,2477
494.7525,291.4125,4:59:08:671547,2654
494.8508,291.2668,4:59:08:675547,2834
494.9492,291.1211,4:59:08:679673,3021
495.0722,291.0045,4:59:08:683683,3214
495.1952,290.8587,4:59:08:687682,3406
495.3181,290.6547,4:59:08:691698,3580
495.4411,290.4797,4:59:08:695683,3722
495.5641,290.334,4:59:08:698683,3836
495.6378,290.2174,4:59:08:704090,3930
495.687,290.1008,4:59:08:707100,4011
495.7116,290.0717,4:59:08:711137,4089
495.7116,289.9842,4:59:08:715100,4165
495.7116,289.9842,4:59:08:719183,4233
495.7116,289.9842,4:59:08:723115,4305
495.7116,289.9842,4:59:08:727675,4379
495.7116,289.9842,4:59:08:731191,4466
495.7116,289.9842,4:59:08:735193,4575
495.1214,289.9842,4:59:08:739190,4690
495.1214,289.9842,4:59:08:743190,4831
494.4819,289.9842,4:59:08:747196,4981
493.9901,290.713,4:59:08:751674,5146
493.3998,290.713,4:59:08:755682,5332
492.7112,291.296,4:59:08:759154,5527
491.875,291.296,4:59:08:763165,5744
490.9404,292.1704,4:59:08:767152,5965
489.9321,292.7243,4:59:08:772152,6180
488.8254,293.3656,4:59:08:775784,6378
487.5465,294.0944,4:59:08:779806,6550
486.0709,294.998,4:59:08:782801,6692
484.4477,295.96,4:59:08:787792,6815
482.6277,296.951,4:59:08:790793,6920
480.6602,298.117,4:59:08:795810,7006
478.5452,299.2539,4:59:08:799690,7076
476.258,300.449,4:59:08:802711,7129
473.8232,301.6442,4:59:08:807702,7159
471.29,302.8685,4:59:08:810703,7171
468.6585,304.0928,4:59:08:815700,7179
466.027,305.2879,4:59:08:819698,7181
463.4446,306.4248,4:59:08:823901,7179
460.8623,307.5325,4:59:08:826903,7182
458.3537,308.5819,4:59:08:831673,7178
455.9189,309.573,4:59:08:835683,7175
453.6071,310.4767,4:59:08:839703,7166
451.5167,311.2346,4:59:08:842683,7135
449.6475,311.9925,4:59:08:847681,7069
447.9506,312.5754,4:59:08:850683,6951
446.4258,313.1002,4:59:08:855673,6772
445.1469,313.5374,4:59:08:859682,6527
444.0648,313.8872,4:59:08:863683,6213
443.204,314.1204,4:59:08:866685,5854
442.5154,314.3245,4:59:08:871683,5477
442.0481,314.441,4:59:08:875683,5097
441.6792,314.4994,4:59:08:879693,4696
441.4578,314.4994,4:59:08:882699,4213
441.3348,314.4994,4:59:08:887322,3631
441.2856,314.4994,4:59:08:891332,2909
441.2856,314.4994,4:59:08:895587,2014
441.2856,313.7997,4:59:08:898797,1180
441.2856,313.7997,4:59:08:902851,533
441.2856,313.0127,4:59:08:906832,0
441.9005,313.0127,4:59:08:910899,0
441.9005,312.0216,4:59:08:914833,0
441.9005,311.4677,4:59:08:919619,0
441.9005,310.7973,4:59:08:922916,0
441.9005,310.0977,4:59:08:927667,0
441.9005,309.3106,4:59:08:931029,0
440.8922,308.4653,4:59:08:935547,0
440.2527,307.5325,4:59:08:939449,0
439.4657,306.5122,4:59:08:943448,0
438.6295,305.3463,4:59:08:947449,0
437.7196,304.0928,4:59:08:951856,0
436.8096,302.8102,4:59:08:954886,0
435.8996,301.3527,4:59:08:958924,0
434.9651,299.8077,4:59:08:962935,0
434.1289,298.117,4:59:08:966937,0
433.2435,296.3972,4:59:08:970937,0
432.3827,294.619,4:59:08:975683,0
431.4727,292.6952,4:59:08:979693,0
430.5382,290.8587,4:59:08:983705,0
429.5052,288.9348,4:59:08:987675,0
428.4969,287.04,4:59:08:990685,0
427.3656,285.1744,4:59:08:995683,0
426.1359,283.3963,4:59:08:999883,0
424.6849,281.589,4:59:09:002885,0
423.1355,279.8983,4:59:09:006883,0
421.4631,278.3825,4:59:09:010885,0
419.6432,276.8084,4:59:09:015882,0
417.7003,275.3509,4:59:09:019624,0
415.5114,273.8643,4:59:09:022946,0
413.1996,272.4942,4:59:09:027677,0
410.691,271.1241,4:59:09:030769,0
408.0841,269.6958,4:59:09:035090,0
405.305,268.2675,4:59:09:039024,0
402.4767,266.7516,4:59:09:043025,0
399.4763,265.1193,4:59:09:047023,0
396.3529,263.3411,4:59:09:051022,0
393.1557,261.5338,4:59:09:055023,0
389.8601,259.6099,4:59:09:058827,0
386.5646,257.5694,4:59:09:062878,0
383.2936,255.4998,4:59:09:067676,0
379.8997,253.3718,4:59:09:071685,0
376.2844,251.1855,4:59:09:074730,0
372.9642,249.1742,4:59:09:078766,0
369.6195,247.1628,4:59:09:083691,0
366.2747,245.3555,4:59:09:086723,0
363.0529,243.6066,4:59:09:091625,0
359.9049,242.0616,4:59:09:095390,0
356.7569,240.6624,4:59:09:099404,0
353.9041,239.3506,4:59:09:103403,0
351.1742,238.2138,4:59:09:107414,0
348.3951,237.1061,4:59:09:111403,0
345.6406,236.1441,4:59:09:115673,0
342.9598,235.1239,4:59:09:118686,0
340.2299,234.1619,4:59:09:123624,0
337.4262,233.2,4:59:09:127455,0
334.6472,232.3255,4:59:09:131614,0
331.8189,231.3927,4:59:09:135503,0
329.0152,230.5182,4:59:09:139506,0
326.2115,229.6437,4:59:09:143504,0
323.4816,228.7984,4:59:09:147677,0
320.8009,227.9821,4:59:09:150686,0
318.1447,227.2242,4:59:09:155678,0
315.6608,226.4372,4:59:09:159691,0
313.2014,225.6793,4:59:09:163688,0
310.742,225.038,4:59:09:166689,0
308.381,224.3676,4:59:09:171700,0
306.0938,223.6971,4:59:09:174689,0
303.8312,223.0558,4:59:09:179667,0
301.7161,222.5311,4:59:09:182677,0
299.724,222.0647,4:59:09:187618,0
297.8795,221.5692,4:59:09:191628,0
296.1088,221.2193,4:59:09:195628,0
294.5594,220.8404,4:59:09:199629,0
293.1821,220.5197,4:59:09:203626,0
291.9524,220.2865,4:59:09:207628,0
290.8457,220.0533,4:59:09:211623,0
289.9111,219.8784,4:59:09:215661,0
289.075,219.6452,4:59:09:219669,0
288.3125,219.4995,4:59:09:223679,0
287.6977,219.412,4:59:09:227677,0
287.1075,219.2955,4:59:09:231679,0
286.5664,219.1788,4:59:09:235908,0
286.0745,219.0623,4:59:09:238919,0
285.6564,218.9165,4:59:09:242921,0
285.2875,218.7708,4:59:09:246917,0
285.017,218.5959,4:59:09:250921,0
284.8202,218.3918,4:59:09:254919,0
284.6972,218.1295,4:59:09:259622,0
284.6972,217.9254,4:59:09:262900,0
284.6972,217.6339,4:59:09:267669,0
284.6972,217.3132,4:59:09:271678,0
284.6972,216.9635,4:59:09:275070,0
285.4351,216.6136,4:59:09:280081,0
285.4351,216.293,4:59:09:283630,0
286.0991,215.9432,4:59:09:287645,0
286.0991,215.6225,4:59:09:291625,0
286.7631,215.3311,4:59:09:295641,0
286.7631,215.0979,4:59:09:299684,0
287.2796,214.9229,4:59:09:303693,0
287.2796,214.7772,4:59:09:307968,0
287.6977,214.6606,4:59:09:311489,0
287.6977,214.6315,4:59:09:315723,0
287.6977,214.544,4:59:09:318725,0
287.6977,214.544,4:59:09:323723,0
287.6977,214.5148,4:59:09:326725,0
287.6977,214.4857,4:59:09:331760,0
287.6977,214.4857,4:59:09:334772,0
287.0583,214.3983,4:59:09:338801,0
287.0583,214.2816,4:59:09:342772,0
286.4434,214.2233,4:59:09:347770,0
286.4434,214.0776,4:59:09:351008,0
285.7056,213.8444,4:59:09:355029,0
285.2875,213.6112,4:59:09:359018,0
284.9186,213.4072,4:59:09:363676,0
284.5005,213.1156,4:59:09:367040,0
284.107,212.8533,4:59:09:371669,0
283.6889,212.6201,4:59:09:375680,0
283.32,212.3577,4:59:09:379677,0
282.9511,212.1828,4:59:09:383679,0
282.6068,212.0371,4:59:09:387680,0
282.287,211.9205,4:59:09:390679,0
281.9427,211.8913,4:59:09:395767,0
281.5984,211.8913,4:59:09:398778,0
281.3279,211.8913,4:59:09:403776,0
281.082,211.8913,4:59:09:406777,0
280.8114,211.8913,4:59:09:411981,1387
280.6639,211.8913,4:59:09:415496,1426
280.5163,211.8913,4:59:09:418805,1514
280.4179,211.8913,4:59:09:422850,1628
280.3441,211.8913,4:59:09:427647,1781
280.3195,211.8913,4:59:09:431609,1934
280.3195,211.8913,4:59:09:435677,2074
280.3195,211.8913,4:59:09:439193,2222
280.3195,211.8913,4:59:09:443194,2352
280.3195,211.8913,4:59:09:447193,2460
280.3195,211.8913,4:59:09:451193,2550
280.3195,211.8913,4:59:09:455193,2611
280.3195,211.8913,4:59:09:459620,2666
280.7868,211.8913,4:59:09:463256,2714
280.7868,211.8913,4:59:09:467668,2767
280.7868,211.8913,4:59:09:471009,2834
281.4755,211.8913,4:59:09:475677,2913
281.8444,211.8913,4:59:09:479092,3005
282.3116,211.8913,4:59:09:483094,3105
282.9265,211.8913,4:59:09:487094,3214
283.5659,211.8913,4:59:09:492094,3317
284.2791,212.6492,4:59:09:495094,3428
285.1399,212.6492,4:59:09:499684,3533
286.0007,212.6492,4:59:09:502720,3630
286.9845,213.3197,4:59:09:507219,3734
288.0174,213.3197,4:59:09:511225,3827
289.1241,213.3197,4:59:09:515680,3932
290.3538,213.8444,4:59:09:518690,4041
291.6573,213.8444,4:59:09:523688,4143
293.0591,214.1359,4:59:09:526691,4242
294.5102,214.1359,4:59:09:531688,4334
295.9366,214.1359,4:59:09:534691,4416
297.4368,214.1359,4:59:09:539423,4494
299.0108,214.34,4:59:09:543333,4565
300.5848,214.34,4:59:09:547337,4614
302.2572,214.4274,4:59:09:551333,4655
303.9296,214.4274,4:59:09:555624,4694
305.6265,214.4857,4:59:09:559632,4729
307.3727,214.5148,4:59:09:563369,4772
309.1926,214.5732,4:59:09:567369,4817
310.988,214.6606,4:59:09:571369,4855
312.8325,214.6897,4:59:09:575368,4884
314.677,214.8064,4:59:09:578974,4911
316.5216,214.9521,4:59:09:582985,4942
318.3661,215.0979,4:59:09:587020,4978
320.2352,215.2144,4:59:09:590984,5027
322.1535,215.4476,4:59:09:595986,5079
324.0226,215.6517,4:59:09:598984,5128
325.8672,215.8849,4:59:09:603660,5182
327.6871,216.1472,4:59:09:607671,5244
329.5562,216.4096,4:59:09:611816,5306
331.4254,216.672,4:59:09:614826,5370
333.3929,216.9052,4:59:09:618951,5429
335.3604,217.2258,4:59:09:622831,5474
337.3525,217.5173,4:59:09:626826,5537
339.4183,217.7796,4:59:09:630829,5600
341.5826,218.1003,4:59:09:635624,5666
343.7223,218.3627,4:59:09:638837,5734
345.8619,218.6541,4:59:09:642836,5784
347.9524,219.004,4:59:09:646837,5835
350.0428,219.3246,4:59:09:650837,5885
352.1087,219.6161,4:59:09:654838,5934
354.1008,219.8784,4:59:09:659668,5974
355.9945,220.17,4:59:09:663678,6012
357.8391,220.4615,4:59:09:666930,6057
359.6836,220.6947,4:59:09:670937,6101
361.5773,220.9861,4:59:09:674940,6160
363.471,221.2485,4:59:09:678937,6214
365.4139,221.54,4:59:09:683549,6253
367.3814,221.8024,4:59:09:687573,6301
369.3981,222.1521,4:59:09:691418,6332
371.587,222.4436,4:59:09:695988,6367
373.8742,222.7643,4:59:09:700140,6398
376.186,223.1141,4:59:09:703150,6423
378.4978,223.4639,4:59:09:707154,6446
380.8096,223.8137,4:59:09:711150,6459
383.146,224.1635,4:59:09:715149,6480
385.4579,224.5716,4:59:09:719151,6496
387.6713,224.9505,4:59:09:723034,6518
389.8601,225.3295,4:59:09:727072,6551
391.9506,225.6793,4:59:09:731671,6585
394.0411,226.0291,4:59:09:734679,6628
396.1069,226.3206,4:59:09:739681,6675
398.2466,226.6121,4:59:09:742681,6718
400.3617,226.9036,4:59:09:747679,6758
402.5259,227.166,4:59:09:750681,6797
404.7639,227.3992,4:59:09:755671,6831
407.1003,227.6032,4:59:09:758682,6854
409.5105,227.8364,4:59:09:763731,6877
411.9453,228.0113,4:59:09:766729,6890
414.3555,228.2445,4:59:09:771729,6900
416.7903,228.4194,4:59:09:774739,6920
419.1513,228.6234,4:59:09:779671,6936
421.5615,228.7984,4:59:09:782682,6954
423.9471,228.9733,4:59:09:787698,6967
426.2835,229.1773,4:59:09:792679,6981
428.6691,229.3522,4:59:09:795682,6996
431.0547,229.498,4:59:09:799679,7006
433.5632,229.6437,4:59:09:803881,7021
436.0718,229.7894,4:59:09:806892,7030
438.6787,229.9352,4:59:09:811669,7037
441.3102,230.0518,4:59:09:815680,7043
443.9418,230.1976,4:59:09:819677,7046
446.5487,230.3433,4:59:09:823688,7050
449.0819,230.4599,4:59:09:827689,7051
451.5904,230.664,4:59:09:831688,7059
454.0498,230.8097,4:59:09:835689,7066
456.4846,230.9263,4:59:09:838688,7072
458.821,231.0721,4:59:09:843669,7081
461.2312,231.2178,4:59:09:847678,7085
463.6414,231.3053,4:59:09:851679,7091
466.027,231.4801,4:59:09:855679,7096
468.4618,231.6259,4:59:09:859679,7099
470.8965,231.7717,4:59:09:863679,7108
473.3313,231.8882,4:59:09:867677,7117
475.6923,232.034,4:59:09:871679,7126
478.0779,232.1797,4:59:09:874754,7140
480.3159,232.3255,4:59:09:878703,7145
482.5048,232.4713,4:59:09:883144,7149
484.6198,232.5878,4:59:09:887154,7156
486.6857,232.6753,4:59:09:891933,7156
488.727,232.8502,4:59:09:895941,7164
490.6207,232.9085,4:59:09:898945,7174
492.539,233.0251,4:59:09:902945,7179
494.4081,233.0834,4:59:09:907981,7191
496.2527,233.1709,4:59:09:910993,7198
498.1218,233.2,4:59:09:915670,7212
499.9417,233.2874,4:59:09:918680,7231
501.6879,233.3166,4:59:09:923669,7246
503.4095,233.3457,4:59:09:927677,7265
505.0573,233.4041,4:59:09:931679,7275
506.6313,233.4332,4:59:09:935680,7282
508.1315,233.4915,4:59:09:939700,7294
509.5333,233.5498,4:59:09:943677,7302
510.8368,233.5789,4:59:09:947355,7314
511.9927,233.6373,4:59:09:951318,7325
513.0256,233.6955,4:59:09:955319,7335
513.9602,233.7538,4:59:09:959316,7346
514.7718,233.8121,4:59:09:963594,7362
515.5342,233.8705,4:59:09:967606,7379
516.1245,233.8996,4:59:09:971374,7396
516.6163,233.987,4:59:09:975403,7413
516.9852,234.0162,4:59:09:979372,7431
517.3295,234.0453,4:59:09:983373,7452
517.5754,234.1037,4:59:09:987259,7468
517.7968,234.1037,4:59:09:991269,7484
517.9198,234.1037,4:59:09:995378,7496
517.9936,234.1037,4:59:09:999384,7505
518.0181,234.1037,4:59:10:003223,7514
518.0181,234.1037,4:59:10:007174,7525
518.0427,234.1328,4:59:10:011174,7531
518.0427,234.1328,4:59:10:015174,7543
518.0427,234.1328,4:59:10:019675,7557
518.0427,234.1328,4:59:10:022693,7567
518.0427,234.1328,4:59:10:027686,7579
518.0427,234.1328,4:59:10:030686,7584
518.0427,234.1328,4:59:10:035686,7593
518.0427,234.1328,4:59:10:039700,7603
518.0427,234.1328,4:59:10:043622,7620
518.0427,234.1328,4:59:10:046780,7637
518.0427,234.1328,4:59:10:051378,7658
518.0427,234.1328,4:59:10:055375,7685
518.0427,234.1328,4:59:10:059682,7711
518.0427,234.1328,4:59:10:062710,7743
518.0427,234.1328,4:59:10:067690,7780
518.0427,234.1328,4:59:10:071205,7824
518.0427,234.1328,4:59:10:075238,7874
518.0427,234.1328,4:59:10:079239,7930
518.0427,234.1328,4:59:10:083240,7981
518.0427,234.1328,4:59:10:087241,8027
518.0427,234.1328,4:59:10:091726,8067
518.0427,234.1328,4:59:10:095022,8097
518.0427,234.1328,4:59:10:099027,8127
518.0427,234.1328,4:59:10:103033,8150
518.0427,234.1328,4:59:10:107138,8164
518.0427,234.1328,4:59:10:111024,8177
518.0427,234.1328,4:59:10:115286,8181
518.0427,234.1328,4:59:10:119287,8184
518.0427,234.1328,4:59:10:123324,8186
518.0427,234.1328,4:59:10:127287,8186
518.0427,234.1328,4:59:10:131289,8186
518.0427,234.1328,4:59:10:135287,8184
518.0427,234.1328,4:59:10:139672,8182
518.0427,234.1328,4:59:10:143682,8176
518.0427,234.1328,4:59:10:147621,8162
518.0427,234.1328,4:59:10:151335,8127
518.0427,234.1328,4:59:10:156021,8059
518.0427,234.1328,4:59:10:159541,7938
518.0427,234.1328,4:59:10:163615,7760
518.0427,234.1328,4:59:10:167539,7524
518.0427,234.1328,4:59:10:171540,7209
518.0427,234.1328,4:59:10:175539,6780
518.0427,234.1328,4:59:10:179677,6210
518.0427,234.1328,4:59:10:183684,5552
518.0427,234.1328,4:59:10:187622,4790
518.0427,234.1328,4:59:10:191624,3917
517.5263,234.1328,4:59:10:195704,2831
517.2065,234.1328,4:59:10:198705,1714
516.7393,234.1328,4:59:10:203703,818
516.1245,234.1328,4:59:10:206714,0
515.2637,234.1328,4:59:10:211676,0
514.2061,234.1328,4:59:10:215686,0
513.0256,234.1328,4:59:10:219685,0
511.7468,234.1328,4:59:10:222689,0
510.4679,233.5498,4:59:10:227698,0
509.1398,233.5498,4:59:10:231995,0
507.9593,233.5498,4:59:10:235749,0
506.8772,233.5498,4:59:10:239753,0
505.8688,233.5498,4:59:10:243672,0
505.0573,233.5498,4:59:10:247682,0
504.3194,234.1619,4:59:10:251815,0
503.6554,234.1619,4:59:10:254817,0
503.0406,234.8033,4:59:10:259814,0
502.5241,234.8033,4:59:10:262818,0
502.0076,235.4154,4:59:10:267813,0
501.5895,235.4154,4:59:10:270813,0
501.5895,235.4154,4:59:10:289154,0
